-367.188 -117.188 -523.438 -476.562 976.562 179.688 -171.875 1609.375 265.625 468.750 2187.500 -257.812 1078.125 2289.062 750.000
-351.562 -328.125 -703.125 -468.750 687.500 203.125 -179.688 1406.250 273.438 375.000 2070.312 -242.188 1039.062 2273.438 695.312
-382.812 -710.938 -1039.062 -507.812 226.562 296.875 -140.625 992.188 414.062 320.312 1796.875 -187.500 632.812 2203.125 593.750
-382.812 -710.938 -1039.062 -507.812 226.562 296.875 -140.625 992.188 414.062 320.312 1796.875 -187.500 632.812 2203.125 593.750
-398.438 -898.438 -1195.312 -421.875 -125.000 375.000 -156.250 781.250 492.188 226.562 1585.938 -117.188 531.250 2171.875 554.688
-539.062 -1367.188 -1414.062 -289.062 -843.750 718.750 -156.250 304.688 679.688 93.750 1140.625 31.250 218.750 1789.062 406.250
-539.062 -1367.188 -1414.062 -289.062 -843.750 718.750 -156.250 304.688 679.688 93.750 1140.625 31.250 218.750 1789.062 406.250
-648.438 -1968.750 -1539.062 -101.562 -1289.062 1070.312 -39.062 -101.562 898.438 -23.438 796.875 234.375 -62.500 1140.625 234.375
-648.438 -1968.750 -1539.062 -101.562 -1289.062 1070.312 -39.062 -101.562 898.438 -23.438 796.875 234.375 -62.500 1140.625 234.375
-679.688 -2250.000 -1539.062 39.062 -1429.688 1218.750 101.562 -296.875 968.750 15.625 484.375 273.438 -210.938 968.750 210.938
-664.062 -2648.438 -1367.188 359.375 -1476.562 1500.000 140.625 -414.062 1117.188 -148.438 171.875 406.250 -507.812 562.500 148.438
-664.062 -2648.438 -1367.188 359.375 -1476.562 1500.000 140.625 -414.062 1117.188 -148.438 171.875 406.250 -507.812 562.500 148.438
-609.375 -2765.625 -1171.875 515.625 -1367.188 1593.750 226.562 -421.875 1117.188 -187.500 62.500 429.688 -640.625 296.875 156.250
-476.562 -2835.938 -710.938 539.062 -1117.188 1539.062 187.500 -375.000 1046.875 -265.625 7.812 460.938 -710.938 117.188 195.312
-476.562 -2835.938 -710.938 539.062 -1117.188 1539.062 187.500 -375.000 1046.875 -265.625 7.812 460.938 -710.938 117.188 195.312
-234.375 -2781.250 -210.938 484.375 -820.312 1375.000 140.625 -250.000 953.125 -234.375 46.875 523.438 -632.812 -23.438 320.312
-234.375 -2781.250 -210.938 484.375 -820.312 1375.000 140.625 -250.000 953.125 -234.375 46.875 523.438 -632.812 -23.438 320.312
-156.250 -2664.062 23.438 421.875 -695.312 1250.000 78.125 -187.500 875.000 -273.438 101.562 546.875 -500.000 -54.688 468.750
-23.438 -2312.500 375.000 242.188 -460.938 968.750 -15.625 -70.312 765.625 -132.812 187.500 609.375 -218.750 -31.250 656.250
-23.438 -2312.500 375.000 242.188 -460.938 968.750 -15.625 -70.312 765.625 -132.812 187.500 609.375 -218.750 -31.250 656.250
-7.812 -2070.312 421.875 85.938 -406.250 851.562 -62.500 -31.250 710.938 -62.500 218.750 632.812 -62.500 -46.875 703.125
0.000 -1492.188 312.500 -187.500 -257.812 648.438 -117.188 39.062 664.062 70.312 304.688 703.125 195.312 7.812 820.312
0.000 -1492.188 312.500 -187.500 -257.812 648.438 -117.188 39.062 664.062 70.312 304.688 703.125 195.312 7.812 820.312
-351.562 -898.438 -156.250 -335.938 -109.375 523.438 -109.375 148.438 679.688 187.500 382.812 750.000 367.188 23.438 875.000
-351.562 -898.438 -156.250 -335.938 -109.375 523.438 -109.375 148.438 679.688 187.500 382.812 750.000 367.188 23.438 875.000
-421.875 -695.312 -328.125 -335.938 -39.062 500.000 -78.125 179.688 703.125 226.562 390.625 781.250 421.875 46.875 890.625
-515.625 -437.500 -500.000 -328.125 -23.438 515.625 -101.562 171.875 742.188 218.750 367.188 812.500 453.125 23.438 906.250
-515.625 -437.500 -500.000 -328.125 -23.438 515.625 -101.562 171.875 742.188 218.750 367.188 812.500 453.125 23.438 906.250
-562.500 -343.750 -507.812 -343.750 -54.688 531.250 -101.562 140.625 742.188 203.125 367.188 812.500 406.250 0.000 882.812
-562.500 -343.750 -507.812 -343.750 -54.688 531.250 -101.562 140.625 742.188 203.125 367.188 812.500 406.250 0.000 882.812
-609.375 -148.438 -578.125 -351.562 -125.000 578.125 -101.562 78.125 781.250 171.875 304.688 781.250 343.750 -7.812 851.562
-656.250 -125.000 -531.250 -320.312 -210.938 625.000 -85.938 31.250 789.062 85.938 242.188 765.625 218.750 -39.062 796.875
-656.250 -125.000 -531.250 -320.312 -210.938 625.000 -85.938 31.250 789.062 85.938 242.188 765.625 218.750 -39.062 796.875
-625.000 -179.688 -500.000 -320.312 -218.750 640.625 -70.312 0.000 781.250 70.312 218.750 734.375 171.875 -46.875 757.812
-664.062 -390.625 -515.625 -335.938 -171.875 593.750 -125.000 7.812 742.188 -54.688 171.875 726.562 62.500 -62.500 710.938
-664.062 -390.625 -515.625 -335.938 -171.875 593.750 -125.000 7.812 742.188 -54.688 171.875 726.562 62.500 -62.500 710.938
-765.625 -453.125 -562.500 -312.500 -195.312 570.312 -148.438 15.625 718.750 -54.688 179.688 718.750 23.438 -85.938 718.750
-656.250 -593.750 -445.312 -312.500 -304.688 554.688 -171.875 -23.438 632.812 -62.500 203.125 648.438 23.438 -78.125 726.562
-656.250 -593.750 -445.312 -312.500 -304.688 554.688 -171.875 -23.438 632.812 -62.500 203.125 648.438 23.438 -78.125 726.562
-617.188 -695.312 -382.812 -312.500 -265.625 523.438 -164.062 -54.688 632.812 -46.875 171.875 656.250 39.062 -62.500 718.750
-617.188 -695.312 -382.812 -312.500 -265.625 523.438 -164.062 -54.688 632.812 -46.875 171.875 656.250 39.062 -62.500 718.750
-578.125 -687.500 -335.938 -250.000 -273.438 546.875 -132.812 -62.500 648.438 -23.438 164.062 671.875 54.688 -85.938 726.562
-476.562 -585.938 -234.375 -140.625 -390.625 687.500 -156.250 -93.750 703.125 -31.250 148.438 703.125 70.312 -93.750 757.812
-476.562 -585.938 -234.375 -140.625 -390.625 687.500 -156.250 -93.750 703.125 -31.250 148.438 703.125 70.312 -93.750 757.812
-460.938 -539.062 -195.312 -148.438 -414.062 710.938 -125.000 -117.188 718.750 -31.250 148.438 718.750 85.938 -101.562 757.812
-460.938 -539.062 -195.312 -148.438 -414.062 710.938 -125.000 -117.188 718.750 -31.250 148.438 718.750 85.938 -101.562 757.812
-445.312 -492.188 -195.312 -148.438 -343.750 671.875 -15.625 -70.312 750.000 70.312 148.438 757.812 132.812 -109.375 773.438
-546.875 -500.000 -242.188 -171.875 -257.812 601.562 0.000 -23.438 796.875 132.812 125.000 796.875 210.938 -109.375 789.062
-546.875 -500.000 -242.188 -171.875 -257.812 601.562 0.000 -23.438 796.875 132.812 125.000 796.875 210.938 -109.375 789.062
-585.938 -539.062 -265.625 -210.938 -218.750 562.500 23.438 -31.250 804.688 140.625 109.375 820.312 257.812 -156.250 789.062
-539.062 -585.938 -218.750 -210.938 -351.562 585.938 -15.625 -70.312 796.875 125.000 85.938 843.750 273.438 -242.188 804.688
-539.062 -585.938 -218.750 -210.938 -351.562 585.938 -15.625 -70.312 796.875 125.000 85.938 843.750 273.438 -242.188 804.688
-523.438 -546.875 -179.688 -203.125 -421.875 617.188 0.000 -164.062 804.688 117.188 78.125 828.125 265.625 -250.000 804.688
-523.438 -546.875 -179.688 -203.125 -421.875 617.188 0.000 -164.062 804.688 117.188 78.125 828.125 265.625 -250.000 804.688
-218.750 -593.750 132.812 -226.562 -531.250 726.562 31.250 -218.750 1039.062 289.062 -195.312 1007.812 328.125 -304.688 757.812
-500.000 -492.188 -109.375 -164.062 -648.438 718.750 -15.625 -179.688 859.375 140.625 117.188 898.438 375.000 -398.438 828.125
-500.000 -492.188 -109.375 -164.062 -648.438 718.750 -15.625 -179.688 859.375 140.625 117.188 898.438 375.000 -398.438 828.125
-664.062 -554.688 -281.250 -140.625 -593.750 710.938 -39.062 -164.062 812.500 109.375 109.375 851.562 312.500 -281.250 851.562
-664.062 -554.688 -281.250 -140.625 -593.750 710.938 -39.062 -164.062 812.500 109.375 109.375 851.562 312.500 -281.250 851.562
-757.812 -570.312 -375.000 -101.562 -484.375 718.750 -7.812 -203.125 835.938 101.562 23.438 843.750 187.500 -210.938 789.062
-710.938 -539.062 -335.938 -101.562 -492.188 734.375 7.812 -226.562 882.812 101.562 15.625 851.562 171.875 -257.812 757.812
-671.875 -492.188 -265.625 -171.875 -640.625 750.000 -85.938 -234.375 875.000 62.500 15.625 875.000 203.125 -312.500 781.250
-671.875 -492.188 -265.625 -171.875 -640.625 750.000 -85.938 -234.375 875.000 62.500 15.625 875.000 203.125 -312.500 781.250
-664.062 -492.188 -242.188 -203.125 -640.625 734.375 -148.438 -257.812 859.375 7.812 15.625 882.812 179.688 -320.312 796.875
-664.062 -492.188 -242.188 -203.125 -640.625 734.375 -148.438 -257.812 859.375 7.812 15.625 882.812 179.688 -320.312 796.875
-664.062 -500.000 -281.250 -195.312 -656.250 718.750 -148.438 -242.188 851.562 0.000 7.812 875.000 156.250 -335.938 796.875
-664.062 -500.000 -281.250 -195.312 -656.250 718.750 -148.438 -242.188 851.562 0.000 7.812 875.000 156.250 -335.938 796.875
-718.750 -460.938 -320.312 -234.375 -625.000 703.125 -164.062 -218.750 851.562 -23.438 15.625 890.625 117.188 -328.125 789.062
-734.375 -437.500 -304.688 -273.438 -539.062 671.875 -156.250 -218.750 867.188 0.000 23.438 890.625 132.812 -304.688 828.125
-734.375 -437.500 -304.688 -273.438 -539.062 671.875 -156.250 -218.750 867.188 0.000 23.438 890.625 132.812 -304.688 828.125
-718.750 -406.250 -289.062 -257.812 -585.938 695.312 -164.062 -195.312 867.188 15.625 46.875 921.875 187.500 -312.500 859.375
-710.938 -382.812 -296.875 -242.188 -562.500 679.688 -164.062 -179.688 867.188 23.438 85.938 929.688 210.938 -304.688 898.438
-710.938 -382.812 -296.875 -242.188 -562.500 679.688 -164.062 -179.688 867.188 23.438 85.938 929.688 210.938 -304.688 898.438
-726.562 -390.625 -312.500 -234.375 -570.312 695.312 -140.625 -164.062 890.625 46.875 85.938 937.500 226.562 -289.062 898.438
-726.562 -390.625 -312.500 -234.375 -570.312 695.312 -140.625 -164.062 890.625 46.875 85.938 937.500 226.562 -289.062 898.438
-742.188 -406.250 -328.125 -210.938 -562.500 687.500 -117.188 -179.688 890.625 54.688 93.750 945.312 226.562 -289.062 906.250
-734.375 -429.688 -328.125 -187.500 -554.688 695.312 -101.562 -179.688 906.250 62.500 78.125 953.125 234.375 -289.062 906.250
-734.375 -429.688 -328.125 -187.500 -554.688 695.312 -101.562 -179.688 906.250 62.500 78.125 953.125 234.375 -289.062 906.250
-757.812 -476.562 -335.938 -164.062 -593.750 718.750 -85.938 -203.125 914.062 85.938 70.312 960.938 250.000 -304.688 914.062
-750.000 -500.000 -359.375 -156.250 -609.375 710.938 -70.312 -210.938 921.875 85.938 54.688 968.750 250.000 -320.312 906.250
-750.000 -492.188 -359.375 -140.625 -625.000 718.750 -54.688 -210.938 929.688 101.562 54.688 976.562 257.812 -312.500 906.250
-757.812 -500.000 -367.188 -117.188 -632.812 718.750 -54.688 -218.750 937.500 109.375 54.688 976.562 265.625 -320.312 921.875
-757.812 -500.000 -367.188 -117.188 -632.812 718.750 -54.688 -218.750 937.500 109.375 54.688 976.562 265.625 -320.312 921.875
-757.812 -523.438 -375.000 -101.562 -640.625 726.562 -46.875 -242.188 937.500 117.188 31.250 992.188 273.438 -351.562 914.062
-757.812 -539.062 -398.438 -125.000 -671.875 718.750 -54.688 -250.000 929.688 109.375 31.250 992.188 265.625 -351.562 921.875
-757.812 -539.062 -398.438 -125.000 -671.875 718.750 -54.688 -250.000 929.688 109.375 31.250 992.188 265.625 -351.562 921.875
-757.812 -523.438 -414.062 -140.625 -695.312 710.938 -78.125 -289.062 937.500 93.750 0.000 992.188 250.000 -382.812 921.875
-765.625 -492.188 -429.688 -171.875 -703.125 710.938 -85.938 -296.875 937.500 93.750 -7.812 1015.625 250.000 -406.250 906.250
-789.062 -468.750 -445.312 -187.500 -710.938 710.938 -93.750 -320.312 953.125 85.938 -23.438 1023.438 257.812 -406.250 914.062
-796.875 -460.938 -453.125 -210.938 -742.188 710.938 -101.562 -335.938 960.938 85.938 -46.875 1023.438 250.000 -421.875 914.062
-796.875 -460.938 -453.125 -210.938 -742.188 710.938 -101.562 -335.938 960.938 85.938 -46.875 1023.438 250.000 -421.875 914.062
-820.312 -460.938 -468.750 -218.750 -750.000 710.938 -117.188 -359.375 960.938 78.125 -46.875 1039.062 250.000 -445.312 921.875
-828.125 -429.688 -492.188 -226.562 -757.812 695.312 -117.188 -359.375 968.750 62.500 -62.500 1046.875 250.000 -453.125 914.062
-828.125 -429.688 -492.188 -226.562 -757.812 695.312 -117.188 -359.375 968.750 62.500 -62.500 1046.875 250.000 -453.125 914.062
-843.750 -414.062 -500.000 -257.812 -757.812 695.312 -125.000 -375.000 960.938 46.875 -62.500 1039.062 242.188 -445.312 906.250
-843.750 -414.062 -500.000 -257.812 -757.812 695.312 -125.000 -375.000 960.938 46.875 -62.500 1039.062 242.188 -445.312 906.250
-812.500 -390.625 -484.375 -257.812 -726.562 679.688 -132.812 -343.750 945.312 70.312 -39.062 1031.250 257.812 -429.688 914.062
-804.688 -398.438 -476.562 -257.812 -687.500 664.062 -132.812 -320.312 937.500 62.500 -23.438 1031.250 250.000 -421.875 929.688
-804.688 -398.438 -476.562 -257.812 -687.500 664.062 -132.812 -320.312 937.500 62.500 -23.438 1031.250 250.000 -421.875 929.688
-789.062 -382.812 -460.938 -234.375 -640.625 656.250 -109.375 -281.250 929.688 70.312 15.625 1023.438 265.625 -375.000 953.125
-765.625 -382.812 -437.500 -218.750 -640.625 687.500 -109.375 -265.625 937.500 85.938 15.625 1015.625 273.438 -375.000 953.125
-765.625 -382.812 -437.500 -218.750 -640.625 687.500 -109.375 -265.625 937.500 85.938 15.625 1015.625 273.438 -375.000 953.125
-789.062 -421.875 -421.875 -218.750 -640.625 695.312 -101.562 -257.812 953.125 85.938 39.062 1015.625 265.625 -359.375 960.938
-789.062 -421.875 -421.875 -218.750 -640.625 695.312 -101.562 -257.812 953.125 85.938 39.062 1015.625 265.625 -359.375 960.938
-789.062 -437.500 -406.250 -203.125 -617.188 710.938 -101.562 -242.188 953.125 70.312 46.875 1023.438 242.188 -335.938 953.125
-789.062 -453.125 -398.438 -203.125 -632.812 710.938 -101.562 -234.375 937.500 62.500 62.500 1007.812 250.000 -328.125 953.125
-789.062 -453.125 -398.438 -203.125 -632.812 710.938 -101.562 -234.375 937.500 62.500 62.500 1007.812 250.000 -328.125 953.125
-765.625 -460.938 -382.812 -179.688 -625.000 710.938 -101.562 -218.750 945.312 70.312 78.125 1000.000 234.375 -312.500 960.938
-765.625 -460.938 -382.812 -179.688 -625.000 710.938 -101.562 -218.750 945.312 70.312 78.125 1000.000 234.375 -312.500 960.938
-765.625 -445.312 -375.000 -187.500 -578.125 710.938 -93.750 -210.938 937.500 62.500 78.125 984.375 242.188 -312.500 953.125
-765.625 -406.250 -375.000 -218.750 -554.688 718.750 -109.375 -179.688 929.688 78.125 117.188 984.375 257.812 -265.625 976.562
-765.625 -406.250 -375.000 -218.750 -554.688 718.750 -109.375 -179.688 929.688 78.125 117.188 984.375 257.812 -265.625 976.562
-757.812 -398.438 -359.375 -226.562 -531.250 703.125 -109.375 -164.062 929.688 85.938 132.812 992.188 273.438 -265.625 976.562
-750.000 -398.438 -359.375 -218.750 -523.438 703.125 -109.375 -164.062 921.875 78.125 125.000 984.375 273.438 -265.625 976.562
-750.000 -398.438 -359.375 -218.750 -523.438 703.125 -109.375 -164.062 921.875 78.125 125.000 984.375 273.438 -265.625 976.562
-742.188 -476.562 -359.375 -203.125 -554.688 710.938 -109.375 -171.875 929.688 70.312 125.000 992.188 265.625 -289.062 960.938
-742.188 -476.562 -359.375 -203.125 -554.688 710.938 -109.375 -171.875 929.688 70.312 125.000 992.188 265.625 -289.062 960.938
-734.375 -500.000 -359.375 -171.875 -578.125 718.750 -93.750 -187.500 929.688 70.312 109.375 992.188 265.625 -281.250 953.125
-734.375 -546.875 -367.188 -132.812 -609.375 742.188 -62.500 -218.750 945.312 93.750 78.125 1000.000 257.812 -304.688 953.125
-734.375 -546.875 -367.188 -132.812 -609.375 742.188 -62.500 -218.750 945.312 93.750 78.125 1000.000 257.812 -304.688 953.125
-765.625 -539.062 -398.438 -85.938 -664.062 757.812 -15.625 -250.000 968.750 125.000 54.688 1007.812 281.250 -328.125 945.312
-773.438 -570.312 -414.062 -70.312 -695.312 757.812 -7.812 -273.438 976.562 148.438 23.438 1015.625 281.250 -328.125 937.500
-773.438 -570.312 -414.062 -70.312 -695.312 757.812 -7.812 -273.438 976.562 148.438 23.438 1015.625 281.250 -328.125 937.500
-781.250 -601.562 -429.688 -62.500 -726.562 765.625 0.000 -296.875 984.375 140.625 7.812 1023.438 273.438 -367.188 921.875
-781.250 -601.562 -429.688 -62.500 -726.562 765.625 0.000 -296.875 984.375 140.625 7.812 1023.438 273.438 -367.188 921.875
-781.250 -617.188 -437.500 -46.875 -742.188 757.812 0.000 -312.500 976.562 132.812 -7.812 1007.812 257.812 -375.000 914.062
-781.250 -593.750 -453.125 -62.500 -734.375 750.000 -15.625 -320.312 976.562 117.188 -15.625 1015.625 242.188 -382.812 914.062
-781.250 -593.750 -453.125 -62.500 -734.375 750.000 -15.625 -320.312 976.562 117.188 -15.625 1015.625 242.188 -382.812 914.062
-765.625 -539.062 -453.125 -109.375 -726.562 726.562 -46.875 -328.125 953.125 101.562 -23.438 1023.438 250.000 -398.438 914.062
-773.438 -515.625 -460.938 -132.812 -703.125 695.312 -62.500 -328.125 945.312 101.562 -23.438 1007.812 250.000 -398.438 914.062
-773.438 -515.625 -460.938 -132.812 -703.125 695.312 -62.500 -328.125 945.312 101.562 -23.438 1007.812 250.000 -398.438 914.062
-765.625 -460.938 -468.750 -179.688 -710.938 671.875 -78.125 -335.938 937.500 85.938 -39.062 1015.625 257.812 -414.062 906.250
-765.625 -460.938 -468.750 -179.688 -710.938 671.875 -78.125 -335.938 937.500 85.938 -39.062 1015.625 257.812 -414.062 906.250
-773.438 -437.500 -476.562 -195.312 -726.562 671.875 -93.750 -328.125 921.875 78.125 -31.250 1007.812 257.812 -414.062 906.250
-773.438 -406.250 -492.188 -218.750 -703.125 664.062 -117.188 -335.938 929.688 70.312 -39.062 1015.625 250.000 -414.062 914.062
-773.438 -406.250 -492.188 -218.750 -703.125 664.062 -117.188 -335.938 929.688 70.312 -39.062 1015.625 250.000 -414.062 914.062
-789.062 -445.312 -476.562 -210.938 -726.562 671.875 -125.000 -351.562 929.688 46.875 -46.875 1015.625 250.000 -421.875 906.250
-773.438 -460.938 -468.750 -203.125 -726.562 687.500 -117.188 -343.750 929.688 70.312 -39.062 1007.812 234.375 -414.062 906.250
-773.438 -460.938 -468.750 -203.125 -726.562 687.500 -117.188 -343.750 929.688 70.312 -39.062 1007.812 234.375 -414.062 906.250
-781.250 -500.000 -460.938 -164.062 -710.938 703.125 -78.125 -320.312 953.125 70.312 -31.250 1007.812 226.562 -398.438 906.250
-781.250 -500.000 -460.938 -164.062 -710.938 703.125 -78.125 -320.312 953.125 70.312 -31.250 1007.812 226.562 -398.438 906.250
-773.438 -500.000 -453.125 -148.438 -710.938 710.938 -62.500 -312.500 945.312 70.312 -23.438 1007.812 226.562 -390.625 906.250
-781.250 -507.812 -445.312 -125.000 -695.312 718.750 -54.688 -304.688 960.938 93.750 0.000 1015.625 242.188 -375.000 921.875
-781.250 -507.812 -445.312 -125.000 -695.312 718.750 -54.688 -304.688 960.938 93.750 0.000 1015.625 242.188 -375.000 921.875
-773.438 -523.438 -437.500 -117.188 -679.688 718.750 -46.875 -281.250 945.312 109.375 15.625 1007.812 265.625 -359.375 921.875
-765.625 -507.812 -429.688 -125.000 -671.875 718.750 -46.875 -273.438 937.500 109.375 31.250 1000.000 273.438 -343.750 929.688
-765.625 -507.812 -429.688 -125.000 -671.875 718.750 -46.875 -273.438 937.500 109.375 31.250 1000.000 273.438 -343.750 929.688
-750.000 -460.938 -421.875 -132.812 -640.625 718.750 -46.875 -250.000 937.500 125.000 46.875 992.188 289.062 -335.938 929.688
-750.000 -445.312 -421.875 -140.625 -625.000 703.125 -54.688 -242.188 937.500 117.188 54.688 992.188 281.250 -320.312 937.500
-750.000 -445.312 -421.875 -140.625 -625.000 703.125 -54.688 -242.188 937.500 117.188 54.688 992.188 281.250 -320.312 937.500
-750.000 -445.312 -406.250 -156.250 -625.000 710.938 -70.312 -250.000 921.875 93.750 39.062 976.562 257.812 -328.125 914.062
-750.000 -445.312 -406.250 -156.250 -625.000 710.938 -70.312 -250.000 921.875 93.750 39.062 976.562 257.812 -328.125 914.062
-742.188 -476.562 -390.625 -156.250 -648.438 703.125 -93.750 -265.625 906.250 54.688 15.625 960.938 203.125 -343.750 898.438
-734.375 -468.750 -390.625 -156.250 -664.062 695.312 -101.562 -281.250 898.438 46.875 15.625 953.125 187.500 -335.938 875.000
-734.375 -468.750 -390.625 -156.250 -664.062 695.312 -101.562 -281.250 898.438 46.875 15.625 953.125 187.500 -335.938 875.000
-750.000 -500.000 -375.000 -164.062 -664.062 695.312 -109.375 -281.250 890.625 23.438 7.812 937.500 156.250 -343.750 859.375
-750.000 -500.000 -375.000 -164.062 -664.062 695.312 -109.375 -281.250 890.625 23.438 7.812 937.500 156.250 -343.750 859.375
-742.188 -507.812 -367.188 -171.875 -679.688 710.938 -117.188 -296.875 898.438 7.812 0.000 945.312 156.250 -351.562 859.375
-750.000 -523.438 -367.188 -164.062 -687.500 687.500 -117.188 -296.875 890.625 23.438 0.000 945.312 156.250 -359.375 859.375
-750.000 -523.438 -367.188 -164.062 -687.500 687.500 -117.188 -296.875 890.625 23.438 0.000 945.312 156.250 -359.375 859.375
-765.625 -500.000 -382.812 -171.875 -656.250 710.938 -101.562 -281.250 914.062 46.875 7.812 960.938 187.500 -343.750 882.812
-757.812 -500.000 -390.625 -156.250 -664.062 718.750 -85.938 -265.625 921.875 54.688 23.438 976.562 195.312 -343.750 890.625
-757.812 -500.000 -390.625 -156.250 -664.062 718.750 -85.938 -265.625 921.875 54.688 23.438 976.562 195.312 -343.750 890.625
-773.438 -531.250 -382.812 -125.000 -648.438 742.188 -62.500 -250.000 929.688 78.125 46.875 968.750 218.750 -343.750 890.625
-773.438 -531.250 -382.812 -125.000 -648.438 742.188 -62.500 -250.000 929.688 78.125 46.875 968.750 218.750 -343.750 890.625
-781.250 -578.125 -398.438 -117.188 -664.062 734.375 -46.875 -234.375 937.500 93.750 54.688 992.188 234.375 -335.938 914.062
-812.500 -617.188 -390.625 -54.688 -671.875 773.438 15.625 -242.188 992.188 140.625 46.875 1015.625 273.438 -320.312 921.875
-812.500 -617.188 -390.625 -54.688 -671.875 773.438 15.625 -242.188 992.188 140.625 46.875 1015.625 273.438 -320.312 921.875
-859.375 -601.562 -421.875 -23.438 -718.750 820.312 15.625 -289.062 976.562 164.062 0.000 984.375 210.938 -312.500 859.375
-859.375 -726.562 -367.188 15.625 -812.500 812.500 39.062 -304.688 921.875 70.312 -15.625 953.125 156.250 -359.375 828.125
-859.375 -726.562 -367.188 15.625 -812.500 812.500 39.062 -304.688 921.875 70.312 -15.625 953.125 156.250 -359.375 828.125
-867.188 -867.188 -320.312 -46.875 -914.062 789.062 -31.250 -359.375 929.688 -109.375 -148.438 843.750 -7.812 -242.188 664.062
-867.188 -867.188 -320.312 -46.875 -914.062 789.062 -31.250 -359.375 929.688 -109.375 -148.438 843.750 -7.812 -242.188 664.062
-898.438 -968.750 -328.125 -23.438 -976.562 820.312 7.812 -601.562 875.000 23.438 -250.000 781.250 -46.875 -312.500 593.750
-960.938 -1179.688 -351.562 -39.062 -1195.312 781.250 -132.812 -632.812 804.688 -210.938 -265.625 781.250 -359.375 -429.688 492.188
-960.938 -1179.688 -351.562 -39.062 -1195.312 781.250 -132.812 -632.812 804.688 -210.938 -265.625 781.250 -359.375 -429.688 492.188
-937.500 -1460.938 -367.188 -117.188 -1242.188 898.438 -242.188 -804.688 882.812 -453.125 -468.750 710.938 -554.688 -468.750 390.625
-937.500 -1460.938 -367.188 -117.188 -1242.188 898.438 -242.188 -804.688 882.812 -453.125 -468.750 710.938 -554.688 -468.750 390.625
-953.125 -1515.625 -421.875 -109.375 -1335.938 875.000 -351.562 -835.938 812.500 -578.125 -421.875 695.312 -632.812 -484.375 390.625
-851.562 -1476.562 -789.062 -343.750 -1109.375 656.250 -578.125 -445.312 703.125 -796.875 179.688 453.125 -703.125 257.812 484.375
-851.562 -1476.562 -789.062 -343.750 -1109.375 656.250 -578.125 -445.312 703.125 -796.875 179.688 453.125 -703.125 257.812 484.375
-851.562 -1476.562 -789.062 -343.750 -1109.375 656.250 -578.125 -445.312 703.125 -796.875 179.688 453.125 -703.125 257.812 484.375
-851.562 -1476.562 -789.062 -343.750 -1109.375 656.250 -578.125 -445.312 703.125 -796.875 179.688 453.125 -703.125 257.812 484.375
-851.562 -1476.562 -789.062 -343.750 -1109.375 656.250 -578.125 -445.312 703.125 -796.875 179.688 453.125 -703.125 257.812 484.375
-851.562 -1382.812 -882.812 -335.938 -1085.938 578.125 -523.438 -320.312 632.812 -812.500 343.750 398.438 -679.688 468.750 570.312
-851.562 -1382.812 -882.812 -335.938 -1085.938 578.125 -523.438 -320.312 632.812 -812.500 343.750 398.438 -679.688 468.750 570.312
-882.812 -1335.938 -921.875 -414.062 -1062.500 468.750 -531.250 -187.500 507.812 -617.188 562.500 312.500 -625.000 710.938 640.625
-843.750 -1156.250 -968.750 -710.938 -859.375 203.125 -664.062 39.062 375.000 -468.750 796.875 187.500 -367.188 1070.312 687.500
-843.750 -1156.250 -968.750 -710.938 -859.375 203.125 -664.062 39.062 375.000 -468.750 796.875 187.500 -367.188 1070.312 687.500
-898.438 -1007.812 -992.188 -890.625 -703.125 101.562 -742.188 164.062 320.312 -492.188 875.000 140.625 -289.062 1125.000 656.250
-867.188 -671.875 -921.875 -1093.750 -281.250 -101.562 -812.500 453.125 250.000 -539.062 1093.750 -7.812 -242.188 1375.000 632.812
-867.188 -671.875 -921.875 -1093.750 -281.250 -101.562 -812.500 453.125 250.000 -539.062 1093.750 -7.812 -242.188 1375.000 632.812
-578.125 -382.812 -523.438 -1171.875 -62.500 -125.000 -625.000 562.500 296.875 -367.188 1289.062 -140.625 -132.812 1632.812 656.250
-578.125 -382.812 -523.438 -1171.875 -62.500 -125.000 -625.000 562.500 296.875 -367.188 1289.062 -140.625 -132.812 1632.812 656.250
-390.625 -351.562 -281.250 -1195.312 0.000 -148.438 -632.812 765.625 304.688 -398.438 1328.125 -125.000 -31.250 1609.375 671.875
-367.188 -375.000 -109.375 -1218.750 320.312 -445.312 -734.375 1101.562 125.000 -453.125 1343.750 -203.125 -23.438 1578.125 671.875
-367.188 -375.000 -109.375 -1218.750 320.312 -445.312 -734.375 1101.562 125.000 -453.125 1343.750 -203.125 -23.438 1578.125 671.875
-539.062 -453.125 -125.000 -1187.500 617.188 -562.500 -921.875 1093.750 -23.438 -398.438 1296.875 -234.375 23.438 1562.500 648.438
-539.062 -453.125 -125.000 -1187.500 617.188 -562.500 -921.875 1093.750 -23.438 -398.438 1296.875 -234.375 23.438 1562.500 648.438
-1023.438 -406.250 -585.938 -914.062 1554.688 -406.250 -921.875 1320.312 70.312 -242.188 1257.812 -320.312 210.938 1500.000 554.688
-835.938 460.938 -382.812 117.188 2781.250 117.188 -257.812 390.625 140.625 203.125 1968.750 -859.375 257.812 1796.875 648.438
-835.938 460.938 -382.812 117.188 2781.250 117.188 -257.812 390.625 140.625 203.125 1968.750 -859.375 257.812 1796.875 648.438
-898.438 679.688 -312.500 -734.375 335.938 -39.062 -171.875 1625.000 -500.000 851.562 2257.812 -1054.688 359.375 2023.438 726.562
-945.312 875.000 -117.188 -109.375 1570.312 140.625 -54.688 1257.812 164.062 93.750 1750.000 -523.438 531.250 1648.438 859.375
-945.312 875.000 -117.188 -109.375 1570.312 140.625 -54.688 1257.812 164.062 93.750 1750.000 -523.438 531.250 1648.438 859.375
-867.188 945.312 31.250 -265.625 1859.375 -70.312 -85.938 1445.312 234.375 578.125 1726.562 -429.688 546.875 1531.250 804.688
-867.188 945.312 31.250 -265.625 1859.375 -70.312 -85.938 1445.312 234.375 578.125 1726.562 -429.688 546.875 1531.250 804.688
-734.375 781.250 281.250 -62.500 1585.938 234.375 -109.375 1445.312 390.625 421.875 1671.875 -187.500 625.000 1281.250 937.500
-718.750 726.562 421.875 -132.812 1343.750 250.000 -171.875 1328.125 414.062 320.312 1523.438 -117.188 421.875 1179.688 929.688
-718.750 726.562 421.875 -132.812 1343.750 250.000 -171.875 1328.125 414.062 320.312 1523.438 -117.188 421.875 1179.688 929.688
-750.000 664.062 476.562 -195.312 1265.625 320.312 -210.938 1218.750 445.312 257.812 1414.062 -93.750 320.312 1109.375 867.188
-750.000 406.250 601.562 -257.812 1101.562 367.188 -281.250 1070.312 453.125 132.812 1226.562 -78.125 203.125 968.750 750.000
-750.000 406.250 601.562 -257.812 1101.562 367.188 -281.250 1070.312 453.125 132.812 1226.562 -78.125 203.125 968.750 750.000
-703.125 304.688 687.500 -304.688 1015.625 398.438 -312.500 1015.625 437.500 101.562 1164.062 -62.500 171.875 914.062 718.750
-703.125 304.688 687.500 -304.688 1015.625 398.438 -312.500 1015.625 437.500 101.562 1164.062 -62.500 171.875 914.062 718.750
-601.562 132.812 835.938 -414.062 937.500 375.000 -421.875 906.250 406.250 -23.438 1078.125 -46.875 46.875 820.312 703.125
-476.562 39.062 976.562 -476.562 906.250 351.562 -500.000 875.000 359.375 -140.625 992.188 -70.312 -93.750 789.062 632.812
-476.562 39.062 976.562 -476.562 906.250 351.562 -500.000 875.000 359.375 -140.625 992.188 -70.312 -93.750 789.062 632.812
-429.688 0.000 1015.625 -484.375 906.250 343.750 -500.000 882.812 335.938 -218.750 992.188 -101.562 -140.625 804.688 609.375
-429.688 7.812 1015.625 -453.125 960.938 320.312 -468.750 921.875 312.500 -164.062 1023.438 -171.875 -171.875 890.625 609.375
-429.688 7.812 1015.625 -453.125 960.938 320.312 -468.750 921.875 312.500 -164.062 1023.438 -171.875 -171.875 890.625 609.375
-453.125 31.250 984.375 -406.250 1000.000 328.125 -437.500 945.312 320.312 -156.250 1046.875 -195.312 -125.000 921.875 601.562
-453.125 31.250 984.375 -406.250 1000.000 328.125 -437.500 945.312 320.312 -156.250 1046.875 -195.312 -125.000 921.875 601.562
-515.625 78.125 953.125 -343.750 1007.812 359.375 -390.625 984.375 335.938 -109.375 1054.688 -218.750 -93.750 906.250 585.938
-507.812 117.188 921.875 -335.938 1039.062 335.938 -375.000 1015.625 320.312 -70.312 1117.188 -234.375 -31.250 945.312 617.188
-507.812 117.188 921.875 -335.938 1039.062 335.938 -375.000 1015.625 320.312 -70.312 1117.188 -234.375 -31.250 945.312 617.188
-500.000 132.812 906.250 -328.125 1085.938 304.688 -359.375 1054.688 320.312 -46.875 1125.000 -242.188 -15.625 945.312 648.438
-500.000 132.812 906.250 -328.125 1085.938 304.688 -359.375 1054.688 320.312 -46.875 1125.000 -242.188 -15.625 945.312 648.438
-492.188 195.312 882.812 -304.688 1140.625 289.062 -343.750 1093.750 335.938 23.438 1171.875 -218.750 101.562 929.688 671.875
-468.750 210.938 875.000 -289.062 1164.062 296.875 -328.125 1125.000 359.375 54.688 1187.500 -187.500 132.812 929.688 703.125
-468.750 210.938 875.000 -289.062 1164.062 296.875 -328.125 1125.000 359.375 54.688 1187.500 -187.500 132.812 929.688 703.125
-445.312 320.312 851.562 -289.062 1156.250 304.688 -304.688 1101.562 382.812 117.188 1210.938 -164.062 210.938 945.312 750.000
-546.875 343.750 773.438 -328.125 1078.125 304.688 -289.062 1031.250 406.250 140.625 1164.062 -156.250 234.375 945.312 750.000
-546.875 343.750 773.438 -328.125 1078.125 304.688 -289.062 1031.250 406.250 140.625 1164.062 -156.250 234.375 945.312 750.000
-570.312 343.750 734.375 -320.312 1046.875 312.500 -281.250 1007.812 421.875 148.438 1156.250 -132.812 257.812 890.625 710.938
-570.312 343.750 734.375 -320.312 1046.875 312.500 -281.250 1007.812 421.875 148.438 1156.250 -132.812 257.812 890.625 710.938
-484.375 351.562 789.062 -335.938 1031.250 289.062 -281.250 1007.812 414.062 242.188 1203.125 -93.750 359.375 851.562 757.812
-382.812 265.625 859.375 -335.938 1023.438 289.062 -265.625 1039.062 398.438 281.250 1265.625 -101.562 390.625 875.000 796.875
-382.812 265.625 859.375 -335.938 1023.438 289.062 -265.625 1039.062 398.438 281.250 1265.625 -101.562 390.625 875.000 796.875
-429.688 382.812 796.875 -304.688 1015.625 296.875 -265.625 1031.250 398.438 218.750 1343.750 -171.875 382.812 1007.812 796.875
-593.750 382.812 539.062 -242.188 1015.625 359.375 -195.312 1054.688 484.375 226.562 1304.688 -195.312 281.250 1046.875 734.375
-593.750 382.812 539.062 -242.188 1015.625 359.375 -195.312 1054.688 484.375 226.562 1304.688 -195.312 281.250 1046.875 734.375
-679.688 304.688 414.062 -195.312 929.688 406.250 -125.000 1007.812 507.812 187.500 1351.562 -187.500 273.438 1171.875 828.125
-679.688 304.688 414.062 -195.312 929.688 406.250 -125.000 1007.812 507.812 187.500 1351.562 -187.500 273.438 1171.875 828.125
-742.188 7.812 70.312 -398.438 1023.438 101.562 -328.125 851.562 210.938 101.562 1375.000 -398.438 15.625 1171.875 851.562
-742.188 7.812 70.312 -398.438 1023.438 101.562 -328.125 851.562 210.938 101.562 1375.000 -398.438 15.625 1171.875 851.562
-742.188 7.812 70.312 -398.438 1023.438 101.562 -328.125 851.562 210.938 101.562 1375.000 -398.438 15.625 1171.875 851.562
-742.188 7.812 70.312 -398.438 1023.438 101.562 -328.125 851.562 210.938 101.562 1375.000 -398.438 15.625 1171.875 851.562
-718.750 -101.562 -85.938 -375.000 898.438 140.625 -507.812 914.062 289.062 -437.500 1906.250 39.062 585.938 1289.062 2015.625
-718.750 -101.562 -85.938 -375.000 898.438 140.625 -507.812 914.062 289.062 -437.500 1906.250 39.062 585.938 1289.062 2015.625
-687.500 -132.812 -117.188 -398.438 1078.125 265.625 -375.000 960.938 671.875 -734.375 1640.625 171.875 414.062 1445.312 1539.062
-687.500 -132.812 -117.188 -398.438 1078.125 265.625 -375.000 960.938 671.875 -734.375 1640.625 171.875 414.062 1445.312 1539.062
-734.375 -54.688 -234.375 -242.188 851.562 187.500 -289.062 1273.438 781.250 -171.875 671.875 117.188 -125.000 1101.562 15.625
-750.000 -15.625 -328.125 -250.000 640.625 289.062 -312.500 812.500 539.062 -117.188 1109.375 -39.062 -62.500 1054.688 320.312
-750.000 -15.625 -328.125 -250.000 640.625 289.062 -312.500 812.500 539.062 -117.188 1109.375 -39.062 -62.500 1054.688 320.312
-734.375 -179.688 -460.938 -226.562 117.188 476.562 -375.000 679.688 476.562 -414.062 1531.250 203.125 335.938 1632.812 1976.562
-703.125 -507.812 -539.062 -265.625 0.000 601.562 -453.125 578.125 562.500 -226.562 1218.750 234.375 54.688 1289.062 890.625
-703.125 -507.812 -539.062 -265.625 0.000 601.562 -453.125 578.125 562.500 -226.562 1218.750 234.375 54.688 1289.062 890.625
-617.188 -562.500 -539.062 -203.125 46.875 718.750 -375.000 476.562 664.062 -367.188 1226.562 312.500 23.438 1312.500 1007.812
-617.188 -562.500 -539.062 -203.125 46.875 718.750 -375.000 476.562 664.062 -367.188 1226.562 312.500 23.438 1312.500 1007.812
-593.750 -648.438 -554.688 39.062 -54.688 937.500 -101.562 625.000 820.312 -843.750 1773.438 31.250 -164.062 1437.500 937.500
-515.625 -851.562 -578.125 265.625 695.312 1023.438 -601.562 -195.312 765.625 -523.438 500.000 -7.812 -164.062 1796.875 890.625
-515.625 -851.562 -578.125 265.625 695.312 1023.438 -601.562 -195.312 765.625 -523.438 500.000 -7.812 -164.062 1796.875 890.625
-523.438 -1203.125 -445.312 -250.000 -585.938 1250.000 -203.125 70.312 812.500 -1109.375 843.750 117.188 -148.438 1117.188 468.750
-578.125 -1468.750 -414.062 453.125 -23.438 867.188 -62.500 93.750 820.312 -195.312 296.875 453.125 -250.000 726.562 117.188
-578.125 -1468.750 -414.062 453.125 -23.438 867.188 -62.500 93.750 820.312 -195.312 296.875 453.125 -250.000 726.562 117.188
-507.812 -1609.375 -351.562 125.000 -304.688 898.438 -156.250 46.875 742.188 -265.625 328.125 523.438 -375.000 437.500 -132.812
-507.812 -1609.375 -351.562 125.000 -304.688 898.438 -156.250 46.875 742.188 -265.625 328.125 523.438 -375.000 437.500 -132.812
-484.375 -1789.062 -132.812 85.938 -257.812 890.625 -93.750 -179.688 804.688 -218.750 -70.312 531.250 -507.812 242.188 -132.812
-484.375 -1812.500 -54.688 132.812 -429.688 953.125 -7.812 -281.250 828.125 -328.125 -187.500 500.000 -578.125 -7.812 -132.812
-484.375 -1812.500 -54.688 132.812 -429.688 953.125 -7.812 -281.250 828.125 -328.125 -187.500 500.000 -578.125 -7.812 -132.812
-500.000 -1734.375 78.125 164.062 -570.312 1078.125 70.312 -523.438 875.000 -328.125 -445.312 500.000 -609.375 -187.500 -31.250
-500.000 -1734.375 78.125 164.062 -570.312 1078.125 70.312 -523.438 875.000 -328.125 -445.312 500.000 -609.375 -187.500 -31.250
-492.188 -1492.188 70.312 242.188 -578.125 1093.750 117.188 -531.250 890.625 -320.312 -343.750 632.812 -750.000 -132.812 -109.375
-500.000 -1367.188 23.438 265.625 -515.625 1093.750 148.438 -515.625 898.438 -359.375 -375.000 632.812 -750.000 -226.562 -78.125
-500.000 -1367.188 23.438 265.625 -515.625 1093.750 148.438 -515.625 898.438 -359.375 -375.000 632.812 -750.000 -226.562 -78.125
-523.438 -1156.250 -156.250 257.812 -492.188 1078.125 46.875 -445.312 867.188 -273.438 -187.500 703.125 -804.688 -257.812 -23.438
-546.875 -1078.125 -218.750 195.312 -445.312 1031.250 23.438 -382.812 859.375 -296.875 -164.062 742.188 -789.062 -265.625 -7.812
-546.875 -1078.125 -218.750 195.312 -445.312 1031.250 23.438 -382.812 859.375 -296.875 -164.062 742.188 -789.062 -265.625 -7.812
-578.125 -968.750 -281.250 93.750 -335.938 937.500 -23.438 -335.938 882.812 -289.062 -195.312 796.875 -695.312 -375.000 203.125
-578.125 -968.750 -281.250 93.750 -335.938 937.500 -23.438 -335.938 882.812 -289.062 -195.312 796.875 -695.312 -375.000 203.125
-562.500 -796.875 -289.062 132.812 -359.375 984.375 46.875 -335.938 937.500 -140.625 -109.375 921.875 -617.188 -453.125 484.375
-523.438 -632.812 -273.438 226.562 -375.000 1054.688 132.812 -312.500 1015.625 -46.875 -70.312 1000.000 -578.125 -507.812 585.938
-523.438 -632.812 -273.438 226.562 -375.000 1054.688 132.812 -312.500 1015.625 -46.875 -70.312 1000.000 -578.125 -507.812 585.938
-476.562 -492.188 -359.375 335.938 -304.688 1085.938 218.750 -203.125 1101.562 78.125 23.438 1117.188 -578.125 -523.438 750.000
-546.875 -421.875 -453.125 289.062 -226.562 1039.062 218.750 -148.438 1109.375 78.125 85.938 1171.875 -585.938 -507.812 812.500
-546.875 -421.875 -453.125 289.062 -226.562 1039.062 218.750 -148.438 1109.375 78.125 85.938 1171.875 -585.938 -507.812 812.500
-585.938 -437.500 -601.562 273.438 -101.562 976.562 203.125 -62.500 1093.750 109.375 164.062 1187.500 -562.500 -523.438 929.688
-585.938 -437.500 -601.562 273.438 -101.562 976.562 203.125 -62.500 1093.750 109.375 164.062 1187.500 -562.500 -523.438 929.688
-546.875 -468.750 -601.562 226.562 -156.250 976.562 164.062 -62.500 1085.938 78.125 164.062 1203.125 -585.938 -539.062 929.688
-507.812 -554.688 -593.750 203.125 -195.312 984.375 140.625 -78.125 1078.125 31.250 148.438 1171.875 -609.375 -546.875 875.000
-507.812 -554.688 -593.750 203.125 -195.312 984.375 140.625 -78.125 1078.125 31.250 148.438 1171.875 -609.375 -546.875 875.000
-406.250 -578.125 -484.375 164.062 -242.188 1000.000 70.312 -140.625 1031.250 -54.688 39.062 1070.312 -609.375 -515.625 734.375
-406.250 -578.125 -484.375 164.062 -242.188 1000.000 70.312 -140.625 1031.250 -54.688 39.062 1070.312 -609.375 -515.625 734.375
-359.375 -507.812 -484.375 304.688 -351.562 1000.000 70.312 -187.500 1039.062 -62.500 70.312 1015.625 -726.562 -414.062 625.000
-328.125 -515.625 -437.500 23.438 -257.812 1328.125 -39.062 -367.188 1093.750 -203.125 -148.438 937.500 -773.438 -460.938 257.812
-328.125 -515.625 -437.500 23.438 -257.812 1328.125 -39.062 -367.188 1093.750 -203.125 -148.438 937.500 -773.438 -460.938 257.812
-335.938 -617.188 -656.250 0.000 39.062 1187.500 -7.812 -562.500 1203.125 -335.938 -273.438 843.750 -695.312 -312.500 234.375
-312.500 -695.312 -820.312 367.188 62.500 1132.812 -101.562 -601.562 1226.562 -265.625 -304.688 898.438 -648.438 -515.625 304.688
-312.500 -695.312 -820.312 367.188 62.500 1132.812 -101.562 -601.562 1226.562 -265.625 -304.688 898.438 -648.438 -515.625 304.688
-414.062 -1085.938 -898.438 85.938 -179.688 1078.125 -15.625 -250.000 1000.000 335.938 187.500 1203.125 -125.000 -906.250 1632.812
-414.062 -1085.938 -898.438 85.938 -179.688 1078.125 -15.625 -250.000 1000.000 335.938 187.500 1203.125 -125.000 -906.250 1632.812
-406.250 -1210.938 -867.188 -15.625 -101.562 820.312 15.625 0.000 1023.438 289.062 -117.188 1156.250 -343.750 -1757.812 1585.938
-195.312 -1156.250 -718.750 -132.812 296.875 726.562 -234.375 195.312 882.812 -648.438 7.812 765.625 -390.625 -1976.562 828.125
-195.312 -1156.250 -718.750 -132.812 296.875 726.562 -234.375 195.312 882.812 -648.438 7.812 765.625 -390.625 -1976.562 828.125
-101.562 -757.812 -632.812 -62.500 335.938 585.938 -242.188 546.875 781.250 -148.438 1796.875 1890.625 -289.062 523.438 726.562
-218.750 -695.312 -734.375 -23.438 265.625 406.250 125.000 664.062 726.562 46.875 726.562 1164.062 -1773.438 492.188 421.875
-218.750 -695.312 -734.375 -23.438 265.625 406.250 125.000 664.062 726.562 46.875 726.562 1164.062 -1773.438 492.188 421.875
-359.375 -882.812 -1046.875 -140.625 250.000 445.312 -15.625 570.312 812.500 312.500 273.438 937.500 -1781.250 -31.250 -265.625
-359.375 -882.812 -1046.875 -140.625 250.000 445.312 -15.625 570.312 812.500 312.500 273.438 937.500 -1781.250 -31.250 -265.625
-398.438 -953.125 -1171.875 -78.125 54.688 640.625 117.188 250.000 820.312 78.125 -187.500 578.125 -1132.812 7.812 -703.125
-484.375 -1226.562 -1406.250 -23.438 -375.000 953.125 -15.625 -492.188 585.938 -328.125 -484.375 -23.438 -1765.625 562.500 -1562.500
-484.375 -1226.562 -1406.250 -23.438 -375.000 953.125 -15.625 -492.188 585.938 -328.125 -484.375 -23.438 -1765.625 562.500 -1562.500
-414.062 -1867.188 -1382.812 -70.312 -859.375 929.688 -132.812 -695.312 468.750 -460.938 -867.188 -242.188 -523.438 15.625 -2343.750
-414.062 -1867.188 -1382.812 -70.312 -859.375 929.688 -132.812 -695.312 468.750 -460.938 -867.188 -242.188 -523.438 15.625 -2343.750
-335.938 -1968.750 -1179.688 -70.312 -695.312 890.625 -23.438 -632.812 546.875 117.188 -226.562 203.125 750.000 -859.375 -2406.250
23.438 -1523.438 -546.875 140.625 -609.375 1101.562 187.500 -210.938 929.688 406.250 703.125 1234.375 2296.875 2210.938 7.812
23.438 -1523.438 -546.875 140.625 -609.375 1101.562 187.500 -210.938 929.688 406.250 703.125 1234.375 2296.875 2210.938 7.812
187.500 -1515.625 -234.375 164.062 -531.250 992.188 671.875 -15.625 1250.000 562.500 507.812 1117.188 2429.688 1601.562 1796.875
273.438 -1187.500 15.625 250.000 -343.750 1078.125 304.688 265.625 1250.000 164.062 1351.562 1242.188 2257.812 1210.938 3992.188
273.438 -1187.500 15.625 250.000 -343.750 1078.125 304.688 265.625 1250.000 164.062 1351.562 1242.188 2257.812 1210.938 3992.188
164.062 -906.250 0.000 -125.000 101.562 804.688 62.500 515.625 1320.312 554.688 1070.312 1718.750 640.625 -703.125 1484.375
164.062 -906.250 0.000 -125.000 101.562 804.688 62.500 515.625 1320.312 554.688 1070.312 1718.750 640.625 -703.125 1484.375
-54.688 -632.812 -226.562 -85.938 93.750 921.875 0.000 312.500 1273.438 39.062 203.125 1179.688 320.312 -398.438 710.938
-640.625 -484.375 -710.938 -156.250 -609.375 992.188 23.438 -210.938 882.812 46.875 382.812 687.500 132.812 320.312 1023.438
-640.625 -484.375 -710.938 -156.250 -609.375 992.188 23.438 -210.938 882.812 46.875 382.812 687.500 132.812 320.312 1023.438
-593.750 -750.000 -570.312 -210.938 -390.625 945.312 -15.625 -70.312 1140.625 132.812 343.750 1132.812 367.188 -125.000 1156.250
-179.688 -687.500 -109.375 -187.500 -570.312 1078.125 -109.375 -257.812 1164.062 148.438 515.625 1125.000 554.688 -250.000 1148.438
-179.688 -687.500 -109.375 -187.500 -570.312 1078.125 -109.375 -257.812 1164.062 148.438 515.625 1125.000 554.688 -250.000 1148.438
-296.875 -429.688 -234.375 -343.750 -757.812 968.750 -203.125 -312.500 921.875 -109.375 257.812 843.750 31.250 -171.875 835.938
-296.875 -429.688 -234.375 -343.750 -757.812 968.750 -203.125 -312.500 921.875 -109.375 257.812 843.750 31.250 -171.875 835.938
-578.125 -617.188 -421.875 -289.062 -507.812 851.562 -234.375 -195.312 906.250 -179.688 281.250 835.938 23.438 -218.750 828.125
-390.625 -445.312 -265.625 -117.188 -554.688 906.250 -54.688 -148.438 968.750 78.125 414.062 898.438 273.438 -93.750 960.938
-390.625 -445.312 -265.625 -117.188 -554.688 906.250 -54.688 -148.438 968.750 78.125 414.062 898.438 273.438 -93.750 960.938
-476.562 -476.562 -320.312 -125.000 -476.562 835.938 -31.250 -109.375 921.875 156.250 437.500 843.750 335.938 -46.875 929.688
-546.875 -484.375 -359.375 -85.938 -351.562 773.438 7.812 -46.875 882.812 171.875 445.312 820.312 335.938 7.812 945.312
-570.312 -460.938 -398.438 -46.875 -304.688 773.438 39.062 15.625 875.000 218.750 500.000 804.688 382.812 54.688 953.125
-531.250 -445.312 -398.438 -7.812 -242.188 773.438 85.938 62.500 875.000 257.812 523.438 781.250 429.688 93.750 937.500
-531.250 -445.312 -398.438 -7.812 -242.188 773.438 85.938 62.500 875.000 257.812 523.438 781.250 429.688 93.750 937.500
-562.500 -437.500 -398.438 -7.812 -250.000 781.250 101.562 54.688 890.625 281.250 515.625 789.062 460.938 109.375 929.688
-585.938 -500.000 -421.875 70.312 -312.500 828.125 179.688 46.875 945.312 382.812 546.875 828.125 570.312 101.562 960.938
-585.938 -500.000 -421.875 70.312 -312.500 828.125 179.688 46.875 945.312 382.812 546.875 828.125 570.312 101.562 960.938
-617.188 -570.312 -460.938 70.312 -335.938 843.750 195.312 7.812 953.125 390.625 500.000 828.125 562.500 78.125 921.875
-632.812 -617.188 -484.375 93.750 -382.812 867.188 210.938 -31.250 960.938 375.000 468.750 820.312 546.875 54.688 890.625
-617.188 -648.438 -500.000 101.562 -437.500 875.000 210.938 -54.688 960.938 382.812 445.312 828.125 539.062 46.875 898.438
-562.500 -750.000 -476.562 101.562 -468.750 882.812 187.500 -85.938 968.750 335.938 421.875 828.125 500.000 0.000 882.812
-562.500 -750.000 -476.562 101.562 -468.750 882.812 187.500 -85.938 968.750 335.938 421.875 828.125 500.000 0.000 882.812
-531.250 -750.000 -468.750 117.188 -476.562 914.062 187.500 -62.500 984.375 320.312 429.688 843.750 468.750 7.812 882.812
-570.312 -687.500 -523.438 148.438 -414.062 945.312 257.812 -15.625 1007.812 414.062 476.562 835.938 562.500 62.500 890.625
-570.312 -687.500 -523.438 148.438 -414.062 945.312 257.812 -15.625 1007.812 414.062 476.562 835.938 562.500 62.500 890.625
-570.312 -687.500 -523.438 148.438 -414.062 945.312 257.812 -15.625 1007.812 414.062 476.562 835.938 562.500 62.500 890.625
-570.312 -687.500 -523.438 148.438 -414.062 945.312 257.812 -15.625 1007.812 414.062 476.562 835.938 562.500 62.500 890.625
-570.312 -687.500 -523.438 148.438 -414.062 945.312 257.812 -15.625 1007.812 414.062 476.562 835.938 562.500 62.500 890.625
-562.500 -742.188 -507.812 164.062 -398.438 945.312 257.812 -15.625 1000.000 390.625 460.938 812.500 539.062 70.312 875.000
-562.500 -742.188 -507.812 164.062 -398.438 945.312 257.812 -15.625 1000.000 390.625 460.938 812.500 539.062 70.312 875.000
-546.875 -734.375 -500.000 179.688 -390.625 945.312 250.000 0.000 1007.812 398.438 500.000 812.500 539.062 93.750 898.438
-539.062 -757.812 -484.375 187.500 -335.938 937.500 265.625 62.500 1000.000 421.875 546.875 804.688 562.500 140.625 914.062
-539.062 -757.812 -484.375 187.500 -335.938 937.500 265.625 62.500 1000.000 421.875 546.875 804.688 562.500 140.625 914.062
-531.250 -750.000 -476.562 203.125 -320.312 945.312 273.438 70.312 1007.812 421.875 546.875 796.875 554.688 148.438 906.250
-531.250 -750.000 -476.562 203.125 -320.312 945.312 273.438 70.312 1007.812 421.875 546.875 796.875 554.688 148.438 906.250
-554.688 -757.812 -484.375 187.500 -312.500 953.125 265.625 70.312 1000.000 437.500 531.250 781.250 562.500 156.250 882.812
-546.875 -726.562 -476.562 125.000 -343.750 929.688 234.375 46.875 992.188 414.062 531.250 781.250 570.312 132.812 898.438
-546.875 -726.562 -476.562 125.000 -343.750 929.688 234.375 46.875 992.188 414.062 531.250 781.250 570.312 132.812 898.438
-546.875 -742.188 -476.562 132.812 -328.125 945.312 226.562 54.688 1000.000 414.062 539.062 812.500 570.312 125.000 906.250
-554.688 -734.375 -476.562 140.625 -328.125 937.500 234.375 62.500 1000.000 414.062 539.062 796.875 554.688 140.625 906.250
-554.688 -734.375 -476.562 140.625 -328.125 937.500 234.375 62.500 1000.000 414.062 539.062 796.875 554.688 140.625 906.250
-554.688 -726.562 -484.375 140.625 -320.312 929.688 234.375 62.500 1007.812 429.688 546.875 804.688 578.125 140.625 921.875
-554.688 -726.562 -484.375 140.625 -320.312 929.688 234.375 62.500 1007.812 429.688 546.875 804.688 578.125 140.625 921.875
-554.688 -726.562 -484.375 148.438 -328.125 929.688 226.562 54.688 1007.812 406.250 539.062 796.875 539.062 132.812 921.875
-554.688 -750.000 -468.750 140.625 -335.938 945.312 210.938 46.875 984.375 375.000 515.625 773.438 500.000 125.000 882.812
-554.688 -750.000 -468.750 140.625 -335.938 945.312 210.938 46.875 984.375 375.000 515.625 773.438 500.000 125.000 882.812
-546.875 -757.812 -453.125 140.625 -335.938 937.500 203.125 46.875 992.188 359.375 523.438 781.250 492.188 117.188 875.000
-546.875 -750.000 -445.312 140.625 -320.312 937.500 210.938 62.500 976.562 375.000 523.438 781.250 492.188 132.812 875.000
-546.875 -750.000 -445.312 140.625 -320.312 937.500 210.938 62.500 976.562 375.000 523.438 781.250 492.188 132.812 875.000
-546.875 -734.375 -445.312 140.625 -312.500 929.688 210.938 78.125 968.750 382.812 546.875 773.438 523.438 156.250 898.438
-546.875 -734.375 -445.312 140.625 -312.500 929.688 210.938 78.125 968.750 382.812 546.875 773.438 523.438 156.250 898.438
-546.875 -726.562 -437.500 148.438 -281.250 921.875 226.562 101.562 976.562 382.812 562.500 765.625 523.438 164.062 898.438
-523.438 -742.188 -429.688 117.188 -289.062 898.438 195.312 85.938 960.938 359.375 546.875 765.625 476.562 148.438 890.625
-523.438 -742.188 -429.688 117.188 -289.062 898.438 195.312 85.938 960.938 359.375 546.875 765.625 476.562 148.438 890.625
-531.250 -671.875 -460.938 101.562 -257.812 875.000 195.312 101.562 945.312 359.375 546.875 750.000 500.000 156.250 890.625
-570.312 -593.750 -453.125 70.312 -250.000 875.000 179.688 109.375 945.312 414.062 570.312 765.625 601.562 164.062 929.688
-570.312 -593.750 -453.125 70.312 -250.000 875.000 179.688 109.375 945.312 414.062 570.312 765.625 601.562 164.062 929.688
-585.938 -585.938 -445.312 54.688 -242.188 859.375 179.688 101.562 945.312 406.250 546.875 757.812 570.312 156.250 898.438
-585.938 -585.938 -445.312 54.688 -242.188 859.375 179.688 101.562 945.312 406.250 546.875 757.812 570.312 156.250 898.438
-546.875 -632.812 -437.500 62.500 -296.875 875.000 156.250 70.312 945.312 351.562 531.250 773.438 507.812 117.188 890.625
-515.625 -695.312 -437.500 93.750 -335.938 890.625 164.062 31.250 960.938 296.875 476.562 757.812 406.250 93.750 859.375
-515.625 -695.312 -437.500 93.750 -335.938 890.625 164.062 31.250 960.938 296.875 476.562 757.812 406.250 93.750 859.375
-515.625 -742.188 -429.688 101.562 -367.188 906.250 164.062 7.812 953.125 289.062 468.750 757.812 390.625 78.125 835.938
-554.688 -703.125 -453.125 109.375 -343.750 921.875 203.125 39.062 976.562 382.812 507.812 789.062 523.438 117.188 890.625
-554.688 -703.125 -453.125 109.375 -343.750 921.875 203.125 39.062 976.562 382.812 507.812 789.062 523.438 117.188 890.625
-554.688 -703.125 -453.125 109.375 -343.750 921.875 203.125 39.062 976.562 382.812 507.812 789.062 523.438 117.188 890.625
-554.688 -703.125 -453.125 109.375 -343.750 921.875 203.125 39.062 976.562 382.812 507.812 789.062 523.438 117.188 890.625
-554.688 -703.125 -453.125 109.375 -343.750 921.875 203.125 39.062 976.562 382.812 507.812 789.062 523.438 117.188 890.625
-562.500 -695.312 -460.938 101.562 -312.500 914.062 218.750 62.500 976.562 406.250 531.250 789.062 546.875 132.812 890.625
-562.500 -695.312 -460.938 101.562 -312.500 914.062 218.750 62.500 976.562 406.250 531.250 789.062 546.875 132.812 890.625
-554.688 -695.312 -453.125 109.375 -296.875 914.062 210.938 78.125 968.750 390.625 539.062 789.062 539.062 140.625 906.250
-554.688 -710.938 -453.125 101.562 -289.062 906.250 203.125 85.938 968.750 382.812 539.062 773.438 523.438 140.625 906.250
-539.062 -710.938 -437.500 109.375 -296.875 914.062 195.312 78.125 953.125 359.375 546.875 757.812 500.000 148.438 890.625
-531.250 -726.562 -429.688 101.562 -304.688 906.250 179.688 78.125 953.125 343.750 531.250 765.625 484.375 140.625 890.625
-531.250 -726.562 -429.688 101.562 -304.688 906.250 179.688 78.125 953.125 343.750 531.250 765.625 484.375 140.625 890.625
-531.250 -687.500 -437.500 78.125 -312.500 906.250 171.875 54.688 937.500 320.312 507.812 742.188 437.500 132.812 843.750
-531.250 -695.312 -437.500 85.938 -296.875 914.062 179.688 70.312 953.125 335.938 515.625 765.625 476.562 132.812 859.375
-546.875 -695.312 -445.312 85.938 -289.062 914.062 195.312 93.750 960.938 390.625 546.875 773.438 531.250 148.438 906.250
-554.688 -671.875 -460.938 101.562 -281.250 914.062 210.938 101.562 976.562 406.250 562.500 781.250 562.500 156.250 914.062
-554.688 -671.875 -460.938 101.562 -281.250 914.062 210.938 101.562 976.562 406.250 562.500 781.250 562.500 156.250 914.062
-570.312 -687.500 -476.562 117.188 -296.875 914.062 226.562 85.938 984.375 421.875 554.688 781.250 562.500 164.062 898.438
-562.500 -710.938 -460.938 109.375 -312.500 921.875 218.750 70.312 968.750 398.438 523.438 773.438 531.250 148.438 890.625
-562.500 -710.938 -460.938 109.375 -312.500 921.875 218.750 70.312 968.750 398.438 523.438 773.438 531.250 148.438 890.625
-515.625 -750.000 -437.500 117.188 -343.750 929.688 195.312 54.688 976.562 343.750 515.625 773.438 460.938 117.188 882.812
-500.000 -781.250 -429.688 125.000 -335.938 937.500 179.688 54.688 976.562 328.125 507.812 765.625 437.500 117.188 875.000
-507.812 -781.250 -429.688 125.000 -351.562 937.500 195.312 46.875 976.562 320.312 500.000 765.625 437.500 109.375 875.000
-507.812 -789.062 -437.500 140.625 -351.562 937.500 195.312 54.688 968.750 328.125 507.812 781.250 445.312 101.562 875.000
-507.812 -789.062 -437.500 140.625 -351.562 937.500 195.312 54.688 968.750 328.125 507.812 781.250 445.312 101.562 875.000
-531.250 -687.500 -468.750 125.000 -289.062 914.062 210.938 93.750 968.750 390.625 554.688 773.438 523.438 164.062 906.250
-531.250 -687.500 -468.750 125.000 -289.062 914.062 210.938 93.750 968.750 390.625 554.688 773.438 523.438 164.062 906.250
-531.250 -687.500 -468.750 125.000 -289.062 914.062 210.938 93.750 968.750 390.625 554.688 773.438 523.438 164.062 906.250
-531.250 -687.500 -468.750 125.000 -289.062 914.062 210.938 93.750 968.750 390.625 554.688 773.438 523.438 164.062 906.250
-546.875 -687.500 -460.938 117.188 -257.812 921.875 234.375 117.188 992.188 421.875 570.312 781.250 570.312 164.062 929.688
-570.312 -671.875 -468.750 101.562 -250.000 906.250 234.375 117.188 968.750 445.312 578.125 781.250 601.562 179.688 929.688
-585.938 -632.812 -484.375 93.750 -242.188 906.250 234.375 125.000 976.562 460.938 578.125 789.062 625.000 187.500 929.688
-585.938 -632.812 -484.375 93.750 -242.188 906.250 234.375 125.000 976.562 460.938 578.125 789.062 625.000 187.500 929.688
-578.125 -656.250 -468.750 85.938 -250.000 906.250 234.375 117.188 976.562 445.312 578.125 781.250 609.375 187.500 929.688
-554.688 -679.688 -468.750 93.750 -265.625 906.250 218.750 101.562 968.750 414.062 570.312 773.438 562.500 171.875 906.250
-554.688 -679.688 -468.750 93.750 -265.625 906.250 218.750 101.562 968.750 414.062 570.312 773.438 562.500 171.875 906.250
-531.250 -742.188 -437.500 109.375 -296.875 937.500 203.125 78.125 976.562 367.188 539.062 773.438 500.000 148.438 898.438
-531.250 -742.188 -437.500 109.375 -296.875 937.500 203.125 78.125 976.562 367.188 539.062 773.438 500.000 148.438 898.438
-531.250 -781.250 -445.312 132.812 -335.938 945.312 210.938 70.312 984.375 359.375 531.250 781.250 484.375 132.812 898.438
-531.250 -789.062 -437.500 140.625 -343.750 945.312 210.938 62.500 984.375 359.375 523.438 789.062 476.562 125.000 898.438
-531.250 -789.062 -437.500 140.625 -343.750 945.312 210.938 62.500 984.375 359.375 523.438 789.062 476.562 125.000 898.438
-539.062 -781.250 -453.125 125.000 -359.375 945.312 218.750 46.875 992.188 367.188 507.812 789.062 476.562 125.000 890.625
-546.875 -781.250 -445.312 117.188 -359.375 945.312 195.312 39.062 976.562 359.375 500.000 781.250 468.750 109.375 890.625
-546.875 -781.250 -445.312 117.188 -359.375 945.312 195.312 39.062 976.562 359.375 500.000 781.250 468.750 109.375 890.625
-523.438 -757.812 -460.938 70.312 -359.375 914.062 156.250 15.625 960.938 320.312 492.188 781.250 437.500 93.750 867.188
-523.438 -757.812 -460.938 70.312 -359.375 914.062 156.250 15.625 960.938 320.312 492.188 781.250 437.500 93.750 867.188
-554.688 -640.625 -460.938 70.312 -335.938 921.875 156.250 46.875 984.375 296.875 492.188 789.062 421.875 101.562 875.000
-554.688 -695.312 -437.500 54.688 -351.562 906.250 148.438 46.875 960.938 328.125 500.000 789.062 453.125 101.562 882.812
-554.688 -695.312 -437.500 54.688 -351.562 906.250 148.438 46.875 960.938 328.125 500.000 789.062 453.125 101.562 882.812
-539.062 -687.500 -429.688 54.688 -304.688 906.250 164.062 62.500 960.938 320.312 515.625 781.250 468.750 125.000 890.625
-546.875 -695.312 -429.688 70.312 -296.875 914.062 164.062 78.125 960.938 320.312 531.250 765.625 468.750 140.625 890.625
-546.875 -695.312 -429.688 70.312 -296.875 914.062 164.062 78.125 960.938 320.312 531.250 765.625 468.750 140.625 890.625
-539.062 -703.125 -414.062 78.125 -289.062 906.250 171.875 93.750 953.125 351.562 546.875 765.625 476.562 148.438 898.438
-539.062 -703.125 -414.062 78.125 -289.062 906.250 171.875 93.750 953.125 351.562 546.875 765.625 476.562 148.438 898.438
-546.875 -703.125 -429.688 85.938 -296.875 929.688 179.688 85.938 960.938 343.750 531.250 781.250 460.938 132.812 890.625
-546.875 -726.562 -429.688 78.125 -312.500 921.875 179.688 78.125 960.938 335.938 523.438 765.625 460.938 140.625 882.812
-546.875 -726.562 -429.688 78.125 -312.500 921.875 179.688 78.125 960.938 335.938 523.438 765.625 460.938 140.625 882.812
-546.875 -750.000 -414.062 93.750 -328.125 921.875 171.875 70.312 960.938 328.125 515.625 757.812 445.312 125.000 882.812
-546.875 -750.000 -414.062 93.750 -328.125 921.875 171.875 70.312 960.938 328.125 515.625 757.812 445.312 125.000 882.812
-539.062 -742.188 -406.250 85.938 -328.125 914.062 171.875 54.688 953.125 312.500 515.625 757.812 437.500 125.000 875.000
-531.250 -710.938 -421.875 85.938 -273.438 890.625 179.688 101.562 929.688 351.562 539.062 742.188 484.375 164.062 867.188
-531.250 -710.938 -421.875 85.938 -273.438 890.625 179.688 101.562 929.688 351.562 539.062 742.188 484.375 164.062 867.188
-539.062 -640.625 -445.312 101.562 -226.562 890.625 210.938 148.438 960.938 429.688 593.750 765.625 585.938 195.312 921.875
-570.312 -648.438 -445.312 93.750 -226.562 898.438 218.750 140.625 960.938 429.688 585.938 765.625 570.312 195.312 914.062
-570.312 -648.438 -445.312 93.750 -226.562 898.438 218.750 140.625 960.938 429.688 585.938 765.625 570.312 195.312 914.062
-515.625 -734.375 -414.062 93.750 -296.875 929.688 171.875 85.938 960.938 335.938 539.062 757.812 460.938 148.438 875.000
-515.625 -734.375 -414.062 93.750 -296.875 929.688 171.875 85.938 960.938 335.938 539.062 757.812 460.938 148.438 875.000
-515.625 -734.375 -414.062 93.750 -296.875 929.688 171.875 85.938 960.938 335.938 539.062 757.812 460.938 148.438 875.000
-515.625 -734.375 -414.062 93.750 -296.875 929.688 171.875 85.938 960.938 335.938 539.062 757.812 460.938 148.438 875.000
-515.625 -734.375 -414.062 93.750 -296.875 929.688 171.875 85.938 960.938 335.938 539.062 757.812 460.938 148.438 875.000
-507.812 -773.438 -414.062 101.562 -320.312 937.500 171.875 78.125 976.562 335.938 515.625 765.625 437.500 140.625 875.000
-515.625 -789.062 -414.062 109.375 -328.125 937.500 195.312 70.312 968.750 335.938 515.625 765.625 445.312 140.625 882.812
-515.625 -789.062 -414.062 109.375 -328.125 937.500 195.312 70.312 968.750 335.938 515.625 765.625 445.312 140.625 882.812
-523.438 -789.062 -429.688 132.812 -335.938 945.312 203.125 62.500 968.750 351.562 515.625 781.250 453.125 125.000 882.812
-523.438 -789.062 -429.688 132.812 -335.938 945.312 203.125 62.500 968.750 351.562 515.625 781.250 453.125 125.000 882.812
-523.438 -781.250 -437.500 132.812 -335.938 937.500 203.125 62.500 976.562 351.562 515.625 781.250 460.938 125.000 875.000
-523.438 -773.438 -437.500 101.562 -343.750 929.688 195.312 46.875 953.125 335.938 492.188 757.812 445.312 117.188 851.562
-523.438 -773.438 -437.500 101.562 -343.750 929.688 195.312 46.875 953.125 335.938 492.188 757.812 445.312 117.188 851.562
-523.438 -750.000 -429.688 109.375 -328.125 929.688 187.500 70.312 968.750 351.562 531.250 765.625 484.375 132.812 898.438
-523.438 -742.188 -445.312 101.562 -312.500 914.062 195.312 78.125 960.938 359.375 531.250 765.625 492.188 140.625 882.812
-523.438 -742.188 -445.312 101.562 -312.500 914.062 195.312 78.125 960.938 359.375 531.250 765.625 492.188 140.625 882.812
-546.875 -695.312 -460.938 93.750 -296.875 914.062 203.125 85.938 968.750 382.812 539.062 773.438 507.812 148.438 890.625
-546.875 -695.312 -460.938 93.750 -296.875 914.062 203.125 85.938 968.750 382.812 539.062 773.438 507.812 148.438 890.625
-546.875 -679.688 -453.125 78.125 -289.062 906.250 195.312 93.750 968.750 398.438 539.062 773.438 531.250 156.250 898.438
-539.062 -679.688 -453.125 70.312 -281.250 898.438 195.312 93.750 968.750 390.625 554.688 773.438 539.062 164.062 906.250
-539.062 -679.688 -453.125 70.312 -281.250 898.438 195.312 93.750 968.750 390.625 554.688 773.438 539.062 164.062 906.250
-539.062 -695.312 -445.312 78.125 -281.250 914.062 195.312 85.938 968.750 375.000 539.062 773.438 507.812 148.438 890.625
-531.250 -710.938 -437.500 78.125 -304.688 906.250 179.688 85.938 960.938 359.375 531.250 765.625 500.000 140.625 882.812
-531.250 -710.938 -437.500 78.125 -304.688 906.250 179.688 85.938 960.938 359.375 531.250 765.625 500.000 140.625 882.812
-523.438 -742.188 -437.500 85.938 -320.312 914.062 179.688 62.500 960.938 335.938 507.812 757.812 460.938 125.000 875.000
-523.438 -742.188 -437.500 85.938 -320.312 914.062 179.688 62.500 960.938 335.938 507.812 757.812 460.938 125.000 875.000
-515.625 -742.188 -429.688 85.938 -320.312 921.875 179.688 70.312 968.750 328.125 507.812 773.438 453.125 125.000 875.000
-523.438 -742.188 -429.688 85.938 -328.125 914.062 171.875 54.688 960.938 328.125 500.000 765.625 453.125 109.375 867.188
-523.438 -742.188 -429.688 85.938 -328.125 914.062 171.875 54.688 960.938 328.125 500.000 765.625 453.125 109.375 867.188
-539.062 -695.312 -445.312 70.312 -320.312 898.438 164.062 54.688 953.125 328.125 507.812 765.625 460.938 117.188 875.000
-539.062 -671.875 -445.312 70.312 -320.312 906.250 156.250 54.688 953.125 320.312 500.000 765.625 445.312 117.188 867.188
-539.062 -671.875 -445.312 70.312 -320.312 906.250 156.250 54.688 953.125 320.312 500.000 765.625 445.312 117.188 867.188
-523.438 -695.312 -429.688 46.875 -328.125 890.625 148.438 54.688 945.312 304.688 500.000 765.625 445.312 117.188 867.188
-523.438 -695.312 -429.688 46.875 -328.125 890.625 148.438 54.688 945.312 304.688 500.000 765.625 445.312 117.188 867.188
-515.625 -695.312 -414.062 54.688 -320.312 890.625 140.625 62.500 937.500 312.500 507.812 757.812 437.500 125.000 875.000
-515.625 -695.312 -429.688 54.688 -304.688 898.438 140.625 70.312 945.312 312.500 515.625 765.625 437.500 132.812 882.812
-515.625 -695.312 -429.688 54.688 -304.688 898.438 140.625 70.312 945.312 312.500 515.625 765.625 437.500 132.812 882.812
-539.062 -671.875 -437.500 54.688 -281.250 890.625 164.062 93.750 953.125 351.562 531.250 757.812 492.188 156.250 882.812
