-648.438 -382.812 -601.562 -773.438 -531.250 218.750 -906.250 -367.188 210.938 -898.438 156.250 382.812 -640.625 70.312 734.375
-648.438 -382.812 -585.938 -773.438 -523.438 226.562 -890.625 -367.188 218.750 -875.000 148.438 406.250 -640.625 39.062 734.375
-695.312 -382.812 -601.562 -750.000 -554.688 242.188 -867.188 -390.625 250.000 -882.812 179.688 406.250 -617.188 78.125 773.438
-695.312 -382.812 -601.562 -750.000 -554.688 242.188 -867.188 -390.625 250.000 -882.812 179.688 406.250 -617.188 78.125 773.438
-695.312 -382.812 -601.562 -750.000 -554.688 242.188 -867.188 -390.625 250.000 -882.812 179.688 406.250 -617.188 78.125 773.438
-695.312 -382.812 -601.562 -750.000 -554.688 242.188 -867.188 -390.625 250.000 -882.812 179.688 406.250 -617.188 78.125 773.438
-695.312 -382.812 -601.562 -750.000 -554.688 242.188 -867.188 -390.625 250.000 -882.812 179.688 406.250 -617.188 78.125 773.438
-710.938 -367.188 -601.562 -742.188 -539.062 242.188 -867.188 -367.188 250.000 -867.188 195.312 421.875 -617.188 85.938 789.062
-710.938 -367.188 -601.562 -742.188 -539.062 242.188 -867.188 -367.188 250.000 -867.188 195.312 421.875 -617.188 85.938 789.062
-718.750 -351.562 -609.375 -742.188 -531.250 257.812 -867.188 -343.750 250.000 -875.000 226.562 414.062 -625.000 101.562 796.875
-703.125 -367.188 -609.375 -742.188 -507.812 257.812 -875.000 -312.500 242.188 -882.812 242.188 406.250 -632.812 109.375 804.688
-703.125 -367.188 -609.375 -742.188 -507.812 257.812 -875.000 -312.500 242.188 -882.812 242.188 406.250 -632.812 109.375 804.688
-703.125 -375.000 -609.375 -750.000 -500.000 250.000 -882.812 -312.500 226.562 -882.812 242.188 390.625 -640.625 109.375 796.875
-703.125 -390.625 -593.750 -742.188 -507.812 257.812 -882.812 -312.500 234.375 -882.812 242.188 375.000 -640.625 101.562 773.438
-703.125 -390.625 -593.750 -742.188 -507.812 257.812 -882.812 -312.500 234.375 -882.812 242.188 375.000 -640.625 101.562 773.438
-687.500 -398.438 -593.750 -742.188 -523.438 265.625 -882.812 -320.312 234.375 -882.812 234.375 390.625 -648.438 101.562 789.062
-687.500 -398.438 -593.750 -742.188 -523.438 265.625 -882.812 -320.312 234.375 -882.812 234.375 390.625 -648.438 101.562 789.062
-671.875 -453.125 -562.500 -742.188 -546.875 265.625 -875.000 -328.125 250.000 -882.812 234.375 421.875 -625.000 93.750 804.688
-640.625 -437.500 -539.062 -757.812 -554.688 242.188 -875.000 -312.500 257.812 -867.188 257.812 460.938 -585.938 85.938 859.375
-640.625 -437.500 -539.062 -757.812 -554.688 242.188 -875.000 -312.500 257.812 -867.188 257.812 460.938 -585.938 85.938 859.375
-640.625 -429.688 -523.438 -757.812 -554.688 257.812 -867.188 -304.688 265.625 -859.375 242.188 468.750 -585.938 78.125 828.125
-664.062 -453.125 -554.688 -773.438 -562.500 226.562 -875.000 -281.250 265.625 -851.562 218.750 460.938 -601.562 93.750 820.312
-671.875 -437.500 -570.312 -804.688 -562.500 218.750 -882.812 -265.625 273.438 -843.750 234.375 468.750 -625.000 109.375 812.500
-679.688 -484.375 -570.312 -796.875 -562.500 234.375 -890.625 -250.000 273.438 -843.750 234.375 476.562 -609.375 70.312 781.250
-679.688 -484.375 -570.312 -796.875 -562.500 234.375 -890.625 -250.000 273.438 -843.750 234.375 476.562 -609.375 70.312 781.250
-664.062 -445.312 -546.875 -781.250 -539.062 250.000 -882.812 -289.062 312.500 -859.375 203.125 484.375 -632.812 125.000 804.688
-601.562 -507.812 -492.188 -804.688 -562.500 218.750 -906.250 -281.250 242.188 -875.000 257.812 468.750 -570.312 132.812 906.250
-601.562 -507.812 -492.188 -804.688 -562.500 218.750 -906.250 -281.250 242.188 -875.000 257.812 468.750 -570.312 132.812 906.250
-578.125 -492.188 -492.188 -789.062 -609.375 226.562 -914.062 -304.688 195.312 -875.000 273.438 445.312 -593.750 125.000 882.812
-585.938 -492.188 -484.375 -757.812 -625.000 257.812 -921.875 -335.938 156.250 -890.625 265.625 406.250 -625.000 125.000 843.750
-609.375 -414.062 -570.312 -781.250 -515.625 218.750 -921.875 -312.500 109.375 -929.688 156.250 281.250 -765.625 62.500 640.625
-609.375 -414.062 -570.312 -781.250 -515.625 218.750 -921.875 -312.500 109.375 -929.688 156.250 281.250 -765.625 62.500 640.625
-609.375 -414.062 -570.312 -781.250 -515.625 218.750 -921.875 -312.500 109.375 -929.688 156.250 281.250 -765.625 62.500 640.625
-609.375 -414.062 -570.312 -781.250 -515.625 218.750 -921.875 -312.500 109.375 -929.688 156.250 281.250 -765.625 62.500 640.625
-632.812 -398.438 -578.125 -804.688 -484.375 203.125 -921.875 -296.875 101.562 -960.938 101.562 250.000 -757.812 78.125 617.188
-632.812 -398.438 -578.125 -804.688 -484.375 203.125 -921.875 -296.875 101.562 -960.938 101.562 250.000 -757.812 78.125 617.188
-640.625 -367.188 -601.562 -828.125 -476.562 132.812 -898.438 -257.812 54.688 -992.188 62.500 171.875 -781.250 117.188 570.312
-640.625 -367.188 -601.562 -828.125 -476.562 132.812 -898.438 -257.812 54.688 -992.188 62.500 171.875 -781.250 117.188 570.312
-664.062 -312.500 -617.188 -812.500 -570.312 101.562 -984.375 -218.750 -62.500 -1085.938 117.188 39.062 -859.375 117.188 453.125
-679.688 -289.062 -609.375 -781.250 -515.625 187.500 -953.125 -289.062 54.688 -1039.062 101.562 85.938 -921.875 85.938 414.062
-679.688 -289.062 -609.375 -781.250 -515.625 187.500 -953.125 -289.062 54.688 -1039.062 101.562 85.938 -921.875 85.938 414.062
-687.500 -289.062 -593.750 -859.375 -281.250 195.312 -875.000 -382.812 203.125 -945.312 -39.062 226.562 -867.188 70.312 437.500
-687.500 -289.062 -593.750 -859.375 -281.250 195.312 -875.000 -382.812 203.125 -945.312 -39.062 226.562 -867.188 70.312 437.500
-679.688 -335.938 -562.500 -835.938 -242.188 234.375 -890.625 -531.250 93.750 -898.438 78.125 250.000 -765.625 85.938 539.062
-671.875 -335.938 -585.938 -820.312 -273.438 242.188 -859.375 -500.000 171.875 -859.375 23.438 289.062 -757.812 46.875 515.625
-671.875 -335.938 -585.938 -820.312 -273.438 242.188 -859.375 -500.000 171.875 -859.375 23.438 289.062 -757.812 46.875 515.625
-710.938 -281.250 -703.125 -804.688 -359.375 273.438 -781.250 -359.375 375.000 -937.500 -265.625 367.188 -773.438 -156.250 414.062
-765.625 -265.625 -757.812 -781.250 -367.188 304.688 -773.438 -382.812 367.188 -890.625 -203.125 359.375 -781.250 -242.188 375.000
-765.625 -265.625 -757.812 -781.250 -367.188 304.688 -773.438 -382.812 367.188 -890.625 -203.125 359.375 -781.250 -242.188 375.000
-812.500 -281.250 -789.062 -718.750 -437.500 390.625 -812.500 -453.125 382.812 -851.562 54.688 531.250 -859.375 -445.312 335.938
-812.500 -281.250 -789.062 -718.750 -437.500 390.625 -812.500 -453.125 382.812 -851.562 54.688 531.250 -859.375 -445.312 335.938
-820.312 -281.250 -789.062 -695.312 -375.000 375.000 -765.625 -437.500 468.750 -867.188 54.688 640.625 -664.062 -265.625 406.250
-828.125 -85.938 -843.750 -710.938 -375.000 382.812 -789.062 -460.938 382.812 -757.812 -7.812 484.375 -367.188 -289.062 343.750
-828.125 -85.938 -843.750 -710.938 -375.000 382.812 -789.062 -460.938 382.812 -757.812 -7.812 484.375 -367.188 -289.062 343.750
-851.562 132.812 -867.188 -703.125 -304.688 398.438 -851.562 -460.938 351.562 -960.938 -39.062 375.000 31.250 -281.250 421.875
-851.562 31.250 -843.750 -710.938 -265.625 359.375 -898.438 -468.750 265.625 -1132.812 -62.500 250.000 593.750 -265.625 500.000
-851.562 31.250 -843.750 -710.938 -265.625 359.375 -898.438 -468.750 265.625 -1132.812 -62.500 250.000 593.750 -265.625 500.000
-750.000 -140.625 -687.500 -734.375 -382.812 242.188 -929.688 -562.500 23.438 -953.125 -15.625 460.938 812.500 390.625 1187.500
-750.000 -140.625 -687.500 -734.375 -382.812 242.188 -929.688 -562.500 23.438 -953.125 -15.625 460.938 812.500 390.625 1187.500
-656.250 -226.562 -539.062 -804.688 -539.062 -39.062 -890.625 -23.438 203.125 -328.125 585.938 1125.000 476.562 414.062 1601.562
-656.250 -226.562 -539.062 -804.688 -539.062 -39.062 -890.625 -23.438 203.125 -328.125 585.938 1125.000 476.562 414.062 1601.562
-656.250 -226.562 -539.062 -804.688 -539.062 -39.062 -890.625 -23.438 203.125 -328.125 585.938 1125.000 476.562 414.062 1601.562
-656.250 -226.562 -539.062 -804.688 -539.062 -39.062 -890.625 -23.438 203.125 -328.125 585.938 1125.000 476.562 414.062 1601.562
-765.625 -85.938 -703.125 -820.312 -570.312 -85.938 -835.938 -23.438 250.000 -492.188 359.375 1023.438 273.438 273.438 1320.312
-765.625 -85.938 -703.125 -820.312 -570.312 -85.938 -835.938 -23.438 250.000 -492.188 359.375 1023.438 273.438 273.438 1320.312
-890.625 140.625 -859.375 -851.562 -804.688 -109.375 -914.062 -273.438 265.625 -562.500 226.562 656.250 15.625 218.750 859.375
-890.625 140.625 -859.375 -851.562 -804.688 -109.375 -914.062 -273.438 265.625 -562.500 226.562 656.250 15.625 218.750 859.375
-773.438 -31.250 -773.438 -820.312 -882.812 -15.625 -875.000 -421.875 390.625 -695.312 390.625 609.375 -109.375 343.750 984.375
-773.438 -273.438 -726.562 -820.312 -929.688 -31.250 -867.188 -445.312 375.000 -625.000 476.562 757.812 -62.500 468.750 1140.625
-820.312 -531.250 -835.938 -789.062 -945.312 -15.625 -843.750 -390.625 312.500 -500.000 320.312 976.562 78.125 265.625 1179.688
-820.312 -531.250 -835.938 -789.062 -945.312 -15.625 -843.750 -390.625 312.500 -500.000 320.312 976.562 78.125 265.625 1179.688
-851.562 -570.312 -859.375 -750.000 -914.062 31.250 -843.750 -390.625 351.562 -523.438 226.562 929.688 78.125 54.688 1140.625
-851.562 -570.312 -859.375 -750.000 -914.062 31.250 -843.750 -390.625 351.562 -523.438 226.562 929.688 78.125 54.688 1140.625
-781.250 -570.312 -710.938 -679.688 -867.188 148.438 -898.438 -507.812 343.750 -726.562 164.062 703.125 7.812 140.625 992.188
-781.250 -570.312 -710.938 -679.688 -867.188 148.438 -898.438 -507.812 343.750 -726.562 164.062 703.125 7.812 140.625 992.188
-609.375 -500.000 -460.938 -671.875 -898.438 156.250 -921.875 -546.875 273.438 -679.688 164.062 648.438 -39.062 234.375 843.750
-515.625 -585.938 -265.625 -679.688 -882.812 148.438 -921.875 -492.188 257.812 -601.562 250.000 796.875 23.438 156.250 882.812
-515.625 -585.938 -265.625 -679.688 -882.812 148.438 -921.875 -492.188 257.812 -601.562 250.000 796.875 23.438 156.250 882.812
-406.250 -476.562 -179.688 -687.500 -796.875 93.750 -875.000 -375.000 304.688 -476.562 257.812 906.250 179.688 164.062 1054.688
-679.688 -343.750 -453.125 -703.125 -710.938 101.562 -875.000 -351.562 343.750 -539.062 281.250 796.875 46.875 289.062 1039.062
-679.688 -343.750 -453.125 -703.125 -710.938 101.562 -875.000 -351.562 343.750 -539.062 281.250 796.875 46.875 289.062 1039.062
-968.750 -359.375 -765.625 -671.875 -609.375 171.875 -859.375 -242.188 375.000 -585.938 453.125 671.875 -140.625 437.500 960.938
-968.750 -359.375 -765.625 -671.875 -609.375 171.875 -859.375 -242.188 375.000 -585.938 453.125 671.875 -140.625 437.500 960.938
-796.875 -257.812 -500.000 -671.875 -601.562 140.625 -898.438 -101.562 273.438 -460.938 484.375 812.500 179.688 382.812 1015.625
-632.812 -304.688 -289.062 -718.750 -593.750 109.375 -906.250 -85.938 250.000 -421.875 476.562 843.750 335.938 359.375 1054.688
-632.812 -304.688 -289.062 -718.750 -593.750 109.375 -906.250 -85.938 250.000 -421.875 476.562 843.750 335.938 359.375 1054.688
-742.188 -437.500 -398.438 -695.312 -640.625 117.188 -890.625 -164.062 273.438 -492.188 476.562 781.250 273.438 359.375 1054.688
-742.188 -437.500 -398.438 -695.312 -640.625 117.188 -890.625 -164.062 273.438 -492.188 476.562 781.250 273.438 359.375 1054.688
-742.188 -437.500 -398.438 -695.312 -640.625 117.188 -890.625 -164.062 273.438 -492.188 476.562 781.250 273.438 359.375 1054.688
-742.188 -437.500 -398.438 -695.312 -640.625 117.188 -890.625 -164.062 273.438 -492.188 476.562 781.250 273.438 359.375 1054.688
-742.188 -437.500 -398.438 -695.312 -640.625 117.188 -890.625 -164.062 273.438 -492.188 476.562 781.250 273.438 359.375 1054.688
-703.125 -492.188 -375.000 -695.312 -679.688 132.812 -890.625 -195.312 312.500 -460.938 421.875 789.062 195.312 406.250 1000.000
-710.938 -484.375 -390.625 -687.500 -703.125 164.062 -882.812 -234.375 359.375 -468.750 367.188 750.000 0.000 367.188 937.500
-710.938 -484.375 -390.625 -687.500 -703.125 164.062 -882.812 -234.375 359.375 -468.750 367.188 750.000 0.000 367.188 937.500
-757.812 -539.062 -468.750 -671.875 -765.625 187.500 -921.875 -257.812 234.375 -539.062 367.188 710.938 101.562 304.688 945.312
-757.812 -539.062 -468.750 -671.875 -765.625 187.500 -921.875 -257.812 234.375 -539.062 367.188 710.938 101.562 304.688 945.312
-734.375 -609.375 -453.125 -656.250 -765.625 218.750 -929.688 -250.000 234.375 -554.688 359.375 695.312 78.125 281.250 937.500
-695.312 -539.062 -320.312 -671.875 -718.750 218.750 -921.875 -125.000 265.625 -85.938 515.625 968.750 125.000 296.875 1000.000
-695.312 -539.062 -320.312 -671.875 -718.750 218.750 -921.875 -125.000 265.625 -85.938 515.625 968.750 125.000 296.875 1000.000
-765.625 -445.312 -468.750 -718.750 -664.062 62.500 -898.438 -210.938 203.125 -554.688 304.688 648.438 70.312 367.188 1070.312
-804.688 -445.312 -539.062 -687.500 -640.625 101.562 -937.500 -195.312 164.062 -617.188 390.625 632.812 7.812 351.562 945.312
-804.688 -445.312 -539.062 -687.500 -640.625 101.562 -937.500 -195.312 164.062 -617.188 390.625 632.812 7.812 351.562 945.312
-820.312 -281.250 -562.500 -718.750 -640.625 93.750 -976.562 -195.312 54.688 -679.688 343.750 593.750 -54.688 234.375 812.500
-820.312 -281.250 -562.500 -718.750 -640.625 93.750 -976.562 -195.312 54.688 -679.688 343.750 593.750 -54.688 234.375 812.500
-867.188 -367.188 -570.312 -703.125 -664.062 101.562 -1000.000 -226.562 23.438 -726.562 328.125 570.312 -70.312 164.062 765.625
-781.250 -382.812 -539.062 -718.750 -695.312 93.750 -984.375 -257.812 39.062 -695.312 281.250 554.688 -31.250 257.812 859.375
-781.250 -382.812 -539.062 -718.750 -695.312 93.750 -984.375 -257.812 39.062 -695.312 281.250 554.688 -31.250 257.812 859.375
-742.188 -500.000 -492.188 -726.562 -687.500 70.312 -976.562 -250.000 62.500 -656.250 320.312 625.000 -46.875 289.062 937.500
-734.375 -492.188 -492.188 -710.938 -695.312 78.125 -945.312 -242.188 78.125 -648.438 328.125 656.250 -23.438 257.812 937.500
-734.375 -492.188 -492.188 -710.938 -695.312 78.125 -945.312 -242.188 78.125 -648.438 328.125 656.250 -23.438 257.812 937.500
-750.000 -429.688 -515.625 -687.500 -726.562 101.562 -921.875 -281.250 195.312 -632.812 312.500 664.062 -85.938 281.250 929.688
-750.000 -429.688 -515.625 -687.500 -726.562 101.562 -921.875 -281.250 195.312 -632.812 312.500 664.062 -85.938 281.250 929.688
-789.062 -445.312 -523.438 -679.688 -742.188 101.562 -921.875 -289.062 234.375 -601.562 296.875 703.125 -93.750 289.062 937.500
-757.812 -484.375 -500.000 -679.688 -734.375 109.375 -929.688 -265.625 218.750 -609.375 367.188 734.375 39.062 242.188 992.188
-757.812 -484.375 -500.000 -679.688 -734.375 109.375 -929.688 -265.625 218.750 -609.375 367.188 734.375 39.062 242.188 992.188
-734.375 -484.375 -460.938 -687.500 -742.188 140.625 -945.312 -257.812 242.188 -593.750 359.375 703.125 15.625 335.938 1000.000
-734.375 -484.375 -460.938 -687.500 -742.188 140.625 -945.312 -257.812 242.188 -593.750 359.375 703.125 15.625 335.938 1000.000
-734.375 -484.375 -460.938 -687.500 -742.188 140.625 -945.312 -257.812 242.188 -593.750 359.375 703.125 15.625 335.938 1000.000
-734.375 -484.375 -460.938 -687.500 -742.188 140.625 -945.312 -257.812 242.188 -593.750 359.375 703.125 15.625 335.938 1000.000
-734.375 -484.375 -460.938 -687.500 -742.188 140.625 -945.312 -257.812 242.188 -593.750 359.375 703.125 15.625 335.938 1000.000
-710.938 -507.812 -460.938 -695.312 -734.375 148.438 -937.500 -250.000 250.000 -593.750 375.000 703.125 23.438 304.688 1031.250
-734.375 -601.562 -476.562 -687.500 -773.438 179.688 -945.312 -257.812 250.000 -578.125 367.188 695.312 -15.625 390.625 1015.625
-734.375 -601.562 -476.562 -687.500 -773.438 179.688 -945.312 -257.812 250.000 -578.125 367.188 695.312 -15.625 390.625 1015.625
-648.438 -648.438 -437.500 -695.312 -812.500 210.938 -960.938 -234.375 226.562 -593.750 406.250 671.875 -62.500 234.375 914.062
-593.750 -664.062 -382.812 -734.375 -789.062 187.500 -960.938 -218.750 203.125 -609.375 414.062 632.812 -62.500 257.812 929.688
-593.750 -664.062 -382.812 -734.375 -789.062 187.500 -960.938 -218.750 203.125 -609.375 414.062 632.812 -62.500 257.812 929.688
-546.875 -750.000 -351.562 -726.562 -820.312 218.750 -914.062 -210.938 203.125 -562.500 492.188 648.438 -101.562 351.562 921.875
-546.875 -750.000 -351.562 -726.562 -820.312 218.750 -914.062 -210.938 203.125 -562.500 492.188 648.438 -101.562 351.562 921.875
-398.438 -812.500 -203.125 -765.625 -789.062 187.500 -898.438 -210.938 109.375 -546.875 468.750 578.125 -31.250 -7.812 953.125
-421.875 -921.875 -390.625 -656.250 -921.875 195.312 -882.812 -406.250 -46.875 -609.375 351.562 445.312 187.500 195.312 1328.125
-421.875 -921.875 -390.625 -656.250 -921.875 195.312 -882.812 -406.250 -46.875 -609.375 351.562 445.312 187.500 195.312 1328.125
-476.562 -859.375 -453.125 -539.062 -1093.750 296.875 -921.875 -656.250 187.500 -460.938 765.625 546.875 234.375 867.188 2000.000
-476.562 -859.375 -453.125 -539.062 -1093.750 296.875 -921.875 -656.250 187.500 -460.938 765.625 546.875 234.375 867.188 2000.000
-523.438 -804.688 -507.812 -695.312 -1078.125 85.938 -945.312 -656.250 203.125 -828.125 648.438 648.438 390.625 1109.375 1757.812
-468.750 -671.875 -562.500 -906.250 -945.312 -367.188 -898.438 -351.562 -117.188 -1078.125 179.688 859.375 750.000 875.000 2460.938
-468.750 -671.875 -562.500 -906.250 -945.312 -367.188 -898.438 -351.562 -117.188 -1078.125 179.688 859.375 750.000 875.000 2460.938
-468.750 -539.062 -570.312 -906.250 -835.938 -523.438 -937.500 -132.812 -257.812 -1265.625 281.250 812.500 1281.250 1585.938 3132.812
-484.375 -343.750 -523.438 -906.250 -460.938 -515.625 -539.062 210.938 -398.438 -23.438 3570.312 1140.625 -257.812 -1632.812 -46.875
-484.375 -343.750 -523.438 -906.250 -460.938 -515.625 -539.062 210.938 -398.438 -23.438 3570.312 1140.625 -257.812 -1632.812 -46.875
-570.312 0.000 -648.438 -609.375 617.188 -46.875 -835.938 1476.562 1023.438 328.125 -1703.125 171.875 -476.562 -914.062 -54.688
-570.312 0.000 -648.438 -609.375 617.188 -46.875 -835.938 1476.562 1023.438 328.125 -1703.125 171.875 -476.562 -914.062 -54.688
-648.438 156.250 -726.562 -218.750 281.250 -164.062 -109.375 1906.250 1039.062 -1085.938 -2445.312 789.062 -789.062 -101.562 7.812
-593.750 257.812 -937.500 -250.000 1039.062 421.875 -304.688 -898.438 953.125 -304.688 -218.750 609.375 -625.000 320.312 632.812
-593.750 257.812 -937.500 -250.000 1039.062 421.875 -304.688 -898.438 953.125 -304.688 -218.750 609.375 -625.000 320.312 632.812
-695.312 148.438 -1000.000 -492.188 710.938 593.750 -320.312 -1078.125 968.750 -593.750 140.625 406.250 -554.688 492.188 835.938
-796.875 -7.812 -960.938 93.750 -640.625 929.688 -148.438 -1015.625 828.125 -796.875 -226.562 359.375 -593.750 242.188 507.812
-796.875 -7.812 -960.938 93.750 -640.625 929.688 -148.438 -1015.625 828.125 -796.875 -226.562 359.375 -593.750 242.188 507.812
-734.375 -85.938 -875.000 156.250 -1398.438 1390.625 -265.625 -937.500 726.562 -414.062 -617.188 296.875 -625.000 101.562 203.125
-734.375 -85.938 -875.000 156.250 -1398.438 1390.625 -265.625 -937.500 726.562 -414.062 -617.188 296.875 -625.000 101.562 203.125
-734.375 -203.125 -859.375 273.438 -1265.625 1453.125 -257.812 -1210.938 789.062 -492.188 -695.312 281.250 -820.312 -7.812 62.500
-546.875 -546.875 -781.250 -156.250 -593.750 781.250 -320.312 -773.438 734.375 -640.625 -851.562 406.250 -1046.875 -398.438 -78.125
-546.875 -546.875 -781.250 -156.250 -593.750 781.250 -320.312 -773.438 734.375 -640.625 -851.562 406.250 -1046.875 -398.438 -78.125
-546.875 -546.875 -781.250 -156.250 -593.750 781.250 -320.312 -773.438 734.375 -640.625 -851.562 406.250 -1046.875 -398.438 -78.125
-546.875 -546.875 -781.250 -156.250 -593.750 781.250 -320.312 -773.438 734.375 -640.625 -851.562 406.250 -1046.875 -398.438 -78.125
-546.875 -546.875 -781.250 -156.250 -593.750 781.250 -320.312 -773.438 734.375 -640.625 -851.562 406.250 -1046.875 -398.438 -78.125
-562.500 -578.125 -812.500 -406.250 -671.875 648.438 -460.938 -671.875 562.500 -718.750 -640.625 429.688 -976.562 -218.750 171.875
-562.500 -578.125 -812.500 -406.250 -671.875 648.438 -460.938 -671.875 562.500 -718.750 -640.625 429.688 -976.562 -218.750 171.875
-539.062 -468.750 -781.250 -460.938 -617.188 648.438 -507.812 -671.875 585.938 -773.438 -625.000 421.875 -984.375 -195.312 195.312
-531.250 -171.875 -765.625 -484.375 -570.312 710.938 -531.250 -718.750 593.750 -812.500 -625.000 375.000 -1078.125 -187.500 70.312
-531.250 -171.875 -765.625 -484.375 -570.312 710.938 -531.250 -718.750 593.750 -812.500 -625.000 375.000 -1078.125 -187.500 70.312
-546.875 46.875 -789.062 -500.000 -570.312 734.375 -562.500 -726.562 601.562 -828.125 -625.000 367.188 -1085.938 -171.875 -23.438
-632.812 367.188 -882.812 -484.375 -585.938 726.562 -531.250 -718.750 578.125 -820.312 -609.375 359.375 -1039.062 -171.875 85.938
-632.812 367.188 -882.812 -484.375 -585.938 726.562 -531.250 -718.750 578.125 -820.312 -609.375 359.375 -1039.062 -171.875 85.938
-773.438 320.312 -968.750 -468.750 -617.188 671.875 -445.312 -742.188 578.125 -671.875 -640.625 445.312 -914.062 -203.125 367.188
-773.438 320.312 -968.750 -468.750 -617.188 671.875 -445.312 -742.188 578.125 -671.875 -640.625 445.312 -914.062 -203.125 367.188
-812.500 281.250 -968.750 -484.375 -640.625 671.875 -406.250 -750.000 609.375 -625.000 -671.875 500.000 -859.375 -242.188 500.000
-757.812 210.938 -875.000 -460.938 -656.250 640.625 -328.125 -757.812 671.875 -500.000 -757.812 593.750 -828.125 -296.875 601.562
-757.812 210.938 -875.000 -460.938 -656.250 640.625 -328.125 -757.812 671.875 -500.000 -757.812 593.750 -828.125 -296.875 601.562
-703.125 171.875 -835.938 -398.438 -648.438 648.438 -304.688 -734.375 679.688 -476.562 -773.438 617.188 -820.312 -312.500 578.125
-640.625 148.438 -828.125 -296.875 -664.062 679.688 -257.812 -710.938 703.125 -500.000 -750.000 585.938 -835.938 -289.062 492.188
-640.625 148.438 -828.125 -296.875 -664.062 679.688 -257.812 -710.938 703.125 -500.000 -750.000 585.938 -835.938 -289.062 492.188
-664.062 85.938 -898.438 -242.188 -656.250 695.312 -273.438 -718.750 671.875 -515.625 -718.750 539.062 -882.812 -304.688 375.000
-664.062 85.938 -898.438 -242.188 -656.250 695.312 -273.438 -718.750 671.875 -515.625 -718.750 539.062 -882.812 -304.688 375.000
-687.500 31.250 -929.688 -257.812 -671.875 695.312 -312.500 -695.312 656.250 -570.312 -687.500 507.812 -914.062 -281.250 335.938
-695.312 -78.125 -960.938 -312.500 -734.375 601.562 -406.250 -656.250 531.250 -648.438 -632.812 421.875 -960.938 -203.125 257.812
-695.312 -78.125 -960.938 -312.500 -734.375 601.562 -406.250 -656.250 531.250 -648.438 -632.812 421.875 -960.938 -203.125 257.812
-710.938 -93.750 -976.562 -414.062 -664.062 531.250 -429.688 -632.812 492.188 -664.062 -609.375 375.000 -1000.000 -218.750 156.250
-664.062 -7.812 -976.562 -539.062 -695.312 476.562 -531.250 -695.312 414.062 -750.000 -593.750 304.688 -1015.625 -210.938 15.625
-664.062 -7.812 -976.562 -539.062 -695.312 476.562 -531.250 -695.312 414.062 -750.000 -593.750 304.688 -1015.625 -210.938 15.625
-726.562 164.062 -1101.562 -570.312 -710.938 554.688 -593.750 -789.062 460.938 -804.688 -679.688 250.000 -1156.250 -304.688 -210.938
-781.250 171.875 -1195.312 -570.312 -414.062 531.250 -656.250 -640.625 578.125 -859.375 -726.562 320.312 -1218.750 -328.125 -265.625
-781.250 171.875 -1195.312 -570.312 -414.062 531.250 -656.250 -640.625 578.125 -859.375 -726.562 320.312 -1218.750 -328.125 -265.625
-789.062 117.188 -1148.438 -679.688 -835.938 718.750 -632.812 -898.438 414.062 -757.812 -664.062 234.375 -976.562 -250.000 -85.938
-789.062 117.188 -1148.438 -679.688 -835.938 718.750 -632.812 -898.438 414.062 -757.812 -664.062 234.375 -976.562 -250.000 -85.938
-726.562 132.812 -1046.875 -593.750 -1125.000 875.000 -718.750 -906.250 421.875 -796.875 -578.125 296.875 -812.500 -93.750 -23.438
-726.562 132.812 -1046.875 -593.750 -1125.000 875.000 -718.750 -906.250 421.875 -796.875 -578.125 296.875 -812.500 -93.750 -23.438
-609.375 140.625 -789.062 -31.250 -1609.375 1187.500 -656.250 -976.562 484.375 -812.500 -445.312 304.688 -546.875 -15.625 546.875
-437.500 -234.375 -570.312 -460.938 -992.188 500.000 -742.188 -750.000 398.438 -851.562 -382.812 421.875 -320.312 54.688 1156.250
-437.500 -234.375 -570.312 -460.938 -992.188 500.000 -742.188 -750.000 398.438 -851.562 -382.812 421.875 -320.312 54.688 1156.250
-421.875 -351.562 -476.562 -687.500 -609.375 179.688 -765.625 -718.750 312.500 -843.750 -289.062 484.375 -234.375 93.750 1335.938
-421.875 -351.562 -476.562 -687.500 -609.375 179.688 -765.625 -718.750 312.500 -843.750 -289.062 484.375 -234.375 93.750 1335.938
-382.812 -679.688 -257.812 -570.312 -179.688 -93.750 -351.562 -554.688 429.688 -757.812 -265.625 523.438 -398.438 54.688 1156.250
-382.812 -679.688 -257.812 -570.312 -179.688 -93.750 -351.562 -554.688 429.688 -757.812 -265.625 523.438 -398.438 54.688 1156.250
-382.812 -679.688 -257.812 -570.312 -179.688 -93.750 -351.562 -554.688 429.688 -757.812 -265.625 523.438 -398.438 54.688 1156.250
-382.812 -679.688 -257.812 -570.312 -179.688 -93.750 -351.562 -554.688 429.688 -757.812 -265.625 523.438 -398.438 54.688 1156.250
-789.062 -882.812 -890.625 -671.875 -85.938 85.938 -570.312 -414.062 492.188 -796.875 -546.875 445.312 -656.250 -171.875 625.000
-789.062 -882.812 -890.625 -671.875 -85.938 85.938 -570.312 -414.062 492.188 -796.875 -546.875 445.312 -656.250 -171.875 625.000
-875.000 -625.000 -929.688 -773.438 -78.125 218.750 -492.188 -304.688 671.875 -687.500 -750.000 562.500 -789.062 -289.062 382.812
-781.250 -382.812 -804.688 -773.438 -7.812 281.250 -429.688 -335.938 703.125 -570.312 -695.312 593.750 -835.938 -328.125 335.938
-625.000 -218.750 -664.062 -789.062 -70.312 328.125 -523.438 -335.938 671.875 -609.375 -570.312 617.188 -773.438 -218.750 445.312
-601.562 -210.938 -664.062 -820.312 -195.312 343.750 -453.125 -359.375 640.625 -617.188 -460.938 585.938 -687.500 -93.750 554.688
-601.562 -210.938 -664.062 -820.312 -195.312 343.750 -453.125 -359.375 640.625 -617.188 -460.938 585.938 -687.500 -93.750 554.688
-640.625 -359.375 -656.250 -812.500 -250.000 328.125 -671.875 -250.000 539.062 -718.750 -273.438 562.500 -671.875 23.438 781.250
-632.812 -226.562 -578.125 -890.625 -93.750 265.625 -625.000 -273.438 609.375 -742.188 -382.812 570.312 -687.500 -54.688 703.125
-632.812 -226.562 -578.125 -890.625 -93.750 265.625 -625.000 -273.438 609.375 -742.188 -382.812 570.312 -687.500 -54.688 703.125
-640.625 -226.562 -617.188 -875.000 -93.750 226.562 -671.875 -195.312 601.562 -726.562 -343.750 585.938 -695.312 -31.250 718.750
-640.625 -226.562 -617.188 -875.000 -93.750 226.562 -671.875 -195.312 601.562 -726.562 -343.750 585.938 -695.312 -31.250 718.750
-664.062 -257.812 -632.812 -859.375 -226.562 257.812 -523.438 -179.688 679.688 -687.500 -281.250 632.812 -679.688 62.500 781.250
-664.062 -273.438 -640.625 -851.562 -179.688 281.250 -570.312 -117.188 679.688 -671.875 -289.062 656.250 -671.875 54.688 781.250
-664.062 -273.438 -640.625 -851.562 -179.688 281.250 -570.312 -117.188 679.688 -671.875 -289.062 656.250 -671.875 54.688 781.250
-656.250 -296.875 -656.250 -828.125 -132.812 265.625 -523.438 -179.688 710.938 -679.688 -312.500 656.250 -664.062 46.875 750.000
-632.812 -273.438 -664.062 -843.750 -242.188 265.625 -578.125 -132.812 718.750 -695.312 -273.438 664.062 -703.125 70.312 742.188
-632.812 -273.438 -664.062 -843.750 -242.188 265.625 -578.125 -132.812 718.750 -695.312 -273.438 664.062 -703.125 70.312 742.188
-640.625 -289.062 -679.688 -859.375 -296.875 265.625 -585.938 -140.625 718.750 -679.688 -273.438 671.875 -687.500 85.938 757.812
-640.625 -289.062 -679.688 -859.375 -296.875 265.625 -585.938 -140.625 718.750 -679.688 -273.438 671.875 -687.500 85.938 757.812
-671.875 -320.312 -687.500 -843.750 -312.500 281.250 -554.688 -164.062 750.000 -671.875 -343.750 679.688 -656.250 31.250 796.875
-664.062 -335.938 -695.312 -851.562 -351.562 304.688 -531.250 -179.688 773.438 -648.438 -359.375 687.500 -640.625 39.062 773.438
-664.062 -335.938 -695.312 -851.562 -351.562 304.688 -531.250 -179.688 773.438 -648.438 -359.375 687.500 -640.625 39.062 773.438
-687.500 -382.812 -757.812 -828.125 -421.875 367.188 -523.438 -218.750 789.062 -648.438 -375.000 671.875 -640.625 0.000 773.438
-656.250 -390.625 -750.000 -804.688 -375.000 421.875 -531.250 -250.000 796.875 -671.875 -375.000 656.250 -648.438 -7.812 781.250
-656.250 -390.625 -750.000 -804.688 -375.000 421.875 -531.250 -250.000 796.875 -671.875 -375.000 656.250 -648.438 -7.812 781.250
-640.625 -414.062 -718.750 -796.875 -382.812 437.500 -531.250 -250.000 804.688 -664.062 -375.000 671.875 -640.625 0.000 789.062
-640.625 -414.062 -718.750 -796.875 -382.812 437.500 -531.250 -250.000 804.688 -664.062 -375.000 671.875 -640.625 0.000 789.062
-593.750 -320.312 -656.250 -851.562 -289.062 312.500 -554.688 -187.500 781.250 -656.250 -359.375 726.562 -578.125 31.250 921.875
-593.750 -320.312 -656.250 -851.562 -289.062 312.500 -554.688 -187.500 781.250 -656.250 -359.375 726.562 -578.125 31.250 921.875
-593.750 -320.312 -656.250 -851.562 -289.062 312.500 -554.688 -187.500 781.250 -656.250 -359.375 726.562 -578.125 31.250 921.875
-593.750 -320.312 -656.250 -851.562 -289.062 312.500 -554.688 -187.500 781.250 -656.250 -359.375 726.562 -578.125 31.250 921.875
-593.750 -320.312 -656.250 -851.562 -289.062 312.500 -554.688 -187.500 781.250 -656.250 -359.375 726.562 -578.125 31.250 921.875
-617.188 -257.812 -703.125 -859.375 -289.062 304.688 -578.125 -179.688 789.062 -664.062 -335.938 718.750 -601.562 39.062 875.000
-640.625 -273.438 -718.750 -843.750 -312.500 320.312 -578.125 -195.312 781.250 -671.875 -351.562 710.938 -609.375 23.438 875.000
-640.625 -273.438 -718.750 -843.750 -312.500 320.312 -578.125 -195.312 781.250 -671.875 -351.562 710.938 -609.375 23.438 875.000
-632.812 -164.062 -726.562 -859.375 -281.250 320.312 -554.688 -210.938 781.250 -656.250 -367.188 687.500 -601.562 15.625 820.312
-648.438 -203.125 -734.375 -875.000 -289.062 304.688 -578.125 -210.938 765.625 -679.688 -375.000 679.688 -609.375 0.000 828.125
-648.438 -203.125 -734.375 -875.000 -289.062 304.688 -578.125 -210.938 765.625 -679.688 -375.000 679.688 -609.375 0.000 828.125
-609.375 -257.812 -679.688 -882.812 -320.312 281.250 -609.375 -242.188 726.562 -703.125 -375.000 640.625 -609.375 -23.438 835.938
-609.375 -257.812 -679.688 -882.812 -320.312 281.250 -609.375 -242.188 726.562 -703.125 -375.000 640.625 -609.375 -23.438 835.938
-625.000 -296.875 -695.312 -851.562 -382.812 320.312 -593.750 -281.250 703.125 -695.312 -375.000 585.938 -656.250 -31.250 742.188
-632.812 -328.125 -710.938 -851.562 -421.875 351.562 -578.125 -296.875 734.375 -703.125 -382.812 578.125 -664.062 -39.062 703.125
-632.812 -328.125 -710.938 -851.562 -421.875 351.562 -578.125 -296.875 734.375 -703.125 -382.812 578.125 -664.062 -39.062 703.125
-617.188 -375.000 -695.312 -843.750 -398.438 351.562 -554.688 -304.688 757.812 -687.500 -421.875 593.750 -664.062 -62.500 718.750
-609.375 -367.188 -695.312 -843.750 -390.625 351.562 -562.500 -273.438 765.625 -687.500 -406.250 609.375 -648.438 -54.688 734.375
-609.375 -367.188 -695.312 -843.750 -390.625 351.562 -562.500 -273.438 765.625 -687.500 -406.250 609.375 -648.438 -54.688 734.375
-632.812 -382.812 -695.312 -820.312 -406.250 359.375 -554.688 -250.000 757.812 -671.875 -367.188 648.438 -640.625 -7.812 781.250
-632.812 -382.812 -695.312 -820.312 -406.250 359.375 -554.688 -250.000 757.812 -671.875 -367.188 648.438 -640.625 -7.812 781.250
-656.250 -367.188 -695.312 -796.875 -351.562 390.625 -531.250 -234.375 789.062 -656.250 -375.000 656.250 -617.188 7.812 796.875
-648.438 -343.750 -695.312 -804.688 -296.875 382.812 -531.250 -210.938 796.875 -656.250 -359.375 679.688 -617.188 15.625 812.500
-648.438 -343.750 -695.312 -804.688 -296.875 382.812 -531.250 -210.938 796.875 -656.250 -359.375 679.688 -617.188 15.625 812.500
-648.438 -265.625 -687.500 -843.750 -242.188 296.875 -570.312 -164.062 765.625 -664.062 -328.125 703.125 -593.750 46.875 867.188
-632.812 -210.938 -664.062 -859.375 -234.375 265.625 -593.750 -171.875 750.000 -671.875 -312.500 703.125 -593.750 46.875 875.000
-632.812 -210.938 -664.062 -859.375 -234.375 265.625 -593.750 -171.875 750.000 -671.875 -312.500 703.125 -593.750 46.875 875.000
-609.375 -250.000 -640.625 -875.000 -242.188 242.188 -632.812 -179.688 703.125 -703.125 -289.062 664.062 -593.750 39.062 882.812
-609.375 -250.000 -640.625 -875.000 -242.188 242.188 -632.812 -179.688 703.125 -703.125 -289.062 664.062 -593.750 39.062 882.812
-593.750 -265.625 -625.000 -875.000 -289.062 226.562 -640.625 -203.125 687.500 -718.750 -304.688 625.000 -625.000 0.000 843.750
-601.562 -273.438 -632.812 -875.000 -296.875 226.562 -640.625 -210.938 687.500 -710.938 -312.500 640.625 -617.188 0.000 867.188
-601.562 -273.438 -632.812 -875.000 -296.875 226.562 -640.625 -210.938 687.500 -710.938 -312.500 640.625 -617.188 0.000 867.188
-640.625 -296.875 -679.688 -875.000 -320.312 242.188 -601.562 -187.500 757.812 -679.688 -351.562 710.938 -562.500 -7.812 968.750
-671.875 -359.375 -695.312 -843.750 -351.562 250.000 -562.500 -148.438 789.062 -664.062 -359.375 765.625 -539.062 -15.625 1023.438
-671.875 -359.375 -695.312 -843.750 -351.562 250.000 -562.500 -148.438 789.062 -664.062 -359.375 765.625 -539.062 -15.625 1023.438
-640.625 -453.125 -632.812 -820.312 -429.688 203.125 -460.938 -23.438 851.562 -593.750 -375.000 906.250 -367.188 39.062 1179.688
-640.625 -453.125 -632.812 -820.312 -429.688 203.125 -460.938 -23.438 851.562 -593.750 -375.000 906.250 -367.188 39.062 1179.688
-648.438 -617.188 -679.688 -742.188 -359.375 328.125 -476.562 -210.938 914.062 -554.688 -437.500 890.625 -367.188 -125.000 1062.500
-289.062 -812.500 -273.438 -710.938 -234.375 335.938 -39.062 -312.500 1242.188 -273.438 -914.062 1046.875 -382.812 -85.938 1054.688
-289.062 -812.500 -273.438 -710.938 -234.375 335.938 -39.062 -312.500 1242.188 -273.438 -914.062 1046.875 -382.812 -85.938 1054.688
-867.188 15.625 -656.250 -929.688 39.062 210.938 -609.375 -171.875 796.875 -101.562 -398.438 648.438 -312.500 23.438 835.938
-867.188 15.625 -656.250 -929.688 39.062 210.938 -609.375 -171.875 796.875 -101.562 -398.438 648.438 -312.500 23.438 835.938
-867.188 15.625 -656.250 -929.688 39.062 210.938 -609.375 -171.875 796.875 -101.562 -398.438 648.438 -312.500 23.438 835.938
-867.188 15.625 -656.250 -929.688 39.062 210.938 -609.375 -171.875 796.875 -101.562 -398.438 648.438 -312.500 23.438 835.938
-867.188 15.625 -656.250 -929.688 39.062 210.938 -609.375 -171.875 796.875 -101.562 -398.438 648.438 -312.500 23.438 835.938
-273.438 23.438 -148.438 -437.500 -421.875 390.625 -562.500 -546.875 601.562 -351.562 -242.188 382.812 -429.688 -31.250 742.188
-554.688 85.938 -343.750 -179.688 -484.375 289.062 -320.312 -226.562 382.812 -281.250 -109.375 250.000 -546.875 148.438 765.625
-554.688 85.938 -343.750 -179.688 -484.375 289.062 -320.312 -226.562 382.812 -281.250 -109.375 250.000 -546.875 148.438 765.625
-726.562 -85.938 -890.625 -648.438 -359.375 -85.938 -359.375 -359.375 -132.812 -789.062 460.938 -312.500 -500.000 117.188 476.562
-843.750 -171.875 -1093.750 -679.688 -640.625 -31.250 -375.000 -343.750 -320.312 -1585.938 773.438 -617.188 -671.875 156.250 445.312
-843.750 -171.875 -1093.750 -679.688 -640.625 -31.250 -375.000 -343.750 -320.312 -1585.938 773.438 -617.188 -671.875 156.250 445.312
-1054.688 -265.625 -1453.125 -835.938 -914.062 156.250 -1039.062 -609.375 -515.625 -1148.438 679.688 -679.688 -632.812 507.812 -187.500
-1054.688 -265.625 -1453.125 -835.938 -914.062 156.250 -1039.062 -609.375 -515.625 -1148.438 679.688 -679.688 -632.812 507.812 -187.500
-1007.812 -710.938 -1421.875 -1078.125 -1031.250 70.312 -1148.438 -78.125 -468.750 -1179.688 31.250 -531.250 -1093.750 -273.438 -781.250
-835.938 -812.500 -1171.875 -1148.438 -757.812 -7.812 -1164.062 -289.062 -296.875 -1195.312 -328.125 -453.125 -1257.812 -164.062 -921.875
-835.938 -812.500 -1171.875 -1148.438 -757.812 -7.812 -1164.062 -289.062 -296.875 -1195.312 -328.125 -453.125 -1257.812 -164.062 -921.875
-375.000 -710.938 -507.812 -1210.938 -640.625 -148.438 -1023.438 -617.188 -93.750 -1109.375 -515.625 -328.125 -1414.062 -148.438 -781.250
-375.000 -710.938 -507.812 -1210.938 -640.625 -148.438 -1023.438 -617.188 -93.750 -1109.375 -515.625 -328.125 -1414.062 -148.438 -781.250
-312.500 -687.500 -328.125 -1117.188 -687.500 -234.375 -1023.438 -578.125 -125.000 -1085.938 -437.500 -273.438 -1343.750 -343.750 -562.500
-359.375 -718.750 -328.125 -1085.938 -640.625 -289.062 -1039.062 -429.688 -281.250 -1109.375 -164.062 -304.688 -1023.438 -203.125 -23.438
-359.375 -718.750 -328.125 -1085.938 -640.625 -289.062 -1039.062 -429.688 -281.250 -1109.375 -164.062 -304.688 -1023.438 -203.125 -23.438
-546.875 -617.188 -492.188 -1007.812 -539.062 -250.000 -1046.875 -312.500 -296.875 -1070.312 39.062 -273.438 -1015.625 -54.688 117.188
-617.188 -492.188 -539.062 -914.062 -492.188 -179.688 -1000.000 -281.250 -203.125 -1023.438 7.812 -187.500 -1070.312 -39.062 85.938
-617.188 -492.188 -539.062 -914.062 -492.188 -179.688 -1000.000 -281.250 -203.125 -1023.438 7.812 -187.500 -1070.312 -39.062 85.938
-757.812 -257.812 -609.375 -820.312 -320.312 -23.438 -976.562 -265.625 -46.875 -1062.500 -31.250 -125.000 -1117.188 -46.875 15.625
-757.812 -257.812 -609.375 -820.312 -320.312 -23.438 -976.562 -265.625 -46.875 -1062.500 -31.250 -125.000 -1117.188 -46.875 15.625
-789.062 -195.312 -632.812 -859.375 -281.250 0.000 -976.562 -218.750 -39.062 -1054.688 15.625 -101.562 -1125.000 15.625 54.688
-828.125 -226.562 -664.062 -843.750 -304.688 -15.625 -976.562 -171.875 -62.500 -1031.250 109.375 -70.312 -1109.375 62.500 171.875
-828.125 -226.562 -664.062 -843.750 -304.688 -15.625 -976.562 -171.875 -62.500 -1031.250 109.375 -70.312 -1109.375 62.500 171.875
-757.812 -281.250 -593.750 -820.312 -335.938 23.438 -914.062 -257.812 7.812 -992.188 15.625 -31.250 -1039.062 0.000 179.688
-726.562 -367.188 -546.875 -804.688 -367.188 62.500 -898.438 -296.875 54.688 -1007.812 -70.312 -15.625 -1007.812 -70.312 140.625
-726.562 -367.188 -546.875 -804.688 -367.188 62.500 -898.438 -296.875 54.688 -1007.812 -70.312 -15.625 -1007.812 -70.312 140.625
-664.062 -523.438 -531.250 -820.312 -484.375 93.750 -906.250 -390.625 62.500 -976.562 -132.812 -39.062 -1000.000 -109.375 85.938
-664.062 -523.438 -531.250 -820.312 -484.375 93.750 -906.250 -390.625 62.500 -976.562 -132.812 -39.062 -1000.000 -109.375 85.938
-664.062 -585.938 -578.125 -835.938 -507.812 85.938 -898.438 -429.688 62.500 -976.562 -164.062 -54.688 -968.750 -132.812 54.688
-679.688 -609.375 -640.625 -875.000 -570.312 93.750 -937.500 -445.312 31.250 -1007.812 -187.500 -78.125 -992.188 -179.688 31.250
-679.688 -609.375 -640.625 -875.000 -570.312 93.750 -937.500 -445.312 31.250 -1007.812 -187.500 -78.125 -992.188 -179.688 31.250
-656.250 -500.000 -671.875 -906.250 -601.562 78.125 -960.938 -445.312 0.000 -1007.812 -179.688 -109.375 -953.125 -117.188 -15.625
-664.062 -468.750 -679.688 -914.062 -562.500 46.875 -953.125 -437.500 -15.625 -1023.438 -164.062 -125.000 -1054.688 -156.250 0.000
-664.062 -468.750 -679.688 -914.062 -562.500 46.875 -953.125 -437.500 -15.625 -1023.438 -164.062 -125.000 -1054.688 -156.250 0.000
-656.250 -421.875 -695.312 -914.062 -453.125 15.625 -992.188 -343.750 -15.625 -1078.125 -117.188 -62.500 -968.750 -218.750 140.625
-656.250 -421.875 -695.312 -914.062 -453.125 15.625 -992.188 -343.750 -15.625 -1078.125 -117.188 -62.500 -968.750 -218.750 140.625
-656.250 -421.875 -695.312 -914.062 -453.125 15.625 -992.188 -343.750 -15.625 -1078.125 -117.188 -62.500 -968.750 -218.750 140.625
-656.250 -421.875 -695.312 -914.062 -453.125 15.625 -992.188 -343.750 -15.625 -1078.125 -117.188 -62.500 -968.750 -218.750 140.625
-656.250 -421.875 -695.312 -914.062 -453.125 15.625 -992.188 -343.750 -15.625 -1078.125 -117.188 -62.500 -968.750 -218.750 140.625
-648.438 -312.500 -726.562 -945.312 -429.688 70.312 -1054.688 -390.625 -15.625 -1093.750 -93.750 -62.500 -1000.000 -70.312 125.000
-648.438 -312.500 -726.562 -945.312 -429.688 70.312 -1054.688 -390.625 -15.625 -1093.750 -93.750 -62.500 -1000.000 -70.312 125.000
-664.062 -234.375 -781.250 -960.938 -437.500 117.188 -1093.750 -382.812 7.812 -1117.188 -109.375 -93.750 -984.375 -101.562 93.750
-734.375 -296.875 -929.688 -914.062 -484.375 125.000 -1093.750 -320.312 -39.062 -1187.500 0.000 -101.562 -1187.500 -31.250 125.000
-734.375 -296.875 -929.688 -914.062 -484.375 125.000 -1093.750 -320.312 -39.062 -1187.500 0.000 -101.562 -1187.500 -31.250 125.000
-757.812 -289.062 -976.562 -960.938 -484.375 85.938 -1148.438 -273.438 -62.500 -1187.500 15.625 -109.375 -1140.625 -7.812 93.750
-812.500 -85.938 -1054.688 -937.500 -515.625 140.625 -1093.750 -335.938 -62.500 -1171.875 -39.062 -148.438 -1085.938 -31.250 93.750
-812.500 -85.938 -1054.688 -937.500 -515.625 140.625 -1093.750 -335.938 -62.500 -1171.875 -39.062 -148.438 -1085.938 -31.250 93.750
-820.312 -296.875 -1085.938 -804.688 -570.312 140.625 -953.125 -312.500 -54.688 -1117.188 39.062 -140.625 -1109.375 -23.438 132.812
-820.312 -296.875 -1085.938 -804.688 -570.312 140.625 -953.125 -312.500 -54.688 -1117.188 39.062 -140.625 -1109.375 -23.438 132.812
-781.250 -406.250 -1054.688 -742.188 -656.250 148.438 -898.438 -281.250 -54.688 -1062.500 39.062 -117.188 -1046.875 -31.250 148.438
-632.812 -703.125 -914.062 -609.375 -375.000 226.562 -632.812 -406.250 117.188 -835.938 -70.312 -62.500 -851.562 0.000 101.562
-632.812 -703.125 -914.062 -609.375 -375.000 226.562 -632.812 -406.250 117.188 -835.938 -70.312 -62.500 -851.562 0.000 101.562
-632.812 -703.125 -914.062 -609.375 -375.000 226.562 -632.812 -406.250 117.188 -835.938 -70.312 -62.500 -851.562 0.000 101.562
-632.812 -703.125 -914.062 -609.375 -375.000 226.562 -632.812 -406.250 117.188 -835.938 -70.312 -62.500 -851.562 0.000 101.562
-632.812 -703.125 -914.062 -609.375 -375.000 226.562 -632.812 -406.250 117.188 -835.938 -70.312 -62.500 -851.562 0.000 101.562
-671.875 -609.375 -953.125 -507.812 -554.688 156.250 -546.875 -101.562 117.188 -695.312 0.000 62.500 -679.688 125.000 218.750
-671.875 -609.375 -953.125 -507.812 -554.688 156.250 -546.875 -101.562 117.188 -695.312 0.000 62.500 -679.688 125.000 218.750
-703.125 -625.000 -937.500 -484.375 -578.125 117.188 -453.125 -226.562 125.000 -585.938 15.625 85.938 -554.688 242.188 304.688
-562.500 -539.062 -742.188 -585.938 -328.125 179.688 -359.375 -343.750 179.688 -367.188 -54.688 312.500 -437.500 -101.562 492.188
-562.500 -539.062 -742.188 -585.938 -328.125 179.688 -359.375 -343.750 179.688 -367.188 -54.688 312.500 -437.500 -101.562 492.188
-515.625 -492.188 -578.125 -546.875 -312.500 164.062 -320.312 -148.438 304.688 -335.938 -23.438 515.625 -429.688 -273.438 664.062
632.812 164.062 1773.438 -382.812 187.500 421.875 375.000 -515.625 2320.312 -148.438 -1593.750 1398.438 -500.000 7.812 773.438
632.812 164.062 1773.438 -382.812 187.500 421.875 375.000 -515.625 2320.312 -148.438 -1593.750 1398.438 -500.000 7.812 773.438
-1445.312 93.750 -882.812 -1554.688 -304.688 218.750 -1054.688 -773.438 671.875 -789.062 -578.125 687.500 -812.500 -125.000 656.250
-1445.312 93.750 -882.812 -1554.688 -304.688 218.750 -1054.688 -773.438 671.875 -789.062 -578.125 687.500 -812.500 -125.000 656.250
-968.750 -46.875 -648.438 -757.812 -875.000 523.438 -757.812 -804.688 382.812 -453.125 0.000 703.125 -656.250 -296.875 804.688
-718.750 -125.000 -484.375 -984.375 -31.250 109.375 -882.812 -609.375 351.562 -945.312 -375.000 585.938 -500.000 -320.312 1046.875
-718.750 -125.000 -484.375 -984.375 -31.250 109.375 -882.812 -609.375 351.562 -945.312 -375.000 585.938 -500.000 -320.312 1046.875
-718.750 -125.000 -484.375 -984.375 -31.250 109.375 -882.812 -609.375 351.562 -945.312 -375.000 585.938 -500.000 -320.312 1046.875
-718.750 -125.000 -484.375 -984.375 -31.250 109.375 -882.812 -609.375 351.562 -945.312 -375.000 585.938 -500.000 -320.312 1046.875
-718.750 -125.000 -484.375 -984.375 -31.250 109.375 -882.812 -609.375 351.562 -945.312 -375.000 585.938 -500.000 -320.312 1046.875
-750.000 0.000 -554.688 -929.688 -500.000 187.500 -937.500 -437.500 265.625 -1000.000 -289.062 437.500 -710.938 -234.375 781.250
-750.000 0.000 -554.688 -929.688 -500.000 187.500 -937.500 -437.500 265.625 -1000.000 -289.062 437.500 -710.938 -234.375 781.250
-804.688 15.625 -531.250 -898.438 -695.312 257.812 -929.688 -585.938 250.000 -976.562 -312.500 382.812 -734.375 -179.688 742.188
-703.125 -46.875 -460.938 -914.062 -656.250 265.625 -859.375 -664.062 273.438 -906.250 -429.688 445.312 -640.625 -320.312 773.438
-703.125 -46.875 -460.938 -914.062 -656.250 265.625 -859.375 -664.062 273.438 -906.250 -429.688 445.312 -640.625 -320.312 773.438
-742.188 -101.562 -531.250 -851.562 -585.938 226.562 -820.312 -625.000 296.875 -882.812 -421.875 453.125 -632.812 -304.688 789.062
-773.438 -85.938 -601.562 -742.188 -664.062 273.438 -757.812 -632.812 320.312 -828.125 -335.938 492.188 -601.562 -203.125 812.500
-773.438 -85.938 -601.562 -742.188 -664.062 273.438 -757.812 -632.812 320.312 -828.125 -335.938 492.188 -601.562 -203.125 812.500
-773.438 -85.938 -640.625 -679.688 -695.312 304.688 -695.312 -562.500 375.000 -781.250 -304.688 554.688 -554.688 -171.875 859.375
-773.438 -85.938 -640.625 -679.688 -695.312 304.688 -695.312 -562.500 375.000 -781.250 -304.688 554.688 -554.688 -171.875 859.375
-773.438 -85.938 -664.062 -632.812 -664.062 320.312 -687.500 -546.875 398.438 -765.625 -296.875 578.125 -539.062 -171.875 867.188
-765.625 -62.500 -656.250 -648.438 -593.750 335.938 -656.250 -562.500 398.438 -750.000 -242.188 570.312 -500.000 -148.438 867.188
-765.625 -62.500 -656.250 -648.438 -593.750 335.938 -656.250 -562.500 398.438 -750.000 -242.188 570.312 -500.000 -148.438 867.188
-765.625 -62.500 -656.250 -632.812 -570.312 343.750 -664.062 -523.438 414.062 -742.188 -234.375 578.125 -507.812 -101.562 875.000
-750.000 -15.625 -632.812 -656.250 -523.438 343.750 -687.500 -492.188 429.688 -765.625 -203.125 578.125 -515.625 -78.125 867.188
-750.000 -15.625 -632.812 -656.250 -523.438 343.750 -687.500 -492.188 429.688 -765.625 -203.125 578.125 -515.625 -78.125 867.188
-726.562 -70.312 -617.188 -679.688 -531.250 351.562 -695.312 -476.562 414.062 -765.625 -203.125 562.500 -539.062 -78.125 843.750
-726.562 -70.312 -617.188 -679.688 -531.250 351.562 -695.312 -476.562 414.062 -765.625 -203.125 562.500 -539.062 -78.125 843.750
-718.750 -85.938 -593.750 -671.875 -539.062 375.000 -703.125 -500.000 414.062 -796.875 -210.938 554.688 -531.250 -93.750 851.562
-687.500 -93.750 -601.562 -718.750 -546.875 375.000 -726.562 -523.438 406.250 -789.062 -234.375 554.688 -523.438 -101.562 828.125
-687.500 -93.750 -601.562 -718.750 -546.875 375.000 -726.562 -523.438 406.250 -789.062 -234.375 554.688 -523.438 -101.562 828.125
-710.938 -148.438 -585.938 -726.562 -554.688 367.188 -734.375 -515.625 414.062 -796.875 -226.562 554.688 -523.438 -93.750 835.938
-710.938 -148.438 -585.938 -726.562 -554.688 367.188 -734.375 -515.625 414.062 -796.875 -226.562 554.688 -523.438 -93.750 835.938
-710.938 -156.250 -609.375 -703.125 -546.875 398.438 -726.562 -507.812 429.688 -789.062 -218.750 546.875 -546.875 -62.500 812.500
-703.125 -203.125 -617.188 -671.875 -539.062 429.688 -710.938 -507.812 445.312 -796.875 -195.312 554.688 -546.875 -46.875 828.125
-703.125 -203.125 -617.188 -671.875 -539.062 429.688 -710.938 -507.812 445.312 -796.875 -195.312 554.688 -546.875 -46.875 828.125
-695.312 -250.000 -601.562 -664.062 -554.688 437.500 -703.125 -507.812 453.125 -789.062 -187.500 562.500 -554.688 -39.062 828.125
-687.500 -218.750 -640.625 -640.625 -585.938 453.125 -671.875 -515.625 445.312 -773.438 -171.875 554.688 -539.062 -15.625 804.688
-687.500 -218.750 -640.625 -640.625 -585.938 453.125 -671.875 -515.625 445.312 -773.438 -171.875 554.688 -539.062 -15.625 804.688
-695.312 -187.500 -656.250 -617.188 -539.062 468.750 -648.438 -484.375 500.000 -757.812 -156.250 585.938 -515.625 0.000 812.500
-695.312 -187.500 -656.250 -617.188 -539.062 468.750 -648.438 -484.375 500.000 -757.812 -156.250 585.938 -515.625 0.000 812.500
-750.000 -218.750 -664.062 -585.938 -476.562 500.000 -625.000 -437.500 554.688 -734.375 -70.312 656.250 -468.750 70.312 914.062
-742.188 -218.750 -664.062 -562.500 -460.938 515.625 -617.188 -406.250 570.312 -742.188 -15.625 671.875 -453.125 109.375 937.500
-742.188 -218.750 -664.062 -562.500 -460.938 515.625 -617.188 -406.250 570.312 -742.188 -15.625 671.875 -453.125 109.375 937.500
-734.375 -250.000 -656.250 -562.500 -453.125 515.625 -617.188 -421.875 570.312 -742.188 -23.438 656.250 -476.562 101.562 921.875
-718.750 -273.438 -656.250 -562.500 -460.938 523.438 -625.000 -429.688 570.312 -757.812 -39.062 656.250 -484.375 101.562 914.062
-710.938 -289.062 -648.438 -578.125 -484.375 523.438 -648.438 -437.500 554.688 -757.812 -70.312 632.812 -507.812 85.938 890.625
-671.875 -242.188 -648.438 -578.125 -539.062 507.812 -640.625 -460.938 546.875 -757.812 -109.375 617.188 -539.062 46.875 835.938
-671.875 -242.188 -648.438 -578.125 -539.062 507.812 -640.625 -460.938 546.875 -757.812 -109.375 617.188 -539.062 46.875 835.938
-710.938 -218.750 -640.625 -679.688 -531.250 468.750 -703.125 -468.750 492.188 -781.250 -109.375 632.812 -484.375 23.438 898.438
-695.312 -210.938 -640.625 -703.125 -531.250 476.562 -703.125 -500.000 500.000 -796.875 -140.625 625.000 -500.000 0.000 898.438
-695.312 -210.938 -640.625 -703.125 -531.250 476.562 -703.125 -500.000 500.000 -796.875 -140.625 625.000 -500.000 0.000 898.438
-710.938 -218.750 -648.438 -695.312 -539.062 476.562 -703.125 -507.812 507.812 -796.875 -156.250 625.000 -515.625 -7.812 898.438
-695.312 -234.375 -656.250 -695.312 -554.688 492.188 -703.125 -523.438 500.000 -796.875 -148.438 632.812 -515.625 -7.812 898.438
-695.312 -257.812 -656.250 -671.875 -562.500 492.188 -695.312 -539.062 507.812 -796.875 -164.062 632.812 -515.625 -15.625 890.625
-695.312 -273.438 -656.250 -656.250 -570.312 500.000 -687.500 -546.875 515.625 -789.062 -164.062 632.812 -515.625 -15.625 890.625
-695.312 -273.438 -656.250 -656.250 -570.312 500.000 -687.500 -546.875 515.625 -789.062 -164.062 632.812 -515.625 -15.625 890.625
-695.312 -296.875 -656.250 -632.812 -593.750 507.812 -679.688 -554.688 523.438 -781.250 -164.062 640.625 -507.812 -15.625 906.250
-695.312 -164.062 -710.938 -601.562 -570.312 500.000 -625.000 -523.438 546.875 -742.188 -156.250 656.250 -492.188 15.625 890.625
-695.312 -164.062 -710.938 -601.562 -570.312 500.000 -625.000 -523.438 546.875 -742.188 -156.250 656.250 -492.188 15.625 890.625
-734.375 -85.938 -765.625 -585.938 -570.312 484.375 -609.375 -507.812 546.875 -718.750 -148.438 671.875 -507.812 23.438 875.000
-765.625 -140.625 -765.625 -585.938 -570.312 484.375 -609.375 -523.438 539.062 -726.562 -132.812 687.500 -484.375 31.250 921.875
-750.000 -195.312 -734.375 -593.750 -578.125 492.188 -617.188 -531.250 546.875 -726.562 -140.625 710.938 -453.125 15.625 953.125
-734.375 -195.312 -718.750 -601.562 -585.938 492.188 -617.188 -546.875 539.062 -734.375 -140.625 695.312 -484.375 0.000 937.500
-734.375 -195.312 -718.750 -601.562 -585.938 492.188 -617.188 -546.875 539.062 -734.375 -140.625 695.312 -484.375 0.000 937.500
-726.562 -210.938 -718.750 -625.000 -601.562 492.188 -648.438 -554.688 515.625 -765.625 -179.688 671.875 -507.812 -31.250 914.062
-703.125 -210.938 -695.312 -648.438 -601.562 476.562 -656.250 -570.312 492.188 -781.250 -187.500 648.438 -492.188 -46.875 898.438
-703.125 -210.938 -695.312 -648.438 -601.562 476.562 -656.250 -570.312 492.188 -781.250 -187.500 648.438 -492.188 -46.875 898.438
-710.938 -210.938 -687.500 -648.438 -601.562 476.562 -656.250 -562.500 507.812 -781.250 -187.500 648.438 -492.188 -39.062 906.250
-710.938 -210.938 -687.500 -648.438 -601.562 476.562 -656.250 -562.500 507.812 -781.250 -187.500 648.438 -492.188 -39.062 906.250
-734.375 -164.062 -687.500 -648.438 -578.125 460.938 -664.062 -554.688 492.188 -757.812 -164.062 656.250 -468.750 -31.250 937.500
-726.562 -140.625 -679.688 -656.250 -593.750 445.312 -664.062 -546.875 492.188 -750.000 -156.250 671.875 -460.938 -39.062 945.312
-726.562 -140.625 -679.688 -656.250 -593.750 445.312 -664.062 -546.875 492.188 -750.000 -156.250 671.875 -460.938 -39.062 945.312
-703.125 -210.938 -671.875 -656.250 -609.375 453.125 -664.062 -578.125 476.562 -773.438 -226.562 609.375 -546.875 -54.688 828.125
-703.125 -210.938 -671.875 -656.250 -609.375 453.125 -664.062 -578.125 476.562 -773.438 -226.562 609.375 -546.875 -54.688 828.125
-703.125 -210.938 -671.875 -656.250 -609.375 453.125 -664.062 -578.125 476.562 -773.438 -226.562 609.375 -546.875 -54.688 828.125
-703.125 -210.938 -671.875 -656.250 -609.375 453.125 -664.062 -578.125 476.562 -773.438 -226.562 609.375 -546.875 -54.688 828.125
-703.125 -210.938 -671.875 -656.250 -609.375 453.125 -664.062 -578.125 476.562 -773.438 -226.562 609.375 -546.875 -54.688 828.125
-695.312 -203.125 -664.062 -640.625 -593.750 460.938 -664.062 -570.312 468.750 -773.438 -203.125 585.938 -562.500 -39.062 796.875
-703.125 -218.750 -656.250 -632.812 -585.938 453.125 -664.062 -554.688 460.938 -781.250 -187.500 578.125 -554.688 -39.062 812.500
-703.125 -218.750 -656.250 -632.812 -585.938 453.125 -664.062 -554.688 460.938 -781.250 -187.500 578.125 -554.688 -39.062 812.500
-703.125 -226.562 -632.812 -640.625 -578.125 460.938 -671.875 -554.688 460.938 -789.062 -179.688 585.938 -539.062 -39.062 828.125
-703.125 -226.562 -632.812 -640.625 -578.125 460.938 -671.875 -554.688 460.938 -789.062 -179.688 585.938 -539.062 -39.062 828.125
-695.312 -226.562 -632.812 -664.062 -570.312 445.312 -679.688 -546.875 445.312 -796.875 -171.875 585.938 -539.062 -46.875 835.938
-703.125 -210.938 -632.812 -664.062 -562.500 445.312 -695.312 -546.875 445.312 -796.875 -171.875 562.500 -546.875 -46.875 828.125
-703.125 -210.938 -632.812 -664.062 -562.500 445.312 -695.312 -546.875 445.312 -796.875 -171.875 562.500 -546.875 -46.875 828.125
-710.938 -210.938 -617.188 -687.500 -531.250 437.500 -703.125 -531.250 429.688 -804.688 -156.250 578.125 -539.062 -31.250 843.750
-726.562 -148.438 -625.000 -687.500 -507.812 429.688 -703.125 -500.000 437.500 -796.875 -132.812 578.125 -531.250 -23.438 859.375
-726.562 -148.438 -625.000 -687.500 -507.812 429.688 -703.125 -500.000 437.500 -796.875 -132.812 578.125 -531.250 -23.438 859.375
-750.000 -39.062 -625.000 -710.938 -484.375 359.375 -718.750 -445.312 398.438 -781.250 -85.938 585.938 -507.812 23.438 875.000
-750.000 -39.062 -625.000 -710.938 -484.375 359.375 -718.750 -445.312 398.438 -781.250 -85.938 585.938 -507.812 23.438 875.000
-757.812 -78.125 -632.812 -703.125 -460.938 398.438 -726.562 -453.125 421.875 -804.688 -101.562 570.312 -539.062 0.000 851.562
-750.000 -93.750 -617.188 -710.938 -453.125 406.250 -726.562 -468.750 414.062 -812.500 -109.375 570.312 -539.062 -7.812 859.375
-750.000 -93.750 -617.188 -710.938 -453.125 406.250 -726.562 -468.750 414.062 -812.500 -109.375 570.312 -539.062 -7.812 859.375
-710.938 -179.688 -609.375 -679.688 -507.812 421.875 -710.938 -500.000 429.688 -812.500 -148.438 562.500 -562.500 -31.250 820.312
-710.938 -187.500 -625.000 -679.688 -531.250 429.688 -695.312 -531.250 429.688 -796.875 -171.875 554.688 -554.688 -46.875 812.500
-710.938 -187.500 -625.000 -679.688 -531.250 429.688 -695.312 -531.250 429.688 -796.875 -171.875 554.688 -554.688 -46.875 812.500
-703.125 -187.500 -625.000 -671.875 -570.312 437.500 -679.688 -546.875 437.500 -789.062 -187.500 585.938 -554.688 -46.875 820.312
-703.125 -187.500 -625.000 -671.875 -570.312 437.500 -679.688 -546.875 437.500 -789.062 -187.500 585.938 -554.688 -46.875 820.312
-710.938 -226.562 -632.812 -640.625 -578.125 445.312 -679.688 -562.500 453.125 -789.062 -179.688 585.938 -546.875 -54.688 835.938
-718.750 -226.562 -648.438 -648.438 -578.125 453.125 -671.875 -554.688 453.125 -789.062 -179.688 585.938 -546.875 -54.688 851.562
-718.750 -226.562 -648.438 -648.438 -578.125 453.125 -671.875 -554.688 453.125 -789.062 -179.688 585.938 -546.875 -54.688 851.562
-718.750 -234.375 -640.625 -656.250 -585.938 453.125 -679.688 -562.500 445.312 -789.062 -179.688 601.562 -539.062 -54.688 851.562
-718.750 -234.375 -640.625 -656.250 -585.938 453.125 -679.688 -562.500 445.312 -789.062 -179.688 601.562 -539.062 -54.688 851.562
-718.750 -218.750 -640.625 -671.875 -578.125 453.125 -687.500 -554.688 445.312 -796.875 -171.875 593.750 -531.250 -46.875 859.375
-742.188 -164.062 -656.250 -679.688 -531.250 437.500 -671.875 -546.875 460.938 -765.625 -156.250 601.562 -523.438 -7.812 851.562
-742.188 -164.062 -656.250 -679.688 -531.250 437.500 -671.875 -546.875 460.938 -765.625 -156.250 601.562 -523.438 -7.812 851.562
-750.000 -93.750 -687.500 -656.250 -523.438 445.312 -679.688 -484.375 476.562 -765.625 -109.375 632.812 -507.812 15.625 898.438
-750.000 -54.688 -695.312 -664.062 -492.188 437.500 -679.688 -484.375 476.562 -773.438 -93.750 648.438 -500.000 23.438 906.250
-750.000 -54.688 -695.312 -664.062 -492.188 437.500 -679.688 -484.375 476.562 -773.438 -93.750 648.438 -500.000 23.438 906.250
-742.188 -156.250 -664.062 -671.875 -500.000 445.312 -687.500 -500.000 468.750 -789.062 -101.562 625.000 -500.000 7.812 898.438
-718.750 -187.500 -648.438 -671.875 -531.250 453.125 -695.312 -507.812 468.750 -796.875 -125.000 617.188 -515.625 0.000 875.000
-718.750 -187.500 -648.438 -671.875 -531.250 453.125 -695.312 -507.812 468.750 -796.875 -125.000 617.188 -515.625 0.000 875.000
-710.938 -218.750 -656.250 -656.250 -554.688 453.125 -695.312 -539.062 460.938 -796.875 -156.250 609.375 -539.062 -31.250 859.375
-710.938 -218.750 -656.250 -656.250 -554.688 453.125 -695.312 -539.062 460.938 -796.875 -156.250 609.375 -539.062 -31.250 859.375
-703.125 -242.188 -648.438 -656.250 -578.125 468.750 -687.500 -546.875 468.750 -796.875 -164.062 609.375 -523.438 -39.062 867.188
-710.938 -242.188 -648.438 -664.062 -585.938 460.938 -679.688 -554.688 468.750 -789.062 -156.250 617.188 -523.438 -39.062 875.000
-710.938 -242.188 -648.438 -664.062 -585.938 460.938 -679.688 -554.688 468.750 -789.062 -156.250 617.188 -523.438 -39.062 875.000
-726.562 -226.562 -656.250 -656.250 -578.125 460.938 -664.062 -554.688 476.562 -773.438 -179.688 601.562 -531.250 -23.438 835.938
-726.562 -226.562 -656.250 -656.250 -578.125 460.938 -664.062 -554.688 476.562 -773.438 -179.688 601.562 -531.250 -23.438 835.938
-718.750 -226.562 -664.062 -648.438 -578.125 460.938 -671.875 -554.688 484.375 -765.625 -179.688 593.750 -546.875 -31.250 812.500
-718.750 -140.625 -679.688 -648.438 -578.125 453.125 -687.500 -515.625 476.562 -789.062 -148.438 601.562 -539.062 -23.438 843.750
-718.750 -140.625 -679.688 -648.438 -578.125 453.125 -687.500 -515.625 476.562 -789.062 -148.438 601.562 -539.062 -23.438 843.750
-710.938 -156.250 -648.438 -671.875 -539.062 414.062 -695.312 -507.812 453.125 -781.250 -109.375 617.188 -507.812 -7.812 882.812
-710.938 -171.875 -648.438 -687.500 -539.062 429.688 -695.312 -484.375 460.938 -773.438 -117.188 617.188 -507.812 15.625 882.812
-710.938 -171.875 -648.438 -687.500 -539.062 429.688 -695.312 -484.375 460.938 -773.438 -117.188 617.188 -507.812 15.625 882.812
-703.125 -187.500 -648.438 -640.625 -531.250 453.125 -679.688 -484.375 476.562 -781.250 -109.375 609.375 -515.625 7.812 867.188
-703.125 -187.500 -648.438 -640.625 -531.250 453.125 -679.688 -484.375 476.562 -781.250 -109.375 609.375 -515.625 7.812 867.188
-703.125 -203.125 -656.250 -625.000 -539.062 460.938 -679.688 -492.188 484.375 -781.250 -101.562 617.188 -515.625 15.625 882.812
-718.750 -210.938 -664.062 -632.812 -546.875 468.750 -671.875 -500.000 500.000 -773.438 -109.375 625.000 -515.625 7.812 875.000
-718.750 -210.938 -664.062 -632.812 -546.875 468.750 -671.875 -500.000 500.000 -773.438 -109.375 625.000 -515.625 7.812 875.000
-710.938 -218.750 -671.875 -632.812 -562.500 468.750 -664.062 -523.438 492.188 -773.438 -117.188 632.812 -507.812 0.000 882.812
-710.938 -218.750 -671.875 -632.812 -562.500 468.750 -664.062 -523.438 492.188 -773.438 -117.188 632.812 -507.812 0.000 882.812
-726.562 -226.562 -664.062 -640.625 -570.312 468.750 -671.875 -531.250 492.188 -773.438 -125.000 632.812 -515.625 0.000 890.625
-710.938 -242.188 -648.438 -656.250 -593.750 468.750 -679.688 -523.438 484.375 -789.062 -132.812 632.812 -515.625 0.000 890.625
-710.938 -242.188 -648.438 -656.250 -593.750 468.750 -679.688 -523.438 484.375 -789.062 -132.812 632.812 -515.625 0.000 890.625
-718.750 -242.188 -648.438 -656.250 -585.938 460.938 -679.688 -523.438 484.375 -789.062 -125.000 625.000 -523.438 -15.625 875.000
-703.125 -257.812 -648.438 -648.438 -585.938 468.750 -679.688 -523.438 484.375 -796.875 -140.625 609.375 -531.250 -23.438 867.188
-703.125 -257.812 -648.438 -648.438 -585.938 468.750 -679.688 -523.438 484.375 -796.875 -140.625 609.375 -531.250 -23.438 867.188
-703.125 -234.375 -656.250 -648.438 -625.000 453.125 -679.688 -531.250 468.750 -781.250 -148.438 593.750 -546.875 0.000 828.125
-703.125 -234.375 -656.250 -648.438 -625.000 453.125 -679.688 -531.250 468.750 -781.250 -148.438 593.750 -546.875 0.000 828.125
-726.562 -203.125 -671.875 -648.438 -578.125 468.750 -671.875 -539.062 468.750 -773.438 -156.250 593.750 -546.875 0.000 828.125
-734.375 -187.500 -648.438 -656.250 -507.812 460.938 -679.688 -484.375 484.375 -773.438 -93.750 625.000 -515.625 31.250 890.625
-726.562 -179.688 -648.438 -648.438 -492.188 453.125 -679.688 -468.750 484.375 -773.438 -70.312 632.812 -507.812 39.062 906.250
-726.562 -179.688 -648.438 -648.438 -492.188 453.125 -679.688 -468.750 484.375 -773.438 -70.312 632.812 -507.812 39.062 906.250
-718.750 -164.062 -648.438 -640.625 -500.000 453.125 -671.875 -484.375 484.375 -781.250 -78.125 609.375 -523.438 23.438 882.812
-718.750 -164.062 -648.438 -640.625 -500.000 453.125 -671.875 -484.375 484.375 -781.250 -78.125 609.375 -523.438 23.438 882.812
-726.562 -140.625 -664.062 -656.250 -523.438 453.125 -687.500 -507.812 460.938 -773.438 -109.375 601.562 -531.250 7.812 851.562
-726.562 -140.625 -664.062 -656.250 -523.438 453.125 -687.500 -507.812 460.938 -773.438 -109.375 601.562 -531.250 7.812 851.562
-726.562 -179.688 -656.250 -664.062 -539.062 453.125 -687.500 -515.625 453.125 -789.062 -125.000 593.750 -539.062 0.000 843.750
-718.750 -156.250 -640.625 -679.688 -523.438 437.500 -695.312 -523.438 453.125 -796.875 -140.625 593.750 -539.062 -31.250 843.750
-726.562 -171.875 -640.625 -679.688 -523.438 437.500 -703.125 -515.625 445.312 -796.875 -140.625 585.938 -531.250 -23.438 859.375
-726.562 -171.875 -640.625 -679.688 -523.438 437.500 -703.125 -515.625 445.312 -796.875 -140.625 585.938 -531.250 -23.438 859.375
-718.750 -164.062 -648.438 -671.875 -570.312 437.500 -687.500 -554.688 445.312 -789.062 -179.688 593.750 -546.875 -54.688 828.125
-718.750 -164.062 -648.438 -671.875 -570.312 437.500 -687.500 -554.688 445.312 -789.062 -179.688 593.750 -546.875 -54.688 828.125
-718.750 -164.062 -648.438 -671.875 -570.312 437.500 -687.500 -554.688 445.312 -789.062 -179.688 593.750 -546.875 -54.688 828.125
-718.750 -164.062 -648.438 -671.875 -570.312 437.500 -687.500 -554.688 445.312 -789.062 -179.688 593.750 -546.875 -54.688 828.125
-718.750 -164.062 -648.438 -671.875 -570.312 437.500 -687.500 -554.688 445.312 -789.062 -179.688 593.750 -546.875 -54.688 828.125
-718.750 -195.312 -656.250 -671.875 -578.125 437.500 -695.312 -554.688 437.500 -789.062 -179.688 585.938 -531.250 -54.688 843.750
-718.750 -195.312 -656.250 -671.875 -578.125 437.500 -695.312 -554.688 437.500 -789.062 -179.688 585.938 -531.250 -54.688 843.750
-718.750 -171.875 -648.438 -664.062 -578.125 437.500 -687.500 -546.875 437.500 -796.875 -171.875 593.750 -539.062 -46.875 851.562
-734.375 -179.688 -656.250 -671.875 -562.500 429.688 -687.500 -531.250 445.312 -781.250 -148.438 617.188 -523.438 -31.250 882.812
-734.375 -179.688 -656.250 -671.875 -562.500 429.688 -687.500 -531.250 445.312 -781.250 -148.438 617.188 -523.438 -31.250 882.812
-734.375 -179.688 -648.438 -671.875 -546.875 437.500 -695.312 -531.250 453.125 -796.875 -132.812 601.562 -523.438 -23.438 882.812
-734.375 -179.688 -648.438 -671.875 -546.875 437.500 -695.312 -531.250 453.125 -796.875 -132.812 601.562 -523.438 -23.438 882.812
-726.562 -179.688 -648.438 -664.062 -578.125 421.875 -695.312 -515.625 445.312 -789.062 -148.438 609.375 -531.250 -31.250 875.000
-718.750 -187.500 -640.625 -679.688 -609.375 429.688 -703.125 -531.250 437.500 -796.875 -156.250 593.750 -546.875 -39.062 851.562
-718.750 -187.500 -640.625 -679.688 -609.375 429.688 -703.125 -531.250 437.500 -796.875 -156.250 593.750 -546.875 -39.062 851.562
-718.750 -156.250 -656.250 -679.688 -585.938 429.688 -695.312 -523.438 445.312 -796.875 -156.250 593.750 -546.875 -23.438 835.938
-734.375 -164.062 -640.625 -664.062 -539.062 437.500 -695.312 -507.812 453.125 -804.688 -125.000 593.750 -539.062 -15.625 859.375
-734.375 -164.062 -640.625 -664.062 -539.062 437.500 -695.312 -507.812 453.125 -804.688 -125.000 593.750 -539.062 -15.625 859.375
-718.750 -179.688 -640.625 -656.250 -523.438 445.312 -687.500 -500.000 453.125 -789.062 -109.375 601.562 -531.250 0.000 851.562
-726.562 -187.500 -640.625 -648.438 -523.438 445.312 -679.688 -500.000 468.750 -796.875 -109.375 601.562 -531.250 -7.812 859.375
-726.562 -187.500 -640.625 -648.438 -523.438 445.312 -679.688 -500.000 468.750 -796.875 -109.375 601.562 -531.250 -7.812 859.375
-710.938 -226.562 -640.625 -656.250 -539.062 453.125 -687.500 -515.625 468.750 -789.062 -125.000 601.562 -539.062 -7.812 851.562
-710.938 -226.562 -640.625 -656.250 -539.062 453.125 -687.500 -515.625 468.750 -789.062 -125.000 601.562 -539.062 -7.812 851.562
-703.125 -226.562 -632.812 -664.062 -539.062 460.938 -687.500 -523.438 460.938 -804.688 -125.000 601.562 -531.250 -7.812 851.562
-703.125 -242.188 -640.625 -656.250 -546.875 453.125 -679.688 -515.625 468.750 -789.062 -132.812 601.562 -531.250 -15.625 859.375
-703.125 -242.188 -640.625 -656.250 -546.875 453.125 -679.688 -515.625 468.750 -789.062 -132.812 601.562 -531.250 -15.625 859.375
-718.750 -164.062 -664.062 -656.250 -546.875 453.125 -687.500 -515.625 460.938 -781.250 -125.000 609.375 -539.062 -7.812 828.125
-718.750 -164.062 -664.062 -656.250 -546.875 453.125 -687.500 -515.625 460.938 -781.250 -125.000 609.375 -539.062 -7.812 828.125
