-609.375 -554.688 -531.250 -625.000 148.438 226.562 -640.625 562.500 117.188 -304.688 1140.625 281.250 414.062 1195.312 671.875
-625.000 -507.812 -562.500 -601.562 117.188 226.562 -679.688 507.812 101.562 -296.875 1164.062 265.625 460.938 1242.188 718.750
-671.875 -414.062 -679.688 -578.125 23.438 203.125 -640.625 421.875 117.188 -257.812 1117.188 328.125 492.188 1343.750 773.438
-671.875 -414.062 -679.688 -578.125 23.438 203.125 -640.625 421.875 117.188 -257.812 1117.188 328.125 492.188 1343.750 773.438
-695.312 -375.000 -734.375 -585.938 -46.875 210.938 -632.812 375.000 164.062 -250.000 1054.688 343.750 453.125 1367.188 765.625
-734.375 -484.375 -1023.438 -617.188 -632.812 257.812 -710.938 -101.562 156.250 -312.500 718.750 382.812 -187.500 1156.250 492.188
-734.375 -484.375 -1023.438 -617.188 -632.812 257.812 -710.938 -101.562 156.250 -312.500 718.750 382.812 -187.500 1156.250 492.188
-734.375 -484.375 -1023.438 -617.188 -632.812 257.812 -710.938 -101.562 156.250 -312.500 718.750 382.812 -187.500 1156.250 492.188
-734.375 -484.375 -1023.438 -617.188 -632.812 257.812 -710.938 -101.562 156.250 -312.500 718.750 382.812 -187.500 1156.250 492.188
-734.375 -484.375 -1023.438 -617.188 -632.812 257.812 -710.938 -101.562 156.250 -312.500 718.750 382.812 -187.500 1156.250 492.188
-703.125 -656.250 -1007.812 -648.438 -921.875 406.250 -765.625 -445.312 140.625 -554.688 367.188 328.125 -390.625 781.250 367.188
-703.125 -656.250 -1007.812 -648.438 -921.875 406.250 -765.625 -445.312 140.625 -554.688 367.188 328.125 -390.625 781.250 367.188
-695.312 -765.625 -1000.000 -687.500 -1070.312 460.938 -781.250 -640.625 117.188 -679.688 179.688 289.062 -484.375 531.250 304.688
-687.500 -1039.062 -984.375 -632.812 -1382.812 625.000 -859.375 -1054.688 125.000 -867.188 -203.125 242.188 -804.688 132.812 234.375
-687.500 -1039.062 -984.375 -632.812 -1382.812 625.000 -859.375 -1054.688 125.000 -867.188 -203.125 242.188 -804.688 132.812 234.375
-609.375 -1257.812 -843.750 -609.375 -1671.875 859.375 -937.500 -1382.812 195.312 -1132.812 -601.562 265.625 -914.062 -296.875 335.938
-609.375 -1257.812 -843.750 -609.375 -1671.875 859.375 -937.500 -1382.812 195.312 -1132.812 -601.562 265.625 -914.062 -296.875 335.938
-554.688 -1312.500 -757.812 -617.188 -1750.000 960.938 -976.562 -1500.000 210.938 -1250.000 -789.062 312.500 -929.688 -476.562 406.250
-406.250 -1570.312 -531.250 -476.562 -1562.500 1132.812 -914.062 -1804.688 226.562 -1187.500 -1234.375 281.250 -828.125 -625.000 492.188
-406.250 -1570.312 -531.250 -476.562 -1562.500 1132.812 -914.062 -1804.688 226.562 -1187.500 -1234.375 281.250 -828.125 -625.000 492.188
-406.250 -1570.312 -531.250 -476.562 -1562.500 1132.812 -914.062 -1804.688 226.562 -1187.500 -1234.375 281.250 -828.125 -625.000 492.188
-406.250 -1570.312 -531.250 -476.562 -1562.500 1132.812 -914.062 -1804.688 226.562 -1187.500 -1234.375 281.250 -828.125 -625.000 492.188
-382.812 -1484.375 -515.625 -421.875 -1484.375 1132.812 -843.750 -1726.562 242.188 -1140.625 -1109.375 296.875 -726.562 -554.688 507.812
-414.062 -1312.500 -562.500 -320.312 -1265.625 1023.438 -679.688 -1382.812 343.750 -828.125 -843.750 406.250 -507.812 -351.562 484.375
-414.062 -1312.500 -562.500 -320.312 -1265.625 1023.438 -679.688 -1382.812 343.750 -828.125 -843.750 406.250 -507.812 -351.562 484.375
-445.312 -1218.750 -609.375 -289.062 -1140.625 960.938 -570.312 -1218.750 375.000 -656.250 -812.500 390.625 -437.500 -250.000 398.438
-554.688 -812.500 -906.250 -101.562 -414.062 773.438 -343.750 -343.750 406.250 -273.438 39.062 289.062 257.812 289.062 445.312
-554.688 -812.500 -906.250 -101.562 -414.062 773.438 -343.750 -343.750 406.250 -273.438 39.062 289.062 257.812 289.062 445.312
-554.688 -812.500 -906.250 -101.562 -414.062 773.438 -343.750 -343.750 406.250 -273.438 39.062 289.062 257.812 289.062 445.312
-554.688 -812.500 -906.250 -101.562 -414.062 773.438 -343.750 -343.750 406.250 -273.438 39.062 289.062 257.812 289.062 445.312
-554.688 -812.500 -906.250 -101.562 -414.062 773.438 -343.750 -343.750 406.250 -273.438 39.062 289.062 257.812 289.062 445.312
-757.812 -898.438 -1171.875 -179.688 -179.688 632.812 -304.688 -70.312 234.375 -234.375 343.750 140.625 460.938 328.125 507.812
-757.812 -898.438 -1171.875 -179.688 -179.688 632.812 -304.688 -70.312 234.375 -234.375 343.750 140.625 460.938 328.125 507.812
-757.812 -843.750 -1148.438 -171.875 -187.500 554.688 -335.938 -7.812 187.500 -132.812 484.375 109.375 570.312 390.625 617.188
-695.312 -750.000 -1062.500 -171.875 -93.750 593.750 -242.188 203.125 226.562 210.938 554.688 250.000 726.562 601.562 906.250
-695.312 -750.000 -1062.500 -171.875 -93.750 593.750 -242.188 203.125 226.562 210.938 554.688 250.000 726.562 601.562 906.250
-500.000 -851.562 -781.250 -117.188 289.062 796.875 234.375 914.062 804.688 703.125 820.312 1164.062 632.812 328.125 812.500
-500.000 -851.562 -781.250 -117.188 289.062 796.875 234.375 914.062 804.688 703.125 820.312 1164.062 632.812 328.125 812.500
-500.000 -851.562 -781.250 -117.188 289.062 796.875 234.375 914.062 804.688 703.125 820.312 1164.062 632.812 328.125 812.500
-539.062 -976.562 -804.688 117.188 -515.625 679.688 -296.875 7.812 992.188 937.500 523.438 945.312 640.625 398.438 718.750
-539.062 -976.562 -804.688 117.188 -515.625 679.688 -296.875 7.812 992.188 937.500 523.438 945.312 640.625 398.438 718.750
-500.000 -984.375 -757.812 -257.812 -640.625 757.812 -39.062 117.188 859.375 867.188 328.125 867.188 601.562 429.688 687.500
-343.750 -906.250 -546.875 -460.938 -187.500 765.625 93.750 273.438 789.062 250.000 195.312 851.562 437.500 320.312 546.875
-343.750 -906.250 -546.875 -460.938 -187.500 765.625 93.750 273.438 789.062 250.000 195.312 851.562 437.500 320.312 546.875
-257.812 -843.750 -398.438 -156.250 -203.125 718.750 132.812 85.938 828.125 304.688 117.188 687.500 273.438 304.688 460.938
-257.812 -843.750 -398.438 -156.250 -203.125 718.750 132.812 85.938 828.125 304.688 117.188 687.500 273.438 304.688 460.938
-234.375 -968.750 -210.938 -7.812 -476.562 656.250 210.938 15.625 578.125 335.938 125.000 117.188 187.500 343.750 -226.562
-234.375 -968.750 -210.938 -7.812 -476.562 656.250 210.938 15.625 578.125 335.938 125.000 117.188 187.500 343.750 -226.562
-234.375 -968.750 -210.938 -7.812 -476.562 656.250 210.938 15.625 578.125 335.938 125.000 117.188 187.500 343.750 -226.562
-210.938 -914.062 -203.125 -39.062 -226.562 632.812 296.875 203.125 453.125 367.188 250.000 23.438 218.750 437.500 -312.500
-265.625 -929.688 -242.188 70.312 -93.750 562.500 296.875 273.438 343.750 484.375 375.000 -46.875 304.688 554.688 -343.750
-343.750 -921.875 -296.875 117.188 -46.875 484.375 382.812 437.500 281.250 578.125 382.812 -46.875 460.938 625.000 -343.750
-414.062 -875.000 -367.188 179.688 156.250 351.562 390.625 601.562 226.562 671.875 531.250 15.625 625.000 664.062 -320.312
-414.062 -875.000 -367.188 179.688 156.250 351.562 390.625 601.562 226.562 671.875 531.250 15.625 625.000 664.062 -320.312
-335.938 -523.438 -195.312 140.625 406.250 179.688 531.250 718.750 210.938 914.062 640.625 62.500 945.312 773.438 -273.438
-453.125 -226.562 -242.188 390.625 726.562 203.125 726.562 992.188 218.750 1117.188 843.750 70.312 1156.250 929.688 -234.375
-453.125 -226.562 -242.188 390.625 726.562 203.125 726.562 992.188 218.750 1117.188 843.750 70.312 1156.250 929.688 -234.375
-492.188 -101.562 -242.188 421.875 851.562 250.000 789.062 1085.938 289.062 1187.500 937.500 125.000 1257.812 1046.875 -195.312
-367.188 46.875 -164.062 515.625 976.562 359.375 914.062 1132.812 398.438 1296.875 1023.438 187.500 1390.625 1148.438 -140.625
-390.625 140.625 -15.625 632.812 1093.750 507.812 1000.000 1187.500 523.438 1500.000 1015.625 296.875 1515.625 1148.438 -54.688
-85.938 -601.562 312.500 640.625 1195.312 867.188 960.938 1132.812 859.375 1562.500 828.125 687.500 1765.625 953.125 312.500
-85.938 -601.562 312.500 640.625 1195.312 867.188 960.938 1132.812 859.375 1562.500 828.125 687.500 1765.625 953.125 312.500
-85.938 -601.562 312.500 640.625 1195.312 867.188 960.938 1132.812 859.375 1562.500 828.125 687.500 1765.625 953.125 312.500
-101.562 -953.125 312.500 632.812 1132.812 937.500 953.125 1109.375 914.062 1515.625 765.625 687.500 1656.250 906.250 304.688
-101.562 -953.125 312.500 632.812 1132.812 937.500 953.125 1109.375 914.062 1515.625 765.625 687.500 1656.250 906.250 304.688
-203.125 -1210.938 203.125 609.375 1015.625 984.375 914.062 1062.500 921.875 1453.125 710.938 679.688 1515.625 867.188 281.250
-203.125 -1210.938 203.125 609.375 1015.625 984.375 914.062 1062.500 921.875 1453.125 710.938 679.688 1515.625 867.188 281.250
-312.500 -1421.875 187.500 539.062 781.250 1140.625 929.688 968.750 1000.000 1359.375 640.625 648.438 1273.438 851.562 210.938
-382.812 -1476.562 140.625 515.625 703.125 1210.938 914.062 914.062 1000.000 1304.688 632.812 601.562 1179.688 875.000 179.688
-437.500 -1453.125 101.562 468.750 593.750 1312.500 765.625 835.938 914.062 1093.750 625.000 507.812 890.625 820.312 109.375
-437.500 -1453.125 101.562 468.750 593.750 1312.500 765.625 835.938 914.062 1093.750 625.000 507.812 890.625 820.312 109.375
-437.500 -1453.125 101.562 468.750 593.750 1312.500 765.625 835.938 914.062 1093.750 625.000 507.812 890.625 820.312 109.375
-437.500 -1453.125 101.562 468.750 593.750 1312.500 765.625 835.938 914.062 1093.750 625.000 507.812 890.625 820.312 109.375
-390.625 -1421.875 117.188 429.688 664.062 1257.812 773.438 835.938 875.000 1078.125 656.250 500.000 898.438 843.750 132.812
-390.625 -1421.875 117.188 429.688 664.062 1257.812 773.438 835.938 875.000 1078.125 656.250 500.000 898.438 843.750 132.812
-203.125 -1140.625 171.875 296.875 757.812 828.125 601.562 890.625 640.625 953.125 679.688 445.312 953.125 820.312 156.250
-203.125 -1140.625 171.875 296.875 757.812 828.125 601.562 890.625 640.625 953.125 679.688 445.312 953.125 820.312 156.250
-203.125 -1140.625 171.875 296.875 757.812 828.125 601.562 890.625 640.625 953.125 679.688 445.312 953.125 820.312 156.250
-203.125 -1140.625 171.875 296.875 757.812 828.125 601.562 890.625 640.625 953.125 679.688 445.312 953.125 820.312 156.250
-117.188 -1015.625 171.875 304.688 671.875 773.438 562.500 812.500 531.250 859.375 640.625 343.750 828.125 742.188 70.312
-117.188 -1015.625 171.875 304.688 671.875 773.438 562.500 812.500 531.250 859.375 640.625 343.750 828.125 742.188 70.312
-101.562 -976.562 148.438 281.250 648.438 718.750 539.062 750.000 492.188 812.500 609.375 281.250 781.250 734.375 23.438
-101.562 -976.562 148.438 281.250 648.438 718.750 539.062 750.000 492.188 812.500 609.375 281.250 781.250 734.375 23.438
-85.938 -851.562 125.000 250.000 601.562 664.062 539.062 664.062 445.312 757.812 523.438 210.938 695.312 625.000 -62.500
-62.500 -867.188 125.000 234.375 578.125 625.000 515.625 625.000 429.688 750.000 484.375 195.312 703.125 585.938 -78.125
-62.500 -867.188 125.000 234.375 578.125 625.000 515.625 625.000 429.688 750.000 484.375 195.312 703.125 585.938 -78.125
-164.062 -843.750 210.938 203.125 484.375 601.562 500.000 531.250 406.250 757.812 414.062 164.062 789.062 507.812 -101.562
-78.125 -796.875 39.062 234.375 414.062 656.250 523.438 500.000 429.688 773.438 375.000 140.625 757.812 484.375 -148.438
-78.125 -796.875 39.062 234.375 414.062 656.250 523.438 500.000 429.688 773.438 375.000 140.625 757.812 484.375 -148.438
-78.125 -796.875 39.062 234.375 414.062 656.250 523.438 500.000 429.688 773.438 375.000 140.625 757.812 484.375 -148.438
-78.125 -796.875 39.062 234.375 414.062 656.250 523.438 500.000 429.688 773.438 375.000 140.625 757.812 484.375 -148.438
-78.125 -804.688 23.438 234.375 437.500 640.625 546.875 507.812 437.500 773.438 367.188 140.625 757.812 492.188 -140.625
-62.500 -820.312 39.062 242.188 468.750 648.438 554.688 531.250 429.688 789.062 390.625 148.438 757.812 515.625 -132.812
-62.500 -820.312 39.062 242.188 468.750 648.438 554.688 531.250 429.688 789.062 390.625 148.438 757.812 515.625 -132.812
-39.062 -875.000 31.250 273.438 500.000 656.250 578.125 585.938 437.500 812.500 437.500 179.688 789.062 554.688 -93.750
39.062 -1085.938 109.375 367.188 687.500 718.750 625.000 734.375 445.312 843.750 585.938 195.312 796.875 703.125 -62.500
39.062 -1085.938 109.375 367.188 687.500 718.750 625.000 734.375 445.312 843.750 585.938 195.312 796.875 703.125 -62.500
39.062 -1085.938 109.375 367.188 687.500 718.750 625.000 734.375 445.312 843.750 585.938 195.312 796.875 703.125 -62.500
39.062 -1085.938 109.375 367.188 687.500 718.750 625.000 734.375 445.312 843.750 585.938 195.312 796.875 703.125 -62.500
39.062 -1085.938 109.375 367.188 687.500 718.750 625.000 734.375 445.312 843.750 585.938 195.312 796.875 703.125 -62.500
31.250 -1109.375 117.188 375.000 679.688 734.375 632.812 750.000 453.125 867.188 609.375 195.312 781.250 710.938 -62.500
31.250 -1109.375 117.188 375.000 679.688 734.375 632.812 750.000 453.125 867.188 609.375 195.312 781.250 710.938 -62.500
46.875 -1117.188 132.812 375.000 671.875 750.000 632.812 773.438 460.938 851.562 625.000 195.312 750.000 742.188 -62.500
15.625 -1125.000 132.812 375.000 687.500 757.812 617.188 765.625 460.938 828.125 617.188 195.312 734.375 726.562 -70.312
15.625 -1125.000 132.812 375.000 687.500 757.812 617.188 765.625 460.938 828.125 617.188 195.312 734.375 726.562 -70.312
-62.500 -1078.125 117.188 343.750 703.125 789.062 625.000 796.875 546.875 906.250 601.562 296.875 851.562 734.375 15.625
-62.500 -1078.125 117.188 343.750 703.125 789.062 625.000 796.875 546.875 906.250 601.562 296.875 851.562 734.375 15.625
-62.500 -1078.125 117.188 343.750 703.125 789.062 625.000 796.875 546.875 906.250 601.562 296.875 851.562 734.375 15.625
-62.500 -1078.125 117.188 343.750 703.125 789.062 625.000 796.875 546.875 906.250 601.562 296.875 851.562 734.375 15.625
-62.500 -1078.125 117.188 343.750 703.125 789.062 625.000 796.875 546.875 906.250 601.562 296.875 851.562 734.375 15.625
-125.000 -1054.688 117.188 320.312 703.125 804.688 625.000 789.062 593.750 945.312 562.500 343.750 921.875 710.938 39.062
-148.438 -1039.062 93.750 296.875 703.125 804.688 632.812 781.250 617.188 976.562 546.875 367.188 953.125 695.312 54.688
-203.125 -1023.438 54.688 257.812 734.375 789.062 632.812 757.812 640.625 1000.000 531.250 382.812 984.375 671.875 78.125
-257.812 -1031.250 39.062 234.375 781.250 765.625 640.625 757.812 679.688 1046.875 484.375 406.250 1023.438 648.438 78.125
-257.812 -1031.250 39.062 234.375 781.250 765.625 640.625 757.812 679.688 1046.875 484.375 406.250 1023.438 648.438 78.125
-281.250 -984.375 23.438 234.375 773.438 781.250 640.625 789.062 726.562 1093.750 476.562 484.375 1085.938 671.875 140.625
-304.688 -960.938 23.438 195.312 750.000 804.688 656.250 828.125 765.625 1132.812 523.438 546.875 1125.000 703.125 203.125
-304.688 -960.938 23.438 195.312 750.000 804.688 656.250 828.125 765.625 1132.812 523.438 546.875 1125.000 703.125 203.125
-273.438 -906.250 78.125 468.750 476.562 1062.500 703.125 781.250 843.750 1234.375 617.188 679.688 1289.062 781.250 351.562
-273.438 -906.250 78.125 468.750 476.562 1062.500 703.125 781.250 843.750 1234.375 617.188 679.688 1289.062 781.250 351.562
-273.438 -906.250 78.125 468.750 476.562 1062.500 703.125 781.250 843.750 1234.375 617.188 679.688 1289.062 781.250 351.562
-273.438 -906.250 78.125 468.750 476.562 1062.500 703.125 781.250 843.750 1234.375 617.188 679.688 1289.062 781.250 351.562
-273.438 -906.250 78.125 468.750 476.562 1062.500 703.125 781.250 843.750 1234.375 617.188 679.688 1289.062 781.250 351.562
-31.250 -648.438 226.562 601.562 312.500 1195.312 640.625 1054.688 1078.125 1367.188 468.750 906.250 1304.688 882.812 398.438
-85.938 -132.812 250.000 406.250 335.938 1039.062 781.250 890.625 1007.812 1351.562 546.875 851.562 1343.750 851.562 375.000
-85.938 -132.812 250.000 406.250 335.938 1039.062 781.250 890.625 1007.812 1351.562 546.875 851.562 1343.750 851.562 375.000
-468.750 -546.875 -46.875 289.062 703.125 976.562 539.062 570.312 937.500 1445.312 570.312 773.438 1437.500 703.125 414.062
-468.750 -546.875 -46.875 289.062 703.125 976.562 539.062 570.312 937.500 1445.312 570.312 773.438 1437.500 703.125 414.062
-523.438 -781.250 -312.500 289.062 125.000 976.562 320.312 351.562 781.250 804.688 679.688 500.000 1156.250 742.188 390.625
-523.438 -781.250 -312.500 289.062 125.000 976.562 320.312 351.562 781.250 804.688 679.688 500.000 1156.250 742.188 390.625
-523.438 -781.250 -312.500 289.062 125.000 976.562 320.312 351.562 781.250 804.688 679.688 500.000 1156.250 742.188 390.625
-562.500 -835.938 -273.438 31.250 273.438 921.875 367.188 460.938 984.375 609.375 468.750 593.750 1039.062 718.750 367.188
-617.188 -898.438 -273.438 -31.250 445.312 812.500 429.688 453.125 1125.000 734.375 523.438 875.000 820.312 539.062 328.125
-617.188 -898.438 -273.438 -31.250 445.312 812.500 429.688 453.125 1125.000 734.375 523.438 875.000 820.312 539.062 328.125
-359.375 -539.062 -156.250 -578.125 554.688 781.250 703.125 1109.375 1828.125 992.188 -343.750 1000.000 1257.812 281.250 570.312
-359.375 -539.062 -156.250 -578.125 554.688 781.250 703.125 1109.375 1828.125 992.188 -343.750 1000.000 1257.812 281.250 570.312
-359.375 -539.062 -156.250 -578.125 554.688 781.250 703.125 1109.375 1828.125 992.188 -343.750 1000.000 1257.812 281.250 570.312
-351.562 -375.000 -156.250 -562.500 593.750 31.250 1164.062 687.500 1289.062 781.250 -320.312 593.750 1148.438 570.312 718.750
-351.562 -375.000 -156.250 -562.500 593.750 31.250 1164.062 687.500 1289.062 781.250 -320.312 593.750 1148.438 570.312 718.750
-398.438 -226.562 -445.312 828.125 -2460.938 -742.188 906.250 1945.312 -1796.875 2398.438 1804.688 195.312 1671.875 1343.750 867.188
-398.438 -226.562 -445.312 828.125 -2460.938 -742.188 906.250 1945.312 -1796.875 2398.438 1804.688 195.312 1671.875 1343.750 867.188
-398.438 -226.562 -445.312 828.125 -2460.938 -742.188 906.250 1945.312 -1796.875 2398.438 1804.688 195.312 1671.875 1343.750 867.188
-398.438 -226.562 -445.312 828.125 -2460.938 -742.188 906.250 1945.312 -1796.875 2398.438 1804.688 195.312 1671.875 1343.750 867.188
-398.438 -226.562 -445.312 828.125 -2460.938 -742.188 906.250 1945.312 -1796.875 2398.438 1804.688 195.312 1671.875 1343.750 867.188
-984.375 -609.375 -1351.562 -390.625 -843.750 507.812 -3195.312 1796.875 -2632.812 929.688 2382.812 -687.500 1937.500 1453.125 1101.562
-1164.062 -992.188 -1578.125 -62.500 -1679.688 843.750 -1414.062 250.000 -2265.625 -54.688 2484.375 -1445.312 1851.562 937.500 937.500
-1164.062 -992.188 -1578.125 -62.500 -1679.688 843.750 -1414.062 250.000 -2265.625 -54.688 2484.375 -1445.312 1851.562 937.500 937.500
-789.062 -1539.062 -1414.062 -125.000 78.125 820.312 -867.188 -570.312 -273.438 -1273.438 296.875 -2367.188 1406.250 601.562 -85.938
-789.062 -1539.062 -1414.062 -125.000 78.125 820.312 -867.188 -570.312 -273.438 -1273.438 296.875 -2367.188 1406.250 601.562 -85.938
0.000 -1046.875 -257.812 -664.062 -1023.438 570.312 -1109.375 -523.438 -15.625 -62.500 -500.000 554.688 -1648.438 -1078.125 -1789.062
0.000 -1046.875 -257.812 -664.062 -1023.438 570.312 -1109.375 -523.438 -15.625 -62.500 -500.000 554.688 -1648.438 -1078.125 -1789.062
0.000 -1046.875 -257.812 -664.062 -1023.438 570.312 -1109.375 -523.438 -15.625 -62.500 -500.000 554.688 -1648.438 -1078.125 -1789.062
0.000 -1046.875 -257.812 -664.062 -1023.438 570.312 -1109.375 -523.438 -15.625 -62.500 -500.000 554.688 -1648.438 -1078.125 -1789.062
-7.812 -1125.000 -250.000 -562.500 -843.750 742.188 -812.500 -867.188 93.750 -843.750 -992.188 78.125 -1304.688 -1429.688 -1117.188
-7.812 -1125.000 -250.000 -562.500 -843.750 742.188 -812.500 -867.188 93.750 -843.750 -992.188 78.125 -1304.688 -1429.688 -1117.188
-187.500 -1953.125 -242.188 -500.000 -460.938 804.688 -960.938 -406.250 210.938 -859.375 -39.062 609.375 -640.625 203.125 875.000
-187.500 -1953.125 -242.188 -500.000 -460.938 804.688 -960.938 -406.250 210.938 -859.375 -39.062 609.375 -640.625 203.125 875.000
-187.500 -1953.125 -242.188 -500.000 -460.938 804.688 -960.938 -406.250 210.938 -859.375 -39.062 609.375 -640.625 203.125 875.000
-187.500 -1953.125 -242.188 -500.000 -460.938 804.688 -960.938 -406.250 210.938 -859.375 -39.062 609.375 -640.625 203.125 875.000
-187.500 -1953.125 -242.188 -500.000 -460.938 804.688 -960.938 -406.250 210.938 -859.375 -39.062 609.375 -640.625 203.125 875.000
-226.562 -1500.000 -140.625 -468.750 -460.938 921.875 -929.688 -328.125 539.062 -851.562 70.312 851.562 -578.125 7.812 1000.000
-328.125 -1234.375 -164.062 -460.938 -429.688 992.188 -976.562 -343.750 609.375 -859.375 156.250 835.938 -492.188 7.812 1078.125
-328.125 -1234.375 -164.062 -460.938 -429.688 992.188 -976.562 -343.750 609.375 -859.375 156.250 835.938 -492.188 7.812 1078.125
-578.125 -1031.250 -398.438 -414.062 -203.125 1007.812 -976.562 -304.688 570.312 -890.625 296.875 804.688 -437.500 320.312 1171.875
-578.125 -1031.250 -398.438 -414.062 -203.125 1007.812 -976.562 -304.688 570.312 -890.625 296.875 804.688 -437.500 320.312 1171.875
-609.375 -945.312 -468.750 -367.188 -171.875 992.188 -953.125 -289.062 531.250 -882.812 320.312 726.562 -476.562 398.438 1156.250
-585.938 -671.875 -500.000 -406.250 -132.812 882.812 -1007.812 -218.750 414.062 -937.500 359.375 609.375 -507.812 375.000 1054.688
-585.938 -671.875 -500.000 -406.250 -132.812 882.812 -1007.812 -218.750 414.062 -937.500 359.375 609.375 -507.812 375.000 1054.688
-367.188 -617.188 -421.875 -609.375 54.688 421.875 -875.000 39.062 7.812 -992.188 492.188 257.812 -546.875 367.188 976.562
-367.188 -617.188 -421.875 -609.375 54.688 421.875 -875.000 39.062 7.812 -992.188 492.188 257.812 -546.875 367.188 976.562
-367.188 -617.188 -421.875 -609.375 54.688 421.875 -875.000 39.062 7.812 -992.188 492.188 257.812 -546.875 367.188 976.562
-257.812 -492.188 -296.875 -648.438 -54.688 382.812 -859.375 15.625 -78.125 -1054.688 398.438 179.688 -578.125 359.375 953.125
-257.812 -492.188 -296.875 -648.438 -54.688 382.812 -859.375 15.625 -78.125 -1054.688 398.438 179.688 -578.125 359.375 953.125
-281.250 -484.375 -289.062 -734.375 -62.500 335.938 -898.438 -70.312 -132.812 -1203.125 250.000 70.312 -593.750 257.812 875.000
-593.750 -492.188 -484.375 -648.438 -367.188 398.438 -906.250 -476.562 -335.938 -1101.562 -101.562 -78.125 -757.812 -70.312 406.250
-593.750 -492.188 -484.375 -648.438 -367.188 398.438 -906.250 -476.562 -335.938 -1101.562 -101.562 -78.125 -757.812 -70.312 406.250
-593.750 -492.188 -484.375 -648.438 -367.188 398.438 -906.250 -476.562 -335.938 -1101.562 -101.562 -78.125 -757.812 -70.312 406.250
-648.438 -546.875 -492.188 -539.062 -468.750 460.938 -898.438 -632.812 -328.125 -906.250 -164.062 7.812 -695.312 -109.375 367.188
-648.438 -546.875 -492.188 -539.062 -468.750 460.938 -898.438 -632.812 -328.125 -906.250 -164.062 7.812 -695.312 -109.375 367.188
-601.562 -585.938 -351.562 -531.250 -664.062 570.312 -843.750 -781.250 -273.438 -750.000 -296.875 242.188 -531.250 -281.250 414.062
-601.562 -585.938 -351.562 -531.250 -664.062 570.312 -843.750 -781.250 -273.438 -750.000 -296.875 242.188 -531.250 -281.250 414.062
-578.125 -664.062 -320.312 -460.938 -726.562 601.562 -796.875 -812.500 -250.000 -726.562 -359.375 312.500 -445.312 -289.062 492.188
-593.750 -718.750 -304.688 -429.688 -781.250 734.375 -781.250 -906.250 -187.500 -695.312 -414.062 375.000 -343.750 -101.562 609.375
-593.750 -718.750 -304.688 -429.688 -781.250 734.375 -781.250 -906.250 -187.500 -695.312 -414.062 375.000 -343.750 -101.562 609.375
-640.625 -695.312 -351.562 -453.125 -765.625 703.125 -781.250 -804.688 -109.375 -679.688 -296.875 406.250 -359.375 -46.875 648.438
-640.625 -695.312 -351.562 -453.125 -765.625 703.125 -781.250 -804.688 -109.375 -679.688 -296.875 406.250 -359.375 -46.875 648.438
-710.938 -429.688 -453.125 -476.562 -859.375 718.750 -812.500 -648.438 7.812 -687.500 -78.125 593.750 -203.125 31.250 890.625
-710.938 -429.688 -453.125 -476.562 -859.375 718.750 -812.500 -648.438 7.812 -687.500 -78.125 593.750 -203.125 31.250 890.625
-710.938 -429.688 -453.125 -476.562 -859.375 718.750 -812.500 -648.438 7.812 -687.500 -78.125 593.750 -203.125 31.250 890.625
-710.938 -429.688 -453.125 -476.562 -859.375 718.750 -812.500 -648.438 7.812 -687.500 -78.125 593.750 -203.125 31.250 890.625
-671.875 -328.125 -437.500 -648.438 -687.500 554.688 -796.875 -492.188 39.062 -656.250 101.562 726.562 -70.312 218.750 1070.312
-671.875 -328.125 -437.500 -648.438 -687.500 554.688 -796.875 -492.188 39.062 -656.250 101.562 726.562 -70.312 218.750 1070.312
-593.750 -335.938 -382.812 -437.500 -765.625 640.625 -726.562 -460.938 148.438 -625.000 179.688 796.875 54.688 226.562 1179.688
-593.750 -335.938 -382.812 -437.500 -765.625 640.625 -726.562 -460.938 148.438 -625.000 179.688 796.875 54.688 226.562 1179.688
-617.188 -414.062 -351.562 -367.188 -851.562 875.000 -757.812 -593.750 218.750 -632.812 117.188 828.125 93.750 187.500 1195.312
-765.625 -875.000 -515.625 -390.625 -1007.812 914.062 -726.562 -640.625 31.250 -726.562 140.625 1054.688 312.500 367.188 1328.125
-765.625 -875.000 -515.625 -390.625 -1007.812 914.062 -726.562 -640.625 31.250 -726.562 140.625 1054.688 312.500 367.188 1328.125
-765.625 -875.000 -515.625 -390.625 -1007.812 914.062 -726.562 -640.625 31.250 -726.562 140.625 1054.688 312.500 367.188 1328.125
-648.438 -750.000 -414.062 -476.562 -429.688 710.938 -687.500 -773.438 414.062 -531.250 15.625 1000.000 265.625 -46.875 1312.500
-648.438 -750.000 -414.062 -476.562 -429.688 710.938 -687.500 -773.438 414.062 -531.250 15.625 1000.000 265.625 -46.875 1312.500
-679.688 -671.875 -453.125 -406.250 -625.000 890.625 -710.938 -804.688 414.062 -648.438 85.938 976.562 46.875 140.625 1187.500
-679.688 -671.875 -453.125 -406.250 -625.000 890.625 -710.938 -804.688 414.062 -648.438 85.938 976.562 46.875 140.625 1187.500
-710.938 -695.312 -507.812 -445.312 -648.438 867.188 -734.375 -757.812 421.875 -601.562 117.188 968.750 31.250 250.000 1132.812
-710.938 -656.250 -515.625 -492.188 -539.062 789.062 -765.625 -687.500 359.375 -562.500 117.188 937.500 85.938 140.625 1085.938
-710.938 -656.250 -515.625 -492.188 -539.062 789.062 -765.625 -687.500 359.375 -562.500 117.188 937.500 85.938 140.625 1085.938
-671.875 -617.188 -515.625 -515.625 -539.062 750.000 -773.438 -648.438 312.500 -562.500 125.000 914.062 125.000 132.812 1093.750
-632.812 -515.625 -554.688 -546.875 -414.062 640.625 -804.688 -515.625 234.375 -601.562 210.938 843.750 132.812 203.125 1109.375
-632.812 -515.625 -554.688 -546.875 -414.062 640.625 -804.688 -515.625 234.375 -601.562 210.938 843.750 132.812 203.125 1109.375
-632.812 -515.625 -554.688 -546.875 -414.062 640.625 -804.688 -515.625 234.375 -601.562 210.938 843.750 132.812 203.125 1109.375
-632.812 -515.625 -554.688 -546.875 -414.062 640.625 -804.688 -515.625 234.375 -601.562 210.938 843.750 132.812 203.125 1109.375
-632.812 -515.625 -554.688 -546.875 -414.062 640.625 -804.688 -515.625 234.375 -601.562 210.938 843.750 132.812 203.125 1109.375
-687.500 -523.438 -562.500 -578.125 -375.000 609.375 -804.688 -484.375 203.125 -601.562 210.938 820.312 179.688 171.875 1117.188
-687.500 -523.438 -562.500 -578.125 -375.000 609.375 -804.688 -484.375 203.125 -601.562 210.938 820.312 179.688 171.875 1117.188
-664.062 -468.750 -531.250 -578.125 -382.812 609.375 -812.500 -507.812 187.500 -617.188 203.125 804.688 171.875 171.875 1101.562
-585.938 -375.000 -468.750 -562.500 -406.250 609.375 -804.688 -515.625 195.312 -617.188 171.875 804.688 156.250 156.250 1078.125
-585.938 -375.000 -468.750 -562.500 -406.250 609.375 -804.688 -515.625 195.312 -617.188 171.875 804.688 156.250 156.250 1078.125
-546.875 -375.000 -406.250 -554.688 -445.312 632.812 -789.062 -562.500 195.312 -601.562 140.625 828.125 156.250 148.438 1078.125
-546.875 -375.000 -406.250 -554.688 -445.312 632.812 -789.062 -562.500 195.312 -601.562 140.625 828.125 156.250 148.438 1078.125
-492.188 -304.688 -351.562 -539.062 -484.375 671.875 -765.625 -609.375 218.750 -593.750 117.188 835.938 117.188 132.812 1078.125
-718.750 -335.938 -679.688 -476.562 -460.938 718.750 -750.000 -625.000 218.750 -640.625 70.312 734.375 -62.500 140.625 984.375
-718.750 -335.938 -679.688 -476.562 -460.938 718.750 -750.000 -625.000 218.750 -640.625 70.312 734.375 -62.500 140.625 984.375
-718.750 -335.938 -679.688 -476.562 -460.938 718.750 -750.000 -625.000 218.750 -640.625 70.312 734.375 -62.500 140.625 984.375
-718.750 -335.938 -679.688 -476.562 -460.938 718.750 -750.000 -625.000 218.750 -640.625 70.312 734.375 -62.500 140.625 984.375
-632.812 -203.125 -617.188 -460.938 -468.750 742.188 -757.812 -656.250 234.375 -648.438 62.500 710.938 -101.562 140.625 968.750
-500.000 -335.938 -507.812 -484.375 -593.750 734.375 -804.688 -632.812 226.562 -617.188 132.812 796.875 -7.812 226.562 1031.250
-500.000 -335.938 -507.812 -484.375 -593.750 734.375 -804.688 -632.812 226.562 -617.188 132.812 796.875 -7.812 226.562 1031.250
-500.000 -335.938 -507.812 -484.375 -593.750 734.375 -804.688 -632.812 226.562 -617.188 132.812 796.875 -7.812 226.562 1031.250
-500.000 -335.938 -507.812 -484.375 -593.750 734.375 -804.688 -632.812 226.562 -617.188 132.812 796.875 -7.812 226.562 1031.250
-500.000 -335.938 -507.812 -484.375 -593.750 734.375 -804.688 -632.812 226.562 -617.188 132.812 796.875 -7.812 226.562 1031.250
-531.250 -429.688 -578.125 -546.875 -601.562 664.062 -804.688 -632.812 195.312 -617.188 156.250 765.625 0.000 234.375 984.375
-531.250 -429.688 -578.125 -546.875 -601.562 664.062 -804.688 -632.812 195.312 -617.188 156.250 765.625 0.000 234.375 984.375
-640.625 -789.062 -695.312 -265.625 445.312 851.562 -85.938 -367.188 703.125 -546.875 62.500 875.000 -46.875 179.688 992.188
-554.688 -531.250 -812.500 117.188 -1601.562 1429.688 -843.750 -796.875 -85.938 -828.125 476.562 460.938 0.000 31.250 929.688
-554.688 -531.250 -812.500 117.188 -1601.562 1429.688 -843.750 -796.875 -85.938 -828.125 476.562 460.938 0.000 31.250 929.688
-656.250 -585.938 -992.188 -390.625 -406.250 460.938 -703.125 -421.875 187.500 -609.375 195.312 578.125 -140.625 250.000 937.500
-656.250 -585.938 -992.188 -390.625 -406.250 460.938 -703.125 -421.875 187.500 -609.375 195.312 578.125 -140.625 250.000 937.500
-867.188 -687.500 -1164.062 -562.500 -218.750 359.375 -1062.500 -210.938 445.312 -710.938 -39.062 843.750 -203.125 367.188 929.688
-859.375 -710.938 -1218.750 -1257.812 -562.500 242.188 -968.750 -234.375 257.812 -546.875 289.062 843.750 -125.000 320.312 976.562
-859.375 -710.938 -1218.750 -1257.812 -562.500 242.188 -968.750 -234.375 257.812 -546.875 289.062 843.750 -125.000 320.312 976.562
-796.875 -640.625 -1132.812 -851.562 -578.125 453.125 -867.188 -437.500 398.438 -359.375 281.250 1015.625 -23.438 179.688 1046.875
-625.000 -554.688 -1031.250 -718.750 -507.812 585.938 -1093.750 -320.312 351.562 -601.562 23.438 1031.250 31.250 195.312 953.125
-625.000 -554.688 -1031.250 -718.750 -507.812 585.938 -1093.750 -320.312 351.562 -601.562 23.438 1031.250 31.250 195.312 953.125
-625.000 -554.688 -1031.250 -718.750 -507.812 585.938 -1093.750 -320.312 351.562 -601.562 23.438 1031.250 31.250 195.312 953.125
-625.000 -554.688 -1031.250 -718.750 -507.812 585.938 -1093.750 -320.312 351.562 -601.562 23.438 1031.250 31.250 195.312 953.125
-632.812 -640.625 -1148.438 -1164.062 -664.062 507.812 -835.938 -515.625 695.312 -593.750 140.625 843.750 54.688 335.938 921.875
-648.438 -765.625 -1273.438 -1101.562 -367.188 171.875 -796.875 -210.938 250.000 -531.250 70.312 742.188 109.375 382.812 898.438
-648.438 -765.625 -1273.438 -1101.562 -367.188 171.875 -796.875 -210.938 250.000 -531.250 70.312 742.188 109.375 382.812 898.438
-453.125 -695.312 -1304.688 -976.562 210.938 -296.875 -781.250 203.125 -289.062 -554.688 289.062 328.125 140.625 328.125 820.312
-382.812 -625.000 -789.062 765.625 85.938 15.625 531.250 -23.438 -109.375 109.375 750.000 -437.500 15.625 476.562 460.938
-382.812 -625.000 -789.062 765.625 85.938 15.625 531.250 -23.438 -109.375 109.375 750.000 -437.500 15.625 476.562 460.938
-382.812 -625.000 -789.062 765.625 85.938 15.625 531.250 -23.438 -109.375 109.375 750.000 -437.500 15.625 476.562 460.938
-382.812 -625.000 -789.062 765.625 85.938 15.625 531.250 -23.438 -109.375 109.375 750.000 -437.500 15.625 476.562 460.938
-382.812 -625.000 -789.062 765.625 85.938 15.625 531.250 -23.438 -109.375 109.375 750.000 -437.500 15.625 476.562 460.938
-296.875 -476.562 -617.188 1023.438 367.188 289.062 804.688 296.875 585.938 382.812 31.250 85.938 -101.562 500.000 -296.875
-296.875 -476.562 -617.188 1023.438 367.188 289.062 804.688 296.875 585.938 382.812 31.250 85.938 -101.562 500.000 -296.875
-429.688 -70.312 -421.875 500.000 -125.000 1351.562 382.812 -164.062 1937.500 1093.750 -664.062 1500.000 -31.250 -492.188 335.938
-1289.062 -1593.750 1000.000 -2054.688 -3257.812 726.562 -734.375 429.688 1460.938 179.688 -46.875 3195.312 1390.625 578.125 3156.250
-1289.062 -1593.750 1000.000 -2054.688 -3257.812 726.562 -734.375 429.688 1460.938 179.688 -46.875 3195.312 1390.625 578.125 3156.250
-1070.312 1007.812 -304.688 -1562.500 -1242.188 976.562 -1609.375 -1398.438 468.750 -1218.750 -1484.375 468.750 -1476.562 -710.938 15.625
-1070.312 1007.812 -304.688 -1562.500 -1242.188 976.562 -1609.375 -1398.438 468.750 -1218.750 -1484.375 468.750 -1476.562 -710.938 15.625
-1070.312 1007.812 -304.688 -1562.500 -1242.188 976.562 -1609.375 -1398.438 468.750 -1218.750 -1484.375 468.750 -1476.562 -710.938 15.625
-1070.312 1007.812 -304.688 -1562.500 -1242.188 976.562 -1609.375 -1398.438 468.750 -1218.750 -1484.375 468.750 -1476.562 -710.938 15.625
-1070.312 1007.812 -304.688 -1562.500 -1242.188 976.562 -1609.375 -1398.438 468.750 -1218.750 -1484.375 468.750 -1476.562 -710.938 15.625
-960.938 148.438 -312.500 -992.188 -1312.500 835.938 -929.688 -1289.062 570.312 -460.938 -976.562 781.250 -328.125 -695.312 828.125
-1054.688 62.500 -429.688 -710.938 -1281.250 835.938 -812.500 -1000.000 695.312 -203.125 -726.562 1078.125 140.625 -554.688 1210.938
-1015.625 -62.500 -507.812 -390.625 -1046.875 843.750 -507.812 -835.938 906.250 62.500 -710.938 1156.250 187.500 -562.500 1156.250
-1054.688 -140.625 -640.625 -7.812 -1023.438 890.625 -203.125 -773.438 1000.000 164.062 -664.062 1046.875 -70.312 -429.688 992.188
-1085.938 -171.875 -789.062 187.500 -945.312 890.625 -31.250 -742.188 976.562 132.812 -546.875 921.875 -62.500 -296.875 867.188
-1078.125 -257.812 -820.312 312.500 -835.938 867.188 39.062 -609.375 953.125 203.125 -390.625 898.438 93.750 -148.438 890.625
-1000.000 -359.375 -726.562 343.750 -710.938 835.938 85.938 -453.125 976.562 304.688 -218.750 960.938 250.000 -46.875 976.562
-1000.000 -359.375 -726.562 343.750 -710.938 835.938 85.938 -453.125 976.562 304.688 -218.750 960.938 250.000 -46.875 976.562
-968.750 117.188 -625.000 70.312 -250.000 656.250 -46.875 0.000 906.250 390.625 125.000 1093.750 679.688 265.625 1156.250
-968.750 117.188 -625.000 70.312 -250.000 656.250 -46.875 0.000 906.250 390.625 125.000 1093.750 679.688 265.625 1156.250
-968.750 117.188 -625.000 70.312 -250.000 656.250 -46.875 0.000 906.250 390.625 125.000 1093.750 679.688 265.625 1156.250
-921.875 156.250 -531.250 -46.875 -234.375 617.188 -117.188 0.000 882.812 398.438 117.188 1109.375 710.938 242.188 1171.875
-921.875 156.250 -531.250 -46.875 -234.375 617.188 -117.188 0.000 882.812 398.438 117.188 1109.375 710.938 242.188 1171.875
-835.938 195.312 -460.938 -273.438 -296.875 585.938 -375.000 -78.125 773.438 140.625 -15.625 1054.688 515.625 85.938 1132.812
-789.062 132.812 -437.500 -335.938 -367.188 617.188 -468.750 -171.875 726.562 39.062 -85.938 1015.625 390.625 46.875 1093.750
-789.062 132.812 -437.500 -335.938 -367.188 617.188 -468.750 -171.875 726.562 39.062 -85.938 1015.625 390.625 46.875 1093.750
-734.375 54.688 -382.812 -429.688 -515.625 671.875 -593.750 -335.938 726.562 -101.562 -250.000 1000.000 148.438 -85.938 1054.688
-742.188 39.062 -375.000 -476.562 -617.188 718.750 -648.438 -445.312 742.188 -171.875 -343.750 1007.812 78.125 -171.875 1062.500
-742.188 31.250 -382.812 -507.812 -742.188 742.188 -695.312 -570.312 726.562 -242.188 -437.500 1000.000 -23.438 -250.000 1054.688
-929.688 0.000 -546.875 -335.938 -1031.250 851.562 -507.812 -742.188 890.625 31.250 -507.812 1125.000 210.938 -242.188 1210.938
-929.688 0.000 -546.875 -335.938 -1031.250 851.562 -507.812 -742.188 890.625 31.250 -507.812 1125.000 210.938 -242.188 1210.938
-929.688 0.000 -546.875 -335.938 -1031.250 851.562 -507.812 -742.188 890.625 31.250 -507.812 1125.000 210.938 -242.188 1210.938
-929.688 0.000 -546.875 -335.938 -1031.250 851.562 -507.812 -742.188 890.625 31.250 -507.812 1125.000 210.938 -242.188 1210.938
-929.688 0.000 -546.875 -335.938 -1031.250 851.562 -507.812 -742.188 890.625 31.250 -507.812 1125.000 210.938 -242.188 1210.938
-929.688 -31.250 -609.375 -195.312 -1007.812 875.000 -390.625 -679.688 937.500 31.250 -562.500 1054.688 140.625 -429.688 945.312
-929.688 -31.250 -609.375 -195.312 -1007.812 875.000 -390.625 -679.688 937.500 31.250 -562.500 1054.688 140.625 -429.688 945.312
-851.562 -156.250 -578.125 -125.000 -945.312 820.312 -320.312 -492.188 929.688 78.125 -429.688 1039.062 -23.438 -148.438 992.188
-742.188 -375.000 -507.812 -54.688 -726.562 851.562 179.688 -695.312 1242.188 -39.062 -257.812 1070.312 46.875 -15.625 968.750
-742.188 -375.000 -507.812 -54.688 -726.562 851.562 179.688 -695.312 1242.188 -39.062 -257.812 1070.312 46.875 -15.625 968.750
-312.500 7.812 -15.625 -484.375 -992.188 1257.812 -742.188 -507.812 796.875 -156.250 -257.812 1046.875 93.750 148.438 1257.812
-312.500 7.812 -15.625 -484.375 -992.188 1257.812 -742.188 -507.812 796.875 -156.250 -257.812 1046.875 93.750 148.438 1257.812
-312.500 7.812 -15.625 -484.375 -992.188 1257.812 -742.188 -507.812 796.875 -156.250 -257.812 1046.875 93.750 148.438 1257.812
-609.375 710.938 -62.500 445.312 -1023.438 507.812 -445.312 93.750 460.938 -242.188 93.750 914.062 54.688 78.125 1203.125
-609.375 710.938 -62.500 445.312 -1023.438 507.812 -445.312 93.750 460.938 -242.188 93.750 914.062 54.688 78.125 1203.125
-375.000 1390.625 578.125 -585.938 507.812 726.562 -921.875 -367.188 781.250 -281.250 -109.375 1070.312 39.062 70.312 1234.375
-429.688 0.000 -39.062 -93.750 -156.250 960.938 -664.062 -281.250 906.250 -164.062 -125.000 1101.562 101.562 70.312 1242.188
-429.688 0.000 -39.062 -93.750 -156.250 960.938 -664.062 -281.250 906.250 -164.062 -125.000 1101.562 101.562 70.312 1242.188
-773.438 -179.688 -414.062 -382.812 -460.938 867.188 -492.188 -312.500 796.875 -234.375 -70.312 1164.062 31.250 -70.312 1273.438
-687.500 -468.750 -523.438 -304.688 -343.750 843.750 -601.562 -367.188 648.438 -125.000 -171.875 1015.625 265.625 -250.000 1289.062
-687.500 -468.750 -523.438 -304.688 -343.750 843.750 -601.562 -367.188 648.438 -125.000 -171.875 1015.625 265.625 -250.000 1289.062
-703.125 78.125 -664.062 -562.500 -390.625 328.125 -859.375 -687.500 117.188 -890.625 -281.250 164.062 -78.125 -132.812 531.250
-703.125 78.125 -664.062 -562.500 -390.625 328.125 -859.375 -687.500 117.188 -890.625 -281.250 164.062 -78.125 -132.812 531.250
-703.125 78.125 -664.062 -562.500 -390.625 328.125 -859.375 -687.500 117.188 -890.625 -281.250 164.062 -78.125 -132.812 531.250
-703.125 78.125 -664.062 -562.500 -390.625 328.125 -859.375 -687.500 117.188 -890.625 -281.250 164.062 -78.125 -132.812 531.250
-703.125 78.125 -664.062 -562.500 -390.625 328.125 -859.375 -687.500 117.188 -890.625 -281.250 164.062 -78.125 -132.812 531.250
-812.500 -953.125 -937.500 -601.562 -718.750 351.562 -429.688 -585.938 273.438 -867.188 -234.375 171.875 -351.562 -101.562 515.625
-812.500 -953.125 -937.500 -601.562 -718.750 351.562 -429.688 -585.938 273.438 -867.188 -234.375 171.875 -351.562 -101.562 515.625
-1046.875 -476.562 -1203.125 -414.062 -718.750 507.812 -546.875 -554.688 195.312 -757.812 -304.688 242.188 -539.062 -109.375 351.562
-968.750 -187.500 -1164.062 -343.750 -570.312 523.438 -718.750 -281.250 250.000 -593.750 -195.312 375.000 -867.188 -312.500 46.875
-968.750 -187.500 -1164.062 -343.750 -570.312 523.438 -718.750 -281.250 250.000 -593.750 -195.312 375.000 -867.188 -312.500 46.875
-882.812 -265.625 -898.438 -554.688 -632.812 476.562 -632.812 -484.375 390.625 -757.812 -390.625 359.375 -976.562 -101.562 171.875
-710.938 -265.625 -726.562 -523.438 -617.188 421.875 -562.500 -554.688 328.125 -867.188 -312.500 343.750 -898.438 -117.188 289.062
-710.938 -265.625 -726.562 -523.438 -617.188 421.875 -562.500 -554.688 328.125 -867.188 -312.500 343.750 -898.438 -117.188 289.062
-562.500 -414.062 -632.812 -632.812 -437.500 273.438 -726.562 -453.125 164.062 -859.375 -390.625 281.250 -734.375 -250.000 398.438
-562.500 -414.062 -632.812 -632.812 -437.500 273.438 -726.562 -453.125 164.062 -859.375 -390.625 281.250 -734.375 -250.000 398.438
-539.062 -367.188 -507.812 -757.812 -328.125 250.000 -750.000 -437.500 242.188 -898.438 -429.688 312.500 -750.000 -273.438 445.312
-796.875 226.562 -585.938 -625.000 -1007.812 703.125 -820.312 -609.375 203.125 -804.688 -226.562 484.375 -601.562 -101.562 781.250
-796.875 226.562 -585.938 -625.000 -1007.812 703.125 -820.312 -609.375 203.125 -804.688 -226.562 484.375 -601.562 -101.562 781.250
-796.875 226.562 -585.938 -625.000 -1007.812 703.125 -820.312 -609.375 203.125 -804.688 -226.562 484.375 -601.562 -101.562 781.250
-796.875 226.562 -585.938 -625.000 -1007.812 703.125 -820.312 -609.375 203.125 -804.688 -226.562 484.375 -601.562 -101.562 781.250
-796.875 226.562 -585.938 -625.000 -1007.812 703.125 -820.312 -609.375 203.125 -804.688 -226.562 484.375 -601.562 -101.562 781.250
-828.125 -85.938 -710.938 -632.812 -343.750 460.938 -734.375 -648.438 359.375 -796.875 -390.625 539.062 -664.062 -250.000 726.562
-828.125 -85.938 -710.938 -632.812 -343.750 460.938 -734.375 -648.438 359.375 -796.875 -390.625 539.062 -664.062 -250.000 726.562
-765.625 -156.250 -625.000 -664.062 -710.938 570.312 -734.375 -664.062 390.625 -765.625 -468.750 593.750 -710.938 -265.625 703.125
-765.625 -156.250 -625.000 -664.062 -710.938 570.312 -734.375 -664.062 390.625 -765.625 -468.750 593.750 -710.938 -265.625 703.125
-765.625 -156.250 -625.000 -664.062 -710.938 570.312 -734.375 -664.062 390.625 -765.625 -468.750 593.750 -710.938 -265.625 703.125
-757.812 -93.750 -648.438 -695.312 -656.250 539.062 -750.000 -664.062 375.000 -757.812 -492.188 570.312 -710.938 -312.500 687.500
-765.625 -46.875 -648.438 -703.125 -585.938 515.625 -789.062 -648.438 343.750 -781.250 -523.438 554.688 -703.125 -351.562 671.875
-765.625 -46.875 -648.438 -703.125 -585.938 515.625 -789.062 -648.438 343.750 -781.250 -523.438 554.688 -703.125 -351.562 671.875
-757.812 0.000 -679.688 -734.375 -632.812 507.812 -812.500 -679.688 296.875 -828.125 -500.000 507.812 -710.938 -335.938 710.938
-757.812 0.000 -679.688 -734.375 -632.812 507.812 -812.500 -679.688 296.875 -828.125 -500.000 507.812 -710.938 -335.938 710.938
-757.812 39.062 -726.562 -734.375 -648.438 507.812 -804.688 -679.688 273.438 -843.750 -484.375 484.375 -710.938 -343.750 710.938
-726.562 -46.875 -703.125 -664.062 -640.625 523.438 -765.625 -687.500 320.312 -796.875 -523.438 515.625 -695.312 -359.375 695.312
-726.562 -46.875 -703.125 -664.062 -640.625 523.438 -765.625 -687.500 320.312 -796.875 -523.438 515.625 -695.312 -359.375 695.312
-726.562 -46.875 -703.125 -664.062 -640.625 523.438 -765.625 -687.500 320.312 -796.875 -523.438 515.625 -695.312 -359.375 695.312
-710.938 -85.938 -718.750 -601.562 -625.000 546.875 -703.125 -664.062 367.188 -757.812 -500.000 546.875 -687.500 -320.312 734.375
-710.938 -85.938 -718.750 -601.562 -625.000 546.875 -703.125 -664.062 367.188 -757.812 -500.000 546.875 -687.500 -320.312 734.375
-726.562 -125.000 -789.062 -398.438 -539.062 609.375 -546.875 -531.250 531.250 -570.312 -367.188 742.188 -554.688 -148.438 875.000
-726.562 -125.000 -789.062 -398.438 -539.062 609.375 -546.875 -531.250 531.250 -570.312 -367.188 742.188 -554.688 -148.438 875.000
-726.562 -125.000 -789.062 -398.438 -539.062 609.375 -546.875 -531.250 531.250 -570.312 -367.188 742.188 -554.688 -148.438 875.000
-726.562 -125.000 -789.062 -398.438 -539.062 609.375 -546.875 -531.250 531.250 -570.312 -367.188 742.188 -554.688 -148.438 875.000
-726.562 -125.000 -789.062 -398.438 -539.062 609.375 -546.875 -531.250 531.250 -570.312 -367.188 742.188 -554.688 -148.438 875.000
-726.562 -148.438 -820.312 -343.750 -539.062 671.875 -500.000 -507.812 601.562 -546.875 -375.000 765.625 -539.062 -132.812 890.625
-679.688 -304.688 -812.500 -390.625 -687.500 640.625 -562.500 -382.812 539.062 -601.562 -359.375 757.812 -500.000 -85.938 828.125
-679.688 -304.688 -812.500 -390.625 -687.500 640.625 -562.500 -382.812 539.062 -601.562 -359.375 757.812 -500.000 -85.938 828.125
-679.688 -304.688 -812.500 -390.625 -687.500 640.625 -562.500 -382.812 539.062 -601.562 -359.375 757.812 -500.000 -85.938 828.125
-679.688 -304.688 -812.500 -390.625 -687.500 640.625 -562.500 -382.812 539.062 -601.562 -359.375 757.812 -500.000 -85.938 828.125
-679.688 -304.688 -812.500 -390.625 -687.500 640.625 -562.500 -382.812 539.062 -601.562 -359.375 757.812 -500.000 -85.938 828.125
-640.625 -484.375 -859.375 -421.875 -375.000 671.875 -554.688 -507.812 617.188 -851.562 -414.062 367.188 -523.438 -140.625 648.438
-640.625 -484.375 -859.375 -421.875 -375.000 671.875 -554.688 -507.812 617.188 -851.562 -414.062 367.188 -523.438 -140.625 648.438
-648.438 -648.438 -531.250 -789.062 -593.750 421.875 -1140.625 -710.938 -132.812 -851.562 -609.375 -164.062 -648.438 -500.000 -585.938
-648.438 -648.438 -531.250 -789.062 -593.750 421.875 -1140.625 -710.938 -132.812 -851.562 -609.375 -164.062 -648.438 -500.000 -585.938
-648.438 -648.438 -531.250 -789.062 -593.750 421.875 -1140.625 -710.938 -132.812 -851.562 -609.375 -164.062 -648.438 -500.000 -585.938
-648.438 -648.438 -531.250 -789.062 -593.750 421.875 -1140.625 -710.938 -132.812 -851.562 -609.375 -164.062 -648.438 -500.000 -585.938
-648.438 -648.438 -531.250 -789.062 -593.750 421.875 -1140.625 -710.938 -132.812 -851.562 -609.375 -164.062 -648.438 -500.000 -585.938
-898.438 -312.500 -898.438 -179.688 -1210.938 1164.062 -1312.500 -1101.562 -445.312 -789.062 -289.062 -226.562 -375.000 -750.000 -500.000
-992.188 -609.375 -1054.688 -609.375 -765.625 601.562 -843.750 -906.250 -23.438 -796.875 -257.812 -289.062 257.812 -54.688 54.688
-992.188 -609.375 -1054.688 -609.375 -765.625 601.562 -843.750 -906.250 -23.438 -796.875 -257.812 -289.062 257.812 -54.688 54.688
-570.312 -781.250 -554.688 -703.125 -210.938 335.938 -937.500 -695.312 445.312 -453.125 -250.000 148.438 179.688 492.188 1140.625
-570.312 -781.250 -554.688 -703.125 -210.938 335.938 -937.500 -695.312 445.312 -453.125 -250.000 148.438 179.688 492.188 1140.625
-601.562 -570.312 -546.875 -632.812 -515.625 375.000 -789.062 -695.312 343.750 -218.750 320.312 476.562 242.188 601.562 1828.125
-695.312 -304.688 -593.750 -460.938 -695.312 679.688 -507.812 -320.312 492.188 312.500 1437.500 1632.812 750.000 1164.062 2296.875
-695.312 -304.688 -593.750 -460.938 -695.312 679.688 -507.812 -320.312 492.188 312.500 1437.500 1632.812 750.000 1164.062 2296.875
-640.625 -273.438 -601.562 -375.000 -648.438 718.750 -375.000 0.000 625.000 515.625 1195.312 1835.938 1070.312 632.812 2250.000
-929.688 421.875 -859.375 -242.188 -101.562 554.688 -289.062 445.312 992.188 882.812 671.875 1812.500 906.250 250.000 1757.812
-929.688 421.875 -859.375 -242.188 -101.562 554.688 -289.062 445.312 992.188 882.812 671.875 1812.500 906.250 250.000 1757.812
-1062.500 312.500 -695.312 -382.812 -273.438 781.250 -585.938 -203.125 773.438 117.188 234.375 992.188 687.500 31.250 929.688
-1062.500 312.500 -695.312 -382.812 -273.438 781.250 -585.938 -203.125 773.438 117.188 234.375 992.188 687.500 31.250 929.688
-1062.500 312.500 -695.312 -382.812 -273.438 781.250 -585.938 -203.125 773.438 117.188 234.375 992.188 687.500 31.250 929.688
-890.625 93.750 -421.875 -484.375 -414.062 796.875 -695.312 -390.625 703.125 125.000 -148.438 937.500 437.500 -304.688 875.000
-890.625 93.750 -421.875 -484.375 -414.062 796.875 -695.312 -390.625 703.125 125.000 -148.438 937.500 437.500 -304.688 875.000
-390.625 -343.750 296.875 -625.000 -648.438 765.625 -757.812 -492.188 679.688 -164.062 -312.500 968.750 242.188 109.375 835.938
-93.750 132.812 539.062 -781.250 -804.688 789.062 -882.812 -671.875 718.750 -390.625 -125.000 1140.625 140.625 -312.500 984.375
-93.750 132.812 539.062 -781.250 -804.688 789.062 -882.812 -671.875 718.750 -390.625 -125.000 1140.625 140.625 -312.500 984.375
-890.625 -7.812 -187.500 -640.625 -710.938 859.375 -890.625 -593.750 632.812 -335.938 -109.375 1117.188 281.250 -234.375 1171.875
-890.625 -7.812 -187.500 -640.625 -710.938 859.375 -890.625 -593.750 632.812 -335.938 -109.375 1117.188 281.250 -234.375 1171.875
-1046.875 70.312 -390.625 -640.625 -601.562 757.812 -867.188 -515.625 578.125 -171.875 -218.750 1070.312 242.188 -296.875 1046.875
-906.250 0.000 -226.562 -468.750 -703.125 726.562 -585.938 -515.625 710.938 -46.875 -85.938 1046.875 320.312 -125.000 984.375
-906.250 0.000 -226.562 -468.750 -703.125 726.562 -585.938 -515.625 710.938 -46.875 -85.938 1046.875 320.312 -125.000 984.375
-906.250 0.000 -226.562 -468.750 -703.125 726.562 -585.938 -515.625 710.938 -46.875 -85.938 1046.875 320.312 -125.000 984.375
-906.250 0.000 -226.562 -468.750 -703.125 726.562 -585.938 -515.625 710.938 -46.875 -85.938 1046.875 320.312 -125.000 984.375
-906.250 0.000 -226.562 -468.750 -703.125 726.562 -585.938 -515.625 710.938 -46.875 -85.938 1046.875 320.312 -125.000 984.375
-937.500 -23.438 -281.250 -359.375 -617.188 757.812 -554.688 -476.562 710.938 -7.812 -46.875 1007.812 328.125 -101.562 968.750
-937.500 -23.438 -281.250 -359.375 -617.188 757.812 -554.688 -476.562 710.938 -7.812 -46.875 1007.812 328.125 -101.562 968.750
-914.062 -78.125 -289.062 -312.500 -546.875 750.000 -515.625 -445.312 718.750 7.812 -7.812 1007.812 359.375 -70.312 984.375
-789.062 148.438 -210.938 -242.188 -500.000 757.812 -460.938 -359.375 742.188 46.875 78.125 1007.812 375.000 0.000 1023.438
-789.062 148.438 -210.938 -242.188 -500.000 757.812 -460.938 -359.375 742.188 46.875 78.125 1007.812 375.000 0.000 1023.438
-828.125 179.688 -242.188 -234.375 -468.750 757.812 -445.312 -320.312 742.188 62.500 101.562 1015.625 406.250 7.812 1031.250
-828.125 179.688 -242.188 -234.375 -468.750 757.812 -445.312 -320.312 742.188 62.500 101.562 1015.625 406.250 7.812 1031.250
-843.750 148.438 -257.812 -304.688 -398.438 671.875 -500.000 -265.625 718.750 85.938 148.438 1046.875 476.562 54.688 1054.688
-781.250 296.875 -187.500 -429.688 -531.250 765.625 -632.812 -406.250 710.938 -62.500 23.438 1062.500 414.062 -85.938 1054.688
-781.250 296.875 -187.500 -429.688 -531.250 765.625 -632.812 -406.250 710.938 -62.500 23.438 1062.500 414.062 -85.938 1054.688
-781.250 296.875 -187.500 -429.688 -531.250 765.625 -632.812 -406.250 710.938 -62.500 23.438 1062.500 414.062 -85.938 1054.688
-781.250 296.875 -187.500 -429.688 -531.250 765.625 -632.812 -406.250 710.938 -62.500 23.438 1062.500 414.062 -85.938 1054.688
-781.250 296.875 -187.500 -429.688 -531.250 765.625 -632.812 -406.250 710.938 -62.500 23.438 1062.500 414.062 -85.938 1054.688
-781.250 242.188 -179.688 -445.312 -570.312 773.438 -648.438 -453.125 695.312 -93.750 -23.438 1054.688 390.625 -132.812 1023.438
-781.250 242.188 -179.688 -445.312 -570.312 773.438 -648.438 -453.125 695.312 -93.750 -23.438 1054.688 390.625 -132.812 1023.438
-617.188 164.062 0.000 -507.812 -671.875 750.000 -632.812 -406.250 742.188 1070.312 -523.438 1507.812 460.938 -242.188 968.750
-515.625 203.125 -39.062 -515.625 -757.812 765.625 -703.125 -546.875 742.188 -148.438 31.250 1218.750 585.938 -109.375 1179.688
-515.625 203.125 -39.062 -515.625 -757.812 765.625 -703.125 -546.875 742.188 -148.438 31.250 1218.750 585.938 -109.375 1179.688
-789.062 -429.688 -578.125 54.688 -656.250 804.688 -609.375 -609.375 601.562 -15.625 -46.875 1117.188 382.812 -156.250 1085.938
-789.062 -429.688 -578.125 54.688 -656.250 804.688 -609.375 -609.375 601.562 -15.625 -46.875 1117.188 382.812 -156.250 1085.938
-789.062 -429.688 -578.125 54.688 -656.250 804.688 -609.375 -609.375 601.562 -15.625 -46.875 1117.188 382.812 -156.250 1085.938
-789.062 -429.688 -578.125 54.688 -656.250 804.688 -609.375 -609.375 601.562 -15.625 -46.875 1117.188 382.812 -156.250 1085.938
-789.062 -429.688 -578.125 54.688 -656.250 804.688 -609.375 -609.375 601.562 -15.625 -46.875 1117.188 382.812 -156.250 1085.938
-875.000 -289.062 -820.312 -562.500 -375.000 632.812 -375.000 -187.500 960.938 39.062 -101.562 1062.500 78.125 54.688 953.125
-1015.625 -312.500 -1031.250 -359.375 -328.125 687.500 -500.000 -265.625 656.250 -164.062 7.812 906.250 -78.125 117.188 898.438
-1015.625 -312.500 -1031.250 -359.375 -328.125 687.500 -500.000 -265.625 656.250 -164.062 7.812 906.250 -78.125 117.188 898.438
-1015.625 -312.500 -1031.250 -359.375 -328.125 687.500 -500.000 -265.625 656.250 -164.062 7.812 906.250 -78.125 117.188 898.438
-1015.625 -312.500 -1031.250 -359.375 -328.125 687.500 -500.000 -265.625 656.250 -164.062 7.812 906.250 -78.125 117.188 898.438
-968.750 -148.438 -1023.438 -367.188 -375.000 687.500 -531.250 -250.000 648.438 -296.875 0.000 867.188 -70.312 93.750 906.250
-921.875 -15.625 -1031.250 -335.938 -398.438 656.250 -531.250 -273.438 539.062 -367.188 39.062 789.062 -54.688 54.688 921.875
-921.875 -15.625 -1031.250 -335.938 -398.438 656.250 -531.250 -273.438 539.062 -367.188 39.062 789.062 -54.688 54.688 921.875
-1039.062 -289.062 -1109.375 -390.625 -335.938 609.375 -632.812 -531.250 390.625 -328.125 187.500 726.562 -171.875 85.938 976.562
-812.500 -570.312 -945.312 -1000.000 -531.250 203.125 -921.875 -382.812 93.750 -812.500 312.500 656.250 31.250 -421.875 468.750
-812.500 -570.312 -945.312 -1000.000 -531.250 203.125 -921.875 -382.812 93.750 -812.500 312.500 656.250 31.250 -421.875 468.750
-812.500 -570.312 -945.312 -1000.000 -531.250 203.125 -921.875 -382.812 93.750 -812.500 312.500 656.250 31.250 -421.875 468.750
-812.500 -570.312 -945.312 -1000.000 -531.250 203.125 -921.875 -382.812 93.750 -812.500 312.500 656.250 31.250 -421.875 468.750
-812.500 -570.312 -945.312 -1000.000 -531.250 203.125 -921.875 -382.812 93.750 -812.500 312.500 656.250 31.250 -421.875 468.750
-843.750 -656.250 -890.625 -1140.625 -375.000 109.375 -1140.625 -304.688 148.438 62.500 46.875 1281.250 -31.250 -781.250 117.188
-843.750 -656.250 -890.625 -1140.625 -375.000 109.375 -1140.625 -304.688 148.438 62.500 46.875 1281.250 -31.250 -781.250 117.188
-726.562 -554.688 -937.500 -921.875 -554.688 -15.625 -757.812 179.688 195.312 -515.625 -210.938 429.688 226.562 -296.875 578.125
-812.500 -601.562 -1023.438 -789.062 -148.438 78.125 -796.875 -398.438 -187.500 -757.812 406.250 101.562 70.312 -382.812 773.438
-812.500 -601.562 -1023.438 -789.062 -148.438 78.125 -796.875 -398.438 -187.500 -757.812 406.250 101.562 70.312 -382.812 773.438
-734.375 -382.812 -726.562 -265.625 -7.812 156.250 -210.938 7.812 296.875 -242.188 203.125 429.688 -890.625 -218.750 -109.375
-734.375 -382.812 -726.562 -265.625 -7.812 156.250 -210.938 7.812 296.875 -242.188 203.125 429.688 -890.625 -218.750 -109.375
-734.375 -382.812 -726.562 -265.625 -7.812 156.250 -210.938 7.812 296.875 -242.188 203.125 429.688 -890.625 -218.750 -109.375
-734.375 -382.812 -726.562 -265.625 -7.812 156.250 -210.938 7.812 296.875 -242.188 203.125 429.688 -890.625 -218.750 -109.375
-734.375 -382.812 -726.562 -265.625 -7.812 156.250 -210.938 7.812 296.875 -242.188 203.125 429.688 -890.625 -218.750 -109.375
-648.438 -210.938 -414.062 -23.438 109.375 523.438 -132.812 164.062 1093.750 257.812 -414.062 1273.438 -328.125 46.875 992.188
-695.312 23.438 -257.812 117.188 -179.688 843.750 -109.375 -218.750 1343.750 273.438 -101.562 1562.500 179.688 140.625 1585.938
-625.000 -312.500 -93.750 31.250 -890.625 1796.875 -187.500 -460.938 1773.438 531.250 -375.000 1898.438 601.562 85.938 1953.125
125.000 -85.938 890.625 148.438 -1593.750 2445.312 -382.812 -843.750 2125.000 484.375 -539.062 2195.312 789.062 -171.875 1976.562
125.000 -85.938 890.625 148.438 -1593.750 2445.312 -382.812 -843.750 2125.000 484.375 -539.062 2195.312 789.062 -171.875 1976.562
-867.188 343.750 -304.688 -554.688 -1125.000 1000.000 -679.688 -968.750 648.438 -531.250 -632.812 648.438 -671.875 -132.812 617.188
-867.188 343.750 -304.688 -554.688 -1125.000 1000.000 -679.688 -968.750 648.438 -531.250 -632.812 648.438 -671.875 -132.812 617.188
-867.188 343.750 -304.688 -554.688 -1125.000 1000.000 -679.688 -968.750 648.438 -531.250 -632.812 648.438 -671.875 -132.812 617.188
-859.375 117.188 -273.438 -429.688 -1015.625 937.500 -539.062 -679.688 820.312 -210.938 -617.188 851.562 -523.438 -343.750 640.625
-859.375 -343.750 -421.875 -117.188 -578.125 796.875 -343.750 -320.312 906.250 101.562 -156.250 1140.625 289.062 -78.125 1289.062
-859.375 -343.750 -421.875 -117.188 -578.125 796.875 -343.750 -320.312 906.250 101.562 -156.250 1140.625 289.062 -78.125 1289.062
-851.562 -304.688 -453.125 -15.625 -679.688 828.125 -234.375 -328.125 921.875 257.812 -93.750 1101.562 375.000 -7.812 1242.188
-945.312 -281.250 -523.438 23.438 -625.000 835.938 -171.875 -320.312 968.750 390.625 -187.500 1039.062 367.188 -70.312 1046.875
-960.938 -117.188 -562.500 -62.500 -578.125 820.312 -210.938 -296.875 960.938 351.562 -164.062 1054.688 484.375 -54.688 1078.125
-960.938 -117.188 -562.500 -62.500 -578.125 820.312 -210.938 -296.875 960.938 351.562 -164.062 1054.688 484.375 -54.688 1078.125
-960.938 -117.188 -562.500 -62.500 -578.125 820.312 -210.938 -296.875 960.938 351.562 -164.062 1054.688 484.375 -54.688 1078.125
-960.938 -117.188 -562.500 -62.500 -578.125 820.312 -210.938 -296.875 960.938 351.562 -164.062 1054.688 484.375 -54.688 1078.125
-937.500 -101.562 -531.250 -132.812 -546.875 789.062 -265.625 -250.000 914.062 320.312 -171.875 1046.875 429.688 -46.875 1062.500
-937.500 -101.562 -531.250 -132.812 -546.875 789.062 -265.625 -250.000 914.062 320.312 -171.875 1046.875 429.688 -46.875 1062.500
-921.875 -62.500 -531.250 -203.125 -523.438 757.812 -335.938 -250.000 898.438 273.438 -179.688 1023.438 398.438 -62.500 1046.875
-921.875 -62.500 -531.250 -203.125 -523.438 757.812 -335.938 -250.000 898.438 273.438 -179.688 1023.438 398.438 -62.500 1046.875
-882.812 -15.625 -460.938 -328.125 -546.875 718.750 -453.125 -296.875 812.500 156.250 -242.188 984.375 335.938 -109.375 1023.438
-867.188 23.438 -398.438 -445.312 -617.188 734.375 -570.312 -398.438 789.062 23.438 -359.375 968.750 171.875 -195.312 984.375
-867.188 23.438 -398.438 -445.312 -617.188 734.375 -570.312 -398.438 789.062 23.438 -359.375 968.750 171.875 -195.312 984.375
-867.188 23.438 -398.438 -445.312 -617.188 734.375 -570.312 -398.438 789.062 23.438 -359.375 968.750 171.875 -195.312 984.375
-867.188 23.438 -398.438 -445.312 -617.188 734.375 -570.312 -398.438 789.062 23.438 -359.375 968.750 171.875 -195.312 984.375
-867.188 7.812 -398.438 -445.312 -625.000 742.188 -570.312 -406.250 796.875 23.438 -367.188 984.375 179.688 -210.938 984.375
-882.812 -15.625 -406.250 -445.312 -648.438 742.188 -562.500 -414.062 789.062 15.625 -382.812 968.750 171.875 -218.750 992.188
-882.812 -15.625 -406.250 -445.312 -648.438 742.188 -562.500 -414.062 789.062 15.625 -382.812 968.750 171.875 -218.750 992.188
-890.625 -23.438 -398.438 -429.688 -664.062 742.188 -546.875 -437.500 789.062 23.438 -382.812 968.750 156.250 -226.562 984.375
-890.625 -23.438 -398.438 -429.688 -664.062 742.188 -546.875 -437.500 789.062 23.438 -382.812 968.750 156.250 -226.562 984.375
-898.438 -31.250 -398.438 -414.062 -671.875 742.188 -531.250 -437.500 781.250 31.250 -382.812 960.938 156.250 -226.562 968.750
-890.625 -31.250 -414.062 -351.562 -617.188 734.375 -492.188 -390.625 804.688 70.312 -335.938 968.750 187.500 -187.500 992.188
-890.625 -31.250 -414.062 -351.562 -617.188 734.375 -492.188 -390.625 804.688 70.312 -335.938 968.750 187.500 -187.500 992.188
-921.875 -39.062 -445.312 -273.438 -593.750 742.188 -406.250 -351.562 835.938 148.438 -296.875 976.562 234.375 -148.438 1000.000
-929.688 -85.938 -453.125 -242.188 -585.938 734.375 -390.625 -343.750 835.938 156.250 -281.250 984.375 257.812 -148.438 1000.000
-929.688 -85.938 -453.125 -242.188 -585.938 734.375 -390.625 -343.750 835.938 156.250 -281.250 984.375 257.812 -148.438 1000.000
-906.250 -109.375 -437.500 -281.250 -562.500 703.125 -414.062 -312.500 781.250 117.188 -273.438 937.500 210.938 -117.188 976.562
-906.250 -109.375 -437.500 -281.250 -562.500 703.125 -414.062 -312.500 781.250 117.188 -273.438 937.500 210.938 -117.188 976.562
-906.250 -109.375 -437.500 -281.250 -562.500 703.125 -414.062 -312.500 781.250 117.188 -273.438 937.500 210.938 -117.188 976.562
-906.250 -109.375 -437.500 -281.250 -562.500 703.125 -414.062 -312.500 781.250 117.188 -273.438 937.500 210.938 -117.188 976.562
-906.250 -109.375 -437.500 -281.250 -562.500 703.125 -414.062 -312.500 781.250 117.188 -273.438 937.500 210.938 -117.188 976.562
-890.625 7.812 -429.688 -335.938 -507.812 695.312 -460.938 -296.875 781.250 78.125 -273.438 968.750 218.750 -125.000 1000.000
-898.438 15.625 -398.438 -375.000 -515.625 695.312 -492.188 -296.875 781.250 70.312 -281.250 984.375 210.938 -132.812 1007.812
-898.438 15.625 -398.438 -375.000 -515.625 695.312 -492.188 -296.875 781.250 70.312 -281.250 984.375 210.938 -132.812 1007.812
-890.625 -7.812 -367.188 -398.438 -531.250 695.312 -515.625 -320.312 773.438 39.062 -296.875 968.750 195.312 -148.438 1000.000
-890.625 -7.812 -367.188 -398.438 -531.250 695.312 -515.625 -320.312 773.438 39.062 -296.875 968.750 195.312 -148.438 1000.000
-890.625 -54.688 -375.000 -343.750 -546.875 703.125 -468.750 -312.500 781.250 62.500 -289.062 945.312 195.312 -148.438 992.188
-890.625 -54.688 -375.000 -343.750 -546.875 703.125 -468.750 -312.500 781.250 62.500 -289.062 945.312 195.312 -148.438 992.188
-890.625 -54.688 -375.000 -343.750 -546.875 703.125 -468.750 -312.500 781.250 62.500 -289.062 945.312 195.312 -148.438 992.188
-890.625 -70.312 -398.438 -328.125 -546.875 703.125 -453.125 -320.312 773.438 85.938 -281.250 945.312 203.125 -132.812 984.375
-882.812 -109.375 -398.438 -343.750 -562.500 679.688 -453.125 -335.938 742.188 62.500 -273.438 921.875 195.312 -132.812 976.562
-882.812 -109.375 -398.438 -343.750 -562.500 679.688 -453.125 -335.938 742.188 62.500 -273.438 921.875 195.312 -132.812 976.562
-898.438 15.625 -414.062 -320.312 -539.062 703.125 -445.312 -320.312 789.062 70.312 -281.250 937.500 164.062 -132.812 976.562
-898.438 15.625 -414.062 -320.312 -539.062 703.125 -445.312 -320.312 789.062 70.312 -281.250 937.500 164.062 -132.812 976.562
-906.250 -39.062 -398.438 -328.125 -570.312 710.938 -453.125 -328.125 789.062 70.312 -281.250 960.938 187.500 -140.625 984.375
-875.000 -93.750 -382.812 -312.500 -554.688 718.750 -445.312 -328.125 789.062 62.500 -273.438 960.938 179.688 -132.812 976.562
-875.000 -93.750 -382.812 -312.500 -554.688 718.750 -445.312 -328.125 789.062 62.500 -273.438 960.938 179.688 -132.812 976.562
-875.000 -93.750 -382.812 -312.500 -554.688 718.750 -445.312 -328.125 789.062 62.500 -273.438 960.938 179.688 -132.812 976.562
-875.000 -101.562 -398.438 -304.688 -554.688 726.562 -429.688 -312.500 804.688 85.938 -265.625 960.938 187.500 -125.000 984.375
-875.000 -101.562 -398.438 -304.688 -554.688 726.562 -429.688 -312.500 804.688 85.938 -265.625 960.938 187.500 -125.000 984.375
-890.625 -140.625 -406.250 -273.438 -546.875 742.188 -429.688 -320.312 812.500 109.375 -257.812 968.750 218.750 -109.375 992.188
-890.625 -140.625 -406.250 -273.438 -546.875 742.188 -429.688 -320.312 812.500 109.375 -257.812 968.750 218.750 -109.375 992.188
-890.625 -140.625 -414.062 -273.438 -554.688 734.375 -414.062 -320.312 812.500 109.375 -250.000 945.312 210.938 -109.375 984.375
-882.812 -132.812 -429.688 -273.438 -523.438 757.812 -398.438 -281.250 828.125 125.000 -218.750 976.562 257.812 -85.938 1000.000
-882.812 -132.812 -429.688 -273.438 -523.438 757.812 -398.438 -281.250 828.125 125.000 -218.750 976.562 257.812 -85.938 1000.000
-882.812 -132.812 -429.688 -273.438 -523.438 757.812 -398.438 -281.250 828.125 125.000 -218.750 976.562 257.812 -85.938 1000.000
-882.812 -132.812 -429.688 -273.438 -523.438 757.812 -398.438 -281.250 828.125 125.000 -218.750 976.562 257.812 -85.938 1000.000
-882.812 -132.812 -429.688 -273.438 -523.438 757.812 -398.438 -281.250 828.125 125.000 -218.750 976.562 257.812 -85.938 1000.000
-898.438 -140.625 -429.688 -257.812 -507.812 757.812 -390.625 -265.625 843.750 140.625 -195.312 976.562 265.625 -62.500 1007.812
-898.438 -140.625 -429.688 -257.812 -507.812 757.812 -390.625 -265.625 843.750 140.625 -195.312 976.562 265.625 -62.500 1007.812
-898.438 -148.438 -429.688 -257.812 -515.625 765.625 -382.812 -281.250 835.938 125.000 -187.500 976.562 265.625 -54.688 1007.812
-890.625 -85.938 -453.125 -289.062 -492.188 757.812 -406.250 -257.812 828.125 109.375 -195.312 976.562 242.188 -54.688 1000.000
-890.625 -85.938 -453.125 -289.062 -492.188 757.812 -406.250 -257.812 828.125 109.375 -195.312 976.562 242.188 -54.688 1000.000
-890.625 -101.562 -421.875 -312.500 -507.812 757.812 -437.500 -273.438 843.750 109.375 -210.938 1007.812 257.812 -70.312 1031.250
-890.625 -101.562 -421.875 -312.500 -507.812 757.812 -437.500 -273.438 843.750 109.375 -210.938 1007.812 257.812 -70.312 1031.250
-890.625 -101.562 -421.875 -312.500 -507.812 757.812 -437.500 -273.438 843.750 109.375 -210.938 1007.812 257.812 -70.312 1031.250
-890.625 -109.375 -421.875 -304.688 -531.250 757.812 -445.312 -281.250 835.938 109.375 -218.750 1000.000 250.000 -85.938 1007.812
-890.625 -109.375 -421.875 -304.688 -531.250 757.812 -445.312 -281.250 835.938 109.375 -218.750 1000.000 250.000 -85.938 1007.812
-890.625 -117.188 -421.875 -304.688 -531.250 773.438 -445.312 -296.875 835.938 93.750 -226.562 992.188 226.562 -93.750 1015.625
-882.812 -132.812 -429.688 -296.875 -546.875 765.625 -437.500 -304.688 828.125 101.562 -234.375 992.188 234.375 -101.562 1007.812
-882.812 -132.812 -429.688 -296.875 -546.875 765.625 -437.500 -304.688 828.125 101.562 -234.375 992.188 234.375 -101.562 1007.812
-898.438 -156.250 -437.500 -320.312 -578.125 742.188 -445.312 -335.938 804.688 93.750 -250.000 960.938 242.188 -109.375 984.375
-882.812 -132.812 -437.500 -320.312 -578.125 750.000 -445.312 -343.750 804.688 85.938 -257.812 960.938 226.562 -117.188 992.188
-882.812 -132.812 -437.500 -320.312 -578.125 750.000 -445.312 -343.750 804.688 85.938 -257.812 960.938 226.562 -117.188 992.188
