-875.000 -132.812 -484.375 -351.562 -703.125 585.938 -70.312 -414.062 890.625 0.000 -390.625 929.688 -62.500 125.000 1015.625
-867.188 -132.812 -484.375 -351.562 -703.125 593.750 -85.938 -414.062 890.625 0.000 -398.438 929.688 -70.312 109.375 1007.812
-859.375 -140.625 -476.562 -359.375 -718.750 593.750 -101.562 -414.062 890.625 -15.625 -398.438 929.688 -93.750 101.562 1000.000
-859.375 -140.625 -476.562 -359.375 -718.750 593.750 -101.562 -414.062 890.625 -15.625 -398.438 929.688 -93.750 101.562 1000.000
-875.000 -101.562 -476.562 -351.562 -710.938 593.750 -93.750 -414.062 890.625 -31.250 -414.062 937.500 -109.375 101.562 1000.000
-859.375 -117.188 -476.562 -367.188 -710.938 593.750 -101.562 -429.688 890.625 -23.438 -398.438 929.688 -85.938 101.562 992.188
-859.375 -117.188 -476.562 -367.188 -710.938 593.750 -101.562 -429.688 890.625 -23.438 -398.438 929.688 -85.938 101.562 992.188
-851.562 -148.438 -460.938 -367.188 -710.938 585.938 -109.375 -414.062 882.812 -15.625 -398.438 914.062 -70.312 101.562 1000.000
-851.562 -148.438 -460.938 -367.188 -710.938 585.938 -109.375 -414.062 882.812 -15.625 -398.438 914.062 -70.312 101.562 1000.000
-851.562 -140.625 -460.938 -367.188 -703.125 585.938 -101.562 -414.062 875.000 -23.438 -390.625 921.875 -85.938 117.188 1007.812
-851.562 -132.812 -468.750 -367.188 -679.688 585.938 -109.375 -398.438 875.000 -15.625 -390.625 921.875 -70.312 132.812 992.188
-851.562 -132.812 -468.750 -367.188 -679.688 585.938 -109.375 -398.438 875.000 -15.625 -390.625 921.875 -70.312 132.812 992.188
-828.125 -101.562 -445.312 -359.375 -648.438 578.125 -117.188 -390.625 875.000 -7.812 -359.375 929.688 -70.312 148.438 992.188
-828.125 -101.562 -445.312 -359.375 -648.438 578.125 -117.188 -390.625 875.000 -7.812 -359.375 929.688 -70.312 148.438 992.188
-835.938 -101.562 -453.125 -367.188 -656.250 570.312 -117.188 -382.812 875.000 -15.625 -351.562 921.875 -62.500 148.438 992.188
-828.125 -117.188 -437.500 -390.625 -632.812 562.500 -125.000 -367.188 851.562 -31.250 -343.750 914.062 -93.750 156.250 992.188
-828.125 -117.188 -437.500 -390.625 -632.812 562.500 -125.000 -367.188 851.562 -31.250 -343.750 914.062 -93.750 156.250 992.188
-804.688 -132.812 -414.062 -390.625 -648.438 562.500 -125.000 -375.000 859.375 -39.062 -343.750 914.062 -93.750 156.250 992.188
-898.438 -218.750 -453.125 -390.625 -632.812 554.688 -164.062 -375.000 859.375 -70.312 -359.375 906.250 -62.500 148.438 992.188
-898.438 -218.750 -453.125 -390.625 -632.812 554.688 -164.062 -375.000 859.375 -70.312 -359.375 906.250 -62.500 148.438 992.188
-742.188 -132.812 -359.375 -445.312 -710.938 585.938 -179.688 -382.812 851.562 -54.688 -375.000 914.062 -93.750 117.188 1000.000
-742.188 -132.812 -359.375 -445.312 -710.938 585.938 -179.688 -382.812 851.562 -54.688 -375.000 914.062 -93.750 117.188 1000.000
-796.875 -46.875 -421.875 -367.188 -640.625 546.875 -132.812 -359.375 843.750 -62.500 -351.562 906.250 -101.562 140.625 992.188
-718.750 -46.875 -367.188 -398.438 -718.750 578.125 -148.438 -437.500 906.250 15.625 -406.250 945.312 -46.875 101.562 1023.438
-718.750 -46.875 -367.188 -398.438 -718.750 578.125 -148.438 -437.500 906.250 15.625 -406.250 945.312 -46.875 101.562 1023.438
-789.062 -70.312 -445.312 -460.938 -757.812 593.750 -171.875 -460.938 914.062 -7.812 -429.688 960.938 -54.688 85.938 1046.875
-812.500 15.625 -476.562 -468.750 -890.625 617.188 -195.312 -546.875 960.938 -70.312 -515.625 984.375 -156.250 39.062 1023.438
-812.500 15.625 -476.562 -468.750 -890.625 617.188 -195.312 -546.875 960.938 -70.312 -515.625 984.375 -156.250 39.062 1023.438
-804.688 -39.062 -382.812 -476.562 -960.938 679.688 -281.250 -578.125 1046.875 -140.625 -578.125 1015.625 -218.750 -46.875 1023.438
-804.688 -39.062 -382.812 -476.562 -960.938 679.688 -281.250 -578.125 1046.875 -140.625 -578.125 1015.625 -218.750 -46.875 1023.438
-828.125 140.625 -468.750 -593.750 -945.312 671.875 -250.000 -632.812 968.750 -195.312 -500.000 984.375 -203.125 93.750 1093.750
-695.312 109.375 -460.938 -1281.250 -695.312 156.250 -460.938 -445.312 804.688 -351.562 -593.750 875.000 -382.812 -328.125 867.188
-695.312 109.375 -460.938 -1281.250 -695.312 156.250 -460.938 -445.312 804.688 -351.562 -593.750 875.000 -382.812 -328.125 867.188
-843.750 -179.688 -585.938 -406.250 -906.250 726.562 -539.062 -484.375 890.625 -539.062 -695.312 914.062 -328.125 -101.562 1148.438
-671.875 -70.312 -468.750 -664.062 -617.188 546.875 -156.250 -601.562 1054.688 -101.562 -406.250 976.562 -187.500 117.188 1000.000
-671.875 -70.312 -468.750 -664.062 -617.188 546.875 -156.250 -601.562 1054.688 -101.562 -406.250 976.562 -187.500 117.188 1000.000
-632.812 -265.625 -460.938 -195.312 -937.500 632.812 -156.250 -421.875 968.750 -148.438 -382.812 1015.625 -46.875 218.750 1179.688
-632.812 -265.625 -460.938 -195.312 -937.500 632.812 -156.250 -421.875 968.750 -148.438 -382.812 1015.625 -46.875 218.750 1179.688
-570.312 -257.812 -453.125 -140.625 -835.938 632.812 -31.250 -250.000 1007.812 78.125 -406.250 1109.375 -304.688 148.438 1187.500
-593.750 -710.938 -484.375 -335.938 -562.500 617.188 -140.625 -257.812 1031.250 -187.500 -390.625 1070.312 -375.000 171.875 1109.375
-593.750 -710.938 -484.375 -335.938 -562.500 617.188 -140.625 -257.812 1031.250 -187.500 -390.625 1070.312 -375.000 171.875 1109.375
-578.125 -546.875 -523.438 -375.000 -492.188 507.812 -171.875 -250.000 976.562 -218.750 -421.875 984.375 -304.688 148.438 1015.625
-562.500 -93.750 -585.938 -406.250 -500.000 507.812 -296.875 -195.312 929.688 -164.062 -500.000 968.750 -367.188 7.812 867.188
-562.500 -93.750 -585.938 -406.250 -500.000 507.812 -296.875 -195.312 929.688 -164.062 -500.000 968.750 -367.188 7.812 867.188
-710.938 -203.125 -750.000 -578.125 -593.750 453.125 -226.562 -390.625 843.750 -296.875 -414.062 835.938 -328.125 62.500 875.000
-710.938 -203.125 -750.000 -578.125 -593.750 453.125 -226.562 -390.625 843.750 -296.875 -414.062 835.938 -328.125 62.500 875.000
-765.625 -218.750 -820.312 -640.625 -593.750 390.625 -367.188 -390.625 757.812 -304.688 -414.062 796.875 -250.000 62.500 937.500
-812.500 -195.312 -906.250 -1164.062 -140.625 257.812 312.500 -468.750 781.250 -210.938 -335.938 757.812 -132.812 78.125 1015.625
-812.500 -195.312 -906.250 -1164.062 -140.625 257.812 312.500 -468.750 781.250 -210.938 -335.938 757.812 -132.812 78.125 1015.625
-789.062 -195.312 -898.438 -718.750 -500.000 109.375 -843.750 -226.562 585.938 -250.000 -375.000 859.375 -171.875 62.500 992.188
-804.688 -179.688 -890.625 -773.438 -390.625 171.875 -523.438 -273.438 648.438 -414.062 -289.062 843.750 -156.250 125.000 992.188
-773.438 -93.750 -875.000 -851.562 -539.062 187.500 -531.250 -171.875 593.750 -296.875 -242.188 859.375 -179.688 171.875 1046.875
-726.562 -7.812 -867.188 -804.688 -468.750 203.125 -601.562 -179.688 507.812 -375.000 187.500 851.562 -445.312 539.062 648.438
-726.562 -7.812 -867.188 -804.688 -468.750 203.125 -601.562 -179.688 507.812 -375.000 187.500 851.562 -445.312 539.062 648.438
-687.500 31.250 -882.812 -750.000 -296.875 226.562 -421.875 -15.625 531.250 -234.375 -31.250 835.938 -789.062 164.062 195.312
-742.188 156.250 -992.188 -468.750 -234.375 304.688 -406.250 23.438 687.500 -437.500 -343.750 679.688 -140.625 382.812 960.938
-742.188 156.250 -992.188 -468.750 -234.375 304.688 -406.250 23.438 687.500 -437.500 -343.750 679.688 -140.625 382.812 960.938
-789.062 164.062 -1031.250 -515.625 -351.562 359.375 -468.750 -140.625 531.250 -484.375 140.625 664.062 -78.125 640.625 1101.562
-789.062 164.062 -1031.250 -515.625 -351.562 359.375 -468.750 -140.625 531.250 -484.375 140.625 664.062 -78.125 640.625 1101.562
-804.688 70.312 -1000.000 -398.438 -476.562 421.875 -695.312 -171.875 359.375 -632.812 140.625 648.438 -93.750 492.188 1250.000
-718.750 -39.062 -1070.312 -109.375 -484.375 578.125 -320.312 -171.875 554.688 -312.500 148.438 710.938 15.625 484.375 1234.375
-718.750 -39.062 -1070.312 -109.375 -484.375 578.125 -320.312 -171.875 554.688 -312.500 148.438 710.938 15.625 484.375 1234.375
-765.625 -85.938 -1101.562 -171.875 -570.312 601.562 -234.375 -281.250 617.188 -335.938 171.875 742.188 -54.688 593.750 1156.250
-765.625 -125.000 -1195.312 -234.375 -382.812 585.938 -250.000 -234.375 773.438 -312.500 -265.625 859.375 -187.500 320.312 945.312
-765.625 -125.000 -1195.312 -234.375 -382.812 585.938 -250.000 -234.375 773.438 -312.500 -265.625 859.375 -187.500 320.312 945.312
-796.875 -273.438 -1250.000 -296.875 -320.312 515.625 -265.625 -218.750 750.000 -328.125 -382.812 828.125 -265.625 171.875 796.875
-796.875 -273.438 -1250.000 -296.875 -320.312 515.625 -265.625 -218.750 750.000 -328.125 -382.812 828.125 -265.625 171.875 796.875
-812.500 -601.562 -1296.875 -203.125 -343.750 359.375 -203.125 -281.250 515.625 -234.375 -226.562 570.312 -250.000 148.438 656.250
-781.250 -703.125 -1343.750 -78.125 -554.688 250.000 -132.812 -460.938 203.125 -125.000 -179.688 117.188 -62.500 -203.125 421.875
-781.250 -703.125 -1343.750 -78.125 -554.688 250.000 -132.812 -460.938 203.125 -125.000 -179.688 117.188 -62.500 -203.125 421.875
-773.438 -859.375 -1304.688 -179.688 -570.312 195.312 -242.188 -406.250 187.500 -273.438 -398.438 0.000 109.375 -226.562 140.625
-640.625 -875.000 -1093.750 46.875 -656.250 320.312 85.938 -578.125 375.000 156.250 -382.812 164.062 70.312 -179.688 156.250
-640.625 -875.000 -1093.750 46.875 -656.250 320.312 85.938 -578.125 375.000 156.250 -382.812 164.062 70.312 -179.688 156.250
-554.688 -687.500 -929.688 156.250 -742.188 468.750 257.812 -515.625 710.938 257.812 -515.625 570.312 78.125 23.438 679.688
-554.688 -687.500 -929.688 156.250 -742.188 468.750 257.812 -515.625 710.938 257.812 -515.625 570.312 78.125 23.438 679.688
-281.250 -703.125 -500.000 -46.875 -593.750 656.250 70.312 -179.688 1414.062 -93.750 -523.438 1648.438 -1007.812 570.312 1765.625
-125.000 -609.375 -109.375 -390.625 -890.625 968.750 -554.688 -265.625 1593.750 -703.125 -625.000 1750.000 -835.938 15.625 1726.562
-125.000 -609.375 -109.375 -390.625 -890.625 968.750 -554.688 -265.625 1593.750 -703.125 -625.000 1750.000 -835.938 15.625 1726.562
1000.000 1296.875 1398.438 -703.125 -1203.125 1421.875 -726.562 -1296.875 1835.938 -921.875 -1117.188 1281.250 -976.562 -335.938 1031.250
-1289.062 -304.688 31.250 -2054.688 -914.062 0.000 -1429.688 -1093.750 593.750 -859.375 -929.688 664.062 -703.125 -507.812 835.938
-1289.062 -304.688 31.250 -2054.688 -914.062 0.000 -1429.688 -1093.750 593.750 -859.375 -929.688 664.062 -703.125 -507.812 835.938
-781.250 414.062 46.875 -1796.875 -1148.438 203.125 -1453.125 -1125.000 632.812 -1023.438 -1015.625 726.562 -562.500 -429.688 1250.000
-781.250 414.062 46.875 -1796.875 -1148.438 203.125 -1453.125 -1125.000 632.812 -1023.438 -1015.625 726.562 -562.500 -429.688 1250.000
-1218.750 835.938 -421.875 -1085.938 -1148.438 367.188 -703.125 -929.688 953.125 -429.688 -1101.562 914.062 -601.562 -554.688 937.500
-976.562 304.688 -460.938 -765.625 -1242.188 343.750 -476.562 -992.188 765.625 -242.188 -921.875 750.000 -140.625 -390.625 1039.062
-976.562 304.688 -460.938 -765.625 -1242.188 343.750 -476.562 -992.188 765.625 -242.188 -921.875 750.000 -140.625 -390.625 1039.062
-875.000 46.875 -460.938 -453.125 -1210.938 382.812 -226.562 -851.562 804.688 -39.062 -843.750 789.062 -187.500 -375.000 1007.812
-898.438 -109.375 -695.312 23.438 -1023.438 484.375 62.500 -664.062 828.125 7.812 -703.125 789.062 -203.125 -218.750 960.938
-898.438 -109.375 -695.312 23.438 -1023.438 484.375 62.500 -664.062 828.125 7.812 -703.125 789.062 -203.125 -218.750 960.938
-867.188 -203.125 -671.875 93.750 -992.188 500.000 156.250 -593.750 820.312 125.000 -601.562 796.875 -125.000 -148.438 960.938
-867.188 -203.125 -671.875 93.750 -992.188 500.000 156.250 -593.750 820.312 125.000 -601.562 796.875 -125.000 -148.438 960.938
-820.312 -218.750 -640.625 132.812 -812.500 484.375 195.312 -429.688 820.312 257.812 -429.688 875.000 125.000 39.062 1078.125
-882.812 -54.688 -648.438 54.688 -671.875 492.188 148.438 -343.750 835.938 250.000 -382.812 921.875 187.500 93.750 1101.562
-882.812 -54.688 -648.438 54.688 -671.875 492.188 148.438 -343.750 835.938 250.000 -382.812 921.875 187.500 93.750 1101.562
-843.750 -31.250 -593.750 -39.062 -664.062 460.938 70.312 -367.188 812.500 203.125 -375.000 890.625 179.688 109.375 1093.750
-843.750 54.688 -531.250 -203.125 -679.688 437.500 -70.312 -398.438 781.250 62.500 -398.438 875.000 85.938 85.938 1085.938
-843.750 54.688 -531.250 -203.125 -679.688 437.500 -70.312 -398.438 781.250 62.500 -398.438 875.000 85.938 85.938 1085.938
-796.875 78.125 -492.188 -289.062 -679.688 414.062 -148.438 -421.875 757.812 -15.625 -437.500 859.375 0.000 39.062 1070.312
-796.875 78.125 -492.188 -289.062 -679.688 414.062 -148.438 -421.875 757.812 -15.625 -437.500 859.375 0.000 39.062 1070.312
-781.250 132.812 -414.062 -414.062 -750.000 390.625 -289.062 -507.812 703.125 -171.875 -500.000 796.875 -132.812 -31.250 1023.438
-781.250 156.250 -390.625 -500.000 -820.312 375.000 -375.000 -585.938 726.562 -242.188 -585.938 796.875 -210.938 -117.188 992.188
-781.250 156.250 -390.625 -500.000 -820.312 375.000 -375.000 -585.938 726.562 -242.188 -585.938 796.875 -210.938 -117.188 992.188
-812.500 148.438 -406.250 -523.438 -867.188 390.625 -390.625 -625.000 742.188 -257.812 -625.000 796.875 -250.000 -156.250 992.188
-828.125 125.000 -429.688 -507.812 -945.312 390.625 -375.000 -687.500 742.188 -265.625 -679.688 773.438 -296.875 -210.938 960.938
-828.125 125.000 -429.688 -507.812 -945.312 390.625 -375.000 -687.500 742.188 -265.625 -679.688 773.438 -296.875 -210.938 960.938
-835.938 85.938 -445.312 -492.188 -976.562 414.062 -359.375 -703.125 750.000 -265.625 -703.125 765.625 -312.500 -234.375 945.312
-835.938 85.938 -445.312 -492.188 -976.562 414.062 -359.375 -703.125 750.000 -265.625 -703.125 765.625 -312.500 -234.375 945.312
-859.375 39.062 -484.375 -460.938 -1031.250 437.500 -320.312 -734.375 773.438 -242.188 -726.562 765.625 -312.500 -250.000 921.875
-882.812 0.000 -492.188 -445.312 -1054.688 453.125 -289.062 -742.188 789.062 -242.188 -742.188 765.625 -414.062 -257.812 898.438
-882.812 0.000 -492.188 -445.312 -1054.688 453.125 -289.062 -742.188 789.062 -242.188 -742.188 765.625 -414.062 -257.812 898.438
-851.562 23.438 -500.000 -406.250 -1062.500 460.938 -312.500 -734.375 796.875 -273.438 -742.188 765.625 -398.438 -265.625 898.438
-820.312 -7.812 -484.375 -421.875 -1062.500 476.562 -335.938 -734.375 789.062 -273.438 -734.375 765.625 -359.375 -250.000 898.438
-835.938 -85.938 -492.188 -445.312 -1085.938 453.125 -320.312 -757.812 789.062 -281.250 -750.000 765.625 -382.812 -265.625 906.250
-835.938 -85.938 -492.188 -453.125 -1109.375 460.938 -343.750 -757.812 804.688 -281.250 -773.438 773.438 -421.875 -304.688 898.438
-835.938 -85.938 -492.188 -453.125 -1109.375 460.938 -343.750 -757.812 804.688 -281.250 -773.438 773.438 -421.875 -304.688 898.438
-812.500 -171.875 -492.188 -445.312 -1218.750 484.375 -382.812 -835.938 828.125 -312.500 -812.500 757.812 -515.625 -320.312 867.188
-734.375 -406.250 -500.000 -406.250 -1343.750 492.188 257.812 -945.312 828.125 -390.625 -820.312 679.688 -695.312 -382.812 789.062
-734.375 -406.250 -500.000 -406.250 -1343.750 492.188 257.812 -945.312 828.125 -390.625 -820.312 679.688 -695.312 -382.812 789.062
-648.438 -710.938 -500.000 -460.938 -1500.000 539.062 -507.812 -921.875 835.938 -585.938 -859.375 765.625 -656.250 -453.125 781.250
-671.875 -625.000 -601.562 -398.438 -1468.750 554.688 -226.562 -1125.000 929.688 -429.688 -914.062 718.750 -726.562 -382.812 765.625
-570.312 -1046.875 -703.125 101.562 -1835.938 781.250 -265.625 -1289.062 953.125 -406.250 -992.188 648.438 -757.812 -382.812 695.312
-539.062 -796.875 -421.875 -671.875 -2062.500 742.188 -554.688 -1296.875 875.000 -468.750 -1171.875 617.188 -804.688 -554.688 437.500
-539.062 -796.875 -421.875 -671.875 -2062.500 742.188 -554.688 -1296.875 875.000 -468.750 -1171.875 617.188 -804.688 -554.688 437.500
-429.688 -804.688 -585.938 -421.875 -1875.000 546.875 -523.438 -1210.938 804.688 -687.500 -945.312 617.188 -1031.250 -250.000 609.375
-445.312 -1125.000 -726.562 -601.562 -1960.938 476.562 -617.188 -1164.062 796.875 -531.250 -835.938 632.812 -851.562 -179.688 484.375
-554.688 -1132.812 -953.125 101.562 -1906.250 960.938 -687.500 -1218.750 875.000 -679.688 -656.250 562.500 -1031.250 -70.312 343.750
-500.000 -1343.750 -1164.062 -1187.500 -1804.688 -210.938 -539.062 -976.562 664.062 -835.938 -851.562 656.250 -1218.750 -7.812 203.125
-500.000 -1343.750 -1164.062 -1187.500 -1804.688 -210.938 -539.062 -976.562 664.062 -835.938 -851.562 656.250 -1218.750 -7.812 203.125
-531.250 -1875.000 -1609.375 -726.562 -2109.375 39.062 -703.125 -1320.312 390.625 -1250.000 -570.312 54.688 -1328.125 218.750 -85.938
140.625 -164.062 -265.625 -703.125 -1953.125 -242.188 -867.188 -1109.375 312.500 -1195.312 -515.625 70.312 -1406.250 351.562 -437.500
140.625 -164.062 -265.625 -703.125 -1953.125 -242.188 -867.188 -1109.375 312.500 -1195.312 -515.625 70.312 -1406.250 351.562 -437.500
-406.250 -2531.250 -2023.438 -320.312 -2515.625 -468.750 -937.500 -554.688 23.438 -1109.375 0.000 -85.938 -1117.188 851.562 -789.062
-406.250 -2531.250 -2023.438 -320.312 -2515.625 -468.750 -937.500 -554.688 23.438 -1109.375 0.000 -85.938 -1117.188 851.562 -789.062
-507.812 -1828.125 -2265.625 -1382.812 -1046.875 -1250.000 -1007.812 -382.812 -328.125 -851.562 414.062 -273.438 -664.062 1398.438 -1023.438
-171.875 -1320.312 -2312.500 -1156.250 -773.438 -1390.625 -718.750 -125.000 -390.625 -1117.188 734.375 -375.000 -515.625 1664.062 -1062.500
-171.875 -1320.312 -2312.500 -1156.250 -773.438 -1390.625 -718.750 -125.000 -390.625 -1117.188 734.375 -375.000 -515.625 1664.062 -1062.500
-390.625 -820.312 -2476.562 -875.000 78.125 -1140.625 -820.312 54.688 -375.000 -664.062 1171.875 -515.625 -156.250 2328.125 -1234.375
-531.250 -1156.250 -2593.750 -1234.375 445.312 -1351.562 -703.125 375.000 -648.438 -554.688 1460.938 -445.312 210.938 2398.438 -1148.438
-531.250 -1156.250 -2593.750 -1234.375 445.312 -1351.562 -703.125 375.000 -648.438 -554.688 1460.938 -445.312 210.938 2398.438 -1148.438
-484.375 -210.938 -2195.312 -906.250 742.188 -960.938 -890.625 976.562 -664.062 -625.000 1585.938 -320.312 289.062 2554.688 -843.750
-468.750 -78.125 -1929.688 -625.000 1046.875 -757.812 -687.500 1109.375 -593.750 -609.375 1765.625 -320.312 453.125 2593.750 -664.062
-484.375 -39.062 -1671.875 -593.750 1179.688 -703.125 -632.812 1304.688 -625.000 -515.625 2000.000 -296.875 617.188 2609.375 -492.188
-406.250 46.875 -1390.625 -554.688 1296.875 -625.000 -578.125 1546.875 -570.312 -351.562 2109.375 -210.938 664.062 2687.500 -343.750
-406.250 46.875 -1390.625 -554.688 1296.875 -625.000 -578.125 1546.875 -570.312 -351.562 2109.375 -210.938 664.062 2687.500 -343.750
-273.438 328.125 -804.688 -546.875 1695.312 -414.062 -367.188 1640.625 -421.875 296.875 1796.875 -85.938 640.625 2414.062 -617.188
-562.500 492.188 -859.375 -453.125 1742.188 -359.375 -617.188 1992.188 -367.188 -343.750 1726.562 210.938 1125.000 2031.250 7.812
-562.500 492.188 -859.375 -453.125 1742.188 -359.375 -617.188 1992.188 -367.188 -343.750 1726.562 210.938 1125.000 2031.250 7.812
-757.812 523.438 -523.438 -664.062 1773.438 -171.875 -421.875 1617.188 -257.812 -476.562 1835.938 -203.125 960.938 2085.938 375.000
-757.812 523.438 -523.438 -664.062 1773.438 -171.875 -421.875 1617.188 -257.812 -476.562 1835.938 -203.125 960.938 2085.938 375.000
-664.062 320.312 -195.312 -484.375 1398.438 -15.625 -507.812 1546.875 -304.688 -187.500 1750.000 -85.938 859.375 1507.812 492.188
-703.125 156.250 -132.812 -500.000 1281.250 85.938 -515.625 1437.500 -218.750 -78.125 1515.625 0.000 765.625 1312.500 406.250
-703.125 156.250 -132.812 -500.000 1281.250 85.938 -515.625 1437.500 -218.750 -78.125 1515.625 0.000 765.625 1312.500 406.250
-593.750 -265.625 31.250 -445.312 992.188 234.375 -359.375 1273.438 -39.062 101.562 1406.250 62.500 562.500 1164.062 273.438
-640.625 -429.688 -39.062 -359.375 812.500 320.312 -257.812 1296.875 39.062 140.625 1359.375 93.750 562.500 1210.938 250.000
-640.625 -429.688 -39.062 -359.375 812.500 320.312 -257.812 1296.875 39.062 140.625 1359.375 93.750 562.500 1210.938 250.000
-867.188 -585.938 -109.375 -265.625 734.375 554.688 -210.938 968.750 312.500 164.062 1257.812 117.188 484.375 1179.688 281.250
-867.188 -585.938 -109.375 -265.625 734.375 554.688 -210.938 968.750 312.500 164.062 1257.812 117.188 484.375 1179.688 281.250
-734.375 -742.188 54.688 -328.125 1257.812 898.438 0.000 796.875 851.562 140.625 1093.750 265.625 242.188 1039.062 265.625
-648.438 -835.938 101.562 -156.250 781.250 921.875 -109.375 695.312 546.875 328.125 1453.125 93.750 171.875 1171.875 234.375
-648.438 -835.938 101.562 -156.250 781.250 921.875 -109.375 695.312 546.875 328.125 1453.125 93.750 171.875 1171.875 234.375
-679.688 -1046.875 70.312 -242.188 703.125 859.375 -179.688 843.750 585.938 -109.375 1140.625 15.625 -39.062 1203.125 140.625
-679.688 -1046.875 70.312 -242.188 703.125 859.375 -179.688 843.750 585.938 -109.375 1140.625 15.625 -39.062 1203.125 140.625
-726.562 -1031.250 54.688 -312.500 789.062 812.500 -210.938 843.750 554.688 -46.875 1179.688 -46.875 -62.500 1164.062 93.750
-695.312 -921.875 125.000 -296.875 796.875 718.750 -265.625 984.375 460.938 -70.312 1226.562 -46.875 39.062 1156.250 132.812
-695.312 -921.875 125.000 -296.875 796.875 718.750 -265.625 984.375 460.938 -70.312 1226.562 -46.875 39.062 1156.250 132.812
-578.125 -609.375 242.188 -375.000 906.250 562.500 -320.312 1085.938 398.438 -46.875 1226.562 -23.438 54.688 1156.250 164.062
-539.062 -281.250 320.312 -359.375 1007.812 546.875 -328.125 1101.562 398.438 -62.500 1250.000 -31.250 62.500 1171.875 156.250
-539.062 -281.250 320.312 -359.375 1007.812 546.875 -328.125 1101.562 398.438 -62.500 1250.000 -31.250 62.500 1171.875 156.250
-546.875 0.000 437.500 -437.500 1164.062 421.875 -390.625 1140.625 398.438 -101.562 1226.562 0.000 93.750 1203.125 187.500
-546.875 0.000 437.500 -437.500 1164.062 421.875 -390.625 1140.625 398.438 -101.562 1226.562 0.000 93.750 1203.125 187.500
-531.250 0.000 484.375 -492.188 1187.500 367.188 -437.500 1140.625 375.000 -85.938 1195.312 23.438 101.562 1140.625 210.938
-531.250 -101.562 515.625 -570.312 1070.312 304.688 -500.000 1039.062 304.688 -132.812 1101.562 31.250 101.562 1039.062 203.125
-531.250 -101.562 515.625 -570.312 1070.312 304.688 -500.000 1039.062 304.688 -132.812 1101.562 31.250 101.562 1039.062 203.125
-562.500 -468.750 460.938 -609.375 929.688 343.750 -515.625 898.438 296.875 -195.312 1023.438 15.625 31.250 968.750 187.500
-562.500 -578.125 453.125 -601.562 875.000 375.000 -515.625 843.750 335.938 -179.688 1000.000 46.875 23.438 968.750 203.125
-562.500 -578.125 453.125 -601.562 875.000 375.000 -515.625 843.750 335.938 -179.688 1000.000 46.875 23.438 968.750 203.125
-546.875 -539.062 414.062 -515.625 789.062 453.125 -445.312 835.938 437.500 -125.000 1031.250 101.562 7.812 1000.000 226.562
-546.875 -539.062 414.062 -515.625 789.062 453.125 -445.312 835.938 437.500 -125.000 1031.250 101.562 7.812 1000.000 226.562
-585.938 -546.875 375.000 -476.562 804.688 492.188 -406.250 859.375 492.188 -93.750 1093.750 132.812 46.875 1054.688 265.625
-671.875 -375.000 257.812 -437.500 906.250 500.000 -328.125 945.312 609.375 46.875 1179.688 218.750 117.188 1156.250 343.750
-671.875 -375.000 257.812 -437.500 906.250 500.000 -328.125 945.312 609.375 46.875 1179.688 218.750 117.188 1156.250 343.750
-820.312 -132.812 70.312 -296.875 992.188 539.062 -203.125 1046.875 648.438 164.062 1429.688 203.125 445.312 1226.562 429.688
-820.312 -132.812 70.312 -296.875 992.188 539.062 -203.125 1046.875 648.438 164.062 1429.688 203.125 445.312 1226.562 429.688
-843.750 -23.438 -31.250 -351.562 1101.562 453.125 -234.375 1210.938 578.125 335.938 1562.500 289.062 617.188 1359.375 546.875
-898.438 140.625 -257.812 -296.875 1250.000 382.812 -234.375 1421.875 500.000 398.438 1531.250 265.625 632.812 1359.375 460.938
-898.438 140.625 -257.812 -296.875 1250.000 382.812 -234.375 1421.875 500.000 398.438 1531.250 265.625 632.812 1359.375 460.938
-898.438 140.625 -367.188 -281.250 1281.250 367.188 -250.000 1437.500 484.375 343.750 1640.625 187.500 664.062 1382.812 398.438
-773.438 164.062 -617.188 -320.312 1265.625 289.062 -304.688 1460.938 343.750 257.812 1835.938 -39.062 726.562 1648.438 406.250
-773.438 164.062 -617.188 -320.312 1265.625 289.062 -304.688 1460.938 343.750 257.812 1835.938 -39.062 726.562 1648.438 406.250
-710.938 -46.875 -898.438 -437.500 1437.500 85.938 -421.875 1570.312 304.688 250.000 1835.938 -93.750 695.312 1867.188 328.125
-710.938 -46.875 -898.438 -437.500 1437.500 85.938 -421.875 1570.312 304.688 250.000 1835.938 -93.750 695.312 1867.188 328.125
-570.312 -171.875 -968.750 -507.812 1617.188 -62.500 -421.875 1632.812 343.750 218.750 1757.812 -39.062 851.562 1859.375 421.875
-343.750 -304.688 -1023.438 -726.562 1632.812 -312.500 -460.938 1421.875 257.812 -70.312 2000.000 -203.125 1046.875 2429.688 406.250
-343.750 -304.688 -1023.438 -726.562 1632.812 -312.500 -460.938 1421.875 257.812 -70.312 2000.000 -203.125 1046.875 2429.688 406.250
-234.375 -359.375 -1070.312 -851.562 1406.250 -585.938 -523.438 1554.688 -7.812 -171.875 2210.938 -359.375 1007.812 2531.250 195.312
-117.188 -390.625 -1390.625 -679.688 617.188 -601.562 -593.750 1414.062 -328.125 164.062 2226.562 -640.625 929.688 2414.062 -468.750
-117.188 -390.625 -1390.625 -679.688 617.188 -601.562 -593.750 1414.062 -328.125 164.062 2226.562 -640.625 929.688 2414.062 -468.750
-93.750 -382.812 -1867.188 -703.125 593.750 -609.375 -570.312 1210.938 -226.562 62.500 2039.062 -578.125 398.438 2750.000 -593.750
-93.750 -382.812 -1867.188 -703.125 593.750 -609.375 -570.312 1210.938 -226.562 62.500 2039.062 -578.125 398.438 2750.000 -593.750
-70.312 -507.812 -2054.688 -679.688 445.312 -609.375 -515.625 1062.500 -195.312 -62.500 1945.312 -585.938 382.812 2734.375 -632.812
62.500 -859.375 -2257.812 -812.500 203.125 -742.188 -226.562 359.375 54.688 -335.938 1921.875 -757.812 375.000 2656.250 -710.938
62.500 -859.375 -2257.812 -812.500 203.125 -742.188 -226.562 359.375 54.688 -335.938 1921.875 -757.812 375.000 2656.250 -710.938
109.375 -1000.000 -2343.750 -765.625 109.375 -859.375 -601.562 882.812 -265.625 -265.625 1750.000 -812.500 234.375 2539.062 -828.125
62.500 -1093.750 -2484.375 -632.812 -406.250 -804.688 -601.562 687.500 -429.688 -460.938 1421.875 -906.250 -23.438 2164.062 -1070.312
62.500 -1093.750 -2484.375 -632.812 -406.250 -804.688 -601.562 687.500 -429.688 -460.938 1421.875 -906.250 -23.438 2164.062 -1070.312
23.438 -1437.500 -2437.500 -492.188 -960.938 -726.562 -601.562 179.688 -687.500 -507.812 1109.375 -1015.625 -312.500 1781.250 -1265.625
23.438 -1437.500 -2437.500 -492.188 -960.938 -726.562 -601.562 179.688 -687.500 -507.812 1109.375 -1015.625 -312.500 1781.250 -1265.625
-7.812 -1695.312 -2343.750 -421.875 -1132.812 -617.188 -656.250 -85.938 -773.438 -531.250 851.562 -1070.312 -453.125 1468.750 -1320.312
46.875 -2320.312 -1937.500 -382.812 -1726.562 -398.438 -679.688 -679.688 -859.375 -789.062 226.562 -1203.125 -601.562 679.688 -1398.438
46.875 -2320.312 -1937.500 -382.812 -1726.562 -398.438 -679.688 -679.688 -859.375 -789.062 226.562 -1203.125 -601.562 679.688 -1398.438
101.562 -2531.250 -1625.000 -242.188 -1921.875 -117.188 -679.688 -1023.438 -765.625 -867.188 -234.375 -1187.500 -718.750 250.000 -1445.312
531.250 -1789.062 -429.688 242.188 -3398.438 593.750 -804.688 -1757.812 -390.625 -1093.750 -835.938 -1000.000 -992.188 -593.750 -1453.125
531.250 -1789.062 -429.688 242.188 -3398.438 593.750 -804.688 -1757.812 -390.625 -1093.750 -835.938 -1000.000 -992.188 -593.750 -1453.125
23.438 -2187.500 -625.000 -546.875 -2125.000 695.312 -625.000 -2398.438 -70.312 -1195.312 -1679.688 -875.000 -1226.562 -1343.750 -1312.500
23.438 -2187.500 -625.000 -546.875 -2125.000 695.312 -625.000 -2398.438 -70.312 -1195.312 -1679.688 -875.000 -1226.562 -1343.750 -1312.500
-375.000 -1656.250 -796.875 -656.250 -1351.562 453.125 -507.812 -2226.562 328.125 -1148.438 -2171.875 -484.375 -1234.375 -1625.000 -1187.500
-398.438 -789.062 -804.688 -820.312 -1453.125 210.938 -789.062 -1304.688 390.625 -820.312 -2093.750 242.188 -1023.438 -1570.312 -460.938
-398.438 -789.062 -804.688 -820.312 -1453.125 210.938 -789.062 -1304.688 390.625 -820.312 -2093.750 242.188 -1023.438 -1570.312 -460.938
-578.125 -531.250 -828.125 -929.688 -1632.812 140.625 -742.188 -1289.062 242.188 -820.312 -1492.188 429.688 -968.750 -1125.000 31.250
-796.875 54.688 -851.562 -992.188 -1531.250 101.562 -812.500 -1320.312 156.250 -812.500 -804.688 585.938 -578.125 -359.375 875.000
-796.875 54.688 -851.562 -992.188 -1531.250 101.562 -812.500 -1320.312 156.250 -812.500 -804.688 585.938 -578.125 -359.375 875.000
-789.062 250.000 -875.000 -898.438 -1140.625 62.500 -781.250 -984.375 203.125 -804.688 -632.812 656.250 -304.688 -218.750 1359.375
-789.062 250.000 -875.000 -898.438 -1140.625 62.500 -781.250 -984.375 203.125 -804.688 -632.812 656.250 -304.688 -218.750 1359.375
-734.375 195.312 -851.562 -843.750 -945.312 70.312 -757.812 -929.688 210.938 -789.062 -570.312 656.250 -234.375 -281.250 1437.500
-601.562 31.250 -734.375 -765.625 -1015.625 70.312 -742.188 -835.938 203.125 -820.312 -531.250 601.562 -398.438 -281.250 1242.188
-601.562 31.250 -734.375 -765.625 -1015.625 70.312 -742.188 -835.938 203.125 -820.312 -531.250 601.562 -398.438 -281.250 1242.188
-539.062 -70.312 -679.688 -750.000 -1046.875 132.812 -742.188 -875.000 203.125 -835.938 -562.500 539.062 -578.125 -265.625 1039.062
-539.062 -70.312 -679.688 -750.000 -1046.875 132.812 -742.188 -875.000 203.125 -835.938 -562.500 539.062 -578.125 -265.625 1039.062
-507.812 -203.125 -664.062 -679.688 -1000.000 242.188 -734.375 -945.312 242.188 -890.625 -656.250 453.125 -781.250 -359.375 687.500
-515.625 -210.938 -726.562 -554.688 -968.750 320.312 -640.625 -898.438 304.688 -843.750 -671.875 406.250 -875.000 -359.375 523.438
-515.625 -210.938 -726.562 -554.688 -968.750 320.312 -640.625 -898.438 304.688 -843.750 -671.875 406.250 -875.000 -359.375 523.438
-546.875 -171.875 -765.625 -492.188 -945.312 335.938 -585.938 -882.812 343.750 -789.062 -671.875 421.875 -890.625 -351.562 468.750
-578.125 -78.125 -835.938 -437.500 -937.500 343.750 -546.875 -851.562 367.188 -757.812 -609.375 460.938 -898.438 -281.250 476.562
-578.125 -78.125 -835.938 -437.500 -937.500 343.750 -546.875 -851.562 367.188 -757.812 -609.375 460.938 -898.438 -281.250 476.562
-570.312 -31.250 -851.562 -445.312 -953.125 328.125 -539.062 -789.062 351.562 -734.375 -562.500 500.000 -843.750 -234.375 570.312
-570.312 -31.250 -851.562 -445.312 -953.125 328.125 -539.062 -789.062 351.562 -734.375 -562.500 500.000 -843.750 -234.375 570.312
-578.125 -148.438 -820.312 -453.125 -890.625 312.500 -539.062 -796.875 351.562 -710.938 -523.438 539.062 -710.938 -210.938 781.250
-601.562 -7.812 -812.500 -523.438 -843.750 242.188 -562.500 -812.500 312.500 -703.125 -531.250 546.875 -617.188 -210.938 843.750
-601.562 -7.812 -812.500 -523.438 -843.750 242.188 -562.500 -812.500 312.500 -703.125 -531.250 546.875 -617.188 -210.938 843.750
-546.875 7.812 -773.438 -539.062 -898.438 234.375 -585.938 -835.938 226.562 -679.688 -531.250 507.812 -625.000 -265.625 812.500
-546.875 -70.312 -781.250 -664.062 -992.188 210.938 -710.938 -960.938 125.000 -812.500 -695.312 367.188 -664.062 -468.750 609.375
-546.875 -70.312 -781.250 -664.062 -992.188 210.938 -710.938 -960.938 125.000 -812.500 -695.312 367.188 -664.062 -468.750 609.375
-523.438 -125.000 -750.000 -726.562 -1054.688 187.500 -750.000 -953.125 93.750 -898.438 -781.250 234.375 -687.500 -601.562 453.125
-585.938 -156.250 -890.625 -882.812 -1062.500 218.750 -820.312 -1242.188 70.312 -1187.500 -1078.125 -109.375 -703.125 -945.312 125.000
-585.938 -156.250 -890.625 -882.812 -1062.500 218.750 -820.312 -1242.188 70.312 -1187.500 -1078.125 -109.375 -703.125 -945.312 125.000
-375.000 -351.562 -734.375 -859.375 -1210.938 304.688 -851.562 -1367.188 78.125 -1046.875 -1492.188 -242.188 -328.125 -1226.562 -171.875
-375.000 -351.562 -734.375 -859.375 -1210.938 304.688 -851.562 -1367.188 78.125 -1046.875 -1492.188 -242.188 -328.125 -1226.562 -171.875
-414.062 -453.125 -789.062 -820.312 -1460.938 304.688 -859.375 -1296.875 85.938 -859.375 -1484.375 -226.562 -164.062 -1164.062 -226.562
-453.125 -539.062 -984.375 -781.250 -1757.812 210.938 -742.188 -1226.562 -109.375 -664.062 -1015.625 -289.062 -226.562 -554.688 46.875
-453.125 -539.062 -984.375 -781.250 -1757.812 210.938 -742.188 -1226.562 -109.375 -664.062 -1015.625 -289.062 -226.562 -554.688 46.875
-484.375 -687.500 -1125.000 -742.188 -1781.250 164.062 -734.375 -1343.750 -273.438 -570.312 -609.375 -304.688 -515.625 -250.000 351.562
-484.375 -687.500 -1125.000 -742.188 -1781.250 164.062 -734.375 -1343.750 -273.438 -570.312 -609.375 -304.688 -515.625 -250.000 351.562
-304.688 -1031.250 -1156.250 -765.625 -1539.062 54.688 -664.062 -1234.375 -390.625 -421.875 7.812 -132.812 -687.500 375.000 1078.125
-390.625 -1289.062 -1375.000 -828.125 -1437.500 23.438 -648.438 -546.875 -375.000 -445.312 414.062 203.125 -203.125 664.062 1414.062
-390.625 -1289.062 -1375.000 -828.125 -1437.500 23.438 -648.438 -546.875 -375.000 -445.312 414.062 203.125 -203.125 664.062 1414.062
-507.812 -1281.250 -1523.438 -851.562 -1226.562 15.625 -578.125 -70.312 62.500 -328.125 695.312 562.500 0.000 226.562 1335.938
-62.500 -1007.812 -1210.938 -273.438 -648.438 601.562 -132.812 -70.312 679.688 54.688 320.312 585.938 -117.188 343.750 726.562
-62.500 -1007.812 -1210.938 -273.438 -648.438 601.562 -132.812 -70.312 679.688 54.688 320.312 585.938 -117.188 343.750 726.562
-15.625 -750.000 -1164.062 -156.250 -539.062 656.250 -250.000 31.250 656.250 937.500 31.250 656.250 -164.062 468.750 218.750
-15.625 -750.000 -1164.062 -156.250 -539.062 656.250 -250.000 31.250 656.250 937.500 31.250 656.250 -164.062 468.750 218.750
-54.688 -382.812 -1125.000 -203.125 -414.062 695.312 -23.438 492.188 648.438 968.750 -210.938 843.750 0.000 210.938 -234.375
-132.812 -507.812 -1164.062 -273.438 -312.500 507.812 257.812 1007.812 320.312 398.438 -148.438 601.562 398.438 171.875 -351.562
-328.125 -742.188 -1226.562 -195.312 -234.375 257.812 148.438 429.688 320.312 335.938 164.062 234.375 867.188 484.375 -242.188
-445.312 -875.000 -1273.438 -125.000 -171.875 117.188 453.125 398.438 62.500 507.812 523.438 0.000 1187.500 687.500 -101.562
-507.812 -914.062 -1273.438 -156.250 -703.125 -54.688 445.312 -335.938 273.438 718.750 578.125 -62.500 1312.500 734.375 -54.688
-546.875 -867.188 -1257.812 -148.438 -257.812 15.625 671.875 304.688 179.688 882.812 562.500 39.062 1304.688 664.062 -117.188
-531.250 -875.000 -1265.625 -195.312 -15.625 -140.625 656.250 421.875 265.625 1054.688 429.688 179.688 1289.062 609.375 -179.688
-531.250 -875.000 -1265.625 -195.312 -15.625 -140.625 656.250 421.875 265.625 1054.688 429.688 179.688 1289.062 609.375 -179.688
-601.562 -1179.688 -1257.812 -23.438 156.250 -85.938 890.625 796.875 203.125 1406.250 437.500 367.188 1382.812 578.125 -85.938
-531.250 -1218.750 -1156.250 93.750 304.688 46.875 953.125 851.562 226.562 1421.875 531.250 390.625 1523.438 632.812 54.688
-460.938 -1132.812 -1039.062 218.750 609.375 93.750 1179.688 1000.000 273.438 1445.312 664.062 414.062 1546.875 773.438 187.500
-414.062 -882.812 -914.062 226.562 835.938 187.500 1203.125 1023.438 335.938 1515.625 781.250 429.688 1679.688 984.375 296.875
-414.062 -882.812 -914.062 226.562 835.938 187.500 1203.125 1023.438 335.938 1515.625 781.250 429.688 1679.688 984.375 296.875
-390.625 -328.125 -734.375 343.750 1320.312 398.438 1195.312 1210.938 453.125 1601.562 843.750 625.000 1781.250 1007.812 445.312
-445.312 -187.500 -726.562 390.625 1500.000 515.625 1171.875 1320.312 523.438 1617.188 820.312 718.750 1789.062 960.938 507.812
-445.312 -187.500 -726.562 390.625 1500.000 515.625 1171.875 1320.312 523.438 1617.188 820.312 718.750 1789.062 960.938 507.812
-476.562 -85.938 -601.562 445.312 1484.375 750.000 1078.125 1328.125 609.375 1507.812 890.625 820.312 1742.188 1046.875 679.688
-476.562 -31.250 -484.375 460.938 1351.562 929.688 1039.062 1242.188 679.688 1414.062 914.062 843.750 1656.250 1109.375 718.750
-484.375 -46.875 -335.938 492.188 1140.625 1171.875 1015.625 1117.188 804.688 1375.000 859.375 859.375 1546.875 1101.562 726.562
-429.688 -101.562 -187.500 507.812 921.875 1367.188 1023.438 992.188 914.062 1351.562 742.188 875.000 1390.625 1015.625 664.062
-429.688 -101.562 -187.500 507.812 921.875 1367.188 1023.438 992.188 914.062 1351.562 742.188 875.000 1390.625 1015.625 664.062
-390.625 -531.250 -15.625 367.188 687.500 1546.875 1148.438 820.312 1148.438 1359.375 429.688 882.812 1187.500 734.375 468.750
-429.688 -835.938 0.000 257.812 609.375 1523.438 1125.000 726.562 1195.312 1343.750 304.688 882.812 1148.438 640.625 437.500
-429.688 -835.938 0.000 257.812 609.375 1523.438 1125.000 726.562 1195.312 1343.750 304.688 882.812 1148.438 640.625 437.500
-468.750 -1406.250 -23.438 78.125 492.188 1343.750 976.562 664.062 1101.562 1257.812 210.938 835.938 1078.125 539.062 398.438
-406.250 -1562.500 -7.812 62.500 429.688 1250.000 859.375 632.812 992.188 1148.438 234.375 781.250 1046.875 515.625 414.062
-343.750 -1609.375 31.250 15.625 421.875 1171.875 765.625 593.750 898.438 1046.875 257.812 734.375 1046.875 546.875 437.500
-289.062 -1562.500 46.875 7.812 437.500 1117.188 718.750 585.938 859.375 976.562 273.438 695.312 1023.438 562.500 468.750
-289.062 -1562.500 46.875 7.812 437.500 1117.188 718.750 585.938 859.375 976.562 273.438 695.312 1023.438 562.500 468.750
-226.562 -1359.375 46.875 -46.875 492.188 960.938 640.625 554.688 757.812 906.250 304.688 648.438 960.938 554.688 429.688
-203.125 -1179.688 46.875 -46.875 515.625 898.438 593.750 570.312 703.125 859.375 312.500 617.188 906.250 539.062 390.625
-203.125 -1179.688 46.875 -46.875 515.625 898.438 593.750 570.312 703.125 859.375 312.500 617.188 906.250 539.062 390.625
-195.312 -859.375 54.688 -62.500 515.625 796.875 531.250 585.938 617.188 781.250 343.750 570.312 851.562 562.500 359.375
-195.312 -859.375 54.688 -62.500 515.625 796.875 531.250 585.938 617.188 781.250 343.750 570.312 851.562 562.500 359.375
-218.750 -718.750 31.250 -70.312 492.188 687.500 437.500 585.938 531.250 710.938 375.000 515.625 789.062 562.500 312.500
-218.750 -703.125 31.250 -93.750 500.000 656.250 414.062 570.312 515.625 679.688 359.375 500.000 765.625 523.438 289.062
-218.750 -703.125 31.250 -93.750 500.000 656.250 414.062 570.312 515.625 679.688 359.375 500.000 765.625 523.438 289.062
-195.312 -656.250 101.562 -109.375 500.000 625.000 398.438 539.062 492.188 617.188 343.750 445.312 679.688 507.812 242.188
-187.500 -671.875 140.625 -101.562 492.188 625.000 390.625 507.812 484.375 601.562 335.938 437.500 664.062 492.188 210.938
-187.500 -671.875 140.625 -101.562 492.188 625.000 390.625 507.812 484.375 601.562 335.938 437.500 664.062 492.188 210.938
-195.312 -750.000 125.000 -109.375 484.375 578.125 375.000 492.188 445.312 601.562 343.750 398.438 664.062 500.000 195.312
-195.312 -750.000 125.000 -109.375 484.375 578.125 375.000 492.188 445.312 601.562 343.750 398.438 664.062 500.000 195.312
-226.562 -750.000 140.625 -101.562 507.812 593.750 398.438 531.250 453.125 625.000 351.562 414.062 710.938 507.812 203.125
-210.938 -718.750 140.625 -78.125 515.625 609.375 421.875 546.875 468.750 656.250 367.188 429.688 710.938 531.250 218.750
-210.938 -718.750 140.625 -78.125 515.625 609.375 421.875 546.875 468.750 656.250 367.188 429.688 710.938 531.250 218.750
-218.750 -710.938 156.250 -39.062 554.688 671.875 468.750 578.125 507.812 703.125 382.812 476.562 750.000 554.688 218.750
-203.125 -703.125 156.250 -31.250 570.312 664.062 484.375 609.375 515.625 718.750 398.438 484.375 742.188 578.125 218.750
-203.125 -703.125 156.250 -31.250 570.312 664.062 484.375 609.375 515.625 718.750 398.438 484.375 742.188 578.125 218.750
-171.875 -765.625 171.875 7.812 585.938 695.312 515.625 640.625 500.000 734.375 429.688 476.562 742.188 593.750 226.562
-171.875 -765.625 171.875 7.812 585.938 695.312 515.625 640.625 500.000 734.375 429.688 476.562 742.188 593.750 226.562
-117.188 -851.562 195.312 7.812 609.375 703.125 531.250 640.625 484.375 757.812 421.875 453.125 750.000 593.750 203.125
-125.000 -906.250 195.312 7.812 625.000 695.312 531.250 625.000 500.000 742.188 421.875 453.125 773.438 578.125 203.125
-125.000 -906.250 195.312 7.812 625.000 695.312 531.250 625.000 500.000 742.188 421.875 453.125 773.438 578.125 203.125
-117.188 -929.688 218.750 7.812 625.000 726.562 562.500 625.000 523.438 765.625 406.250 476.562 742.188 578.125 203.125
-109.375 -921.875 226.562 15.625 632.812 757.812 632.812 632.812 562.500 781.250 406.250 492.188 562.500 609.375 179.688
-109.375 -921.875 226.562 15.625 632.812 757.812 632.812 632.812 562.500 781.250 406.250 492.188 562.500 609.375 179.688
-164.062 -875.000 195.312 7.812 515.625 804.688 593.750 601.562 546.875 742.188 437.500 500.000 617.188 625.000 179.688
-164.062 -875.000 195.312 7.812 515.625 804.688 593.750 601.562 546.875 742.188 437.500 500.000 617.188 625.000 179.688
-187.500 -929.688 179.688 -85.938 523.438 718.750 523.438 632.812 546.875 734.375 406.250 539.062 671.875 570.312 234.375
-218.750 -968.750 179.688 -93.750 562.500 703.125 476.562 640.625 546.875 710.938 421.875 562.500 726.562 570.312 289.062
-218.750 -968.750 179.688 -93.750 562.500 703.125 476.562 640.625 546.875 710.938 421.875 562.500 726.562 570.312 289.062
-250.000 -960.938 187.500 -109.375 632.812 687.500 460.938 617.188 609.375 710.938 445.312 648.438 882.812 656.250 421.875
-273.438 -929.688 179.688 -117.188 664.062 718.750 468.750 632.812 656.250 773.438 460.938 734.375 976.562 710.938 562.500
-273.438 -929.688 179.688 -117.188 664.062 718.750 468.750 632.812 656.250 773.438 460.938 734.375 976.562 710.938 562.500
-281.250 -867.188 226.562 -70.312 726.562 726.562 554.688 734.375 718.750 835.938 539.062 859.375 929.688 765.625 718.750
-281.250 -867.188 226.562 -70.312 726.562 726.562 554.688 734.375 718.750 835.938 539.062 859.375 929.688 765.625 718.750
-304.688 -828.125 257.812 -85.938 640.625 789.062 507.812 773.438 796.875 875.000 562.500 1031.250 843.750 851.562 679.688
-289.062 -812.500 296.875 -85.938 617.188 820.312 539.062 796.875 835.938 867.188 570.312 1015.625 820.312 945.312 726.562
-289.062 -812.500 296.875 -85.938 617.188 820.312 539.062 796.875 835.938 867.188 570.312 1015.625 820.312 945.312 726.562
-312.500 -812.500 328.125 -46.875 539.062 882.812 484.375 789.062 843.750 609.375 468.750 1023.438 804.688 742.188 781.250
-304.688 -781.250 343.750 -93.750 546.875 828.125 382.812 851.562 898.438 593.750 390.625 1078.125 742.188 781.250 820.312
-304.688 -781.250 343.750 -93.750 546.875 828.125 382.812 851.562 898.438 593.750 390.625 1078.125 742.188 781.250 820.312
-375.000 -718.750 351.562 -164.062 617.188 773.438 335.938 890.625 906.250 609.375 437.500 1195.312 679.688 851.562 914.062
-375.000 -718.750 351.562 -164.062 617.188 773.438 335.938 890.625 906.250 609.375 437.500 1195.312 679.688 851.562 914.062
-414.062 -671.875 242.188 -195.312 632.812 789.062 195.312 812.500 898.438 335.938 476.562 1226.562 531.250 1062.500 1242.188
-515.625 -781.250 101.562 -132.812 695.312 796.875 156.250 789.062 898.438 375.000 492.188 1234.375 851.562 1179.688 1234.375
-515.625 -781.250 101.562 -132.812 695.312 796.875 156.250 789.062 898.438 375.000 492.188 1234.375 851.562 1179.688 1234.375
-593.750 -750.000 -93.750 -85.938 632.812 835.938 210.938 718.750 882.812 312.500 601.562 1218.750 992.188 1304.688 1367.188
-656.250 -671.875 -195.312 -156.250 515.625 789.062 242.188 671.875 867.188 406.250 492.188 1101.562 890.625 1085.938 875.000
-656.250 -671.875 -195.312 -156.250 515.625 789.062 242.188 671.875 867.188 406.250 492.188 1101.562 890.625 1085.938 875.000
-734.375 -617.188 -351.562 -179.688 406.250 750.000 156.250 476.562 750.000 210.938 453.125 843.750 671.875 1023.438 601.562
-734.375 -617.188 -351.562 -179.688 406.250 750.000 156.250 476.562 750.000 210.938 453.125 843.750 671.875 1023.438 601.562
-695.312 -664.062 -406.250 7.812 390.625 656.250 15.625 453.125 617.188 125.000 523.438 812.500 703.125 1195.312 976.562
-632.812 -656.250 -398.438 -54.688 429.688 570.312 0.000 570.312 609.375 148.438 398.438 804.688 773.438 1187.500 1015.625
-632.812 -656.250 -398.438 -54.688 429.688 570.312 0.000 570.312 609.375 148.438 398.438 804.688 773.438 1187.500 1015.625
-453.125 -515.625 -343.750 31.250 437.500 570.312 -7.812 531.250 656.250 375.000 226.562 820.312 593.750 1007.812 726.562
-453.125 -515.625 -343.750 31.250 437.500 570.312 -7.812 531.250 656.250 375.000 226.562 820.312 593.750 1007.812 726.562
-406.250 -453.125 -335.938 -15.625 312.500 570.312 78.125 421.875 734.375 390.625 109.375 851.562 398.438 781.250 523.438
-484.375 -398.438 -492.188 39.062 -39.062 710.938 93.750 148.438 851.562 546.875 -203.125 765.625 15.625 218.750 273.438
-484.375 -398.438 -492.188 39.062 -39.062 710.938 93.750 148.438 851.562 546.875 -203.125 765.625 15.625 218.750 273.438
-687.500 -406.250 -757.812 132.812 -320.312 804.688 156.250 -31.250 843.750 62.500 -296.875 750.000 -39.062 218.750 125.000
-734.375 -429.688 -820.312 242.188 -859.375 1023.438 226.562 -335.938 875.000 234.375 -218.750 726.562 -125.000 109.375 179.688
-734.375 -429.688 -820.312 242.188 -859.375 1023.438 226.562 -335.938 875.000 234.375 -218.750 726.562 -125.000 109.375 179.688
-671.875 -476.562 -921.875 -7.812 -640.625 1054.688 171.875 -390.625 906.250 -7.812 -351.562 664.062 -234.375 164.062 437.500
-671.875 -476.562 -921.875 -7.812 -640.625 1054.688 171.875 -390.625 906.250 -7.812 -351.562 664.062 -234.375 164.062 437.500
-578.125 -570.312 -921.875 62.500 -539.062 937.500 203.125 -390.625 820.312 31.250 -375.000 593.750 -265.625 164.062 585.938
-390.625 -734.375 -843.750 -54.688 -523.438 820.312 140.625 -367.188 796.875 -31.250 -289.062 726.562 -367.188 250.000 648.438
-390.625 -734.375 -843.750 -54.688 -523.438 820.312 140.625 -367.188 796.875 -31.250 -289.062 726.562 -367.188 250.000 648.438
-234.375 -757.812 -812.500 -85.938 -421.875 765.625 85.938 -343.750 851.562 -46.875 -335.938 734.375 -476.562 179.688 578.125
-273.438 -734.375 -828.125 -109.375 -468.750 796.875 46.875 -351.562 835.938 -109.375 -390.625 703.125 -515.625 101.562 523.438
-273.438 -734.375 -828.125 -109.375 -468.750 796.875 46.875 -351.562 835.938 -109.375 -390.625 703.125 -515.625 101.562 523.438
-414.062 -726.562 -937.500 -156.250 -484.375 664.062 46.875 -414.062 796.875 -125.000 -429.688 640.625 -570.312 31.250 460.938
-414.062 -726.562 -937.500 -156.250 -484.375 664.062 46.875 -414.062 796.875 -125.000 -429.688 640.625 -570.312 31.250 460.938
-421.875 -726.562 -976.562 -226.562 -453.125 640.625 39.062 -398.438 789.062 -187.500 -406.250 656.250 -593.750 31.250 367.188
-484.375 -820.312 -1101.562 -210.938 -257.812 507.812 -85.938 -281.250 703.125 -257.812 -375.000 554.688 -773.438 -85.938 39.062
-484.375 -820.312 -1101.562 -210.938 -257.812 507.812 -85.938 -281.250 703.125 -257.812 -375.000 554.688 -773.438 -85.938 39.062
-664.062 -960.938 -1226.562 -242.188 -539.062 570.312 -132.812 -312.500 570.312 -460.938 -335.938 382.812 -914.062 -117.188 -195.312
-734.375 -906.250 -1289.062 -242.188 -578.125 500.000 -218.750 -312.500 484.375 -453.125 -296.875 289.062 -1015.625 -109.375 -257.812
-734.375 -906.250 -1289.062 -242.188 -578.125 500.000 -218.750 -312.500 484.375 -453.125 -296.875 289.062 -1015.625 -109.375 -257.812
-914.062 -859.375 -1406.250 -226.562 -656.250 421.875 -320.312 -343.750 390.625 -656.250 -304.688 210.938 -1015.625 -148.438 -195.312
-914.062 -859.375 -1406.250 -226.562 -656.250 421.875 -320.312 -343.750 390.625 -656.250 -304.688 210.938 -1015.625 -148.438 -195.312
-921.875 -929.688 -1359.375 -218.750 -695.312 421.875 -351.562 -406.250 351.562 -750.000 -335.938 179.688 -906.250 -109.375 -117.188
-718.750 -796.875 -1015.625 -109.375 -914.062 476.562 -296.875 -601.562 335.938 -1093.750 -578.125 7.812 -1171.875 -460.938 -460.938
-718.750 -796.875 -1015.625 -109.375 -914.062 476.562 -296.875 -601.562 335.938 -1093.750 -578.125 7.812 -1171.875 -460.938 -460.938
-695.312 -1015.625 -875.000 -140.625 -921.875 523.438 -289.062 -515.625 531.250 -625.000 -1156.250 -265.625 -632.812 -1125.000 -1304.688
-617.188 -1156.250 -789.062 -109.375 -710.938 593.750 -132.812 -203.125 992.188 -546.875 -1890.625 -15.625 0.000 -1335.938 -1210.938
-617.188 -1156.250 -789.062 -109.375 -710.938 593.750 -132.812 -203.125 992.188 -546.875 -1890.625 -15.625 0.000 -1335.938 -1210.938
-320.312 -1375.000 -382.812 132.812 -875.000 710.938 62.500 -648.438 726.562 -78.125 -1695.312 -109.375 843.750 -726.562 -640.625
-320.312 -1375.000 -382.812 132.812 -875.000 710.938 62.500 -648.438 726.562 -78.125 -1695.312 -109.375 843.750 -726.562 -640.625
-195.312 -1421.875 -226.562 46.875 -1234.375 617.188 -109.375 -765.625 476.562 343.750 -562.500 -85.938 1328.125 -101.562 -289.062
-140.625 -1234.375 -93.750 -281.250 -1093.750 531.250 -78.125 -1296.875 507.812 773.438 164.062 507.812 1484.375 625.000 1671.875
-140.625 -1234.375 -93.750 -281.250 -1093.750 531.250 -78.125 -1296.875 507.812 773.438 164.062 507.812 1484.375 625.000 1671.875
-179.688 -914.062 -101.562 -179.688 -1140.625 484.375 -164.062 -1000.000 726.562 -187.500 1000.000 1523.438 523.438 1398.438 3343.750
-179.688 -914.062 -101.562 -179.688 -1140.625 484.375 -164.062 -1000.000 726.562 -187.500 1000.000 1523.438 523.438 1398.438 3343.750
-273.438 -828.125 -140.625 -93.750 -1210.938 515.625 -62.500 -750.000 843.750 281.250 945.312 1796.875 460.938 1164.062 3343.750
-46.875 -867.188 93.750 117.188 -1210.938 570.312 23.438 -335.938 1054.688 890.625 335.938 2531.250 914.062 156.250 2164.062
-46.875 -867.188 93.750 117.188 -1210.938 570.312 23.438 -335.938 1054.688 890.625 335.938 2531.250 914.062 156.250 2164.062
-125.000 -679.688 -15.625 -31.250 -1031.250 507.812 -171.875 -468.750 1000.000 445.312 500.000 1742.188 757.812 -398.438 1664.062
-500.000 -875.000 -265.625 -93.750 -960.938 609.375 -156.250 -671.875 804.688 328.125 -320.312 929.688 -15.625 -15.625 953.125
-500.000 -875.000 -265.625 -93.750 -960.938 609.375 -156.250 -671.875 804.688 328.125 -320.312 929.688 -15.625 -15.625 953.125
-234.375 -890.625 31.250 -46.875 -1242.188 687.500 -273.438 -992.188 703.125 -484.375 -648.438 554.688 -640.625 -453.125 250.000
-234.375 -890.625 31.250 -46.875 -1242.188 687.500 -273.438 -992.188 703.125 -484.375 -648.438 554.688 -640.625 -453.125 250.000
-148.438 -929.688 132.812 -78.125 -1421.875 703.125 -296.875 -1023.438 695.312 -570.312 -882.812 523.438 -960.938 -601.562 15.625
0.000 -1289.062 218.750 78.125 -1765.625 867.188 -359.375 -1281.250 632.812 -929.688 -687.500 437.500 -1437.500 -593.750 93.750
0.000 -1289.062 218.750 78.125 -1765.625 867.188 -359.375 -1281.250 632.812 -929.688 -687.500 437.500 -1437.500 -593.750 93.750
-46.875 -1718.750 132.812 125.000 -1828.125 937.500 -359.375 -1335.938 593.750 -937.500 -562.500 437.500 -1476.562 -460.938 203.125
-132.812 -1851.562 -156.250 -7.812 -1867.188 734.375 -414.062 -1281.250 562.500 -734.375 -343.750 585.938 -1171.875 -164.062 320.312
-132.812 -1851.562 -156.250 -7.812 -1867.188 734.375 -414.062 -1281.250 562.500 -734.375 -343.750 585.938 -1171.875 -164.062 320.312
-453.125 -1898.438 -726.562 7.812 -1867.188 570.312 -445.312 -1093.750 421.875 -445.312 -125.000 656.250 -945.312 109.375 195.312
-453.125 -1898.438 -726.562 7.812 -1867.188 570.312 -445.312 -1093.750 421.875 -445.312 -125.000 656.250 -945.312 109.375 195.312
-679.688 -2054.688 -1109.375 31.250 -1828.125 515.625 -476.562 -1023.438 304.688 -398.438 70.312 570.312 -734.375 375.000 210.938
-828.125 -2171.875 -1671.875 -304.688 -1679.688 242.188 -750.000 -492.188 210.938 -250.000 328.125 523.438 -437.500 796.875 335.938
-828.125 -2171.875 -1671.875 -304.688 -1679.688 242.188 -750.000 -492.188 210.938 -250.000 328.125 523.438 -437.500 796.875 335.938
-773.438 -2078.125 -1835.938 -937.500 -2031.250 -164.062 -1468.750 23.438 -179.688 -382.812 562.500 507.812 -390.625 890.625 382.812
-609.375 -1992.188 -2273.438 -750.000 -843.750 -15.625 -1234.375 -843.750 -507.812 -585.938 843.750 132.812 -718.750 890.625 70.312
-609.375 -1992.188 -2273.438 -750.000 -843.750 -15.625 -1234.375 -843.750 -507.812 -585.938 843.750 132.812 -718.750 890.625 70.312
-570.312 -1835.938 -2640.625 -1312.500 -835.938 -835.938 -367.188 882.812 -187.500 -710.938 484.375 445.312 -1171.875 1242.188 -414.062
-570.312 -1835.938 -2640.625 -1312.500 -835.938 -835.938 -367.188 882.812 -187.500 -710.938 484.375 445.312 -1171.875 1242.188 -414.062
-421.875 -1507.812 -2718.750 -1492.188 -1414.062 -1265.625 -398.438 875.000 585.938 -593.750 390.625 507.812 -1273.438 1484.375 -695.312
-320.312 -953.125 -2875.000 -1031.250 -187.500 -257.812 -468.750 1476.562 796.875 -343.750 1117.188 890.625 -492.188 2132.812 -679.688
-320.312 -953.125 -2875.000 -1031.250 -187.500 -257.812 -468.750 1476.562 796.875 -343.750 1117.188 890.625 -492.188 2132.812 -679.688
-328.125 -734.375 -2851.562 -750.000 289.062 -23.438 39.062 1242.188 1039.062 117.188 1179.688 1101.562 -148.438 2296.875 -484.375
-328.125 -734.375 -2851.562 -750.000 289.062 -23.438 39.062 1242.188 1039.062 117.188 1179.688 1101.562 -148.438 2296.875 -484.375
-390.625 -85.938 -2437.500 -234.375 804.688 585.938 523.438 945.312 1515.625 851.562 1054.688 1570.312 609.375 2429.688 93.750
-78.125 203.125 -1398.438 39.062 101.562 390.625 1046.875 757.812 1117.188 1117.188 812.500 1421.875 1101.562 2789.062 460.938
-78.125 203.125 -1398.438 39.062 101.562 390.625 1046.875 757.812 1117.188 1117.188 812.500 1421.875 1101.562 2789.062 460.938
296.875 -382.812 -1539.062 -437.500 -195.312 195.312 -765.625 875.000 460.938 500.000 1148.438 1109.375 1351.562 2007.812 570.312
-257.812 906.250 -953.125 -875.000 140.625 -164.062 -500.000 468.750 7.812 62.500 1554.688 375.000 460.938 2312.500 367.188
-257.812 906.250 -953.125 -875.000 140.625 -164.062 -500.000 468.750 7.812 62.500 1554.688 375.000 460.938 2312.500 367.188
31.250 1062.500 -1085.938 -843.750 648.438 -15.625 -296.875 468.750 343.750 -117.188 945.312 445.312 335.938 1718.750 -78.125
31.250 1062.500 -1085.938 -843.750 648.438 -15.625 -296.875 468.750 343.750 -117.188 945.312 445.312 335.938 1718.750 -78.125
-640.625 992.188 -718.750 -593.750 843.750 132.812 -437.500 1054.688 429.688 -132.812 1109.375 757.812 375.000 1804.688 164.062
-484.375 585.938 -218.750 -859.375 1000.000 218.750 -210.938 921.875 765.625 328.125 937.500 1015.625 812.500 1640.625 500.000
-484.375 585.938 -218.750 -859.375 1000.000 218.750 -210.938 921.875 765.625 328.125 937.500 1015.625 812.500 1640.625 500.000
-515.625 656.250 -132.812 -1031.250 984.375 234.375 -445.312 882.812 664.062 195.312 945.312 921.875 875.000 1484.375 460.938
-820.312 1023.438 148.438 -914.062 960.938 210.938 -453.125 851.562 429.688 0.000 835.938 617.188 539.062 1226.562 218.750
-820.312 1023.438 148.438 -914.062 960.938 210.938 -453.125 851.562 429.688 0.000 835.938 617.188 539.062 1226.562 218.750
-835.938 960.938 218.750 -828.125 1046.875 250.000 -390.625 875.000 445.312 -46.875 828.125 632.812 562.500 1210.938 226.562
-835.938 960.938 218.750 -828.125 1046.875 250.000 -390.625 875.000 445.312 -46.875 828.125 632.812 562.500 1210.938 226.562
-820.312 406.250 437.500 -679.688 1023.438 406.250 -375.000 992.188 515.625 -46.875 945.312 742.188 296.875 1296.875 335.938
-796.875 101.562 484.375 -523.438 1015.625 515.625 -335.938 1054.688 523.438 -125.000 937.500 750.000 164.062 1250.000 312.500
-796.875 101.562 484.375 -523.438 1015.625 515.625 -335.938 1054.688 523.438 -125.000 937.500 750.000 164.062 1250.000 312.500
-875.000 -31.250 445.312 -468.750 984.375 562.500 -328.125 1046.875 500.000 -164.062 960.938 718.750 70.312 1234.375 257.812
-929.688 -164.062 421.875 -421.875 953.125 570.312 -328.125 1054.688 492.188 -203.125 953.125 687.500 7.812 1210.938 226.562
-937.500 -257.812 390.625 -398.438 914.062 601.562 -296.875 1015.625 507.812 -210.938 921.875 664.062 -70.312 1171.875 171.875
-968.750 -312.500 359.375 -390.625 851.562 617.188 -265.625 968.750 507.812 -226.562 890.625 656.250 -156.250 1125.000 125.000
-968.750 -312.500 359.375 -390.625 851.562 617.188 -265.625 968.750 507.812 -226.562 890.625 656.250 -156.250 1125.000 125.000
-976.562 -437.500 351.562 -351.562 710.938 664.062 -304.688 859.375 507.812 -281.250 812.500 625.000 -257.812 1023.438 93.750
-1007.812 -523.438 320.312 -367.188 609.375 718.750 -320.312 812.500 554.688 -328.125 757.812 632.812 -328.125 976.562 70.312
-1007.812 -523.438 320.312 -367.188 609.375 718.750 -320.312 812.500 554.688 -328.125 757.812 632.812 -328.125 976.562 70.312
-1000.000 -531.250 335.938 -382.812 601.562 718.750 -320.312 812.500 554.688 -335.938 742.188 648.438 -343.750 984.375 70.312
-1000.000 -531.250 335.938 -382.812 601.562 718.750 -320.312 812.500 554.688 -335.938 742.188 648.438 -343.750 984.375 70.312
-898.438 -492.188 382.812 -468.750 726.562 609.375 -429.688 859.375 492.188 -406.250 773.438 609.375 -320.312 1007.812 62.500
-937.500 -414.062 335.938 -531.250 812.500 562.500 -460.938 875.000 445.312 -429.688 789.062 601.562 -320.312 1023.438 46.875
-937.500 -414.062 335.938 -531.250 812.500 562.500 -460.938 875.000 445.312 -429.688 789.062 601.562 -320.312 1023.438 46.875
-992.188 -218.750 320.312 -546.875 867.188 554.688 -429.688 945.312 476.562 -375.000 843.750 648.438 -210.938 1109.375 109.375
-968.750 -78.125 429.688 -507.812 851.562 601.562 -390.625 937.500 539.062 -265.625 843.750 710.938 -117.188 1117.188 195.312
-968.750 -78.125 429.688 -507.812 851.562 601.562 -390.625 937.500 539.062 -265.625 843.750 710.938 -117.188 1117.188 195.312
-945.312 -70.312 445.312 -468.750 882.812 632.812 -351.562 953.125 554.688 -257.812 843.750 710.938 -140.625 1109.375 179.688
-945.312 -70.312 445.312 -468.750 882.812 632.812 -351.562 953.125 554.688 -257.812 843.750 710.938 -140.625 1109.375 179.688
-820.312 -23.438 562.500 -296.875 929.688 679.688 -265.625 1062.500 546.875 -218.750 960.938 742.188 -132.812 1218.750 218.750
-804.688 93.750 554.688 -250.000 976.562 687.500 -234.375 1093.750 554.688 -195.312 976.562 742.188 -132.812 1234.375 234.375
-804.688 93.750 554.688 -250.000 976.562 687.500 -234.375 1093.750 554.688 -195.312 976.562 742.188 -132.812 1234.375 234.375
-984.375 62.500 390.625 -257.812 921.875 695.312 -250.000 1078.125 546.875 -210.938 1000.000 734.375 -132.812 1242.188 203.125
-1000.000 31.250 351.562 -296.875 859.375 703.125 -273.438 1031.250 554.688 -226.562 929.688 726.562 -164.062 1179.688 203.125
-1000.000 -39.062 359.375 -328.125 804.688 703.125 -273.438 945.312 585.938 -242.188 835.938 718.750 -210.938 1085.938 187.500
-1031.250 -171.875 398.438 -375.000 718.750 710.938 -312.500 867.188 578.125 -265.625 796.875 703.125 -265.625 1039.062 164.062
-1031.250 -171.875 398.438 -375.000 718.750 710.938 -312.500 867.188 578.125 -265.625 796.875 703.125 -265.625 1039.062 164.062
-929.688 -492.188 492.188 -390.625 617.188 687.500 -398.438 804.688 531.250 -390.625 734.375 664.062 -414.062 968.750 140.625
-898.438 -523.438 460.938 -414.062 609.375 679.688 -429.688 796.875 507.812 -453.125 703.125 640.625 -460.938 937.500 109.375
-898.438 -523.438 460.938 -414.062 609.375 679.688 -429.688 796.875 507.812 -453.125 703.125 640.625 -460.938 937.500 109.375
-976.562 -421.875 234.375 -523.438 710.938 554.688 -476.562 773.438 484.375 -476.562 664.062 617.188 -468.750 906.250 101.562
-1015.625 -328.125 164.062 -515.625 671.875 562.500 -484.375 773.438 492.188 -460.938 648.438 632.812 -445.312 898.438 117.188
-1031.250 -226.562 171.875 -531.250 617.188 578.125 -460.938 742.188 515.625 -421.875 648.438 656.250 -414.062 906.250 140.625
-984.375 -132.812 218.750 -554.688 578.125 562.500 -437.500 695.312 531.250 -375.000 609.375 671.875 -343.750 867.188 187.500
-984.375 -132.812 218.750 -554.688 578.125 562.500 -437.500 695.312 531.250 -375.000 609.375 671.875 -343.750 867.188 187.500
-960.938 -101.562 257.812 -585.938 546.875 578.125 -445.312 617.188 554.688 -343.750 539.062 664.062 -257.812 812.500 210.938
-953.125 -132.812 273.438 -601.562 539.062 570.312 -460.938 617.188 546.875 -351.562 531.250 671.875 -273.438 812.500 210.938
-953.125 -132.812 273.438 -601.562 539.062 570.312 -460.938 617.188 546.875 -351.562 531.250 671.875 -273.438 812.500 210.938
-937.500 -171.875 257.812 -593.750 578.125 562.500 -453.125 679.688 554.688 -375.000 593.750 687.500 -328.125 882.812 218.750
-937.500 -171.875 257.812 -593.750 578.125 562.500 -453.125 679.688 554.688 -375.000 593.750 687.500 -328.125 882.812 218.750
-953.125 -210.938 218.750 -500.000 625.000 609.375 -414.062 742.188 562.500 -351.562 656.250 703.125 -320.312 937.500 226.562
-968.750 -234.375 218.750 -453.125 632.812 632.812 -375.000 765.625 570.312 -328.125 679.688 726.562 -312.500 960.938 234.375
-968.750 -234.375 218.750 -453.125 632.812 632.812 -375.000 765.625 570.312 -328.125 679.688 726.562 -312.500 960.938 234.375
-976.562 -281.250 234.375 -398.438 625.000 679.688 -328.125 781.250 601.562 -281.250 703.125 734.375 -281.250 992.188 257.812
-960.938 -335.938 250.000 -390.625 609.375 687.500 -320.312 781.250 593.750 -281.250 695.312 734.375 -296.875 976.562 250.000
-960.938 -335.938 250.000 -390.625 609.375 687.500 -320.312 781.250 593.750 -281.250 695.312 734.375 -296.875 976.562 250.000
-929.688 -445.312 289.062 -375.000 617.188 664.062 -351.562 781.250 585.938 -320.312 679.688 710.938 -335.938 945.312 226.562
-929.688 -445.312 289.062 -375.000 617.188 664.062 -351.562 781.250 585.938 -320.312 679.688 710.938 -335.938 945.312 226.562
-898.438 -468.750 265.625 -390.625 625.000 656.250 -359.375 781.250 570.312 -335.938 679.688 710.938 -375.000 953.125 210.938
-914.062 -437.500 234.375 -390.625 625.000 664.062 -351.562 781.250 578.125 -328.125 679.688 710.938 -367.188 953.125 210.938
-914.062 -437.500 234.375 -390.625 625.000 664.062 -351.562 781.250 578.125 -328.125 679.688 710.938 -367.188 953.125 210.938
-960.938 -359.375 234.375 -351.562 585.938 695.312 -312.500 773.438 570.312 -304.688 679.688 703.125 -351.562 945.312 218.750
-945.312 -359.375 257.812 -359.375 585.938 679.688 -304.688 757.812 578.125 -281.250 679.688 710.938 -328.125 945.312 210.938
-945.312 -359.375 257.812 -359.375 585.938 679.688 -304.688 757.812 578.125 -281.250 679.688 710.938 -328.125 945.312 210.938
-937.500 -367.188 257.812 -414.062 585.938 632.812 -351.562 734.375 554.688 -320.312 640.625 671.875 -304.688 906.250 203.125
-937.500 -367.188 257.812 -414.062 585.938 632.812 -351.562 734.375 554.688 -320.312 640.625 671.875 -304.688 906.250 203.125
-929.688 -304.688 242.188 -476.562 585.938 585.938 -406.250 695.312 515.625 -351.562 601.562 625.000 -320.312 851.562 148.438
-921.875 -257.812 242.188 -500.000 593.750 585.938 -382.812 687.500 554.688 -335.938 601.562 664.062 -296.875 867.188 195.312
-921.875 -257.812 242.188 -500.000 593.750 585.938 -382.812 687.500 554.688 -335.938 601.562 664.062 -296.875 867.188 195.312
-906.250 -179.688 265.625 -484.375 593.750 593.750 -359.375 695.312 578.125 -281.250 601.562 703.125 -250.000 882.812 242.188
-898.438 -164.062 281.250 -476.562 601.562 609.375 -343.750 703.125 578.125 -265.625 609.375 703.125 -218.750 890.625 242.188
-898.438 -164.062 281.250 -476.562 601.562 609.375 -343.750 703.125 578.125 -265.625 609.375 703.125 -218.750 890.625 242.188
-867.188 -85.938 281.250 -414.062 640.625 601.562 -328.125 742.188 554.688 -257.812 648.438 695.312 -226.562 914.062 250.000
-867.188 -85.938 281.250 -414.062 640.625 601.562 -328.125 742.188 554.688 -257.812 648.438 695.312 -226.562 914.062 250.000
-898.438 -125.000 234.375 -406.250 648.438 593.750 -328.125 750.000 546.875 -257.812 664.062 710.938 -234.375 945.312 250.000
-906.250 -164.062 234.375 -414.062 609.375 601.562 -328.125 742.188 562.500 -257.812 648.438 703.125 -250.000 929.688 250.000
-906.250 -203.125 257.812 -390.625 601.562 617.188 -320.312 718.750 570.312 -257.812 632.812 718.750 -273.438 914.062 250.000
-890.625 -257.812 257.812 -390.625 593.750 625.000 -296.875 726.562 578.125 -250.000 648.438 695.312 -296.875 921.875 242.188
-882.812 -296.875 242.188 -375.000 601.562 617.188 -296.875 734.375 570.312 -242.188 656.250 703.125 -304.688 929.688 226.562
-882.812 -296.875 242.188 -375.000 601.562 617.188 -296.875 734.375 570.312 -242.188 656.250 703.125 -304.688 929.688 226.562
-960.938 -265.625 171.875 -359.375 585.938 656.250 -289.062 734.375 585.938 -273.438 648.438 703.125 -296.875 914.062 234.375
-960.938 -265.625 171.875 -359.375 585.938 656.250 -289.062 734.375 585.938 -273.438 648.438 703.125 -296.875 914.062 234.375
-953.125 -289.062 179.688 -398.438 539.062 656.250 -312.500 679.688 585.938 -265.625 601.562 687.500 -312.500 882.812 218.750
-960.938 -320.312 218.750 -414.062 492.188 664.062 -335.938 656.250 585.938 -289.062 585.938 687.500 -335.938 851.562 210.938
-960.938 -320.312 218.750 -414.062 492.188 664.062 -335.938 656.250 585.938 -289.062 585.938 687.500 -335.938 851.562 210.938
-906.250 -375.000 273.438 -445.312 453.125 625.000 -406.250 625.000 531.250 -382.812 562.500 640.625 -421.875 804.688 156.250
-890.625 -406.250 250.000 -507.812 492.188 578.125 -445.312 632.812 507.812 -414.062 562.500 625.000 -429.688 812.500 140.625
-890.625 -406.250 250.000 -507.812 492.188 578.125 -445.312 632.812 507.812 -414.062 562.500 625.000 -429.688 812.500 140.625
-929.688 -367.188 179.688 -539.062 609.375 539.062 -437.500 679.688 539.062 -375.000 562.500 671.875 -343.750 835.938 210.938
-929.688 -367.188 179.688 -539.062 609.375 539.062 -437.500 679.688 539.062 -375.000 562.500 671.875 -343.750 835.938 210.938
-914.062 -156.250 226.562 -523.438 585.938 570.312 -390.625 671.875 570.312 -296.875 601.562 695.312 -265.625 875.000 250.000
-914.062 -132.812 242.188 -507.812 570.312 601.562 -359.375 664.062 585.938 -265.625 585.938 703.125 -226.562 867.188 250.000
-914.062 -132.812 242.188 -507.812 570.312 601.562 -359.375 664.062 585.938 -265.625 585.938 703.125 -226.562 867.188 250.000
-953.125 -218.750 226.562 -437.500 554.688 632.812 -335.938 687.500 585.938 -242.188 617.188 710.938 -210.938 898.438 257.812
-937.500 -265.625 242.188 -398.438 585.938 648.438 -304.688 726.562 585.938 -234.375 664.062 718.750 -234.375 937.500 257.812
-937.500 -265.625 242.188 -398.438 585.938 648.438 -304.688 726.562 585.938 -234.375 664.062 718.750 -234.375 937.500 257.812
-929.688 -265.625 257.812 -382.812 632.812 648.438 -289.062 765.625 578.125 -250.000 687.500 710.938 -273.438 953.125 242.188
-929.688 -265.625 257.812 -382.812 632.812 648.438 -289.062 765.625 578.125 -250.000 687.500 710.938 -273.438 953.125 242.188
-890.625 -218.750 234.375 -398.438 679.688 625.000 -328.125 804.688 570.312 -265.625 703.125 718.750 -281.250 976.562 226.562
