-726.562 -507.812 -468.750 -570.312 -750.000 289.062 -648.438 -687.500 265.625 -882.812 -460.938 171.875 -976.562 -242.188 195.312
-734.375 -500.000 -476.562 -578.125 -734.375 289.062 -656.250 -679.688 257.812 -882.812 -453.125 179.688 -968.750 -242.188 187.500
-734.375 -507.812 -476.562 -570.312 -742.188 296.875 -656.250 -687.500 257.812 -890.625 -453.125 171.875 -968.750 -242.188 187.500
-734.375 -507.812 -476.562 -570.312 -742.188 296.875 -656.250 -687.500 257.812 -890.625 -453.125 171.875 -968.750 -242.188 187.500
-726.562 -507.812 -468.750 -562.500 -742.188 304.688 -648.438 -695.312 257.812 -890.625 -468.750 179.688 -960.938 -250.000 179.688
-710.938 -515.625 -453.125 -578.125 -750.000 312.500 -648.438 -703.125 257.812 -890.625 -476.562 179.688 -976.562 -242.188 164.062
-710.938 -515.625 -453.125 -578.125 -750.000 312.500 -648.438 -703.125 257.812 -890.625 -476.562 179.688 -976.562 -242.188 164.062
-703.125 -515.625 -453.125 -562.500 -765.625 312.500 -640.625 -718.750 265.625 -882.812 -476.562 179.688 -984.375 -257.812 156.250
-703.125 -515.625 -453.125 -562.500 -765.625 312.500 -640.625 -718.750 265.625 -882.812 -476.562 179.688 -984.375 -257.812 156.250
-687.500 -515.625 -437.500 -554.688 -765.625 335.938 -640.625 -718.750 273.438 -890.625 -492.188 187.500 -1000.000 -265.625 164.062
-664.062 -500.000 -414.062 -554.688 -757.812 328.125 -632.812 -718.750 273.438 -882.812 -476.562 203.125 -1000.000 -226.562 156.250
-664.062 -500.000 -414.062 -554.688 -757.812 328.125 -632.812 -718.750 273.438 -882.812 -476.562 203.125 -1000.000 -226.562 156.250
-648.438 -500.000 -421.875 -554.688 -765.625 328.125 -617.188 -726.562 289.062 -867.188 -460.938 210.938 -1031.250 -226.562 156.250
-648.438 -476.562 -429.688 -554.688 -750.000 328.125 -625.000 -703.125 289.062 -882.812 -460.938 210.938 -1031.250 -257.812 179.688
-648.438 -476.562 -429.688 -554.688 -750.000 328.125 -625.000 -703.125 289.062 -882.812 -460.938 210.938 -1031.250 -257.812 179.688
-664.062 -460.938 -453.125 -562.500 -757.812 343.750 -625.000 -687.500 296.875 -882.812 -453.125 210.938 -1000.000 -242.188 210.938
-664.062 -460.938 -453.125 -562.500 -757.812 343.750 -625.000 -687.500 296.875 -882.812 -453.125 210.938 -1000.000 -242.188 210.938
-671.875 -468.750 -492.188 -554.688 -703.125 328.125 -609.375 -671.875 312.500 -843.750 -445.312 242.188 -929.688 -210.938 265.625
-695.312 -453.125 -531.250 -531.250 -695.312 335.938 -585.938 -632.812 351.562 -820.312 -453.125 289.062 -882.812 -210.938 328.125
-695.312 -453.125 -531.250 -531.250 -695.312 335.938 -585.938 -632.812 351.562 -820.312 -453.125 289.062 -882.812 -210.938 328.125
-703.125 -445.312 -554.688 -515.625 -679.688 328.125 -585.938 -632.812 343.750 -828.125 -460.938 273.438 -882.812 -226.562 343.750
-718.750 -320.312 -570.312 -539.062 -664.062 328.125 -601.562 -640.625 328.125 -835.938 -453.125 250.000 -890.625 -210.938 382.812
-718.750 -320.312 -570.312 -539.062 -664.062 328.125 -601.562 -640.625 328.125 -835.938 -453.125 250.000 -890.625 -210.938 382.812
-742.188 -265.625 -593.750 -539.062 -679.688 335.938 -593.750 -640.625 320.312 -843.750 -445.312 226.562 -875.000 -226.562 414.062
-742.188 -265.625 -593.750 -539.062 -679.688 335.938 -593.750 -640.625 320.312 -843.750 -445.312 226.562 -875.000 -226.562 414.062
-726.562 -148.438 -617.188 -523.438 -664.062 328.125 -609.375 -648.438 304.688 -851.562 -437.500 234.375 -875.000 -203.125 421.875
-781.250 -109.375 -671.875 -546.875 -656.250 304.688 -617.188 -640.625 289.062 -843.750 -453.125 226.562 -851.562 -210.938 445.312
-781.250 -109.375 -671.875 -546.875 -656.250 304.688 -617.188 -640.625 289.062 -843.750 -453.125 226.562 -851.562 -210.938 445.312
-773.438 -85.938 -687.500 -562.500 -656.250 304.688 -609.375 -679.688 289.062 -851.562 -468.750 226.562 -851.562 -234.375 476.562
-781.250 -54.688 -734.375 -554.688 -664.062 273.438 -585.938 -664.062 281.250 -835.938 -468.750 257.812 -828.125 -234.375 523.438
-781.250 -54.688 -734.375 -554.688 -664.062 273.438 -585.938 -664.062 281.250 -835.938 -468.750 257.812 -828.125 -234.375 523.438
-742.188 -164.062 -734.375 -554.688 -671.875 257.812 -585.938 -664.062 265.625 -820.312 -468.750 265.625 -828.125 -242.188 546.875
-742.188 -164.062 -734.375 -554.688 -671.875 257.812 -585.938 -664.062 265.625 -820.312 -468.750 265.625 -828.125 -242.188 546.875
-539.062 -234.375 -593.750 -539.062 -710.938 250.000 -578.125 -703.125 257.812 -804.688 -523.438 250.000 -781.250 -265.625 562.500
-453.125 15.625 -585.938 -476.562 -820.312 273.438 -585.938 -734.375 234.375 -781.250 -523.438 234.375 -757.812 -296.875 562.500
-453.125 15.625 -585.938 -476.562 -820.312 273.438 -585.938 -734.375 234.375 -781.250 -523.438 234.375 -757.812 -296.875 562.500
-523.438 54.688 -648.438 -500.000 -828.125 296.875 -562.500 -742.188 265.625 -781.250 -554.688 250.000 -750.000 -312.500 546.875
-648.438 31.250 -843.750 -398.438 -976.562 367.188 -570.312 -859.375 265.625 -765.625 -632.812 250.000 -757.812 -382.812 468.750
-648.438 31.250 -843.750 -398.438 -976.562 367.188 -570.312 -859.375 265.625 -765.625 -632.812 250.000 -757.812 -382.812 468.750
-648.438 164.062 -921.875 -359.375 -1078.125 445.312 -515.625 -921.875 281.250 -718.750 -601.562 195.312 -765.625 -359.375 429.688
-648.438 164.062 -921.875 -359.375 -1078.125 445.312 -515.625 -921.875 281.250 -718.750 -601.562 195.312 -765.625 -359.375 429.688
-734.375 203.125 -1039.062 -296.875 -1078.125 523.438 -500.000 -945.312 351.562 -734.375 -656.250 195.312 -734.375 -437.500 351.562
-773.438 179.688 -1179.688 -351.562 -898.438 429.688 -445.312 -1078.125 406.250 -726.562 -710.938 140.625 -757.812 -468.750 46.875
-773.438 179.688 -1179.688 -351.562 -898.438 429.688 -445.312 -1078.125 406.250 -726.562 -710.938 140.625 -757.812 -468.750 46.875
-820.312 125.000 -1304.688 -453.125 -726.562 335.938 -585.938 -1093.750 343.750 -820.312 -679.688 46.875 -898.438 -507.812 70.312
-851.562 -382.812 -1445.312 -625.000 -945.312 156.250 -718.750 -976.562 164.062 -835.938 -726.562 0.000 -875.000 -562.500 101.562
-851.562 -382.812 -1445.312 -625.000 -945.312 156.250 -718.750 -976.562 164.062 -835.938 -726.562 0.000 -875.000 -562.500 101.562
-812.500 -531.250 -1476.562 -890.625 -1000.000 -15.625 -664.062 -953.125 54.688 -867.188 -781.250 -46.875 -898.438 -625.000 125.000
-812.500 -531.250 -1476.562 -890.625 -1000.000 -15.625 -664.062 -953.125 54.688 -867.188 -781.250 -46.875 -898.438 -625.000 125.000
-835.938 -429.688 -1367.188 -914.062 -1117.188 -31.250 -859.375 -1085.938 -70.312 -953.125 -789.062 -164.062 -882.812 -609.375 195.312
-546.875 -375.000 -1031.250 -812.500 -1023.438 -15.625 -781.250 -1234.375 -15.625 -976.562 -773.438 -210.938 -882.812 -578.125 281.250
-546.875 -375.000 -1031.250 -812.500 -1023.438 -15.625 -781.250 -1234.375 -15.625 -976.562 -773.438 -210.938 -882.812 -578.125 281.250
-453.125 -171.875 -914.062 -851.562 -1007.812 -15.625 -804.688 -1140.625 46.875 -992.188 -820.312 -171.875 -898.438 -656.250 304.688
-460.938 -39.062 -890.625 -875.000 -898.438 -15.625 -710.938 -1046.875 140.625 -968.750 -820.312 -93.750 -859.375 -679.688 281.250
-562.500 -7.812 -890.625 -804.688 -656.250 -54.688 -656.250 -968.750 210.938 -882.812 -742.188 0.000 -851.562 -585.938 335.938
-578.125 -93.750 -906.250 -867.188 -656.250 -140.625 -445.312 -890.625 296.875 -789.062 -710.938 117.188 -812.500 -476.562 421.875
-578.125 -93.750 -906.250 -867.188 -656.250 -140.625 -445.312 -890.625 296.875 -789.062 -710.938 117.188 -812.500 -476.562 421.875
-492.188 -39.062 -843.750 -851.562 -695.312 -218.750 -406.250 -554.688 492.188 -632.812 -726.562 359.375 -742.188 -382.812 593.750
-445.312 -132.812 -625.000 -789.062 -539.062 -203.125 -406.250 -328.125 710.938 -601.562 -750.000 601.562 -679.688 -328.125 757.812
-445.312 -132.812 -625.000 -789.062 -539.062 -203.125 -406.250 -328.125 710.938 -601.562 -750.000 601.562 -679.688 -328.125 757.812
-125.000 -179.688 -335.938 -812.500 -390.625 -296.875 -359.375 -390.625 843.750 -578.125 -789.062 703.125 -632.812 -281.250 851.562
-195.312 -54.688 -273.438 -835.938 -445.312 -320.312 -367.188 -234.375 796.875 -523.438 -726.562 765.625 -617.188 -304.688 937.500
-242.188 -70.312 -351.562 -773.438 -515.625 -218.750 -531.250 -195.312 656.250 -601.562 -539.062 757.812 -578.125 -250.000 1015.625
-421.875 -109.375 -554.688 -656.250 -578.125 -125.000 -562.500 -179.688 531.250 -648.438 -406.250 671.875 -562.500 -101.562 1054.688
-421.875 -109.375 -554.688 -656.250 -578.125 -125.000 -562.500 -179.688 531.250 -648.438 -406.250 671.875 -562.500 -101.562 1054.688
-562.500 -70.312 -765.625 -671.875 -453.125 15.625 -562.500 -304.688 539.062 -695.312 -351.562 507.812 -601.562 15.625 906.250
-515.625 -39.062 -742.188 -679.688 -375.000 93.750 -500.000 -390.625 570.312 -710.938 -382.812 382.812 -726.562 -70.312 664.062
-515.625 -39.062 -742.188 -679.688 -375.000 93.750 -500.000 -390.625 570.312 -710.938 -382.812 382.812 -726.562 -70.312 664.062
-507.812 -85.938 -687.500 -679.688 -437.500 78.125 -523.438 -351.562 570.312 -710.938 -421.875 390.625 -812.500 -109.375 539.062
-507.812 -85.938 -687.500 -679.688 -437.500 78.125 -523.438 -351.562 570.312 -710.938 -421.875 390.625 -812.500 -109.375 539.062
-515.625 -148.438 -664.062 -757.812 -468.750 7.812 -570.312 -312.500 593.750 -742.188 -492.188 406.250 -867.188 -210.938 484.375
-507.812 -125.000 -632.812 -781.250 -453.125 -15.625 -601.562 -304.688 601.562 -742.188 -476.562 421.875 -796.875 -179.688 539.062
-507.812 -125.000 -632.812 -781.250 -453.125 -15.625 -601.562 -304.688 601.562 -742.188 -476.562 421.875 -796.875 -179.688 539.062
-562.500 -148.438 -632.812 -773.438 -445.312 7.812 -609.375 -320.312 593.750 -742.188 -453.125 437.500 -726.562 -148.438 648.438
-578.125 -140.625 -632.812 -789.062 -437.500 0.000 -609.375 -343.750 585.938 -757.812 -437.500 437.500 -703.125 -140.625 679.688
-585.938 -117.188 -640.625 -789.062 -437.500 -7.812 -625.000 -335.938 578.125 -742.188 -421.875 429.688 -695.312 -117.188 703.125
-601.562 -117.188 -656.250 -796.875 -429.688 -15.625 -632.812 -335.938 578.125 -742.188 -414.062 429.688 -695.312 -109.375 710.938
-601.562 -117.188 -656.250 -796.875 -429.688 -15.625 -632.812 -335.938 578.125 -742.188 -414.062 429.688 -695.312 -109.375 710.938
-625.000 -109.375 -648.438 -820.312 -437.500 -31.250 -640.625 -351.562 570.312 -757.812 -437.500 414.062 -718.750 -132.812 687.500
-640.625 -109.375 -656.250 -820.312 -453.125 -23.438 -648.438 -375.000 562.500 -765.625 -445.312 421.875 -726.562 -132.812 671.875
-640.625 -109.375 -656.250 -820.312 -453.125 -23.438 -648.438 -375.000 562.500 -765.625 -445.312 421.875 -726.562 -132.812 671.875
-648.438 -164.062 -664.062 -820.312 -492.188 -39.062 -648.438 -398.438 562.500 -773.438 -437.500 390.625 -734.375 -125.000 679.688
-632.812 -171.875 -664.062 -812.500 -523.438 -31.250 -640.625 -390.625 554.688 -773.438 -429.688 390.625 -718.750 -109.375 671.875
-625.000 -148.438 -656.250 -812.500 -546.875 -31.250 -656.250 -390.625 562.500 -765.625 -429.688 398.438 -734.375 -109.375 648.438
-617.188 -140.625 -679.688 -789.062 -562.500 -15.625 -625.000 -382.812 570.312 -757.812 -429.688 398.438 -742.188 -125.000 601.562
-617.188 -140.625 -679.688 -789.062 -562.500 -15.625 -625.000 -382.812 570.312 -757.812 -429.688 398.438 -742.188 -125.000 601.562
-609.375 -132.812 -687.500 -789.062 -523.438 39.062 -609.375 -382.812 617.188 -765.625 -460.938 421.875 -781.250 -164.062 546.875
-625.000 -93.750 -703.125 -789.062 -476.562 62.500 -578.125 -382.812 640.625 -742.188 -476.562 398.438 -781.250 -156.250 531.250
-625.000 -93.750 -703.125 -789.062 -476.562 62.500 -578.125 -382.812 640.625 -742.188 -476.562 398.438 -781.250 -156.250 531.250
-625.000 -156.250 -726.562 -757.812 -492.188 93.750 -585.938 -382.812 617.188 -750.000 -453.125 382.812 -789.062 -132.812 531.250
-625.000 -156.250 -726.562 -757.812 -492.188 93.750 -585.938 -382.812 617.188 -750.000 -453.125 382.812 -789.062 -132.812 531.250
-593.750 -109.375 -703.125 -804.688 -468.750 62.500 -617.188 -367.188 609.375 -765.625 -445.312 398.438 -804.688 -109.375 554.688
-593.750 -93.750 -710.938 -804.688 -460.938 54.688 -625.000 -351.562 617.188 -765.625 -437.500 414.062 -789.062 -109.375 578.125
-593.750 -93.750 -710.938 -804.688 -460.938 54.688 -625.000 -351.562 617.188 -765.625 -437.500 414.062 -789.062 -109.375 578.125
-617.188 -109.375 -718.750 -835.938 -437.500 23.438 -648.438 -359.375 609.375 -773.438 -429.688 429.688 -781.250 -117.188 617.188
-617.188 -93.750 -710.938 -851.562 -429.688 7.812 -648.438 -367.188 609.375 -765.625 -437.500 429.688 -765.625 -117.188 640.625
-617.188 -93.750 -710.938 -851.562 -429.688 7.812 -648.438 -367.188 609.375 -765.625 -437.500 429.688 -765.625 -117.188 640.625
-632.812 -70.312 -703.125 -843.750 -437.500 -15.625 -656.250 -375.000 609.375 -781.250 -445.312 453.125 -734.375 -125.000 710.938
-632.812 -70.312 -710.938 -851.562 -445.312 -39.062 -679.688 -359.375 625.000 -796.875 -468.750 468.750 -742.188 -156.250 742.188
-632.812 -70.312 -710.938 -851.562 -445.312 -39.062 -679.688 -359.375 625.000 -796.875 -468.750 468.750 -742.188 -156.250 742.188
-609.375 -85.938 -679.688 -835.938 -453.125 -46.875 -679.688 -359.375 664.062 -804.688 -500.000 500.000 -750.000 -171.875 757.812
-609.375 -85.938 -679.688 -835.938 -453.125 -46.875 -679.688 -359.375 664.062 -804.688 -500.000 500.000 -750.000 -171.875 757.812
-554.688 -210.938 -601.562 -757.812 -562.500 -39.062 -632.812 -335.938 703.125 -742.188 -468.750 570.312 -710.938 -156.250 835.938
-421.875 -460.938 -421.875 -617.188 -609.375 62.500 -398.438 -359.375 820.312 -570.312 -453.125 640.625 -640.625 -117.188 921.875
-421.875 -460.938 -421.875 -617.188 -609.375 62.500 -398.438 -359.375 820.312 -570.312 -453.125 640.625 -640.625 -117.188 921.875
-843.750 -304.688 -992.188 -531.250 -773.438 -31.250 -437.500 -195.312 835.938 -578.125 -468.750 750.000 -625.000 -187.500 937.500
-843.750 -304.688 -992.188 -531.250 -773.438 -31.250 -437.500 -195.312 835.938 -578.125 -468.750 750.000 -625.000 -187.500 937.500
-1093.750 -468.750 -1218.750 -414.062 -851.562 109.375 -351.562 -140.625 882.812 -476.562 -617.188 828.125 -437.500 0.000 945.312
-710.938 -484.375 -859.375 -468.750 -828.125 132.812 -273.438 -203.125 992.188 -460.938 -789.062 867.188 -390.625 -23.438 937.500
-710.938 -484.375 -859.375 -468.750 -828.125 132.812 -273.438 -203.125 992.188 -460.938 -789.062 867.188 -390.625 -23.438 937.500
-304.688 156.250 -437.500 -648.438 -601.562 140.625 -117.188 -562.500 1070.312 -429.688 -789.062 632.812 -562.500 -226.562 789.062
-445.312 -46.875 -476.562 -710.938 -507.812 117.188 -148.438 -437.500 976.562 -468.750 -859.375 585.938 -601.562 -351.562 578.125
-445.312 -46.875 -476.562 -710.938 -507.812 117.188 -148.438 -437.500 976.562 -468.750 -859.375 585.938 -601.562 -351.562 578.125
-679.688 -492.188 -679.688 -460.938 -273.438 46.875 -203.125 -515.625 593.750 -320.312 -1031.250 304.688 -656.250 -445.312 195.312
-679.688 -492.188 -679.688 -460.938 -273.438 46.875 -203.125 -515.625 593.750 -320.312 -1031.250 304.688 -656.250 -445.312 195.312
-781.250 546.875 -773.438 -851.562 -117.188 -187.500 -562.500 -601.562 -23.438 -851.562 -500.000 -382.812 -867.188 -570.312 187.500
-1078.125 648.438 -976.562 -1304.688 -117.188 -234.375 -968.750 -757.812 -296.875 -1257.812 140.625 -773.438 -687.500 -210.938 328.125
-1078.125 648.438 -976.562 -1304.688 -117.188 -234.375 -968.750 -757.812 -296.875 -1257.812 140.625 -773.438 -687.500 -210.938 328.125
-1359.375 117.188 -1320.312 -1234.375 -796.875 -406.250 -1421.875 -375.000 -921.875 -1218.750 851.562 -765.625 -914.062 578.125 109.375
-1210.938 -218.750 -1210.938 -1265.625 -1156.250 -609.375 -1625.000 -406.250 -1179.688 -1054.688 796.875 -726.562 -1164.062 453.125 -7.812
-1210.938 -218.750 -1210.938 -1265.625 -1156.250 -609.375 -1625.000 -406.250 -1179.688 -1054.688 796.875 -726.562 -1164.062 453.125 -7.812
-625.000 -671.875 -617.188 -1117.188 -929.688 -640.625 -1226.562 -460.938 -742.188 -1140.625 117.188 -742.188 -1054.688 -218.750 -320.312
-625.000 -671.875 -617.188 -1117.188 -929.688 -640.625 -1226.562 -460.938 -742.188 -1140.625 117.188 -742.188 -1054.688 -218.750 -320.312
-320.312 -296.875 0.000 -789.062 -289.062 -328.125 -710.938 -703.125 -31.250 -1007.812 -687.500 -375.000 -1132.812 -562.500 -515.625
-304.688 -62.500 140.625 -726.562 -320.312 -234.375 -687.500 -695.312 140.625 -953.125 -820.312 -164.062 -1125.000 -773.438 -500.000
-304.688 -62.500 140.625 -726.562 -320.312 -234.375 -687.500 -695.312 140.625 -953.125 -820.312 -164.062 -1125.000 -773.438 -500.000
-609.375 -117.188 -171.875 -898.438 -695.312 -359.375 -835.938 -679.688 -62.500 -1023.438 -382.812 -257.812 -1085.938 -476.562 -109.375
-835.938 -414.062 -468.750 -781.250 -820.312 -335.938 -898.438 -664.062 -250.000 -1023.438 -195.312 -359.375 -1007.812 -179.688 54.688
-835.938 -414.062 -468.750 -781.250 -820.312 -335.938 -898.438 -664.062 -250.000 -1023.438 -195.312 -359.375 -1007.812 -179.688 54.688
-890.625 -468.750 -585.938 -695.312 -765.625 -156.250 -929.688 -640.625 -250.000 -992.188 -226.562 -421.875 -984.375 -257.812 -132.812
-890.625 -468.750 -585.938 -695.312 -765.625 -156.250 -929.688 -640.625 -250.000 -992.188 -226.562 -421.875 -984.375 -257.812 -132.812
-718.750 -250.000 -398.438 -726.562 -578.125 -125.000 -796.875 -562.500 -23.438 -945.312 -335.938 -265.625 -1101.562 -382.812 -343.750
-773.438 -250.000 -460.938 -718.750 -500.000 -187.500 -750.000 -500.000 7.812 -898.438 -320.312 -210.938 -1046.875 -335.938 -273.438
-773.438 -250.000 -460.938 -718.750 -500.000 -187.500 -750.000 -500.000 7.812 -898.438 -320.312 -210.938 -1046.875 -335.938 -273.438
-828.125 -156.250 -484.375 -757.812 -515.625 -210.938 -820.312 -460.938 -93.750 -937.500 -195.312 -210.938 -976.562 -195.312 -15.625
-835.938 -140.625 -500.000 -757.812 -500.000 -218.750 -828.125 -445.312 -93.750 -929.688 -148.438 -179.688 -976.562 -132.812 62.500
-835.938 -140.625 -500.000 -757.812 -500.000 -218.750 -828.125 -445.312 -93.750 -929.688 -148.438 -179.688 -976.562 -132.812 62.500
-843.750 -140.625 -507.812 -710.938 -468.750 -179.688 -796.875 -406.250 -23.438 -921.875 -179.688 -109.375 -976.562 -148.438 85.938
-843.750 -140.625 -507.812 -710.938 -468.750 -179.688 -796.875 -406.250 -23.438 -921.875 -179.688 -109.375 -976.562 -148.438 85.938
-796.875 -148.438 -492.188 -687.500 -507.812 -117.188 -812.500 -429.688 7.812 -945.312 -171.875 -101.562 -1007.812 -148.438 62.500
-781.250 -195.312 -500.000 -703.125 -531.250 -78.125 -804.688 -453.125 23.438 -945.312 -187.500 -117.188 -1015.625 -156.250 39.062
-781.250 -195.312 -500.000 -703.125 -531.250 -78.125 -804.688 -453.125 23.438 -945.312 -187.500 -117.188 -1015.625 -156.250 39.062
-773.438 -304.688 -531.250 -726.562 -570.312 -54.688 -828.125 -492.188 23.438 -960.938 -234.375 -132.812 -1015.625 -203.125 7.812
-773.438 -304.688 -531.250 -726.562 -570.312 -54.688 -828.125 -492.188 23.438 -960.938 -234.375 -132.812 -1015.625 -203.125 7.812
-781.250 -273.438 -515.625 -765.625 -593.750 -70.312 -835.938 -507.812 23.438 -960.938 -257.812 -132.812 -992.188 -218.750 7.812
-687.500 -382.812 -460.938 -773.438 -632.812 -85.938 -851.562 -570.312 15.625 -984.375 -296.875 -148.438 -984.375 -265.625 31.250
-687.500 -382.812 -460.938 -773.438 -632.812 -85.938 -851.562 -570.312 15.625 -984.375 -296.875 -148.438 -984.375 -265.625 31.250
-585.938 -312.500 -406.250 -828.125 -656.250 -117.188 -875.000 -593.750 -23.438 -1000.000 -335.938 -164.062 -992.188 -296.875 39.062
-546.875 -281.250 -335.938 -882.812 -671.875 -62.500 -945.312 -656.250 -23.438 -1031.250 -328.125 -171.875 -992.188 -312.500 31.250
-546.875 -281.250 -335.938 -882.812 -671.875 -62.500 -945.312 -656.250 -23.438 -1031.250 -328.125 -171.875 -992.188 -312.500 31.250
-695.312 -367.188 -617.188 -898.438 -617.188 -187.500 -945.312 -554.688 -101.562 -1046.875 -281.250 -195.312 -1062.500 -265.625 31.250
-695.312 -367.188 -617.188 -898.438 -617.188 -187.500 -945.312 -554.688 -101.562 -1046.875 -281.250 -195.312 -1062.500 -265.625 31.250
-765.625 -289.062 -726.562 -960.938 -601.562 -195.312 -984.375 -546.875 -125.000 -1078.125 -273.438 -226.562 -1085.938 -257.812 -7.812
-914.062 -85.938 -953.125 -1070.312 -515.625 -210.938 -1054.688 -523.438 -164.062 -1195.312 -296.875 -265.625 -1187.500 -289.062 -85.938
-914.062 -85.938 -953.125 -1070.312 -515.625 -210.938 -1054.688 -523.438 -164.062 -1195.312 -296.875 -265.625 -1187.500 -289.062 -85.938
-960.938 -78.125 -1109.375 -1023.438 -515.625 -234.375 -1070.312 -460.938 -250.000 -1226.562 -226.562 -304.688 -1328.125 -312.500 -117.188
-929.688 -117.188 -1109.375 -960.938 -554.688 -210.938 -1085.938 -476.562 -296.875 -1250.000 -187.500 -375.000 -1335.938 -312.500 -140.625
-929.688 -117.188 -1109.375 -960.938 -554.688 -210.938 -1085.938 -476.562 -296.875 -1250.000 -187.500 -375.000 -1335.938 -312.500 -140.625
-773.438 -85.938 -984.375 -843.750 -554.688 -148.438 -843.750 -523.438 -218.750 -1062.500 -203.125 -390.625 -1179.688 -320.312 -156.250
-773.438 -85.938 -984.375 -843.750 -554.688 -148.438 -843.750 -523.438 -218.750 -1062.500 -203.125 -390.625 -1179.688 -320.312 -156.250
-703.125 -109.375 -945.312 -781.250 -515.625 -117.188 -656.250 -500.000 -78.125 -1039.062 -328.125 -312.500 -1039.062 -382.812 -164.062
-734.375 -171.875 -914.062 -664.062 -539.062 -7.812 -523.438 -476.562 23.438 -1000.000 -382.812 -273.438 -703.125 -453.125 -70.312
-734.375 -171.875 -914.062 -664.062 -539.062 -7.812 -523.438 -476.562 23.438 -1000.000 -382.812 -273.438 -703.125 -453.125 -70.312
-726.562 -304.688 -1007.812 -515.625 -742.188 39.062 -476.562 -476.562 -156.250 -929.688 -218.750 -328.125 -664.062 -242.188 203.125
-726.562 -304.688 -1007.812 -515.625 -742.188 39.062 -476.562 -476.562 -156.250 -929.688 -218.750 -328.125 -664.062 -242.188 203.125
-734.375 -468.750 -1054.688 -398.438 -671.875 62.500 -273.438 -523.438 -85.938 -421.875 -125.000 -382.812 -507.812 62.500 304.688
-734.375 -648.438 -1031.250 -210.938 -304.688 148.438 -7.812 -640.625 390.625 -117.188 -226.562 148.438 -523.438 93.750 218.750
-734.375 -648.438 -1031.250 -210.938 -304.688 148.438 -7.812 -640.625 390.625 -117.188 -226.562 148.438 -523.438 93.750 218.750
-695.312 -593.750 -953.125 -179.688 -445.312 125.000 15.625 -570.312 523.438 -93.750 -312.500 367.188 -398.438 -23.438 164.062
-687.500 -328.125 -843.750 101.562 -390.625 218.750 148.438 -62.500 890.625 335.938 -359.375 1132.812 54.688 -171.875 312.500
-687.500 -328.125 -843.750 101.562 -390.625 218.750 148.438 -62.500 890.625 335.938 -359.375 1132.812 54.688 -171.875 312.500
-648.438 -234.375 -796.875 328.125 -687.500 617.188 343.750 -375.000 1093.750 585.938 -335.938 1265.625 554.688 101.562 789.062
-648.438 -234.375 -796.875 328.125 -687.500 617.188 343.750 -375.000 1093.750 585.938 -335.938 1265.625 554.688 101.562 789.062
-656.250 -242.188 -796.875 328.125 -617.188 734.375 359.375 -585.938 1148.438 437.500 -585.938 1078.125 789.062 156.250 953.125
-523.438 -226.562 -625.000 179.688 -835.938 875.000 226.562 -656.250 1062.500 234.375 -578.125 890.625 937.500 -164.062 1406.250
-523.438 -226.562 -625.000 179.688 -835.938 875.000 226.562 -656.250 1062.500 234.375 -578.125 890.625 937.500 -164.062 1406.250
-460.938 -281.250 -523.438 -39.062 -750.000 632.812 54.688 -687.500 945.312 93.750 -429.688 882.812 843.750 -85.938 1570.312
-648.438 -335.938 -726.562 -445.312 -937.500 390.625 -390.625 -539.062 593.750 -375.000 -140.625 890.625 -46.875 406.250 1726.562
-648.438 -335.938 -726.562 -445.312 -937.500 390.625 -390.625 -539.062 593.750 -375.000 -140.625 890.625 -46.875 406.250 1726.562
-609.375 -273.438 -531.250 -593.750 -742.188 531.250 -531.250 -445.312 1070.312 -609.375 -796.875 1171.875 -796.875 23.438 1367.188
-609.375 -273.438 -531.250 -593.750 -742.188 531.250 -531.250 -445.312 1070.312 -609.375 -796.875 1171.875 -796.875 23.438 1367.188
-78.125 -54.688 148.438 -335.938 -1007.812 984.375 -500.000 -703.125 1484.375 -710.938 -1046.875 1320.312 -843.750 -296.875 1234.375
-570.312 312.500 -117.188 -1023.438 -1304.688 515.625 -1054.688 -757.812 757.812 -1070.312 -640.625 906.250 -843.750 -148.438 1273.438
-570.312 312.500 -117.188 -1023.438 -1304.688 515.625 -1054.688 -757.812 757.812 -1070.312 -640.625 906.250 -843.750 -148.438 1273.438
-914.062 171.875 -445.312 -1320.312 -867.188 234.375 -1289.062 -937.500 460.938 -1234.375 -695.312 625.000 -882.812 -179.688 1226.562
-960.938 250.000 -398.438 -1304.688 -1000.000 273.438 -1164.062 -1046.875 492.188 -1187.500 -851.562 507.812 -882.812 -328.125 1031.250
-781.250 554.688 -218.750 -1226.562 -1234.375 320.312 -1031.250 -1078.125 523.438 -976.562 -960.938 531.250 -781.250 -468.750 804.688
-882.812 578.125 -375.000 -1125.000 -1007.812 242.188 -945.312 -953.125 523.438 -843.750 -921.875 562.500 -609.375 -453.125 921.875
-882.812 578.125 -375.000 -1125.000 -1007.812 242.188 -945.312 -953.125 523.438 -843.750 -921.875 562.500 -609.375 -453.125 921.875
-890.625 507.812 -437.500 -1015.625 -929.688 242.188 -843.750 -882.812 523.438 -804.688 -828.125 617.188 -515.625 -390.625 1031.250
-820.312 437.500 -476.562 -703.125 -898.438 257.812 -523.438 -742.188 625.000 -414.062 -695.312 750.000 -250.000 -218.750 1078.125
-820.312 437.500 -476.562 -703.125 -898.438 257.812 -523.438 -742.188 625.000 -414.062 -695.312 750.000 -250.000 -218.750 1078.125
-867.188 367.188 -546.875 -570.312 -843.750 289.062 -421.875 -703.125 640.625 -296.875 -679.688 757.812 -164.062 -234.375 1054.688
-867.188 351.562 -609.375 -437.500 -828.125 296.875 -296.875 -679.688 625.000 -242.188 -671.875 726.562 -140.625 -250.000 992.188
-851.562 320.312 -640.625 -320.312 -820.312 320.312 -195.312 -664.062 648.438 -164.062 -648.438 710.938 -85.938 -210.938 953.125
-812.500 164.062 -648.438 -140.625 -789.062 375.000 -78.125 -585.938 679.688 -39.062 -570.312 765.625 15.625 -125.000 984.375
-812.500 164.062 -648.438 -140.625 -789.062 375.000 -78.125 -585.938 679.688 -39.062 -570.312 765.625 15.625 -125.000 984.375
-757.812 93.750 -664.062 -70.312 -757.812 406.250 -31.250 -539.062 703.125 -15.625 -531.250 789.062 39.062 -93.750 1015.625
-734.375 7.812 -664.062 -31.250 -710.938 437.500 -15.625 -492.188 734.375 -15.625 -484.375 804.688 7.812 -46.875 1007.812
-734.375 7.812 -664.062 -31.250 -710.938 437.500 -15.625 -492.188 734.375 -15.625 -484.375 804.688 7.812 -46.875 1007.812
-734.375 -7.812 -656.250 -46.875 -687.500 437.500 -39.062 -468.750 726.562 -39.062 -484.375 812.500 -7.812 -39.062 1015.625
-734.375 -7.812 -656.250 -46.875 -687.500 437.500 -39.062 -468.750 726.562 -39.062 -484.375 812.500 -7.812 -39.062 1015.625
-734.375 7.812 -632.812 -125.000 -695.312 429.688 -101.562 -484.375 710.938 -101.562 -484.375 796.875 -46.875 -39.062 984.375
-750.000 54.688 -593.750 -289.062 -718.750 421.875 -226.562 -523.438 687.500 -203.125 -507.812 773.438 -101.562 -62.500 992.188
-750.000 54.688 -593.750 -289.062 -718.750 421.875 -226.562 -523.438 687.500 -203.125 -507.812 773.438 -101.562 -62.500 992.188
-742.188 78.125 -570.312 -343.750 -734.375 398.438 -273.438 -539.062 671.875 -257.812 -515.625 765.625 -140.625 -78.125 992.188
-734.375 85.938 -515.625 -453.125 -742.188 375.000 -390.625 -570.312 640.625 -359.375 -539.062 742.188 -203.125 -93.750 984.375
-734.375 85.938 -515.625 -453.125 -742.188 375.000 -390.625 -570.312 640.625 -359.375 -539.062 742.188 -203.125 -93.750 984.375
-734.375 93.750 -500.000 -500.000 -757.812 375.000 -437.500 -578.125 625.000 -406.250 -546.875 726.562 -234.375 -117.188 976.562
-734.375 93.750 -500.000 -500.000 -757.812 375.000 -437.500 -578.125 625.000 -406.250 -546.875 726.562 -234.375 -117.188 976.562
-734.375 117.188 -492.188 -539.062 -773.438 359.375 -468.750 -601.562 632.812 -414.062 -570.312 726.562 -242.188 -117.188 976.562
-773.438 109.375 -500.000 -546.875 -820.312 390.625 -453.125 -625.000 664.062 -382.812 -578.125 750.000 -218.750 -109.375 1015.625
-773.438 109.375 -500.000 -546.875 -820.312 390.625 -453.125 -625.000 664.062 -382.812 -578.125 750.000 -218.750 -109.375 1015.625
-789.062 101.562 -523.438 -515.625 -843.750 398.438 -421.875 -640.625 687.500 -351.562 -578.125 773.438 -195.312 -109.375 1007.812
-812.500 46.875 -554.688 -453.125 -859.375 429.688 -382.812 -640.625 710.938 -320.312 -601.562 789.062 -195.312 -125.000 1007.812
-812.500 46.875 -554.688 -453.125 -859.375 429.688 -382.812 -640.625 710.938 -320.312 -601.562 789.062 -195.312 -125.000 1007.812
-796.875 7.812 -562.500 -437.500 -875.000 445.312 -351.562 -648.438 734.375 -281.250 -585.938 796.875 -164.062 -117.188 1015.625
-796.875 7.812 -562.500 -437.500 -875.000 445.312 -351.562 -648.438 734.375 -281.250 -585.938 796.875 -164.062 -117.188 1015.625
-789.062 -85.938 -562.500 -390.625 -992.188 531.250 -312.500 -703.125 781.250 -250.000 -609.375 835.938 -164.062 -125.000 1062.500
-812.500 -195.312 -593.750 -421.875 -1054.688 507.812 -351.562 -750.000 789.062 -281.250 -648.438 835.938 -187.500 -148.438 1046.875
-765.625 -187.500 -585.938 -242.188 -1093.750 562.500 -273.438 -726.562 898.438 -187.500 -656.250 914.062 -132.812 -148.438 1093.750
-765.625 -187.500 -585.938 -242.188 -1093.750 562.500 -273.438 -726.562 898.438 -187.500 -656.250 914.062 -132.812 -148.438 1093.750
-851.562 -234.375 -625.000 -351.562 -1234.375 695.312 -351.562 -812.500 937.500 -250.000 -750.000 937.500 -156.250 -187.500 1140.625
-851.562 -234.375 -625.000 -351.562 -1234.375 695.312 -351.562 -812.500 937.500 -250.000 -750.000 937.500 -156.250 -187.500 1140.625
-953.125 -210.938 -867.188 -414.062 -1203.125 500.000 -125.000 -757.812 984.375 -171.875 -804.688 968.750 -179.688 -226.562 1125.000
-953.125 -210.938 -867.188 -414.062 -1203.125 500.000 -125.000 -757.812 984.375 -171.875 -804.688 968.750 -179.688 -226.562 1125.000
-578.125 -31.250 -445.312 -500.000 -1148.438 375.000 -125.000 -468.750 1023.438 -117.188 -859.375 1164.062 78.125 -320.312 1281.250
-726.562 -390.625 -554.688 -437.500 -843.750 585.938 -257.812 -843.750 1070.312 -312.500 -828.125 1000.000 -93.750 -164.062 1296.875
-726.562 -390.625 -554.688 -437.500 -843.750 585.938 -257.812 -843.750 1070.312 -312.500 -828.125 1000.000 -93.750 -164.062 1296.875
-859.375 -523.438 -515.625 -265.625 -906.250 429.688 -312.500 -476.562 906.250 -390.625 -734.375 960.938 -265.625 -257.812 1164.062
-679.688 343.750 -609.375 -554.688 -554.688 164.062 -375.000 -500.000 687.500 -375.000 -296.875 851.562 -359.375 -109.375 1156.250
-679.688 343.750 -609.375 -554.688 -554.688 164.062 -375.000 -500.000 687.500 -375.000 -296.875 851.562 -359.375 -109.375 1156.250
-671.875 476.562 -562.500 -375.000 -703.125 320.312 -281.250 -390.625 617.188 -203.125 -140.625 773.438 -476.562 226.562 1320.312
-671.875 476.562 -562.500 -375.000 -703.125 320.312 -281.250 -390.625 617.188 -203.125 -140.625 773.438 -476.562 226.562 1320.312
-937.500 148.438 -843.750 -429.688 -164.062 304.688 -515.625 -539.062 609.375 -492.188 -781.250 554.688 -429.688 -398.438 757.812
-1101.562 -156.250 -1132.812 -468.750 -429.688 203.125 -398.438 -218.750 343.750 -398.438 -125.000 515.625 -476.562 390.625 1015.625
-1101.562 -156.250 -1132.812 -468.750 -429.688 203.125 -398.438 -218.750 343.750 -398.438 -125.000 515.625 -476.562 390.625 1015.625
-984.375 -148.438 -953.125 -515.625 -335.938 164.062 -453.125 -296.875 312.500 -507.812 -265.625 445.312 -328.125 242.188 984.375
-984.375 -148.438 -953.125 -515.625 -335.938 164.062 -453.125 -296.875 312.500 -507.812 -265.625 445.312 -328.125 242.188 984.375
-679.688 -242.188 -703.125 -492.188 -367.188 242.188 -406.250 -382.812 343.750 -500.000 -140.625 414.062 -187.500 210.938 976.562
-718.750 -203.125 -671.875 -484.375 -367.188 281.250 -460.938 -507.812 312.500 -601.562 -85.938 320.312 -132.812 132.812 921.875
-718.750 -203.125 -671.875 -484.375 -367.188 281.250 -460.938 -507.812 312.500 -601.562 -85.938 320.312 -132.812 132.812 921.875
-976.562 -85.938 -750.000 -578.125 -460.938 164.062 -781.250 -343.750 187.500 -781.250 -390.625 226.562 -39.062 -78.125 656.250
-1054.688 -125.000 -726.562 -757.812 -578.125 85.938 -804.688 -515.625 15.625 -757.812 -343.750 54.688 -406.250 -195.312 257.812
-1054.688 -125.000 -726.562 -757.812 -578.125 85.938 -804.688 -515.625 15.625 -757.812 -343.750 54.688 -406.250 -195.312 257.812
-1054.688 -93.750 -695.312 -796.875 -554.688 31.250 -828.125 -523.438 23.438 -820.312 -460.938 -7.812 -703.125 -265.625 93.750
-1054.688 -93.750 -695.312 -796.875 -554.688 31.250 -828.125 -523.438 23.438 -820.312 -460.938 -7.812 -703.125 -265.625 93.750
-976.562 -54.688 -554.688 -851.562 -601.562 -15.625 -718.750 -632.812 70.312 -921.875 -492.188 -39.062 -1093.750 -281.250 -78.125
-937.500 -23.438 -453.125 -820.312 -632.812 31.250 -757.812 -703.125 78.125 -968.750 -531.250 -23.438 -1195.312 -328.125 -132.812
-937.500 -23.438 -453.125 -820.312 -632.812 31.250 -757.812 -703.125 78.125 -968.750 -531.250 -23.438 -1195.312 -328.125 -132.812
-859.375 46.875 -320.312 -765.625 -757.812 85.938 -789.062 -734.375 54.688 -937.500 -617.188 -31.250 -1140.625 -414.062 -54.688
-898.438 -78.125 -359.375 -812.500 -789.062 46.875 -765.625 -742.188 -15.625 -882.812 -562.500 -109.375 -859.375 -359.375 140.625
-898.438 -78.125 -359.375 -812.500 -789.062 46.875 -765.625 -742.188 -15.625 -882.812 -562.500 -109.375 -859.375 -359.375 140.625
-968.750 -187.500 -429.688 -828.125 -734.375 -15.625 -781.250 -726.562 -70.312 -828.125 -507.812 -125.000 -804.688 -320.312 195.312
-968.750 -187.500 -429.688 -828.125 -734.375 -15.625 -781.250 -726.562 -70.312 -828.125 -507.812 -125.000 -804.688 -320.312 195.312
-929.688 -390.625 -453.125 -843.750 -687.500 -109.375 -765.625 -656.250 -101.562 -859.375 -453.125 -117.188 -859.375 -296.875 179.688
-890.625 -406.250 -406.250 -882.812 -695.312 -156.250 -796.875 -640.625 -140.625 -1023.438 -390.625 -117.188 -945.312 -359.375 195.312
-890.625 -406.250 -406.250 -882.812 -695.312 -156.250 -796.875 -640.625 -140.625 -1023.438 -390.625 -117.188 -945.312 -359.375 195.312
-828.125 -273.438 -328.125 -882.812 -632.812 -117.188 -851.562 -546.875 -179.688 -1015.625 -281.250 -125.000 -984.375 -289.062 296.875
-828.125 -273.438 -328.125 -882.812 -632.812 -117.188 -851.562 -546.875 -179.688 -1015.625 -281.250 -125.000 -984.375 -289.062 296.875
-796.875 -187.500 -312.500 -812.500 -570.312 -70.312 -820.312 -476.562 -125.000 -1023.438 -265.625 -93.750 -960.938 -257.812 359.375
-789.062 -187.500 -312.500 -765.625 -484.375 -54.688 -812.500 -445.312 -70.312 -992.188 -234.375 -54.688 -945.312 -218.750 335.938
-789.062 -187.500 -312.500 -765.625 -484.375 -54.688 -812.500 -445.312 -70.312 -992.188 -234.375 -54.688 -945.312 -218.750 335.938
-750.000 -140.625 -250.000 -742.188 -476.562 -46.875 -820.312 -390.625 -78.125 -984.375 -203.125 -70.312 -1000.000 -187.500 296.875
-773.438 -117.188 -257.812 -757.812 -445.312 -31.250 -812.500 -390.625 -117.188 -1000.000 -203.125 -101.562 -992.188 -148.438 281.250
-773.438 -117.188 -257.812 -757.812 -445.312 -31.250 -812.500 -390.625 -117.188 -1000.000 -203.125 -101.562 -992.188 -148.438 281.250
-835.938 -140.625 -296.875 -718.750 -523.438 -39.062 -812.500 -398.438 -117.188 -945.312 -187.500 -109.375 -960.938 -132.812 257.812
-835.938 -140.625 -296.875 -718.750 -523.438 -39.062 -812.500 -398.438 -117.188 -945.312 -187.500 -109.375 -960.938 -132.812 257.812
-835.938 -179.688 -304.688 -710.938 -515.625 -7.812 -757.812 -437.500 -31.250 -914.062 -265.625 -39.062 -937.500 -171.875 265.625
-828.125 -203.125 -296.875 -703.125 -523.438 23.438 -757.812 -484.375 0.000 -914.062 -281.250 -15.625 -921.875 -203.125 281.250
-828.125 -203.125 -296.875 -703.125 -523.438 23.438 -757.812 -484.375 0.000 -914.062 -281.250 -15.625 -921.875 -203.125 281.250
-773.438 -250.000 -234.375 -687.500 -765.625 78.125 -757.812 -437.500 -39.062 -929.688 -304.688 -7.812 -898.438 -187.500 312.500
-742.188 -304.688 -210.938 -687.500 -718.750 85.938 -781.250 -468.750 -39.062 -921.875 -320.312 -15.625 -914.062 -203.125 328.125
-742.188 -304.688 -210.938 -687.500 -718.750 85.938 -781.250 -468.750 -39.062 -921.875 -320.312 -15.625 -914.062 -203.125 328.125
-718.750 -429.688 -218.750 -664.062 -710.938 140.625 -750.000 -515.625 -23.438 -906.250 -351.562 0.000 -890.625 -234.375 312.500
-718.750 -429.688 -218.750 -664.062 -710.938 140.625 -750.000 -515.625 -23.438 -906.250 -351.562 0.000 -890.625 -234.375 312.500
-726.562 -445.312 -257.812 -640.625 -929.688 156.250 -765.625 -445.312 -54.688 -914.062 -375.000 -7.812 -882.812 -242.188 281.250
-750.000 -476.562 -257.812 -703.125 -867.188 132.812 -804.688 -421.875 -62.500 -921.875 -375.000 -23.438 -898.438 -226.562 257.812
-750.000 -476.562 -257.812 -703.125 -867.188 132.812 -804.688 -421.875 -62.500 -921.875 -375.000 -23.438 -898.438 -226.562 257.812
-765.625 -554.688 -328.125 -664.062 -757.812 140.625 -812.500 -445.312 -132.812 -953.125 -351.562 -85.938 -937.500 -250.000 226.562
-789.062 -554.688 -359.375 -703.125 -648.438 132.812 -812.500 -539.062 -187.500 -929.688 -304.688 -164.062 -945.312 -257.812 195.312
-789.062 -554.688 -359.375 -703.125 -648.438 132.812 -812.500 -539.062 -187.500 -929.688 -304.688 -164.062 -945.312 -257.812 195.312
-828.125 -492.188 -406.250 -796.875 -476.562 70.312 -906.250 -476.562 -296.875 -1007.812 -304.688 -242.188 -960.938 -218.750 132.812
-828.125 -492.188 -406.250 -796.875 -476.562 70.312 -906.250 -476.562 -296.875 -1007.812 -304.688 -242.188 -960.938 -218.750 132.812
-851.562 -351.562 -421.875 -843.750 -515.625 46.875 -898.438 -351.562 -320.312 -1023.438 -289.062 -242.188 -1015.625 -234.375 109.375
-867.188 -335.938 -445.312 -843.750 -468.750 31.250 -851.562 -437.500 -335.938 -1023.438 -234.375 -257.812 -1031.250 -226.562 132.812
-867.188 -335.938 -445.312 -843.750 -468.750 31.250 -851.562 -437.500 -335.938 -1023.438 -234.375 -257.812 -1031.250 -226.562 132.812
-921.875 -273.438 -507.812 -781.250 -523.438 54.688 -820.312 -335.938 -304.688 -1062.500 -265.625 -242.188 -1015.625 -226.562 164.062
-945.312 -250.000 -546.875 -789.062 -515.625 62.500 -812.500 -320.312 -351.562 -1078.125 -265.625 -203.125 -1007.812 -210.938 187.500
-945.312 -250.000 -546.875 -789.062 -515.625 62.500 -812.500 -320.312 -351.562 -1078.125 -265.625 -203.125 -1007.812 -210.938 187.500
-1039.062 -312.500 -632.812 -804.688 -421.875 46.875 -789.062 -343.750 -351.562 -1046.875 -171.875 -226.562 -1015.625 -179.688 250.000
-1039.062 -312.500 -632.812 -804.688 -421.875 46.875 -789.062 -343.750 -351.562 -1046.875 -171.875 -226.562 -1015.625 -179.688 250.000
-984.375 -210.938 -609.375 -718.750 -437.500 93.750 -812.500 -531.250 -343.750 -1062.500 -164.062 -171.875 -968.750 -148.438 265.625
-945.312 -164.062 -593.750 -750.000 -468.750 93.750 -789.062 -382.812 -359.375 -1007.812 -250.000 -179.688 -1000.000 -179.688 265.625
-945.312 -164.062 -593.750 -750.000 -468.750 93.750 -789.062 -382.812 -359.375 -1007.812 -250.000 -179.688 -1000.000 -179.688 265.625
-968.750 -304.688 -625.000 -539.062 -796.875 109.375 -570.312 -359.375 39.062 -1078.125 -31.250 -195.312 -929.688 -195.312 335.938
-921.875 -296.875 -585.938 -656.250 -343.750 164.062 -867.188 -523.438 -390.625 -984.375 -187.500 -203.125 -906.250 -148.438 367.188
-921.875 -296.875 -585.938 -656.250 -343.750 164.062 -867.188 -523.438 -390.625 -984.375 -187.500 -203.125 -906.250 -148.438 367.188
-718.750 -125.000 -414.062 -539.062 -757.812 304.688 -804.688 -679.688 -421.875 -906.250 -195.312 -101.562 -828.125 -148.438 398.438
-718.750 -125.000 -414.062 -539.062 -757.812 304.688 -804.688 -679.688 -421.875 -906.250 -195.312 -101.562 -828.125 -148.438 398.438
-703.125 -117.188 -382.812 -460.938 -875.000 328.125 -757.812 -695.312 -390.625 -945.312 -289.062 -23.438 -812.500 -109.375 429.688
-742.188 -195.312 -429.688 -484.375 -1062.500 390.625 -773.438 -617.188 -414.062 -898.438 -273.438 54.688 -789.062 -117.188 453.125
-742.188 -195.312 -429.688 -484.375 -1062.500 390.625 -773.438 -617.188 -414.062 -898.438 -273.438 54.688 -789.062 -117.188 453.125
-875.000 -242.188 -531.250 -500.000 -1070.312 367.188 -765.625 -664.062 -382.812 -1054.688 -343.750 23.438 -765.625 -148.438 507.812
-898.438 -187.500 -523.438 -460.938 -1070.312 382.812 -757.812 -742.188 -398.438 -1039.062 -359.375 31.250 -781.250 -203.125 523.438
-898.438 -187.500 -523.438 -460.938 -1070.312 382.812 -757.812 -742.188 -398.438 -1039.062 -359.375 31.250 -781.250 -203.125 523.438
-789.062 -195.312 -453.125 -484.375 -1148.438 414.062 -750.000 -804.688 -414.062 -1054.688 -515.625 15.625 -765.625 -359.375 492.188
-789.062 -195.312 -453.125 -484.375 -1148.438 414.062 -750.000 -804.688 -414.062 -1054.688 -515.625 15.625 -765.625 -359.375 492.188
-789.062 -460.938 -484.375 -632.812 -1007.812 210.938 -804.688 -734.375 -500.000 -1000.000 -492.188 15.625 -742.188 -375.000 460.938
-820.312 -531.250 -468.750 -625.000 -898.438 242.188 -687.500 -835.938 -421.875 -843.750 -453.125 54.688 -695.312 -351.562 460.938
-820.312 -531.250 -468.750 -625.000 -898.438 242.188 -687.500 -835.938 -421.875 -843.750 -453.125 54.688 -695.312 -351.562 460.938
-687.500 -398.438 -398.438 -335.938 -1031.250 523.438 -562.500 -1062.500 -234.375 -726.562 -585.938 289.062 -617.188 -328.125 515.625
-710.938 -328.125 -414.062 -375.000 -921.875 531.250 -570.312 -1062.500 -70.312 -640.625 -609.375 453.125 -562.500 -359.375 570.312
-710.938 -328.125 -414.062 -375.000 -921.875 531.250 -570.312 -1062.500 -70.312 -640.625 -609.375 453.125 -562.500 -359.375 570.312
-851.562 -320.312 -546.875 -562.500 -742.188 289.062 -585.938 -781.250 -7.812 -468.750 -289.062 765.625 -437.500 -85.938 734.375
-851.562 -320.312 -546.875 -562.500 -742.188 289.062 -585.938 -781.250 -7.812 -468.750 -289.062 765.625 -437.500 -85.938 734.375
-820.312 -359.375 -539.062 -328.125 -882.812 437.500 -476.562 -742.188 93.750 -406.250 -39.062 953.125 -234.375 125.000 1093.750
-742.188 -335.938 -484.375 -437.500 -757.812 546.875 -617.188 -789.062 117.188 -453.125 -46.875 937.500 -148.438 85.938 1234.375
-742.188 -335.938 -484.375 -437.500 -757.812 546.875 -617.188 -789.062 117.188 -453.125 -46.875 937.500 -148.438 85.938 1234.375
-773.438 -375.000 -507.812 -476.562 -562.500 406.250 -625.000 -617.188 156.250 -625.000 -23.438 921.875 -140.625 117.188 1328.125
-773.438 -351.562 -539.062 -468.750 -632.812 445.312 -640.625 -593.750 62.500 -664.062 39.062 851.562 -187.500 187.500 1304.688
-773.438 -351.562 -539.062 -468.750 -632.812 445.312 -640.625 -593.750 62.500 -664.062 39.062 851.562 -187.500 187.500 1304.688
-750.000 -304.688 -523.438 -539.062 -554.688 429.688 -695.312 -617.188 -7.812 -789.062 -39.062 648.438 -304.688 70.312 1140.625
-750.000 -304.688 -523.438 -539.062 -554.688 429.688 -695.312 -617.188 -7.812 -789.062 -39.062 648.438 -304.688 70.312 1140.625
-765.625 -218.750 -531.250 -617.188 -507.812 359.375 -750.000 -593.750 -101.562 -851.562 -93.750 546.875 -476.562 46.875 976.562
-765.625 -164.062 -523.438 -632.812 -585.938 398.438 -750.000 -625.000 -140.625 -898.438 -109.375 507.812 -523.438 85.938 914.062
-765.625 -164.062 -523.438 -632.812 -585.938 398.438 -750.000 -625.000 -140.625 -898.438 -109.375 507.812 -523.438 85.938 914.062
-773.438 -93.750 -500.000 -671.875 -601.562 359.375 -757.812 -664.062 -156.250 -890.625 -218.750 492.188 -546.875 -46.875 859.375
-773.438 -93.750 -500.000 -671.875 -601.562 359.375 -757.812 -664.062 -156.250 -890.625 -218.750 492.188 -546.875 -46.875 859.375
-789.062 -109.375 -500.000 -664.062 -632.812 367.188 -750.000 -718.750 -171.875 -875.000 -250.000 500.000 -539.062 -70.312 851.562
-765.625 -156.250 -500.000 -640.625 -687.500 359.375 -734.375 -765.625 -187.500 -828.125 -273.438 562.500 -523.438 -101.562 875.000
-765.625 -156.250 -500.000 -640.625 -687.500 359.375 -734.375 -765.625 -187.500 -828.125 -273.438 562.500 -523.438 -101.562 875.000
-765.625 -156.250 -492.188 -578.125 -718.750 375.000 -695.312 -781.250 -117.188 -765.625 -242.188 687.500 -429.688 -101.562 960.938
-757.812 -187.500 -546.875 -585.938 -726.562 351.562 -687.500 -750.000 -132.812 -726.562 -210.938 687.500 -398.438 -46.875 1000.000
-757.812 -187.500 -546.875 -585.938 -726.562 351.562 -687.500 -750.000 -132.812 -726.562 -210.938 687.500 -398.438 -46.875 1000.000
-968.750 -414.062 -734.375 -726.562 -648.438 109.375 -734.375 -515.625 -70.312 -632.812 -78.125 757.812 -335.938 125.000 1000.000
-968.750 -414.062 -734.375 -726.562 -648.438 109.375 -734.375 -515.625 -70.312 -632.812 -78.125 757.812 -335.938 125.000 1000.000
-960.938 -445.312 -734.375 -734.375 -734.375 195.312 -757.812 -609.375 -78.125 -648.438 -23.438 757.812 -304.688 210.938 1000.000
-796.875 -570.312 -664.062 -578.125 -648.438 328.125 -734.375 -679.688 -54.688 -718.750 -125.000 671.875 -367.188 62.500 890.625
-796.875 -570.312 -664.062 -578.125 -648.438 328.125 -734.375 -679.688 -54.688 -718.750 -125.000 671.875 -367.188 62.500 890.625
-789.062 -460.938 -648.438 -437.500 -585.938 453.125 -703.125 -671.875 62.500 -718.750 -132.812 593.750 -421.875 0.000 781.250
-820.312 -250.000 -664.062 -476.562 -601.562 445.312 -718.750 -671.875 70.312 -765.625 -70.312 601.562 -398.438 39.062 796.875
-820.312 -250.000 -664.062 -476.562 -601.562 445.312 -718.750 -671.875 70.312 -765.625 -70.312 601.562 -398.438 39.062 796.875
-828.125 -187.500 -648.438 -507.812 -640.625 414.062 -710.938 -656.250 31.250 -718.750 -39.062 640.625 -242.188 140.625 960.938
-828.125 -187.500 -648.438 -507.812 -640.625 414.062 -710.938 -656.250 31.250 -718.750 -39.062 640.625 -242.188 140.625 960.938
-796.875 -273.438 -625.000 -445.312 -578.125 429.688 -695.312 -632.812 70.312 -703.125 -31.250 695.312 -218.750 109.375 1031.250
-726.562 -289.062 -578.125 -312.500 -78.125 328.125 -687.500 -929.688 -31.250 -578.125 -7.812 695.312 -187.500 179.688 1109.375
-726.562 -289.062 -578.125 -312.500 -78.125 328.125 -687.500 -929.688 -31.250 -578.125 -7.812 695.312 -187.500 179.688 1109.375
-734.375 -39.062 -562.500 -132.812 -804.688 328.125 -828.125 -617.188 39.062 -851.562 -375.000 601.562 -500.000 -156.250 953.125
-734.375 -39.062 -562.500 -132.812 -804.688 328.125 -828.125 -617.188 39.062 -851.562 -375.000 601.562 -500.000 -156.250 953.125
-789.062 -156.250 -617.188 -367.188 85.938 398.438 -914.062 -539.062 -164.062 -773.438 -195.312 609.375 -515.625 -23.438 867.188
-804.688 -117.188 -562.500 -726.562 -85.938 703.125 -914.062 -1000.000 -343.750 -835.938 -273.438 562.500 -468.750 7.812 882.812
-804.688 -117.188 -562.500 -726.562 -85.938 703.125 -914.062 -1000.000 -343.750 -835.938 -273.438 562.500 -468.750 7.812 882.812
-781.250 -23.438 -562.500 -601.562 695.312 781.250 -843.750 -960.938 -273.438 -976.562 -429.688 507.812 -492.188 -218.750 882.812
-734.375 -234.375 -578.125 -882.812 570.312 -453.125 -867.188 -1320.312 218.750 -859.375 -429.688 593.750 -601.562 -171.875 796.875
-734.375 -234.375 -578.125 -882.812 570.312 -453.125 -867.188 -1320.312 218.750 -859.375 -429.688 593.750 -601.562 -171.875 796.875
-570.312 -320.312 -460.938 -515.625 -2687.500 -1460.938 -945.312 -632.812 320.312 -578.125 164.062 742.188 -398.438 414.062 812.500
-570.312 -320.312 -460.938 -515.625 -2687.500 -1460.938 -945.312 -632.812 320.312 -578.125 164.062 742.188 -398.438 414.062 812.500
-546.875 -312.500 -445.312 -1460.938 -2007.812 -1015.625 -625.000 15.625 265.625 -500.000 289.062 820.312 -210.938 507.812 898.438
-671.875 -742.188 -500.000 -1195.312 -1195.312 -742.188 -781.250 -281.250 140.625 -492.188 93.750 960.938 46.875 187.500 1164.062
-671.875 -742.188 -500.000 -1195.312 -1195.312 -742.188 -781.250 -281.250 140.625 -492.188 93.750 960.938 46.875 187.500 1164.062
-742.188 -945.312 -546.875 -601.562 -1062.500 -320.312 -750.000 -531.250 54.688 -523.438 -164.062 984.375 93.750 -93.750 1234.375
-695.312 -875.000 -523.438 -250.000 -851.562 78.125 -718.750 -695.312 39.062 -546.875 -250.000 960.938 85.938 -187.500 1242.188
-687.500 -523.438 -539.062 -125.000 -804.688 250.000 -703.125 -765.625 125.000 -531.250 -218.750 875.000 -23.438 -93.750 1171.875
-734.375 -226.562 -578.125 -234.375 -1132.812 343.750 -726.562 -726.562 335.938 -687.500 93.750 656.250 -328.125 296.875 859.375
-734.375 -226.562 -578.125 -234.375 -1132.812 343.750 -726.562 -726.562 335.938 -687.500 93.750 656.250 -328.125 296.875 859.375
-750.000 -359.375 -609.375 -398.438 -1125.000 242.188 -750.000 -640.625 343.750 -664.062 7.812 687.500 -398.438 226.562 781.250
-750.000 -679.688 -625.000 -476.562 -1070.312 85.938 -773.438 -460.938 187.500 -562.500 -101.562 820.312 -203.125 62.500 921.875
-750.000 -679.688 -625.000 -476.562 -1070.312 85.938 -773.438 -460.938 187.500 -562.500 -101.562 820.312 -203.125 62.500 921.875
-703.125 -718.750 -578.125 -453.125 -1093.750 85.938 -796.875 -429.688 109.375 -531.250 -46.875 867.188 -117.188 62.500 1039.062
-664.062 -648.438 -539.062 -453.125 -1046.875 93.750 -812.500 -445.312 93.750 -570.312 0.000 843.750 -62.500 85.938 1117.188
-671.875 -523.438 -562.500 -476.562 -984.375 93.750 -828.125 -484.375 93.750 -648.438 46.875 773.438 -54.688 140.625 1125.000
-765.625 -335.938 -593.750 -468.750 -906.250 101.562 -843.750 -460.938 140.625 -648.438 132.812 726.562 -109.375 234.375 1046.875
-765.625 -335.938 -593.750 -468.750 -906.250 101.562 -843.750 -460.938 140.625 -648.438 132.812 726.562 -109.375 234.375 1046.875
-750.000 -312.500 -570.312 -484.375 -882.812 78.125 -843.750 -429.688 171.875 -625.000 140.625 765.625 -93.750 257.812 1046.875
-695.312 -398.438 -507.812 -468.750 -820.312 39.062 -812.500 -398.438 203.125 -585.938 132.812 843.750 -39.062 250.000 1117.188
-695.312 -398.438 -507.812 -468.750 -820.312 39.062 -812.500 -398.438 203.125 -585.938 132.812 843.750 -39.062 250.000 1117.188
-679.688 -437.500 -492.188 -484.375 -789.062 39.062 -812.500 -406.250 234.375 -585.938 140.625 843.750 -23.438 242.188 1125.000
-679.688 -437.500 -492.188 -484.375 -789.062 39.062 -812.500 -406.250 234.375 -585.938 140.625 843.750 -23.438 242.188 1125.000
-687.500 -445.312 -500.000 -468.750 -820.312 85.938 -812.500 -429.688 265.625 -585.938 187.500 835.938 -39.062 289.062 1109.375
-710.938 -445.312 -507.812 -453.125 -851.562 132.812 -812.500 -445.312 265.625 -570.312 140.625 843.750 -78.125 257.812 1070.312
-710.938 -445.312 -507.812 -453.125 -851.562 132.812 -812.500 -445.312 265.625 -570.312 140.625 843.750 -78.125 257.812 1070.312
-695.312 -468.750 -492.188 -437.500 -867.188 140.625 -812.500 -468.750 273.438 -585.938 101.562 851.562 -101.562 210.938 1054.688
-671.875 -492.188 -484.375 -437.500 -929.688 132.812 -828.125 -531.250 226.562 -632.812 31.250 820.312 -132.812 179.688 1039.062
-671.875 -492.188 -484.375 -437.500 -929.688 132.812 -828.125 -531.250 226.562 -632.812 31.250 820.312 -132.812 179.688 1039.062
-703.125 -546.875 -523.438 -445.312 -937.500 117.188 -843.750 -539.062 218.750 -648.438 -15.625 804.688 -156.250 148.438 1023.438
-703.125 -546.875 -523.438 -445.312 -937.500 117.188 -843.750 -539.062 218.750 -648.438 -15.625 804.688 -156.250 148.438 1023.438
-734.375 -554.688 -539.062 -484.375 -953.125 70.312 -843.750 -531.250 164.062 -632.812 -15.625 789.062 -203.125 117.188 968.750
-718.750 -492.188 -531.250 -468.750 -968.750 70.312 -859.375 -570.312 132.812 -671.875 -54.688 757.812 -218.750 93.750 960.938
-718.750 -492.188 -531.250 -468.750 -968.750 70.312 -859.375 -570.312 132.812 -671.875 -54.688 757.812 -218.750 93.750 960.938
-703.125 -468.750 -500.000 -468.750 -953.125 78.125 -859.375 -570.312 132.812 -679.688 -62.500 750.000 -218.750 85.938 953.125
-640.625 -398.438 -476.562 -476.562 -945.312 54.688 -851.562 -546.875 101.562 -671.875 -31.250 742.188 -250.000 117.188 953.125
-640.625 -398.438 -476.562 -476.562 -945.312 54.688 -851.562 -546.875 101.562 -671.875 -31.250 742.188 -250.000 117.188 953.125
-656.250 -343.750 -484.375 -476.562 -921.875 31.250 -851.562 -531.250 101.562 -664.062 -31.250 734.375 -242.188 132.812 937.500
-656.250 -343.750 -484.375 -476.562 -921.875 31.250 -851.562 -531.250 101.562 -664.062 -31.250 734.375 -242.188 132.812 937.500
-710.938 -343.750 -531.250 -492.188 -875.000 -7.812 -843.750 -500.000 101.562 -664.062 0.000 750.000 -242.188 109.375 945.312
-703.125 -320.312 -523.438 -476.562 -843.750 -23.438 -828.125 -460.938 101.562 -648.438 15.625 765.625 -234.375 140.625 992.188
-703.125 -320.312 -523.438 -476.562 -843.750 -23.438 -828.125 -460.938 101.562 -648.438 15.625 765.625 -234.375 140.625 992.188
-679.688 -304.688 -500.000 -476.562 -835.938 -7.812 -820.312 -460.938 117.188 -640.625 15.625 765.625 -234.375 156.250 1007.812
-585.938 -296.875 -421.875 -445.312 -835.938 7.812 -820.312 -445.312 132.812 -632.812 70.312 781.250 -179.688 187.500 1039.062
-585.938 -296.875 -421.875 -445.312 -835.938 7.812 -820.312 -445.312 132.812 -632.812 70.312 781.250 -179.688 187.500 1039.062
-570.312 -304.688 -398.438 -429.688 -835.938 31.250 -804.688 -445.312 140.625 -609.375 101.562 796.875 -148.438 203.125 1117.188
-570.312 -304.688 -398.438 -429.688 -835.938 31.250 -804.688 -445.312 140.625 -609.375 101.562 796.875 -148.438 203.125 1117.188
-507.812 -312.500 -304.688 -375.000 -867.188 70.312 -757.812 -390.625 187.500 -539.062 148.438 914.062 -109.375 218.750 1218.750
-414.062 -140.625 -296.875 -414.062 -890.625 23.438 -750.000 -445.312 242.188 -554.688 7.812 898.438 -179.688 148.438 1164.062
-414.062 -140.625 -296.875 -414.062 -890.625 23.438 -750.000 -445.312 242.188 -554.688 7.812 898.438 -179.688 148.438 1164.062
-476.562 -156.250 -351.562 -468.750 -898.438 0.000 -718.750 -445.312 226.562 -578.125 54.688 851.562 -203.125 187.500 1125.000
-523.438 -335.938 -507.812 -406.250 -890.625 31.250 -671.875 -453.125 250.000 -515.625 62.500 835.938 -312.500 226.562 1093.750
-523.438 -335.938 -507.812 -406.250 -890.625 31.250 -671.875 -453.125 250.000 -515.625 62.500 835.938 -312.500 226.562 1093.750
-570.312 -328.125 -578.125 -343.750 -921.875 125.000 -632.812 -507.812 281.250 -515.625 -7.812 820.312 -304.688 164.062 1101.562
-570.312 -328.125 -578.125 -343.750 -921.875 125.000 -632.812 -507.812 281.250 -515.625 -7.812 820.312 -304.688 164.062 1101.562
-671.875 -250.000 -703.125 -398.438 -867.188 54.688 -601.562 -531.250 375.000 -484.375 -125.000 781.250 -257.812 46.875 1054.688
-718.750 -398.438 -757.812 -265.625 -953.125 -39.062 -460.938 -382.812 359.375 -312.500 -46.875 867.188 -343.750 242.188 1125.000
-718.750 -398.438 -757.812 -265.625 -953.125 -39.062 -460.938 -382.812 359.375 -312.500 -46.875 867.188 -343.750 242.188 1125.000
-742.188 -351.562 -773.438 -148.438 -929.688 -39.062 -351.562 -203.125 257.812 -257.812 -46.875 875.000 -234.375 140.625 1007.812
-875.000 -132.812 -898.438 -242.188 -890.625 -164.062 -492.188 -429.688 15.625 -148.438 125.000 859.375 125.000 195.312 1054.688
-875.000 -132.812 -898.438 -242.188 -890.625 -164.062 -492.188 -429.688 15.625 -148.438 125.000 859.375 125.000 195.312 1054.688
-945.312 -164.062 -929.688 -218.750 -945.312 -117.188 -679.688 -781.250 -195.312 -242.188 390.625 671.875 242.188 531.250 1328.125
-945.312 -164.062 -929.688 -218.750 -945.312 -117.188 -679.688 -781.250 -195.312 -242.188 390.625 671.875 242.188 531.250 1328.125
-781.250 -257.812 -789.062 -726.562 -820.312 -351.562 -1007.812 -1351.562 -664.062 -257.812 539.062 93.750 93.750 375.000 1000.000
-843.750 -406.250 -945.312 -1023.438 -789.062 -343.750 -1281.250 -1046.875 -546.875 -1265.625 -460.938 -101.562 -835.938 15.625 54.688
-843.750 -406.250 -945.312 -1023.438 -789.062 -343.750 -1281.250 -1046.875 -546.875 -1265.625 -460.938 -101.562 -835.938 15.625 54.688
-875.000 -601.562 -1117.188 -1023.438 -898.438 -273.438 -1406.250 -242.188 -367.188 -1296.875 -1179.688 0.000 -1039.062 -453.125 -226.562
-757.812 -789.062 -1226.562 -617.188 -1218.750 -7.812 -843.750 -343.750 -234.375 -1500.000 -710.938 -789.062 -953.125 -617.188 -687.500
-757.812 -789.062 -1226.562 -617.188 -1218.750 -7.812 -843.750 -343.750 -234.375 -1500.000 -710.938 -789.062 -953.125 -617.188 -687.500
-703.125 -648.438 -1156.250 -609.375 -1164.062 109.375 -921.875 -546.875 -281.250 -1523.438 -187.500 -710.938 -1281.250 -625.000 -648.438
-703.125 -648.438 -1156.250 -609.375 -1164.062 109.375 -921.875 -546.875 -281.250 -1523.438 -187.500 -710.938 -1281.250 -625.000 -648.438
-742.188 -468.750 -1007.812 -765.625 -546.875 -7.812 -1000.000 -867.188 -460.938 -1304.688 -695.312 -468.750 -1203.125 -226.562 -390.625
-453.125 -445.312 -609.375 -781.250 -484.375 -335.938 -765.625 -835.938 -312.500 -773.438 -484.375 0.000 -867.188 -195.312 101.562
-453.125 -445.312 -609.375 -781.250 -484.375 -335.938 -765.625 -835.938 -312.500 -773.438 -484.375 0.000 -867.188 -195.312 101.562
-398.438 -359.375 -460.938 -781.250 -585.938 -453.125 -679.688 -578.125 -250.000 -570.312 -359.375 85.938 -796.875 -250.000 359.375
-515.625 -226.562 -523.438 -867.188 -765.625 -492.188 -992.188 -203.125 -304.688 -1203.125 -375.000 132.812 -898.438 -343.750 703.125
-515.625 -226.562 -523.438 -867.188 -765.625 -492.188 -992.188 -203.125 -304.688 -1203.125 -375.000 132.812 -898.438 -343.750 703.125
-625.000 -265.625 -656.250 -773.438 -718.750 -351.562 -1000.000 -257.812 -312.500 -1164.062 -312.500 -125.000 -906.250 -203.125 609.375
-625.000 -265.625 -656.250 -773.438 -718.750 -351.562 -1000.000 -257.812 -312.500 -1164.062 -312.500 -125.000 -906.250 -203.125 609.375
-742.188 -273.438 -781.250 -546.875 -640.625 -7.812 -804.688 -500.000 -195.312 -1000.000 -78.125 -164.062 -851.562 -242.188 164.062
-726.562 -210.938 -734.375 -656.250 -500.000 31.250 -914.062 -445.312 -15.625 -1093.750 -367.188 -23.438 -1242.188 -164.062 -164.062
-726.562 -210.938 -734.375 -656.250 -500.000 31.250 -914.062 -445.312 -15.625 -1093.750 -367.188 -23.438 -1242.188 -164.062 -164.062
-718.750 -265.625 -750.000 -679.688 -562.500 0.000 -859.375 -406.250 -15.625 -976.562 -289.062 39.062 -1226.562 -101.562 -218.750
-632.812 -445.312 -695.312 -656.250 -656.250 -7.812 -851.562 -453.125 -117.188 -1078.125 -179.688 -125.000 -1210.938 -93.750 -15.625
-632.812 -445.312 -695.312 -656.250 -656.250 -7.812 -851.562 -453.125 -117.188 -1078.125 -179.688 -125.000 -1210.938 -93.750 -15.625
-625.000 -445.312 -679.688 -695.312 -687.500 7.812 -906.250 -492.188 -164.062 -1101.562 -148.438 -156.250 -1132.812 -62.500 54.688
-625.000 -445.312 -679.688 -695.312 -687.500 7.812 -906.250 -492.188 -164.062 -1101.562 -148.438 -156.250 -1132.812 -62.500 54.688
-562.500 -500.000 -617.188 -625.000 -718.750 39.062 -859.375 -484.375 -132.812 -1070.312 -203.125 -140.625 -1070.312 -187.500 7.812
-570.312 -421.875 -601.562 -671.875 -710.938 31.250 -867.188 -515.625 -78.125 -1039.062 -281.250 -101.562 -1125.000 -179.688 -109.375
-570.312 -421.875 -601.562 -671.875 -710.938 31.250 -867.188 -515.625 -78.125 -1039.062 -281.250 -101.562 -1125.000 -179.688 -109.375
-585.938 -429.688 -609.375 -679.688 -726.562 23.438 -867.188 -507.812 -85.938 -960.938 -265.625 -70.312 -1093.750 -187.500 -132.812
-585.938 -429.688 -609.375 -679.688 -726.562 23.438 -867.188 -507.812 -85.938 -960.938 -265.625 -70.312 -1093.750 -187.500 -132.812
-578.125 -367.188 -585.938 -664.062 -679.688 -23.438 -812.500 -476.562 -85.938 -929.688 -265.625 -46.875 -1000.000 -156.250 -23.438
-554.688 -367.188 -554.688 -671.875 -664.062 -54.688 -812.500 -484.375 -93.750 -906.250 -250.000 -23.438 -929.688 -164.062 46.875
-554.688 -367.188 -554.688 -671.875 -664.062 -54.688 -812.500 -484.375 -93.750 -906.250 -250.000 -23.438 -929.688 -164.062 46.875
-585.938 -328.125 -539.062 -718.750 -632.812 -109.375 -843.750 -476.562 -132.812 -976.562 -242.188 -62.500 -929.688 -171.875 156.250
-570.312 -375.000 -562.500 -750.000 -718.750 -132.812 -929.688 -468.750 -203.125 -1007.812 -218.750 -85.938 -1039.062 -148.438 85.938
-570.312 -375.000 -562.500 -750.000 -718.750 -132.812 -929.688 -468.750 -203.125 -1007.812 -218.750 -85.938 -1039.062 -148.438 85.938
-554.688 -398.438 -578.125 -757.812 -750.000 -109.375 -906.250 -500.000 -195.312 -968.750 -234.375 -101.562 -1000.000 -171.875 15.625
-554.688 -398.438 -578.125 -757.812 -750.000 -109.375 -906.250 -500.000 -195.312 -968.750 -234.375 -101.562 -1000.000 -171.875 15.625
-554.688 -445.312 -640.625 -750.000 -703.125 -70.312 -859.375 -531.250 -148.438 -1023.438 -328.125 -117.188 -1046.875 -210.938 -62.500
-609.375 -406.250 -726.562 -789.062 -695.312 -78.125 -937.500 -531.250 -164.062 -1031.250 -312.500 -117.188 -1054.688 -234.375 -62.500
-609.375 -406.250 -726.562 -789.062 -695.312 -78.125 -937.500 -531.250 -164.062 -1031.250 -312.500 -117.188 -1054.688 -234.375 -62.500
-750.000 -382.812 -914.062 -882.812 -695.312 -54.688 -1101.562 -562.500 -257.812 -1140.625 -281.250 -179.688 -1109.375 -226.562 -46.875
-750.000 -382.812 -914.062 -882.812 -695.312 -54.688 -1101.562 -562.500 -257.812 -1140.625 -281.250 -179.688 -1109.375 -226.562 -46.875
-804.688 -203.125 -1085.938 -1007.812 -695.312 -156.250 -1117.188 -531.250 -343.750 -1265.625 -281.250 -250.000 -1210.938 -234.375 -85.938
-851.562 -140.625 -1156.250 -1039.062 -625.000 -203.125 -1218.750 -515.625 -414.062 -1382.812 -328.125 -328.125 -1328.125 -289.062 -132.812
-851.562 -140.625 -1156.250 -1039.062 -625.000 -203.125 -1218.750 -515.625 -414.062 -1382.812 -328.125 -328.125 -1328.125 -289.062 -132.812
-773.438 -117.188 -1164.062 -906.250 -664.062 -148.438 -1062.500 -500.000 -523.438 -1375.000 -304.688 -507.812 -1421.875 -367.188 -257.812
-687.500 -171.875 -1125.000 -882.812 -656.250 -117.188 -1187.500 -492.188 -664.062 -1414.062 -273.438 -585.938 -1507.812 -398.438 -335.938
-687.500 -171.875 -1125.000 -882.812 -656.250 -117.188 -1187.500 -492.188 -664.062 -1414.062 -273.438 -585.938 -1507.812 -398.438 -335.938
-609.375 -429.688 -1125.000 -429.688 -1007.812 -70.312 -593.750 -289.062 -742.188 -1335.938 -148.438 -843.750 -1460.938 -515.625 -484.375
-609.375 -429.688 -1125.000 -429.688 -1007.812 -70.312 -593.750 -289.062 -742.188 -1335.938 -148.438 -843.750 -1460.938 -515.625 -484.375
-671.875 -570.312 -1101.562 39.062 -554.688 609.375 414.062 -757.812 78.125 -984.375 -460.938 -875.000 -476.562 -226.562 -406.250
-648.438 -515.625 -1062.500 46.875 -132.812 726.562 406.250 -687.500 367.188 171.875 -484.375 -914.062 359.375 -125.000 -132.812
-648.438 -515.625 -1062.500 46.875 -132.812 726.562 406.250 -687.500 367.188 171.875 -484.375 -914.062 359.375 -125.000 -132.812
-734.375 -687.500 -1242.188 15.625 -70.312 523.438 250.000 109.375 593.750 656.250 78.125 156.250 -93.750 -70.312 351.562
-796.875 -781.250 -1226.562 -109.375 -968.750 78.125 421.875 -507.812 554.688 789.062 320.312 476.562 273.438 906.250 468.750
-796.875 -781.250 -1226.562 -109.375 -968.750 78.125 421.875 -507.812 554.688 789.062 320.312 476.562 273.438 906.250 468.750
-617.188 -585.938 -929.688 -210.938 0.000 -406.250 492.188 -257.812 437.500 1640.625 54.688 906.250 851.562 -390.625 320.312
-617.188 -585.938 -929.688 -210.938 0.000 -406.250 492.188 -257.812 437.500 1640.625 54.688 906.250 851.562 -390.625 320.312
-265.625 -109.375 -328.125 351.562 54.688 164.062 765.625 195.312 1359.375 1671.875 -843.750 1132.812 1703.125 -523.438 226.562
265.625 -125.000 164.062 460.938 -78.125 437.500 742.188 -187.500 1742.188 921.875 -1187.500 1140.625 2109.375 -195.312 976.562
265.625 -125.000 164.062 460.938 -78.125 437.500 742.188 -187.500 1742.188 921.875 -1187.500 1140.625 2109.375 -195.312 976.562
-882.812 531.250 -906.250 -23.438 -2015.625 781.250 -156.250 -812.500 882.812 320.312 468.750 1453.125 132.812 1296.875 2250.000
-601.562 -15.625 -781.250 -195.312 -1898.438 976.562 -62.500 -507.812 1484.375 195.312 93.750 2015.625 -640.625 1390.625 2789.062
-601.562 -15.625 -781.250 -195.312 -1898.438 976.562 -62.500 -507.812 1484.375 195.312 93.750 2015.625 -640.625 1390.625 2789.062
-39.062 62.500 179.688 -15.625 -1523.438 1632.812 -656.250 -335.938 2226.562 117.188 -328.125 2546.875 -304.688 -195.312 2476.562
-39.062 62.500 179.688 -15.625 -1523.438 1632.812 -656.250 -335.938 2226.562 117.188 -328.125 2546.875 -304.688 -195.312 2476.562
-835.938 203.125 -648.438 -1429.688 -703.125 242.188 -1351.562 -812.500 695.312 -1156.250 -1140.625 796.875 -1031.250 -601.562 835.938
-929.688 31.250 -484.375 -1320.312 -1023.438 273.438 -1109.375 -1218.750 453.125 -1265.625 -1296.875 296.875 -1367.188 -851.562 273.438
-929.688 31.250 -484.375 -1320.312 -1023.438 273.438 -1109.375 -1218.750 453.125 -1265.625 -1296.875 296.875 -1367.188 -851.562 273.438
-578.125 390.625 -257.812 -968.750 -1515.625 468.750 -851.562 -1132.812 609.375 -695.312 -859.375 640.625 -585.938 -382.812 750.000
-789.062 156.250 -468.750 -812.500 -1031.250 398.438 -796.875 -773.438 757.812 -445.312 -765.625 992.188 -335.938 -273.438 1242.188
-789.062 156.250 -468.750 -812.500 -1031.250 398.438 -796.875 -773.438 757.812 -445.312 -765.625 992.188 -335.938 -273.438 1242.188
-773.438 203.125 -570.312 -539.062 -921.875 335.938 -406.250 -617.188 796.875 -15.625 -601.562 953.125 -140.625 -164.062 1148.438
-773.438 203.125 -570.312 -539.062 -921.875 335.938 -406.250 -617.188 796.875 -15.625 -601.562 953.125 -140.625 -164.062 1148.438
-804.688 195.312 -632.812 -289.062 -851.562 382.812 -164.062 -578.125 742.188 46.875 -539.062 781.250 -7.812 -132.812 937.500
-765.625 78.125 -648.438 -132.812 -757.812 406.250 -62.500 -460.938 765.625 140.625 -445.312 843.750 62.500 -46.875 1015.625
-765.625 78.125 -648.438 -132.812 -757.812 406.250 -62.500 -460.938 765.625 140.625 -445.312 843.750 62.500 -46.875 1015.625
-703.125 -31.250 -679.688 101.562 -625.000 468.750 93.750 -289.062 828.125 335.938 -289.062 906.250 179.688 109.375 1085.938
-703.125 -125.000 -703.125 171.875 -601.562 500.000 171.875 -265.625 851.562 375.000 -265.625 898.438 218.750 125.000 1078.125
-703.125 -125.000 -703.125 171.875 -601.562 500.000 171.875 -265.625 851.562 375.000 -265.625 898.438 218.750 125.000 1078.125
-757.812 -101.562 -757.812 187.500 -640.625 562.500 187.500 -265.625 906.250 421.875 -273.438 945.312 257.812 117.188 1093.750
-757.812 -101.562 -757.812 187.500 -640.625 562.500 187.500 -265.625 906.250 421.875 -273.438 945.312 257.812 117.188 1093.750
-789.062 -125.000 -742.188 78.125 -726.562 578.125 85.938 -359.375 898.438 351.562 -367.188 906.250 226.562 46.875 1054.688
-773.438 -109.375 -703.125 -31.250 -789.062 554.688 0.000 -437.500 851.562 234.375 -406.250 851.562 148.438 0.000 1000.000
-773.438 -109.375 -703.125 -31.250 -789.062 554.688 0.000 -437.500 851.562 234.375 -406.250 851.562 148.438 0.000 1000.000
-726.562 -15.625 -640.625 -210.938 -835.938 523.438 -156.250 -500.000 804.688 70.312 -492.188 828.125 -15.625 -101.562 953.125
-726.562 -15.625 -640.625 -210.938 -835.938 523.438 -156.250 -500.000 804.688 70.312 -492.188 828.125 -15.625 -101.562 953.125
-734.375 7.812 -617.188 -273.438 -835.938 523.438 -203.125 -500.000 820.312 39.062 -500.000 867.188 -23.438 -93.750 976.562
-726.562 23.438 -585.938 -343.750 -804.688 500.000 -281.250 -484.375 828.125 15.625 -492.188 906.250 -46.875 -54.688 1031.250
-726.562 23.438 -585.938 -343.750 -804.688 500.000 -281.250 -484.375 828.125 15.625 -492.188 906.250 -46.875 -54.688 1031.250
-710.938 7.812 -546.875 -375.000 -773.438 484.375 -296.875 -476.562 804.688 0.000 -476.562 898.438 -62.500 -54.688 1023.438
-726.562 0.000 -554.688 -382.812 -773.438 476.562 -312.500 -468.750 796.875 -15.625 -484.375 890.625 -62.500 -46.875 1015.625
-726.562 0.000 -554.688 -382.812 -773.438 476.562 -312.500 -468.750 796.875 -15.625 -484.375 890.625 -62.500 -46.875 1015.625
-718.750 85.938 -554.688 -429.688 -773.438 453.125 -320.312 -500.000 734.375 -62.500 -484.375 804.688 -125.000 -78.125 937.500
-718.750 85.938 -554.688 -429.688 -773.438 453.125 -320.312 -500.000 734.375 -62.500 -484.375 804.688 -125.000 -78.125 937.500
-718.750 78.125 -554.688 -382.812 -781.250 492.188 -281.250 -484.375 781.250 -39.062 -484.375 828.125 -85.938 -54.688 937.500
-726.562 -62.500 -578.125 -273.438 -750.000 531.250 -218.750 -414.062 835.938 70.312 -421.875 898.438 -7.812 0.000 1023.438
-726.562 -62.500 -578.125 -273.438 -750.000 531.250 -218.750 -414.062 835.938 70.312 -421.875 898.438 -7.812 0.000 1023.438
-734.375 -156.250 -609.375 -156.250 -750.000 570.312 -125.000 -382.812 867.188 148.438 -382.812 906.250 31.250 31.250 1015.625
-734.375 -156.250 -609.375 -156.250 -750.000 570.312 -125.000 -382.812 867.188 148.438 -382.812 906.250 31.250 31.250 1015.625
-734.375 -195.312 -609.375 -109.375 -750.000 585.938 -70.312 -367.188 875.000 171.875 -375.000 906.250 46.875 39.062 1007.812
-765.625 -234.375 -656.250 -39.062 -734.375 617.188 15.625 -343.750 921.875 265.625 -343.750 929.688 156.250 70.312 1039.062
-765.625 -234.375 -656.250 -39.062 -734.375 617.188 15.625 -343.750 921.875 265.625 -343.750 929.688 156.250 70.312 1039.062
-789.062 -210.938 -703.125 -54.688 -726.562 609.375 15.625 -343.750 921.875 320.312 -335.938 937.500 218.750 85.938 1054.688
-843.750 -140.625 -726.562 -39.062 -781.250 640.625 46.875 -375.000 945.312 328.125 -359.375 937.500 234.375 62.500 1039.062
-843.750 -140.625 -726.562 -39.062 -781.250 640.625 46.875 -375.000 945.312 328.125 -359.375 937.500 234.375 62.500 1039.062
-781.250 -210.938 -695.312 -78.125 -781.250 625.000 -31.250 -382.812 945.312 265.625 -390.625 945.312 164.062 39.062 1054.688
-781.250 -210.938 -695.312 -78.125 -781.250 625.000 -31.250 -382.812 945.312 265.625 -390.625 945.312 164.062 39.062 1054.688
-773.438 -210.938 -671.875 -93.750 -781.250 625.000 -39.062 -382.812 929.688 226.562 -398.438 937.500 109.375 23.438 1039.062
-742.188 -203.125 -664.062 -109.375 -773.438 625.000 -70.312 -382.812 921.875 203.125 -398.438 945.312 101.562 31.250 1046.875
-742.188 -203.125 -664.062 -109.375 -773.438 625.000 -70.312 -382.812 921.875 203.125 -398.438 945.312 101.562 31.250 1046.875
-742.188 -203.125 -648.438 -117.188 -765.625 625.000 -70.312 -382.812 921.875 210.938 -390.625 945.312 109.375 39.062 1062.500
-773.438 -187.500 -671.875 -125.000 -789.062 617.188 -54.688 -406.250 906.250 226.562 -406.250 929.688 132.812 31.250 1054.688
-773.438 -187.500 -671.875 -125.000 -789.062 617.188 -54.688 -406.250 906.250 226.562 -406.250 929.688 132.812 31.250 1054.688
-765.625 -70.312 -687.500 -171.875 -796.875 593.750 -101.562 -421.875 898.438 179.688 -437.500 906.250 78.125 0.000 1023.438
-765.625 -70.312 -687.500 -171.875 -796.875 593.750 -101.562 -421.875 898.438 179.688 -437.500 906.250 78.125 0.000 1023.438
-773.438 -125.000 -679.688 -187.500 -804.688 601.562 -125.000 -453.125 898.438 148.438 -453.125 921.875 46.875 -23.438 1023.438
-742.188 -148.438 -640.625 -218.750 -835.938 593.750 -164.062 -460.938 890.625 109.375 -460.938 914.062 7.812 -39.062 1039.062
-742.188 -148.438 -640.625 -218.750 -835.938 593.750 -164.062 -460.938 890.625 109.375 -460.938 914.062 7.812 -39.062 1039.062
-734.375 -156.250 -625.000 -226.562 -835.938 585.938 -187.500 -468.750 882.812 93.750 -476.562 906.250 -15.625 -39.062 1023.438
-726.562 -156.250 -617.188 -210.938 -820.312 585.938 -171.875 -445.312 882.812 85.938 -453.125 906.250 -15.625 -23.438 1023.438
-726.562 -156.250 -617.188 -210.938 -820.312 585.938 -171.875 -445.312 882.812 85.938 -453.125 906.250 -15.625 -23.438 1023.438
-742.188 -140.625 -617.188 -203.125 -781.250 562.500 -140.625 -421.875 867.188 132.812 -421.875 906.250 46.875 15.625 1031.250
-742.188 -140.625 -617.188 -203.125 -781.250 562.500 -140.625 -421.875 867.188 132.812 -421.875 906.250 46.875 15.625 1031.250
-750.000 -140.625 -625.000 -210.938 -765.625 554.688 -148.438 -421.875 859.375 132.812 -429.688 890.625 70.312 7.812 1031.250
-765.625 -70.312 -640.625 -234.375 -765.625 554.688 -164.062 -421.875 859.375 132.812 -437.500 890.625 39.062 -15.625 1007.812
-765.625 -70.312 -640.625 -234.375 -765.625 554.688 -164.062 -421.875 859.375 132.812 -437.500 890.625 39.062 -15.625 1007.812
