-656.250 -703.125 -843.750 -468.750 -375.000 515.625 -625.000 -296.875 273.438 -750.000 -31.250 7.812 -742.188 93.750 -39.062
-671.875 -718.750 -843.750 -476.562 -351.562 492.188 -437.500 -328.125 500.000 -656.250 -296.875 195.312 -742.188 0.000 -85.938
-671.875 -718.750 -843.750 -476.562 -351.562 492.188 -437.500 -328.125 500.000 -656.250 -296.875 195.312 -742.188 0.000 -85.938
-625.000 -859.375 -773.438 -585.938 -375.000 367.188 -445.312 -273.438 390.625 -554.688 -406.250 289.062 -757.812 -117.188 -70.312
-625.000 -859.375 -773.438 -585.938 -375.000 367.188 -445.312 -273.438 390.625 -554.688 -406.250 289.062 -757.812 -117.188 -70.312
-484.375 -890.625 -617.188 -523.438 -531.250 164.062 -531.250 -54.688 31.250 -453.125 -187.500 195.312 -539.062 -132.812 31.250
-484.375 -890.625 -617.188 -523.438 -531.250 164.062 -531.250 -54.688 31.250 -453.125 -187.500 195.312 -539.062 -132.812 31.250
-437.500 -820.312 -554.688 -609.375 -523.438 109.375 -617.188 -195.312 -54.688 -492.188 -46.875 117.188 -414.062 -164.062 46.875
-437.500 -820.312 -554.688 -609.375 -523.438 109.375 -617.188 -195.312 -54.688 -492.188 -46.875 117.188 -414.062 -164.062 46.875
-437.500 -820.312 -554.688 -609.375 -523.438 109.375 -617.188 -195.312 -54.688 -492.188 -46.875 117.188 -414.062 -164.062 46.875
-445.312 -382.812 -500.000 -851.562 -250.000 -343.750 -468.750 -265.625 -187.500 -320.312 -117.188 -218.750 -101.562 -70.312 -85.938
-445.312 -382.812 -500.000 -851.562 -250.000 -343.750 -468.750 -265.625 -187.500 -320.312 -117.188 -218.750 -101.562 -70.312 -85.938
-515.625 -265.625 -515.625 -828.125 -234.375 -414.062 -320.312 -304.688 -62.500 -164.062 -85.938 -54.688 -7.812 -109.375 15.625
-515.625 -265.625 -515.625 -828.125 -234.375 -414.062 -320.312 -304.688 -62.500 -164.062 -85.938 -54.688 -7.812 -109.375 15.625
-539.062 -39.062 -500.000 -585.938 -210.938 -265.625 -468.750 -218.750 289.062 -281.250 15.625 679.688 -179.688 210.938 1109.375
-539.062 -39.062 -500.000 -585.938 -210.938 -265.625 -468.750 -218.750 289.062 -281.250 15.625 679.688 -179.688 210.938 1109.375
-539.062 -39.062 -500.000 -585.938 -210.938 -265.625 -468.750 -218.750 289.062 -281.250 15.625 679.688 -179.688 210.938 1109.375
-390.625 304.688 -140.625 -15.625 -796.875 898.438 -140.625 -234.375 1468.750 234.375 -515.625 1664.062 515.625 -171.875 1726.562
-390.625 304.688 -140.625 -15.625 -796.875 898.438 -140.625 -234.375 1468.750 234.375 -515.625 1664.062 515.625 -171.875 1726.562
-390.625 304.688 -140.625 -15.625 -796.875 898.438 -140.625 -234.375 1468.750 234.375 -515.625 1664.062 515.625 -171.875 1726.562
-390.625 304.688 -140.625 -15.625 -796.875 898.438 -140.625 -234.375 1468.750 234.375 -515.625 1664.062 515.625 -171.875 1726.562
-476.562 -15.625 -257.812 -406.250 -898.438 609.375 -367.188 -742.188 867.188 -62.500 -812.500 703.125 -109.375 -312.500 609.375
-476.562 -15.625 -257.812 -406.250 -898.438 609.375 -367.188 -742.188 867.188 -62.500 -812.500 703.125 -109.375 -312.500 609.375
-515.625 -39.062 -351.562 -570.312 -960.938 390.625 -398.438 -890.625 453.125 -296.875 -664.062 304.688 -359.375 -367.188 382.812
-515.625 -39.062 -351.562 -570.312 -960.938 390.625 -398.438 -890.625 453.125 -296.875 -664.062 304.688 -359.375 -367.188 382.812
-742.188 -203.125 -601.562 -460.938 -703.125 414.062 -375.000 -507.812 710.938 -210.938 -539.062 835.938 -156.250 -257.812 929.688
-742.188 -203.125 -601.562 -460.938 -703.125 414.062 -375.000 -507.812 710.938 -210.938 -539.062 835.938 -156.250 -257.812 929.688
-742.188 -203.125 -601.562 -460.938 -703.125 414.062 -375.000 -507.812 710.938 -210.938 -539.062 835.938 -156.250 -257.812 929.688
-742.188 -203.125 -601.562 -460.938 -703.125 414.062 -375.000 -507.812 710.938 -210.938 -539.062 835.938 -156.250 -257.812 929.688
-742.188 -203.125 -601.562 -460.938 -703.125 414.062 -375.000 -507.812 710.938 -210.938 -539.062 835.938 -156.250 -257.812 929.688
-734.375 70.312 -484.375 -523.438 -648.438 398.438 -375.000 -500.000 664.062 -195.312 -476.562 773.438 -46.875 -171.875 882.812
-734.375 70.312 -484.375 -523.438 -648.438 398.438 -375.000 -500.000 664.062 -195.312 -476.562 773.438 -46.875 -171.875 882.812
-734.375 70.312 -484.375 -523.438 -648.438 398.438 -375.000 -500.000 664.062 -195.312 -476.562 773.438 -46.875 -171.875 882.812
-703.125 70.312 -359.375 -546.875 -593.750 382.812 -406.250 -421.875 671.875 -171.875 -414.062 796.875 -70.312 -109.375 890.625
-679.688 117.188 -296.875 -562.500 -546.875 406.250 -429.688 -390.625 671.875 -187.500 -375.000 820.312 -23.438 -85.938 937.500
-679.688 117.188 -296.875 -562.500 -546.875 406.250 -429.688 -390.625 671.875 -187.500 -375.000 820.312 -23.438 -85.938 937.500
-718.750 132.812 -234.375 -585.938 -515.625 414.062 -468.750 -390.625 671.875 -265.625 -359.375 796.875 -156.250 -78.125 882.812
-718.750 132.812 -234.375 -585.938 -515.625 414.062 -468.750 -390.625 671.875 -265.625 -359.375 796.875 -156.250 -78.125 882.812
-718.750 132.812 -234.375 -585.938 -515.625 414.062 -468.750 -390.625 671.875 -265.625 -359.375 796.875 -156.250 -78.125 882.812
-742.188 78.125 -257.812 -593.750 -484.375 398.438 -492.188 -335.938 664.062 -328.125 -335.938 796.875 -210.938 -78.125 898.438
-742.188 78.125 -257.812 -593.750 -484.375 398.438 -492.188 -335.938 664.062 -328.125 -335.938 796.875 -210.938 -78.125 898.438
-757.812 31.250 -218.750 -523.438 -531.250 476.562 -468.750 -351.562 695.312 -296.875 -296.875 820.312 -226.562 -15.625 906.250
-757.812 31.250 -218.750 -523.438 -531.250 476.562 -468.750 -351.562 695.312 -296.875 -296.875 820.312 -226.562 -15.625 906.250
-812.500 0.000 -226.562 -601.562 -476.562 421.875 -507.812 -312.500 656.250 -335.938 -273.438 812.500 -257.812 0.000 921.875
-812.500 0.000 -226.562 -601.562 -476.562 421.875 -507.812 -312.500 656.250 -335.938 -273.438 812.500 -257.812 0.000 921.875
-812.500 0.000 -226.562 -601.562 -476.562 421.875 -507.812 -312.500 656.250 -335.938 -273.438 812.500 -257.812 0.000 921.875
-828.125 15.625 -210.938 -585.938 -437.500 445.312 -492.188 -273.438 695.312 -320.312 -242.188 851.562 -234.375 46.875 945.312
-828.125 15.625 -210.938 -585.938 -437.500 445.312 -492.188 -273.438 695.312 -320.312 -242.188 851.562 -234.375 46.875 945.312
-828.125 39.062 -203.125 -640.625 -390.625 398.438 -523.438 -250.000 664.062 -343.750 -226.562 828.125 -242.188 62.500 937.500
-828.125 39.062 -203.125 -640.625 -390.625 398.438 -523.438 -250.000 664.062 -343.750 -226.562 828.125 -242.188 62.500 937.500
-835.938 70.312 -187.500 -640.625 -398.438 414.062 -539.062 -234.375 695.312 -335.938 -218.750 882.812 -203.125 70.312 992.188
-835.938 70.312 -187.500 -640.625 -398.438 414.062 -539.062 -234.375 695.312 -335.938 -218.750 882.812 -203.125 70.312 992.188
-859.375 54.688 -203.125 -671.875 -414.062 398.438 -539.062 -242.188 679.688 -328.125 -226.562 867.188 -195.312 70.312 1000.000
-859.375 54.688 -203.125 -671.875 -414.062 398.438 -539.062 -242.188 679.688 -328.125 -226.562 867.188 -195.312 70.312 1000.000
-859.375 54.688 -203.125 -671.875 -414.062 398.438 -539.062 -242.188 679.688 -328.125 -226.562 867.188 -195.312 70.312 1000.000
-906.250 101.562 -218.750 -679.688 -484.375 453.125 -546.875 -304.688 742.188 -343.750 -289.062 914.062 -210.938 23.438 1007.812
-906.250 101.562 -218.750 -679.688 -484.375 453.125 -546.875 -304.688 742.188 -343.750 -289.062 914.062 -210.938 23.438 1007.812
-945.312 46.875 -250.000 -687.500 -546.875 492.188 -546.875 -367.188 742.188 -359.375 -320.312 906.250 -218.750 0.000 1015.625
-945.312 46.875 -250.000 -687.500 -546.875 492.188 -546.875 -367.188 742.188 -359.375 -320.312 906.250 -218.750 0.000 1015.625
-953.125 31.250 -265.625 -679.688 -554.688 492.188 -539.062 -390.625 750.000 -343.750 -335.938 898.438 -242.188 -15.625 1000.000
-953.125 31.250 -265.625 -679.688 -554.688 492.188 -539.062 -390.625 750.000 -343.750 -335.938 898.438 -242.188 -15.625 1000.000
-976.562 0.000 -265.625 -656.250 -570.312 523.438 -531.250 -390.625 781.250 -312.500 -343.750 929.688 -226.562 -15.625 1023.438
-976.562 0.000 -265.625 -656.250 -570.312 523.438 -531.250 -390.625 781.250 -312.500 -343.750 929.688 -226.562 -15.625 1023.438
-976.562 0.000 -265.625 -656.250 -570.312 523.438 -531.250 -390.625 781.250 -312.500 -343.750 929.688 -226.562 -15.625 1023.438
-976.562 0.000 -265.625 -640.625 -585.938 531.250 -515.625 -375.000 796.875 -304.688 -343.750 929.688 -203.125 -7.812 1023.438
-976.562 0.000 -265.625 -640.625 -585.938 531.250 -515.625 -375.000 796.875 -304.688 -343.750 929.688 -203.125 -7.812 1023.438
-1007.812 39.062 -296.875 -601.562 -539.062 554.688 -468.750 -343.750 812.500 -281.250 -320.312 953.125 -210.938 15.625 1023.438
-1007.812 39.062 -296.875 -601.562 -539.062 554.688 -468.750 -343.750 812.500 -281.250 -320.312 953.125 -210.938 15.625 1023.438
-1023.438 -31.250 -289.062 -632.812 -523.438 546.875 -484.375 -335.938 820.312 -265.625 -304.688 960.938 -179.688 31.250 1023.438
-1023.438 -31.250 -289.062 -632.812 -523.438 546.875 -484.375 -335.938 820.312 -265.625 -304.688 960.938 -179.688 31.250 1023.438
-1023.438 -31.250 -289.062 -632.812 -523.438 546.875 -484.375 -335.938 820.312 -265.625 -304.688 960.938 -179.688 31.250 1023.438
-1000.000 39.062 -281.250 -671.875 -515.625 507.812 -531.250 -320.312 789.062 -304.688 -304.688 937.500 -195.312 31.250 1015.625
-1000.000 39.062 -281.250 -671.875 -515.625 507.812 -531.250 -320.312 789.062 -304.688 -304.688 937.500 -195.312 31.250 1015.625
-984.375 31.250 -234.375 -710.938 -523.438 492.188 -539.062 -343.750 757.812 -328.125 -281.250 914.062 -187.500 39.062 1000.000
-984.375 31.250 -234.375 -710.938 -523.438 492.188 -539.062 -343.750 757.812 -328.125 -281.250 914.062 -187.500 39.062 1000.000
-945.312 7.812 -210.938 -718.750 -500.000 492.188 -562.500 -312.500 757.812 -343.750 -281.250 914.062 -226.562 31.250 976.562
-945.312 7.812 -210.938 -718.750 -500.000 492.188 -562.500 -312.500 757.812 -343.750 -281.250 914.062 -226.562 31.250 976.562
-937.500 -23.438 -203.125 -679.688 -492.188 500.000 -554.688 -289.062 757.812 -343.750 -273.438 890.625 -257.812 39.062 960.938
-937.500 -23.438 -203.125 -679.688 -492.188 500.000 -554.688 -289.062 757.812 -343.750 -273.438 890.625 -257.812 39.062 960.938
-937.500 -39.062 -195.312 -671.875 -500.000 500.000 -562.500 -289.062 734.375 -351.562 -257.812 875.000 -273.438 46.875 945.312
-937.500 -39.062 -195.312 -671.875 -500.000 500.000 -562.500 -289.062 734.375 -351.562 -257.812 875.000 -273.438 46.875 945.312
-906.250 -85.938 -156.250 -656.250 -453.125 484.375 -546.875 -242.188 718.750 -375.000 -226.562 867.188 -281.250 78.125 921.875
-906.250 -85.938 -156.250 -656.250 -453.125 484.375 -546.875 -242.188 718.750 -375.000 -226.562 867.188 -281.250 78.125 921.875
-906.250 -85.938 -156.250 -656.250 -453.125 484.375 -546.875 -242.188 718.750 -375.000 -226.562 867.188 -281.250 78.125 921.875
-906.250 -85.938 -140.625 -664.062 -445.312 484.375 -562.500 -234.375 710.938 -367.188 -218.750 851.562 -281.250 85.938 929.688
-906.250 -85.938 -140.625 -664.062 -445.312 484.375 -562.500 -234.375 710.938 -367.188 -218.750 851.562 -281.250 85.938 929.688
-890.625 -62.500 -148.438 -656.250 -421.875 476.562 -539.062 -210.938 718.750 -351.562 -203.125 867.188 -257.812 101.562 937.500
-890.625 -62.500 -148.438 -656.250 -421.875 476.562 -539.062 -210.938 718.750 -351.562 -203.125 867.188 -257.812 101.562 937.500
-929.688 -7.812 -171.875 -648.438 -375.000 476.562 -523.438 -195.312 734.375 -312.500 -179.688 890.625 -226.562 125.000 953.125
-929.688 -7.812 -171.875 -648.438 -375.000 476.562 -523.438 -195.312 734.375 -312.500 -179.688 890.625 -226.562 125.000 953.125
-929.688 -7.812 -171.875 -648.438 -375.000 476.562 -523.438 -195.312 734.375 -312.500 -179.688 890.625 -226.562 125.000 953.125
-921.875 -23.438 -171.875 -648.438 -390.625 492.188 -523.438 -195.312 742.188 -289.062 -179.688 898.438 -179.688 125.000 976.562
-921.875 -23.438 -171.875 -648.438 -390.625 492.188 -523.438 -195.312 742.188 -289.062 -179.688 898.438 -179.688 125.000 976.562
-921.875 -39.062 -179.688 -648.438 -398.438 492.188 -515.625 -203.125 757.812 -296.875 -187.500 914.062 -187.500 117.188 976.562
-921.875 -39.062 -179.688 -648.438 -398.438 492.188 -515.625 -203.125 757.812 -296.875 -187.500 914.062 -187.500 117.188 976.562
-945.312 -31.250 -218.750 -625.000 -429.688 523.438 -492.188 -234.375 773.438 -281.250 -210.938 921.875 -187.500 109.375 992.188
-945.312 -31.250 -218.750 -625.000 -429.688 523.438 -492.188 -234.375 773.438 -281.250 -210.938 921.875 -187.500 109.375 992.188
-968.750 -39.062 -242.188 -640.625 -460.938 531.250 -507.812 -265.625 789.062 -281.250 -234.375 921.875 -195.312 93.750 984.375
-968.750 -39.062 -242.188 -640.625 -460.938 531.250 -507.812 -265.625 789.062 -281.250 -234.375 921.875 -195.312 93.750 984.375
-968.750 -39.062 -242.188 -640.625 -460.938 531.250 -507.812 -265.625 789.062 -281.250 -234.375 921.875 -195.312 93.750 984.375
-976.562 -78.125 -257.812 -632.812 -523.438 546.875 -500.000 -296.875 804.688 -289.062 -273.438 945.312 -171.875 54.688 1007.812
-976.562 -78.125 -257.812 -632.812 -523.438 546.875 -500.000 -296.875 804.688 -289.062 -273.438 945.312 -171.875 54.688 1007.812
-984.375 -85.938 -273.438 -632.812 -539.062 546.875 -507.812 -312.500 812.500 -265.625 -281.250 937.500 -187.500 54.688 1015.625
-984.375 -85.938 -273.438 -632.812 -539.062 546.875 -507.812 -312.500 812.500 -265.625 -281.250 937.500 -187.500 54.688 1015.625
-984.375 -46.875 -265.625 -632.812 -531.250 554.688 -492.188 -304.688 812.500 -273.438 -289.062 945.312 -195.312 54.688 1007.812
-984.375 -46.875 -265.625 -632.812 -531.250 554.688 -492.188 -304.688 812.500 -273.438 -289.062 945.312 -195.312 54.688 1007.812
-968.750 -46.875 -265.625 -640.625 -554.688 546.875 -507.812 -320.312 804.688 -257.812 -281.250 953.125 -156.250 54.688 1015.625
-968.750 -46.875 -265.625 -640.625 -554.688 546.875 -507.812 -320.312 804.688 -257.812 -281.250 953.125 -156.250 54.688 1015.625
-968.750 -46.875 -265.625 -640.625 -554.688 546.875 -507.812 -320.312 804.688 -257.812 -281.250 953.125 -156.250 54.688 1015.625
-984.375 -39.062 -265.625 -640.625 -539.062 546.875 -500.000 -320.312 812.500 -257.812 -281.250 945.312 -156.250 54.688 1015.625
-984.375 -39.062 -265.625 -640.625 -539.062 546.875 -500.000 -320.312 812.500 -257.812 -281.250 945.312 -156.250 54.688 1015.625
-960.938 -70.312 -257.812 -617.188 -515.625 546.875 -484.375 -296.875 812.500 -265.625 -250.000 945.312 -140.625 70.312 1023.438
-960.938 -70.312 -257.812 -617.188 -515.625 546.875 -484.375 -296.875 812.500 -265.625 -250.000 945.312 -140.625 70.312 1023.438
-953.125 -70.312 -257.812 -601.562 -492.188 539.062 -468.750 -281.250 812.500 -242.188 -234.375 945.312 -140.625 85.938 1023.438
-953.125 -70.312 -257.812 -601.562 -492.188 539.062 -468.750 -281.250 812.500 -242.188 -234.375 945.312 -140.625 85.938 1023.438
-953.125 -54.688 -257.812 -601.562 -492.188 554.688 -468.750 -273.438 812.500 -234.375 -234.375 953.125 -140.625 78.125 1023.438
-953.125 -54.688 -257.812 -601.562 -492.188 554.688 -468.750 -273.438 812.500 -234.375 -234.375 953.125 -140.625 78.125 1023.438
-945.312 -62.500 -250.000 -585.938 -539.062 554.688 -476.562 -296.875 843.750 -234.375 -281.250 968.750 -171.875 39.062 1007.812
-945.312 -62.500 -250.000 -585.938 -539.062 554.688 -476.562 -296.875 843.750 -234.375 -281.250 968.750 -171.875 39.062 1007.812
-945.312 -62.500 -250.000 -585.938 -539.062 554.688 -476.562 -296.875 843.750 -234.375 -281.250 968.750 -171.875 39.062 1007.812
-945.312 -85.938 -257.812 -578.125 -578.125 570.312 -453.125 -328.125 843.750 -242.188 -304.688 968.750 -195.312 15.625 1000.000
-945.312 -85.938 -257.812 -578.125 -578.125 570.312 -453.125 -328.125 843.750 -242.188 -304.688 968.750 -195.312 15.625 1000.000
-781.250 -54.688 -187.500 -421.875 -695.312 726.562 -476.562 -421.875 1015.625 -54.688 -242.188 1093.750 -187.500 164.062 1015.625
-781.250 -54.688 -187.500 -421.875 -695.312 726.562 -476.562 -421.875 1015.625 -54.688 -242.188 1093.750 -187.500 164.062 1015.625
-562.500 -93.750 23.438 -414.062 -1000.000 890.625 -242.188 -617.188 1171.875 -117.188 -296.875 1031.250 -15.625 351.562 1101.562
-562.500 -93.750 23.438 -414.062 -1000.000 890.625 -242.188 -617.188 1171.875 -117.188 -296.875 1031.250 -15.625 351.562 1101.562
-562.500 -93.750 23.438 -414.062 -1000.000 890.625 -242.188 -617.188 1171.875 -117.188 -296.875 1031.250 -15.625 351.562 1101.562
-585.938 578.125 437.500 -343.750 -601.562 1210.938 -468.750 -414.062 1429.688 -218.750 -437.500 1148.438 -328.125 -140.625 937.500
-585.938 578.125 437.500 -343.750 -601.562 1210.938 -468.750 -414.062 1429.688 -218.750 -437.500 1148.438 -328.125 -140.625 937.500
-750.000 -171.875 -140.625 -484.375 -437.500 85.938 -734.375 -437.500 726.562 -578.125 -671.875 625.000 -382.812 562.500 1117.188
-750.000 -171.875 -140.625 -484.375 -437.500 85.938 -734.375 -437.500 726.562 -578.125 -671.875 625.000 -382.812 562.500 1117.188
-1015.625 328.125 -62.500 -1398.438 195.312 -523.438 398.438 -515.625 875.000 -234.375 -445.312 1031.250 -359.375 -343.750 640.625
-1015.625 328.125 -62.500 -1398.438 195.312 -523.438 398.438 -515.625 875.000 -234.375 -445.312 1031.250 -359.375 -343.750 640.625
-859.375 804.688 -445.312 -609.375 -1125.000 70.312 -1015.625 93.750 -15.625 -265.625 359.375 679.688 -515.625 -343.750 437.500
-859.375 804.688 -445.312 -609.375 -1125.000 70.312 -1015.625 93.750 -15.625 -265.625 359.375 679.688 -515.625 -343.750 437.500
-859.375 804.688 -445.312 -609.375 -1125.000 70.312 -1015.625 93.750 -15.625 -265.625 359.375 679.688 -515.625 -343.750 437.500
-789.062 -484.375 -640.625 -265.625 -804.688 -328.125 -882.812 601.562 -281.250 -742.188 179.688 406.250 -585.938 -93.750 656.250
-789.062 -484.375 -640.625 -265.625 -804.688 -328.125 -882.812 601.562 -281.250 -742.188 179.688 406.250 -585.938 -93.750 656.250
-1000.000 -125.000 -593.750 -656.250 -546.875 -7.812 -1117.188 -328.125 -351.562 -1101.562 101.562 70.312 -234.375 15.625 976.562
-1000.000 -125.000 -593.750 -656.250 -546.875 -7.812 -1117.188 -328.125 -351.562 -1101.562 101.562 70.312 -234.375 15.625 976.562
-875.000 -148.438 -593.750 -1015.625 -257.812 -85.938 -1109.375 -625.000 -140.625 -1484.375 -195.312 39.062 -359.375 23.438 859.375
-875.000 -148.438 -593.750 -1015.625 -257.812 -85.938 -1109.375 -625.000 -140.625 -1484.375 -195.312 39.062 -359.375 23.438 859.375
-953.125 -335.938 -664.062 -1093.750 -242.188 -39.062 -1070.312 -375.000 -46.875 -1078.125 -226.562 281.250 -523.438 179.688 687.500
-953.125 -335.938 -664.062 -1093.750 -242.188 -39.062 -1070.312 -375.000 -46.875 -1078.125 -226.562 281.250 -523.438 179.688 687.500
-1140.625 -539.062 -1023.438 -789.062 -398.438 250.000 -859.375 -187.500 54.688 -468.750 335.938 585.938 -195.312 -85.938 773.438
-1140.625 -539.062 -1023.438 -789.062 -398.438 250.000 -859.375 -187.500 54.688 -468.750 335.938 585.938 -195.312 -85.938 773.438
-1140.625 -539.062 -1023.438 -789.062 -398.438 250.000 -859.375 -187.500 54.688 -468.750 335.938 585.938 -195.312 -85.938 773.438
-1226.562 -125.000 -1210.938 -585.938 -640.625 609.375 -875.000 -210.938 187.500 -382.812 664.062 796.875 93.750 375.000 1085.938
-1226.562 -125.000 -1210.938 -585.938 -640.625 609.375 -875.000 -210.938 187.500 -382.812 664.062 796.875 93.750 375.000 1085.938
-1046.875 -593.750 -843.750 -734.375 -515.625 382.812 -757.812 -117.188 500.000 -234.375 476.562 945.312 453.125 718.750 1164.062
-1046.875 -593.750 -843.750 -734.375 -515.625 382.812 -757.812 -117.188 500.000 -234.375 476.562 945.312 453.125 718.750 1164.062
-1062.500 -578.125 -726.562 -664.062 -304.688 500.000 -617.188 -179.688 773.438 -140.625 359.375 1070.312 390.625 390.625 1140.625
-1062.500 -578.125 -726.562 -664.062 -304.688 500.000 -617.188 -179.688 773.438 -140.625 359.375 1070.312 390.625 390.625 1140.625
-1062.500 -578.125 -726.562 -664.062 -304.688 500.000 -617.188 -179.688 773.438 -140.625 359.375 1070.312 390.625 390.625 1140.625
-906.250 -320.312 -593.750 -710.938 -406.250 460.938 -796.875 -257.812 523.438 -328.125 531.250 937.500 312.500 390.625 1101.562
-906.250 -320.312 -593.750 -710.938 -406.250 460.938 -796.875 -257.812 523.438 -328.125 531.250 937.500 312.500 390.625 1101.562
-914.062 -156.250 -515.625 -820.312 -382.812 390.625 -906.250 -140.625 390.625 -492.188 507.812 804.688 62.500 484.375 1109.375
-914.062 -156.250 -515.625 -820.312 -382.812 390.625 -906.250 -140.625 390.625 -492.188 507.812 804.688 62.500 484.375 1109.375
-976.562 -351.562 -460.938 -945.312 -289.062 234.375 -984.375 -78.125 250.000 -578.125 546.875 773.438 -15.625 429.688 1093.750
-976.562 -351.562 -460.938 -945.312 -289.062 234.375 -984.375 -78.125 250.000 -578.125 546.875 773.438 -15.625 429.688 1093.750
-921.875 -343.750 -351.562 -945.312 -351.562 187.500 -1031.250 -93.750 148.438 -648.438 507.812 765.625 0.000 312.500 1101.562
-921.875 -343.750 -351.562 -945.312 -351.562 187.500 -1031.250 -93.750 148.438 -648.438 507.812 765.625 0.000 312.500 1101.562
-921.875 -343.750 -351.562 -945.312 -351.562 187.500 -1031.250 -93.750 148.438 -648.438 507.812 765.625 0.000 312.500 1101.562
-757.812 -187.500 -54.688 -953.125 -500.000 242.188 -1046.875 -296.875 242.188 -664.062 398.438 804.688 -46.875 265.625 1109.375
-757.812 -187.500 -54.688 -953.125 -500.000 242.188 -1046.875 -296.875 242.188 -664.062 398.438 804.688 -46.875 265.625 1109.375
-804.688 -132.812 -70.312 -945.312 -484.375 265.625 -1023.438 -328.125 281.250 -625.000 367.188 828.125 -39.062 242.188 1085.938
-804.688 -132.812 -70.312 -945.312 -484.375 265.625 -1023.438 -328.125 281.250 -625.000 367.188 828.125 -39.062 242.188 1085.938
-976.562 -218.750 -218.750 -898.438 -406.250 257.812 -976.562 -226.562 242.188 -601.562 390.625 750.000 -62.500 226.562 1023.438
-976.562 -218.750 -218.750 -898.438 -406.250 257.812 -976.562 -226.562 242.188 -601.562 390.625 750.000 -62.500 226.562 1023.438
-976.562 -218.750 -218.750 -898.438 -406.250 257.812 -976.562 -226.562 242.188 -601.562 390.625 750.000 -62.500 226.562 1023.438
-976.562 -218.750 -218.750 -898.438 -406.250 257.812 -976.562 -226.562 242.188 -601.562 390.625 750.000 -62.500 226.562 1023.438
-976.562 -218.750 -218.750 -898.438 -406.250 257.812 -976.562 -226.562 242.188 -601.562 390.625 750.000 -62.500 226.562 1023.438
-914.062 -296.875 -156.250 -859.375 -328.125 218.750 -937.500 -140.625 203.125 -585.938 445.312 726.562 -23.438 257.812 1039.062
-914.062 -296.875 -156.250 -859.375 -328.125 218.750 -937.500 -140.625 203.125 -585.938 445.312 726.562 -23.438 257.812 1039.062
-882.812 -218.750 -148.438 -859.375 -281.250 140.625 -914.062 -85.938 148.438 -578.125 445.312 687.500 -54.688 289.062 1031.250
-882.812 -218.750 -148.438 -859.375 -281.250 140.625 -914.062 -85.938 148.438 -578.125 445.312 687.500 -54.688 289.062 1031.250
-953.125 -140.625 -195.312 -867.188 -281.250 140.625 -906.250 -109.375 156.250 -593.750 445.312 664.062 -101.562 320.312 1023.438
-953.125 -140.625 -195.312 -867.188 -281.250 140.625 -906.250 -109.375 156.250 -593.750 445.312 664.062 -101.562 320.312 1023.438
-1031.250 -23.438 -351.562 -648.438 -328.125 375.000 -718.750 -187.500 320.312 -445.312 367.188 609.375 -85.938 289.062 875.000
-1031.250 -23.438 -351.562 -648.438 -328.125 375.000 -718.750 -187.500 320.312 -445.312 367.188 609.375 -85.938 289.062 875.000
-1031.250 -23.438 -351.562 -648.438 -328.125 375.000 -718.750 -187.500 320.312 -445.312 367.188 609.375 -85.938 289.062 875.000
-1031.250 -23.438 -351.562 -648.438 -328.125 375.000 -718.750 -187.500 320.312 -445.312 367.188 609.375 -85.938 289.062 875.000
-1070.312 -85.938 -429.688 -609.375 -257.812 367.188 -679.688 -171.875 304.688 -382.812 335.938 593.750 -46.875 242.188 828.125
-1320.312 -125.000 -664.062 -570.312 -226.562 312.500 -585.938 -148.438 195.312 -375.000 304.688 507.812 117.188 179.688 867.188
-1320.312 -125.000 -664.062 -570.312 -226.562 312.500 -585.938 -148.438 195.312 -375.000 304.688 507.812 117.188 179.688 867.188
-1140.625 -476.562 -476.562 -351.562 -226.562 445.312 -406.250 -242.188 265.625 -406.250 601.562 453.125 54.688 414.062 953.125
-1140.625 -476.562 -476.562 -351.562 -226.562 445.312 -406.250 -242.188 265.625 -406.250 601.562 453.125 54.688 414.062 953.125
-859.375 -523.438 -250.000 -367.188 -195.312 335.938 -328.125 -171.875 234.375 -140.625 710.938 515.625 -23.438 242.188 968.750
-859.375 -523.438 -250.000 -367.188 -195.312 335.938 -328.125 -171.875 234.375 -140.625 710.938 515.625 -23.438 242.188 968.750
-859.375 -523.438 -250.000 -367.188 -195.312 335.938 -328.125 -171.875 234.375 -140.625 710.938 515.625 -23.438 242.188 968.750
-679.688 -359.375 -46.875 -328.125 -132.812 445.312 -460.938 31.250 1007.812 -7.812 -507.812 1109.375 -289.062 328.125 867.188
-679.688 -359.375 -46.875 -328.125 -132.812 445.312 -460.938 31.250 1007.812 -7.812 -507.812 1109.375 -289.062 328.125 867.188
-132.812 15.625 414.062 -62.500 101.562 578.125 62.500 85.938 1765.625 304.688 -867.188 1304.688 -312.500 515.625 789.062
-132.812 15.625 414.062 -62.500 101.562 578.125 62.500 85.938 1765.625 304.688 -867.188 1304.688 -312.500 515.625 789.062
-351.562 476.562 117.188 -500.000 -531.250 640.625 -585.938 -265.625 812.500 85.938 304.688 1281.250 164.062 -148.438 914.062
-351.562 476.562 117.188 -500.000 -531.250 640.625 -585.938 -265.625 812.500 85.938 304.688 1281.250 164.062 -148.438 914.062
-757.812 265.625 39.062 -687.500 -265.625 320.312 -695.312 -304.688 445.312 -398.438 171.875 968.750 93.750 -85.938 1085.938
-757.812 265.625 39.062 -687.500 -265.625 320.312 -695.312 -304.688 445.312 -398.438 171.875 968.750 93.750 -85.938 1085.938
-757.812 265.625 39.062 -687.500 -265.625 320.312 -695.312 -304.688 445.312 -398.438 171.875 968.750 93.750 -85.938 1085.938
-703.125 -54.688 148.438 -773.438 -507.812 335.938 -835.938 -390.625 304.688 -507.812 62.500 921.875 117.188 -218.750 1023.438
-703.125 -54.688 148.438 -773.438 -507.812 335.938 -835.938 -390.625 304.688 -507.812 62.500 921.875 117.188 -218.750 1023.438
-742.188 125.000 187.500 -765.625 -773.438 570.312 -976.562 -531.250 390.625 -570.312 -39.062 945.312 -375.000 -359.375 898.438
-742.188 125.000 187.500 -765.625 -773.438 570.312 -976.562 -531.250 390.625 -570.312 -39.062 945.312 -375.000 -359.375 898.438
-945.312 375.000 117.188 -1148.438 -601.562 320.312 -1164.062 -585.938 320.312 -632.812 -226.562 968.750 -171.875 -398.438 945.312
-945.312 375.000 117.188 -1148.438 -601.562 320.312 -1164.062 -585.938 320.312 -632.812 -226.562 968.750 -171.875 -398.438 945.312
-1031.250 523.438 109.375 -1312.500 -718.750 312.500 -1281.250 -601.562 281.250 -617.188 -281.250 1062.500 -210.938 -476.562 953.125
-1031.250 523.438 109.375 -1312.500 -718.750 312.500 -1281.250 -601.562 281.250 -617.188 -281.250 1062.500 -210.938 -476.562 953.125
-1031.250 523.438 109.375 -1312.500 -718.750 312.500 -1281.250 -601.562 281.250 -617.188 -281.250 1062.500 -210.938 -476.562 953.125
-1101.562 671.875 93.750 -1351.562 -695.312 296.875 -1312.500 -601.562 289.062 -617.188 -273.438 1070.312 -125.000 -460.938 1023.438
-1101.562 671.875 93.750 -1351.562 -695.312 296.875 -1312.500 -601.562 289.062 -617.188 -273.438 1070.312 -125.000 -460.938 1023.438
-1101.562 507.812 85.938 -1195.312 -648.438 343.750 -1156.250 -601.562 320.312 -578.125 -234.375 1078.125 -148.438 -414.062 992.188
-1101.562 507.812 85.938 -1195.312 -648.438 343.750 -1156.250 -601.562 320.312 -578.125 -234.375 1078.125 -148.438 -414.062 992.188
-1062.500 343.750 54.688 -953.125 -632.812 421.875 -1023.438 -500.000 421.875 -507.812 -195.312 1046.875 -125.000 -367.188 1031.250
-1062.500 343.750 54.688 -953.125 -632.812 421.875 -1023.438 -500.000 421.875 -507.812 -195.312 1046.875 -125.000 -367.188 1031.250
-1054.688 335.938 39.062 -867.188 -664.062 476.562 -921.875 -492.188 468.750 -429.688 -164.062 1031.250 -140.625 -328.125 1015.625
-1054.688 335.938 39.062 -867.188 -664.062 476.562 -921.875 -492.188 468.750 -429.688 -164.062 1031.250 -140.625 -328.125 1015.625
-1078.125 390.625 31.250 -867.188 -664.062 468.750 -945.312 -484.375 421.875 -421.875 -156.250 1015.625 -93.750 -328.125 1031.250
-1078.125 390.625 31.250 -867.188 -664.062 468.750 -945.312 -484.375 421.875 -421.875 -156.250 1015.625 -93.750 -328.125 1031.250
-1078.125 390.625 31.250 -867.188 -664.062 468.750 -945.312 -484.375 421.875 -421.875 -156.250 1015.625 -93.750 -328.125 1031.250
-1007.812 257.812 31.250 -789.062 -554.688 429.688 -843.750 -460.938 437.500 -359.375 -85.938 1015.625 -23.438 -304.688 1039.062
-1007.812 257.812 31.250 -789.062 -554.688 429.688 -843.750 -460.938 437.500 -359.375 -85.938 1015.625 -23.438 -304.688 1039.062
-1000.000 234.375 7.812 -765.625 -523.438 406.250 -804.688 -429.688 453.125 -359.375 -70.312 1007.812 -23.438 -289.062 1062.500
-1000.000 234.375 7.812 -765.625 -523.438 406.250 -804.688 -429.688 453.125 -359.375 -70.312 1007.812 -23.438 -289.062 1062.500
-976.562 179.688 23.438 -703.125 -523.438 421.875 -765.625 -421.875 476.562 -335.938 -54.688 1007.812 -23.438 -273.438 1054.688
-976.562 179.688 23.438 -703.125 -523.438 421.875 -765.625 -421.875 476.562 -335.938 -54.688 1007.812 -23.438 -273.438 1054.688
-976.562 179.688 23.438 -703.125 -523.438 421.875 -765.625 -421.875 476.562 -335.938 -54.688 1007.812 -23.438 -273.438 1054.688
-992.188 226.562 7.812 -726.562 -500.000 421.875 -773.438 -429.688 468.750 -335.938 -62.500 1000.000 -31.250 -273.438 1046.875
-992.188 226.562 7.812 -726.562 -500.000 421.875 -773.438 -429.688 468.750 -335.938 -62.500 1000.000 -31.250 -273.438 1046.875
-1000.000 273.438 7.812 -757.812 -492.188 390.625 -789.062 -445.312 453.125 -328.125 -54.688 992.188 7.812 -250.000 1039.062
-1000.000 273.438 7.812 -757.812 -492.188 390.625 -789.062 -445.312 453.125 -328.125 -54.688 992.188 7.812 -250.000 1039.062
-1007.812 289.062 7.812 -757.812 -507.812 375.000 -789.062 -460.938 437.500 -343.750 -70.312 976.562 -15.625 -273.438 1023.438
-1007.812 289.062 7.812 -757.812 -507.812 375.000 -789.062 -460.938 437.500 -343.750 -70.312 976.562 -15.625 -273.438 1023.438
-992.188 281.250 31.250 -789.062 -531.250 390.625 -804.688 -460.938 421.875 -351.562 -101.562 960.938 -54.688 -281.250 1007.812
-992.188 281.250 31.250 -789.062 -531.250 390.625 -804.688 -460.938 421.875 -351.562 -101.562 960.938 -54.688 -281.250 1007.812
-992.188 281.250 31.250 -789.062 -531.250 390.625 -804.688 -460.938 421.875 -351.562 -101.562 960.938 -54.688 -281.250 1007.812
-960.938 273.438 46.875 -781.250 -531.250 390.625 -820.312 -460.938 390.625 -414.062 -117.188 929.688 -140.625 -289.062 960.938
-960.938 273.438 46.875 -781.250 -531.250 390.625 -820.312 -460.938 390.625 -414.062 -117.188 929.688 -140.625 -289.062 960.938
-968.750 289.062 23.438 -757.812 -515.625 382.812 -789.062 -445.312 406.250 -359.375 -109.375 929.688 -101.562 -250.000 984.375
-968.750 289.062 23.438 -757.812 -515.625 382.812 -789.062 -445.312 406.250 -359.375 -109.375 929.688 -101.562 -250.000 984.375
-968.750 289.062 23.438 -757.812 -515.625 382.812 -789.062 -445.312 406.250 -359.375 -109.375 929.688 -101.562 -250.000 984.375
-968.750 195.312 31.250 -710.938 -507.812 421.875 -750.000 -453.125 437.500 -343.750 -70.312 921.875 -78.125 -234.375 984.375
-953.125 156.250 31.250 -703.125 -500.000 437.500 -750.000 -445.312 437.500 -375.000 -54.688 945.312 -101.562 -242.188 992.188
-953.125 156.250 31.250 -703.125 -500.000 437.500 -750.000 -445.312 437.500 -375.000 -54.688 945.312 -101.562 -242.188 992.188
-953.125 156.250 31.250 -703.125 -500.000 437.500 -750.000 -445.312 437.500 -375.000 -54.688 945.312 -101.562 -242.188 992.188
-960.938 203.125 39.062 -726.562 -468.750 414.062 -757.812 -429.688 429.688 -335.938 -39.062 921.875 -54.688 -218.750 992.188
-960.938 203.125 39.062 -726.562 -468.750 414.062 -757.812 -429.688 429.688 -335.938 -39.062 921.875 -54.688 -218.750 992.188
-960.938 250.000 31.250 -742.188 -460.938 406.250 -757.812 -421.875 421.875 -335.938 -39.062 914.062 -31.250 -195.312 992.188
-960.938 250.000 31.250 -742.188 -460.938 406.250 -757.812 -421.875 421.875 -335.938 -39.062 914.062 -31.250 -195.312 992.188
-953.125 265.625 39.062 -750.000 -468.750 390.625 -796.875 -406.250 414.062 -359.375 -46.875 929.688 -54.688 -203.125 992.188
-953.125 265.625 39.062 -750.000 -468.750 390.625 -796.875 -406.250 414.062 -359.375 -46.875 929.688 -54.688 -203.125 992.188
-945.312 218.750 54.688 -750.000 -476.562 414.062 -781.250 -414.062 414.062 -398.438 -62.500 914.062 -117.188 -218.750 984.375
-945.312 218.750 54.688 -750.000 -476.562 414.062 -781.250 -414.062 414.062 -398.438 -62.500 914.062 -117.188 -218.750 984.375
-945.312 218.750 54.688 -750.000 -476.562 414.062 -781.250 -414.062 414.062 -398.438 -62.500 914.062 -117.188 -218.750 984.375
-953.125 187.500 31.250 -703.125 -468.750 421.875 -742.188 -414.062 445.312 -351.562 -23.438 906.250 -70.312 -195.312 992.188
-953.125 187.500 31.250 -703.125 -468.750 421.875 -742.188 -414.062 445.312 -351.562 -23.438 906.250 -70.312 -195.312 992.188
-945.312 226.562 31.250 -710.938 -468.750 406.250 -750.000 -421.875 398.438 -343.750 -23.438 875.000 -85.938 -125.000 1000.000
-945.312 226.562 31.250 -710.938 -468.750 406.250 -750.000 -421.875 398.438 -343.750 -23.438 875.000 -85.938 -125.000 1000.000
-945.312 265.625 31.250 -726.562 -453.125 382.812 -757.812 -398.438 414.062 -367.188 -39.062 906.250 -78.125 -195.312 968.750
-945.312 265.625 31.250 -726.562 -453.125 382.812 -757.812 -398.438 414.062 -367.188 -39.062 906.250 -78.125 -195.312 968.750
-929.688 242.188 78.125 -765.625 -437.500 375.000 -796.875 -398.438 382.812 -398.438 -39.062 898.438 -109.375 -203.125 984.375
-929.688 242.188 78.125 -765.625 -437.500 375.000 -796.875 -398.438 382.812 -398.438 -39.062 898.438 -109.375 -203.125 984.375
-929.688 242.188 78.125 -765.625 -437.500 375.000 -796.875 -398.438 382.812 -398.438 -39.062 898.438 -109.375 -203.125 984.375
-929.688 203.125 54.688 -726.562 -445.312 382.812 -757.812 -398.438 398.438 -390.625 -39.062 898.438 -125.000 -195.312 976.562
-929.688 203.125 54.688 -726.562 -445.312 382.812 -757.812 -398.438 398.438 -390.625 -39.062 898.438 -125.000 -195.312 976.562
-953.125 187.500 31.250 -687.500 -468.750 421.875 -734.375 -421.875 437.500 -343.750 -46.875 914.062 -78.125 -203.125 984.375
-953.125 187.500 31.250 -687.500 -468.750 421.875 -734.375 -421.875 437.500 -343.750 -46.875 914.062 -78.125 -203.125 984.375
-945.312 203.125 39.062 -710.938 -460.938 414.062 -750.000 -414.062 429.688 -359.375 -39.062 914.062 -78.125 -210.938 984.375
-945.312 203.125 39.062 -710.938 -460.938 414.062 -750.000 -414.062 429.688 -359.375 -39.062 914.062 -78.125 -210.938 984.375
-953.125 218.750 31.250 -726.562 -468.750 414.062 -757.812 -414.062 414.062 -359.375 -31.250 921.875 -62.500 -171.875 1000.000
-953.125 218.750 31.250 -726.562 -468.750 414.062 -757.812 -414.062 414.062 -359.375 -31.250 921.875 -62.500 -171.875 1000.000
-953.125 218.750 31.250 -726.562 -468.750 414.062 -757.812 -414.062 414.062 -359.375 -31.250 921.875 -62.500 -171.875 1000.000
-960.938 234.375 39.062 -742.188 -484.375 406.250 -781.250 -437.500 414.062 -398.438 -54.688 929.688 -101.562 -218.750 1007.812
-960.938 234.375 39.062 -742.188 -484.375 406.250 -781.250 -437.500 414.062 -398.438 -54.688 929.688 -101.562 -218.750 1007.812
-976.562 226.562 15.625 -750.000 -492.188 414.062 -804.688 -437.500 429.688 -390.625 -54.688 960.938 -78.125 -218.750 1015.625
-976.562 226.562 15.625 -750.000 -492.188 414.062 -804.688 -437.500 429.688 -390.625 -54.688 960.938 -78.125 -218.750 1015.625
-1000.000 242.188 15.625 -773.438 -531.250 429.688 -804.688 -476.562 421.875 -382.812 -78.125 960.938 -70.312 -234.375 1015.625
-1000.000 242.188 15.625 -773.438 -531.250 429.688 -804.688 -476.562 421.875 -382.812 -78.125 960.938 -70.312 -234.375 1015.625
-1007.812 226.562 7.812 -750.000 -523.438 437.500 -789.062 -476.562 445.312 -351.562 -70.312 968.750 -46.875 -234.375 1007.812
-1007.812 226.562 7.812 -750.000 -523.438 437.500 -789.062 -476.562 445.312 -351.562 -70.312 968.750 -46.875 -234.375 1007.812
-1007.812 226.562 7.812 -750.000 -523.438 437.500 -789.062 -476.562 445.312 -351.562 -70.312 968.750 -46.875 -234.375 1007.812
-992.188 203.125 7.812 -726.562 -500.000 445.312 -765.625 -453.125 453.125 -351.562 -46.875 953.125 -78.125 -210.938 1015.625
-992.188 203.125 7.812 -726.562 -500.000 445.312 -765.625 -453.125 453.125 -351.562 -46.875 953.125 -78.125 -210.938 1015.625
-992.188 226.562 0.000 -734.375 -492.188 437.500 -765.625 -445.312 453.125 -335.938 -54.688 953.125 -54.688 -210.938 1007.812
-992.188 226.562 0.000 -734.375 -492.188 437.500 -765.625 -445.312 453.125 -335.938 -54.688 953.125 -54.688 -210.938 1007.812
-968.750 187.500 15.625 -695.312 -476.562 445.312 -734.375 -437.500 453.125 -328.125 -31.250 945.312 -46.875 -179.688 1015.625
-968.750 187.500 15.625 -695.312 -476.562 445.312 -734.375 -437.500 453.125 -328.125 -31.250 945.312 -46.875 -179.688 1015.625
-968.750 195.312 15.625 -695.312 -445.312 445.312 -718.750 -390.625 460.938 -312.500 0.000 945.312 -31.250 -171.875 1015.625
-968.750 195.312 15.625 -695.312 -445.312 445.312 -718.750 -390.625 460.938 -312.500 0.000 945.312 -31.250 -171.875 1015.625
-968.750 195.312 15.625 -695.312 -445.312 445.312 -718.750 -390.625 460.938 -312.500 0.000 945.312 -31.250 -171.875 1015.625
-968.750 218.750 15.625 -695.312 -437.500 437.500 -734.375 -390.625 460.938 -312.500 15.625 937.500 -23.438 -156.250 1007.812
-968.750 218.750 15.625 -695.312 -437.500 437.500 -734.375 -390.625 460.938 -312.500 15.625 937.500 -23.438 -156.250 1007.812
-953.125 242.188 31.250 -742.188 -406.250 406.250 -765.625 -367.188 445.312 -343.750 23.438 929.688 -23.438 -132.812 1031.250
-953.125 242.188 31.250 -742.188 -406.250 406.250 -765.625 -367.188 445.312 -343.750 23.438 929.688 -23.438 -132.812 1031.250
-960.938 203.125 23.438 -726.562 -429.688 429.688 -773.438 -390.625 453.125 -359.375 0.000 953.125 -39.062 -171.875 1023.438
-960.938 203.125 23.438 -726.562 -429.688 429.688 -773.438 -390.625 453.125 -359.375 0.000 953.125 -39.062 -171.875 1023.438
-976.562 187.500 31.250 -726.562 -484.375 445.312 -773.438 -437.500 445.312 -351.562 -23.438 937.500 -62.500 -171.875 1007.812
-976.562 187.500 31.250 -726.562 -484.375 445.312 -773.438 -437.500 445.312 -351.562 -23.438 937.500 -62.500 -171.875 1007.812
-976.562 187.500 31.250 -726.562 -484.375 445.312 -773.438 -437.500 445.312 -351.562 -23.438 937.500 -62.500 -171.875 1007.812
-1000.000 195.312 0.000 -742.188 -531.250 460.938 -773.438 -484.375 445.312 -351.562 -78.125 953.125 -62.500 -226.562 1007.812
