-960.938 -257.812 46.875 -500.000 -234.375 789.062 -687.500 -179.688 664.062 -320.312 289.062 898.438 39.062 -15.625 1023.438
-968.750 -265.625 31.250 -507.812 -242.188 773.438 -687.500 -187.500 671.875 -304.688 304.688 906.250 39.062 -31.250 1015.625
-976.562 -218.750 31.250 -500.000 -273.438 789.062 -671.875 -203.125 679.688 -281.250 296.875 906.250 70.312 -7.812 1039.062
-976.562 -218.750 31.250 -500.000 -273.438 789.062 -671.875 -203.125 679.688 -281.250 296.875 906.250 70.312 -7.812 1039.062
-960.938 -218.750 54.688 -492.188 -257.812 796.875 -679.688 -218.750 679.688 -273.438 273.438 890.625 78.125 78.125 1046.875
-984.375 -257.812 31.250 -468.750 -250.000 796.875 -648.438 -210.938 679.688 -320.312 281.250 898.438 7.812 -70.312 976.562
-984.375 -257.812 31.250 -468.750 -250.000 796.875 -648.438 -210.938 679.688 -320.312 281.250 898.438 7.812 -70.312 976.562
-968.750 -250.000 46.875 -492.188 -273.438 820.312 -687.500 -242.188 695.312 -343.750 289.062 914.062 -23.438 -39.062 1023.438
-968.750 -250.000 46.875 -492.188 -273.438 820.312 -687.500 -242.188 695.312 -343.750 289.062 914.062 -23.438 -39.062 1023.438
-960.938 -210.938 46.875 -476.562 -281.250 820.312 -671.875 -234.375 687.500 -320.312 289.062 898.438 0.000 -39.062 1039.062
-1000.000 -187.500 7.812 -484.375 -257.812 804.688 -656.250 -218.750 703.125 -296.875 273.438 921.875 7.812 -46.875 1000.000
-1000.000 -187.500 7.812 -484.375 -257.812 804.688 -656.250 -218.750 703.125 -296.875 273.438 921.875 7.812 -46.875 1000.000
-968.750 -218.750 23.438 -484.375 -265.625 804.688 -656.250 -226.562 703.125 -312.500 296.875 906.250 0.000 -15.625 1015.625
-960.938 -210.938 31.250 -484.375 -257.812 804.688 -671.875 -218.750 695.312 -289.062 296.875 914.062 23.438 -23.438 1023.438
-960.938 -210.938 31.250 -484.375 -257.812 804.688 -671.875 -218.750 695.312 -289.062 296.875 914.062 23.438 -23.438 1023.438
-968.750 -210.938 15.625 -484.375 -242.188 789.062 -671.875 -187.500 679.688 -289.062 289.062 898.438 31.250 -31.250 1023.438
-968.750 -210.938 15.625 -484.375 -242.188 789.062 -671.875 -187.500 679.688 -289.062 289.062 898.438 31.250 -31.250 1023.438
-960.938 -218.750 31.250 -500.000 -234.375 789.062 -679.688 -187.500 679.688 -281.250 296.875 906.250 31.250 -39.062 1023.438
-953.125 -242.188 31.250 -484.375 -242.188 789.062 -671.875 -195.312 671.875 -304.688 289.062 898.438 7.812 -31.250 1023.438
-953.125 -242.188 31.250 -484.375 -242.188 789.062 -671.875 -195.312 671.875 -304.688 289.062 898.438 7.812 -31.250 1023.438
-960.938 -257.812 46.875 -492.188 -257.812 796.875 -671.875 -187.500 687.500 -296.875 296.875 906.250 7.812 -31.250 1007.812
-953.125 -273.438 46.875 -492.188 -257.812 789.062 -671.875 -187.500 687.500 -296.875 296.875 906.250 15.625 -46.875 1023.438
-953.125 -273.438 46.875 -492.188 -257.812 789.062 -671.875 -187.500 687.500 -296.875 296.875 906.250 15.625 -46.875 1023.438
-960.938 -289.062 46.875 -484.375 -257.812 796.875 -664.062 -195.312 687.500 -289.062 289.062 914.062 23.438 -31.250 1023.438
-960.938 -289.062 46.875 -484.375 -257.812 796.875 -664.062 -195.312 687.500 -289.062 289.062 914.062 23.438 -31.250 1023.438
-960.938 -289.062 31.250 -484.375 -257.812 804.688 -664.062 -203.125 695.312 -289.062 296.875 914.062 23.438 -31.250 1023.438
-968.750 -304.688 39.062 -492.188 -265.625 804.688 -679.688 -203.125 703.125 -289.062 296.875 914.062 39.062 -39.062 1015.625
-968.750 -304.688 39.062 -492.188 -265.625 804.688 -679.688 -203.125 703.125 -289.062 296.875 914.062 39.062 -39.062 1015.625
-968.750 -320.312 62.500 -492.188 -265.625 820.312 -671.875 -210.938 710.938 -273.438 304.688 929.688 62.500 -23.438 1023.438
-960.938 -320.312 54.688 -492.188 -265.625 828.125 -679.688 -203.125 710.938 -281.250 304.688 929.688 62.500 -39.062 1039.062
-960.938 -320.312 54.688 -492.188 -265.625 828.125 -679.688 -203.125 710.938 -281.250 304.688 929.688 62.500 -39.062 1039.062
-968.750 -351.562 78.125 -476.562 -273.438 828.125 -679.688 -218.750 718.750 -289.062 296.875 921.875 62.500 -31.250 1039.062
-968.750 -351.562 78.125 -476.562 -273.438 828.125 -679.688 -218.750 718.750 -289.062 296.875 921.875 62.500 -31.250 1039.062
-968.750 -343.750 93.750 -500.000 -273.438 828.125 -687.500 -210.938 710.938 -296.875 296.875 937.500 46.875 -31.250 1023.438
-968.750 -359.375 85.938 -484.375 -273.438 851.562 -687.500 -203.125 734.375 -296.875 296.875 937.500 39.062 -39.062 1031.250
-968.750 -359.375 85.938 -484.375 -273.438 851.562 -687.500 -203.125 734.375 -296.875 296.875 937.500 39.062 -39.062 1031.250
-921.875 -367.188 109.375 -515.625 -281.250 851.562 -687.500 -210.938 742.188 -289.062 328.125 945.312 62.500 -23.438 1039.062
-984.375 -359.375 78.125 -500.000 -257.812 851.562 -695.312 -187.500 734.375 -257.812 328.125 976.562 93.750 -39.062 1062.500
-984.375 -359.375 78.125 -500.000 -257.812 851.562 -695.312 -187.500 734.375 -257.812 328.125 976.562 93.750 -39.062 1062.500
-968.750 -304.688 78.125 -484.375 -234.375 859.375 -664.062 -148.438 765.625 -210.938 328.125 1000.000 210.938 -78.125 1140.625
-968.750 -304.688 78.125 -484.375 -234.375 859.375 -664.062 -148.438 765.625 -210.938 328.125 1000.000 210.938 -78.125 1140.625
-968.750 -320.312 78.125 -468.750 -210.938 867.188 -656.250 -156.250 781.250 -164.062 328.125 992.188 171.875 -7.812 1078.125
-945.312 -296.875 101.562 -421.875 -195.312 890.625 -617.188 -93.750 835.938 375.000 203.125 1195.312 195.312 -7.812 1062.500
-945.312 -296.875 101.562 -421.875 -195.312 890.625 -617.188 -93.750 835.938 375.000 203.125 1195.312 195.312 -7.812 1062.500
-851.562 -187.500 171.875 -414.062 -210.938 867.188 -718.750 -148.438 820.312 -343.750 398.438 1085.938 375.000 -218.750 1187.500
-851.562 -187.500 171.875 -414.062 -210.938 867.188 -718.750 -148.438 820.312 -343.750 398.438 1085.938 375.000 -218.750 1187.500
-820.312 -226.562 210.938 -484.375 -250.000 906.250 -632.812 -195.312 812.500 -132.812 398.438 929.688 281.250 62.500 1195.312
-820.312 -414.062 210.938 -453.125 -195.312 945.312 -679.688 -210.938 773.438 -343.750 335.938 875.000 125.000 78.125 1023.438
-820.312 -414.062 210.938 -453.125 -195.312 945.312 -679.688 -210.938 773.438 -343.750 335.938 875.000 125.000 78.125 1023.438
-835.938 -445.312 187.500 -445.312 -179.688 945.312 -710.938 -179.688 765.625 -382.812 296.875 890.625 -7.812 -7.812 984.375
-765.625 -492.188 226.562 -523.438 -195.312 859.375 -757.812 -179.688 710.938 -328.125 281.250 921.875 -70.312 31.250 1000.000
-765.625 -492.188 226.562 -523.438 -195.312 859.375 -757.812 -179.688 710.938 -328.125 281.250 921.875 -70.312 31.250 1000.000
-671.875 -453.125 289.062 -609.375 -265.625 890.625 -867.188 -226.562 656.250 -421.875 250.000 968.750 -93.750 -46.875 1039.062
-671.875 -453.125 289.062 -609.375 -265.625 890.625 -867.188 -226.562 656.250 -421.875 250.000 968.750 -93.750 -46.875 1039.062
-601.562 -343.750 343.750 -640.625 -265.625 890.625 -906.250 -257.812 632.812 -460.938 187.500 960.938 -164.062 -125.000 1039.062
-546.875 -250.000 359.375 -625.000 -250.000 882.812 -875.000 -250.000 609.375 -625.000 257.812 914.062 -210.938 -156.250 1039.062
-546.875 -250.000 359.375 -625.000 -250.000 882.812 -875.000 -250.000 609.375 -625.000 257.812 914.062 -210.938 -156.250 1039.062
-507.812 -179.688 304.688 -476.562 -242.188 898.438 -953.125 -382.812 601.562 -632.812 320.312 851.562 -242.188 -93.750 1039.062
-640.625 148.438 46.875 531.250 93.750 1335.938 -1703.125 703.125 351.562 -445.312 148.438 1007.812 -195.312 101.562 1039.062
-640.625 148.438 46.875 531.250 93.750 1335.938 -1703.125 703.125 351.562 -445.312 148.438 1007.812 -195.312 101.562 1039.062
-718.750 187.500 -273.438 -390.625 -679.688 1335.938 -515.625 -218.750 656.250 -281.250 351.562 804.688 -78.125 85.938 1031.250
-718.750 187.500 -273.438 -390.625 -679.688 1335.938 -515.625 -218.750 656.250 -281.250 351.562 804.688 -78.125 85.938 1031.250
-757.812 250.000 -390.625 -406.250 -101.562 1164.062 -804.688 -39.062 531.250 -343.750 359.375 781.250 -46.875 156.250 992.188
-812.500 -187.500 -632.812 -226.562 -382.812 351.562 -1054.688 -437.500 578.125 -281.250 250.000 765.625 -148.438 78.125 921.875
-812.500 -187.500 -632.812 -226.562 -382.812 351.562 -1054.688 -437.500 578.125 -281.250 250.000 765.625 -148.438 78.125 921.875
-750.000 -351.562 -656.250 -257.812 890.625 1023.438 -1000.000 460.938 -226.562 -156.250 351.562 742.188 -125.000 125.000 890.625
-718.750 -445.312 -679.688 -398.438 -257.812 257.812 -1312.500 -882.812 945.312 -273.438 406.250 750.000 -234.375 -39.062 718.750
-703.125 -546.875 -687.500 -437.500 492.188 468.750 -1484.375 39.062 718.750 -445.312 125.000 750.000 -15.625 -62.500 882.812
-687.500 -640.625 -632.812 -593.750 -617.188 -250.000 15.625 -898.438 687.500 -445.312 554.688 593.750 0.000 132.812 1085.938
-687.500 -640.625 -632.812 -593.750 -617.188 -250.000 15.625 -898.438 687.500 -445.312 554.688 593.750 0.000 132.812 1085.938
-695.312 -742.188 -601.562 -953.125 -468.750 -335.938 382.812 0.000 765.625 -421.875 335.938 601.562 39.062 210.938 1085.938
-664.062 -875.000 -593.750 -1109.375 445.312 -515.625 -117.188 46.875 796.875 -218.750 187.500 796.875 -93.750 296.875 960.938
-664.062 -875.000 -593.750 -1109.375 445.312 -515.625 -117.188 46.875 796.875 -218.750 187.500 796.875 -93.750 296.875 960.938
-664.062 -914.062 -632.812 -1164.062 210.938 -414.062 156.250 578.125 906.250 -117.188 54.688 929.688 -171.875 265.625 851.562
-664.062 -914.062 -632.812 -1164.062 210.938 -414.062 156.250 578.125 906.250 -117.188 54.688 929.688 -171.875 265.625 851.562
-617.188 -1179.688 -710.938 -992.188 -46.875 54.688 -296.875 492.188 781.250 7.812 179.688 914.062 -125.000 62.500 750.000
-648.438 -1062.500 -679.688 -593.750 -140.625 632.812 -515.625 46.875 718.750 -234.375 312.500 789.062 -179.688 156.250 804.688
-648.438 -1062.500 -679.688 -593.750 -140.625 632.812 -515.625 46.875 718.750 -234.375 312.500 789.062 -179.688 156.250 804.688
-523.438 -890.625 -546.875 -554.688 -101.562 734.375 -343.750 -54.688 781.250 -257.812 289.062 789.062 -234.375 226.562 882.812
-500.000 -851.562 -437.500 -726.562 -46.875 531.250 7.812 304.688 976.562 -132.812 164.062 898.438 -156.250 234.375 937.500
-500.000 -851.562 -437.500 -726.562 -46.875 531.250 7.812 304.688 976.562 -132.812 164.062 898.438 -156.250 234.375 937.500
-523.438 -1000.000 -437.500 -875.000 54.688 375.000 -39.062 445.312 1023.438 -7.812 187.500 992.188 -85.938 195.312 945.312
-523.438 -1000.000 -437.500 -875.000 54.688 375.000 -39.062 445.312 1023.438 -7.812 187.500 992.188 -85.938 195.312 945.312
-507.812 -1117.188 -429.688 -789.062 93.750 445.312 -195.312 382.812 968.750 125.000 312.500 1085.938 164.062 101.562 1031.250
-453.125 -929.688 -429.688 -789.062 117.188 437.500 -335.938 320.312 921.875 39.062 382.812 1085.938 218.750 140.625 1148.438
-453.125 -929.688 -429.688 -789.062 117.188 437.500 -335.938 320.312 921.875 39.062 382.812 1085.938 218.750 140.625 1148.438
-468.750 -804.688 -421.875 -843.750 101.562 382.812 -406.250 273.438 937.500 -85.938 359.375 1062.500 171.875 93.750 1140.625
-507.812 -695.312 -476.562 -984.375 93.750 203.125 -460.938 210.938 914.062 -234.375 257.812 1023.438 39.062 70.312 1093.750
-507.812 -695.312 -476.562 -984.375 93.750 203.125 -460.938 210.938 914.062 -234.375 257.812 1023.438 39.062 70.312 1093.750
-539.062 -695.312 -546.875 -1031.250 39.062 148.438 -523.438 195.312 867.188 -234.375 242.188 992.188 -7.812 78.125 1062.500
-539.062 -695.312 -546.875 -1031.250 39.062 148.438 -523.438 195.312 867.188 -234.375 242.188 992.188 -7.812 78.125 1062.500
-546.875 -703.125 -640.625 -1039.062 -39.062 132.812 -554.688 109.375 820.312 -218.750 203.125 953.125 23.438 70.312 1000.000
-507.812 -695.312 -609.375 -1000.000 -93.750 156.250 -578.125 93.750 773.438 -281.250 195.312 906.250 -23.438 39.062 984.375
-507.812 -695.312 -609.375 -1000.000 -93.750 156.250 -578.125 93.750 773.438 -281.250 195.312 906.250 -23.438 39.062 984.375
-507.812 -695.312 -601.562 -1000.000 -93.750 195.312 -539.062 78.125 789.062 -234.375 195.312 890.625 -39.062 62.500 968.750
-500.000 -648.438 -617.188 -937.500 -109.375 289.062 -445.312 125.000 835.938 -226.562 210.938 921.875 -46.875 54.688 968.750
-500.000 -648.438 -617.188 -937.500 -109.375 289.062 -445.312 125.000 835.938 -226.562 210.938 921.875 -46.875 54.688 968.750
-515.625 -640.625 -632.812 -890.625 -101.562 359.375 -375.000 156.250 875.000 -187.500 218.750 937.500 -54.688 46.875 953.125
-515.625 -640.625 -632.812 -890.625 -101.562 359.375 -375.000 156.250 875.000 -187.500 218.750 937.500 -54.688 46.875 953.125
-546.875 -687.500 -640.625 -812.500 -70.312 460.938 -281.250 164.062 937.500 -93.750 226.562 960.938 -7.812 85.938 968.750
-500.000 -734.375 -570.312 -757.812 -23.438 539.062 -210.938 210.938 984.375 -15.625 257.812 1015.625 101.562 78.125 1023.438
-500.000 -734.375 -570.312 -757.812 -23.438 539.062 -210.938 210.938 984.375 -15.625 257.812 1015.625 101.562 78.125 1023.438
-453.125 -726.562 -507.812 -734.375 7.812 546.875 -210.938 250.000 992.188 15.625 265.625 1039.062 125.000 93.750 1054.688
-445.312 -765.625 -460.938 -781.250 23.438 492.188 -226.562 312.500 953.125 31.250 320.312 1031.250 171.875 140.625 1085.938
-445.312 -765.625 -460.938 -781.250 23.438 492.188 -226.562 312.500 953.125 31.250 320.312 1031.250 171.875 140.625 1085.938
-398.438 -796.875 -429.688 -789.062 15.625 476.562 -250.000 328.125 921.875 15.625 351.562 1015.625 171.875 140.625 1093.750
-382.812 -796.875 -398.438 -796.875 7.812 476.562 -273.438 320.312 906.250 0.000 359.375 1007.812 171.875 164.062 1093.750
-421.875 -796.875 -406.250 -812.500 0.000 492.188 -273.438 281.250 914.062 0.000 335.938 992.188 156.250 179.688 1085.938
-421.875 -820.312 -406.250 -812.500 23.438 500.000 -250.000 265.625 921.875 -7.812 304.688 976.562 132.812 156.250 1039.062
-421.875 -820.312 -406.250 -812.500 23.438 500.000 -250.000 265.625 921.875 -7.812 304.688 976.562 132.812 156.250 1039.062
-421.875 -812.500 -414.062 -796.875 39.062 507.812 -226.562 265.625 937.500 0.000 304.688 976.562 117.188 148.438 1023.438
-453.125 -796.875 -453.125 -796.875 31.250 523.438 -250.000 289.062 914.062 7.812 312.500 968.750 125.000 164.062 1023.438
-453.125 -796.875 -453.125 -796.875 31.250 523.438 -250.000 289.062 914.062 7.812 312.500 968.750 125.000 164.062 1023.438
-453.125 -796.875 -460.938 -812.500 31.250 492.188 -265.625 289.062 890.625 0.000 343.750 960.938 132.812 171.875 1046.875
-453.125 -796.875 -460.938 -812.500 31.250 492.188 -265.625 289.062 890.625 0.000 343.750 960.938 132.812 171.875 1046.875
-453.125 -765.625 -453.125 -843.750 23.438 453.125 -281.250 273.438 890.625 -7.812 335.938 968.750 179.688 171.875 1062.500
-492.188 -726.562 -492.188 -867.188 0.000 453.125 -320.312 218.750 914.062 -46.875 289.062 960.938 117.188 140.625 1031.250
-492.188 -726.562 -492.188 -867.188 0.000 453.125 -320.312 218.750 914.062 -46.875 289.062 960.938 117.188 140.625 1031.250
-500.000 -742.188 -531.250 -882.812 -7.812 437.500 -296.875 195.312 914.062 -62.500 257.812 960.938 93.750 140.625 1000.000
-531.250 -781.250 -546.875 -898.438 -15.625 398.438 -343.750 164.062 921.875 -117.188 226.562 953.125 46.875 85.938 984.375
-531.250 -781.250 -546.875 -898.438 -15.625 398.438 -343.750 164.062 921.875 -117.188 226.562 953.125 46.875 85.938 984.375
-546.875 -789.062 -562.500 -929.688 -23.438 382.812 -367.188 148.438 914.062 -125.000 218.750 968.750 46.875 78.125 976.562
-546.875 -789.062 -562.500 -929.688 -23.438 382.812 -367.188 148.438 914.062 -125.000 218.750 968.750 46.875 78.125 976.562
-515.625 -796.875 -523.438 -937.500 -46.875 335.938 -406.250 164.062 914.062 -148.438 226.562 984.375 46.875 70.312 1000.000
-429.688 -789.062 -359.375 -953.125 -31.250 296.875 -453.125 164.062 890.625 -203.125 234.375 968.750 0.000 70.312 1031.250
-429.688 -789.062 -359.375 -953.125 -31.250 296.875 -453.125 164.062 890.625 -203.125 234.375 968.750 0.000 70.312 1031.250
-429.688 -765.625 -320.312 -960.938 -23.438 273.438 -460.938 148.438 859.375 -203.125 234.375 953.125 0.000 70.312 1023.438
-460.938 -820.312 -359.375 -976.562 -31.250 257.812 -476.562 148.438 828.125 -210.938 234.375 921.875 -15.625 62.500 984.375
-460.938 -820.312 -359.375 -976.562 -31.250 257.812 -476.562 148.438 828.125 -210.938 234.375 921.875 -15.625 62.500 984.375
-453.125 -828.125 -367.188 -921.875 -39.062 289.062 -453.125 148.438 835.938 -203.125 234.375 921.875 -23.438 62.500 984.375
-453.125 -828.125 -367.188 -921.875 -39.062 289.062 -453.125 148.438 835.938 -203.125 234.375 921.875 -23.438 62.500 984.375
-476.562 -757.812 -421.875 -875.000 -23.438 367.188 -382.812 156.250 867.188 -179.688 242.188 921.875 -46.875 85.938 976.562
-500.000 -726.562 -484.375 -851.562 -31.250 375.000 -375.000 171.875 875.000 -164.062 242.188 937.500 -31.250 85.938 984.375
-500.000 -726.562 -484.375 -851.562 -31.250 375.000 -375.000 171.875 875.000 -164.062 242.188 937.500 -31.250 85.938 984.375
-500.000 -710.938 -500.000 -828.125 -39.062 398.438 -367.188 156.250 882.812 -156.250 242.188 945.312 -7.812 93.750 1000.000
-492.188 -679.688 -484.375 -835.938 -23.438 414.062 -328.125 156.250 914.062 -125.000 218.750 945.312 15.625 78.125 1000.000
-492.188 -679.688 -484.375 -835.938 -23.438 414.062 -328.125 156.250 914.062 -125.000 218.750 945.312 15.625 78.125 1000.000
-484.375 -687.500 -484.375 -859.375 -7.812 406.250 -320.312 164.062 921.875 -85.938 218.750 976.562 39.062 70.312 1000.000
-484.375 -687.500 -484.375 -859.375 -7.812 406.250 -320.312 164.062 921.875 -85.938 218.750 976.562 39.062 70.312 1000.000
-507.812 -703.125 -500.000 -890.625 -31.250 351.562 -375.000 179.688 882.812 -109.375 250.000 976.562 62.500 70.312 1023.438
-484.375 -671.875 -484.375 -859.375 -85.938 398.438 -382.812 179.688 867.188 -148.438 273.438 953.125 46.875 109.375 1039.062
-484.375 -671.875 -484.375 -859.375 -85.938 398.438 -382.812 179.688 867.188 -148.438 273.438 953.125 46.875 109.375 1039.062
-484.375 -664.062 -484.375 -867.188 -54.688 406.250 -375.000 156.250 882.812 -156.250 257.812 953.125 23.438 109.375 1039.062
-484.375 -664.062 -484.375 -867.188 -54.688 406.250 -375.000 156.250 882.812 -156.250 257.812 953.125 23.438 109.375 1039.062
-492.188 -742.188 -500.000 -890.625 0.000 390.625 -375.000 156.250 890.625 -148.438 210.938 960.938 -15.625 70.312 992.188
-492.188 -757.812 -492.188 -898.438 15.625 375.000 -390.625 171.875 898.438 -164.062 203.125 968.750 7.812 70.312 1007.812
-492.188 -757.812 -492.188 -898.438 15.625 375.000 -390.625 171.875 898.438 -164.062 203.125 968.750 7.812 70.312 1007.812
-468.750 -734.375 -453.125 -898.438 7.812 367.188 -406.250 148.438 875.000 -148.438 226.562 976.562 23.438 62.500 1015.625
-468.750 -742.188 -460.938 -906.250 0.000 359.375 -390.625 148.438 898.438 -125.000 218.750 984.375 54.688 39.062 1039.062
-468.750 -742.188 -460.938 -906.250 0.000 359.375 -390.625 148.438 898.438 -125.000 218.750 984.375 54.688 39.062 1039.062
-484.375 -734.375 -484.375 -906.250 -15.625 359.375 -375.000 164.062 906.250 -117.188 218.750 992.188 62.500 54.688 1046.875
-484.375 -734.375 -484.375 -906.250 -15.625 359.375 -375.000 164.062 906.250 -117.188 218.750 992.188 62.500 54.688 1046.875
-492.188 -742.188 -507.812 -906.250 -46.875 367.188 -367.188 132.812 906.250 -109.375 218.750 992.188 70.312 46.875 1039.062
-484.375 -757.812 -500.000 -906.250 -46.875 382.812 -367.188 125.000 890.625 -117.188 210.938 976.562 62.500 46.875 1023.438
-484.375 -757.812 -500.000 -906.250 -46.875 382.812 -367.188 125.000 890.625 -117.188 210.938 976.562 62.500 46.875 1023.438
-484.375 -750.000 -500.000 -898.438 -31.250 382.812 -382.812 117.188 898.438 -156.250 203.125 968.750 15.625 46.875 1015.625
-484.375 -757.812 -507.812 -882.812 -31.250 390.625 -367.188 140.625 906.250 -156.250 210.938 960.938 0.000 54.688 1007.812
-484.375 -757.812 -507.812 -882.812 -31.250 390.625 -367.188 140.625 906.250 -156.250 210.938 960.938 0.000 54.688 1007.812
-492.188 -757.812 -500.000 -867.188 -23.438 406.250 -367.188 140.625 898.438 -148.438 218.750 968.750 15.625 62.500 1007.812
-492.188 -757.812 -500.000 -867.188 -23.438 406.250 -367.188 140.625 898.438 -148.438 218.750 968.750 15.625 62.500 1007.812
-484.375 -757.812 -484.375 -851.562 -39.062 414.062 -359.375 156.250 882.812 -132.812 234.375 960.938 23.438 85.938 1023.438
-476.562 -742.188 -460.938 -851.562 -31.250 414.062 -359.375 156.250 890.625 -156.250 250.000 960.938 23.438 93.750 1015.625
-476.562 -742.188 -460.938 -851.562 -31.250 414.062 -359.375 156.250 890.625 -156.250 250.000 960.938 23.438 93.750 1015.625
-492.188 -742.188 -460.938 -843.750 -23.438 421.875 -351.562 156.250 906.250 -125.000 234.375 953.125 23.438 93.750 1015.625
-492.188 -765.625 -468.750 -851.562 -7.812 421.875 -343.750 164.062 914.062 -132.812 234.375 960.938 15.625 85.938 1015.625
-500.000 -789.062 -460.938 -859.375 0.000 421.875 -335.938 171.875 898.438 -132.812 242.188 960.938 15.625 85.938 1007.812
-500.000 -796.875 -460.938 -867.188 -7.812 421.875 -359.375 148.438 890.625 -125.000 250.000 937.500 15.625 109.375 1000.000
-500.000 -796.875 -460.938 -867.188 -7.812 421.875 -359.375 148.438 890.625 -125.000 250.000 937.500 15.625 109.375 1000.000
-492.188 -773.438 -453.125 -867.188 -39.062 398.438 -390.625 148.438 882.812 -164.062 242.188 945.312 7.812 85.938 1000.000
-500.000 -773.438 -453.125 -882.812 -54.688 406.250 -390.625 164.062 875.000 -164.062 257.812 937.500 0.000 78.125 1000.000
-500.000 -773.438 -453.125 -882.812 -54.688 406.250 -390.625 164.062 875.000 -164.062 257.812 937.500 0.000 78.125 1000.000
-523.438 -773.438 -476.562 -882.812 -23.438 445.312 -359.375 93.750 882.812 -140.625 242.188 960.938 15.625 125.000 1007.812
-507.812 -773.438 -476.562 -875.000 7.812 421.875 -359.375 125.000 906.250 -156.250 226.562 945.312 7.812 101.562 1000.000
-507.812 -765.625 -476.562 -882.812 39.062 421.875 -367.188 148.438 906.250 -156.250 226.562 968.750 -7.812 78.125 992.188
-515.625 -750.000 -476.562 -875.000 70.312 437.500 -359.375 156.250 921.875 -156.250 234.375 968.750 15.625 62.500 992.188
-515.625 -750.000 -476.562 -875.000 70.312 437.500 -359.375 156.250 921.875 -156.250 234.375 968.750 15.625 62.500 992.188
-523.438 -750.000 -500.000 -843.750 93.750 460.938 -335.938 195.312 953.125 -78.125 210.938 976.562 31.250 148.438 1023.438
-531.250 -734.375 -515.625 -812.500 109.375 484.375 -265.625 156.250 945.312 -117.188 250.000 1000.000 15.625 109.375 1015.625
-531.250 -734.375 -515.625 -812.500 109.375 484.375 -265.625 156.250 945.312 -117.188 250.000 1000.000 15.625 109.375 1015.625
-554.688 -742.188 -539.062 -804.688 62.500 515.625 -273.438 242.188 968.750 -31.250 296.875 1007.812 101.562 109.375 1046.875
-554.688 -742.188 -539.062 -804.688 62.500 515.625 -273.438 242.188 968.750 -31.250 296.875 1007.812 101.562 109.375 1046.875
-578.125 -773.438 -570.312 -750.000 93.750 578.125 -148.438 265.625 1046.875 23.438 289.062 1039.062 156.250 140.625 1070.312
-593.750 -781.250 -585.938 -734.375 117.188 601.562 -164.062 234.375 1054.688 39.062 265.625 1054.688 164.062 132.812 1070.312
-593.750 -781.250 -585.938 -734.375 117.188 601.562 -164.062 234.375 1054.688 39.062 265.625 1054.688 164.062 132.812 1070.312
-617.188 -789.062 -609.375 -734.375 125.000 601.562 -164.062 210.938 1031.250 31.250 296.875 1000.000 156.250 195.312 1054.688
-625.000 -804.688 -601.562 -757.812 125.000 546.875 -242.188 156.250 937.500 -23.438 304.688 960.938 125.000 218.750 1054.688
-625.000 -804.688 -601.562 -757.812 125.000 546.875 -242.188 156.250 937.500 -23.438 304.688 960.938 125.000 218.750 1054.688
-671.875 -945.312 -640.625 -781.250 39.062 429.688 -484.375 156.250 750.000 -132.812 390.625 898.438 31.250 132.812 1015.625
-671.875 -945.312 -640.625 -781.250 39.062 429.688 -484.375 156.250 750.000 -132.812 390.625 898.438 31.250 132.812 1015.625
-937.500 -1226.562 -984.375 -953.125 -93.750 210.938 -757.812 375.000 679.688 -250.000 476.562 890.625 -15.625 179.688 1031.250
-867.188 -1335.938 -1046.875 -1000.000 -23.438 203.125 -625.000 367.188 718.750 -359.375 460.938 875.000 -46.875 195.312 1046.875
-867.188 -1335.938 -1046.875 -1000.000 -23.438 203.125 -625.000 367.188 718.750 -359.375 460.938 875.000 -46.875 195.312 1046.875
-671.875 -1156.250 -1007.812 -1093.750 -328.125 -140.625 -1203.125 117.188 343.750 -515.625 203.125 820.312 -242.188 164.062 960.938
-648.438 -875.000 -953.125 -1406.250 367.188 -234.375 -578.125 39.062 1242.188 -773.438 70.312 1031.250 -234.375 -117.188 945.312
-648.438 -875.000 -953.125 -1406.250 367.188 -234.375 -578.125 39.062 1242.188 -773.438 70.312 1031.250 -234.375 -117.188 945.312
-742.188 -718.750 -726.562 -921.875 210.938 281.250 -351.562 46.875 726.562 -492.188 7.812 960.938 -570.312 -31.250 929.688
-742.188 -718.750 -726.562 -921.875 210.938 281.250 -351.562 46.875 726.562 -492.188 7.812 960.938 -570.312 -31.250 929.688
-554.688 -617.188 -531.250 -1101.562 195.312 78.125 -812.500 -179.688 718.750 7.812 187.500 945.312 23.438 164.062 976.562
-484.375 -656.250 -320.312 -1046.875 62.500 85.938 -835.938 15.625 703.125 -101.562 273.438 1046.875 46.875 0.000 835.938
-484.375 -656.250 -320.312 -1046.875 62.500 85.938 -835.938 15.625 703.125 -101.562 273.438 1046.875 46.875 0.000 835.938
-437.500 -539.062 -125.000 -812.500 62.500 265.625 -640.625 93.750 640.625 -250.000 210.938 1023.438 -367.188 -375.000 679.688
-437.500 -539.062 -125.000 -812.500 62.500 265.625 -640.625 93.750 640.625 -250.000 210.938 1023.438 -367.188 -375.000 679.688
-453.125 -539.062 23.438 -804.688 85.938 312.500 -585.938 78.125 789.062 -265.625 226.562 898.438 234.375 -296.875 992.188
-375.000 -695.312 265.625 -718.750 218.750 539.062 -406.250 -78.125 882.812 -15.625 476.562 687.500 351.562 218.750 1351.562
-375.000 -695.312 265.625 -718.750 218.750 539.062 -406.250 -78.125 882.812 -15.625 476.562 687.500 351.562 218.750 1351.562
-406.250 -195.312 523.438 -609.375 -351.562 632.812 -695.312 -109.375 609.375 -7.812 585.938 796.875 179.688 273.438 1187.500
-406.250 140.625 617.188 -710.938 -390.625 734.375 -664.062 -15.625 695.312 -15.625 531.250 882.812 179.688 85.938 1078.125
-406.250 140.625 617.188 -710.938 -390.625 734.375 -664.062 -15.625 695.312 -15.625 531.250 882.812 179.688 85.938 1078.125
-375.000 -179.688 640.625 -664.062 -226.562 679.688 -687.500 70.312 656.250 -54.688 648.438 820.312 210.938 -39.062 992.188
-375.000 -179.688 640.625 -664.062 -226.562 679.688 -687.500 70.312 656.250 -54.688 648.438 820.312 210.938 -39.062 992.188
-523.438 -546.875 500.000 -695.312 -46.875 593.750 -703.125 46.875 625.000 -93.750 750.000 773.438 195.312 31.250 1023.438
-742.188 -484.375 343.750 -781.250 54.688 500.000 -679.688 62.500 617.188 -140.625 750.000 718.750 226.562 242.188 1109.375
-742.188 -484.375 343.750 -781.250 54.688 500.000 -679.688 62.500 617.188 -140.625 750.000 718.750 226.562 242.188 1109.375
-742.188 -93.750 335.938 -734.375 -117.188 570.312 -695.312 109.375 664.062 -109.375 648.438 750.000 234.375 304.688 1078.125
-773.438 -85.938 304.688 -703.125 -226.562 609.375 -656.250 62.500 687.500 -93.750 687.500 742.188 234.375 312.500 1054.688
-773.438 -85.938 304.688 -703.125 -226.562 609.375 -656.250 62.500 687.500 -93.750 687.500 742.188 234.375 312.500 1054.688
-781.250 -351.562 328.125 -687.500 -203.125 617.188 -734.375 70.312 601.562 -70.312 695.312 742.188 234.375 304.688 992.188
-781.250 -351.562 328.125 -687.500 -203.125 617.188 -734.375 70.312 601.562 -70.312 695.312 742.188 234.375 304.688 992.188
-789.062 -398.438 343.750 -718.750 -203.125 578.125 -742.188 78.125 585.938 -156.250 695.312 742.188 218.750 234.375 1031.250
-773.438 -484.375 421.875 -781.250 -148.438 585.938 -742.188 -7.812 601.562 -195.312 679.688 718.750 218.750 257.812 1046.875
-773.438 -484.375 421.875 -781.250 -148.438 585.938 -742.188 -7.812 601.562 -195.312 679.688 718.750 218.750 257.812 1046.875
-859.375 -640.625 335.938 -718.750 -187.500 640.625 -789.062 -62.500 523.438 -265.625 664.062 640.625 132.812 257.812 984.375
-914.062 -468.750 328.125 -789.062 -304.688 578.125 -804.688 31.250 531.250 -328.125 585.938 640.625 62.500 265.625 937.500
-914.062 -468.750 328.125 -789.062 -304.688 578.125 -804.688 31.250 531.250 -328.125 585.938 640.625 62.500 265.625 937.500
-843.750 -406.250 375.000 -828.125 -132.812 593.750 -820.312 -54.688 546.875 -296.875 593.750 671.875 -15.625 257.812 914.062
-843.750 -406.250 375.000 -828.125 -132.812 593.750 -820.312 -54.688 546.875 -296.875 593.750 671.875 -15.625 257.812 914.062
-804.688 -406.250 414.062 -828.125 -125.000 546.875 -804.688 -31.250 570.312 -281.250 617.188 687.500 15.625 242.188 921.875
-789.062 -382.812 429.688 -820.312 -132.812 523.438 -812.500 -7.812 554.688 -242.188 601.562 734.375 39.062 257.812 984.375
-789.062 -382.812 429.688 -820.312 -132.812 523.438 -812.500 -7.812 554.688 -242.188 601.562 734.375 39.062 257.812 984.375
-820.312 -335.938 367.188 -812.500 -101.562 539.062 -789.062 -31.250 609.375 -281.250 625.000 718.750 85.938 257.812 992.188
-875.000 -320.312 304.688 -781.250 -78.125 585.938 -773.438 -31.250 656.250 -273.438 617.188 710.938 62.500 257.812 992.188
-875.000 -320.312 304.688 -781.250 -78.125 585.938 -773.438 -31.250 656.250 -273.438 617.188 710.938 62.500 257.812 992.188
-937.500 -359.375 226.562 -742.188 -46.875 601.562 -750.000 -7.812 679.688 -195.312 625.000 742.188 23.438 273.438 968.750
-937.500 -359.375 226.562 -742.188 -46.875 601.562 -750.000 -7.812 679.688 -195.312 625.000 742.188 23.438 273.438 968.750
-937.500 -351.562 242.188 -750.000 -54.688 585.938 -742.188 -15.625 679.688 -187.500 632.812 765.625 31.250 289.062 984.375
-859.375 -414.062 312.500 -757.812 -109.375 601.562 -757.812 -23.438 632.812 -234.375 671.875 757.812 132.812 242.188 1031.250
-859.375 -414.062 312.500 -757.812 -109.375 601.562 -757.812 -23.438 632.812 -234.375 671.875 757.812 132.812 242.188 1031.250
-875.000 -382.812 304.688 -781.250 -78.125 562.500 -765.625 -39.062 632.812 -250.000 648.438 773.438 148.438 210.938 1039.062
-867.188 -351.562 289.062 -765.625 -101.562 570.312 -750.000 -46.875 648.438 -250.000 625.000 757.812 78.125 234.375 1023.438
-867.188 -351.562 289.062 -765.625 -101.562 570.312 -750.000 -46.875 648.438 -250.000 625.000 757.812 78.125 234.375 1023.438
-898.438 -304.688 281.250 -789.062 -156.250 562.500 -796.875 -85.938 585.938 -328.125 593.750 687.500 -15.625 273.438 984.375
-898.438 -304.688 281.250 -789.062 -156.250 562.500 -796.875 -85.938 585.938 -328.125 593.750 687.500 -15.625 273.438 984.375
-875.000 -304.688 304.688 -812.500 -171.875 531.250 -820.312 -70.312 546.875 -335.938 578.125 718.750 39.062 218.750 992.188
-875.000 -328.125 304.688 -843.750 -132.812 476.562 -828.125 -62.500 515.625 -328.125 570.312 718.750 54.688 132.812 976.562
-875.000 -328.125 304.688 -843.750 -132.812 476.562 -828.125 -62.500 515.625 -328.125 570.312 718.750 54.688 132.812 976.562
-921.875 -359.375 226.562 -843.750 -93.750 429.688 -843.750 -31.250 476.562 -328.125 578.125 734.375 46.875 156.250 1000.000
-929.688 -304.688 210.938 -851.562 -85.938 429.688 -843.750 -23.438 484.375 -320.312 578.125 734.375 23.438 156.250 1000.000
-929.688 -304.688 210.938 -851.562 -85.938 429.688 -843.750 -23.438 484.375 -320.312 578.125 734.375 23.438 156.250 1000.000
-906.250 -281.250 203.125 -843.750 -93.750 414.062 -828.125 -39.062 500.000 -335.938 593.750 734.375 31.250 179.688 1023.438
-906.250 -281.250 203.125 -843.750 -93.750 414.062 -828.125 -39.062 500.000 -335.938 593.750 734.375 31.250 179.688 1023.438
-914.062 -289.062 210.938 -835.938 -93.750 429.688 -812.500 -54.688 523.438 -335.938 609.375 757.812 -7.812 187.500 1039.062
-914.062 -296.875 210.938 -812.500 -109.375 445.312 -812.500 -46.875 523.438 -312.500 593.750 765.625 54.688 171.875 1070.312
-906.250 -312.500 203.125 -812.500 -109.375 460.938 -804.688 -46.875 523.438 -296.875 562.500 757.812 39.062 132.812 1039.062
-914.062 -304.688 210.938 -820.312 -132.812 453.125 -828.125 -70.312 492.188 -343.750 546.875 742.188 23.438 101.562 976.562
-914.062 -304.688 210.938 -820.312 -132.812 453.125 -828.125 -70.312 492.188 -343.750 546.875 742.188 23.438 101.562 976.562
-906.250 -304.688 226.562 -828.125 -125.000 445.312 -828.125 -70.312 492.188 -335.938 539.062 734.375 7.812 101.562 960.938
-898.438 -296.875 226.562 -835.938 -132.812 445.312 -820.312 -70.312 500.000 -343.750 562.500 742.188 -23.438 140.625 1000.000
-898.438 -296.875 226.562 -835.938 -132.812 445.312 -820.312 -70.312 500.000 -343.750 562.500 742.188 -23.438 140.625 1000.000
-890.625 -281.250 234.375 -820.312 -140.625 460.938 -804.688 -93.750 523.438 -328.125 578.125 757.812 -23.438 148.438 1023.438
-882.812 -242.188 234.375 -812.500 -156.250 484.375 -789.062 -85.938 554.688 -312.500 585.938 773.438 -7.812 156.250 1046.875
-890.625 -179.688 242.188 -796.875 -156.250 500.000 -781.250 -85.938 562.500 -304.688 585.938 789.062 -15.625 156.250 1062.500
-851.562 -125.000 234.375 -781.250 -140.625 515.625 -773.438 -70.312 617.188 -273.438 664.062 851.562 7.812 164.062 1117.188
-851.562 -125.000 234.375 -781.250 -140.625 515.625 -773.438 -70.312 617.188 -273.438 664.062 851.562 7.812 164.062 1117.188
-843.750 7.812 257.812 -796.875 -148.438 546.875 -765.625 -70.312 640.625 -273.438 687.500 859.375 7.812 187.500 1164.062
-710.938 -70.312 359.375 -765.625 -156.250 617.188 -773.438 -109.375 671.875 -289.062 570.312 828.125 31.250 210.938 1179.688
-710.938 -70.312 359.375 -765.625 -156.250 617.188 -773.438 -109.375 671.875 -289.062 570.312 828.125 31.250 210.938 1179.688
-695.312 140.625 312.500 -742.188 -117.188 617.188 -789.062 -85.938 656.250 -335.938 632.812 859.375 -7.812 54.688 1101.562
-742.188 328.125 281.250 -734.375 -85.938 632.812 -757.812 -117.188 671.875 -390.625 585.938 835.938 -132.812 54.688 1085.938
-703.125 218.750 281.250 -734.375 -117.188 679.688 -781.250 -125.000 679.688 -398.438 570.312 820.312 -140.625 62.500 1078.125
-578.125 203.125 273.438 -804.688 -125.000 695.312 -781.250 -62.500 632.812 -445.312 671.875 796.875 -281.250 117.188 1039.062
-578.125 203.125 273.438 -804.688 -125.000 695.312 -781.250 -62.500 632.812 -445.312 671.875 796.875 -281.250 117.188 1039.062
-562.500 85.938 226.562 -773.438 -148.438 609.375 -851.562 -39.062 585.938 -406.250 625.000 820.312 -406.250 62.500 945.312
-531.250 -78.125 132.812 -796.875 -93.750 539.062 -875.000 -54.688 578.125 -515.625 585.938 796.875 -273.438 31.250 1148.438
-531.250 -78.125 132.812 -796.875 -93.750 539.062 -875.000 -54.688 578.125 -515.625 585.938 796.875 -273.438 31.250 1148.438
-492.188 -70.312 93.750 -835.938 -31.250 460.938 -851.562 -31.250 640.625 -562.500 507.812 812.500 -281.250 242.188 1351.562
-492.188 -70.312 93.750 -835.938 -31.250 460.938 -851.562 -31.250 640.625 -562.500 507.812 812.500 -281.250 242.188 1351.562
-468.750 -156.250 -70.312 -843.750 164.062 382.812 -812.500 -156.250 664.062 -484.375 273.438 695.312 -117.188 304.688 1437.500
-578.125 -476.562 -273.438 -687.500 -109.375 398.438 -531.250 -570.312 421.875 -843.750 445.312 375.000 414.062 609.375 1601.562
-578.125 -476.562 -273.438 -687.500 -109.375 398.438 -531.250 -570.312 421.875 -843.750 445.312 375.000 414.062 609.375 1601.562
-648.438 -539.062 -335.938 -960.938 39.062 164.062 -835.938 -382.812 429.688 -804.688 226.562 304.688 585.938 968.750 1406.250
-664.062 -695.312 -429.688 -929.688 234.375 78.125 -851.562 187.500 703.125 -46.875 367.188 1390.625 -117.188 -125.000 195.312
-664.062 -695.312 -429.688 -929.688 234.375 78.125 -851.562 187.500 703.125 -46.875 367.188 1390.625 -117.188 -125.000 195.312
-625.000 -773.438 -437.500 -875.000 476.562 39.062 -718.750 0.000 507.812 -140.625 210.938 914.062 -437.500 -773.438 218.750
-625.000 -773.438 -437.500 -875.000 476.562 39.062 -718.750 0.000 507.812 -140.625 210.938 914.062 -437.500 -773.438 218.750
-687.500 -1132.812 -539.062 -1023.438 46.875 179.688 -664.062 -304.688 210.938 -468.750 453.125 320.312 -78.125 -226.562 796.875
-726.562 -1593.750 -710.938 -960.938 -335.938 242.188 -781.250 -250.000 210.938 -773.438 23.438 7.812 -773.438 -93.750 171.875
-726.562 -1593.750 -710.938 -960.938 -335.938 242.188 -781.250 -250.000 210.938 -773.438 23.438 7.812 -773.438 -93.750 171.875
-742.188 -1664.062 -765.625 -960.938 -625.000 273.438 -898.438 -195.312 171.875 -929.688 -46.875 -93.750 -1015.625 281.250 -93.750
-726.562 -1539.062 -726.562 -929.688 -664.062 382.812 -1109.375 -281.250 93.750 -1187.500 250.000 -148.438 -1179.688 328.125 -140.625
-726.562 -1539.062 -726.562 -929.688 -664.062 382.812 -1109.375 -281.250 93.750 -1187.500 250.000 -148.438 -1179.688 328.125 -140.625
-656.250 -1429.688 -601.562 -867.188 -609.375 421.875 -1054.688 -265.625 93.750 -1203.125 257.812 -140.625 -1156.250 265.625 -23.438
-656.250 -1429.688 -601.562 -867.188 -609.375 421.875 -1054.688 -265.625 93.750 -1203.125 257.812 -140.625 -1156.250 265.625 -23.438
-523.438 -1179.688 -359.375 -828.125 -390.625 484.375 -1023.438 -250.000 187.500 -1132.812 156.250 -62.500 -1039.062 187.500 132.812
-484.375 -1078.125 -265.625 -843.750 -226.562 429.688 -953.125 -242.188 203.125 -1054.688 210.938 7.812 -1007.812 101.562 195.312
-484.375 -1078.125 -265.625 -843.750 -226.562 429.688 -953.125 -242.188 203.125 -1054.688 210.938 7.812 -1007.812 101.562 195.312
-468.750 -1031.250 -218.750 -851.562 -226.562 359.375 -960.938 -226.562 195.312 -1039.062 234.375 46.875 -992.188 140.625 257.812
-515.625 -859.375 -281.250 -953.125 -296.875 203.125 -1000.000 -101.562 156.250 -953.125 304.688 132.812 -914.062 187.500 359.375
-515.625 -859.375 -281.250 -953.125 -296.875 203.125 -1000.000 -101.562 156.250 -953.125 304.688 132.812 -914.062 187.500 359.375
-554.688 -812.500 -343.750 -992.188 -335.938 132.812 -984.375 -54.688 140.625 -929.688 328.125 187.500 -875.000 164.062 437.500
-554.688 -812.500 -343.750 -992.188 -335.938 132.812 -984.375 -54.688 140.625 -929.688 328.125 187.500 -875.000 164.062 437.500
-648.438 -781.250 -453.125 -1000.000 -218.750 164.062 -1000.000 -101.562 203.125 -921.875 320.312 289.062 -843.750 62.500 546.875
-632.812 -679.688 -468.750 -921.875 -148.438 242.188 -921.875 -164.062 273.438 -851.562 273.438 335.938 -804.688 46.875 570.312
-632.812 -679.688 -468.750 -921.875 -148.438 242.188 -921.875 -164.062 273.438 -851.562 273.438 335.938 -804.688 46.875 570.312
-609.375 -648.438 -468.750 -882.812 -117.188 273.438 -890.625 -164.062 328.125 -851.562 242.188 335.938 -820.312 62.500 539.062
-570.312 -539.062 -460.938 -859.375 -132.812 328.125 -875.000 -179.688 367.188 -859.375 328.125 375.000 -828.125 31.250 562.500
-570.312 -539.062 -460.938 -859.375 -132.812 328.125 -875.000 -179.688 367.188 -859.375 328.125 375.000 -828.125 31.250 562.500
-562.500 -585.938 -445.312 -851.562 -140.625 328.125 -890.625 -148.438 367.188 -875.000 343.750 359.375 -820.312 62.500 585.938
-562.500 -585.938 -445.312 -851.562 -140.625 328.125 -890.625 -148.438 367.188 -875.000 343.750 359.375 -820.312 62.500 585.938
-562.500 -742.188 -429.688 -859.375 -171.875 335.938 -906.250 -132.812 320.312 -890.625 367.188 312.500 -828.125 125.000 593.750
-546.875 -773.438 -414.062 -843.750 -234.375 367.188 -906.250 -164.062 304.688 -898.438 296.875 257.812 -843.750 132.812 515.625
-546.875 -773.438 -414.062 -843.750 -234.375 367.188 -906.250 -164.062 304.688 -898.438 296.875 257.812 -843.750 132.812 515.625
-539.062 -804.688 -406.250 -835.938 -234.375 375.000 -914.062 -187.500 289.062 -921.875 289.062 250.000 -882.812 101.562 453.125
-523.438 -796.875 -414.062 -867.188 -257.812 367.188 -914.062 -218.750 289.062 -937.500 250.000 210.938 -875.000 109.375 421.875
-523.438 -796.875 -414.062 -867.188 -257.812 367.188 -914.062 -218.750 289.062 -937.500 250.000 210.938 -875.000 109.375 421.875
-539.062 -781.250 -421.875 -859.375 -265.625 359.375 -921.875 -234.375 273.438 -945.312 250.000 203.125 -898.438 109.375 406.250
-539.062 -781.250 -421.875 -859.375 -265.625 359.375 -921.875 -234.375 273.438 -945.312 250.000 203.125 -898.438 109.375 406.250
-531.250 -796.875 -414.062 -882.812 -304.688 320.312 -937.500 -234.375 234.375 -953.125 250.000 179.688 -914.062 132.812 398.438
-539.062 -820.312 -414.062 -882.812 -289.062 320.312 -937.500 -210.938 234.375 -937.500 257.812 226.562 -890.625 93.750 429.688
-539.062 -820.312 -414.062 -882.812 -289.062 320.312 -937.500 -210.938 234.375 -937.500 257.812 226.562 -890.625 93.750 429.688
-531.250 -812.500 -414.062 -890.625 -289.062 296.875 -945.312 -210.938 242.188 -929.688 250.000 257.812 -875.000 62.500 445.312
-515.625 -796.875 -414.062 -898.438 -273.438 296.875 -937.500 -203.125 250.000 -921.875 265.625 273.438 -851.562 70.312 500.000
-515.625 -796.875 -414.062 -898.438 -273.438 296.875 -937.500 -203.125 250.000 -921.875 265.625 273.438 -851.562 70.312 500.000
-523.438 -789.062 -414.062 -875.000 -273.438 312.500 -921.875 -234.375 265.625 -906.250 273.438 289.062 -851.562 62.500 515.625
-515.625 -757.812 -429.688 -843.750 -250.000 343.750 -867.188 -257.812 343.750 -875.000 257.812 359.375 -835.938 39.062 531.250
-515.625 -757.812 -429.688 -843.750 -250.000 343.750 -867.188 -257.812 343.750 -875.000 257.812 359.375 -835.938 39.062 531.250
-539.062 -773.438 -460.938 -851.562 -226.562 367.188 -859.375 -257.812 359.375 -882.812 281.250 375.000 -828.125 7.812 562.500
-539.062 -773.438 -460.938 -851.562 -226.562 367.188 -859.375 -257.812 359.375 -882.812 281.250 375.000 -828.125 7.812 562.500
-531.250 -781.250 -453.125 -851.562 -234.375 367.188 -875.000 -250.000 343.750 -890.625 281.250 367.188 -820.312 23.438 578.125
-531.250 -781.250 -453.125 -851.562 -234.375 367.188 -875.000 -250.000 343.750 -890.625 281.250 367.188 -820.312 23.438 578.125
-515.625 -773.438 -429.688 -859.375 -250.000 367.188 -906.250 -242.188 328.125 -898.438 289.062 320.312 -835.938 62.500 570.312
-507.812 -750.000 -445.312 -859.375 -242.188 367.188 -921.875 -226.562 304.688 -914.062 304.688 304.688 -851.562 62.500 562.500
-515.625 -734.375 -445.312 -859.375 -242.188 375.000 -921.875 -226.562 296.875 -929.688 296.875 281.250 -859.375 62.500 546.875
-507.812 -750.000 -445.312 -867.188 -242.188 367.188 -921.875 -218.750 296.875 -929.688 304.688 265.625 -859.375 70.312 531.250
-523.438 -773.438 -429.688 -875.000 -226.562 328.125 -921.875 -195.312 296.875 -921.875 320.312 273.438 -867.188 101.562 546.875
-523.438 -773.438 -429.688 -875.000 -226.562 328.125 -921.875 -195.312 296.875 -921.875 320.312 273.438 -867.188 101.562 546.875
-531.250 -765.625 -429.688 -882.812 -218.750 328.125 -921.875 -195.312 304.688 -929.688 304.688 273.438 -859.375 93.750 539.062
-531.250 -765.625 -429.688 -882.812 -218.750 328.125 -921.875 -195.312 304.688 -929.688 304.688 273.438 -859.375 93.750 539.062
-531.250 -765.625 -406.250 -875.000 -210.938 335.938 -906.250 -210.938 296.875 -937.500 281.250 257.812 -859.375 78.125 515.625
-531.250 -781.250 -414.062 -875.000 -203.125 343.750 -914.062 -203.125 281.250 -937.500 289.062 242.188 -859.375 85.938 507.812
-531.250 -781.250 -414.062 -875.000 -203.125 343.750 -914.062 -203.125 281.250 -937.500 289.062 242.188 -859.375 85.938 507.812
-554.688 -796.875 -414.062 -875.000 -203.125 328.125 -937.500 -195.312 265.625 -937.500 281.250 234.375 -882.812 109.375 476.562
-546.875 -859.375 -398.438 -875.000 -218.750 320.312 -929.688 -179.688 257.812 -953.125 304.688 218.750 -875.000 101.562 484.375
-546.875 -859.375 -398.438 -875.000 -218.750 320.312 -929.688 -179.688 257.812 -953.125 304.688 218.750 -875.000 101.562 484.375
-539.062 -914.062 -375.000 -859.375 -234.375 328.125 -929.688 -164.062 250.000 -945.312 312.500 218.750 -882.812 125.000 492.188
-539.062 -914.062 -375.000 -859.375 -234.375 328.125 -929.688 -164.062 250.000 -945.312 312.500 218.750 -882.812 125.000 492.188
-539.062 -1000.000 -390.625 -851.562 -250.000 328.125 -921.875 -164.062 242.188 -976.562 273.438 179.688 -921.875 125.000 460.938
-570.312 -1085.938 -429.688 -851.562 -273.438 343.750 -914.062 -171.875 242.188 -1000.000 226.562 140.625 -945.312 117.188 382.812
-570.312 -1085.938 -429.688 -851.562 -273.438 343.750 -914.062 -171.875 242.188 -1000.000 226.562 140.625 -945.312 117.188 382.812
-539.062 -1218.750 -445.312 -859.375 -296.875 359.375 -914.062 -250.000 179.688 -1015.625 218.750 54.688 -984.375 148.438 273.438
-507.812 -1320.312 -406.250 -914.062 -179.688 375.000 -968.750 -289.062 164.062 -1054.688 101.562 7.812 -1015.625 179.688 226.562
-507.812 -1320.312 -406.250 -914.062 -179.688 375.000 -968.750 -289.062 164.062 -1054.688 101.562 7.812 -1015.625 179.688 226.562
-500.000 -1335.938 -390.625 -929.688 -148.438 375.000 -976.562 -304.688 140.625 -1070.312 31.250 -93.750 -1046.875 132.812 101.562
-500.000 -1335.938 -390.625 -929.688 -148.438 375.000 -976.562 -304.688 140.625 -1070.312 31.250 -93.750 -1046.875 132.812 101.562
-515.625 -1382.812 -367.188 -882.812 -187.500 398.438 -867.188 -359.375 117.188 -984.375 -23.438 -250.000 -984.375 39.062 -93.750
-492.188 -1296.875 -382.812 -820.312 -187.500 421.875 -851.562 -343.750 85.938 -968.750 -7.812 -250.000 -937.500 -31.250 -109.375
-492.188 -1296.875 -382.812 -820.312 -187.500 421.875 -851.562 -343.750 85.938 -968.750 -7.812 -250.000 -937.500 -31.250 -109.375
-593.750 -1281.250 -390.625 -843.750 -210.938 406.250 -984.375 -296.875 7.812 -812.500 93.750 -164.062 -820.312 -117.188 -156.250
-437.500 -921.875 -281.250 -835.938 -140.625 484.375 -960.938 -312.500 39.062 -960.938 367.188 187.500 -328.125 -429.688 -218.750
-437.500 -921.875 -281.250 -835.938 -140.625 484.375 -960.938 -312.500 39.062 -960.938 367.188 187.500 -328.125 -429.688 -218.750
-476.562 -750.000 -226.562 -882.812 -132.812 453.125 -937.500 -359.375 132.812 -546.875 164.062 39.062 -320.312 -585.938 -289.062
-476.562 -750.000 -226.562 -882.812 -132.812 453.125 -937.500 -359.375 132.812 -546.875 164.062 39.062 -320.312 -585.938 -289.062
-539.062 -398.438 -226.562 -898.438 -156.250 273.438 -929.688 -109.375 62.500 -437.500 132.812 203.125 265.625 -601.562 -507.812
-578.125 -242.188 -226.562 -929.688 -210.938 250.000 -828.125 -62.500 7.812 -101.562 -46.875 195.312 687.500 0.000 -421.875
-578.125 -242.188 -226.562 -929.688 -210.938 250.000 -828.125 -62.500 7.812 -101.562 -46.875 195.312 687.500 0.000 -421.875
-679.688 -23.438 -304.688 -820.312 -203.125 367.188 -742.188 -39.062 132.812 -164.062 -132.812 429.688 1429.688 1187.500 945.312
-804.688 101.562 -421.875 -812.500 -31.250 390.625 -507.812 70.312 195.312 164.062 1085.938 531.250 851.562 828.125 2398.438
-804.688 101.562 -421.875 -812.500 -31.250 390.625 -507.812 70.312 195.312 164.062 1085.938 531.250 851.562 828.125 2398.438
-843.750 164.062 -406.250 -898.438 234.375 406.250 171.875 953.125 7.812 132.812 1359.375 601.562 726.562 671.875 2546.875
-843.750 164.062 -406.250 -898.438 234.375 406.250 171.875 953.125 7.812 132.812 1359.375 601.562 726.562 671.875 2546.875
-859.375 367.188 -437.500 -890.625 -695.312 125.000 -617.188 70.312 1281.250 85.938 1648.438 1578.125 859.375 1132.812 2328.125
-859.375 359.375 -351.562 -960.938 -39.062 171.875 -273.438 750.000 1429.688 31.250 1218.750 2085.938 734.375 945.312 1804.688
-859.375 359.375 -351.562 -960.938 -39.062 171.875 -273.438 750.000 1429.688 31.250 1218.750 2085.938 734.375 945.312 1804.688
-882.812 54.688 -250.000 -835.938 648.438 234.375 -218.750 890.625 1601.562 1296.875 546.875 1890.625 335.938 -132.812 1273.438
-898.438 -109.375 -195.312 -804.688 617.188 328.125 -367.188 789.062 1445.312 1093.750 500.000 1750.000 429.688 -179.688 1117.188
-875.000 -125.000 -93.750 -812.500 531.250 421.875 -398.438 640.625 1312.500 570.312 515.625 1531.250 507.812 -273.438 1023.438
-851.562 -203.125 -46.875 -765.625 406.250 460.938 -390.625 468.750 1171.875 179.688 640.625 1273.438 484.375 -289.062 1007.812
-851.562 -203.125 -46.875 -765.625 406.250 460.938 -390.625 468.750 1171.875 179.688 640.625 1273.438 484.375 -289.062 1007.812
-890.625 -296.875 -7.812 -875.000 242.188 382.812 -476.562 179.688 851.562 -78.125 664.062 796.875 351.562 156.250 1148.438
-914.062 -328.125 23.438 -945.312 140.625 367.188 -492.188 62.500 812.500 -210.938 562.500 734.375 296.875 257.812 1117.188
-914.062 -328.125 23.438 -945.312 140.625 367.188 -492.188 62.500 812.500 -210.938 562.500 734.375 296.875 257.812 1117.188
-906.250 -234.375 -15.625 -984.375 78.125 437.500 -367.188 15.625 953.125 -390.625 101.562 687.500 125.000 359.375 859.375
-906.250 -234.375 -15.625 -984.375 78.125 437.500 -367.188 15.625 953.125 -390.625 101.562 687.500 125.000 359.375 859.375
-960.938 -390.625 39.062 -945.312 -78.125 453.125 -445.312 -78.125 734.375 -429.688 289.062 632.812 -179.688 171.875 750.000
-1000.000 -562.500 -62.500 -929.688 -101.562 445.312 -539.062 23.438 781.250 -179.688 210.938 734.375 -39.062 93.750 703.125
-1000.000 -562.500 -62.500 -929.688 -101.562 445.312 -539.062 23.438 781.250 -179.688 210.938 734.375 -39.062 93.750 703.125
-960.938 -570.312 31.250 -929.688 -46.875 453.125 -421.875 117.188 929.688 -23.438 265.625 1015.625 62.500 -85.938 859.375
-906.250 -523.438 46.875 -929.688 -39.062 445.312 -398.438 101.562 968.750 93.750 343.750 1046.875 210.938 23.438 992.188
-906.250 -523.438 46.875 -929.688 -39.062 445.312 -398.438 101.562 968.750 93.750 343.750 1046.875 210.938 23.438 992.188
-906.250 -406.250 -15.625 -937.500 46.875 390.625 -359.375 140.625 960.938 93.750 421.875 1054.688 445.312 101.562 1132.812
-906.250 -406.250 -15.625 -937.500 46.875 390.625 -359.375 140.625 960.938 93.750 421.875 1054.688 445.312 101.562 1132.812
-914.062 -382.812 -39.062 -914.062 117.188 312.500 -382.812 179.688 890.625 70.312 398.438 992.188 445.312 39.062 1054.688
-898.438 -335.938 -31.250 -882.812 156.250 328.125 -390.625 203.125 898.438 62.500 414.062 968.750 414.062 46.875 1031.250
-898.438 -335.938 -31.250 -882.812 156.250 328.125 -390.625 203.125 898.438 62.500 414.062 968.750 414.062 46.875 1031.250
-898.438 -312.500 -31.250 -851.562 218.750 351.562 -382.812 234.375 906.250 23.438 429.688 976.562 351.562 117.188 1046.875
-890.625 -335.938 -39.062 -851.562 218.750 320.312 -421.875 250.000 859.375 39.062 445.312 945.312 320.312 117.188 1039.062
-890.625 -335.938 -39.062 -851.562 218.750 320.312 -421.875 250.000 859.375 39.062 445.312 945.312 320.312 117.188 1039.062
-890.625 -304.688 7.812 -843.750 226.562 343.750 -390.625 273.438 898.438 -39.062 421.875 929.688 304.688 148.438 1015.625
-890.625 -304.688 7.812 -843.750 226.562 343.750 -390.625 273.438 898.438 -39.062 421.875 929.688 304.688 148.438 1015.625
-859.375 -453.125 54.688 -875.000 210.938 289.062 -437.500 226.562 835.938 -62.500 421.875 898.438 218.750 156.250 1007.812
-890.625 -398.438 54.688 -882.812 210.938 320.312 -414.062 234.375 867.188 -54.688 406.250 914.062 203.125 179.688 1007.812
-890.625 -398.438 54.688 -882.812 210.938 320.312 -414.062 234.375 867.188 -54.688 406.250 914.062 203.125 179.688 1007.812
-882.812 -375.000 15.625 -875.000 156.250 335.938 -406.250 234.375 843.750 -23.438 406.250 882.812 171.875 148.438 945.312
-929.688 -382.812 -7.812 -859.375 156.250 359.375 -406.250 203.125 859.375 -31.250 398.438 882.812 187.500 164.062 937.500
-929.688 -382.812 -7.812 -859.375 156.250 359.375 -406.250 203.125 859.375 -31.250 398.438 882.812 187.500 164.062 937.500
-921.875 -359.375 7.812 -882.812 171.875 359.375 -375.000 179.688 898.438 -46.875 351.562 914.062 195.312 93.750 945.312
-914.062 -406.250 31.250 -890.625 140.625 359.375 -375.000 195.312 906.250 -15.625 367.188 953.125 210.938 101.562 992.188
-914.062 -406.250 31.250 -890.625 140.625 359.375 -375.000 195.312 906.250 -15.625 367.188 953.125 210.938 101.562 992.188
-914.062 -421.875 31.250 -890.625 132.812 367.188 -398.438 195.312 906.250 -23.438 382.812 968.750 242.188 93.750 1023.438
-914.062 -421.875 31.250 -890.625 132.812 367.188 -398.438 195.312 906.250 -23.438 382.812 968.750 242.188 93.750 1023.438
-914.062 -406.250 15.625 -890.625 140.625 351.562 -398.438 195.312 906.250 0.000 390.625 976.562 265.625 93.750 1054.688
-914.062 -406.250 15.625 -890.625 140.625 351.562 -398.438 195.312 906.250 0.000 390.625 976.562 265.625 93.750 1054.688
-914.062 -421.875 7.812 -898.438 156.250 328.125 -421.875 195.312 898.438 -15.625 390.625 968.750 257.812 101.562 1046.875
-937.500 -367.188 0.000 -914.062 164.062 304.688 -437.500 195.312 882.812 -39.062 375.000 968.750 265.625 54.688 1015.625
-937.500 -367.188 0.000 -914.062 164.062 304.688 -437.500 195.312 882.812 -39.062 375.000 968.750 265.625 54.688 1015.625
-921.875 -335.938 7.812 -890.625 132.812 312.500 -429.688 203.125 859.375 -15.625 398.438 953.125 265.625 46.875 1015.625
-921.875 -328.125 15.625 -875.000 132.812 328.125 -406.250 203.125 875.000 -23.438 398.438 953.125 234.375 117.188 1031.250
-921.875 -328.125 15.625 -875.000 132.812 328.125 -406.250 203.125 875.000 -23.438 398.438 953.125 234.375 117.188 1031.250
-906.250 -351.562 23.438 -882.812 140.625 351.562 -421.875 195.312 875.000 -93.750 398.438 937.500 62.500 148.438 1007.812
-906.250 -351.562 23.438 -882.812 140.625 351.562 -421.875 195.312 875.000 -93.750 398.438 937.500 62.500 148.438 1007.812
-921.875 -375.000 39.062 -906.250 125.000 335.938 -460.938 179.688 843.750 -101.562 406.250 921.875 140.625 117.188 992.188
-875.000 -414.062 70.312 -875.000 125.000 359.375 -382.812 242.188 890.625 54.688 476.562 1015.625 304.688 93.750 1085.938
-875.000 -414.062 70.312 -875.000 125.000 359.375 -382.812 242.188 890.625 54.688 476.562 1015.625 304.688 93.750 1085.938
-781.250 -429.688 187.500 -843.750 78.125 398.438 -296.875 304.688 914.062 125.000 507.812 1054.688 281.250 171.875 1187.500
-773.438 -437.500 195.312 -875.000 101.562 382.812 -250.000 351.562 929.688 156.250 515.625 1054.688 179.688 218.750 1203.125
-773.438 -437.500 195.312 -875.000 101.562 382.812 -250.000 351.562 929.688 156.250 515.625 1054.688 179.688 218.750 1203.125
-773.438 -445.312 257.812 -867.188 62.500 476.562 -296.875 289.062 945.312 7.812 476.562 1078.125 187.500 179.688 1117.188
-773.438 -445.312 257.812 -867.188 62.500 476.562 -296.875 289.062 945.312 7.812 476.562 1078.125 187.500 179.688 1117.188
-765.625 -437.500 273.438 -835.938 85.938 531.250 -250.000 226.562 953.125 -62.500 359.375 1062.500 398.438 85.938 1296.875
-757.812 -359.375 328.125 -835.938 -93.750 554.688 -187.500 218.750 914.062 -117.188 296.875 890.625 -171.875 187.500 976.562
-757.812 -359.375 328.125 -835.938 -93.750 554.688 -187.500 218.750 914.062 -117.188 296.875 890.625 -171.875 187.500 976.562
-726.562 -382.812 367.188 -1242.188 -7.812 78.125 -507.812 70.312 703.125 -414.062 171.875 820.312 -257.812 15.625 812.500
-742.188 -484.375 296.875 -1250.000 281.250 70.312 -960.938 -546.875 546.875 -632.812 187.500 750.000 -93.750 -109.375 1000.000
-742.188 -484.375 296.875 -1250.000 281.250 70.312 -960.938 -546.875 546.875 -632.812 187.500 750.000 -93.750 -109.375 1000.000
-812.500 -531.250 78.125 -1140.625 390.625 -46.875 -781.250 -62.500 632.812 -671.875 570.312 960.938 0.000 359.375 1757.812
-812.500 -531.250 78.125 -1140.625 390.625 -46.875 -781.250 -62.500 632.812 -671.875 570.312 960.938 0.000 359.375 1757.812
-882.812 -531.250 -62.500 -1078.125 406.250 23.438 -687.500 15.625 695.312 -468.750 460.938 1015.625 156.250 250.000 1812.500
-953.125 -281.250 -281.250 -851.562 476.562 101.562 -468.750 218.750 789.062 -304.688 70.312 914.062 0.000 54.688 1007.812
-953.125 -281.250 -281.250 -851.562 476.562 101.562 -468.750 218.750 789.062 -304.688 70.312 914.062 0.000 54.688 1007.812
-960.938 -257.812 -382.812 -664.062 367.188 265.625 -398.438 218.750 750.000 -328.125 835.938 1156.250 250.000 0.000 1789.062
-945.312 -335.938 -406.250 -640.625 218.750 289.062 -453.125 148.438 710.938 -335.938 804.688 1101.562 453.125 -46.875 1898.438
-945.312 -335.938 -406.250 -640.625 218.750 289.062 -453.125 148.438 710.938 -335.938 804.688 1101.562 453.125 -46.875 1898.438
-945.312 -78.125 -367.188 -460.938 7.812 429.688 -562.500 23.438 734.375 -312.500 429.688 960.938 140.625 429.688 1109.375
-945.312 -78.125 -367.188 -460.938 7.812 429.688 -562.500 23.438 734.375 -312.500 429.688 960.938 140.625 429.688 1109.375
-867.188 -289.062 -335.938 -500.000 0.000 515.625 -531.250 23.438 812.500 -359.375 304.688 976.562 234.375 570.312 1210.938
-898.438 -781.250 -460.938 54.688 0.000 921.875 -640.625 -117.188 765.625 -242.188 218.750 742.188 -23.438 226.562 507.812
-898.438 -781.250 -460.938 54.688 0.000 921.875 -640.625 -117.188 765.625 -242.188 218.750 742.188 -23.438 226.562 507.812
-781.250 -265.625 -328.125 -359.375 -296.875 1039.062 -70.312 -476.562 1031.250 -421.875 -492.188 554.688 -593.750 -7.812 -218.750
-890.625 -78.125 -296.875 -257.812 -46.875 1046.875 -62.500 -585.938 1015.625 -500.000 -617.188 460.938 -898.438 242.188 -257.812
-890.625 -78.125 -296.875 -257.812 -46.875 1046.875 -62.500 -585.938 1015.625 -500.000 -617.188 460.938 -898.438 242.188 -257.812
-968.750 -343.750 -257.812 -296.875 -171.875 1039.062 140.625 -648.438 968.750 -718.750 -523.438 312.500 -1062.500 312.500 -335.938
-968.750 -343.750 -257.812 -296.875 -171.875 1039.062 140.625 -648.438 968.750 -718.750 -523.438 312.500 -1062.500 312.500 -335.938
-937.500 -570.312 -218.750 -320.312 -500.000 1132.812 109.375 -718.750 859.375 -765.625 -460.938 312.500 -1070.312 156.250 -335.938
-914.062 -882.812 -109.375 -382.812 -648.438 1148.438 -242.188 -789.062 710.938 -710.938 -312.500 437.500 -921.875 31.250 39.062
-914.062 -882.812 -109.375 -382.812 -648.438 1148.438 -242.188 -789.062 710.938 -710.938 -312.500 437.500 -921.875 31.250 39.062
-898.438 -1031.250 -15.625 -507.812 -484.375 898.438 -351.562 -640.625 695.312 -601.562 -335.938 632.812 -859.375 -125.000 312.500
-867.188 -1054.688 0.000 -554.688 -343.750 796.875 -343.750 -593.750 734.375 -585.938 -375.000 687.500 -843.750 -195.312 367.188
-867.188 -1054.688 0.000 -554.688 -343.750 796.875 -343.750 -593.750 734.375 -585.938 -375.000 687.500 -843.750 -195.312 367.188
-835.938 -937.500 -46.875 -632.812 -296.875 765.625 -351.562 -617.188 765.625 -601.562 -398.438 710.938 -867.188 -85.938 414.062
-835.938 -937.500 -46.875 -632.812 -296.875 765.625 -351.562 -617.188 765.625 -601.562 -398.438 710.938 -867.188 -85.938 414.062
-835.938 -835.938 -93.750 -648.438 -296.875 781.250 -359.375 -593.750 750.000 -640.625 -320.312 710.938 -906.250 -101.562 375.000
-820.312 -617.188 -171.875 -570.312 -250.000 812.500 -367.188 -539.062 789.062 -671.875 -351.562 695.312 -929.688 -117.188 320.312
-820.312 -617.188 -171.875 -570.312 -250.000 812.500 -367.188 -539.062 789.062 -671.875 -351.562 695.312 -929.688 -117.188 320.312
-812.500 -421.875 -210.938 -554.688 -179.688 812.500 -359.375 -507.812 828.125 -640.625 -351.562 718.750 -953.125 -85.938 257.812
-812.500 -421.875 -210.938 -554.688 -179.688 812.500 -359.375 -507.812 828.125 -640.625 -351.562 718.750 -953.125 -85.938 257.812
-828.125 -359.375 -234.375 -523.438 -171.875 812.500 -320.312 -476.562 843.750 -617.188 -335.938 750.000 -976.562 -85.938 234.375
-835.938 -304.688 -281.250 -492.188 -117.188 804.688 -289.062 -453.125 882.812 -585.938 -328.125 789.062 -937.500 -85.938 281.250
-835.938 -304.688 -281.250 -492.188 -117.188 804.688 -289.062 -453.125 882.812 -585.938 -328.125 789.062 -937.500 -85.938 281.250
-851.562 -312.500 -289.062 -484.375 -117.188 804.688 -289.062 -445.312 875.000 -570.312 -312.500 804.688 -921.875 -93.750 351.562
-804.688 -351.562 -250.000 -492.188 -101.562 773.438 -296.875 -414.062 835.938 -578.125 -257.812 804.688 -906.250 -70.312 460.938
-804.688 -351.562 -250.000 -492.188 -101.562 773.438 -296.875 -414.062 835.938 -578.125 -257.812 804.688 -906.250 -70.312 460.938
-804.688 -351.562 -234.375 -500.000 -78.125 734.375 -312.500 -382.812 804.688 -585.938 -250.000 789.062 -914.062 -109.375 445.312
-804.688 -351.562 -234.375 -500.000 -78.125 734.375 -312.500 -382.812 804.688 -585.938 -250.000 789.062 -914.062 -109.375 445.312
-804.688 -359.375 -226.562 -515.625 -93.750 734.375 -320.312 -398.438 789.062 -585.938 -265.625 757.812 -921.875 -109.375 421.875
-804.688 -437.500 -218.750 -523.438 -132.812 726.562 -328.125 -406.250 765.625 -609.375 -257.812 734.375 -929.688 -78.125 382.812
-804.688 -437.500 -218.750 -523.438 -132.812 726.562 -328.125 -406.250 765.625 -609.375 -257.812 734.375 -929.688 -78.125 382.812
-812.500 -484.375 -226.562 -531.250 -140.625 726.562 -343.750 -406.250 765.625 -617.188 -265.625 710.938 -937.500 -70.312 359.375
-789.062 -539.062 -210.938 -515.625 -195.312 703.125 -343.750 -398.438 742.188 -625.000 -250.000 710.938 -937.500 -78.125 343.750
-789.062 -539.062 -210.938 -515.625 -195.312 703.125 -343.750 -398.438 742.188 -625.000 -250.000 710.938 -937.500 -78.125 343.750
-781.250 -593.750 -210.938 -500.000 -195.312 718.750 -343.750 -437.500 742.188 -640.625 -265.625 687.500 -945.312 -93.750 320.312
-781.250 -593.750 -210.938 -500.000 -195.312 718.750 -343.750 -437.500 742.188 -640.625 -265.625 687.500 -945.312 -93.750 320.312
-765.625 -570.312 -179.688 -539.062 -195.312 718.750 -335.938 -445.312 742.188 -632.812 -296.875 679.688 -929.688 -93.750 304.688
-742.188 -546.875 -171.875 -507.812 -234.375 773.438 -304.688 -468.750 742.188 -609.375 -335.938 648.438 -968.750 -70.312 195.312
-742.188 -546.875 -171.875 -507.812 -234.375 773.438 -304.688 -468.750 742.188 -609.375 -335.938 648.438 -968.750 -70.312 195.312
-734.375 -539.062 -171.875 -492.188 -234.375 820.312 -289.062 -507.812 781.250 -601.562 -359.375 632.812 -968.750 -70.312 140.625
-734.375 -500.000 -164.062 -476.562 -257.812 875.000 -265.625 -546.875 789.062 -585.938 -390.625 601.562 -976.562 -39.062 132.812
-734.375 -500.000 -164.062 -476.562 -257.812 875.000 -265.625 -546.875 789.062 -585.938 -390.625 601.562 -976.562 -39.062 132.812
-773.438 -492.188 -210.938 -539.062 -234.375 867.188 -289.062 -593.750 687.500 -750.000 -195.312 453.125 -1093.750 -93.750 -85.938
-773.438 -492.188 -210.938 -539.062 -234.375 867.188 -289.062 -593.750 687.500 -750.000 -195.312 453.125 -1093.750 -93.750 -85.938
-703.125 -546.875 -234.375 -593.750 -265.625 945.312 -437.500 -648.438 742.188 -695.312 -320.312 515.625 -984.375 -46.875 -39.062
-718.750 -539.062 -242.188 -390.625 -492.188 1148.438 -609.375 -710.938 695.312 -734.375 -132.812 546.875 -742.188 -156.250 390.625
-718.750 -539.062 -242.188 -390.625 -492.188 1148.438 -609.375 -710.938 695.312 -734.375 -132.812 546.875 -742.188 -156.250 390.625
-765.625 -515.625 -257.812 -382.812 -460.938 1132.812 -625.000 -718.750 687.500 -742.188 -257.812 484.375 -789.062 -7.812 429.688
-765.625 -515.625 -257.812 -382.812 -460.938 1132.812 -625.000 -718.750 687.500 -742.188 -257.812 484.375 -789.062 -7.812 429.688
-789.062 -609.375 -359.375 -664.062 -117.188 734.375 -414.062 -617.188 679.688 -523.438 -406.250 460.938 -593.750 -195.312 31.250
-789.062 -648.438 -359.375 -789.062 39.062 492.188 -382.812 -484.375 617.188 -414.062 -398.438 492.188 -328.125 -343.750 46.875
-789.062 -648.438 -359.375 -789.062 39.062 492.188 -382.812 -484.375 617.188 -414.062 -398.438 492.188 -328.125 -343.750 46.875
-750.000 -671.875 -375.000 -859.375 54.688 437.500 -343.750 -453.125 664.062 -328.125 -390.625 539.062 -187.500 -210.938 78.125
-656.250 -656.250 -328.125 -898.438 132.812 421.875 -70.312 -421.875 804.688 -101.562 -210.938 710.938 39.062 218.750 343.750
-656.250 -656.250 -328.125 -898.438 132.812 421.875 -70.312 -421.875 804.688 -101.562 -210.938 710.938 39.062 218.750 343.750
-640.625 -656.250 -335.938 -796.875 132.812 500.000 23.438 -242.188 945.312 -109.375 -31.250 960.938 54.688 296.875 617.188
-640.625 -656.250 -335.938 -796.875 132.812 500.000 23.438 -242.188 945.312 -109.375 -31.250 960.938 54.688 296.875 617.188
-671.875 -726.562 -367.188 -656.250 7.812 632.812 -226.562 0.000 1132.812 -109.375 54.688 1367.188 531.250 546.875 1617.188
-718.750 -804.688 -367.188 -664.062 -54.688 648.438 -101.562 164.062 1164.062 -132.812 351.562 1625.000 593.750 390.625 2453.125
-718.750 -804.688 -367.188 -664.062 -54.688 648.438 -101.562 164.062 1164.062 -132.812 351.562 1625.000 593.750 390.625 2453.125
-710.938 -796.875 -359.375 -671.875 -62.500 593.750 -140.625 289.062 1125.000 -39.062 382.812 1601.562 421.875 304.688 2484.375
-648.438 -789.062 -328.125 -726.562 -46.875 523.438 -250.000 429.688 1054.688 -93.750 351.562 1570.312 242.188 210.938 2140.625
-601.562 -750.000 -320.312 -828.125 -7.812 398.438 -304.688 523.438 1039.062 -187.500 203.125 1515.625 140.625 -85.938 1726.562
-609.375 -718.750 -343.750 -921.875 85.938 296.875 -257.812 351.562 1023.438 -328.125 125.000 1351.562 125.000 -226.562 1500.000
-609.375 -718.750 -343.750 -921.875 85.938 296.875 -257.812 351.562 1023.438 -328.125 125.000 1351.562 125.000 -226.562 1500.000
-648.438 -750.000 -398.438 -867.188 101.562 398.438 -265.625 148.438 953.125 -218.750 0.000 1000.000 -7.812 164.062 1242.188
-546.875 -710.938 -359.375 -820.312 -39.062 476.562 -375.000 179.688 859.375 -421.875 46.875 906.250 -218.750 -62.500 921.875
-546.875 -710.938 -359.375 -820.312 -39.062 476.562 -375.000 179.688 859.375 -421.875 46.875 906.250 -218.750 -62.500 921.875
-531.250 -656.250 -335.938 -804.688 -93.750 500.000 -343.750 195.312 875.000 -398.438 23.438 906.250 -289.062 -39.062 914.062
-531.250 -656.250 -335.938 -804.688 -93.750 500.000 -343.750 195.312 875.000 -398.438 23.438 906.250 -289.062 -39.062 914.062
-562.500 -687.500 -359.375 -812.500 -70.312 437.500 -234.375 234.375 906.250 -257.812 0.000 992.188 -218.750 -148.438 960.938
-585.938 -781.250 -398.438 -843.750 -54.688 390.625 -187.500 281.250 921.875 -171.875 23.438 1062.500 -156.250 -250.000 984.375
-585.938 -781.250 -398.438 -843.750 -54.688 390.625 -187.500 281.250 921.875 -171.875 23.438 1062.500 -156.250 -250.000 984.375
-601.562 -906.250 -437.500 -875.000 -62.500 351.562 -195.312 257.812 882.812 -132.812 -7.812 1000.000 -39.062 -140.625 1007.812
-539.062 -867.188 -382.812 -890.625 -250.000 351.562 -359.375 203.125 773.438 -320.312 171.875 1000.000 -171.875 70.312 1054.688
-539.062 -867.188 -382.812 -890.625 -250.000 351.562 -359.375 203.125 773.438 -320.312 171.875 1000.000 -171.875 70.312 1054.688
-531.250 -867.188 -367.188 -890.625 -312.500 367.188 -382.812 210.938 750.000 -367.188 156.250 968.750 -203.125 109.375 1125.000
-531.250 -867.188 -367.188 -890.625 -312.500 367.188 -382.812 210.938 750.000 -367.188 156.250 968.750 -203.125 109.375 1125.000
-554.688 -960.938 -335.938 -851.562 -453.125 445.312 -414.062 203.125 687.500 -382.812 265.625 992.188 -93.750 -15.625 1335.938
-539.062 -968.750 -304.688 -937.500 -492.188 296.875 -304.688 414.062 593.750 -453.125 343.750 992.188 -39.062 -39.062 1429.688
-539.062 -968.750 -304.688 -937.500 -492.188 296.875 -304.688 414.062 593.750 -453.125 343.750 992.188 -39.062 -39.062 1429.688
-539.062 -968.750 -210.938 -1085.938 -414.062 -39.062 -273.438 328.125 570.312 -304.688 281.250 921.875 78.125 23.438 1343.750
-460.938 -968.750 -125.000 -1070.312 -453.125 -171.875 -218.750 195.312 679.688 -125.000 -39.062 875.000 -46.875 -46.875 1140.625
-460.938 -968.750 -125.000 -1070.312 -453.125 -171.875 -218.750 195.312 679.688 -125.000 -39.062 875.000 -46.875 -46.875 1140.625
-445.312 -929.688 -117.188 -1101.562 117.188 -15.625 39.062 -421.875 554.688 -85.938 -70.312 703.125 -195.312 -125.000 859.375
-445.312 -929.688 -117.188 -1101.562 117.188 -15.625 39.062 -421.875 554.688 -85.938 -70.312 703.125 -195.312 -125.000 859.375
-468.750 -843.750 -156.250 -578.125 109.375 -31.250 -414.062 156.250 664.062 -164.062 -648.438 921.875 -757.812 -414.062 328.125
-476.562 -757.812 -226.562 -218.750 1023.438 367.188 -375.000 -710.938 734.375 -226.562 -492.188 773.438 -851.562 -164.062 93.750
-476.562 -757.812 -226.562 -218.750 1023.438 367.188 -375.000 -710.938 734.375 -226.562 -492.188 773.438 -851.562 -164.062 93.750
-484.375 -593.750 -382.812 164.062 890.625 398.438 -31.250 -78.125 1078.125 -156.250 -953.125 484.375 -937.500 -31.250 -54.688
-546.875 -578.125 -562.500 437.500 -367.188 687.500 117.188 -70.312 984.375 -460.938 -54.688 921.875 -1000.000 960.938 179.688
-546.875 -578.125 -562.500 437.500 -367.188 687.500 117.188 -70.312 984.375 -460.938 -54.688 921.875 -1000.000 960.938 179.688
-585.938 -625.000 -593.750 578.125 -1117.188 976.562 218.750 -265.625 921.875 -250.000 0.000 906.250 -937.500 789.062 265.625
-585.938 -625.000 -593.750 578.125 -1117.188 976.562 218.750 -265.625 921.875 -250.000 0.000 906.250 -937.500 789.062 265.625
-671.875 -593.750 -546.875 687.500 -859.375 1484.375 -23.438 -773.438 992.188 -23.438 -343.750 953.125 -781.250 492.188 546.875
-656.250 -562.500 -531.250 734.375 -742.188 1835.938 -101.562 -921.875 1046.875 -125.000 -210.938 953.125 -718.750 421.875 742.188
-656.250 -562.500 -531.250 734.375 -742.188 1835.938 -101.562 -921.875 1046.875 -125.000 -210.938 953.125 -718.750 421.875 742.188
-531.250 -539.062 -476.562 601.562 -984.375 1820.312 367.188 -703.125 1085.938 -156.250 93.750 953.125 -656.250 335.938 757.812
-578.125 -679.688 -429.688 218.750 -468.750 1375.000 250.000 -703.125 1187.500 -85.938 -304.688 1070.312 -734.375 335.938 710.938
-578.125 -679.688 -429.688 218.750 -468.750 1375.000 250.000 -703.125 1187.500 -85.938 -304.688 1070.312 -734.375 335.938 710.938
-593.750 -734.375 -375.000 109.375 -351.562 1171.875 195.312 -601.562 1140.625 -31.250 -304.688 1148.438 -726.562 320.312 710.938
-593.750 -734.375 -375.000 109.375 -351.562 1171.875 195.312 -601.562 1140.625 -31.250 -304.688 1148.438 -726.562 320.312 710.938
-578.125 -828.125 -265.625 -242.188 -257.812 929.688 -85.938 -445.312 945.312 -132.812 -164.062 1117.188 -710.938 187.500 773.438
-546.875 -843.750 -242.188 -242.188 -156.250 851.562 -164.062 -406.250 906.250 -234.375 -179.688 1085.938 -695.312 156.250 796.875
-546.875 -843.750 -242.188 -242.188 -156.250 851.562 -164.062 -406.250 906.250 -234.375 -179.688 1085.938 -695.312 156.250 796.875
-570.312 -828.125 -304.688 -289.062 -242.188 796.875 -203.125 -429.688 773.438 -312.500 -132.812 937.500 -734.375 195.312 734.375
-601.562 -835.938 -375.000 -171.875 -296.875 843.750 -117.188 -437.500 789.062 -289.062 -156.250 906.250 -742.188 203.125 679.688
-601.562 -835.938 -375.000 -171.875 -296.875 843.750 -117.188 -437.500 789.062 -289.062 -156.250 906.250 -742.188 203.125 679.688
-617.188 -835.938 -406.250 -125.000 -343.750 898.438 -70.312 -476.562 812.500 -273.438 -187.500 914.062 -773.438 179.688 640.625
-617.188 -835.938 -406.250 -125.000 -343.750 898.438 -70.312 -476.562 812.500 -273.438 -187.500 914.062 -773.438 179.688 640.625
-585.938 -820.312 -414.062 -70.312 -414.062 984.375 15.625 -562.500 890.625 -203.125 -250.000 960.938 -789.062 187.500 562.500
-578.125 -812.500 -414.062 -46.875 -421.875 1000.000 23.438 -578.125 906.250 -210.938 -265.625 976.562 -796.875 187.500 531.250
-578.125 -812.500 -414.062 -46.875 -421.875 1000.000 23.438 -578.125 906.250 -210.938 -265.625 976.562 -796.875 187.500 531.250
-546.875 -812.500 -382.812 -46.875 -406.250 968.750 23.438 -562.500 890.625 -203.125 -265.625 968.750 -781.250 117.188 554.688
-523.438 -796.875 -343.750 -70.312 -390.625 914.062 23.438 -539.062 843.750 -187.500 -257.812 976.562 -710.938 109.375 625.000
-523.438 -796.875 -343.750 -70.312 -390.625 914.062 23.438 -539.062 843.750 -187.500 -257.812 976.562 -710.938 109.375 625.000
-523.438 -789.062 -343.750 -70.312 -390.625 906.250 0.000 -539.062 828.125 -195.312 -242.188 976.562 -734.375 125.000 679.688
-523.438 -789.062 -343.750 -70.312 -390.625 906.250 0.000 -539.062 828.125 -195.312 -242.188 976.562 -734.375 125.000 679.688
-523.438 -773.438 -375.000 -78.125 -375.000 898.438 0.000 -523.438 843.750 -187.500 -226.562 968.750 -757.812 187.500 656.250
-546.875 -773.438 -406.250 -70.312 -359.375 898.438 0.000 -507.812 835.938 -195.312 -234.375 960.938 -773.438 164.062 625.000
-546.875 -773.438 -406.250 -70.312 -359.375 898.438 0.000 -507.812 835.938 -195.312 -234.375 960.938 -773.438 164.062 625.000
-554.688 -757.812 -445.312 -70.312 -359.375 890.625 7.812 -515.625 828.125 -203.125 -242.188 953.125 -789.062 132.812 593.750
-539.062 -718.750 -460.938 -148.438 -343.750 835.938 -54.688 -492.188 781.250 -210.938 -250.000 937.500 -773.438 132.812 609.375
-539.062 -718.750 -460.938 -148.438 -343.750 835.938 -54.688 -492.188 781.250 -210.938 -250.000 937.500 -773.438 132.812 609.375
-546.875 -703.125 -445.312 -171.875 -320.312 796.875 -70.312 -492.188 765.625 -187.500 -218.750 945.312 -765.625 93.750 664.062
-546.875 -703.125 -445.312 -171.875 -320.312 796.875 -70.312 -492.188 765.625 -187.500 -218.750 945.312 -765.625 93.750 664.062
-484.375 -609.375 -390.625 -156.250 -375.000 820.312 -46.875 -531.250 773.438 -226.562 -234.375 945.312 -710.938 164.062 656.250
-507.812 -609.375 -414.062 -140.625 -390.625 859.375 -39.062 -546.875 796.875 -203.125 -234.375 953.125 -734.375 218.750 687.500
-507.812 -609.375 -414.062 -140.625 -390.625 859.375 -39.062 -546.875 796.875 -203.125 -234.375 953.125 -734.375 218.750 687.500
-546.875 -703.125 -468.750 -70.312 -382.812 906.250 7.812 -546.875 843.750 -203.125 -265.625 945.312 -765.625 148.438 617.188
-554.688 -718.750 -492.188 -46.875 -406.250 921.875 15.625 -562.500 835.938 -203.125 -289.062 929.688 -796.875 93.750 546.875
-554.688 -718.750 -492.188 -46.875 -406.250 921.875 15.625 -562.500 835.938 -203.125 -289.062 929.688 -796.875 93.750 546.875
-546.875 -726.562 -484.375 -78.125 -421.875 906.250 7.812 -570.312 812.500 -210.938 -289.062 929.688 -796.875 101.562 546.875
-546.875 -726.562 -484.375 -78.125 -421.875 906.250 7.812 -570.312 812.500 -210.938 -289.062 929.688 -796.875 101.562 546.875
-539.062 -765.625 -468.750 -109.375 -421.875 867.188 -7.812 -570.312 789.062 -195.312 -289.062 929.688 -789.062 109.375 585.938
-531.250 -773.438 -453.125 -132.812 -414.062 851.562 -23.438 -546.875 773.438 -195.312 -289.062 937.500 -773.438 93.750 617.188
-531.250 -773.438 -453.125 -132.812 -414.062 851.562 -23.438 -546.875 773.438 -195.312 -289.062 937.500 -773.438 93.750 617.188
-523.438 -757.812 -414.062 -117.188 -406.250 843.750 -7.812 -554.688 773.438 -210.938 -281.250 945.312 -734.375 78.125 617.188
-515.625 -742.188 -406.250 -101.562 -414.062 859.375 -15.625 -570.312 789.062 -226.562 -281.250 937.500 -765.625 101.562 625.000
-539.062 -750.000 -421.875 -101.562 -421.875 882.812 -7.812 -570.312 804.688 -218.750 -281.250 937.500 -750.000 125.000 578.125
-539.062 -781.250 -445.312 -93.750 -429.688 898.438 -7.812 -578.125 812.500 -234.375 -289.062 929.688 -781.250 140.625 570.312
-539.062 -781.250 -445.312 -93.750 -429.688 898.438 -7.812 -578.125 812.500 -234.375 -289.062 929.688 -781.250 140.625 570.312
-554.688 -796.875 -437.500 -70.312 -406.250 929.688 0.000 -562.500 828.125 -226.562 -281.250 929.688 -812.500 109.375 531.250
-554.688 -765.625 -429.688 -70.312 -398.438 921.875 0.000 -539.062 835.938 -210.938 -265.625 945.312 -804.688 109.375 523.438
-554.688 -765.625 -429.688 -70.312 -398.438 921.875 0.000 -539.062 835.938 -210.938 -265.625 945.312 -804.688 109.375 523.438
-507.812 -750.000 -367.188 -54.688 -359.375 914.062 7.812 -515.625 843.750 -210.938 -234.375 968.750 -804.688 156.250 554.688
-500.000 -750.000 -343.750 -54.688 -351.562 921.875 7.812 -507.812 843.750 -210.938 -210.938 960.938 -804.688 179.688 585.938
-500.000 -765.625 -328.125 -54.688 -343.750 914.062 0.000 -507.812 843.750 -218.750 -210.938 968.750 -789.062 195.312 593.750
-523.438 -789.062 -328.125 -54.688 -343.750 906.250 -7.812 -507.812 851.562 -210.938 -210.938 960.938 -781.250 210.938 625.000
-523.438 -789.062 -328.125 -54.688 -343.750 906.250 -7.812 -507.812 851.562 -210.938 -210.938 960.938 -781.250 210.938 625.000
-531.250 -789.062 -367.188 -85.938 -328.125 906.250 -15.625 -492.188 851.562 -210.938 -203.125 968.750 -781.250 179.688 632.812
-546.875 -765.625 -382.812 -101.562 -328.125 898.438 -7.812 -492.188 843.750 -171.875 -210.938 992.188 -750.000 156.250 648.438
-546.875 -765.625 -382.812 -101.562 -328.125 898.438 -7.812 -492.188 843.750 -171.875 -210.938 992.188 -750.000 156.250 648.438
-578.125 -703.125 -421.875 -117.188 -320.312 843.750 -7.812 -492.188 820.312 -164.062 -179.688 984.375 -718.750 226.562 687.500
-578.125 -703.125 -421.875 -117.188 -320.312 843.750 -7.812 -492.188 820.312 -164.062 -179.688 984.375 -718.750 226.562 687.500
-562.500 -679.688 -421.875 -156.250 -304.688 843.750 -54.688 -453.125 804.688 -218.750 -156.250 968.750 -765.625 242.188 695.312
-562.500 -656.250 -421.875 -117.188 -289.062 867.188 -54.688 -453.125 820.312 -234.375 -171.875 960.938 -773.438 218.750 671.875
-562.500 -656.250 -421.875 -117.188 -289.062 867.188 -54.688 -453.125 820.312 -234.375 -171.875 960.938 -773.438 218.750 671.875
-585.938 -679.688 -445.312 -101.562 -312.500 914.062 -31.250 -484.375 859.375 -226.562 -210.938 953.125 -796.875 179.688 585.938
-593.750 -718.750 -429.688 -85.938 -343.750 937.500 -15.625 -515.625 859.375 -210.938 -210.938 960.938 -796.875 171.875 554.688
-593.750 -718.750 -429.688 -85.938 -343.750 937.500 -15.625 -515.625 859.375 -210.938 -210.938 960.938 -796.875 171.875 554.688
-570.312 -757.812 -406.250 -85.938 -375.000 937.500 -7.812 -539.062 859.375 -210.938 -242.188 968.750 -781.250 148.438 562.500
-570.312 -757.812 -406.250 -85.938 -375.000 937.500 -7.812 -539.062 859.375 -210.938 -242.188 968.750 -781.250 148.438 562.500
-562.500 -773.438 -382.812 -117.188 -343.750 882.812 -15.625 -515.625 828.125 -203.125 -242.188 960.938 -750.000 125.000 609.375
-554.688 -765.625 -390.625 -117.188 -328.125 875.000 -31.250 -492.188 804.688 -210.938 -210.938 953.125 -757.812 148.438 625.000
-554.688 -765.625 -390.625 -117.188 -328.125 875.000 -31.250 -492.188 804.688 -210.938 -210.938 953.125 -757.812 148.438 625.000
-539.062 -718.750 -390.625 -109.375 -312.500 875.000 -39.062 -476.562 820.312 -218.750 -187.500 945.312 -773.438 195.312 625.000
-539.062 -718.750 -390.625 -109.375 -312.500 875.000 -39.062 -476.562 820.312 -218.750 -187.500 945.312 -773.438 195.312 625.000
-546.875 -703.125 -382.812 -85.938 -312.500 882.812 -31.250 -476.562 828.125 -226.562 -195.312 945.312 -781.250 195.312 609.375
-562.500 -687.500 -406.250 -78.125 -312.500 906.250 -15.625 -492.188 843.750 -203.125 -210.938 953.125 -781.250 148.438 578.125
-562.500 -687.500 -406.250 -78.125 -312.500 906.250 -15.625 -492.188 843.750 -203.125 -210.938 953.125 -781.250 148.438 578.125
-562.500 -718.750 -390.625 -78.125 -335.938 906.250 -7.812 -515.625 843.750 -203.125 -226.562 953.125 -765.625 132.812 570.312
