-578.125 -734.375 -500.000 -804.688 -85.938 531.250 -625.000 156.250 789.062 -515.625 367.188 835.938 -468.750 -62.500 976.562
-562.500 -765.625 -476.562 -781.250 -93.750 531.250 -632.812 140.625 789.062 -507.812 367.188 851.562 -468.750 -54.688 992.188
-562.500 -765.625 -476.562 -781.250 -93.750 531.250 -632.812 140.625 789.062 -507.812 367.188 851.562 -468.750 -54.688 992.188
-539.062 -773.438 -453.125 -820.312 -85.938 507.812 -640.625 125.000 757.812 -515.625 359.375 843.750 -460.938 -62.500 984.375
-539.062 -773.438 -453.125 -820.312 -85.938 507.812 -640.625 125.000 757.812 -515.625 359.375 843.750 -460.938 -62.500 984.375
-351.562 -1367.188 -296.875 -820.312 -171.875 453.125 -773.438 -148.438 632.812 -531.250 375.000 789.062 -468.750 -132.812 1000.000
-351.562 -1367.188 -296.875 -820.312 -171.875 453.125 -773.438 -148.438 632.812 -531.250 375.000 789.062 -468.750 -132.812 1000.000
-351.562 -1367.188 -296.875 -820.312 -171.875 453.125 -773.438 -148.438 632.812 -531.250 375.000 789.062 -468.750 -132.812 1000.000
-539.062 -921.875 -460.938 -789.062 -187.500 500.000 -750.000 210.938 695.312 -648.438 335.938 789.062 -460.938 -156.250 953.125
-539.062 -921.875 -460.938 -789.062 -187.500 500.000 -750.000 210.938 695.312 -648.438 335.938 789.062 -460.938 -156.250 953.125
-593.750 -796.875 -507.812 -789.062 -148.438 468.750 -703.125 179.688 726.562 -617.188 320.312 765.625 -429.688 39.062 1000.000
-593.750 -796.875 -507.812 -789.062 -148.438 468.750 -703.125 179.688 726.562 -617.188 320.312 765.625 -429.688 39.062 1000.000
-625.000 -617.188 -562.500 -695.312 54.688 492.188 -578.125 125.000 765.625 -460.938 320.312 867.188 -429.688 -54.688 960.938
-625.000 -617.188 -562.500 -695.312 54.688 492.188 -578.125 125.000 765.625 -460.938 320.312 867.188 -429.688 -54.688 960.938
-648.438 -554.688 -593.750 -609.375 -23.438 539.062 -562.500 148.438 734.375 -414.062 390.625 843.750 -375.000 -23.438 984.375
-648.438 -554.688 -593.750 -609.375 -23.438 539.062 -562.500 148.438 734.375 -414.062 390.625 843.750 -375.000 -23.438 984.375
-687.500 -523.438 -609.375 -507.812 -117.188 625.000 -546.875 164.062 726.562 -437.500 390.625 773.438 -367.188 117.188 953.125
-687.500 -523.438 -609.375 -507.812 -117.188 625.000 -546.875 164.062 726.562 -437.500 390.625 773.438 -367.188 117.188 953.125
-687.500 -523.438 -609.375 -507.812 -117.188 625.000 -546.875 164.062 726.562 -437.500 390.625 773.438 -367.188 117.188 953.125
-734.375 -554.688 -656.250 -562.500 -46.875 593.750 -539.062 117.188 695.312 -390.625 367.188 742.188 -359.375 164.062 875.000
-734.375 -554.688 -656.250 -562.500 -46.875 593.750 -539.062 117.188 695.312 -390.625 367.188 742.188 -359.375 164.062 875.000
-734.375 -554.688 -656.250 -562.500 -46.875 593.750 -539.062 117.188 695.312 -390.625 367.188 742.188 -359.375 164.062 875.000
-765.625 -523.438 -656.250 -523.438 -148.438 625.000 -570.312 125.000 671.875 -375.000 398.438 726.562 -351.562 164.062 843.750
-687.500 -765.625 -429.688 -593.750 -679.688 593.750 -492.188 -101.562 640.625 -445.312 15.625 617.188 -242.188 39.062 757.812
-687.500 -765.625 -429.688 -593.750 -679.688 593.750 -492.188 -101.562 640.625 -445.312 15.625 617.188 -242.188 39.062 757.812
-687.500 -765.625 -429.688 -593.750 -679.688 593.750 -492.188 -101.562 640.625 -445.312 15.625 617.188 -242.188 39.062 757.812
-687.500 -765.625 -429.688 -593.750 -679.688 593.750 -492.188 -101.562 640.625 -445.312 15.625 617.188 -242.188 39.062 757.812
-687.500 -765.625 -429.688 -593.750 -679.688 593.750 -492.188 -101.562 640.625 -445.312 15.625 617.188 -242.188 39.062 757.812
-718.750 -1078.125 -343.750 -601.562 -648.438 609.375 -492.188 -328.125 632.812 -460.938 23.438 546.875 -421.875 -132.812 523.438
-718.750 -1078.125 -343.750 -601.562 -648.438 609.375 -492.188 -328.125 632.812 -460.938 23.438 546.875 -421.875 -132.812 523.438
-703.125 -1117.188 -320.312 -585.938 -632.812 593.750 -460.938 -257.812 679.688 -460.938 -78.125 609.375 -476.562 -242.188 500.000
-703.125 -1117.188 -320.312 -585.938 -632.812 593.750 -460.938 -257.812 679.688 -460.938 -78.125 609.375 -476.562 -242.188 500.000
-617.188 -875.000 -265.625 -515.625 -546.875 617.188 -335.938 -187.500 773.438 -382.812 15.625 687.500 -375.000 -234.375 578.125
-617.188 -875.000 -265.625 -515.625 -546.875 617.188 -335.938 -187.500 773.438 -382.812 15.625 687.500 -375.000 -234.375 578.125
-656.250 -859.375 -273.438 -484.375 -492.188 648.438 -328.125 -85.938 835.938 -289.062 125.000 757.812 -304.688 -226.562 664.062
-726.562 -789.062 -320.312 -453.125 -406.250 734.375 -304.688 -23.438 898.438 -78.125 281.250 898.438 -117.188 -273.438 921.875
-726.562 -789.062 -320.312 -453.125 -406.250 734.375 -304.688 -23.438 898.438 -78.125 281.250 898.438 -117.188 -273.438 921.875
-710.938 -664.062 -296.875 -468.750 -375.000 742.188 -328.125 31.250 945.312 -109.375 257.812 976.562 23.438 -242.188 976.562
-710.938 -664.062 -296.875 -468.750 -375.000 742.188 -328.125 31.250 945.312 -109.375 257.812 976.562 23.438 -242.188 976.562
-523.438 -93.750 7.812 -406.250 -226.562 898.438 -62.500 54.688 1437.500 164.062 320.312 1375.000 265.625 -226.562 1335.938
-523.438 -93.750 7.812 -406.250 -226.562 898.438 -62.500 54.688 1437.500 164.062 320.312 1375.000 265.625 -226.562 1335.938
-781.250 296.875 -179.688 -484.375 -414.062 859.375 -609.375 265.625 1023.438 -23.438 640.625 1312.500 484.375 -445.312 1414.062
-781.250 296.875 -179.688 -484.375 -414.062 859.375 -609.375 265.625 1023.438 -23.438 640.625 1312.500 484.375 -445.312 1414.062
-781.250 296.875 -179.688 -484.375 -414.062 859.375 -609.375 265.625 1023.438 -23.438 640.625 1312.500 484.375 -445.312 1414.062
-781.250 296.875 -179.688 -484.375 -414.062 859.375 -609.375 265.625 1023.438 -23.438 640.625 1312.500 484.375 -445.312 1414.062
-781.250 296.875 -179.688 -484.375 -414.062 859.375 -609.375 265.625 1023.438 -23.438 640.625 1312.500 484.375 -445.312 1414.062
-773.438 -226.562 -164.062 -453.125 -421.875 695.312 -406.250 140.625 843.750 -171.875 539.062 914.062 148.438 -7.812 1273.438
-773.438 -226.562 -164.062 -453.125 -421.875 695.312 -406.250 140.625 843.750 -171.875 539.062 914.062 148.438 -7.812 1273.438
-656.250 101.562 -93.750 -359.375 -562.500 890.625 -460.938 -62.500 906.250 -218.750 234.375 898.438 -7.812 -289.062 867.188
-656.250 101.562 -93.750 -359.375 -562.500 890.625 -460.938 -62.500 906.250 -218.750 234.375 898.438 -7.812 -289.062 867.188
-875.000 -382.812 -250.000 -390.625 -468.750 664.062 -375.000 -132.812 835.938 -203.125 156.250 851.562 -46.875 -265.625 835.938
-875.000 -382.812 -250.000 -390.625 -468.750 664.062 -375.000 -132.812 835.938 -203.125 156.250 851.562 -46.875 -265.625 835.938
-875.000 -382.812 -250.000 -390.625 -468.750 664.062 -375.000 -132.812 835.938 -203.125 156.250 851.562 -46.875 -265.625 835.938
-875.000 -382.812 -250.000 -390.625 -468.750 664.062 -375.000 -132.812 835.938 -203.125 156.250 851.562 -46.875 -265.625 835.938
-875.000 -382.812 -250.000 -390.625 -468.750 664.062 -375.000 -132.812 835.938 -203.125 156.250 851.562 -46.875 -265.625 835.938
-820.312 -328.125 -195.312 -335.938 -664.062 734.375 -359.375 -101.562 882.812 -156.250 234.375 929.688 54.688 -320.312 945.312
-820.312 -328.125 -195.312 -335.938 -664.062 734.375 -359.375 -101.562 882.812 -156.250 234.375 929.688 54.688 -320.312 945.312
-859.375 -390.625 -257.812 -312.500 -640.625 734.375 -335.938 -117.188 914.062 -109.375 226.562 968.750 93.750 -320.312 960.938
-859.375 -390.625 -257.812 -312.500 -640.625 734.375 -335.938 -117.188 914.062 -109.375 226.562 968.750 93.750 -320.312 960.938
-898.438 -351.562 -281.250 -328.125 -609.375 718.750 -304.688 -132.812 914.062 -93.750 218.750 953.125 93.750 -304.688 937.500
-898.438 -351.562 -281.250 -328.125 -609.375 718.750 -304.688 -132.812 914.062 -93.750 218.750 953.125 93.750 -304.688 937.500
-898.438 -351.562 -296.875 -343.750 -578.125 695.312 -304.688 -125.000 906.250 -101.562 218.750 953.125 93.750 -304.688 937.500
-898.438 -351.562 -296.875 -343.750 -578.125 695.312 -304.688 -125.000 906.250 -101.562 218.750 953.125 93.750 -304.688 937.500
-898.438 -351.562 -296.875 -343.750 -578.125 695.312 -304.688 -125.000 906.250 -101.562 218.750 953.125 93.750 -304.688 937.500
-867.188 -304.688 -289.062 -375.000 -507.812 695.312 -328.125 -78.125 906.250 -101.562 281.250 960.938 93.750 -257.812 992.188
-867.188 -304.688 -289.062 -375.000 -507.812 695.312 -328.125 -78.125 906.250 -101.562 281.250 960.938 93.750 -257.812 992.188
-867.188 -304.688 -289.062 -375.000 -507.812 695.312 -328.125 -78.125 906.250 -101.562 281.250 960.938 93.750 -257.812 992.188
-867.188 -304.688 -289.062 -375.000 -507.812 695.312 -328.125 -78.125 906.250 -101.562 281.250 960.938 93.750 -257.812 992.188
-851.562 -312.500 -273.438 -335.938 -523.438 718.750 -312.500 -54.688 921.875 -62.500 304.688 976.562 156.250 -250.000 1015.625
-851.562 -312.500 -273.438 -335.938 -523.438 718.750 -312.500 -54.688 921.875 -62.500 304.688 976.562 156.250 -250.000 1015.625
-867.188 -351.562 -281.250 -328.125 -507.812 718.750 -296.875 -54.688 921.875 -54.688 304.688 976.562 156.250 -234.375 1023.438
-867.188 -351.562 -281.250 -328.125 -507.812 718.750 -296.875 -54.688 921.875 -54.688 304.688 976.562 156.250 -234.375 1023.438
-867.188 -351.562 -281.250 -328.125 -507.812 718.750 -296.875 -54.688 921.875 -54.688 304.688 976.562 156.250 -234.375 1023.438
-875.000 -406.250 -273.438 -273.438 -546.875 757.812 -265.625 -54.688 953.125 -39.062 304.688 968.750 179.688 -250.000 1000.000
-875.000 -406.250 -273.438 -273.438 -546.875 757.812 -265.625 -54.688 953.125 -39.062 304.688 968.750 179.688 -250.000 1000.000
-906.250 -468.750 -265.625 -281.250 -585.938 773.438 -265.625 -85.938 960.938 -7.812 273.438 976.562 210.938 -265.625 992.188
-906.250 -468.750 -265.625 -281.250 -585.938 773.438 -265.625 -85.938 960.938 -7.812 273.438 976.562 210.938 -265.625 992.188
-921.875 -484.375 -273.438 -257.812 -609.375 781.250 -257.812 -101.562 976.562 0.000 265.625 992.188 210.938 -265.625 992.188
-921.875 -484.375 -273.438 -257.812 -609.375 781.250 -257.812 -101.562 976.562 0.000 265.625 992.188 210.938 -265.625 992.188
-929.688 -468.750 -265.625 -273.438 -500.000 781.250 -203.125 -70.312 1023.438 0.000 320.312 992.188 171.875 -218.750 1007.812
-929.688 -468.750 -265.625 -273.438 -500.000 781.250 -203.125 -70.312 1023.438 0.000 320.312 992.188 171.875 -218.750 1007.812
-929.688 -468.750 -265.625 -273.438 -500.000 781.250 -203.125 -70.312 1023.438 0.000 320.312 992.188 171.875 -218.750 1007.812
-867.188 -562.500 -210.938 -242.188 -570.312 804.688 -242.188 -46.875 1007.812 0.000 343.750 992.188 195.312 -203.125 1031.250
-867.188 -562.500 -210.938 -242.188 -570.312 804.688 -242.188 -46.875 1007.812 0.000 343.750 992.188 195.312 -203.125 1031.250
-867.188 -554.688 -210.938 -164.062 -578.125 835.938 -210.938 -23.438 992.188 0.000 351.562 976.562 195.312 -210.938 1031.250
-867.188 -554.688 -210.938 -164.062 -578.125 835.938 -210.938 -23.438 992.188 0.000 351.562 976.562 195.312 -210.938 1031.250
-906.250 -500.000 -226.562 -171.875 -562.500 835.938 -226.562 -7.812 1000.000 -15.625 351.562 992.188 164.062 -203.125 1031.250
-906.250 -500.000 -226.562 -171.875 -562.500 835.938 -226.562 -7.812 1000.000 -15.625 351.562 992.188 164.062 -203.125 1031.250
-890.625 -500.000 -210.938 -226.562 -554.688 828.125 -242.188 -15.625 1000.000 -7.812 359.375 976.562 195.312 -179.688 1039.062
-890.625 -500.000 -210.938 -226.562 -554.688 828.125 -242.188 -15.625 1000.000 -7.812 359.375 976.562 195.312 -179.688 1039.062
-890.625 -500.000 -210.938 -226.562 -554.688 828.125 -242.188 -15.625 1000.000 -7.812 359.375 976.562 195.312 -179.688 1039.062
-882.812 -468.750 -195.312 -234.375 -539.062 804.688 -265.625 -7.812 984.375 -15.625 367.188 976.562 203.125 -203.125 1046.875
-882.812 -468.750 -195.312 -234.375 -539.062 804.688 -265.625 -7.812 984.375 -15.625 367.188 976.562 203.125 -203.125 1046.875
-882.812 -453.125 -179.688 -265.625 -531.250 796.875 -265.625 0.000 976.562 -15.625 359.375 976.562 203.125 -203.125 1031.250
-882.812 -453.125 -179.688 -265.625 -531.250 796.875 -265.625 0.000 976.562 -15.625 359.375 976.562 203.125 -203.125 1031.250
-898.438 -460.938 -203.125 -281.250 -531.250 781.250 -281.250 -23.438 968.750 -23.438 359.375 976.562 179.688 -187.500 1039.062
-898.438 -460.938 -203.125 -281.250 -531.250 781.250 -281.250 -23.438 968.750 -23.438 359.375 976.562 179.688 -187.500 1039.062
-898.438 -460.938 -203.125 -281.250 -531.250 781.250 -281.250 -23.438 968.750 -23.438 359.375 976.562 179.688 -187.500 1039.062
-898.438 -460.938 -203.125 -281.250 -531.250 781.250 -281.250 -23.438 968.750 -23.438 359.375 976.562 179.688 -187.500 1039.062
-898.438 -460.938 -203.125 -281.250 -531.250 781.250 -281.250 -23.438 968.750 -23.438 359.375 976.562 179.688 -187.500 1039.062
-875.000 -468.750 -187.500 -218.750 -570.312 789.062 -265.625 -23.438 953.125 -62.500 335.938 945.312 125.000 -195.312 984.375
-875.000 -468.750 -187.500 -218.750 -570.312 789.062 -265.625 -23.438 953.125 -62.500 335.938 945.312 125.000 -195.312 984.375
-875.000 -468.750 -187.500 -218.750 -570.312 789.062 -265.625 -23.438 953.125 -62.500 335.938 945.312 125.000 -195.312 984.375
-875.000 -468.750 -187.500 -218.750 -570.312 789.062 -265.625 -23.438 953.125 -62.500 335.938 945.312 125.000 -195.312 984.375
-875.000 -468.750 -187.500 -218.750 -570.312 789.062 -265.625 -23.438 953.125 -62.500 335.938 945.312 125.000 -195.312 984.375
-882.812 -484.375 -179.688 -218.750 -585.938 796.875 -257.812 -39.062 953.125 -54.688 328.125 937.500 125.000 -203.125 976.562
-882.812 -484.375 -179.688 -218.750 -585.938 796.875 -257.812 -39.062 953.125 -54.688 328.125 937.500 125.000 -203.125 976.562
-875.000 -476.562 -179.688 -210.938 -578.125 781.250 -265.625 -39.062 953.125 -62.500 320.312 937.500 109.375 -203.125 976.562
-875.000 -476.562 -179.688 -210.938 -578.125 781.250 -265.625 -39.062 953.125 -62.500 320.312 937.500 109.375 -203.125 976.562
-882.812 -468.750 -203.125 -242.188 -531.250 757.812 -265.625 -46.875 937.500 -54.688 320.312 937.500 132.812 -203.125 976.562
-882.812 -468.750 -203.125 -242.188 -531.250 757.812 -265.625 -46.875 937.500 -54.688 320.312 937.500 132.812 -203.125 976.562
-843.750 -375.000 -179.688 -265.625 -531.250 734.375 -296.875 -7.812 906.250 -78.125 351.562 914.062 117.188 -203.125 992.188
-843.750 -375.000 -179.688 -265.625 -531.250 734.375 -296.875 -7.812 906.250 -78.125 351.562 914.062 117.188 -203.125 992.188
-843.750 -382.812 -179.688 -273.438 -500.000 718.750 -312.500 -7.812 890.625 -101.562 343.750 921.875 101.562 -187.500 984.375
-843.750 -382.812 -179.688 -273.438 -500.000 718.750 -312.500 -7.812 890.625 -101.562 343.750 921.875 101.562 -187.500 984.375
-851.562 -320.312 -195.312 -328.125 -453.125 695.312 -304.688 -7.812 890.625 -78.125 351.562 914.062 140.625 -179.688 992.188
-851.562 -320.312 -195.312 -328.125 -453.125 695.312 -304.688 -7.812 890.625 -78.125 351.562 914.062 140.625 -179.688 992.188
-851.562 -320.312 -195.312 -328.125 -453.125 695.312 -304.688 -7.812 890.625 -78.125 351.562 914.062 140.625 -179.688 992.188
-843.750 -320.312 -179.688 -312.500 -492.188 703.125 -328.125 0.000 882.812 -78.125 359.375 914.062 140.625 -187.500 1000.000
-843.750 -320.312 -179.688 -312.500 -492.188 703.125 -328.125 0.000 882.812 -78.125 359.375 914.062 140.625 -187.500 1000.000
-867.188 -382.812 -195.312 -289.062 -531.250 742.188 -320.312 -31.250 906.250 -117.188 320.312 914.062 62.500 -203.125 968.750
-867.188 -382.812 -195.312 -289.062 -531.250 742.188 -320.312 -31.250 906.250 -117.188 320.312 914.062 62.500 -203.125 968.750
-875.000 -382.812 -171.875 -289.062 -546.875 734.375 -328.125 -39.062 914.062 -125.000 312.500 921.875 78.125 -210.938 968.750
-875.000 -382.812 -171.875 -289.062 -546.875 734.375 -328.125 -39.062 914.062 -125.000 312.500 921.875 78.125 -210.938 968.750
-875.000 -453.125 -195.312 -273.438 -546.875 750.000 -296.875 -46.875 921.875 -62.500 328.125 937.500 125.000 -203.125 984.375
-875.000 -453.125 -195.312 -273.438 -546.875 750.000 -296.875 -46.875 921.875 -62.500 328.125 937.500 125.000 -203.125 984.375
-875.000 -453.125 -195.312 -273.438 -546.875 750.000 -296.875 -46.875 921.875 -62.500 328.125 937.500 125.000 -203.125 984.375
-875.000 -453.125 -195.312 -234.375 -578.125 765.625 -265.625 -39.062 953.125 -54.688 335.938 937.500 132.812 -203.125 984.375
-875.000 -453.125 -195.312 -234.375 -578.125 765.625 -265.625 -39.062 953.125 -54.688 335.938 937.500 132.812 -203.125 984.375
-882.812 -460.938 -210.938 -203.125 -570.312 789.062 -226.562 -15.625 968.750 -7.812 367.188 968.750 187.500 -187.500 1023.438
-882.812 -460.938 -210.938 -203.125 -570.312 789.062 -226.562 -15.625 968.750 -7.812 367.188 968.750 187.500 -187.500 1023.438
-882.812 -460.938 -210.938 -203.125 -570.312 789.062 -226.562 -15.625 968.750 -7.812 367.188 968.750 187.500 -187.500 1023.438
-882.812 -460.938 -210.938 -203.125 -570.312 789.062 -226.562 -15.625 968.750 -7.812 367.188 968.750 187.500 -187.500 1023.438
-882.812 -460.938 -210.938 -203.125 -570.312 789.062 -226.562 -15.625 968.750 -7.812 367.188 968.750 187.500 -187.500 1023.438
-882.812 -476.562 -203.125 -218.750 -570.312 789.062 -242.188 -15.625 968.750 -7.812 367.188 968.750 195.312 -187.500 1023.438
-882.812 -476.562 -203.125 -218.750 -570.312 789.062 -242.188 -15.625 968.750 -7.812 367.188 968.750 195.312 -187.500 1023.438
-867.188 -476.562 -195.312 -179.688 -562.500 796.875 -187.500 23.438 1000.000 23.438 445.312 992.188 187.500 -140.625 1117.188
-867.188 -476.562 -195.312 -179.688 -562.500 796.875 -187.500 23.438 1000.000 23.438 445.312 992.188 187.500 -140.625 1117.188
-875.000 -484.375 -187.500 -156.250 -570.312 804.688 -179.688 46.875 1023.438 39.062 492.188 1015.625 218.750 -109.375 1179.688
-875.000 -484.375 -187.500 -156.250 -570.312 804.688 -179.688 46.875 1023.438 39.062 492.188 1015.625 218.750 -109.375 1179.688
-882.812 -476.562 -226.562 -148.438 -578.125 859.375 -187.500 46.875 1070.312 46.875 484.375 1062.500 218.750 -171.875 1203.125
-882.812 -476.562 -226.562 -148.438 -578.125 859.375 -187.500 46.875 1070.312 46.875 484.375 1062.500 218.750 -171.875 1203.125
-882.812 -492.188 -195.312 -195.312 -632.812 820.312 -265.625 -7.812 1023.438 -23.438 421.875 1039.062 226.562 -210.938 1140.625
-882.812 -492.188 -195.312 -195.312 -632.812 820.312 -265.625 -7.812 1023.438 -23.438 421.875 1039.062 226.562 -210.938 1140.625
-882.812 -492.188 -195.312 -195.312 -632.812 820.312 -265.625 -7.812 1023.438 -23.438 421.875 1039.062 226.562 -210.938 1140.625
-898.438 -375.000 -218.750 -281.250 -625.000 804.688 -312.500 -46.875 1015.625 -70.312 343.750 1039.062 101.562 -273.438 1039.062
-898.438 -375.000 -218.750 -281.250 -625.000 804.688 -312.500 -46.875 1015.625 -70.312 343.750 1039.062 101.562 -273.438 1039.062
-906.250 -203.125 -210.938 -335.938 -671.875 789.062 -335.938 -15.625 1031.250 -109.375 367.188 1062.500 62.500 -296.875 1054.688
-789.062 -85.938 -242.188 -281.250 -421.875 789.062 -171.875 -54.688 1085.938 -117.188 414.062 1218.750 101.562 -453.125 1125.000
-789.062 -85.938 -242.188 -281.250 -421.875 789.062 -171.875 -54.688 1085.938 -117.188 414.062 1218.750 101.562 -453.125 1125.000
-789.062 -85.938 -242.188 -281.250 -421.875 789.062 -171.875 -54.688 1085.938 -117.188 414.062 1218.750 101.562 -453.125 1125.000
-789.062 -85.938 -242.188 -281.250 -421.875 789.062 -171.875 -54.688 1085.938 -117.188 414.062 1218.750 101.562 -453.125 1125.000
-789.062 -85.938 -242.188 -281.250 -421.875 789.062 -171.875 -54.688 1085.938 -117.188 414.062 1218.750 101.562 -453.125 1125.000
-789.062 -85.938 -242.188 -281.250 -421.875 789.062 -171.875 -54.688 1085.938 -117.188 414.062 1218.750 101.562 -453.125 1125.000
-523.438 609.375 -109.375 31.250 -382.812 796.875 -23.438 -54.688 1312.500 7.812 335.938 1179.688 46.875 -296.875 1085.938
-523.438 609.375 -109.375 31.250 -382.812 796.875 -23.438 -54.688 1312.500 7.812 335.938 1179.688 46.875 -296.875 1085.938
-539.062 515.625 -164.062 -242.188 -546.875 937.500 -226.562 -242.188 1273.438 23.438 171.875 1210.938 -31.250 -156.250 1117.188
-539.062 515.625 -164.062 -242.188 -546.875 937.500 -226.562 -242.188 1273.438 23.438 171.875 1210.938 -31.250 -156.250 1117.188
-812.500 -296.875 -679.688 -398.438 -617.188 796.875 -390.625 -62.500 640.625 -70.312 289.062 890.625 -593.750 -718.750 515.625
-812.500 -296.875 -679.688 -398.438 -617.188 796.875 -390.625 -62.500 640.625 -70.312 289.062 890.625 -593.750 -718.750 515.625
-812.500 -296.875 -679.688 -398.438 -617.188 796.875 -390.625 -62.500 640.625 -70.312 289.062 890.625 -593.750 -718.750 515.625
-812.500 -296.875 -679.688 -398.438 -617.188 796.875 -390.625 -62.500 640.625 -70.312 289.062 890.625 -593.750 -718.750 515.625
-812.500 -296.875 -679.688 -398.438 -617.188 796.875 -390.625 -62.500 640.625 -70.312 289.062 890.625 -593.750 -718.750 515.625
-789.062 -375.000 -671.875 -437.500 -148.438 640.625 -773.438 -164.062 460.938 -117.188 -164.062 687.500 -468.750 -1132.812 320.312
-789.062 -375.000 -671.875 -437.500 -148.438 640.625 -773.438 -164.062 460.938 -117.188 -164.062 687.500 -468.750 -1132.812 320.312
-585.938 -1210.938 -796.875 -703.125 -507.812 179.688 -648.438 -226.562 -31.250 -898.438 -187.500 -15.625 -164.062 359.375 1039.062
-585.938 -1210.938 -796.875 -703.125 -507.812 179.688 -648.438 -226.562 -31.250 -898.438 -187.500 -15.625 -164.062 359.375 1039.062
-765.625 -1664.062 -1117.188 -460.938 -703.125 304.688 -796.875 -671.875 -62.500 -1007.812 148.438 -85.938 -234.375 398.438 820.312
-765.625 -1664.062 -1117.188 -460.938 -703.125 304.688 -796.875 -671.875 -62.500 -1007.812 148.438 -85.938 -234.375 398.438 820.312
-937.500 -1421.875 -1203.125 -351.562 -679.688 562.500 -843.750 -171.875 171.875 -906.250 54.688 210.938 -773.438 31.250 296.875
-937.500 -1421.875 -1203.125 -351.562 -679.688 562.500 -843.750 -171.875 171.875 -906.250 54.688 210.938 -773.438 31.250 296.875
-937.500 -1421.875 -1203.125 -351.562 -679.688 562.500 -843.750 -171.875 171.875 -906.250 54.688 210.938 -773.438 31.250 296.875
-750.000 -1210.938 -976.562 -320.312 -570.312 570.312 -750.000 -218.750 382.812 -796.875 85.938 382.812 -937.500 -78.125 257.812
-750.000 -1210.938 -976.562 -320.312 -570.312 570.312 -750.000 -218.750 382.812 -796.875 85.938 382.812 -937.500 -78.125 257.812
-695.312 -1046.875 -851.562 -398.438 -515.625 562.500 -726.562 -195.312 460.938 -843.750 23.438 429.688 -937.500 -93.750 296.875
-695.312 -1046.875 -851.562 -398.438 -515.625 562.500 -726.562 -195.312 460.938 -843.750 23.438 429.688 -937.500 -93.750 296.875
-546.875 -734.375 -484.375 -671.875 -343.750 453.125 -765.625 -93.750 429.688 -789.062 343.750 492.188 -773.438 -125.000 664.062
-546.875 -734.375 -484.375 -671.875 -343.750 453.125 -765.625 -93.750 429.688 -789.062 343.750 492.188 -773.438 -125.000 664.062
-250.000 -468.750 226.562 -609.375 -265.625 578.125 -492.188 -210.938 898.438 -578.125 375.000 859.375 -562.500 -179.688 882.812
-250.000 -468.750 226.562 -609.375 -265.625 578.125 -492.188 -210.938 898.438 -578.125 375.000 859.375 -562.500 -179.688 882.812
-250.000 -468.750 226.562 -609.375 -265.625 578.125 -492.188 -210.938 898.438 -578.125 375.000 859.375 -562.500 -179.688 882.812
210.938 226.562 742.188 -460.938 46.875 679.688 -476.562 -351.562 1296.875 -382.812 70.312 1171.875 -515.625 -281.250 914.062
210.938 226.562 742.188 -460.938 46.875 679.688 -476.562 -351.562 1296.875 -382.812 70.312 1171.875 -515.625 -281.250 914.062
-914.062 -226.562 -710.938 -734.375 -898.438 875.000 -1132.812 -195.312 390.625 -421.875 585.938 859.375 -507.812 -453.125 953.125
-914.062 -226.562 -710.938 -734.375 -898.438 875.000 -1132.812 -195.312 390.625 -421.875 585.938 859.375 -507.812 -453.125 953.125
-898.438 -664.062 -710.938 -406.250 -406.250 500.000 -609.375 -218.750 632.812 -875.000 257.812 617.188 -476.562 -226.562 960.938
-898.438 -664.062 -710.938 -406.250 -406.250 500.000 -609.375 -218.750 632.812 -875.000 257.812 617.188 -476.562 -226.562 960.938
-585.938 -679.688 -421.875 -484.375 -671.875 648.438 -750.000 -335.938 601.562 -773.438 31.250 671.875 -718.750 -335.938 593.750
-585.938 -679.688 -421.875 -484.375 -671.875 648.438 -750.000 -335.938 601.562 -773.438 31.250 671.875 -718.750 -335.938 593.750
-585.938 -679.688 -421.875 -484.375 -671.875 648.438 -750.000 -335.938 601.562 -773.438 31.250 671.875 -718.750 -335.938 593.750
-601.562 -617.188 -460.938 -445.312 -679.688 687.500 -734.375 -367.188 601.562 -750.000 85.938 617.188 -773.438 -375.000 484.375
-601.562 -617.188 -460.938 -445.312 -679.688 687.500 -734.375 -367.188 601.562 -750.000 85.938 617.188 -773.438 -375.000 484.375
-625.000 -546.875 -500.000 -539.062 -625.000 585.938 -765.625 -335.938 562.500 -781.250 70.312 609.375 -765.625 -242.188 554.688
-625.000 -546.875 -500.000 -539.062 -625.000 585.938 -765.625 -335.938 562.500 -781.250 70.312 609.375 -765.625 -242.188 554.688
-609.375 -523.438 -492.188 -578.125 -617.188 570.312 -773.438 -320.312 554.688 -781.250 93.750 617.188 -734.375 -234.375 601.562
-609.375 -523.438 -492.188 -578.125 -617.188 570.312 -773.438 -320.312 554.688 -781.250 93.750 617.188 -734.375 -234.375 601.562
-671.875 -437.500 -539.062 -570.312 -578.125 562.500 -765.625 -304.688 531.250 -781.250 125.000 601.562 -703.125 -242.188 671.875
-671.875 -437.500 -539.062 -570.312 -578.125 562.500 -765.625 -304.688 531.250 -781.250 125.000 601.562 -703.125 -242.188 671.875
-671.875 -437.500 -539.062 -570.312 -578.125 562.500 -765.625 -304.688 531.250 -781.250 125.000 601.562 -703.125 -242.188 671.875
-671.875 -351.562 -531.250 -625.000 -507.812 515.625 -781.250 -265.625 515.625 -781.250 164.062 617.188 -695.312 -273.438 679.688
-671.875 -351.562 -531.250 -625.000 -507.812 515.625 -781.250 -265.625 515.625 -781.250 164.062 617.188 -695.312 -273.438 679.688
-695.312 -335.938 -562.500 -617.188 -515.625 500.000 -773.438 -265.625 523.438 -781.250 156.250 609.375 -703.125 -242.188 687.500
-695.312 -335.938 -562.500 -617.188 -515.625 500.000 -773.438 -265.625 523.438 -781.250 156.250 609.375 -703.125 -242.188 687.500
-664.062 -414.062 -554.688 -578.125 -554.688 546.875 -765.625 -296.875 539.062 -781.250 140.625 609.375 -710.938 -265.625 656.250
-664.062 -414.062 -554.688 -578.125 -554.688 546.875 -765.625 -296.875 539.062 -781.250 140.625 609.375 -710.938 -265.625 656.250
-648.438 -429.688 -546.875 -554.688 -554.688 554.688 -750.000 -312.500 546.875 -773.438 117.188 609.375 -710.938 -265.625 640.625
-648.438 -429.688 -546.875 -554.688 -554.688 554.688 -750.000 -312.500 546.875 -773.438 117.188 609.375 -710.938 -265.625 640.625
-648.438 -429.688 -546.875 -554.688 -554.688 554.688 -750.000 -312.500 546.875 -773.438 117.188 609.375 -710.938 -265.625 640.625
-640.625 -453.125 -539.062 -531.250 -562.500 578.125 -734.375 -328.125 554.688 -773.438 117.188 609.375 -710.938 -257.812 632.812
-640.625 -453.125 -539.062 -531.250 -562.500 578.125 -734.375 -328.125 554.688 -773.438 117.188 609.375 -710.938 -257.812 632.812
-640.625 -523.438 -578.125 -445.312 -562.500 625.000 -671.875 -281.250 632.812 -703.125 187.500 664.062 -664.062 -218.750 710.938
-640.625 -523.438 -578.125 -445.312 -562.500 625.000 -671.875 -281.250 632.812 -703.125 187.500 664.062 -664.062 -218.750 710.938
-640.625 -523.438 -578.125 -445.312 -562.500 625.000 -671.875 -281.250 632.812 -703.125 187.500 664.062 -664.062 -218.750 710.938
-640.625 -523.438 -578.125 -445.312 -562.500 625.000 -671.875 -281.250 632.812 -703.125 187.500 664.062 -664.062 -218.750 710.938
-679.688 -468.750 -625.000 -460.938 -531.250 625.000 -664.062 -250.000 664.062 -687.500 234.375 703.125 -632.812 -203.125 789.062
-679.688 -468.750 -625.000 -460.938 -531.250 625.000 -664.062 -250.000 664.062 -687.500 234.375 703.125 -632.812 -203.125 789.062
-679.688 -468.750 -625.000 -460.938 -531.250 625.000 -664.062 -250.000 664.062 -687.500 234.375 703.125 -632.812 -203.125 789.062
-664.062 -460.938 -601.562 -500.000 -554.688 617.188 -687.500 -234.375 640.625 -710.938 242.188 695.312 -648.438 -218.750 796.875
-664.062 -460.938 -601.562 -500.000 -554.688 617.188 -687.500 -234.375 640.625 -710.938 242.188 695.312 -648.438 -218.750 796.875
-656.250 -445.312 -593.750 -515.625 -539.062 617.188 -703.125 -242.188 640.625 -718.750 250.000 687.500 -648.438 -210.938 789.062
-656.250 -445.312 -593.750 -515.625 -539.062 617.188 -703.125 -242.188 640.625 -718.750 250.000 687.500 -648.438 -210.938 789.062
-664.062 -453.125 -593.750 -523.438 -531.250 617.188 -726.562 -250.000 625.000 -726.562 242.188 687.500 -671.875 -195.312 781.250
-664.062 -453.125 -593.750 -523.438 -531.250 617.188 -726.562 -250.000 625.000 -726.562 242.188 687.500 -671.875 -195.312 781.250
-664.062 -500.000 -585.938 -523.438 -570.312 609.375 -726.562 -265.625 625.000 -742.188 218.750 687.500 -664.062 -218.750 765.625
-664.062 -500.000 -585.938 -523.438 -570.312 609.375 -726.562 -265.625 625.000 -742.188 218.750 687.500 -664.062 -218.750 765.625
-664.062 -500.000 -585.938 -523.438 -570.312 609.375 -726.562 -265.625 625.000 -742.188 218.750 687.500 -664.062 -218.750 765.625
-648.438 -562.500 -570.312 -500.000 -617.188 625.000 -726.562 -328.125 609.375 -742.188 156.250 671.875 -679.688 -250.000 710.938
-648.438 -562.500 -570.312 -500.000 -617.188 625.000 -726.562 -328.125 609.375 -742.188 156.250 671.875 -679.688 -250.000 710.938
-648.438 -562.500 -562.500 -500.000 -640.625 625.000 -726.562 -351.562 601.562 -757.812 132.812 671.875 -695.312 -265.625 687.500
-648.438 -562.500 -562.500 -500.000 -640.625 625.000 -726.562 -351.562 601.562 -757.812 132.812 671.875 -695.312 -265.625 687.500
-640.625 -578.125 -554.688 -515.625 -648.438 617.188 -726.562 -367.188 585.938 -757.812 109.375 656.250 -695.312 -265.625 671.875
-640.625 -578.125 -554.688 -515.625 -648.438 617.188 -726.562 -367.188 585.938 -757.812 109.375 656.250 -695.312 -265.625 671.875
-648.438 -554.688 -539.062 -531.250 -632.812 609.375 -742.188 -375.000 570.312 -757.812 117.188 640.625 -695.312 -273.438 648.438
-648.438 -554.688 -539.062 -531.250 -632.812 609.375 -742.188 -375.000 570.312 -757.812 117.188 640.625 -695.312 -273.438 648.438
-648.438 -554.688 -539.062 -531.250 -632.812 609.375 -742.188 -375.000 570.312 -757.812 117.188 640.625 -695.312 -273.438 648.438
-601.562 -617.188 -476.562 -554.688 -703.125 570.312 -750.000 -421.875 523.438 -765.625 39.062 617.188 -687.500 -328.125 593.750
-601.562 -617.188 -476.562 -554.688 -703.125 570.312 -750.000 -421.875 523.438 -765.625 39.062 617.188 -687.500 -328.125 593.750
-578.125 -671.875 -445.312 -507.812 -726.562 585.938 -742.188 -468.750 507.812 -781.250 -15.625 593.750 -726.562 -335.938 539.062
-578.125 -671.875 -445.312 -507.812 -726.562 585.938 -742.188 -468.750 507.812 -781.250 -15.625 593.750 -726.562 -335.938 539.062
-507.812 -812.500 -406.250 -523.438 -851.562 570.312 -750.000 -578.125 476.562 -843.750 -156.250 562.500 -750.000 -468.750 390.625
-507.812 -812.500 -406.250 -523.438 -851.562 570.312 -750.000 -578.125 476.562 -843.750 -156.250 562.500 -750.000 -468.750 390.625
-359.375 -1101.562 -281.250 -531.250 -1031.250 601.562 -828.125 -789.062 398.438 -929.688 -343.750 484.375 -812.500 -507.812 242.188
-359.375 -1101.562 -281.250 -531.250 -1031.250 601.562 -828.125 -789.062 398.438 -929.688 -343.750 484.375 -812.500 -507.812 242.188
-359.375 -1101.562 -281.250 -531.250 -1031.250 601.562 -828.125 -789.062 398.438 -929.688 -343.750 484.375 -812.500 -507.812 242.188
-210.938 -1312.500 -359.375 -546.875 -1640.625 554.688 -1007.812 -742.188 -7.812 -984.375 -601.562 421.875 -929.688 -750.000 -218.750
-210.938 -1312.500 -359.375 -546.875 -1640.625 554.688 -1007.812 -742.188 -7.812 -984.375 -601.562 421.875 -929.688 -750.000 -218.750
-265.625 -1820.312 -414.062 -609.375 -1601.562 578.125 -1046.875 -984.375 195.312 -1125.000 -687.500 375.000 -984.375 -804.688 -375.000
-265.625 -1820.312 -414.062 -609.375 -1601.562 578.125 -1046.875 -984.375 195.312 -1125.000 -687.500 375.000 -984.375 -804.688 -375.000
-304.688 -1585.938 -453.125 -750.000 -1109.375 179.688 -1007.812 -1328.125 140.625 -882.812 -851.562 101.562 -859.375 -453.125 -562.500
-304.688 -1585.938 -453.125 -750.000 -1109.375 179.688 -1007.812 -1328.125 140.625 -882.812 -851.562 101.562 -859.375 -453.125 -562.500
-484.375 -2085.938 -1484.375 -734.375 -1101.562 312.500 -742.188 -765.625 -156.250 -859.375 -460.938 -476.562 -968.750 179.688 -882.812
-484.375 -2085.938 -1484.375 -734.375 -1101.562 312.500 -742.188 -765.625 -156.250 -859.375 -460.938 -476.562 -968.750 179.688 -882.812
-484.375 -2085.938 -1484.375 -734.375 -1101.562 312.500 -742.188 -765.625 -156.250 -859.375 -460.938 -476.562 -968.750 179.688 -882.812
-484.375 -2085.938 -1484.375 -734.375 -1101.562 312.500 -742.188 -765.625 -156.250 -859.375 -460.938 -476.562 -968.750 179.688 -882.812
-484.375 -2085.938 -1484.375 -734.375 -1101.562 312.500 -742.188 -765.625 -156.250 -859.375 -460.938 -476.562 -968.750 179.688 -882.812
-164.062 -2406.250 -1765.625 -1234.375 -625.000 -390.625 -843.750 -54.688 -523.438 -960.938 210.938 -968.750 -953.125 1343.750 -898.438
-164.062 -2406.250 -1765.625 -1234.375 -625.000 -390.625 -843.750 -54.688 -523.438 -960.938 210.938 -968.750 -953.125 1343.750 -898.438
-46.875 -2398.438 -1867.188 -906.250 -328.125 -250.000 -914.062 195.312 -648.438 -796.875 632.812 -1218.750 -859.375 1812.500 -851.562
-46.875 -2398.438 -1867.188 -906.250 -328.125 -250.000 -914.062 195.312 -648.438 -796.875 632.812 -1218.750 -859.375 1812.500 -851.562
23.438 -2265.625 -1968.750 -750.000 -265.625 -93.750 -945.312 351.562 -718.750 -875.000 835.938 -1335.938 -789.062 2109.375 -773.438
23.438 -2265.625 -1968.750 -750.000 -265.625 -93.750 -945.312 351.562 -718.750 -875.000 835.938 -1335.938 -789.062 2109.375 -773.438
23.438 -2265.625 -1968.750 -750.000 -265.625 -93.750 -945.312 351.562 -718.750 -875.000 835.938 -1335.938 -789.062 2109.375 -773.438
195.312 -1984.375 -2304.688 -1085.938 414.062 -679.688 -867.188 1257.812 -1039.062 -265.625 1875.000 -1781.250 -507.812 3000.000 -453.125
195.312 -1984.375 -2304.688 -1085.938 414.062 -679.688 -867.188 1257.812 -1039.062 -265.625 1875.000 -1781.250 -507.812 3000.000 -453.125
125.000 -1593.750 -2476.562 -1015.625 1109.375 -820.312 -890.625 1726.562 -960.938 -468.750 2242.188 -1593.750 -125.000 3281.250 -109.375
125.000 -1593.750 -2476.562 -1015.625 1109.375 -820.312 -890.625 1726.562 -960.938 -468.750 2242.188 -1593.750 -125.000 3281.250 -109.375
39.062 -656.250 -2359.375 -476.562 1445.312 -250.000 -390.625 2148.438 -625.000 -23.438 2562.500 -1218.750 398.438 3062.500 421.875
39.062 -656.250 -2359.375 -476.562 1445.312 -250.000 -390.625 2148.438 -625.000 -23.438 2562.500 -1218.750 398.438 3062.500 421.875
-85.938 93.750 -2085.938 -492.188 1640.625 -445.312 -125.000 2421.875 -437.500 234.375 2656.250 -859.375 539.062 2875.000 742.188
-85.938 93.750 -2085.938 -492.188 1640.625 -445.312 -125.000 2421.875 -437.500 234.375 2656.250 -859.375 539.062 2875.000 742.188
-85.938 93.750 -2085.938 -492.188 1640.625 -445.312 -125.000 2421.875 -437.500 234.375 2656.250 -859.375 539.062 2875.000 742.188
-351.562 1125.000 -1476.562 -179.688 1875.000 85.938 -39.062 2132.812 46.875 359.375 2375.000 -320.312 679.688 2335.938 1125.000
-351.562 1125.000 -1476.562 -179.688 1875.000 85.938 -39.062 2132.812 46.875 359.375 2375.000 -320.312 679.688 2335.938 1125.000
-351.562 1125.000 -1476.562 -179.688 1875.000 85.938 -39.062 2132.812 46.875 359.375 2375.000 -320.312 679.688 2335.938 1125.000
-351.562 1125.000 -1476.562 -179.688 1875.000 85.938 -39.062 2132.812 46.875 359.375 2375.000 -320.312 679.688 2335.938 1125.000
-953.125 1953.125 -601.562 -296.875 1390.625 296.875 0.000 1570.312 414.062 421.875 1757.812 328.125 789.062 1250.000 1320.312
-953.125 1953.125 -601.562 -296.875 1390.625 296.875 0.000 1570.312 414.062 421.875 1757.812 328.125 789.062 1250.000 1320.312
-953.125 1953.125 -601.562 -296.875 1390.625 296.875 0.000 1570.312 414.062 421.875 1757.812 328.125 789.062 1250.000 1320.312
-1015.625 1843.750 -406.250 -382.812 1328.125 273.438 -31.250 1421.875 437.500 421.875 1593.750 398.438 734.375 1093.750 1289.062
-1015.625 1843.750 -406.250 -382.812 1328.125 273.438 -31.250 1421.875 437.500 421.875 1593.750 398.438 734.375 1093.750 1289.062
-984.375 1546.875 -39.062 -531.250 1218.750 218.750 -195.312 1195.312 390.625 187.500 1296.875 398.438 476.562 789.062 1109.375
-984.375 1546.875 -39.062 -531.250 1218.750 218.750 -195.312 1195.312 390.625 187.500 1296.875 398.438 476.562 789.062 1109.375
-1023.438 1109.375 132.812 -617.188 1062.500 203.125 -382.812 1070.312 273.438 -171.875 1054.688 265.625 78.125 609.375 828.125
-1023.438 1109.375 132.812 -617.188 1062.500 203.125 -382.812 1070.312 273.438 -171.875 1054.688 265.625 78.125 609.375 828.125
-960.938 195.312 335.938 -640.625 843.750 289.062 -656.250 859.375 70.312 -617.188 828.125 -93.750 -523.438 695.312 460.938
-960.938 195.312 335.938 -640.625 843.750 289.062 -656.250 859.375 70.312 -617.188 828.125 -93.750 -523.438 695.312 460.938
-929.688 46.875 398.438 -601.562 820.312 312.500 -679.688 828.125 15.625 -734.375 765.625 -195.312 -687.500 695.312 328.125
-929.688 46.875 398.438 -601.562 820.312 312.500 -679.688 828.125 15.625 -734.375 765.625 -195.312 -687.500 695.312 328.125
-929.688 46.875 398.438 -601.562 820.312 312.500 -679.688 828.125 15.625 -734.375 765.625 -195.312 -687.500 695.312 328.125
-945.312 -164.062 500.000 -554.688 757.812 367.188 -726.562 781.250 -39.062 -820.312 679.688 -320.312 -843.750 710.938 132.812
-945.312 -164.062 500.000 -554.688 757.812 367.188 -726.562 781.250 -39.062 -820.312 679.688 -320.312 -843.750 710.938 132.812
-921.875 -429.688 632.812 -460.938 750.000 398.438 -625.000 820.312 -46.875 -757.812 718.750 -390.625 -812.500 843.750 54.688
-921.875 -429.688 632.812 -460.938 750.000 398.438 -625.000 820.312 -46.875 -757.812 718.750 -390.625 -812.500 843.750 54.688
-914.062 -390.625 656.250 -437.500 796.875 429.688 -585.938 843.750 -15.625 -695.312 757.812 -359.375 -742.188 859.375 117.188
-914.062 -390.625 656.250 -437.500 796.875 429.688 -585.938 843.750 -15.625 -695.312 757.812 -359.375 -742.188 859.375 117.188
-914.062 -390.625 656.250 -437.500 796.875 429.688 -585.938 843.750 -15.625 -695.312 757.812 -359.375 -742.188 859.375 117.188
-906.250 -265.625 593.750 -398.438 867.188 468.750 -515.625 929.688 62.500 -601.562 875.000 -273.438 -617.188 882.812 273.438
-906.250 -265.625 593.750 -398.438 867.188 468.750 -515.625 929.688 62.500 -601.562 875.000 -273.438 -617.188 882.812 273.438
-945.312 -109.375 468.750 -398.438 906.250 453.125 -460.938 1000.000 140.625 -468.750 984.375 -140.625 -429.688 898.438 460.938
-945.312 -109.375 468.750 -398.438 906.250 453.125 -460.938 1000.000 140.625 -468.750 984.375 -140.625 -429.688 898.438 460.938
-953.125 46.875 382.812 -390.625 906.250 460.938 -382.812 1023.438 226.562 -351.562 1046.875 -15.625 -281.250 882.812 617.188
-953.125 46.875 382.812 -390.625 906.250 460.938 -382.812 1023.438 226.562 -351.562 1046.875 -15.625 -281.250 882.812 617.188
-945.312 125.000 375.000 -406.250 898.438 460.938 -390.625 1015.625 234.375 -359.375 1039.062 0.000 -289.062 859.375 625.000
-945.312 125.000 375.000 -406.250 898.438 460.938 -390.625 1015.625 234.375 -359.375 1039.062 0.000 -289.062 859.375 625.000
-953.125 179.688 312.500 -414.062 859.375 492.188 -445.312 960.938 226.562 -406.250 976.562 -7.812 -351.562 812.500 585.938
-953.125 179.688 312.500 -414.062 859.375 492.188 -445.312 960.938 226.562 -406.250 976.562 -7.812 -351.562 812.500 585.938
-953.125 179.688 312.500 -414.062 859.375 492.188 -445.312 960.938 226.562 -406.250 976.562 -7.812 -351.562 812.500 585.938
-953.125 -164.062 312.500 -429.688 703.125 484.375 -484.375 820.312 179.688 -500.000 820.312 -78.125 -476.562 734.375 398.438
-953.125 -164.062 312.500 -429.688 703.125 484.375 -484.375 820.312 179.688 -500.000 820.312 -78.125 -476.562 734.375 398.438
-953.125 -164.062 312.500 -429.688 703.125 484.375 -484.375 820.312 179.688 -500.000 820.312 -78.125 -476.562 734.375 398.438
-953.125 -164.062 312.500 -429.688 703.125 484.375 -484.375 820.312 179.688 -500.000 820.312 -78.125 -476.562 734.375 398.438
-914.062 -210.938 328.125 -414.062 734.375 445.312 -460.938 835.938 171.875 -476.562 835.938 -70.312 -437.500 750.000 429.688
-914.062 -210.938 328.125 -414.062 734.375 445.312 -460.938 835.938 171.875 -476.562 835.938 -70.312 -437.500 750.000 429.688
-921.875 -117.188 312.500 -406.250 742.188 468.750 -437.500 867.188 187.500 -429.688 898.438 -62.500 -382.812 796.875 500.000
-921.875 -117.188 312.500 -406.250 742.188 468.750 -437.500 867.188 187.500 -429.688 898.438 -62.500 -382.812 796.875 500.000
-921.875 -117.188 312.500 -406.250 742.188 468.750 -437.500 867.188 187.500 -429.688 898.438 -62.500 -382.812 796.875 500.000
-929.688 -78.125 281.250 -375.000 757.812 468.750 -406.250 890.625 203.125 -390.625 929.688 -31.250 -343.750 796.875 531.250
-929.688 -78.125 281.250 -375.000 757.812 468.750 -406.250 890.625 203.125 -390.625 929.688 -31.250 -343.750 796.875 531.250
-929.688 -31.250 265.625 -390.625 843.750 445.312 -390.625 937.500 242.188 -375.000 976.562 15.625 -281.250 804.688 570.312
-929.688 -31.250 265.625 -390.625 843.750 445.312 -390.625 937.500 242.188 -375.000 976.562 15.625 -281.250 804.688 570.312
-945.312 -15.625 281.250 -367.188 835.938 468.750 -335.938 1007.812 304.688 -257.812 1101.562 109.375 -125.000 851.562 789.062
-945.312 -15.625 281.250 -367.188 835.938 468.750 -335.938 1007.812 304.688 -257.812 1101.562 109.375 -125.000 851.562 789.062
-945.312 132.812 304.688 -429.688 921.875 421.875 -312.500 1187.500 375.000 -195.312 1242.188 265.625 0.000 835.938 992.188
-945.312 132.812 304.688 -429.688 921.875 421.875 -312.500 1187.500 375.000 -195.312 1242.188 265.625 0.000 835.938 992.188
-945.312 132.812 304.688 -429.688 921.875 421.875 -312.500 1187.500 375.000 -195.312 1242.188 265.625 0.000 835.938 992.188
-1023.438 382.812 218.750 -507.812 929.688 273.438 -296.875 1421.875 226.562 -179.688 1476.562 171.875 164.062 1070.312 1070.312
-1023.438 382.812 218.750 -507.812 929.688 273.438 -296.875 1421.875 226.562 -179.688 1476.562 171.875 164.062 1070.312 1070.312
-1023.438 382.812 218.750 -507.812 929.688 273.438 -296.875 1421.875 226.562 -179.688 1476.562 171.875 164.062 1070.312 1070.312
-1023.438 382.812 218.750 -507.812 929.688 273.438 -296.875 1421.875 226.562 -179.688 1476.562 171.875 164.062 1070.312 1070.312
-960.938 726.562 156.250 -250.000 773.438 562.500 -593.750 1132.812 132.812 -117.188 1578.125 148.438 609.375 1296.875 1039.062
-960.938 726.562 156.250 -250.000 773.438 562.500 -593.750 1132.812 132.812 -117.188 1578.125 148.438 609.375 1296.875 1039.062
-890.625 710.938 179.688 -218.750 1054.688 476.562 -664.062 1187.500 453.125 164.062 1343.750 507.812 601.562 1187.500 960.938
-890.625 710.938 179.688 -218.750 1054.688 476.562 -664.062 1187.500 453.125 164.062 1343.750 507.812 601.562 1187.500 960.938
-890.625 710.938 179.688 -218.750 1054.688 476.562 -664.062 1187.500 453.125 164.062 1343.750 507.812 601.562 1187.500 960.938
-1046.875 609.375 -70.312 85.938 1218.750 695.312 320.312 968.750 765.625 1640.625 898.438 250.000 945.312 945.312 -117.188
-1046.875 609.375 -70.312 85.938 1218.750 695.312 320.312 968.750 765.625 1640.625 898.438 250.000 945.312 945.312 -117.188
-828.125 617.188 -195.312 406.250 773.438 398.438 437.500 1187.500 101.562 523.438 1382.812 -937.500 953.125 1585.938 164.062
-828.125 617.188 -195.312 406.250 773.438 398.438 437.500 1187.500 101.562 523.438 1382.812 -937.500 953.125 1585.938 164.062
-835.938 -343.750 -1359.375 -804.688 2125.000 -929.688 328.125 1773.438 140.625 398.438 1273.438 -742.188 265.625 1851.562 187.500
-835.938 -343.750 -1359.375 -804.688 2125.000 -929.688 328.125 1773.438 140.625 398.438 1273.438 -742.188 265.625 1851.562 187.500
-835.938 -343.750 -1359.375 -804.688 2125.000 -929.688 328.125 1773.438 140.625 398.438 1273.438 -742.188 265.625 1851.562 187.500
-835.938 -343.750 -1359.375 -804.688 2125.000 -929.688 328.125 1773.438 140.625 398.438 1273.438 -742.188 265.625 1851.562 187.500
-835.938 -343.750 -1359.375 -804.688 2125.000 -929.688 328.125 1773.438 140.625 398.438 1273.438 -742.188 265.625 1851.562 187.500
-710.938 -617.188 -1351.562 -1140.625 1382.812 -976.562 140.625 2062.500 -117.188 343.750 1531.250 -695.312 273.438 1695.312 367.188
-710.938 -617.188 -1351.562 -1140.625 1382.812 -976.562 140.625 2062.500 -117.188 343.750 1531.250 -695.312 273.438 1695.312 367.188
-23.438 -1429.688 -554.688 -757.812 437.500 78.125 -414.062 1453.125 -429.688 -273.438 1664.062 -1507.812 445.312 2484.375 414.062
-23.438 -1429.688 -554.688 -757.812 437.500 78.125 -414.062 1453.125 -429.688 -273.438 1664.062 -1507.812 445.312 2484.375 414.062
31.250 -1500.000 -359.375 -539.062 242.188 382.812 -453.125 1257.812 -398.438 -226.562 1437.500 -1445.312 109.375 2257.812 -187.500
31.250 -1500.000 -359.375 -539.062 242.188 382.812 -453.125 1257.812 -398.438 -226.562 1437.500 -1445.312 109.375 2257.812 -187.500
31.250 -1500.000 -359.375 -539.062 242.188 382.812 -453.125 1257.812 -398.438 -226.562 1437.500 -1445.312 109.375 2257.812 -187.500
31.250 -1500.000 -359.375 -539.062 242.188 382.812 -453.125 1257.812 -398.438 -226.562 1437.500 -1445.312 109.375 2257.812 -187.500
31.250 -1500.000 -359.375 -539.062 242.188 382.812 -453.125 1257.812 -398.438 -226.562 1437.500 -1445.312 109.375 2257.812 -187.500
-62.500 -2218.750 382.812 -679.688 15.625 445.312 -695.312 492.188 -140.625 -453.125 460.938 -718.750 -234.375 898.438 -367.188
-62.500 -2218.750 382.812 -679.688 15.625 445.312 -695.312 492.188 -140.625 -453.125 460.938 -718.750 -234.375 898.438 -367.188
-85.938 -2148.438 484.375 -773.438 -39.062 335.938 -765.625 476.562 -210.938 -484.375 515.625 -601.562 -304.688 781.250 -156.250
-85.938 -2148.438 484.375 -773.438 -39.062 335.938 -765.625 476.562 -210.938 -484.375 515.625 -601.562 -304.688 781.250 -156.250
-70.312 -1835.938 703.125 -945.312 -85.938 109.375 -937.500 382.812 -304.688 -726.562 476.562 -570.312 -593.750 695.312 -15.625
-70.312 -1835.938 703.125 -945.312 -85.938 109.375 -937.500 382.812 -304.688 -726.562 476.562 -570.312 -593.750 695.312 -15.625
-70.312 -1687.500 718.750 -960.938 -125.000 125.000 -937.500 296.875 -296.875 -632.812 476.562 -562.500 -570.312 710.938 -39.062
-70.312 -1687.500 718.750 -960.938 -125.000 125.000 -937.500 296.875 -296.875 -632.812 476.562 -562.500 -570.312 710.938 -39.062
-70.312 -1687.500 718.750 -960.938 -125.000 125.000 -937.500 296.875 -296.875 -632.812 476.562 -562.500 -570.312 710.938 -39.062
-156.250 -1429.688 640.625 -1007.812 -62.500 171.875 -859.375 148.438 -101.562 -617.188 289.062 -390.625 -546.875 507.812 -140.625
-156.250 -1429.688 640.625 -1007.812 -62.500 171.875 -859.375 148.438 -101.562 -617.188 289.062 -390.625 -546.875 507.812 -140.625
-359.375 -1281.250 500.000 -921.875 -218.750 414.062 -882.812 -62.500 179.688 -687.500 156.250 -93.750 -578.125 273.438 -70.312
-359.375 -1281.250 500.000 -921.875 -218.750 414.062 -882.812 -62.500 179.688 -687.500 156.250 -93.750 -578.125 273.438 -70.312
-429.688 -1289.062 398.438 -851.562 -210.938 515.625 -820.312 -46.875 351.562 -687.500 203.125 101.562 -578.125 210.938 156.250
-429.688 -1289.062 398.438 -851.562 -210.938 515.625 -820.312 -46.875 351.562 -687.500 203.125 101.562 -578.125 210.938 156.250
-492.188 -1195.312 234.375 -812.500 -109.375 632.812 -835.938 109.375 531.250 -773.438 460.938 304.688 -710.938 195.312 523.438
-492.188 -1195.312 234.375 -812.500 -109.375 632.812 -835.938 109.375 531.250 -773.438 460.938 304.688 -710.938 195.312 523.438
-492.188 -1195.312 234.375 -812.500 -109.375 632.812 -835.938 109.375 531.250 -773.438 460.938 304.688 -710.938 195.312 523.438
-546.875 -1117.188 70.312 -773.438 -46.875 750.000 -875.000 140.625 632.812 -851.562 523.438 335.938 -812.500 265.625 601.562
-546.875 -1117.188 70.312 -773.438 -46.875 750.000 -875.000 140.625 632.812 -851.562 523.438 335.938 -812.500 265.625 601.562
-601.562 -1101.562 7.812 -757.812 -31.250 781.250 -867.188 179.688 664.062 -875.000 570.312 359.375 -890.625 273.438 625.000
-601.562 -1101.562 7.812 -757.812 -31.250 781.250 -867.188 179.688 664.062 -875.000 570.312 359.375 -890.625 273.438 625.000
-625.000 -1015.625 -117.188 -734.375 62.500 804.688 -890.625 203.125 695.312 -914.062 578.125 367.188 -914.062 296.875 617.188
-625.000 -1015.625 -117.188 -734.375 62.500 804.688 -890.625 203.125 695.312 -914.062 578.125 367.188 -914.062 296.875 617.188
-625.000 -1015.625 -117.188 -734.375 62.500 804.688 -890.625 203.125 695.312 -914.062 578.125 367.188 -914.062 296.875 617.188
-671.875 -1000.000 -218.750 -789.062 195.312 734.375 -906.250 187.500 648.438 -937.500 570.312 320.312 -945.312 273.438 554.688
-671.875 -1000.000 -218.750 -789.062 195.312 734.375 -906.250 187.500 648.438 -937.500 570.312 320.312 -945.312 273.438 554.688
-695.312 -773.438 -250.000 -742.188 -7.812 539.062 -914.062 382.812 437.500 -960.938 687.500 226.562 -1054.688 320.312 539.062
-695.312 -773.438 -250.000 -742.188 -7.812 539.062 -914.062 382.812 437.500 -960.938 687.500 226.562 -1054.688 320.312 539.062
-664.062 -718.750 -179.688 -703.125 23.438 445.312 -929.688 437.500 273.438 -1039.062 742.188 117.188 -1132.812 289.062 546.875
-664.062 -718.750 -179.688 -703.125 23.438 445.312 -929.688 437.500 273.438 -1039.062 742.188 117.188 -1132.812 289.062 546.875
-664.062 -718.750 -179.688 -703.125 23.438 445.312 -929.688 437.500 273.438 -1039.062 742.188 117.188 -1132.812 289.062 546.875
-664.062 -718.750 -179.688 -703.125 23.438 445.312 -929.688 437.500 273.438 -1039.062 742.188 117.188 -1132.812 289.062 546.875
-664.062 -718.750 -179.688 -703.125 23.438 445.312 -929.688 437.500 273.438 -1039.062 742.188 117.188 -1132.812 289.062 546.875
-632.812 -656.250 -226.562 -531.250 164.062 656.250 -875.000 351.562 140.625 -921.875 671.875 -46.875 -804.688 242.188 460.938
-632.812 -656.250 -226.562 -531.250 164.062 656.250 -875.000 351.562 140.625 -921.875 671.875 -46.875 -804.688 242.188 460.938
-640.625 -703.125 -218.750 -492.188 85.938 656.250 -843.750 304.688 132.812 -906.250 640.625 -46.875 -710.938 343.750 562.500
-640.625 -703.125 -218.750 -492.188 85.938 656.250 -843.750 304.688 132.812 -906.250 640.625 -46.875 -710.938 343.750 562.500
-757.812 -820.312 -242.188 -585.938 -492.188 437.500 -546.875 -187.500 203.125 -429.688 210.938 15.625 -390.625 429.688 679.688
-757.812 -820.312 -242.188 -585.938 -492.188 437.500 -546.875 -187.500 203.125 -429.688 210.938 15.625 -390.625 429.688 679.688
-757.812 -820.312 -242.188 -585.938 -492.188 437.500 -546.875 -187.500 203.125 -429.688 210.938 15.625 -390.625 429.688 679.688
-757.812 -820.312 -242.188 -585.938 -492.188 437.500 -546.875 -187.500 203.125 -429.688 210.938 15.625 -390.625 429.688 679.688
-757.812 -820.312 -242.188 -585.938 -492.188 437.500 -546.875 -187.500 203.125 -429.688 210.938 15.625 -390.625 429.688 679.688
-804.688 -968.750 -257.812 -812.500 -109.375 257.812 -460.938 31.250 414.062 -289.062 -101.562 210.938 -484.375 398.438 460.938
-804.688 -968.750 -257.812 -812.500 -109.375 257.812 -460.938 31.250 414.062 -289.062 -101.562 210.938 -484.375 398.438 460.938
-750.000 -875.000 -125.000 -812.500 -414.062 179.688 -328.125 -7.812 484.375 -93.750 -140.625 476.562 -554.688 101.562 132.812
-750.000 -875.000 -125.000 -812.500 -414.062 179.688 -328.125 -7.812 484.375 -93.750 -140.625 476.562 -554.688 101.562 132.812
-750.000 -921.875 -85.938 -781.250 -390.625 210.938 -148.438 -156.250 593.750 -93.750 -195.312 546.875 -492.188 -7.812 93.750
-750.000 -921.875 -85.938 -781.250 -390.625 210.938 -148.438 -156.250 593.750 -93.750 -195.312 546.875 -492.188 -7.812 93.750
-703.125 -773.438 54.688 -609.375 -554.688 546.875 -218.750 -320.312 898.438 -156.250 -203.125 765.625 -351.562 -195.312 78.125
-703.125 -773.438 54.688 -609.375 -554.688 546.875 -218.750 -320.312 898.438 -156.250 -203.125 765.625 -351.562 -195.312 78.125
-687.500 -726.562 93.750 -523.438 -601.562 679.688 -265.625 -351.562 953.125 -171.875 -187.500 796.875 -304.688 -234.375 179.688
-687.500 -726.562 93.750 -523.438 -601.562 679.688 -265.625 -351.562 953.125 -171.875 -187.500 796.875 -304.688 -234.375 179.688
-687.500 -726.562 93.750 -523.438 -601.562 679.688 -265.625 -351.562 953.125 -171.875 -187.500 796.875 -304.688 -234.375 179.688
-695.312 -710.938 140.625 -437.500 -492.188 843.750 -343.750 -328.125 1203.125 -468.750 -156.250 890.625 -93.750 -578.125 632.812
-695.312 -710.938 140.625 -437.500 -492.188 843.750 -343.750 -328.125 1203.125 -468.750 -156.250 890.625 -93.750 -578.125 632.812
-585.938 -62.500 257.812 -179.688 -343.750 1320.312 -398.438 132.812 1820.312 -203.125 70.312 1664.062 -265.625 -812.500 1078.125
-585.938 -62.500 257.812 -179.688 -343.750 1320.312 -398.438 132.812 1820.312 -203.125 70.312 1664.062 -265.625 -812.500 1078.125
-781.250 -156.250 -132.812 -492.188 -742.188 1015.625 -921.875 148.438 921.875 -296.875 843.750 1289.062 -15.625 -398.438 1656.250
-781.250 -156.250 -132.812 -492.188 -742.188 1015.625 -921.875 148.438 921.875 -296.875 843.750 1289.062 -15.625 -398.438 1656.250
-875.000 -648.438 -117.188 -164.062 -593.750 890.625 -242.188 -156.250 914.062 -179.688 187.500 804.688 -203.125 -203.125 765.625
-875.000 -648.438 -117.188 -164.062 -593.750 890.625 -242.188 -156.250 914.062 -179.688 187.500 804.688 -203.125 -203.125 765.625
-875.000 -648.438 -117.188 -164.062 -593.750 890.625 -242.188 -156.250 914.062 -179.688 187.500 804.688 -203.125 -203.125 765.625
-875.000 -648.438 -117.188 -164.062 -593.750 890.625 -242.188 -156.250 914.062 -179.688 187.500 804.688 -203.125 -203.125 765.625
-875.000 -648.438 -117.188 -164.062 -593.750 890.625 -242.188 -156.250 914.062 -179.688 187.500 804.688 -203.125 -203.125 765.625
-875.000 -648.438 -117.188 -164.062 -593.750 890.625 -242.188 -156.250 914.062 -179.688 187.500 804.688 -203.125 -203.125 765.625
-875.000 -648.438 -117.188 -164.062 -593.750 890.625 -242.188 -156.250 914.062 -179.688 187.500 804.688 -203.125 -203.125 765.625
-875.000 -648.438 -117.188 -164.062 -593.750 890.625 -242.188 -156.250 914.062 -179.688 187.500 804.688 -203.125 -203.125 765.625
-875.000 -648.438 -117.188 -164.062 -593.750 890.625 -242.188 -156.250 914.062 -179.688 187.500 804.688 -203.125 -203.125 765.625
-875.000 -648.438 -117.188 -164.062 -593.750 890.625 -242.188 -156.250 914.062 -179.688 187.500 804.688 -203.125 -203.125 765.625
-875.000 -648.438 -117.188 -164.062 -593.750 890.625 -242.188 -156.250 914.062 -179.688 187.500 804.688 -203.125 -203.125 765.625
-875.000 -648.438 -117.188 -164.062 -593.750 890.625 -242.188 -156.250 914.062 -179.688 187.500 804.688 -203.125 -203.125 765.625
-882.812 -703.125 -125.000 -140.625 -640.625 898.438 -218.750 -140.625 929.688 -156.250 218.750 851.562 -164.062 -210.938 828.125
-882.812 -703.125 -125.000 -140.625 -640.625 898.438 -218.750 -140.625 929.688 -156.250 218.750 851.562 -164.062 -210.938 828.125
-875.000 -710.938 -156.250 -85.938 -578.125 914.062 -140.625 -46.875 984.375 -39.062 375.000 906.250 -15.625 -187.500 992.188
-875.000 -710.938 -156.250 -85.938 -578.125 914.062 -140.625 -46.875 984.375 -39.062 375.000 906.250 -15.625 -187.500 992.188
-867.188 -539.062 -93.750 -218.750 -562.500 875.000 -234.375 -46.875 921.875 -109.375 390.625 843.750 -23.438 -78.125 968.750
-867.188 -539.062 -93.750 -218.750 -562.500 875.000 -234.375 -46.875 921.875 -109.375 390.625 843.750 -23.438 -78.125 968.750
-867.188 -539.062 -93.750 -218.750 -562.500 875.000 -234.375 -46.875 921.875 -109.375 390.625 843.750 -23.438 -78.125 968.750
-867.188 -539.062 -93.750 -218.750 -562.500 875.000 -234.375 -46.875 921.875 -109.375 390.625 843.750 -23.438 -78.125 968.750
-867.188 -539.062 -93.750 -218.750 -562.500 875.000 -234.375 -46.875 921.875 -109.375 390.625 843.750 -23.438 -78.125 968.750
-867.188 -539.062 -93.750 -218.750 -562.500 875.000 -234.375 -46.875 921.875 -109.375 390.625 843.750 -23.438 -78.125 968.750
-867.188 -539.062 -93.750 -218.750 -562.500 875.000 -234.375 -46.875 921.875 -109.375 390.625 843.750 -23.438 -78.125 968.750
-906.250 -835.938 -70.312 -281.250 -648.438 945.312 -359.375 -148.438 945.312 -320.312 203.125 812.500 -265.625 -257.812 734.375
-906.250 -835.938 -70.312 -281.250 -648.438 945.312 -359.375 -148.438 945.312 -320.312 203.125 812.500 -265.625 -257.812 734.375
-906.250 -835.938 -70.312 -281.250 -648.438 945.312 -359.375 -148.438 945.312 -320.312 203.125 812.500 -265.625 -257.812 734.375
-906.250 -835.938 -70.312 -281.250 -648.438 945.312 -359.375 -148.438 945.312 -320.312 203.125 812.500 -265.625 -257.812 734.375
-906.250 -835.938 -70.312 -281.250 -648.438 945.312 -359.375 -148.438 945.312 -320.312 203.125 812.500 -265.625 -257.812 734.375
-914.062 -968.750 -70.312 -289.062 -734.375 929.688 -421.875 -195.312 929.688 -359.375 187.500 804.688 -343.750 -296.875 710.938
-914.062 -968.750 -70.312 -289.062 -734.375 929.688 -421.875 -195.312 929.688 -359.375 187.500 804.688 -343.750 -296.875 710.938
-968.750 -1500.000 -109.375 -179.688 -937.500 1015.625 -382.812 -320.312 906.250 -429.688 117.188 640.625 -570.312 -164.062 476.562
-968.750 -1500.000 -109.375 -179.688 -937.500 1015.625 -382.812 -320.312 906.250 -429.688 117.188 640.625 -570.312 -164.062 476.562
-968.750 -1500.000 -109.375 -179.688 -937.500 1015.625 -382.812 -320.312 906.250 -429.688 117.188 640.625 -570.312 -164.062 476.562
-968.750 -1500.000 -109.375 -179.688 -937.500 1015.625 -382.812 -320.312 906.250 -429.688 117.188 640.625 -570.312 -164.062 476.562
-875.000 -1507.812 -93.750 -179.688 -867.188 976.562 -382.812 -242.188 820.312 -421.875 257.812 500.000 -554.688 62.500 468.750
-875.000 -1507.812 -93.750 -179.688 -867.188 976.562 -382.812 -242.188 820.312 -421.875 257.812 500.000 -554.688 62.500 468.750
-867.188 -1632.812 -132.812 -289.062 -609.375 796.875 -351.562 70.312 726.562 -375.000 632.812 257.812 -437.500 500.000 523.438
-867.188 -1632.812 -132.812 -289.062 -609.375 796.875 -351.562 70.312 726.562 -375.000 632.812 257.812 -437.500 500.000 523.438
-867.188 -1632.812 -132.812 -289.062 -609.375 796.875 -351.562 70.312 726.562 -375.000 632.812 257.812 -437.500 500.000 523.438
-828.125 -1812.500 -156.250 -148.438 -867.188 648.438 -632.812 664.062 242.188 -406.250 890.625 117.188 -437.500 757.812 507.812
-828.125 -1812.500 -156.250 -148.438 -867.188 648.438 -632.812 664.062 242.188 -406.250 890.625 117.188 -437.500 757.812 507.812
-820.312 -1875.000 -187.500 -609.375 -632.812 507.812 -703.125 765.625 414.062 -648.438 867.188 187.500 -820.312 687.500 250.000
-820.312 -1875.000 -187.500 -609.375 -632.812 507.812 -703.125 765.625 414.062 -648.438 867.188 187.500 -820.312 687.500 250.000
-664.062 -1218.750 -367.188 -1109.375 179.688 23.438 -1054.688 843.750 -109.375 -1031.250 1367.188 -601.562 -1140.625 1781.250 531.250
-664.062 -1218.750 -367.188 -1109.375 179.688 23.438 -1054.688 843.750 -109.375 -1031.250 1367.188 -601.562 -1140.625 1781.250 531.250
-664.062 -1218.750 -367.188 -1109.375 179.688 23.438 -1054.688 843.750 -109.375 -1031.250 1367.188 -601.562 -1140.625 1781.250 531.250
-843.750 -1062.500 -593.750 -1375.000 546.875 -234.375 -1054.688 1234.375 -187.500 -875.000 1531.250 -750.000 -781.250 2023.438 390.625
-843.750 -1062.500 -593.750 -1375.000 546.875 -234.375 -1054.688 1234.375 -187.500 -875.000 1531.250 -750.000 -781.250 2023.438 390.625
-929.688 -781.250 -703.125 -1312.500 843.750 -156.250 -859.375 1335.938 78.125 -828.125 1531.250 -671.875 -656.250 2078.125 437.500
-929.688 -781.250 -703.125 -1312.500 843.750 -156.250 -859.375 1335.938 78.125 -828.125 1531.250 -671.875 -656.250 2078.125 437.500
-1171.875 39.062 -820.312 -695.312 1250.000 -265.625 -781.250 1242.188 -437.500 -273.438 1750.000 -1085.938 -203.125 2328.125 468.750
-1171.875 39.062 -820.312 -695.312 1250.000 -265.625 -781.250 1242.188 -437.500 -273.438 1750.000 -1085.938 -203.125 2328.125 468.750
-898.438 828.125 -273.438 -421.875 1171.875 -421.875 -242.188 2007.812 -304.688 632.812 1703.125 -781.250 515.625 2250.000 500.000
-898.438 828.125 -273.438 -421.875 1171.875 -421.875 -242.188 2007.812 -304.688 632.812 1703.125 -781.250 515.625 2250.000 500.000
-640.625 1070.312 195.312 -117.188 1851.562 -312.500 281.250 2031.250 523.438 453.125 1492.188 -351.562 1203.125 1882.812 1039.062
-640.625 1070.312 195.312 -117.188 1851.562 -312.500 281.250 2031.250 523.438 453.125 1492.188 -351.562 1203.125 1882.812 1039.062
-640.625 1070.312 195.312 -117.188 1851.562 -312.500 281.250 2031.250 523.438 453.125 1492.188 -351.562 1203.125 1882.812 1039.062
-796.875 820.312 375.000 343.750 1914.062 -70.312 437.500 1625.000 125.000 1281.250 2015.625 -515.625 1468.750 1429.688 1164.062
-796.875 820.312 375.000 343.750 1914.062 -70.312 437.500 1625.000 125.000 1281.250 2015.625 -515.625 1468.750 1429.688 1164.062
-820.312 734.375 398.438 359.375 1562.500 54.688 375.000 1695.312 101.562 1148.438 2085.938 -429.688 1484.375 1289.062 1328.125
-820.312 734.375 398.438 359.375 1562.500 54.688 375.000 1695.312 101.562 1148.438 2085.938 -429.688 1484.375 1289.062 1328.125
-820.312 734.375 398.438 359.375 1562.500 54.688 375.000 1695.312 101.562 1148.438 2085.938 -429.688 1484.375 1289.062 1328.125
-789.062 539.062 492.188 187.500 1765.625 54.688 195.312 1531.250 265.625 828.125 1843.750 -218.750 1101.562 1164.062 1406.250
-585.938 218.750 718.750 7.812 1468.750 203.125 -101.562 1406.250 406.250 335.938 1367.188 -70.312 453.125 867.188 992.188
-585.938 218.750 718.750 7.812 1468.750 203.125 -101.562 1406.250 406.250 335.938 1367.188 -70.312 453.125 867.188 992.188
-585.938 218.750 718.750 7.812 1468.750 203.125 -101.562 1406.250 406.250 335.938 1367.188 -70.312 453.125 867.188 992.188
-570.312 -140.625 796.875 -125.000 1187.500 320.312 -195.312 1171.875 414.062 250.000 1281.250 -78.125 304.688 867.188 953.125
-570.312 -140.625 796.875 -125.000 1187.500 320.312 -195.312 1171.875 414.062 250.000 1281.250 -78.125 304.688 867.188 953.125
-554.688 -296.875 843.750 -148.438 1023.438 421.875 -226.562 1070.312 437.500 164.062 1234.375 -70.312 203.125 843.750 906.250
-554.688 -296.875 843.750 -148.438 1023.438 421.875 -226.562 1070.312 437.500 164.062 1234.375 -70.312 203.125 843.750 906.250
-445.312 -210.938 953.125 -156.250 898.438 671.875 -148.438 820.312 562.500 31.250 1265.625 -62.500 203.125 890.625 882.812
-445.312 -210.938 953.125 -156.250 898.438 671.875 -148.438 820.312 562.500 31.250 1265.625 -62.500 203.125 890.625 882.812
-445.312 -210.938 953.125 -156.250 898.438 671.875 -148.438 820.312 562.500 31.250 1265.625 -62.500 203.125 890.625 882.812
-445.312 -210.938 953.125 -156.250 898.438 671.875 -148.438 820.312 562.500 31.250 1265.625 -62.500 203.125 890.625 882.812
-445.312 -210.938 953.125 -156.250 898.438 671.875 -148.438 820.312 562.500 31.250 1265.625 -62.500 203.125 890.625 882.812
-445.312 -210.938 953.125 -156.250 898.438 671.875 -148.438 820.312 562.500 31.250 1265.625 -62.500 203.125 890.625 882.812
-796.875 78.125 507.812 500.000 1406.250 500.000 -382.812 867.188 445.312 398.438 1406.250 -117.188 414.062 898.438 750.000
-796.875 78.125 507.812 500.000 1406.250 500.000 -382.812 867.188 445.312 398.438 1406.250 -117.188 414.062 898.438 750.000
-796.875 78.125 507.812 500.000 1406.250 500.000 -382.812 867.188 445.312 398.438 1406.250 -117.188 414.062 898.438 750.000
-796.875 78.125 507.812 500.000 1406.250 500.000 -382.812 867.188 445.312 398.438 1406.250 -117.188 414.062 898.438 750.000
-851.562 101.562 445.312 31.250 1484.375 -156.250 671.875 1679.688 1023.438 156.250 1070.312 304.688 132.812 937.500 601.562
-851.562 101.562 445.312 31.250 1484.375 -156.250 671.875 1679.688 1023.438 156.250 1070.312 304.688 132.812 937.500 601.562
-875.000 -203.125 226.562 -507.812 1859.375 -781.250 484.375 2281.250 671.875 507.812 1171.875 367.188 -101.562 960.938 679.688
-875.000 -203.125 226.562 -507.812 1859.375 -781.250 484.375 2281.250 671.875 507.812 1171.875 367.188 -101.562 960.938 679.688
-773.438 -281.250 203.125 -234.375 2054.688 -796.875 320.312 2078.125 421.875 296.875 882.812 320.312 -171.875 1296.875 609.375
-773.438 -281.250 203.125 -234.375 2054.688 -796.875 320.312 2078.125 421.875 296.875 882.812 320.312 -171.875 1296.875 609.375
-195.312 78.125 562.500 -953.125 1046.875 -1562.500 85.938 1195.312 -953.125 1039.062 1421.875 -273.438 -648.438 93.750 171.875
-195.312 78.125 562.500 -953.125 1046.875 -1562.500 85.938 1195.312 -953.125 1039.062 1421.875 -273.438 -648.438 93.750 171.875
-195.312 78.125 562.500 -953.125 1046.875 -1562.500 85.938 1195.312 -953.125 1039.062 1421.875 -273.438 -648.438 93.750 171.875
-273.438 -23.438 539.062 -1117.188 390.625 -1695.312 -242.188 1460.938 -1078.125 1367.188 367.188 -398.438 -328.125 343.750 250.000
-437.500 -343.750 226.562 -1335.938 -437.500 -1257.812 -1031.250 1882.812 -1539.062 695.312 765.625 -875.000 1484.375 1679.688 1187.500
-437.500 -343.750 226.562 -1335.938 -437.500 -1257.812 -1031.250 1882.812 -1539.062 695.312 765.625 -875.000 1484.375 1679.688 1187.500
-437.500 -343.750 226.562 -1335.938 -437.500 -1257.812 -1031.250 1882.812 -1539.062 695.312 765.625 -875.000 1484.375 1679.688 1187.500
-625.000 -1039.062 46.875 -453.125 328.125 609.375 -515.625 140.625 -210.938 -132.812 671.875 -1265.625 632.812 1398.438 -70.312
-625.000 -1039.062 46.875 -453.125 328.125 609.375 -515.625 140.625 -210.938 -132.812 671.875 -1265.625 632.812 1398.438 -70.312
-625.000 -1039.062 46.875 -453.125 328.125 609.375 -515.625 140.625 -210.938 -132.812 671.875 -1265.625 632.812 1398.438 -70.312
-625.000 -1039.062 46.875 -453.125 328.125 609.375 -515.625 140.625 -210.938 -132.812 671.875 -1265.625 632.812 1398.438 -70.312
-593.750 -1085.938 156.250 -781.250 382.812 304.688 -484.375 625.000 539.062 -414.062 656.250 -101.562 -476.562 1398.438 -398.438
-593.750 -1085.938 156.250 -781.250 382.812 304.688 -484.375 625.000 539.062 -414.062 656.250 -101.562 -476.562 1398.438 -398.438
-593.750 -1085.938 156.250 -781.250 382.812 304.688 -484.375 625.000 539.062 -414.062 656.250 -101.562 -476.562 1398.438 -398.438
-601.562 -1171.875 101.562 -968.750 242.188 257.812 -562.500 585.938 460.938 -210.938 843.750 -62.500 -757.812 1234.375 -367.188
-601.562 -1171.875 101.562 -968.750 242.188 257.812 -562.500 585.938 460.938 -210.938 843.750 -62.500 -757.812 1234.375 -367.188
-593.750 -1054.688 85.938 -851.562 -23.438 320.312 -648.438 750.000 265.625 -273.438 945.312 -281.250 -679.688 609.375 -187.500
-593.750 -1054.688 85.938 -851.562 -23.438 320.312 -648.438 750.000 265.625 -273.438 945.312 -281.250 -679.688 609.375 -187.500
-453.125 -1351.562 171.875 -1273.438 -1671.875 -281.250 -171.875 -835.938 976.562 -617.188 570.312 -695.312 -476.562 953.125 250.000
-453.125 -1351.562 171.875 -1273.438 -1671.875 -281.250 -171.875 -835.938 976.562 -617.188 570.312 -695.312 -476.562 953.125 250.000
-390.625 -1437.500 265.625 218.750 2000.000 515.625 -2031.250 531.250 54.688 -1335.938 289.062 -54.688 -703.125 695.312 218.750
-390.625 -1437.500 265.625 218.750 2000.000 515.625 -2031.250 531.250 54.688 -1335.938 289.062 -54.688 -703.125 695.312 218.750
-390.625 -1437.500 265.625 218.750 2000.000 515.625 -2031.250 531.250 54.688 -1335.938 289.062 -54.688 -703.125 695.312 218.750
-398.438 -671.875 210.938 -960.938 156.250 109.375 -750.000 578.125 -179.688 -843.750 429.688 -320.312 -617.188 523.438 335.938
-398.438 -671.875 210.938 -960.938 156.250 109.375 -750.000 578.125 -179.688 -843.750 429.688 -320.312 -617.188 523.438 335.938
-398.438 -671.875 210.938 -960.938 156.250 109.375 -750.000 578.125 -179.688 -843.750 429.688 -320.312 -617.188 523.438 335.938
-398.438 -671.875 210.938 -960.938 156.250 109.375 -750.000 578.125 -179.688 -843.750 429.688 -320.312 -617.188 523.438 335.938
-726.562 -945.312 -171.875 -664.062 -132.812 304.688 -960.938 132.812 -429.688 -1031.250 343.750 -492.188 -859.375 523.438 195.312
-726.562 -945.312 -171.875 -664.062 -132.812 304.688 -960.938 132.812 -429.688 -1031.250 343.750 -492.188 -859.375 523.438 195.312
-726.562 -945.312 -171.875 -664.062 -132.812 304.688 -960.938 132.812 -429.688 -1031.250 343.750 -492.188 -859.375 523.438 195.312
-726.562 -945.312 -171.875 -664.062 -132.812 304.688 -960.938 132.812 -429.688 -1031.250 343.750 -492.188 -859.375 523.438 195.312
-593.750 -679.688 -54.688 -546.875 -281.250 414.062 -937.500 -132.812 -320.312 -1101.562 62.500 -437.500 -812.500 265.625 93.750
-593.750 -679.688 -54.688 -546.875 -281.250 414.062 -937.500 -132.812 -320.312 -1101.562 62.500 -437.500 -812.500 265.625 93.750
-593.750 -679.688 -54.688 -546.875 -281.250 414.062 -937.500 -132.812 -320.312 -1101.562 62.500 -437.500 -812.500 265.625 93.750
-554.688 -914.062 -15.625 -453.125 -515.625 507.812 -976.562 -195.312 -375.000 -859.375 93.750 -195.312 -625.000 -62.500 226.562
-554.688 -914.062 -15.625 -453.125 -515.625 507.812 -976.562 -195.312 -375.000 -859.375 93.750 -195.312 -625.000 -62.500 226.562
-453.125 -1062.500 54.688 -500.000 -632.812 578.125 -1039.062 -289.062 -257.812 -929.688 7.812 -101.562 -625.000 109.375 359.375
-453.125 -1062.500 54.688 -500.000 -632.812 578.125 -1039.062 -289.062 -257.812 -929.688 7.812 -101.562 -625.000 109.375 359.375
-453.125 -1062.500 54.688 -500.000 -632.812 578.125 -1039.062 -289.062 -257.812 -929.688 7.812 -101.562 -625.000 109.375 359.375
-453.125 -1062.500 54.688 -500.000 -632.812 578.125 -1039.062 -289.062 -257.812 -929.688 7.812 -101.562 -625.000 109.375 359.375
-453.125 -1062.500 54.688 -500.000 -632.812 578.125 -1039.062 -289.062 -257.812 -929.688 7.812 -101.562 -625.000 109.375 359.375
-320.312 -1000.000 140.625 -328.125 -914.062 906.250 -945.312 -468.750 125.000 -687.500 70.312 210.938 -523.438 148.438 437.500
-320.312 -1000.000 140.625 -328.125 -914.062 906.250 -945.312 -468.750 125.000 -687.500 70.312 210.938 -523.438 148.438 437.500
-398.438 -1156.250 70.312 -312.500 -937.500 984.375 -945.312 -476.562 226.562 -640.625 93.750 328.125 -398.438 140.625 523.438
-398.438 -1156.250 70.312 -312.500 -937.500 984.375 -945.312 -476.562 226.562 -640.625 93.750 328.125 -398.438 140.625 523.438
-585.938 -1195.312 -78.125 -281.250 -960.938 1062.500 -773.438 -328.125 828.125 -195.312 695.312 1226.562 187.500 132.812 1289.062
-585.938 -1195.312 -78.125 -281.250 -960.938 1062.500 -773.438 -328.125 828.125 -195.312 695.312 1226.562 187.500 132.812 1289.062
-585.938 -1195.312 -78.125 -281.250 -960.938 1062.500 -773.438 -328.125 828.125 -195.312 695.312 1226.562 187.500 132.812 1289.062
-585.938 -1195.312 -78.125 -281.250 -960.938 1062.500 -773.438 -328.125 828.125 -195.312 695.312 1226.562 187.500 132.812 1289.062
-585.938 -1195.312 -78.125 -281.250 -960.938 1062.500 -773.438 -328.125 828.125 -195.312 695.312 1226.562 187.500 132.812 1289.062
-585.938 -1171.875 -125.000 -468.750 -734.375 859.375 -804.688 -226.562 757.812 -343.750 781.250 1140.625 351.562 398.438 1445.312
-585.938 -1171.875 -125.000 -468.750 -734.375 859.375 -804.688 -226.562 757.812 -343.750 781.250 1140.625 351.562 398.438 1445.312
-382.812 -1140.625 -54.688 -234.375 -593.750 1031.250 -804.688 -375.000 570.312 -593.750 507.812 750.000 187.500 156.250 1234.375
-382.812 -1140.625 -54.688 -234.375 -593.750 1031.250 -804.688 -375.000 570.312 -593.750 507.812 750.000 187.500 156.250 1234.375
-328.125 -1023.438 -23.438 -250.000 -476.562 1031.250 -828.125 -421.875 570.312 -632.812 437.500 671.875 70.312 187.500 1101.562
-328.125 -1023.438 -23.438 -250.000 -476.562 1031.250 -828.125 -421.875 570.312 -632.812 437.500 671.875 70.312 187.500 1101.562
-359.375 -929.688 -109.375 -507.812 -406.250 796.875 -921.875 -375.000 421.875 -656.250 429.688 617.188 -23.438 257.812 945.312
-359.375 -929.688 -109.375 -507.812 -406.250 796.875 -921.875 -375.000 421.875 -656.250 429.688 617.188 -23.438 257.812 945.312
-359.375 -929.688 -109.375 -507.812 -406.250 796.875 -921.875 -375.000 421.875 -656.250 429.688 617.188 -23.438 257.812 945.312
-398.438 -968.750 -156.250 -484.375 -312.500 843.750 -875.000 -437.500 460.938 -664.062 382.812 632.812 23.438 226.562 968.750
-398.438 -968.750 -156.250 -484.375 -312.500 843.750 -875.000 -437.500 460.938 -664.062 382.812 632.812 23.438 226.562 968.750
-453.125 -984.375 -187.500 -476.562 -406.250 867.188 -898.438 -414.062 523.438 -585.938 429.688 726.562 46.875 210.938 937.500
-453.125 -984.375 -187.500 -476.562 -406.250 867.188 -898.438 -414.062 523.438 -585.938 429.688 726.562 46.875 210.938 937.500
-476.562 -1164.062 -195.312 -406.250 -460.938 968.750 -843.750 -429.688 664.062 -468.750 500.000 835.938 140.625 234.375 1023.438
-476.562 -1164.062 -195.312 -406.250 -460.938 968.750 -843.750 -429.688 664.062 -468.750 500.000 835.938 140.625 234.375 1023.438
-507.812 -1195.312 -210.938 -367.188 -453.125 1007.812 -843.750 -359.375 679.688 -429.688 601.562 898.438 218.750 304.688 1148.438
-507.812 -1195.312 -210.938 -367.188 -453.125 1007.812 -843.750 -359.375 679.688 -429.688 601.562 898.438 218.750 304.688 1148.438
-507.812 -1195.312 -210.938 -367.188 -453.125 1007.812 -843.750 -359.375 679.688 -429.688 601.562 898.438 218.750 304.688 1148.438
-468.750 -1046.875 -281.250 -453.125 -281.250 820.312 -875.000 -187.500 500.000 -539.062 664.062 710.938 234.375 390.625 1132.812
-468.750 -1046.875 -281.250 -453.125 -281.250 820.312 -875.000 -187.500 500.000 -539.062 664.062 710.938 234.375 390.625 1132.812
-484.375 -1046.875 -312.500 -468.750 -234.375 773.438 -890.625 -148.438 437.500 -570.312 648.438 632.812 164.062 390.625 1062.500
-484.375 -1046.875 -312.500 -468.750 -234.375 773.438 -890.625 -148.438 437.500 -570.312 648.438 632.812 164.062 390.625 1062.500
-453.125 -921.875 -296.875 -468.750 -226.562 781.250 -882.812 -156.250 390.625 -632.812 578.125 531.250 62.500 398.438 968.750
-453.125 -921.875 -296.875 -468.750 -226.562 781.250 -882.812 -156.250 390.625 -632.812 578.125 531.250 62.500 398.438 968.750
-421.875 -906.250 -226.562 -460.938 -273.438 796.875 -867.188 -226.562 398.438 -585.938 507.812 546.875 0.000 328.125 929.688
-421.875 -906.250 -226.562 -460.938 -273.438 796.875 -867.188 -226.562 398.438 -585.938 507.812 546.875 0.000 328.125 929.688
-421.875 -906.250 -226.562 -460.938 -273.438 796.875 -867.188 -226.562 398.438 -585.938 507.812 546.875 0.000 328.125 929.688
-445.312 -898.438 -234.375 -507.812 -281.250 742.188 -890.625 -210.938 367.188 -601.562 531.250 578.125 46.875 335.938 960.938
-445.312 -898.438 -234.375 -507.812 -281.250 742.188 -890.625 -210.938 367.188 -601.562 531.250 578.125 46.875 335.938 960.938
-476.562 -914.062 -234.375 -539.062 -312.500 742.188 -890.625 -234.375 351.562 -585.938 515.625 609.375 156.250 281.250 992.188
-476.562 -914.062 -234.375 -539.062 -312.500 742.188 -890.625 -234.375 351.562 -585.938 515.625 609.375 156.250 281.250 992.188
-476.562 -859.375 -257.812 -507.812 -335.938 781.250 -882.812 -234.375 414.062 -562.500 546.875 648.438 148.438 296.875 1000.000
-476.562 -859.375 -257.812 -507.812 -335.938 781.250 -882.812 -234.375 414.062 -562.500 546.875 648.438 148.438 296.875 1000.000
-492.188 -828.125 -273.438 -492.188 -320.312 781.250 -875.000 -226.562 437.500 -539.062 578.125 664.062 148.438 296.875 1015.625
-492.188 -828.125 -273.438 -492.188 -320.312 781.250 -875.000 -226.562 437.500 -539.062 578.125 664.062 148.438 296.875 1015.625
-492.188 -828.125 -343.750 -492.188 -257.812 742.188 -875.000 -164.062 390.625 -562.500 585.938 609.375 140.625 351.562 1023.438
-492.188 -828.125 -343.750 -492.188 -257.812 742.188 -875.000 -164.062 390.625 -562.500 585.938 609.375 140.625 351.562 1023.438
-492.188 -828.125 -343.750 -492.188 -257.812 742.188 -875.000 -164.062 390.625 -562.500 585.938 609.375 140.625 351.562 1023.438
-453.125 -757.812 -296.875 -507.812 -257.812 734.375 -875.000 -187.500 351.562 -601.562 554.688 570.312 93.750 312.500 960.938
-453.125 -757.812 -296.875 -507.812 -257.812 734.375 -875.000 -187.500 351.562 -601.562 554.688 570.312 93.750 312.500 960.938
-539.062 -875.000 -367.188 -554.688 -257.812 679.688 -890.625 -179.688 296.875 -617.188 531.250 554.688 85.938 304.688 984.375
-539.062 -875.000 -367.188 -554.688 -257.812 679.688 -890.625 -179.688 296.875 -617.188 531.250 554.688 85.938 304.688 984.375
-476.562 -765.625 -312.500 -562.500 -289.062 671.875 -890.625 -210.938 289.062 -632.812 492.188 554.688 54.688 289.062 945.312
-476.562 -765.625 -312.500 -562.500 -289.062 671.875 -890.625 -210.938 289.062 -632.812 492.188 554.688 54.688 289.062 945.312
-453.125 -765.625 -289.062 -570.312 -320.312 679.688 -882.812 -234.375 289.062 -625.000 468.750 546.875 7.812 265.625 906.250
-453.125 -765.625 -289.062 -570.312 -320.312 679.688 -882.812 -234.375 289.062 -625.000 468.750 546.875 7.812 265.625 906.250
-453.125 -765.625 -289.062 -570.312 -320.312 679.688 -882.812 -234.375 289.062 -625.000 468.750 546.875 7.812 265.625 906.250
-507.812 -812.500 -312.500 -562.500 -343.750 710.938 -882.812 -265.625 304.688 -601.562 468.750 585.938 70.312 257.812 937.500
-507.812 -812.500 -312.500 -562.500 -343.750 710.938 -882.812 -265.625 304.688 -601.562 468.750 585.938 70.312 257.812 937.500
-507.812 -820.312 -312.500 -562.500 -328.125 703.125 -882.812 -234.375 312.500 -601.562 484.375 585.938 78.125 265.625 945.312
-507.812 -820.312 -312.500 -562.500 -328.125 703.125 -882.812 -234.375 312.500 -601.562 484.375 585.938 78.125 265.625 945.312
-406.250 -882.812 -234.375 -539.062 -281.250 703.125 -867.188 -179.688 320.312 -585.938 523.438 539.062 62.500 312.500 929.688
-406.250 -882.812 -234.375 -539.062 -281.250 703.125 -867.188 -179.688 320.312 -585.938 523.438 539.062 62.500 312.500 929.688
-406.250 -882.812 -234.375 -539.062 -281.250 703.125 -867.188 -179.688 320.312 -585.938 523.438 539.062 62.500 312.500 929.688
-406.250 -882.812 -234.375 -539.062 -281.250 703.125 -867.188 -179.688 320.312 -585.938 523.438 539.062 62.500 312.500 929.688
-406.250 -882.812 -234.375 -539.062 -281.250 703.125 -867.188 -179.688 320.312 -585.938 523.438 539.062 62.500 312.500 929.688
-484.375 -882.812 -351.562 -507.812 -203.125 718.750 -835.938 -117.188 367.188 -562.500 578.125 554.688 78.125 328.125 960.938
-484.375 -882.812 -351.562 -507.812 -203.125 718.750 -835.938 -117.188 367.188 -562.500 578.125 554.688 78.125 328.125 960.938
-578.125 -609.375 -406.250 -507.812 -203.125 765.625 -882.812 -101.562 390.625 -570.312 640.625 570.312 109.375 421.875 976.562
-578.125 -609.375 -406.250 -507.812 -203.125 765.625 -882.812 -101.562 390.625 -570.312 640.625 570.312 109.375 421.875 976.562
-539.062 -687.500 -367.188 -500.000 -195.312 757.812 -867.188 -101.562 390.625 -570.312 632.812 554.688 101.562 398.438 976.562
-539.062 -687.500 -367.188 -500.000 -195.312 757.812 -867.188 -101.562 390.625 -570.312 632.812 554.688 101.562 398.438 976.562
-367.188 -882.812 -210.938 -546.875 -250.000 718.750 -898.438 -164.062 343.750 -593.750 554.688 554.688 117.188 320.312 960.938
-367.188 -882.812 -210.938 -546.875 -250.000 718.750 -898.438 -164.062 343.750 -593.750 554.688 554.688 117.188 320.312 960.938
-367.188 -882.812 -210.938 -546.875 -250.000 718.750 -898.438 -164.062 343.750 -593.750 554.688 554.688 117.188 320.312 960.938
-375.000 -906.250 -218.750 -554.688 -265.625 710.938 -882.812 -156.250 343.750 -578.125 554.688 562.500 125.000 312.500 968.750
-375.000 -906.250 -218.750 -554.688 -265.625 710.938 -882.812 -156.250 343.750 -578.125 554.688 562.500 125.000 312.500 968.750
-445.312 -875.000 -296.875 -554.688 -304.688 734.375 -906.250 -187.500 367.188 -585.938 554.688 601.562 109.375 335.938 945.312
-445.312 -875.000 -296.875 -554.688 -304.688 734.375 -906.250 -187.500 367.188 -585.938 554.688 601.562 109.375 335.938 945.312
