-320.312 -781.250 -304.688 -31.250 -226.562 890.625 -70.312 54.688 968.750 148.438 148.438 1015.625 476.562 359.375 914.062
-328.125 -757.812 -343.750 -7.812 -148.438 890.625 -78.125 54.688 1000.000 179.688 140.625 1085.938 492.188 406.250 968.750
-335.938 -703.125 -375.000 31.250 -117.188 882.812 -70.312 85.938 1046.875 148.438 85.938 1117.188 460.938 414.062 976.562
-335.938 -703.125 -375.000 31.250 -117.188 882.812 -70.312 85.938 1046.875 148.438 85.938 1117.188 460.938 414.062 976.562
-343.750 -656.250 -375.000 54.688 -132.812 890.625 -70.312 93.750 1015.625 125.000 101.562 1093.750 445.312 414.062 992.188
-320.312 -664.062 -367.188 54.688 -265.625 875.000 -93.750 15.625 945.312 46.875 164.062 1000.000 468.750 421.875 1007.812
-320.312 -664.062 -367.188 54.688 -265.625 875.000 -93.750 15.625 945.312 46.875 164.062 1000.000 468.750 421.875 1007.812
-312.500 -703.125 -390.625 46.875 -335.938 859.375 -109.375 -62.500 890.625 -15.625 203.125 929.688 460.938 437.500 992.188
-312.500 -703.125 -390.625 46.875 -335.938 859.375 -109.375 -62.500 890.625 -15.625 203.125 929.688 460.938 437.500 992.188
-304.688 -851.562 -500.000 78.125 -453.125 867.188 -179.688 -171.875 828.125 -148.438 195.312 851.562 187.500 343.750 843.750
-304.688 -851.562 -500.000 78.125 -453.125 867.188 -179.688 -171.875 828.125 -148.438 195.312 851.562 187.500 343.750 843.750
-304.688 -851.562 -500.000 78.125 -453.125 867.188 -179.688 -171.875 828.125 -148.438 195.312 851.562 187.500 343.750 843.750
-304.688 -851.562 -500.000 78.125 -453.125 867.188 -179.688 -171.875 828.125 -148.438 195.312 851.562 187.500 343.750 843.750
-304.688 -867.188 -539.062 78.125 -429.688 859.375 -179.688 -179.688 875.000 -156.250 125.000 921.875 179.688 273.438 890.625
-304.688 -867.188 -539.062 78.125 -429.688 859.375 -179.688 -179.688 875.000 -156.250 125.000 921.875 179.688 273.438 890.625
-289.062 -828.125 -539.062 78.125 -437.500 851.562 -187.500 -203.125 898.438 -156.250 101.562 945.312 203.125 242.188 929.688
-289.062 -828.125 -539.062 78.125 -437.500 851.562 -187.500 -203.125 898.438 -156.250 101.562 945.312 203.125 242.188 929.688
-296.875 -835.938 -578.125 46.875 -500.000 828.125 -195.312 -281.250 875.000 -148.438 70.312 992.188 234.375 218.750 992.188
-312.500 -820.312 -593.750 0.000 -570.312 789.062 -195.312 -367.188 890.625 -148.438 7.812 1039.062 250.000 218.750 1078.125
-312.500 -820.312 -593.750 0.000 -570.312 789.062 -195.312 -367.188 890.625 -148.438 7.812 1039.062 250.000 218.750 1078.125
-304.688 -765.625 -617.188 -23.438 -617.188 773.438 -203.125 -390.625 898.438 -164.062 -46.875 1070.312 242.188 234.375 1062.500
-328.125 -773.438 -664.062 -46.875 -710.938 773.438 -195.312 -492.188 914.062 -179.688 -132.812 1070.312 171.875 234.375 1054.688
-328.125 -773.438 -664.062 -46.875 -710.938 773.438 -195.312 -492.188 914.062 -179.688 -132.812 1070.312 171.875 234.375 1054.688
-343.750 -796.875 -695.312 -39.062 -750.000 773.438 -218.750 -515.625 914.062 -234.375 -117.188 1078.125 156.250 187.500 1093.750
-343.750 -796.875 -695.312 -39.062 -750.000 773.438 -218.750 -515.625 914.062 -234.375 -117.188 1078.125 156.250 187.500 1093.750
-367.188 -820.312 -765.625 -15.625 -796.875 742.188 -250.000 -593.750 773.438 -328.125 -195.312 882.812 -15.625 148.438 890.625
-367.188 -820.312 -765.625 -15.625 -796.875 742.188 -250.000 -593.750 773.438 -328.125 -195.312 882.812 -15.625 148.438 890.625
-367.188 -820.312 -765.625 -15.625 -796.875 742.188 -250.000 -593.750 773.438 -328.125 -195.312 882.812 -15.625 148.438 890.625
-382.812 -796.875 -796.875 -23.438 -828.125 742.188 -273.438 -609.375 750.000 -390.625 -234.375 828.125 -70.312 109.375 828.125
-421.875 -789.062 -851.562 0.000 -804.688 750.000 -289.062 -609.375 710.938 -421.875 -234.375 710.938 -195.312 70.312 656.250
-421.875 -789.062 -851.562 0.000 -804.688 750.000 -289.062 -609.375 710.938 -421.875 -234.375 710.938 -195.312 70.312 656.250
-429.688 -765.625 -875.000 39.062 -765.625 742.188 -281.250 -601.562 703.125 -453.125 -218.750 695.312 -203.125 39.062 656.250
-429.688 -765.625 -875.000 39.062 -765.625 742.188 -281.250 -601.562 703.125 -453.125 -218.750 695.312 -203.125 39.062 656.250
-781.250 -382.812 -1210.938 23.438 -656.250 710.938 -304.688 -492.188 656.250 -421.875 15.625 750.000 -101.562 148.438 828.125
-781.250 -382.812 -1210.938 23.438 -656.250 710.938 -304.688 -492.188 656.250 -421.875 15.625 750.000 -101.562 148.438 828.125
-781.250 -382.812 -1210.938 23.438 -656.250 710.938 -304.688 -492.188 656.250 -421.875 15.625 750.000 -101.562 148.438 828.125
-781.250 -382.812 -1210.938 23.438 -656.250 710.938 -304.688 -492.188 656.250 -421.875 15.625 750.000 -101.562 148.438 828.125
-734.375 -656.250 -1117.188 -70.312 -679.688 632.812 -328.125 -492.188 671.875 -414.062 7.812 820.312 -117.188 156.250 851.562
-734.375 -656.250 -1117.188 -70.312 -679.688 632.812 -328.125 -492.188 671.875 -414.062 7.812 820.312 -117.188 156.250 851.562
-625.000 -718.750 -1078.125 -125.000 -710.938 601.562 -343.750 -515.625 671.875 -414.062 -15.625 851.562 -101.562 156.250 898.438
-625.000 -718.750 -1078.125 -125.000 -710.938 601.562 -343.750 -515.625 671.875 -414.062 -15.625 851.562 -101.562 156.250 898.438
-648.438 -562.500 -1023.438 -148.438 -617.188 554.688 -351.562 -523.438 625.000 -500.000 46.875 890.625 -23.438 -171.875 914.062
-468.750 -867.188 -710.938 -250.000 -679.688 460.938 -382.812 -515.625 523.438 -390.625 7.812 906.250 203.125 -39.062 1171.875
-468.750 -867.188 -710.938 -250.000 -679.688 460.938 -382.812 -515.625 523.438 -390.625 7.812 906.250 203.125 -39.062 1171.875
-468.750 -867.188 -710.938 -250.000 -679.688 460.938 -382.812 -515.625 523.438 -390.625 7.812 906.250 203.125 -39.062 1171.875
-453.125 -859.375 -640.625 -226.562 -726.562 476.562 -359.375 -578.125 507.812 -406.250 15.625 898.438 148.438 7.812 1125.000
-453.125 -859.375 -640.625 -226.562 -726.562 476.562 -359.375 -578.125 507.812 -406.250 15.625 898.438 148.438 7.812 1125.000
-460.938 -796.875 -632.812 -203.125 -781.250 476.562 -359.375 -640.625 507.812 -421.875 -15.625 875.000 31.250 46.875 1039.062
-460.938 -796.875 -632.812 -203.125 -781.250 476.562 -359.375 -640.625 507.812 -421.875 -15.625 875.000 31.250 46.875 1039.062
-710.938 -453.125 -859.375 -164.062 -859.375 515.625 -343.750 -695.312 523.438 -468.750 -93.750 828.125 -125.000 78.125 929.688
-710.938 -453.125 -750.000 -132.812 -859.375 578.125 -328.125 -734.375 562.500 -492.188 -117.188 828.125 -62.500 -85.938 929.688
-710.938 -453.125 -750.000 -132.812 -859.375 578.125 -328.125 -734.375 562.500 -492.188 -117.188 828.125 -62.500 -85.938 929.688
-609.375 -570.312 -609.375 -132.812 -875.000 601.562 -335.938 -757.812 562.500 -492.188 -140.625 820.312 -15.625 -109.375 937.500
-492.188 -640.625 -437.500 -132.812 -898.438 593.750 -343.750 -804.688 507.812 -500.000 -171.875 796.875 15.625 -132.812 937.500
-460.938 -437.500 -335.938 -226.562 -765.625 476.562 -429.688 -750.000 320.312 -609.375 -187.500 609.375 -70.312 -195.312 789.062
-460.938 -437.500 -335.938 -226.562 -765.625 476.562 -429.688 -750.000 320.312 -609.375 -187.500 609.375 -70.312 -195.312 789.062
-460.938 -437.500 -335.938 -226.562 -765.625 476.562 -429.688 -750.000 320.312 -609.375 -187.500 609.375 -70.312 -195.312 789.062
-460.938 -437.500 -335.938 -226.562 -765.625 476.562 -429.688 -750.000 320.312 -609.375 -187.500 609.375 -70.312 -195.312 789.062
-640.625 -218.750 -398.438 -234.375 -687.500 476.562 -429.688 -695.312 359.375 -593.750 -54.688 625.000 156.250 -273.438 937.500
-640.625 -218.750 -398.438 -234.375 -687.500 476.562 -429.688 -695.312 359.375 -593.750 -54.688 625.000 156.250 -273.438 937.500
-476.562 -226.562 -242.188 -257.812 -742.188 468.750 -406.250 -726.562 359.375 -593.750 15.625 703.125 140.625 -46.875 1078.125
-476.562 -226.562 -242.188 -257.812 -742.188 468.750 -406.250 -726.562 359.375 -593.750 15.625 703.125 140.625 -46.875 1078.125
-531.250 -62.500 -140.625 -281.250 -765.625 445.312 -367.188 -648.438 468.750 -289.062 15.625 1039.062 203.125 -109.375 1179.688
-515.625 -70.312 -171.875 -312.500 -726.562 437.500 -367.188 -726.562 500.000 -328.125 -31.250 1085.938 218.750 0.000 1257.812
-515.625 -70.312 -171.875 -312.500 -726.562 437.500 -367.188 -726.562 500.000 -328.125 -31.250 1085.938 218.750 0.000 1257.812
-742.188 -164.062 -367.188 -351.562 -796.875 468.750 -375.000 -859.375 414.062 -453.125 -156.250 921.875 125.000 -70.312 1203.125
-820.312 -164.062 -414.062 -242.188 -1023.438 554.688 -320.312 -1093.750 390.625 -562.500 -445.312 843.750 -93.750 -257.812 914.062
-820.312 -164.062 -414.062 -242.188 -1023.438 554.688 -320.312 -1093.750 390.625 -562.500 -445.312 843.750 -93.750 -257.812 914.062
-820.312 -164.062 -414.062 -242.188 -1023.438 554.688 -320.312 -1093.750 390.625 -562.500 -445.312 843.750 -93.750 -257.812 914.062
-820.312 -164.062 -414.062 -242.188 -1023.438 554.688 -320.312 -1093.750 390.625 -562.500 -445.312 843.750 -93.750 -257.812 914.062
-890.625 -109.375 -476.562 -210.938 -1015.625 585.938 -312.500 -1101.562 398.438 -515.625 -429.688 843.750 -125.000 -226.562 898.438
-929.688 -70.312 -468.750 -187.500 -1015.625 570.312 -281.250 -1062.500 398.438 -507.812 -390.625 851.562 -85.938 -242.188 906.250
-929.688 -70.312 -468.750 -187.500 -1015.625 570.312 -281.250 -1062.500 398.438 -507.812 -390.625 851.562 -85.938 -242.188 906.250
-851.562 -78.125 -421.875 -226.562 -1000.000 515.625 -312.500 -953.125 382.812 -492.188 -296.875 890.625 62.500 -171.875 1015.625
-851.562 -93.750 -445.312 -242.188 -890.625 445.312 -320.312 -882.812 343.750 -500.000 -226.562 859.375 46.875 -140.625 1031.250
-851.562 -93.750 -445.312 -242.188 -890.625 445.312 -320.312 -882.812 343.750 -500.000 -226.562 859.375 46.875 -140.625 1031.250
-851.562 -93.750 -445.312 -242.188 -890.625 445.312 -320.312 -882.812 343.750 -500.000 -226.562 859.375 46.875 -140.625 1031.250
-851.562 -93.750 -445.312 -242.188 -890.625 445.312 -320.312 -882.812 343.750 -500.000 -226.562 859.375 46.875 -140.625 1031.250
-851.562 -93.750 -445.312 -242.188 -890.625 445.312 -320.312 -882.812 343.750 -500.000 -226.562 859.375 46.875 -140.625 1031.250
-851.562 -93.750 -421.875 -250.000 -906.250 445.312 -328.125 -898.438 328.125 -500.000 -250.000 867.188 39.062 -148.438 1039.062
-851.562 -93.750 -421.875 -250.000 -906.250 445.312 -328.125 -898.438 328.125 -500.000 -250.000 867.188 39.062 -148.438 1039.062
-859.375 -85.938 -429.688 -265.625 -890.625 468.750 -312.500 -953.125 351.562 -484.375 -257.812 898.438 101.562 -132.812 1070.312
-859.375 -85.938 -429.688 -265.625 -890.625 468.750 -312.500 -953.125 351.562 -484.375 -257.812 898.438 101.562 -132.812 1070.312
-906.250 -70.312 -453.125 -242.188 -914.062 476.562 -273.438 -953.125 390.625 -453.125 -281.250 921.875 93.750 -132.812 1039.062
-898.438 -78.125 -453.125 -226.562 -921.875 492.188 -265.625 -945.312 398.438 -437.500 -257.812 937.500 101.562 -125.000 1039.062
-898.438 -78.125 -453.125 -226.562 -921.875 492.188 -265.625 -945.312 398.438 -437.500 -257.812 937.500 101.562 -125.000 1039.062
-937.500 -101.562 -476.562 -187.500 -937.500 507.812 -250.000 -945.312 406.250 -421.875 -257.812 937.500 101.562 -117.188 1046.875
-937.500 -70.312 -460.938 -210.938 -890.625 539.062 -273.438 -921.875 406.250 -429.688 -226.562 906.250 101.562 -109.375 1015.625
-937.500 -70.312 -460.938 -210.938 -890.625 539.062 -273.438 -921.875 406.250 -429.688 -226.562 906.250 101.562 -109.375 1015.625
-937.500 -70.312 -460.938 -210.938 -890.625 539.062 -273.438 -921.875 406.250 -429.688 -226.562 906.250 101.562 -109.375 1015.625
-937.500 -70.312 -460.938 -210.938 -890.625 539.062 -273.438 -921.875 406.250 -429.688 -226.562 906.250 101.562 -109.375 1015.625
-937.500 -62.500 -460.938 -226.562 -867.188 523.438 -296.875 -906.250 382.812 -468.750 -234.375 882.812 62.500 -117.188 984.375
-921.875 -62.500 -445.312 -257.812 -859.375 500.000 -320.312 -898.438 367.188 -484.375 -218.750 859.375 39.062 -117.188 984.375
-921.875 -62.500 -445.312 -257.812 -859.375 500.000 -320.312 -898.438 367.188 -484.375 -218.750 859.375 39.062 -117.188 984.375
-890.625 -62.500 -406.250 -289.062 -812.500 507.812 -343.750 -882.812 359.375 -507.812 -210.938 843.750 23.438 -101.562 992.188
-875.000 -23.438 -406.250 -289.062 -781.250 500.000 -359.375 -851.562 351.562 -515.625 -179.688 843.750 39.062 -109.375 1000.000
-875.000 -23.438 -406.250 -289.062 -781.250 500.000 -359.375 -851.562 351.562 -515.625 -179.688 843.750 39.062 -109.375 1000.000
-867.188 -54.688 -390.625 -265.625 -718.750 476.562 -351.562 -773.438 390.625 -476.562 -78.125 859.375 78.125 0.000 1039.062
-867.188 -54.688 -390.625 -265.625 -718.750 476.562 -351.562 -773.438 390.625 -476.562 -78.125 859.375 78.125 0.000 1039.062
-867.188 -54.688 -390.625 -265.625 -718.750 476.562 -351.562 -773.438 390.625 -476.562 -78.125 859.375 78.125 0.000 1039.062
-867.188 -62.500 -390.625 -250.000 -734.375 492.188 -328.125 -781.250 398.438 -445.312 -78.125 875.000 70.312 -7.812 1054.688
-867.188 -62.500 -390.625 -250.000 -734.375 492.188 -328.125 -781.250 398.438 -445.312 -78.125 875.000 70.312 -7.812 1054.688
-882.812 -85.938 -398.438 -218.750 -765.625 507.812 -296.875 -796.875 406.250 -453.125 -101.562 882.812 85.938 -15.625 1046.875
-890.625 -109.375 -390.625 -226.562 -796.875 531.250 -304.688 -804.688 406.250 -437.500 -101.562 890.625 70.312 0.000 1046.875
-890.625 -109.375 -390.625 -226.562 -796.875 531.250 -304.688 -804.688 406.250 -437.500 -101.562 890.625 70.312 0.000 1046.875
-914.062 -109.375 -421.875 -218.750 -851.562 554.688 -289.062 -882.812 414.062 -453.125 -164.062 898.438 78.125 -46.875 1023.438
-914.062 -109.375 -421.875 -218.750 -851.562 554.688 -289.062 -882.812 414.062 -453.125 -164.062 898.438 78.125 -46.875 1023.438
-914.062 -109.375 -421.875 -218.750 -851.562 554.688 -289.062 -882.812 414.062 -453.125 -164.062 898.438 78.125 -46.875 1023.438
-914.062 -109.375 -421.875 -218.750 -851.562 554.688 -289.062 -882.812 414.062 -453.125 -164.062 898.438 78.125 -46.875 1023.438
-914.062 -109.375 -421.875 -218.750 -851.562 554.688 -289.062 -882.812 414.062 -453.125 -164.062 898.438 78.125 -46.875 1023.438
-906.250 -101.562 -406.250 -234.375 -835.938 546.875 -304.688 -882.812 398.438 -476.562 -164.062 882.812 62.500 -54.688 1007.812
-906.250 -101.562 -406.250 -234.375 -835.938 546.875 -304.688 -882.812 398.438 -476.562 -164.062 882.812 62.500 -54.688 1007.812
-882.812 -101.562 -398.438 -226.562 -835.938 546.875 -312.500 -882.812 390.625 -492.188 -164.062 875.000 54.688 -46.875 1015.625
-875.000 -140.625 -390.625 -242.188 -820.312 554.688 -335.938 -875.000 390.625 -492.188 -148.438 867.188 46.875 -39.062 1007.812
-875.000 -140.625 -390.625 -242.188 -820.312 554.688 -335.938 -875.000 390.625 -492.188 -148.438 867.188 46.875 -39.062 1007.812
-867.188 -117.188 -390.625 -250.000 -812.500 539.062 -335.938 -859.375 390.625 -507.812 -156.250 843.750 31.250 -54.688 976.562
-867.188 -85.938 -390.625 -250.000 -789.062 546.875 -335.938 -843.750 382.812 -507.812 -132.812 835.938 46.875 -46.875 992.188
-867.188 -85.938 -390.625 -250.000 -789.062 546.875 -335.938 -843.750 382.812 -507.812 -132.812 835.938 46.875 -46.875 992.188
-890.625 -54.688 -382.812 -289.062 -734.375 523.438 -359.375 -789.062 414.062 -445.312 -54.688 898.438 85.938 23.438 1078.125
-890.625 -54.688 -382.812 -289.062 -734.375 523.438 -359.375 -789.062 414.062 -445.312 -54.688 898.438 85.938 23.438 1078.125
-890.625 -54.688 -382.812 -289.062 -734.375 523.438 -359.375 -789.062 414.062 -445.312 -54.688 898.438 85.938 23.438 1078.125
-890.625 -54.688 -382.812 -289.062 -734.375 523.438 -359.375 -789.062 414.062 -445.312 -54.688 898.438 85.938 23.438 1078.125
-890.625 -54.688 -382.812 -289.062 -734.375 523.438 -359.375 -789.062 414.062 -445.312 -54.688 898.438 85.938 23.438 1078.125
-890.625 -93.750 -390.625 -289.062 -757.812 515.625 -335.938 -804.688 429.688 -460.938 -85.938 921.875 54.688 15.625 1070.312
-875.000 -117.188 -375.000 -296.875 -773.438 531.250 -351.562 -835.938 429.688 -476.562 -109.375 898.438 23.438 0.000 1054.688
-875.000 -117.188 -375.000 -296.875 -773.438 531.250 -351.562 -835.938 429.688 -476.562 -109.375 898.438 23.438 0.000 1054.688
-820.312 -148.438 -351.562 -335.938 -851.562 570.312 -382.812 -921.875 476.562 -445.312 -140.625 968.750 -31.250 0.000 1109.375
-820.312 -148.438 -351.562 -335.938 -851.562 570.312 -382.812 -921.875 476.562 -445.312 -140.625 968.750 -31.250 0.000 1109.375
-867.188 -351.562 -312.500 -320.312 -1281.250 796.875 -421.875 -1289.062 296.875 -679.688 -93.750 1015.625 2296.875 -1015.625 1203.125
-867.188 -351.562 -312.500 -320.312 -1281.250 796.875 -421.875 -1289.062 296.875 -679.688 -93.750 1015.625 2296.875 -1015.625 1203.125
-867.188 -351.562 -312.500 -320.312 -1281.250 796.875 -421.875 -1289.062 296.875 -679.688 -93.750 1015.625 2296.875 -1015.625 1203.125
-406.250 -210.938 -78.125 -507.812 -1101.562 546.875 -468.750 -1109.375 281.250 -554.688 -304.688 921.875 -242.188 15.625 1914.062
-953.125 -304.688 -468.750 -554.688 -804.688 304.688 -695.312 -773.438 195.312 -640.625 -281.250 1039.062 117.188 -281.250 1500.000
-953.125 -304.688 -468.750 -554.688 -804.688 304.688 -695.312 -773.438 195.312 -640.625 -281.250 1039.062 117.188 -281.250 1500.000
-687.500 -140.625 -335.938 -617.188 -453.125 226.562 -429.688 -679.688 234.375 -320.312 109.375 1078.125 625.000 -31.250 1750.000
-687.500 -140.625 -335.938 -617.188 -453.125 226.562 -429.688 -679.688 234.375 -320.312 109.375 1078.125 625.000 -31.250 1750.000
-906.250 62.500 -406.250 -585.938 -390.625 281.250 -640.625 -625.000 335.938 -773.438 351.562 1125.000 609.375 78.125 1890.625
-703.125 0.000 -171.875 -312.500 -484.375 367.188 -343.750 -585.938 437.500 -117.188 62.500 835.938 710.938 -109.375 1140.625
-703.125 0.000 -171.875 -312.500 -484.375 367.188 -343.750 -585.938 437.500 -117.188 62.500 835.938 710.938 -109.375 1140.625
-703.125 0.000 -171.875 -312.500 -484.375 367.188 -343.750 -585.938 437.500 -117.188 62.500 835.938 710.938 -109.375 1140.625
-703.125 0.000 -171.875 -312.500 -484.375 367.188 -343.750 -585.938 437.500 -117.188 62.500 835.938 710.938 -109.375 1140.625
-695.312 -85.938 -179.688 -343.750 -640.625 296.875 -351.562 -609.375 414.062 -15.625 70.312 750.000 695.312 -23.438 890.625
-742.188 -93.750 -273.438 -85.938 -820.312 335.938 -164.062 15.625 -273.438 -164.062 15.625 507.812 31.250 171.875 390.625
-742.188 -93.750 -273.438 -85.938 -820.312 335.938 -164.062 15.625 -273.438 -164.062 15.625 507.812 31.250 171.875 390.625
-773.438 -93.750 -328.125 -781.250 -265.625 578.125 -726.562 -226.562 101.562 -414.062 -125.000 453.125 -507.812 289.062 156.250
-1062.500 -320.312 -664.062 -242.188 -656.250 484.375 -476.562 -1085.938 54.688 -1570.312 -179.688 -656.250 -718.750 -46.875 78.125
-1062.500 -320.312 -664.062 -242.188 -656.250 484.375 -476.562 -1085.938 54.688 -1570.312 -179.688 -656.250 -718.750 -46.875 78.125
-1062.500 -320.312 -664.062 -242.188 -656.250 484.375 -476.562 -1085.938 54.688 -1570.312 -179.688 -656.250 -718.750 -46.875 78.125
-1062.500 -320.312 -664.062 -242.188 -656.250 484.375 -476.562 -1085.938 54.688 -1570.312 -179.688 -656.250 -718.750 -46.875 78.125
-1062.500 -320.312 -664.062 -242.188 -656.250 484.375 -476.562 -1085.938 54.688 -1570.312 -179.688 -656.250 -718.750 -46.875 78.125
-1187.500 -492.188 -820.312 -382.812 -960.938 468.750 -648.438 -890.625 -148.438 -1210.938 -640.625 -609.375 -1093.750 -78.125 -500.000
-1187.500 -492.188 -820.312 -382.812 -960.938 468.750 -648.438 -890.625 -148.438 -1210.938 -640.625 -609.375 -1093.750 -78.125 -500.000
-1195.312 -585.938 -835.938 -500.000 -882.812 468.750 -773.438 -851.562 -148.438 -1109.375 -687.500 -359.375 -1171.875 -414.062 -734.375
-1023.438 -687.500 -664.062 -570.312 -796.875 445.312 -843.750 -828.125 -93.750 -992.188 -640.625 -78.125 -1070.312 -859.375 -656.250
-1023.438 -687.500 -664.062 -570.312 -796.875 445.312 -843.750 -828.125 -93.750 -992.188 -640.625 -78.125 -1070.312 -859.375 -656.250
-781.250 -617.188 -382.812 -562.500 -804.688 468.750 -765.625 -921.875 -85.938 -1015.625 -710.938 23.438 -765.625 -546.875 187.500
-781.250 -617.188 -382.812 -562.500 -804.688 468.750 -765.625 -921.875 -85.938 -1015.625 -710.938 23.438 -765.625 -546.875 187.500
-718.750 -570.312 -312.500 -562.500 -859.375 468.750 -757.812 -875.000 -54.688 -1007.812 -484.375 109.375 -718.750 -468.750 468.750
-687.500 -453.125 -257.812 -531.250 -734.375 421.875 -742.188 -664.062 54.688 -937.500 -304.688 289.062 -757.812 -375.000 664.062
-687.500 -453.125 -257.812 -531.250 -734.375 421.875 -742.188 -664.062 54.688 -937.500 -304.688 289.062 -757.812 -375.000 664.062
-687.500 -406.250 -265.625 -562.500 -632.812 398.438 -703.125 -609.375 93.750 -914.062 -257.812 351.562 -773.438 -343.750 718.750
-851.562 -250.000 -437.500 -539.062 -468.750 460.938 -640.625 -539.062 281.250 -898.438 -203.125 414.062 -804.688 -226.562 687.500
-851.562 -250.000 -437.500 -539.062 -468.750 460.938 -640.625 -539.062 281.250 -898.438 -203.125 414.062 -804.688 -226.562 687.500
-851.562 -250.000 -437.500 -539.062 -468.750 460.938 -640.625 -539.062 281.250 -898.438 -203.125 414.062 -804.688 -226.562 687.500
-851.562 -250.000 -437.500 -539.062 -468.750 460.938 -640.625 -539.062 281.250 -898.438 -203.125 414.062 -804.688 -226.562 687.500
-851.562 -250.000 -437.500 -539.062 -468.750 460.938 -640.625 -539.062 281.250 -898.438 -203.125 414.062 -804.688 -226.562 687.500
-921.875 -257.812 -507.812 -554.688 -523.438 492.188 -718.750 -585.938 250.000 -945.312 -218.750 390.625 -820.312 -250.000 695.312
-921.875 -257.812 -507.812 -554.688 -523.438 492.188 -718.750 -585.938 250.000 -945.312 -218.750 390.625 -820.312 -250.000 695.312
-921.875 -296.875 -546.875 -562.500 -593.750 484.375 -734.375 -593.750 218.750 -937.500 -242.188 382.812 -828.125 -265.625 671.875
-875.000 -414.062 -562.500 -601.562 -585.938 429.688 -726.562 -593.750 164.062 -937.500 -281.250 296.875 -812.500 -304.688 578.125
-875.000 -414.062 -562.500 -601.562 -585.938 429.688 -726.562 -593.750 164.062 -937.500 -281.250 296.875 -812.500 -304.688 578.125
-789.062 -445.312 -507.812 -664.062 -632.812 398.438 -765.625 -625.000 85.938 -945.312 -320.312 226.562 -835.938 -328.125 484.375
-789.062 -445.312 -507.812 -664.062 -632.812 398.438 -765.625 -625.000 85.938 -945.312 -320.312 226.562 -835.938 -328.125 484.375
-765.625 -460.938 -476.562 -679.688 -640.625 382.812 -757.812 -640.625 78.125 -945.312 -335.938 210.938 -828.125 -343.750 460.938
-734.375 -492.188 -445.312 -640.625 -664.062 390.625 -750.000 -679.688 62.500 -945.312 -375.000 203.125 -812.500 -382.812 445.312
-734.375 -492.188 -445.312 -640.625 -664.062 390.625 -750.000 -679.688 62.500 -945.312 -375.000 203.125 -812.500 -382.812 445.312
-734.375 -492.188 -437.500 -640.625 -687.500 390.625 -757.812 -695.312 46.875 -968.750 -398.438 187.500 -812.500 -429.688 453.125
-757.812 -445.312 -453.125 -656.250 -726.562 351.562 -742.188 -718.750 15.625 -906.250 -429.688 203.125 -796.875 -437.500 453.125
-757.812 -445.312 -453.125 -656.250 -726.562 351.562 -742.188 -718.750 15.625 -906.250 -429.688 203.125 -796.875 -437.500 453.125
-757.812 -445.312 -453.125 -656.250 -726.562 351.562 -742.188 -718.750 15.625 -906.250 -429.688 203.125 -796.875 -437.500 453.125
-757.812 -445.312 -453.125 -656.250 -726.562 351.562 -742.188 -718.750 15.625 -906.250 -429.688 203.125 -796.875 -437.500 453.125
-765.625 -429.688 -484.375 -625.000 -718.750 351.562 -718.750 -710.938 46.875 -890.625 -429.688 210.938 -781.250 -445.312 468.750
-820.312 -375.000 -570.312 -562.500 -710.938 414.062 -703.125 -710.938 70.312 -921.875 -382.812 203.125 -804.688 -390.625 500.000
-820.312 -375.000 -570.312 -562.500 -710.938 414.062 -703.125 -710.938 70.312 -921.875 -382.812 203.125 -804.688 -390.625 500.000
-820.312 -375.000 -570.312 -562.500 -710.938 414.062 -703.125 -710.938 70.312 -921.875 -382.812 203.125 -804.688 -390.625 500.000
-820.312 -375.000 -570.312 -562.500 -710.938 414.062 -703.125 -710.938 70.312 -921.875 -382.812 203.125 -804.688 -390.625 500.000
-820.312 -375.000 -570.312 -562.500 -710.938 414.062 -703.125 -710.938 70.312 -921.875 -382.812 203.125 -804.688 -390.625 500.000
-875.000 -437.500 -640.625 -593.750 -679.688 375.000 -726.562 -679.688 39.062 -953.125 -367.188 179.688 -828.125 -390.625 468.750
-875.000 -437.500 -640.625 -593.750 -679.688 375.000 -726.562 -679.688 39.062 -953.125 -367.188 179.688 -828.125 -390.625 468.750
-953.125 -242.188 -742.188 -640.625 -679.688 320.312 -750.000 -625.000 -39.062 -937.500 -351.562 78.125 -843.750 -390.625 359.375
-953.125 -242.188 -742.188 -640.625 -679.688 320.312 -750.000 -625.000 -39.062 -937.500 -351.562 78.125 -843.750 -390.625 359.375
-953.125 -242.188 -742.188 -640.625 -679.688 320.312 -750.000 -625.000 -39.062 -937.500 -351.562 78.125 -843.750 -390.625 359.375
-953.125 -242.188 -742.188 -640.625 -679.688 320.312 -750.000 -625.000 -39.062 -937.500 -351.562 78.125 -843.750 -390.625 359.375
-953.125 -242.188 -742.188 -640.625 -679.688 320.312 -750.000 -625.000 -39.062 -937.500 -351.562 78.125 -843.750 -390.625 359.375
-835.938 -257.812 -593.750 -687.500 -664.062 265.625 -789.062 -648.438 -62.500 -984.375 -390.625 78.125 -859.375 -406.250 351.562
-695.312 -250.000 -445.312 -640.625 -703.125 273.438 -726.562 -664.062 -39.062 -875.000 -359.375 140.625 -781.250 -406.250 445.312
-695.312 -250.000 -445.312 -640.625 -703.125 273.438 -726.562 -664.062 -39.062 -875.000 -359.375 140.625 -781.250 -406.250 445.312
-648.438 -296.875 -398.438 -593.750 -726.562 304.688 -703.125 -671.875 -23.438 -882.812 -382.812 156.250 -757.812 -421.875 468.750
-671.875 -335.938 -398.438 -601.562 -703.125 335.938 -679.688 -718.750 31.250 -835.938 -414.062 195.312 -734.375 -421.875 476.562
-671.875 -335.938 -398.438 -601.562 -703.125 335.938 -679.688 -718.750 31.250 -835.938 -414.062 195.312 -734.375 -421.875 476.562
-710.938 -351.562 -429.688 -578.125 -750.000 367.188 -656.250 -710.938 62.500 -843.750 -421.875 234.375 -734.375 -421.875 492.188
-710.938 -351.562 -429.688 -578.125 -750.000 367.188 -656.250 -710.938 62.500 -843.750 -421.875 234.375 -734.375 -421.875 492.188
-835.938 -359.375 -554.688 -593.750 -687.500 390.625 -703.125 -671.875 93.750 -906.250 -359.375 265.625 -781.250 -375.000 531.250
-835.938 -359.375 -554.688 -593.750 -687.500 390.625 -703.125 -671.875 93.750 -906.250 -359.375 265.625 -781.250 -375.000 531.250
-835.938 -359.375 -554.688 -593.750 -687.500 390.625 -703.125 -671.875 93.750 -906.250 -359.375 265.625 -781.250 -375.000 531.250
-859.375 -367.188 -593.750 -617.188 -648.438 382.812 -726.562 -656.250 85.938 -914.062 -343.750 242.188 -812.500 -359.375 531.250
-796.875 -398.438 -570.312 -632.812 -671.875 375.000 -757.812 -695.312 31.250 -953.125 -406.250 164.062 -851.562 -414.062 437.500
-796.875 -398.438 -570.312 -632.812 -671.875 375.000 -757.812 -695.312 31.250 -953.125 -406.250 164.062 -851.562 -414.062 437.500
-796.875 -398.438 -570.312 -632.812 -671.875 375.000 -757.812 -695.312 31.250 -953.125 -406.250 164.062 -851.562 -414.062 437.500
-796.875 -398.438 -570.312 -632.812 -671.875 375.000 -757.812 -695.312 31.250 -953.125 -406.250 164.062 -851.562 -414.062 437.500
-796.875 -398.438 -570.312 -632.812 -671.875 375.000 -757.812 -695.312 31.250 -953.125 -406.250 164.062 -851.562 -414.062 437.500
-718.750 -421.875 -507.812 -648.438 -703.125 343.750 -750.000 -710.938 7.812 -960.938 -437.500 171.875 -843.750 -453.125 445.312
-718.750 -421.875 -507.812 -648.438 -703.125 343.750 -750.000 -710.938 7.812 -960.938 -437.500 171.875 -843.750 -453.125 445.312
-703.125 -390.625 -492.188 -664.062 -710.938 328.125 -742.188 -726.562 -7.812 -960.938 -437.500 164.062 -820.312 -453.125 468.750
-695.312 -335.938 -468.750 -679.688 -750.000 312.500 -750.000 -757.812 -23.438 -921.875 -476.562 164.062 -796.875 -484.375 468.750
-695.312 -335.938 -468.750 -679.688 -750.000 312.500 -750.000 -757.812 -23.438 -921.875 -476.562 164.062 -796.875 -484.375 468.750
-695.312 -335.938 -468.750 -671.875 -781.250 312.500 -734.375 -773.438 -15.625 -906.250 -484.375 195.312 -781.250 -500.000 500.000
-695.312 -335.938 -468.750 -671.875 -781.250 312.500 -734.375 -773.438 -15.625 -906.250 -484.375 195.312 -781.250 -500.000 500.000
-742.188 -328.125 -500.000 -640.625 -789.062 335.938 -726.562 -804.688 23.438 -929.688 -515.625 257.812 -781.250 -531.250 562.500
-875.000 -343.750 -664.062 -609.375 -859.375 375.000 -718.750 -867.188 23.438 -960.938 -539.062 257.812 -781.250 -562.500 593.750
-875.000 -343.750 -664.062 -609.375 -859.375 375.000 -718.750 -867.188 23.438 -960.938 -539.062 257.812 -781.250 -562.500 593.750
-875.000 -343.750 -664.062 -609.375 -859.375 375.000 -718.750 -867.188 23.438 -960.938 -539.062 257.812 -781.250 -562.500 593.750
-890.625 -351.562 -703.125 -617.188 -851.562 375.000 -726.562 -859.375 31.250 -960.938 -554.688 257.812 -796.875 -570.312 570.312
-890.625 -351.562 -703.125 -617.188 -851.562 375.000 -726.562 -859.375 31.250 -960.938 -554.688 257.812 -796.875 -570.312 570.312
-906.250 -367.188 -734.375 -617.188 -851.562 375.000 -726.562 -835.938 23.438 -968.750 -546.875 250.000 -820.312 -562.500 546.875
-906.250 -367.188 -734.375 -617.188 -851.562 375.000 -726.562 -835.938 23.438 -968.750 -546.875 250.000 -820.312 -562.500 546.875
-875.000 -328.125 -734.375 -601.562 -843.750 359.375 -710.938 -835.938 7.812 -968.750 -554.688 218.750 -843.750 -570.312 539.062
-875.000 -328.125 -734.375 -601.562 -843.750 359.375 -710.938 -835.938 7.812 -968.750 -554.688 218.750 -843.750 -570.312 539.062
-875.000 -328.125 -734.375 -601.562 -843.750 359.375 -710.938 -835.938 7.812 -968.750 -554.688 218.750 -843.750 -570.312 539.062
-859.375 -312.500 -710.938 -617.188 -835.938 343.750 -718.750 -828.125 -7.812 -968.750 -546.875 210.938 -835.938 -570.312 539.062
-851.562 -296.875 -695.312 -625.000 -843.750 328.125 -726.562 -835.938 -15.625 -968.750 -539.062 203.125 -828.125 -562.500 531.250
-859.375 -273.438 -695.312 -625.000 -828.125 320.312 -718.750 -828.125 -15.625 -929.688 -531.250 195.312 -812.500 -554.688 515.625
-851.562 -273.438 -679.688 -632.812 -835.938 304.688 -718.750 -820.312 -23.438 -945.312 -531.250 195.312 -804.688 -554.688 515.625
-851.562 -273.438 -679.688 -632.812 -835.938 304.688 -718.750 -820.312 -23.438 -945.312 -531.250 195.312 -804.688 -554.688 515.625
-859.375 -328.125 -617.188 -625.000 -796.875 328.125 -710.938 -796.875 -23.438 -937.500 -507.812 179.688 -804.688 -523.438 484.375
-859.375 -328.125 -617.188 -625.000 -796.875 328.125 -710.938 -796.875 -23.438 -937.500 -507.812 179.688 -804.688 -523.438 484.375
-859.375 -328.125 -617.188 -625.000 -796.875 328.125 -710.938 -796.875 -23.438 -937.500 -507.812 179.688 -804.688 -523.438 484.375
-859.375 -328.125 -617.188 -625.000 -796.875 328.125 -710.938 -796.875 -23.438 -937.500 -507.812 179.688 -804.688 -523.438 484.375
-867.188 -343.750 -609.375 -632.812 -796.875 343.750 -718.750 -789.062 -23.438 -937.500 -492.188 164.062 -804.688 -500.000 460.938
-875.000 -375.000 -593.750 -640.625 -781.250 335.938 -726.562 -773.438 -23.438 -914.062 -484.375 164.062 -796.875 -476.562 453.125
-812.500 -437.500 -484.375 -625.000 -710.938 390.625 -726.562 -718.750 15.625 -921.875 -414.062 156.250 -789.062 -429.688 414.062
-812.500 -437.500 -484.375 -625.000 -710.938 390.625 -726.562 -718.750 15.625 -921.875 -414.062 156.250 -789.062 -429.688 414.062
-812.500 -437.500 -484.375 -625.000 -710.938 390.625 -726.562 -718.750 15.625 -921.875 -414.062 156.250 -789.062 -429.688 414.062
-812.500 -437.500 -484.375 -625.000 -710.938 390.625 -726.562 -718.750 15.625 -921.875 -414.062 156.250 -789.062 -429.688 414.062
-789.062 -445.312 -460.938 -617.188 -695.312 390.625 -726.562 -695.312 23.438 -921.875 -390.625 148.438 -796.875 -398.438 398.438
-773.438 -453.125 -429.688 -617.188 -671.875 390.625 -734.375 -671.875 31.250 -914.062 -382.812 148.438 -812.500 -382.812 390.625
-773.438 -453.125 -429.688 -617.188 -671.875 390.625 -734.375 -671.875 31.250 -914.062 -382.812 148.438 -812.500 -382.812 390.625
-734.375 -460.938 -390.625 -617.188 -609.375 382.812 -734.375 -617.188 54.688 -898.438 -312.500 125.000 -804.688 -312.500 367.188
-726.562 -460.938 -375.000 -617.188 -578.125 390.625 -718.750 -578.125 62.500 -882.812 -281.250 125.000 -812.500 -296.875 359.375
-726.562 -460.938 -375.000 -617.188 -578.125 390.625 -718.750 -578.125 62.500 -882.812 -281.250 125.000 -812.500 -296.875 359.375
-671.875 -445.312 -304.688 -617.188 -492.188 375.000 -734.375 -507.812 78.125 -898.438 -218.750 132.812 -828.125 -250.000 351.562
-671.875 -445.312 -304.688 -617.188 -492.188 375.000 -734.375 -507.812 78.125 -898.438 -218.750 132.812 -828.125 -250.000 351.562
-695.312 -453.125 -250.000 -648.438 -406.250 375.000 -742.188 -414.062 125.000 -875.000 -117.188 179.688 -820.312 -148.438 390.625
-695.312 -453.125 -250.000 -648.438 -406.250 375.000 -742.188 -414.062 125.000 -875.000 -117.188 179.688 -820.312 -148.438 390.625
-695.312 -453.125 -250.000 -648.438 -406.250 375.000 -742.188 -414.062 125.000 -875.000 -117.188 179.688 -820.312 -148.438 390.625
-695.312 -453.125 -250.000 -648.438 -406.250 375.000 -742.188 -414.062 125.000 -875.000 -117.188 179.688 -820.312 -148.438 390.625
-710.938 -453.125 -250.000 -648.438 -406.250 390.625 -765.625 -414.062 140.625 -890.625 -125.000 187.500 -828.125 -148.438 421.875
-710.938 -453.125 -250.000 -648.438 -406.250 390.625 -765.625 -414.062 140.625 -890.625 -125.000 187.500 -828.125 -148.438 421.875
-750.000 -460.938 -265.625 -632.812 -414.062 429.688 -765.625 -429.688 132.812 -898.438 -109.375 171.875 -828.125 -132.812 406.250
-750.000 -460.938 -265.625 -632.812 -414.062 429.688 -765.625 -429.688 132.812 -898.438 -109.375 171.875 -828.125 -132.812 406.250
-742.188 -523.438 -257.812 -640.625 -414.062 421.875 -765.625 -429.688 125.000 -906.250 -109.375 148.438 -843.750 -140.625 367.188
-718.750 -546.875 -265.625 -632.812 -406.250 421.875 -773.438 -421.875 132.812 -914.062 -117.188 156.250 -859.375 -132.812 359.375
-718.750 -546.875 -265.625 -632.812 -406.250 421.875 -773.438 -421.875 132.812 -914.062 -117.188 156.250 -859.375 -132.812 359.375
-734.375 -515.625 -273.438 -632.812 -437.500 429.688 -773.438 -445.312 117.188 -906.250 -117.188 148.438 -851.562 -148.438 359.375
-718.750 -500.000 -257.812 -648.438 -468.750 414.062 -757.812 -492.188 101.562 -906.250 -195.312 132.812 -828.125 -218.750 328.125
-718.750 -500.000 -257.812 -648.438 -468.750 414.062 -757.812 -492.188 101.562 -906.250 -195.312 132.812 -828.125 -218.750 328.125
-718.750 -500.000 -257.812 -648.438 -468.750 414.062 -757.812 -492.188 101.562 -906.250 -195.312 132.812 -828.125 -218.750 328.125
-718.750 -500.000 -257.812 -648.438 -468.750 414.062 -757.812 -492.188 101.562 -906.250 -195.312 132.812 -828.125 -218.750 328.125
-750.000 -492.188 -281.250 -664.062 -460.938 390.625 -781.250 -492.188 70.312 -914.062 -203.125 101.562 -843.750 -218.750 312.500
-742.188 -484.375 -265.625 -695.312 -484.375 375.000 -789.062 -484.375 46.875 -921.875 -195.312 78.125 -851.562 -203.125 304.688
-726.562 -484.375 -250.000 -679.688 -500.000 375.000 -789.062 -492.188 31.250 -921.875 -187.500 70.312 -851.562 -203.125 296.875
-718.750 -476.562 -250.000 -664.062 -492.188 390.625 -789.062 -500.000 39.062 -921.875 -187.500 62.500 -851.562 -210.938 296.875
-710.938 -460.938 -234.375 -656.250 -484.375 375.000 -773.438 -500.000 54.688 -906.250 -187.500 85.938 -843.750 -210.938 312.500
-710.938 -460.938 -234.375 -656.250 -484.375 375.000 -773.438 -500.000 54.688 -906.250 -187.500 85.938 -843.750 -210.938 312.500
-750.000 -390.625 -289.062 -664.062 -453.125 343.750 -773.438 -453.125 54.688 -898.438 -156.250 125.000 -851.562 -179.688 382.812
-750.000 -390.625 -289.062 -664.062 -453.125 343.750 -773.438 -453.125 54.688 -898.438 -156.250 125.000 -851.562 -179.688 382.812
-750.000 -390.625 -289.062 -664.062 -453.125 343.750 -773.438 -453.125 54.688 -898.438 -156.250 125.000 -851.562 -179.688 382.812
-750.000 -375.000 -296.875 -640.625 -460.938 359.375 -750.000 -460.938 78.125 -867.188 -164.062 148.438 -835.938 -187.500 390.625
-750.000 -375.000 -296.875 -640.625 -460.938 359.375 -750.000 -460.938 78.125 -867.188 -164.062 148.438 -835.938 -187.500 390.625
-765.625 -390.625 -328.125 -656.250 -476.562 359.375 -765.625 -500.000 101.562 -921.875 -210.938 171.875 -851.562 -242.188 406.250
-773.438 -398.438 -335.938 -648.438 -515.625 375.000 -773.438 -531.250 78.125 -921.875 -226.562 156.250 -851.562 -242.188 414.062
-773.438 -398.438 -335.938 -648.438 -515.625 375.000 -773.438 -531.250 78.125 -921.875 -226.562 156.250 -851.562 -242.188 414.062
-765.625 -445.312 -359.375 -640.625 -554.688 398.438 -757.812 -562.500 70.312 -937.500 -257.812 156.250 -851.562 -289.062 406.250
-765.625 -445.312 -359.375 -640.625 -554.688 398.438 -757.812 -562.500 70.312 -937.500 -257.812 156.250 -851.562 -289.062 406.250
-757.812 -484.375 -367.188 -640.625 -593.750 406.250 -757.812 -609.375 78.125 -937.500 -296.875 156.250 -851.562 -304.688 382.812
-734.375 -453.125 -367.188 -648.438 -617.188 382.812 -773.438 -617.188 39.062 -953.125 -320.312 140.625 -859.375 -343.750 398.438
-734.375 -453.125 -367.188 -648.438 -617.188 382.812 -773.438 -617.188 39.062 -953.125 -320.312 140.625 -859.375 -343.750 398.438
-734.375 -453.125 -367.188 -648.438 -617.188 382.812 -773.438 -617.188 39.062 -953.125 -320.312 140.625 -859.375 -343.750 398.438
-734.375 -453.125 -367.188 -648.438 -617.188 382.812 -773.438 -617.188 39.062 -953.125 -320.312 140.625 -859.375 -343.750 398.438
-734.375 -453.125 -367.188 -648.438 -617.188 382.812 -773.438 -617.188 39.062 -953.125 -320.312 140.625 -859.375 -343.750 398.438
-718.750 -429.688 -375.000 -648.438 -609.375 367.188 -781.250 -617.188 23.438 -945.312 -320.312 132.812 -867.188 -335.938 398.438
-734.375 -414.062 -390.625 -640.625 -601.562 367.188 -781.250 -609.375 23.438 -953.125 -312.500 132.812 -867.188 -335.938 398.438
-734.375 -414.062 -421.875 -640.625 -632.812 375.000 -781.250 -625.000 15.625 -960.938 -312.500 132.812 -875.000 -343.750 398.438
-750.000 -398.438 -445.312 -656.250 -632.812 359.375 -773.438 -617.188 15.625 -960.938 -328.125 125.000 -867.188 -359.375 390.625
-750.000 -398.438 -445.312 -656.250 -632.812 359.375 -773.438 -617.188 15.625 -960.938 -328.125 125.000 -867.188 -359.375 390.625
-742.188 -398.438 -500.000 -648.438 -664.062 367.188 -796.875 -648.438 0.000 -1015.625 -351.562 117.188 -882.812 -375.000 375.000
-742.188 -398.438 -500.000 -648.438 -664.062 367.188 -796.875 -648.438 0.000 -1015.625 -351.562 117.188 -882.812 -375.000 375.000
-742.188 -398.438 -500.000 -648.438 -664.062 367.188 -796.875 -648.438 0.000 -1015.625 -351.562 117.188 -882.812 -375.000 375.000
-742.188 -398.438 -500.000 -648.438 -664.062 367.188 -796.875 -648.438 0.000 -1015.625 -351.562 117.188 -882.812 -375.000 375.000
-742.188 -398.438 -500.000 -648.438 -664.062 367.188 -796.875 -648.438 0.000 -1015.625 -351.562 117.188 -882.812 -375.000 375.000
-757.812 -398.438 -531.250 -648.438 -687.500 375.000 -796.875 -695.312 -15.625 -1015.625 -375.000 85.938 -914.062 -414.062 343.750
-765.625 -406.250 -554.688 -632.812 -710.938 382.812 -804.688 -703.125 -15.625 -1023.438 -375.000 70.312 -914.062 -414.062 367.188
-765.625 -406.250 -554.688 -632.812 -710.938 382.812 -804.688 -703.125 -15.625 -1023.438 -375.000 70.312 -914.062 -414.062 367.188
-765.625 -445.312 -585.938 -632.812 -687.500 382.812 -765.625 -695.312 15.625 -960.938 -382.812 125.000 -875.000 -414.062 359.375
-765.625 -437.500 -593.750 -632.812 -695.312 375.000 -757.812 -695.312 31.250 -945.312 -382.812 148.438 -859.375 -429.688 367.188
-765.625 -437.500 -593.750 -632.812 -695.312 375.000 -757.812 -695.312 31.250 -945.312 -382.812 148.438 -859.375 -429.688 367.188
-773.438 -429.688 -609.375 -625.000 -671.875 390.625 -726.562 -710.938 70.312 -937.500 -429.688 156.250 -789.062 -429.688 328.125
-773.438 -429.688 -609.375 -625.000 -671.875 390.625 -726.562 -710.938 70.312 -937.500 -429.688 156.250 -789.062 -429.688 328.125
-812.500 -460.938 -664.062 -640.625 -375.000 429.688 -726.562 -703.125 148.438 -929.688 -390.625 187.500 -843.750 -406.250 382.812
-812.500 -460.938 -664.062 -640.625 -375.000 429.688 -726.562 -703.125 148.438 -929.688 -390.625 187.500 -843.750 -406.250 382.812
-812.500 -460.938 -664.062 -640.625 -375.000 429.688 -726.562 -703.125 148.438 -929.688 -390.625 187.500 -843.750 -406.250 382.812
-820.312 -476.562 -703.125 -593.750 -453.125 421.875 -726.562 -625.000 148.438 -914.062 -375.000 210.938 -835.938 -390.625 406.250
-812.500 -437.500 -710.938 -531.250 -609.375 460.938 -664.062 -617.188 140.625 -906.250 -328.125 218.750 -820.312 -351.562 437.500
-812.500 -437.500 -710.938 -531.250 -609.375 460.938 -664.062 -617.188 140.625 -906.250 -328.125 218.750 -820.312 -351.562 437.500
-804.688 -375.000 -679.688 -453.125 -562.500 515.625 -687.500 -648.438 156.250 -851.562 -281.250 226.562 -828.125 -289.062 492.188
-804.688 -375.000 -679.688 -453.125 -562.500 515.625 -687.500 -648.438 156.250 -851.562 -281.250 226.562 -828.125 -289.062 492.188
-820.312 -421.875 -679.688 -531.250 -304.688 515.625 -640.625 -640.625 179.688 -851.562 -296.875 257.812 -796.875 -265.625 554.688
-789.062 -382.812 -671.875 -507.812 -468.750 500.000 -585.938 -585.938 164.062 -820.312 -273.438 289.062 -796.875 -281.250 562.500
-789.062 -382.812 -671.875 -507.812 -468.750 500.000 -585.938 -585.938 164.062 -820.312 -273.438 289.062 -796.875 -281.250 562.500
-609.375 -328.125 -484.375 -734.375 -734.375 335.938 -578.125 -679.688 242.188 -609.375 -375.000 414.062 -726.562 -210.938 554.688
-609.375 -328.125 -484.375 -734.375 -734.375 335.938 -578.125 -679.688 242.188 -609.375 -375.000 414.062 -726.562 -210.938 554.688
-609.375 -328.125 -484.375 -734.375 -734.375 335.938 -578.125 -679.688 242.188 -609.375 -375.000 414.062 -726.562 -210.938 554.688
-609.375 -328.125 -484.375 -734.375 -734.375 335.938 -578.125 -679.688 242.188 -609.375 -375.000 414.062 -726.562 -210.938 554.688
-609.375 -328.125 -484.375 -734.375 -734.375 335.938 -578.125 -679.688 242.188 -609.375 -375.000 414.062 -726.562 -210.938 554.688
-648.438 -375.000 -546.875 -718.750 -562.500 171.875 -492.188 -578.125 382.812 -492.188 -507.812 476.562 -695.312 -304.688 476.562
-648.438 -375.000 -546.875 -718.750 -562.500 171.875 -492.188 -578.125 382.812 -492.188 -507.812 476.562 -695.312 -304.688 476.562
-718.750 -398.438 -601.562 -679.688 -609.375 210.938 -484.375 -546.875 406.250 -437.500 -601.562 492.188 -718.750 -523.438 429.688
-750.000 -281.250 -648.438 -640.625 -843.750 226.562 -414.062 -500.000 414.062 -507.812 -601.562 468.750 -585.938 -546.875 359.375
-750.000 -281.250 -648.438 -640.625 -843.750 226.562 -414.062 -500.000 414.062 -507.812 -601.562 468.750 -585.938 -546.875 359.375
-687.500 -140.625 -570.312 -609.375 -789.062 281.250 -148.438 -531.250 695.312 -179.688 -687.500 585.938 0.000 -296.875 492.188
-687.500 -140.625 -570.312 -609.375 -789.062 281.250 -148.438 -531.250 695.312 -179.688 -687.500 585.938 0.000 -296.875 492.188
-687.500 -140.625 -570.312 -609.375 -789.062 281.250 -148.438 -531.250 695.312 -179.688 -687.500 585.938 0.000 -296.875 492.188
-687.500 -140.625 -570.312 -609.375 -789.062 281.250 -148.438 -531.250 695.312 -179.688 -687.500 585.938 0.000 -296.875 492.188
-687.500 -140.625 -570.312 -609.375 -789.062 281.250 -148.438 -531.250 695.312 -179.688 -687.500 585.938 0.000 -296.875 492.188
-656.250 -132.812 -601.562 -578.125 -710.938 328.125 -226.562 -523.438 687.500 -132.812 -570.312 593.750 117.188 -343.750 515.625
-726.562 -210.938 -648.438 -554.688 -468.750 367.188 -164.062 -476.562 867.188 -78.125 -390.625 882.812 234.375 -210.938 1218.750
-726.562 -210.938 -648.438 -554.688 -468.750 367.188 -164.062 -476.562 867.188 -78.125 -390.625 882.812 234.375 -210.938 1218.750
-726.562 -210.938 -648.438 -554.688 -468.750 367.188 -164.062 -476.562 867.188 -78.125 -390.625 882.812 234.375 -210.938 1218.750
-726.562 -210.938 -648.438 -554.688 -468.750 367.188 -164.062 -476.562 867.188 -78.125 -390.625 882.812 234.375 -210.938 1218.750
-726.562 -210.938 -648.438 -554.688 -468.750 367.188 -164.062 -476.562 867.188 -78.125 -390.625 882.812 234.375 -210.938 1218.750
-820.312 -132.812 -765.625 -531.250 -726.562 429.688 -273.438 -367.188 898.438 -15.625 -250.000 1101.562 31.250 -54.688 1398.438
-820.312 -132.812 -765.625 -531.250 -726.562 429.688 -273.438 -367.188 898.438 -15.625 -250.000 1101.562 31.250 -54.688 1398.438
-843.750 -179.688 -718.750 -554.688 -765.625 484.375 -273.438 -429.688 968.750 46.875 -210.938 1234.375 -31.250 -78.125 1484.375
-710.938 -140.625 -625.000 -484.375 -726.562 601.562 -320.312 -468.750 1078.125 78.125 -351.562 1421.875 101.562 -140.625 1601.562
-710.938 -140.625 -625.000 -484.375 -726.562 601.562 -320.312 -468.750 1078.125 78.125 -351.562 1421.875 101.562 -140.625 1601.562
-718.750 -117.188 -609.375 -453.125 -718.750 632.812 -390.625 -453.125 1101.562 85.938 -406.250 1468.750 234.375 -234.375 1617.188
-742.188 -31.250 -585.938 -445.312 -750.000 664.062 -429.688 -429.688 1093.750 93.750 -523.438 1429.688 265.625 -351.562 1492.188
-742.188 -31.250 -585.938 -445.312 -750.000 664.062 -429.688 -429.688 1093.750 93.750 -523.438 1429.688 265.625 -351.562 1492.188
-789.062 -15.625 -703.125 -445.312 -781.250 578.125 -375.000 -625.000 781.250 -132.812 -507.812 937.500 46.875 -312.500 1039.062
-789.062 -15.625 -703.125 -445.312 -781.250 578.125 -375.000 -625.000 781.250 -132.812 -507.812 937.500 46.875 -312.500 1039.062
-789.062 -15.625 -703.125 -445.312 -781.250 578.125 -375.000 -625.000 781.250 -132.812 -507.812 937.500 46.875 -312.500 1039.062
-789.062 -15.625 -703.125 -429.688 -789.062 554.688 -382.812 -648.438 742.188 -164.062 -507.812 851.562 -7.812 -320.312 937.500
-789.062 -15.625 -703.125 -429.688 -789.062 554.688 -382.812 -648.438 742.188 -164.062 -507.812 851.562 -7.812 -320.312 937.500
-773.438 -15.625 -679.688 -406.250 -820.312 554.688 -359.375 -656.250 710.938 -164.062 -507.812 789.062 0.000 -328.125 867.188
-726.562 -46.875 -640.625 -398.438 -851.562 546.875 -328.125 -656.250 695.312 -117.188 -523.438 781.250 54.688 -343.750 859.375
-726.562 -46.875 -640.625 -398.438 -851.562 546.875 -328.125 -656.250 695.312 -117.188 -523.438 781.250 54.688 -343.750 859.375
-703.125 -148.438 -625.000 -398.438 -789.062 492.188 -273.438 -531.250 781.250 39.062 -421.875 992.188 242.188 -257.812 1101.562
-703.125 -148.438 -625.000 -398.438 -789.062 492.188 -273.438 -531.250 781.250 39.062 -421.875 992.188 242.188 -257.812 1101.562
-703.125 -148.438 -625.000 -398.438 -789.062 492.188 -273.438 -531.250 781.250 39.062 -421.875 992.188 242.188 -257.812 1101.562
-703.125 -148.438 -625.000 -398.438 -789.062 492.188 -273.438 -531.250 781.250 39.062 -421.875 992.188 242.188 -257.812 1101.562
-703.125 -148.438 -625.000 -398.438 -789.062 492.188 -273.438 -531.250 781.250 39.062 -421.875 992.188 242.188 -257.812 1101.562
-703.125 -132.812 -625.000 -390.625 -781.250 500.000 -250.000 -515.625 812.500 39.062 -421.875 1000.000 109.375 -250.000 1109.375
-703.125 -132.812 -625.000 -390.625 -781.250 500.000 -250.000 -515.625 812.500 39.062 -421.875 1000.000 109.375 -250.000 1109.375
-726.562 -78.125 -656.250 -375.000 -789.062 523.438 -265.625 -515.625 804.688 -46.875 -468.750 960.938 54.688 -289.062 1046.875
-726.562 -93.750 -640.625 -398.438 -773.438 515.625 -335.938 -578.125 750.000 -109.375 -507.812 898.438 85.938 -328.125 1000.000
-726.562 -93.750 -640.625 -398.438 -773.438 515.625 -335.938 -578.125 750.000 -109.375 -507.812 898.438 85.938 -328.125 1000.000
-710.938 -109.375 -625.000 -414.062 -781.250 507.812 -343.750 -593.750 726.562 -93.750 -507.812 882.812 85.938 -335.938 984.375
-703.125 -101.562 -593.750 -453.125 -828.125 476.562 -351.562 -601.562 687.500 -109.375 -507.812 867.188 46.875 -328.125 1000.000
-703.125 -101.562 -593.750 -453.125 -828.125 476.562 -351.562 -601.562 687.500 -109.375 -507.812 867.188 46.875 -328.125 1000.000
-718.750 -85.938 -609.375 -453.125 -859.375 492.188 -359.375 -679.688 703.125 -93.750 -531.250 929.688 93.750 -398.438 1015.625
-718.750 -85.938 -609.375 -453.125 -859.375 492.188 -359.375 -679.688 703.125 -93.750 -531.250 929.688 93.750 -398.438 1015.625
-718.750 -85.938 -609.375 -453.125 -859.375 492.188 -359.375 -679.688 703.125 -93.750 -531.250 929.688 93.750 -398.438 1015.625
-718.750 -85.938 -609.375 -453.125 -859.375 492.188 -359.375 -679.688 703.125 -93.750 -531.250 929.688 93.750 -398.438 1015.625
-718.750 -85.938 -609.375 -453.125 -859.375 492.188 -359.375 -679.688 703.125 -93.750 -531.250 929.688 93.750 -398.438 1015.625
-671.875 -140.625 -554.688 -445.312 -859.375 492.188 -351.562 -617.188 718.750 -78.125 -500.000 929.688 62.500 -382.812 1054.688
-523.438 -273.438 -421.875 -414.062 -718.750 515.625 -179.688 -703.125 843.750 -31.250 -640.625 953.125 -54.688 -476.562 1015.625
-523.438 -273.438 -421.875 -414.062 -718.750 515.625 -179.688 -703.125 843.750 -31.250 -640.625 953.125 -54.688 -476.562 1015.625
-445.312 -289.062 -312.500 -390.625 -718.750 507.812 -226.562 -585.938 890.625 -93.750 -718.750 976.562 -93.750 -554.688 992.188
-445.312 -289.062 -312.500 -390.625 -718.750 507.812 -226.562 -585.938 890.625 -93.750 -718.750 976.562 -93.750 -554.688 992.188
-320.312 -281.250 -234.375 -367.188 -718.750 507.812 -273.438 -578.125 820.312 -195.312 -656.250 914.062 -125.000 -492.188 1000.000
-320.312 -304.688 -265.625 -445.312 -773.438 453.125 -367.188 -640.625 648.438 -117.188 -515.625 804.688 -70.312 -54.688 1078.125
-320.312 -304.688 -265.625 -445.312 -773.438 453.125 -367.188 -640.625 648.438 -117.188 -515.625 804.688 -70.312 -54.688 1078.125
-632.812 -195.312 -773.438 -500.000 -812.500 328.125 -460.938 -640.625 328.125 -398.438 -328.125 617.188 62.500 -109.375 1148.438
-632.812 -195.312 -773.438 -500.000 -812.500 328.125 -460.938 -640.625 328.125 -398.438 -328.125 617.188 62.500 -109.375 1148.438
-632.812 -195.312 -773.438 -500.000 -812.500 328.125 -460.938 -640.625 328.125 -398.438 -328.125 617.188 62.500 -109.375 1148.438
-632.812 -195.312 -773.438 -500.000 -812.500 328.125 -460.938 -640.625 328.125 -398.438 -328.125 617.188 62.500 -109.375 1148.438
-632.812 -195.312 -773.438 -500.000 -812.500 328.125 -460.938 -640.625 328.125 -398.438 -328.125 617.188 62.500 -109.375 1148.438
-726.562 -179.688 -945.312 -531.250 -992.188 289.062 -476.562 -476.562 296.875 -203.125 -328.125 671.875 -281.250 -93.750 1039.062
-656.250 -140.625 -968.750 -531.250 -703.125 218.750 -398.438 -570.312 359.375 -257.812 -414.062 671.875 -31.250 -281.250 1218.750
-656.250 -140.625 -968.750 -531.250 -703.125 218.750 -398.438 -570.312 359.375 -257.812 -414.062 671.875 -31.250 -281.250 1218.750
-648.438 -140.625 -1007.812 -507.812 -562.500 210.938 -445.312 -515.625 367.188 -367.188 -445.312 679.688 15.625 -281.250 1359.375
-570.312 -250.000 -1000.000 -359.375 -281.250 335.938 -375.000 -625.000 476.562 -382.812 -406.250 671.875 -46.875 -140.625 1429.688
-570.312 -250.000 -1000.000 -359.375 -281.250 335.938 -375.000 -625.000 476.562 -382.812 -406.250 671.875 -46.875 -140.625 1429.688
-523.438 -265.625 -945.312 -304.688 -351.562 445.312 -414.062 -601.562 546.875 -335.938 -507.812 656.250 93.750 -242.188 1500.000
-523.438 -265.625 -945.312 -304.688 -351.562 445.312 -414.062 -601.562 546.875 -335.938 -507.812 656.250 93.750 -242.188 1500.000
-484.375 -210.938 -960.938 -445.312 -585.938 703.125 -484.375 -703.125 734.375 -390.625 -1273.438 398.438 1015.625 -85.938 1039.062
-484.375 -210.938 -960.938 -445.312 -585.938 703.125 -484.375 -703.125 734.375 -390.625 -1273.438 398.438 1015.625 -85.938 1039.062
-484.375 -210.938 -960.938 -445.312 -585.938 703.125 -484.375 -703.125 734.375 -390.625 -1273.438 398.438 1015.625 -85.938 1039.062
-539.062 -140.625 -1007.812 -406.250 -648.438 734.375 -351.562 -750.000 742.188 257.812 -2000.000 -140.625 414.062 -148.438 203.125
-593.750 -46.875 -1054.688 -375.000 -742.188 796.875 -132.812 -867.188 867.188 281.250 -1554.688 195.312 -554.688 1203.125 -765.625
-648.438 85.938 -1085.938 -359.375 -1007.812 804.688 7.812 -1070.312 773.438 -1257.812 343.750 1648.438 -1320.312 1562.500 -1359.375
-687.500 187.500 -1109.375 -304.688 -1109.375 820.312 156.250 -1132.812 757.812 -242.188 -62.500 1179.688 -2031.250 -7.812 -1632.812
-687.500 187.500 -1109.375 -304.688 -1109.375 820.312 156.250 -1132.812 757.812 -242.188 -62.500 1179.688 -2031.250 -7.812 -1632.812
-710.938 -132.812 -1171.875 70.312 -820.312 789.062 -39.062 -875.000 648.438 -468.750 -812.500 460.938 -859.375 -429.688 125.000
-710.938 -132.812 -1171.875 70.312 -820.312 789.062 -39.062 -875.000 648.438 -468.750 -812.500 460.938 -859.375 -429.688 125.000
-710.938 -132.812 -1171.875 70.312 -820.312 789.062 -39.062 -875.000 648.438 -468.750 -812.500 460.938 -859.375 -429.688 125.000
-710.938 -132.812 -1171.875 70.312 -820.312 789.062 -39.062 -875.000 648.438 -468.750 -812.500 460.938 -859.375 -429.688 125.000
-671.875 -226.562 -1164.062 -46.875 -906.250 742.188 -70.312 -882.812 562.500 -531.250 -710.938 429.688 -851.562 -132.812 351.562
-625.000 -328.125 -1156.250 -140.625 -906.250 687.500 -101.562 -875.000 515.625 -492.188 -617.188 468.750 -882.812 46.875 429.688
-585.938 -414.062 -1125.000 -257.812 -835.938 625.000 -125.000 -843.750 500.000 -429.688 -539.062 546.875 -937.500 46.875 429.688
-585.938 -414.062 -1125.000 -257.812 -835.938 625.000 -125.000 -843.750 500.000 -429.688 -539.062 546.875 -937.500 46.875 429.688
-460.938 -437.500 -1007.812 -296.875 -640.625 531.250 -179.688 -687.500 523.438 -328.125 -531.250 664.062 -968.750 -125.000 375.000
-437.500 -281.250 -914.062 -296.875 -531.250 484.375 -250.000 -593.750 531.250 -375.000 -578.125 664.062 -976.562 -195.312 343.750
-437.500 -281.250 -914.062 -296.875 -531.250 484.375 -250.000 -593.750 531.250 -375.000 -578.125 664.062 -976.562 -195.312 343.750
-429.688 -187.500 -898.438 -304.688 -523.438 484.375 -265.625 -593.750 531.250 -390.625 -578.125 664.062 -992.188 -164.062 296.875
-429.688 -187.500 -898.438 -304.688 -523.438 484.375 -265.625 -593.750 531.250 -390.625 -578.125 664.062 -992.188 -164.062 296.875
-546.875 7.812 -898.438 -203.125 -578.125 609.375 -125.000 -664.062 640.625 -312.500 -570.312 648.438 -992.188 -125.000 320.312
-546.875 7.812 -898.438 -203.125 -578.125 609.375 -125.000 -664.062 640.625 -312.500 -570.312 648.438 -992.188 -125.000 320.312
-546.875 7.812 -898.438 -203.125 -578.125 609.375 -125.000 -664.062 640.625 -312.500 -570.312 648.438 -992.188 -125.000 320.312
-585.938 93.750 -921.875 -171.875 -617.188 664.062 -70.312 -687.500 679.688 -257.812 -601.562 664.062 -937.500 -125.000 429.688
-640.625 156.250 -929.688 -109.375 -656.250 710.938 7.812 -718.750 726.562 -195.312 -601.562 687.500 -953.125 -78.125 437.500
-679.688 164.062 -953.125 -54.688 -687.500 742.188 31.250 -710.938 742.188 -109.375 -546.875 671.875 -1046.875 -23.438 367.188
-718.750 109.375 -968.750 -93.750 -656.250 750.000 39.062 -765.625 710.938 -117.188 -585.938 593.750 -1078.125 70.312 367.188
-718.750 109.375 -968.750 -93.750 -656.250 750.000 39.062 -765.625 710.938 -117.188 -585.938 593.750 -1078.125 70.312 367.188
-789.062 -140.625 -992.188 -140.625 -515.625 609.375 -265.625 -421.875 656.250 -171.875 -585.938 468.750 -703.125 70.312 335.938
-789.062 -140.625 -992.188 -140.625 -515.625 609.375 -265.625 -421.875 656.250 -171.875 -585.938 468.750 -703.125 70.312 335.938
-789.062 -140.625 -992.188 -140.625 -515.625 609.375 -265.625 -421.875 656.250 -171.875 -585.938 468.750 -703.125 70.312 335.938
-789.062 -140.625 -992.188 -140.625 -515.625 609.375 -265.625 -421.875 656.250 -171.875 -585.938 468.750 -703.125 70.312 335.938
-789.062 -140.625 -992.188 -140.625 -515.625 609.375 -265.625 -421.875 656.250 -171.875 -585.938 468.750 -703.125 70.312 335.938
-914.062 -234.375 -1007.812 -257.812 -593.750 515.625 -421.875 -671.875 578.125 -210.938 -742.188 382.812 -718.750 -593.750 -179.688
-898.438 -210.938 -960.938 -453.125 -375.000 679.688 -382.812 -656.250 812.500 -78.125 -968.750 351.562 -648.438 -1335.938 -554.688
-898.438 -210.938 -960.938 -453.125 -375.000 679.688 -382.812 -656.250 812.500 -78.125 -968.750 351.562 -648.438 -1335.938 -554.688
-796.875 -218.750 -750.000 -187.500 -664.062 671.875 -289.062 -296.875 781.250 -93.750 -1539.062 234.375 -453.125 -1765.625 -1281.250
-710.938 -257.812 -640.625 -148.438 -742.188 632.812 -296.875 -539.062 796.875 -218.750 -1492.188 546.875 -31.250 -1882.812 -1437.500
-710.938 -257.812 -640.625 -148.438 -742.188 632.812 -296.875 -539.062 796.875 -218.750 -1492.188 546.875 -31.250 -1882.812 -1437.500
-757.812 -492.188 -648.438 -414.062 -937.500 429.688 -218.750 -523.438 867.188 203.125 -945.312 726.562 976.562 -1039.062 -1015.625
-757.812 -492.188 -648.438 -414.062 -937.500 429.688 -218.750 -523.438 867.188 203.125 -945.312 726.562 976.562 -1039.062 -1015.625
-765.625 -648.438 -609.375 -351.562 -1148.438 601.562 -343.750 -984.375 796.875 257.812 539.062 1367.188 992.188 2312.500 3281.250
-765.625 -648.438 -609.375 -351.562 -1148.438 601.562 -343.750 -984.375 796.875 257.812 539.062 1367.188 992.188 2312.500 3281.250
-765.625 -648.438 -609.375 -351.562 -1148.438 601.562 -343.750 -984.375 796.875 257.812 539.062 1367.188 992.188 2312.500 3281.250
-781.250 -593.750 -593.750 -312.500 -1085.938 585.938 -335.938 -937.500 703.125 289.062 757.812 1226.562 1210.938 1742.188 3382.812
-742.188 -468.750 -546.875 -234.375 -984.375 578.125 -367.188 -765.625 632.812 671.875 875.000 1375.000 1382.812 781.250 2843.750
-742.188 -468.750 -546.875 -234.375 -984.375 578.125 -367.188 -765.625 632.812 671.875 875.000 1375.000 1382.812 781.250 2843.750
-625.000 -343.750 -398.438 -15.625 -695.312 531.250 -140.625 -156.250 773.438 796.875 210.938 1515.625 1390.625 195.312 2085.938
-625.000 -343.750 -398.438 -15.625 -695.312 531.250 -140.625 -156.250 773.438 796.875 210.938 1515.625 1390.625 195.312 2085.938
-554.688 -281.250 -125.000 -250.000 -718.750 585.938 -343.750 -593.750 812.500 -617.188 -273.438 1000.000 -554.688 -671.875 617.188
-554.688 -281.250 -125.000 -250.000 -718.750 585.938 -343.750 -593.750 812.500 -617.188 -273.438 1000.000 -554.688 -671.875 617.188
-554.688 -281.250 -125.000 -250.000 -718.750 585.938 -343.750 -593.750 812.500 -617.188 -273.438 1000.000 -554.688 -671.875 617.188
-554.688 -281.250 -125.000 -250.000 -718.750 585.938 -343.750 -593.750 812.500 -617.188 -273.438 1000.000 -554.688 -671.875 617.188
-70.312 -664.062 312.500 -289.062 -796.875 632.812 -421.875 -664.062 734.375 78.125 -585.938 906.250 -148.438 -703.125 570.312
-70.312 -664.062 312.500 -289.062 -796.875 632.812 -421.875 -664.062 734.375 78.125 -585.938 906.250 -148.438 -703.125 570.312
-523.438 -468.750 -101.562 -531.250 -1031.250 453.125 -492.188 -687.500 609.375 -281.250 -132.812 859.375 -296.875 -54.688 875.000
-523.438 -468.750 -101.562 -531.250 -1031.250 453.125 -492.188 -687.500 609.375 -281.250 -132.812 859.375 -296.875 -54.688 875.000
-648.438 -554.688 -195.312 -273.438 -875.000 437.500 -351.562 -546.875 679.688 -15.625 -78.125 953.125 -78.125 -93.750 960.938
-789.062 -437.500 -289.062 -179.688 -835.938 531.250 -328.125 -664.062 648.438 85.938 -62.500 968.750 23.438 -85.938 984.375
-789.062 -437.500 -289.062 -179.688 -835.938 531.250 -328.125 -664.062 648.438 85.938 -62.500 968.750 23.438 -85.938 984.375
-921.875 -351.562 -367.188 -78.125 -1015.625 617.188 -289.062 -742.188 585.938 234.375 31.250 890.625 140.625 -7.812 1023.438
-960.938 -312.500 -382.812 -148.438 -1148.438 609.375 -296.875 -648.438 609.375 132.812 -15.625 898.438 125.000 -46.875 1000.000
-960.938 -312.500 -382.812 -148.438 -1148.438 609.375 -296.875 -648.438 609.375 132.812 -15.625 898.438 125.000 -46.875 1000.000
-843.750 -289.062 -296.875 -195.312 -960.938 593.750 -289.062 -687.500 703.125 109.375 -109.375 937.500 78.125 -164.062 914.062
-843.750 -289.062 -296.875 -195.312 -960.938 593.750 -289.062 -687.500 703.125 109.375 -109.375 937.500 78.125 -164.062 914.062
-796.875 -437.500 -250.000 -179.688 -921.875 609.375 -257.812 -578.125 757.812 187.500 -62.500 984.375 78.125 -31.250 984.375
-796.875 -437.500 -250.000 -179.688 -921.875 609.375 -257.812 -578.125 757.812 187.500 -62.500 984.375 78.125 -31.250 984.375
-796.875 -437.500 -250.000 -179.688 -921.875 609.375 -257.812 -578.125 757.812 187.500 -62.500 984.375 78.125 -31.250 984.375
-710.938 -515.625 -179.688 -109.375 -914.062 640.625 -250.000 -609.375 750.000 171.875 15.625 992.188 78.125 -54.688 1015.625
-617.188 -640.625 -109.375 -93.750 -921.875 671.875 -234.375 -609.375 773.438 257.812 7.812 1023.438 109.375 -23.438 1031.250
-617.188 -640.625 -109.375 -93.750 -921.875 671.875 -234.375 -609.375 773.438 257.812 7.812 1023.438 109.375 -23.438 1031.250
-187.500 -820.312 234.375 -164.062 -945.312 617.188 -234.375 -648.438 742.188 125.000 -164.062 960.938 0.000 -70.312 992.188
-187.500 -820.312 234.375 -164.062 -945.312 617.188 -234.375 -648.438 742.188 125.000 -164.062 960.938 0.000 -70.312 992.188
-304.688 -1015.625 -54.688 -171.875 -890.625 562.500 -312.500 -750.000 625.000 -195.312 -242.188 742.188 -460.938 -70.312 585.938
-304.688 -1015.625 -54.688 -171.875 -890.625 562.500 -312.500 -750.000 625.000 -195.312 -242.188 742.188 -460.938 -70.312 585.938
-304.688 -1015.625 -54.688 -171.875 -890.625 562.500 -312.500 -750.000 625.000 -195.312 -242.188 742.188 -460.938 -70.312 585.938
-304.688 -1015.625 -54.688 -171.875 -890.625 562.500 -312.500 -750.000 625.000 -195.312 -242.188 742.188 -460.938 -70.312 585.938
-390.625 -984.375 -242.188 -70.312 -1140.625 640.625 -328.125 -703.125 570.312 -226.562 -242.188 718.750 -531.250 -203.125 468.750
-390.625 -984.375 -242.188 -70.312 -1140.625 640.625 -328.125 -703.125 570.312 -226.562 -242.188 718.750 -531.250 -203.125 468.750
-507.812 -960.938 -562.500 -132.812 -1406.250 710.938 -523.438 -289.062 515.625 -125.000 -23.438 640.625 -484.375 7.812 476.562
-507.812 -960.938 -562.500 -132.812 -1406.250 710.938 -523.438 -289.062 515.625 -125.000 -23.438 640.625 -484.375 7.812 476.562
-609.375 -851.562 -820.312 117.188 -1523.438 1453.125 -242.188 -945.312 726.562 -179.688 -62.500 812.500 -523.438 312.500 648.438
-664.062 -1226.562 -1015.625 -140.625 -609.375 773.438 -976.562 -585.938 476.562 -257.812 15.625 726.562 -656.250 156.250 570.312
-664.062 -1226.562 -1015.625 -140.625 -609.375 773.438 -976.562 -585.938 476.562 -257.812 15.625 726.562 -656.250 156.250 570.312
-960.938 -1554.688 -1546.875 -703.125 -351.562 132.812 -46.875 -351.562 375.000 -273.438 367.188 500.000 -523.438 460.938 359.375
-539.062 -1093.750 -1421.875 -117.188 0.000 796.875 187.500 437.500 1109.375 500.000 570.312 812.500 226.562 976.562 390.625
-539.062 -1093.750 -1421.875 -117.188 0.000 796.875 187.500 437.500 1109.375 500.000 570.312 812.500 226.562 976.562 390.625
-539.062 -1093.750 -1421.875 -117.188 0.000 796.875 187.500 437.500 1109.375 500.000 570.312 812.500 226.562 976.562 390.625
-539.062 -1093.750 -1421.875 -117.188 0.000 796.875 187.500 437.500 1109.375 500.000 570.312 812.500 226.562 976.562 390.625
-539.062 -1093.750 -1421.875 -117.188 0.000 796.875 187.500 437.500 1109.375 500.000 570.312 812.500 226.562 976.562 390.625
-625.000 -1023.438 -1429.688 78.125 54.688 1007.812 289.062 492.188 1250.000 617.188 640.625 875.000 367.188 1007.812 421.875
-625.000 -1023.438 -1429.688 78.125 54.688 1007.812 289.062 492.188 1250.000 617.188 640.625 875.000 367.188 1007.812 421.875
-648.438 -1148.438 -1429.688 125.000 -39.062 1093.750 273.438 375.000 1226.562 703.125 835.938 906.250 375.000 1156.250 507.812
-578.125 -1148.438 -1406.250 54.688 -70.312 1078.125 242.188 343.750 1062.500 578.125 960.938 648.438 578.125 1507.812 539.062
-578.125 -1148.438 -1406.250 54.688 -70.312 1078.125 242.188 343.750 1062.500 578.125 960.938 648.438 578.125 1507.812 539.062
-507.812 -1007.812 -1359.375 -148.438 -273.438 695.312 -210.938 476.562 601.562 281.250 789.062 531.250 226.562 1156.250 468.750
-507.812 -1007.812 -1359.375 -148.438 -273.438 695.312 -210.938 476.562 601.562 281.250 789.062 531.250 226.562 1156.250 468.750
-484.375 -531.250 -1328.125 -390.625 31.250 476.562 -117.188 429.688 609.375 437.500 1054.688 421.875 531.250 1343.750 265.625
-468.750 -375.000 -1289.062 -343.750 140.625 539.062 -70.312 546.875 734.375 414.062 1007.812 500.000 531.250 1335.938 359.375
-468.750 -375.000 -1289.062 -343.750 140.625 539.062 -70.312 546.875 734.375 414.062 1007.812 500.000 531.250 1335.938 359.375
-484.375 -125.000 -1007.812 -265.625 406.250 562.500 -93.750 703.125 812.500 468.750 937.500 593.750 648.438 1234.375 437.500
-453.125 31.250 -859.375 -187.500 429.688 515.625 23.438 656.250 718.750 609.375 1000.000 531.250 882.812 1328.125 562.500
-453.125 31.250 -859.375 -187.500 429.688 515.625 23.438 656.250 718.750 609.375 1000.000 531.250 882.812 1328.125 562.500
-335.938 250.000 -398.438 -234.375 507.812 445.312 15.625 734.375 742.188 640.625 921.875 656.250 1062.500 1257.812 734.375
-335.938 250.000 -398.438 -234.375 507.812 445.312 15.625 734.375 742.188 640.625 921.875 656.250 1062.500 1257.812 734.375
-539.062 601.562 -273.438 -304.688 757.812 429.688 -125.000 703.125 617.188 398.438 867.188 468.750 765.625 976.562 492.188
-539.062 601.562 -273.438 -304.688 757.812 429.688 -125.000 703.125 617.188 398.438 867.188 468.750 765.625 976.562 492.188
-539.062 601.562 -273.438 -304.688 757.812 429.688 -125.000 703.125 617.188 398.438 867.188 468.750 765.625 976.562 492.188
-609.375 554.688 -203.125 -312.500 773.438 468.750 -156.250 726.562 625.000 390.625 921.875 468.750 726.562 1070.312 546.875
-609.375 554.688 -203.125 -312.500 773.438 468.750 -156.250 726.562 625.000 390.625 921.875 468.750 726.562 1070.312 546.875
-609.375 398.438 -31.250 -343.750 781.250 523.438 -242.188 750.000 609.375 289.062 945.312 437.500 554.688 1046.875 484.375
-609.375 398.438 -31.250 -343.750 781.250 523.438 -242.188 750.000 609.375 289.062 945.312 437.500 554.688 1046.875 484.375
-703.125 -39.062 93.750 -273.438 765.625 601.562 -195.312 734.375 632.812 210.938 875.000 398.438 398.438 921.875 359.375
-875.000 -539.062 -23.438 -78.125 640.625 750.000 -62.500 812.500 640.625 242.188 960.938 382.812 375.000 968.750 351.562
-875.000 -539.062 -23.438 -78.125 640.625 750.000 -62.500 812.500 640.625 242.188 960.938 382.812 375.000 968.750 351.562
-875.000 -539.062 -23.438 -78.125 640.625 750.000 -62.500 812.500 640.625 242.188 960.938 382.812 375.000 968.750 351.562
-875.000 -539.062 -23.438 -78.125 640.625 750.000 -62.500 812.500 640.625 242.188 960.938 382.812 375.000 968.750 351.562
-875.000 -539.062 -23.438 -78.125 640.625 750.000 -62.500 812.500 640.625 242.188 960.938 382.812 375.000 968.750 351.562
-812.500 -804.688 15.625 0.000 726.562 742.188 -7.812 890.625 640.625 210.938 1046.875 367.188 257.812 1070.312 351.562
-812.500 -804.688 15.625 0.000 726.562 742.188 -7.812 890.625 640.625 210.938 1046.875 367.188 257.812 1070.312 351.562
-765.625 -968.750 117.188 85.938 789.062 781.250 7.812 968.750 656.250 187.500 1085.938 375.000 210.938 1117.188 359.375
-765.625 -953.125 140.625 117.188 796.875 796.875 15.625 984.375 656.250 195.312 1109.375 367.188 218.750 1148.438 367.188
-765.625 -953.125 140.625 117.188 796.875 796.875 15.625 984.375 656.250 195.312 1109.375 367.188 218.750 1148.438 367.188
-750.000 -851.562 132.812 132.812 804.688 789.062 23.438 992.188 664.062 210.938 1117.188 367.188 226.562 1148.438 359.375
-750.000 -851.562 132.812 132.812 804.688 789.062 23.438 992.188 664.062 210.938 1117.188 367.188 226.562 1148.438 359.375
-789.062 -804.688 101.562 101.562 781.250 796.875 23.438 968.750 671.875 210.938 1117.188 375.000 257.812 1140.625 367.188
-812.500 -625.000 46.875 -125.000 773.438 687.500 -101.562 859.375 632.812 195.312 992.188 359.375 289.062 1031.250 335.938
-812.500 -625.000 46.875 -125.000 773.438 687.500 -101.562 859.375 632.812 195.312 992.188 359.375 289.062 1031.250 335.938
-812.500 -625.000 46.875 -125.000 773.438 687.500 -101.562 859.375 632.812 195.312 992.188 359.375 289.062 1031.250 335.938
-812.500 -625.000 46.875 -125.000 773.438 687.500 -101.562 859.375 632.812 195.312 992.188 359.375 289.062 1031.250 335.938
-812.500 -625.000 46.875 -125.000 773.438 687.500 -101.562 859.375 632.812 195.312 992.188 359.375 289.062 1031.250 335.938
-820.312 -609.375 39.062 -140.625 757.812 703.125 -140.625 851.562 609.375 132.812 976.562 367.188 218.750 1015.625 335.938
-820.312 -609.375 39.062 -140.625 757.812 703.125 -140.625 851.562 609.375 132.812 976.562 367.188 218.750 1015.625 335.938
-812.500 -609.375 46.875 -132.812 781.250 695.312 -125.000 835.938 625.000 117.188 968.750 367.188 210.938 1000.000 320.312
-835.938 -609.375 54.688 -148.438 726.562 718.750 -148.438 812.500 617.188 93.750 937.500 351.562 171.875 984.375 304.688
-835.938 -609.375 54.688 -148.438 726.562 718.750 -148.438 812.500 617.188 93.750 937.500 351.562 171.875 984.375 304.688
-828.125 -640.625 78.125 -156.250 734.375 695.312 -156.250 804.688 609.375 85.938 937.500 367.188 148.438 968.750 289.062
-812.500 -656.250 85.938 -132.812 718.750 710.938 -148.438 804.688 625.000 85.938 953.125 367.188 140.625 992.188 312.500
-812.500 -656.250 85.938 -132.812 718.750 710.938 -148.438 804.688 625.000 85.938 953.125 367.188 140.625 992.188 312.500
-812.500 -625.000 117.188 -23.438 687.500 750.000 -85.938 804.688 648.438 23.438 953.125 382.812 -78.125 992.188 296.875
-812.500 -625.000 117.188 -23.438 687.500 750.000 -85.938 804.688 648.438 23.438 953.125 382.812 -78.125 992.188 296.875
-812.500 -625.000 117.188 -23.438 687.500 750.000 -85.938 804.688 648.438 23.438 953.125 382.812 -78.125 992.188 296.875
-812.500 -625.000 117.188 -23.438 687.500 750.000 -85.938 804.688 648.438 23.438 953.125 382.812 -78.125 992.188 296.875
-812.500 -625.000 117.188 -23.438 687.500 750.000 -85.938 804.688 648.438 23.438 953.125 382.812 -78.125 992.188 296.875
-812.500 -625.000 117.188 -23.438 687.500 750.000 -85.938 804.688 648.438 23.438 953.125 382.812 -78.125 992.188 296.875
-812.500 -625.000 117.188 -23.438 687.500 750.000 -85.938 804.688 648.438 23.438 953.125 382.812 -78.125 992.188 296.875
-812.500 -609.375 85.938 -7.812 656.250 781.250 -78.125 781.250 648.438 31.250 945.312 375.000 -15.625 976.562 304.688
-820.312 -562.500 39.062 -31.250 640.625 781.250 -93.750 757.812 664.062 78.125 929.688 398.438 46.875 960.938 320.312
-820.312 -562.500 39.062 -31.250 640.625 781.250 -93.750 757.812 664.062 78.125 929.688 398.438 46.875 960.938 320.312
-835.938 -570.312 46.875 -46.875 640.625 765.625 -93.750 750.000 664.062 93.750 914.062 421.875 70.312 937.500 335.938
-828.125 -539.062 39.062 -125.000 656.250 687.500 -132.812 726.562 617.188 78.125 867.188 406.250 101.562 921.875 343.750
-828.125 -539.062 39.062 -125.000 656.250 687.500 -132.812 726.562 617.188 78.125 867.188 406.250 101.562 921.875 343.750
-828.125 -500.000 15.625 -164.062 679.688 640.625 -164.062 726.562 617.188 70.312 867.188 406.250 93.750 898.438 359.375
-828.125 -500.000 15.625 -164.062 679.688 640.625 -164.062 726.562 617.188 70.312 867.188 406.250 93.750 898.438 359.375
-820.312 -468.750 15.625 -171.875 656.250 671.875 -164.062 710.938 617.188 54.688 859.375 421.875 70.312 906.250 367.188
-789.062 -468.750 46.875 -156.250 578.125 703.125 -179.688 671.875 648.438 46.875 835.938 437.500 39.062 875.000 359.375
-789.062 -468.750 46.875 -156.250 578.125 703.125 -179.688 671.875 648.438 46.875 835.938 437.500 39.062 875.000 359.375
-851.562 -601.562 -62.500 -195.312 507.812 671.875 -203.125 632.812 601.562 15.625 773.438 421.875 39.062 820.312 335.938
-851.562 -601.562 -62.500 -195.312 507.812 671.875 -203.125 632.812 601.562 15.625 773.438 421.875 39.062 820.312 335.938
-851.562 -601.562 -62.500 -195.312 507.812 671.875 -203.125 632.812 601.562 15.625 773.438 421.875 39.062 820.312 335.938
-859.375 -625.000 -93.750 -203.125 523.438 679.688 -187.500 640.625 617.188 15.625 796.875 437.500 39.062 835.938 351.562
-859.375 -625.000 -93.750 -203.125 523.438 679.688 -187.500 640.625 617.188 15.625 796.875 437.500 39.062 835.938 351.562
-851.562 -593.750 -85.938 -179.688 531.250 710.938 -171.875 640.625 640.625 31.250 820.312 437.500 15.625 843.750 351.562
-859.375 -539.062 7.812 -148.438 523.438 750.000 -164.062 632.812 656.250 23.438 812.500 437.500 -15.625 843.750 328.125
-859.375 -539.062 7.812 -148.438 523.438 750.000 -164.062 632.812 656.250 23.438 812.500 437.500 -15.625 843.750 328.125
-820.312 -539.062 39.062 -132.812 531.250 757.812 -164.062 640.625 656.250 7.812 828.125 421.875 -23.438 851.562 312.500
-820.312 -539.062 39.062 -132.812 531.250 757.812 -164.062 640.625 656.250 7.812 828.125 421.875 -23.438 851.562 312.500
-789.062 -531.250 140.625 -101.562 664.062 703.125 -156.250 734.375 617.188 31.250 890.625 390.625 23.438 945.312 320.312
-789.062 -531.250 140.625 -101.562 664.062 703.125 -156.250 734.375 617.188 31.250 890.625 390.625 23.438 945.312 320.312
-789.062 -531.250 140.625 -101.562 664.062 703.125 -156.250 734.375 617.188 31.250 890.625 390.625 23.438 945.312 320.312
-820.312 -507.812 101.562 -109.375 679.688 703.125 -156.250 757.812 609.375 54.688 914.062 398.438 31.250 945.312 320.312
-835.938 -335.938 101.562 -39.062 695.312 750.000 -125.000 804.688 648.438 93.750 960.938 398.438 132.812 1000.000 343.750
-835.938 -335.938 101.562 -39.062 695.312 750.000 -125.000 804.688 648.438 93.750 960.938 398.438 132.812 1000.000 343.750
-835.938 -335.938 101.562 -39.062 695.312 750.000 -125.000 804.688 648.438 93.750 960.938 398.438 132.812 1000.000 343.750
-835.938 -335.938 101.562 -39.062 695.312 750.000 -125.000 804.688 648.438 93.750 960.938 398.438 132.812 1000.000 343.750
-835.938 -335.938 101.562 -39.062 695.312 750.000 -125.000 804.688 648.438 93.750 960.938 398.438 132.812 1000.000 343.750
-851.562 -328.125 85.938 -70.312 726.562 734.375 -132.812 804.688 640.625 101.562 953.125 398.438 132.812 992.188 335.938
-851.562 -328.125 85.938 -70.312 726.562 734.375 -132.812 804.688 640.625 101.562 953.125 398.438 132.812 992.188 335.938
-875.000 -335.938 85.938 -62.500 703.125 718.750 -117.188 804.688 632.812 78.125 960.938 390.625 93.750 1000.000 328.125
-882.812 -398.438 78.125 -78.125 687.500 695.312 -132.812 804.688 617.188 46.875 960.938 382.812 54.688 984.375 312.500
-882.812 -398.438 78.125 -78.125 687.500 695.312 -132.812 804.688 617.188 46.875 960.938 382.812 54.688 984.375 312.500
-882.812 -421.875 78.125 -78.125 679.688 695.312 -140.625 804.688 609.375 54.688 945.312 367.188 93.750 968.750 312.500
-882.812 -421.875 78.125 -78.125 679.688 695.312 -140.625 804.688 609.375 54.688 945.312 367.188 93.750 968.750 312.500
-906.250 -406.250 85.938 -101.562 687.500 703.125 -140.625 757.812 609.375 70.312 914.062 375.000 109.375 953.125 312.500
-867.188 -593.750 156.250 -171.875 656.250 648.438 -218.750 757.812 554.688 -31.250 882.812 351.562 -31.250 921.875 242.188
-867.188 -593.750 156.250 -171.875 656.250 648.438 -218.750 757.812 554.688 -31.250 882.812 351.562 -31.250 921.875 242.188
-867.188 -593.750 156.250 -171.875 656.250 648.438 -218.750 757.812 554.688 -31.250 882.812 351.562 -31.250 921.875 242.188
-867.188 -640.625 132.812 -195.312 703.125 601.562 -226.562 742.188 531.250 -46.875 875.000 335.938 -7.812 914.062 242.188
-867.188 -640.625 132.812 -195.312 703.125 601.562 -226.562 742.188 531.250 -46.875 875.000 335.938 -7.812 914.062 242.188
-882.812 -656.250 140.625 -171.875 703.125 632.812 -234.375 750.000 539.062 -39.062 867.188 328.125 0.000 906.250 234.375
-882.812 -656.250 140.625 -171.875 703.125 632.812 -234.375 750.000 539.062 -39.062 867.188 328.125 0.000 906.250 234.375
-875.000 -601.562 156.250 -132.812 695.312 664.062 -195.312 773.438 570.312 -39.062 906.250 351.562 -39.062 937.500 250.000
-867.188 -460.938 171.875 -101.562 750.000 671.875 -164.062 812.500 593.750 15.625 945.312 367.188 46.875 992.188 281.250
-867.188 -460.938 171.875 -101.562 750.000 671.875 -164.062 812.500 593.750 15.625 945.312 367.188 46.875 992.188 281.250
-867.188 -460.938 171.875 -101.562 750.000 671.875 -164.062 812.500 593.750 15.625 945.312 367.188 46.875 992.188 281.250
-867.188 -460.938 171.875 -101.562 750.000 671.875 -164.062 812.500 593.750 15.625 945.312 367.188 46.875 992.188 281.250
-867.188 -460.938 171.875 -101.562 750.000 671.875 -164.062 812.500 593.750 15.625 945.312 367.188 46.875 992.188 281.250
-867.188 -414.062 132.812 -85.938 750.000 679.688 -156.250 828.125 593.750 15.625 953.125 359.375 62.500 992.188 281.250
-867.188 -414.062 132.812 -85.938 750.000 679.688 -156.250 828.125 593.750 15.625 953.125 359.375 62.500 992.188 281.250
-906.250 -406.250 93.750 -78.125 742.188 687.500 -148.438 820.312 585.938 46.875 953.125 367.188 101.562 992.188 296.875
-890.625 -398.438 132.812 -78.125 710.938 695.312 -140.625 820.312 609.375 70.312 968.750 367.188 117.188 1000.000 304.688
-890.625 -398.438 132.812 -78.125 710.938 695.312 -140.625 820.312 609.375 70.312 968.750 367.188 117.188 1000.000 304.688
-914.062 -367.188 93.750 -101.562 750.000 664.062 -210.938 851.562 554.688 -31.250 968.750 343.750 7.812 1007.812 242.188
-914.062 -367.188 93.750 -101.562 750.000 664.062 -210.938 851.562 554.688 -31.250 968.750 343.750 7.812 1007.812 242.188
-914.062 -367.188 93.750 -101.562 750.000 664.062 -210.938 851.562 554.688 -31.250 968.750 343.750 7.812 1007.812 242.188
-914.062 -367.188 93.750 -101.562 750.000 664.062 -210.938 851.562 554.688 -31.250 968.750 343.750 7.812 1007.812 242.188
-914.062 -367.188 93.750 -101.562 750.000 664.062 -210.938 851.562 554.688 -31.250 968.750 343.750 7.812 1007.812 242.188
-898.438 -460.938 148.438 -117.188 757.812 656.250 -195.312 812.500 570.312 -23.438 945.312 351.562 7.812 976.562 265.625
-898.438 -484.375 164.062 -132.812 734.375 664.062 -203.125 789.062 593.750 -15.625 929.688 367.188 15.625 960.938 257.812
-906.250 -507.812 187.500 -140.625 695.312 687.500 -210.938 781.250 593.750 -15.625 914.062 367.188 15.625 953.125 257.812
-906.250 -531.250 187.500 -125.000 687.500 695.312 -195.312 773.438 593.750 -15.625 921.875 367.188 7.812 945.312 257.812
-882.812 -531.250 179.688 -117.188 679.688 703.125 -187.500 781.250 593.750 -15.625 921.875 367.188 15.625 953.125 273.438
-875.000 -539.062 203.125 -101.562 687.500 703.125 -195.312 781.250 593.750 -7.812 929.688 367.188 31.250 968.750 289.062
-859.375 -507.812 187.500 -101.562 734.375 671.875 -187.500 804.688 578.125 -15.625 953.125 359.375 15.625 984.375 281.250
-859.375 -507.812 187.500 -101.562 734.375 671.875 -187.500 804.688 578.125 -15.625 953.125 359.375 15.625 984.375 281.250
-890.625 -437.500 164.062 -93.750 687.500 703.125 -156.250 789.062 593.750 23.438 937.500 367.188 54.688 976.562 289.062
-890.625 -437.500 164.062 -93.750 687.500 703.125 -156.250 789.062 593.750 23.438 937.500 367.188 54.688 976.562 289.062
-890.625 -437.500 164.062 -93.750 687.500 703.125 -156.250 789.062 593.750 23.438 937.500 367.188 54.688 976.562 289.062
-898.438 -445.312 164.062 -101.562 671.875 703.125 -179.688 765.625 593.750 7.812 921.875 375.000 46.875 953.125 289.062
-898.438 -445.312 164.062 -101.562 671.875 703.125 -179.688 765.625 593.750 7.812 921.875 375.000 46.875 953.125 289.062
-882.812 -437.500 179.688 -109.375 671.875 695.312 -187.500 750.000 585.938 -23.438 898.438 359.375 15.625 937.500 265.625
-875.000 -429.688 179.688 -109.375 656.250 687.500 -187.500 757.812 585.938 -23.438 906.250 359.375 -7.812 945.312 265.625
-875.000 -429.688 179.688 -109.375 656.250 687.500 -187.500 757.812 585.938 -23.438 906.250 359.375 -7.812 945.312 265.625
-875.000 -445.312 156.250 -148.438 718.750 664.062 -203.125 765.625 585.938 -23.438 898.438 359.375 -23.438 937.500 257.812
-875.000 -445.312 156.250 -148.438 718.750 664.062 -203.125 765.625 585.938 -23.438 898.438 359.375 -23.438 937.500 257.812
-898.438 -437.500 125.000 -117.188 710.938 671.875 -195.312 781.250 585.938 -15.625 914.062 367.188 0.000 945.312 265.625
-882.812 -421.875 156.250 -93.750 687.500 695.312 -164.062 765.625 609.375 39.062 914.062 375.000 85.938 945.312 296.875
-882.812 -421.875 156.250 -93.750 687.500 695.312 -164.062 765.625 609.375 39.062 914.062 375.000 85.938 945.312 296.875
-882.812 -421.875 156.250 -93.750 687.500 695.312 -164.062 765.625 609.375 39.062 914.062 375.000 85.938 945.312 296.875
-882.812 -421.875 156.250 -93.750 687.500 695.312 -164.062 765.625 609.375 39.062 914.062 375.000 85.938 945.312 296.875
-882.812 -421.875 156.250 -93.750 687.500 695.312 -164.062 765.625 609.375 39.062 914.062 375.000 85.938 945.312 296.875
-875.000 -421.875 164.062 -101.562 695.312 695.312 -164.062 773.438 609.375 39.062 929.688 382.812 93.750 968.750 304.688
-859.375 -414.062 171.875 -93.750 703.125 687.500 -156.250 781.250 601.562 39.062 929.688 367.188 62.500 976.562 296.875
-859.375 -406.250 171.875 -85.938 710.938 687.500 -156.250 789.062 601.562 23.438 937.500 375.000 39.062 968.750 289.062
-867.188 -375.000 140.625 -85.938 703.125 679.688 -148.438 789.062 601.562 31.250 929.688 375.000 54.688 976.562 296.875
-867.188 -375.000 140.625 -85.938 703.125 679.688 -148.438 789.062 601.562 31.250 929.688 375.000 54.688 976.562 296.875
-890.625 -382.812 109.375 -85.938 710.938 695.312 -148.438 789.062 609.375 39.062 921.875 367.188 46.875 960.938 289.062
-906.250 -406.250 117.188 -85.938 695.312 687.500 -156.250 781.250 601.562 23.438 929.688 375.000 54.688 976.562 281.250
-906.250 -406.250 117.188 -85.938 695.312 687.500 -156.250 781.250 601.562 23.438 929.688 375.000 54.688 976.562 281.250
-890.625 -468.750 148.438 -85.938 648.438 710.938 -195.312 757.812 585.938 -46.875 898.438 351.562 -39.062 937.500 250.000
-890.625 -468.750 148.438 -85.938 648.438 710.938 -195.312 757.812 585.938 -46.875 898.438 351.562 -39.062 937.500 250.000
-890.625 -468.750 148.438 -85.938 648.438 710.938 -195.312 757.812 585.938 -46.875 898.438 351.562 -39.062 937.500 250.000
-882.812 -500.000 156.250 -101.562 671.875 703.125 -203.125 742.188 578.125 -39.062 906.250 351.562 -39.062 937.500 250.000
-882.812 -500.000 156.250 -101.562 671.875 703.125 -203.125 742.188 578.125 -39.062 906.250 351.562 -39.062 937.500 250.000
-882.812 -484.375 132.812 -148.438 687.500 656.250 -210.938 750.000 585.938 -15.625 882.812 375.000 -7.812 929.688 273.438
-898.438 -445.312 117.188 -140.625 687.500 664.062 -203.125 757.812 585.938 -23.438 898.438 382.812 7.812 929.688 289.062
-898.438 -445.312 117.188 -140.625 687.500 664.062 -203.125 757.812 585.938 -23.438 898.438 382.812 7.812 929.688 289.062
