-937.500 -304.688 -179.688 -500.000 -601.562 570.312 -351.562 -195.312 898.438 -31.250 -257.812 984.375 93.750 -54.688 1023.438
-929.688 -304.688 -187.500 -507.812 -609.375 578.125 -351.562 -203.125 906.250 -39.062 -265.625 984.375 85.938 -54.688 1023.438
-929.688 -304.688 -187.500 -507.812 -609.375 578.125 -351.562 -203.125 906.250 -39.062 -265.625 984.375 85.938 -54.688 1023.438
-945.312 -320.312 -203.125 -500.000 -601.562 578.125 -328.125 -210.938 906.250 -54.688 -257.812 976.562 15.625 -39.062 1015.625
-945.312 -320.312 -203.125 -500.000 -601.562 578.125 -328.125 -210.938 906.250 -54.688 -257.812 976.562 15.625 -39.062 1015.625
-937.500 -343.750 -187.500 -523.438 -617.188 578.125 -351.562 -210.938 898.438 -23.438 -273.438 976.562 78.125 -62.500 1023.438
-937.500 -343.750 -187.500 -523.438 -617.188 578.125 -351.562 -210.938 898.438 -23.438 -273.438 976.562 78.125 -62.500 1023.438
-937.500 -343.750 -187.500 -523.438 -617.188 578.125 -351.562 -210.938 898.438 -23.438 -273.438 976.562 78.125 -62.500 1023.438
-937.500 -343.750 -187.500 -523.438 -617.188 578.125 -351.562 -210.938 898.438 -23.438 -273.438 976.562 78.125 -62.500 1023.438
-937.500 -343.750 -187.500 -523.438 -617.188 578.125 -351.562 -210.938 898.438 -23.438 -273.438 976.562 78.125 -62.500 1023.438
-929.688 -273.438 -187.500 -507.812 -562.500 578.125 -328.125 -164.062 914.062 31.250 -218.750 1000.000 171.875 0.000 1046.875
-929.688 -273.438 -187.500 -507.812 -562.500 578.125 -328.125 -164.062 914.062 31.250 -218.750 1000.000 171.875 0.000 1046.875
-945.312 -281.250 -171.875 -476.562 -585.938 617.188 -281.250 -148.438 968.750 70.312 -218.750 1085.938 85.938 23.438 1140.625
-945.312 -281.250 -171.875 -476.562 -585.938 617.188 -281.250 -148.438 968.750 70.312 -218.750 1085.938 85.938 23.438 1140.625
-945.312 -281.250 -171.875 -476.562 -585.938 617.188 -281.250 -148.438 968.750 70.312 -218.750 1085.938 85.938 23.438 1140.625
-945.312 -281.250 -171.875 -476.562 -585.938 617.188 -281.250 -148.438 968.750 70.312 -218.750 1085.938 85.938 23.438 1140.625
-1007.812 -273.438 -210.938 -492.188 -687.500 625.000 -296.875 -242.188 937.500 -85.938 -203.125 1015.625 78.125 -15.625 1062.500
-960.938 -195.312 -148.438 -476.562 -656.250 593.750 -351.562 -210.938 945.312 -31.250 -210.938 1085.938 125.000 0.000 1195.312
-960.938 -195.312 -148.438 -476.562 -656.250 593.750 -351.562 -210.938 945.312 -31.250 -210.938 1085.938 125.000 0.000 1195.312
-898.438 -242.188 -132.812 -554.688 -664.062 593.750 -367.188 -156.250 960.938 15.625 -242.188 1117.188 125.000 -46.875 1164.062
-898.438 -242.188 -132.812 -554.688 -664.062 593.750 -367.188 -156.250 960.938 15.625 -242.188 1117.188 125.000 -46.875 1164.062
-929.688 -359.375 -156.250 -421.875 -765.625 523.438 -125.000 -210.938 718.750 15.625 -257.812 960.938 78.125 -39.062 1093.750
-929.688 -359.375 -156.250 -421.875 -765.625 523.438 -125.000 -210.938 718.750 15.625 -257.812 960.938 78.125 -39.062 1093.750
-812.500 -265.625 -164.062 -656.250 -343.750 570.312 -406.250 -242.188 953.125 -109.375 -320.312 945.312 7.812 -62.500 1007.812
-812.500 -265.625 -164.062 -656.250 -343.750 570.312 -406.250 -242.188 953.125 -109.375 -320.312 945.312 7.812 -62.500 1007.812
-804.688 -93.750 -156.250 -640.625 -257.812 593.750 -320.312 -312.500 945.312 -156.250 -234.375 875.000 -203.125 31.250 921.875
-804.688 -93.750 -156.250 -640.625 -257.812 593.750 -320.312 -312.500 945.312 -156.250 -234.375 875.000 -203.125 31.250 921.875
-804.688 -93.750 -156.250 -640.625 -257.812 593.750 -320.312 -312.500 945.312 -156.250 -234.375 875.000 -203.125 31.250 921.875
-523.438 -195.312 39.062 -414.062 -375.000 585.938 -296.875 -85.938 828.125 -101.562 -296.875 890.625 -203.125 15.625 898.438
-523.438 -195.312 39.062 -414.062 -375.000 585.938 -296.875 -85.938 828.125 -101.562 -296.875 890.625 -203.125 15.625 898.438
-390.625 -242.188 148.438 -390.625 -351.562 562.500 -375.000 -54.688 773.438 -132.812 -250.000 890.625 -148.438 23.438 960.938
-390.625 -242.188 148.438 -390.625 -351.562 562.500 -375.000 -54.688 773.438 -132.812 -250.000 890.625 -148.438 23.438 960.938
-460.938 -367.188 62.500 -367.188 -359.375 484.375 -460.938 -70.312 632.812 -242.188 -171.875 796.875 -93.750 70.312 929.688
-460.938 -367.188 62.500 -367.188 -359.375 484.375 -460.938 -70.312 632.812 -242.188 -171.875 796.875 -93.750 70.312 929.688
-70.312 -234.375 367.188 -437.500 -1359.375 898.438 -296.875 -492.188 765.625 -15.625 -320.312 750.000 70.312 -46.875 882.812
-70.312 -234.375 367.188 -437.500 -1359.375 898.438 -296.875 -492.188 765.625 -15.625 -320.312 750.000 70.312 -46.875 882.812
-70.312 -234.375 367.188 -437.500 -1359.375 898.438 -296.875 -492.188 765.625 -15.625 -320.312 750.000 70.312 -46.875 882.812
-70.312 -234.375 367.188 -437.500 -1359.375 898.438 -296.875 -492.188 765.625 -15.625 -320.312 750.000 70.312 -46.875 882.812
-70.312 -234.375 367.188 -437.500 -1359.375 898.438 -296.875 -492.188 765.625 -15.625 -320.312 750.000 70.312 -46.875 882.812
-1132.812 -500.000 -1296.875 -992.188 -39.062 296.875 -578.125 -156.250 750.000 -296.875 -539.062 1015.625 -406.250 -164.062 953.125
-1132.812 -500.000 -1296.875 -992.188 -39.062 296.875 -578.125 -156.250 750.000 -296.875 -539.062 1015.625 -406.250 -164.062 953.125
-1281.250 -789.062 -1609.375 -695.312 460.938 242.188 -710.938 -85.938 703.125 -562.500 -382.812 859.375 -742.188 117.188 1046.875
-1281.250 -789.062 -1609.375 -695.312 460.938 242.188 -710.938 -85.938 703.125 -562.500 -382.812 859.375 -742.188 117.188 1046.875
-1210.938 -476.562 -1640.625 -531.250 -257.812 359.375 -867.188 242.188 484.375 -976.562 171.875 1031.250 -171.875 671.875 1679.688
-1210.938 -476.562 -1640.625 -531.250 -257.812 359.375 -867.188 242.188 484.375 -976.562 171.875 1031.250 -171.875 671.875 1679.688
-992.188 -132.812 -1234.375 -414.062 -335.938 625.000 -757.812 -125.000 648.438 -562.500 -335.938 882.812 78.125 226.562 1351.562
-992.188 -132.812 -1234.375 -414.062 -335.938 625.000 -757.812 -125.000 648.438 -562.500 -335.938 882.812 78.125 226.562 1351.562
-992.188 -132.812 -1234.375 -414.062 -335.938 625.000 -757.812 -125.000 648.438 -562.500 -335.938 882.812 78.125 226.562 1351.562
-789.062 -15.625 -789.062 -335.938 -906.250 789.062 -609.375 -367.188 773.438 -421.875 476.562 1437.500 757.812 335.938 2929.688
-789.062 -15.625 -789.062 -335.938 -906.250 789.062 -609.375 -367.188 773.438 -421.875 476.562 1437.500 757.812 335.938 2929.688
-625.000 429.688 -687.500 -546.875 -929.688 765.625 -281.250 -382.812 1085.938 78.125 -773.438 945.312 -257.812 -382.812 593.750
-625.000 429.688 -687.500 -546.875 -929.688 765.625 -281.250 -382.812 1085.938 78.125 -773.438 945.312 -257.812 -382.812 593.750
-820.312 273.438 -968.750 -515.625 -578.125 757.812 -531.250 -507.812 1015.625 -148.438 -921.875 789.062 -273.438 -312.500 734.375
-820.312 273.438 -968.750 -515.625 -578.125 757.812 -531.250 -507.812 1015.625 -148.438 -921.875 789.062 -273.438 -312.500 734.375
-820.312 273.438 -968.750 -515.625 -578.125 757.812 -531.250 -507.812 1015.625 -148.438 -921.875 789.062 -273.438 -312.500 734.375
-851.562 23.438 -1109.375 -437.500 -781.250 664.062 -554.688 -421.875 765.625 -273.438 -750.000 656.250 -187.500 -273.438 796.875
-851.562 23.438 -1109.375 -437.500 -781.250 664.062 -554.688 -421.875 765.625 -273.438 -750.000 656.250 -187.500 -273.438 796.875
-765.625 -31.250 -1046.875 -531.250 -703.125 578.125 -546.875 -351.562 718.750 -265.625 -757.812 687.500 -226.562 -453.125 617.188
-765.625 -31.250 -1046.875 -531.250 -703.125 578.125 -546.875 -351.562 718.750 -265.625 -757.812 687.500 -226.562 -453.125 617.188
-562.500 -54.688 -890.625 -585.938 -492.188 500.000 -414.062 -406.250 757.812 -203.125 -718.750 679.688 -648.438 -304.688 -70.312
-562.500 -54.688 -890.625 -585.938 -492.188 500.000 -414.062 -406.250 757.812 -203.125 -718.750 679.688 -648.438 -304.688 -70.312
-492.188 7.812 -882.812 -257.812 -656.250 640.625 -218.750 -601.562 726.562 -296.875 -742.188 406.250 -1054.688 -242.188 -187.500
-492.188 7.812 -882.812 -257.812 -656.250 640.625 -218.750 -601.562 726.562 -296.875 -742.188 406.250 -1054.688 -242.188 -187.500
-539.062 -70.312 -976.562 -125.000 -812.500 742.188 -203.125 -625.000 750.000 -265.625 -843.750 265.625 -1054.688 -437.500 -70.312
-539.062 -70.312 -976.562 -125.000 -812.500 742.188 -203.125 -625.000 750.000 -265.625 -843.750 265.625 -1054.688 -437.500 -70.312
-539.062 -70.312 -976.562 -125.000 -812.500 742.188 -203.125 -625.000 750.000 -265.625 -843.750 265.625 -1054.688 -437.500 -70.312
-492.188 -398.438 -953.125 -117.188 -765.625 710.938 -218.750 -562.500 765.625 -210.938 -835.938 445.312 -1000.000 -382.812 125.000
-492.188 -398.438 -953.125 -117.188 -765.625 710.938 -218.750 -562.500 765.625 -210.938 -835.938 445.312 -1000.000 -382.812 125.000
-476.562 -414.062 -906.250 -226.562 -687.500 632.812 -179.688 -523.438 789.062 -117.188 -804.688 593.750 -882.812 -406.250 320.312
-476.562 -414.062 -906.250 -226.562 -687.500 632.812 -179.688 -523.438 789.062 -117.188 -804.688 593.750 -882.812 -406.250 320.312
-437.500 -375.000 -859.375 -226.562 -671.875 632.812 -203.125 -515.625 789.062 -85.938 -945.312 406.250 -765.625 -781.250 570.312
-437.500 -375.000 -859.375 -226.562 -671.875 632.812 -203.125 -515.625 789.062 -85.938 -945.312 406.250 -765.625 -781.250 570.312
-437.500 -375.000 -859.375 -226.562 -671.875 632.812 -203.125 -515.625 789.062 -85.938 -945.312 406.250 -765.625 -781.250 570.312
-406.250 -226.562 -890.625 -250.000 -593.750 648.438 -210.938 -382.812 843.750 -125.000 -703.125 757.812 -929.688 -203.125 406.250
-406.250 -226.562 -890.625 -250.000 -593.750 648.438 -210.938 -382.812 843.750 -125.000 -703.125 757.812 -929.688 -203.125 406.250
-429.688 -7.812 -890.625 -226.562 -601.562 687.500 -234.375 -453.125 835.938 -171.875 -671.875 718.750 -906.250 -179.688 460.938
-429.688 -7.812 -890.625 -226.562 -601.562 687.500 -234.375 -453.125 835.938 -171.875 -671.875 718.750 -906.250 -179.688 460.938
-437.500 -7.812 -898.438 -257.812 -632.812 679.688 -257.812 -468.750 820.312 -187.500 -687.500 718.750 -906.250 -156.250 460.938
-437.500 -7.812 -898.438 -257.812 -632.812 679.688 -257.812 -468.750 820.312 -187.500 -687.500 718.750 -906.250 -156.250 460.938
-414.062 -62.500 -906.250 -328.125 -617.188 679.688 -312.500 -468.750 820.312 -273.438 -718.750 695.312 -960.938 -187.500 328.125
-414.062 -62.500 -906.250 -328.125 -617.188 679.688 -312.500 -468.750 820.312 -273.438 -718.750 695.312 -960.938 -187.500 328.125
-414.062 -62.500 -906.250 -328.125 -617.188 679.688 -312.500 -468.750 820.312 -273.438 -718.750 695.312 -960.938 -187.500 328.125
-406.250 -39.062 -890.625 -328.125 -632.812 679.688 -320.312 -492.188 820.312 -289.062 -726.562 671.875 -960.938 -195.312 312.500
-406.250 -39.062 -890.625 -328.125 -632.812 679.688 -320.312 -492.188 820.312 -289.062 -726.562 671.875 -960.938 -195.312 312.500
-484.375 -179.688 -929.688 -414.062 -679.688 632.812 -351.562 -539.062 757.812 -296.875 -765.625 593.750 -929.688 -281.250 281.250
-484.375 -179.688 -929.688 -414.062 -679.688 632.812 -351.562 -539.062 757.812 -296.875 -765.625 593.750 -929.688 -281.250 281.250
-476.562 -195.312 -945.312 -414.062 -687.500 632.812 -359.375 -554.688 750.000 -296.875 -757.812 601.562 -914.062 -304.688 289.062
-476.562 -195.312 -945.312 -414.062 -687.500 632.812 -359.375 -554.688 750.000 -296.875 -757.812 601.562 -914.062 -304.688 289.062
-421.875 -210.938 -890.625 -406.250 -679.688 640.625 -367.188 -546.875 765.625 -296.875 -773.438 617.188 -906.250 -320.312 304.688
-421.875 -210.938 -890.625 -406.250 -679.688 640.625 -367.188 -546.875 765.625 -296.875 -773.438 617.188 -906.250 -320.312 304.688
-421.875 -210.938 -890.625 -406.250 -679.688 640.625 -367.188 -546.875 765.625 -296.875 -773.438 617.188 -906.250 -320.312 304.688
-414.062 -93.750 -875.000 -398.438 -671.875 656.250 -351.562 -507.812 781.250 -296.875 -750.000 625.000 -906.250 -296.875 281.250
-414.062 -93.750 -875.000 -398.438 -671.875 656.250 -351.562 -507.812 781.250 -296.875 -750.000 625.000 -906.250 -296.875 281.250
-460.938 15.625 -937.500 -367.188 -648.438 679.688 -335.938 -484.375 796.875 -281.250 -726.562 640.625 -906.250 -273.438 289.062
-460.938 15.625 -937.500 -367.188 -648.438 679.688 -335.938 -484.375 796.875 -281.250 -726.562 640.625 -906.250 -273.438 289.062
-453.125 132.812 -960.938 -382.812 -609.375 679.688 -351.562 -468.750 796.875 -273.438 -703.125 656.250 -914.062 -281.250 304.688
-453.125 132.812 -960.938 -382.812 -609.375 679.688 -351.562 -468.750 796.875 -273.438 -703.125 656.250 -914.062 -281.250 304.688
-460.938 218.750 -984.375 -406.250 -601.562 679.688 -382.812 -460.938 796.875 -281.250 -710.938 656.250 -921.875 -296.875 320.312
-460.938 218.750 -984.375 -406.250 -601.562 679.688 -382.812 -460.938 796.875 -281.250 -710.938 656.250 -921.875 -296.875 320.312
-453.125 218.750 -1007.812 -406.250 -609.375 734.375 -328.125 -460.938 859.375 -156.250 -726.562 687.500 -914.062 -296.875 390.625
-453.125 218.750 -1007.812 -406.250 -609.375 734.375 -328.125 -460.938 859.375 -156.250 -726.562 687.500 -914.062 -296.875 390.625
-453.125 218.750 -1007.812 -406.250 -609.375 734.375 -328.125 -460.938 859.375 -156.250 -726.562 687.500 -914.062 -296.875 390.625
-429.688 125.000 -992.188 -359.375 -640.625 765.625 -296.875 -406.250 937.500 -101.562 -750.000 781.250 -796.875 -375.000 382.812
-429.688 125.000 -992.188 -359.375 -640.625 765.625 -296.875 -406.250 937.500 -101.562 -750.000 781.250 -796.875 -375.000 382.812
-507.812 -117.188 -1101.562 -109.375 -671.875 898.438 -257.812 -265.625 1140.625 -85.938 -750.000 1070.312 -609.375 -203.125 757.812
-507.812 -117.188 -1101.562 -109.375 -671.875 898.438 -257.812 -265.625 1140.625 -85.938 -750.000 1070.312 -609.375 -203.125 757.812
-507.812 -117.188 -1101.562 -109.375 -671.875 898.438 -257.812 -265.625 1140.625 -85.938 -750.000 1070.312 -609.375 -203.125 757.812
-507.812 -257.812 -1156.250 -156.250 -734.375 875.000 -140.625 -210.938 1023.438 23.438 -679.688 1062.500 -718.750 -242.188 687.500
-507.812 -257.812 -1156.250 -156.250 -734.375 875.000 -140.625 -210.938 1023.438 23.438 -679.688 1062.500 -718.750 -242.188 687.500
-562.500 -304.688 -835.938 -828.125 -820.312 953.125 -1023.438 -687.500 1382.812 -539.062 -1281.250 1078.125 -859.375 -578.125 484.375
-562.500 -304.688 -835.938 -828.125 -820.312 953.125 -1023.438 -687.500 1382.812 -539.062 -1281.250 1078.125 -859.375 -578.125 484.375
0.000 -351.562 -562.500 250.000 -429.688 609.375 -70.312 -179.688 1046.875 132.812 -718.750 968.750 -773.438 -625.000 -23.438
0.000 -351.562 -562.500 250.000 -429.688 609.375 -70.312 -179.688 1046.875 132.812 -718.750 968.750 -773.438 -625.000 -23.438
-125.000 -382.812 -593.750 -429.688 -289.062 429.688 -570.312 -320.312 734.375 -226.562 -445.312 601.562 -804.688 -226.562 -62.500
-125.000 -382.812 -593.750 -429.688 -289.062 429.688 -570.312 -320.312 734.375 -226.562 -445.312 601.562 -804.688 -226.562 -62.500
-125.000 -382.812 -593.750 -429.688 -289.062 429.688 -570.312 -320.312 734.375 -226.562 -445.312 601.562 -804.688 -226.562 -62.500
-93.750 -546.875 -187.500 -914.062 -695.312 -7.812 -789.062 -164.062 367.188 140.625 85.938 1101.562 -742.188 15.625 445.312
-93.750 -546.875 -187.500 -914.062 -695.312 -7.812 -789.062 -164.062 367.188 140.625 85.938 1101.562 -742.188 15.625 445.312
-289.062 -375.000 -164.062 -757.812 -164.062 -156.250 -570.312 -656.250 195.312 -515.625 -515.625 -226.562 -914.062 15.625 921.875
-289.062 -375.000 -164.062 -757.812 -164.062 -156.250 -570.312 -656.250 195.312 -515.625 -515.625 -226.562 -914.062 15.625 921.875
-656.250 -335.938 -914.062 -968.750 -476.562 23.438 -539.062 -648.438 195.312 -1085.938 7.812 -484.375 -601.562 429.688 937.500
-656.250 -335.938 -914.062 -968.750 -476.562 23.438 -539.062 -648.438 195.312 -1085.938 7.812 -484.375 -601.562 429.688 937.500
-898.438 -539.062 -1210.938 -703.125 -796.875 296.875 -718.750 -445.312 265.625 -804.688 -359.375 250.000 -890.625 7.812 39.062
-898.438 -539.062 -1210.938 -703.125 -796.875 296.875 -718.750 -445.312 265.625 -804.688 -359.375 250.000 -890.625 7.812 39.062
-726.562 -296.875 -906.250 -687.500 -679.688 328.125 -687.500 -562.500 406.250 -890.625 -367.188 351.562 -1398.438 -101.562 -281.250
-726.562 -296.875 -906.250 -687.500 -679.688 328.125 -687.500 -562.500 406.250 -890.625 -367.188 351.562 -1398.438 -101.562 -281.250
-726.562 -296.875 -906.250 -687.500 -679.688 328.125 -687.500 -562.500 406.250 -890.625 -367.188 351.562 -1398.438 -101.562 -281.250
-648.438 -281.250 -835.938 -710.938 -671.875 320.312 -679.688 -546.875 429.688 -875.000 -437.500 312.500 -1289.062 -85.938 -289.062
-648.438 -281.250 -835.938 -710.938 -671.875 320.312 -679.688 -546.875 429.688 -875.000 -437.500 312.500 -1289.062 -85.938 -289.062
-562.500 -687.500 -773.438 -734.375 -695.312 281.250 -789.062 -546.875 250.000 -945.312 -273.438 93.750 -1070.312 -85.938 140.625
-562.500 -687.500 -773.438 -734.375 -695.312 281.250 -789.062 -546.875 250.000 -945.312 -273.438 93.750 -1070.312 -85.938 140.625
-460.938 -656.250 -632.812 -734.375 -750.000 210.938 -851.562 -492.188 234.375 -1023.438 -203.125 148.438 -1101.562 -148.438 203.125
-460.938 -656.250 -632.812 -734.375 -750.000 210.938 -851.562 -492.188 234.375 -1023.438 -203.125 148.438 -1101.562 -148.438 203.125
-445.312 -406.250 -523.438 -664.062 -570.312 281.250 -828.125 -421.875 289.062 -1023.438 -171.875 171.875 -1085.938 -156.250 156.250
-445.312 -406.250 -523.438 -664.062 -570.312 281.250 -828.125 -421.875 289.062 -1023.438 -171.875 171.875 -1085.938 -156.250 156.250
-445.312 -406.250 -523.438 -664.062 -570.312 281.250 -828.125 -421.875 289.062 -1023.438 -171.875 171.875 -1085.938 -156.250 156.250
-585.938 -257.812 -679.688 -679.688 -500.000 281.250 -828.125 -312.500 281.250 -1023.438 -85.938 164.062 -1046.875 -46.875 226.562
-585.938 -257.812 -679.688 -679.688 -500.000 281.250 -828.125 -312.500 281.250 -1023.438 -85.938 164.062 -1046.875 -46.875 226.562
-679.688 -85.938 -773.438 -710.938 -398.438 242.188 -812.500 -281.250 265.625 -968.750 -15.625 148.438 -1000.000 31.250 210.938
-679.688 -85.938 -773.438 -710.938 -398.438 242.188 -812.500 -281.250 265.625 -968.750 -15.625 148.438 -1000.000 31.250 210.938
-625.000 -203.125 -671.875 -789.062 -429.688 164.062 -859.375 -281.250 234.375 -992.188 -70.312 218.750 -968.750 0.000 304.688
-625.000 -203.125 -671.875 -789.062 -429.688 164.062 -859.375 -281.250 234.375 -992.188 -70.312 218.750 -968.750 0.000 304.688
-617.188 -195.312 -679.688 -820.312 -476.562 148.438 -890.625 -304.688 203.125 -1031.250 -78.125 195.312 -1023.438 -39.062 359.375
-617.188 -195.312 -679.688 -820.312 -476.562 148.438 -890.625 -304.688 203.125 -1031.250 -78.125 195.312 -1023.438 -39.062 359.375
-617.188 -195.312 -679.688 -820.312 -476.562 148.438 -890.625 -304.688 203.125 -1031.250 -78.125 195.312 -1023.438 -39.062 359.375
-617.188 -195.312 -679.688 -820.312 -476.562 148.438 -890.625 -304.688 203.125 -1031.250 -78.125 195.312 -1023.438 -39.062 359.375
-617.188 -195.312 -679.688 -820.312 -476.562 148.438 -890.625 -304.688 203.125 -1031.250 -78.125 195.312 -1023.438 -39.062 359.375
-632.812 -554.688 -726.562 -750.000 -671.875 265.625 -789.062 -484.375 359.375 -921.875 -304.688 273.438 -796.875 -218.750 421.875
-632.812 -554.688 -726.562 -750.000 -671.875 265.625 -789.062 -484.375 359.375 -921.875 -304.688 273.438 -796.875 -218.750 421.875
-632.812 -414.062 -781.250 -757.812 -695.312 289.062 -867.188 -507.812 335.938 -1007.812 -312.500 242.188 -992.188 -257.812 296.875
-632.812 -414.062 -781.250 -757.812 -695.312 289.062 -867.188 -507.812 335.938 -1007.812 -312.500 242.188 -992.188 -257.812 296.875
-757.812 -437.500 -992.188 -695.312 -703.125 359.375 -812.500 -468.750 343.750 -1000.000 -281.250 210.938 -1031.250 -164.062 203.125
-757.812 -437.500 -992.188 -695.312 -703.125 359.375 -812.500 -468.750 343.750 -1000.000 -281.250 210.938 -1031.250 -164.062 203.125
-757.812 -437.500 -992.188 -695.312 -703.125 359.375 -812.500 -468.750 343.750 -1000.000 -281.250 210.938 -1031.250 -164.062 203.125
-750.000 -460.938 -984.375 -656.250 -710.938 390.625 -812.500 -468.750 359.375 -1000.000 -281.250 218.750 -1000.000 -148.438 257.812
-750.000 -460.938 -984.375 -656.250 -710.938 390.625 -812.500 -468.750 359.375 -1000.000 -281.250 218.750 -1000.000 -148.438 257.812
-679.688 -328.125 -976.562 -718.750 -671.875 414.062 -859.375 -476.562 359.375 -1093.750 -335.938 218.750 -1031.250 -250.000 304.688
-679.688 -328.125 -976.562 -718.750 -671.875 414.062 -859.375 -476.562 359.375 -1093.750 -335.938 218.750 -1031.250 -250.000 304.688
-718.750 -578.125 -1109.375 -757.812 -742.188 335.938 -804.688 -406.250 109.375 -1023.438 -187.500 31.250 -1023.438 -109.375 296.875
-718.750 -578.125 -1109.375 -757.812 -742.188 335.938 -804.688 -406.250 109.375 -1023.438 -187.500 31.250 -1023.438 -109.375 296.875
-640.625 -726.562 -1062.500 -757.812 -625.000 257.812 -656.250 -312.500 101.562 -851.562 0.000 78.125 -867.188 -117.188 335.938
-640.625 -726.562 -1062.500 -757.812 -625.000 257.812 -656.250 -312.500 101.562 -851.562 0.000 78.125 -867.188 -117.188 335.938
-640.625 -726.562 -1062.500 -757.812 -625.000 257.812 -656.250 -312.500 101.562 -851.562 0.000 78.125 -867.188 -117.188 335.938
-554.688 -687.500 -804.688 -546.875 -250.000 296.875 -242.188 -390.625 515.625 -523.438 -359.375 242.188 -890.625 -140.625 31.250
-554.688 -687.500 -804.688 -546.875 -250.000 296.875 -242.188 -390.625 515.625 -523.438 -359.375 242.188 -890.625 -140.625 31.250
-578.125 -570.312 -796.875 -406.250 -250.000 351.562 -265.625 -187.500 679.688 -406.250 -437.500 328.125 -218.750 -320.312 -195.312
-578.125 -570.312 -796.875 -406.250 -250.000 351.562 -265.625 -187.500 679.688 -406.250 -437.500 328.125 -218.750 -320.312 -195.312
-593.750 -492.188 -757.812 -382.812 -171.875 367.188 -125.000 -335.938 578.125 -187.500 -140.625 304.688 101.562 -132.812 -273.438
-593.750 -492.188 -757.812 -382.812 -171.875 367.188 -125.000 -335.938 578.125 -187.500 -140.625 304.688 101.562 -132.812 -273.438
-609.375 -312.500 -664.062 -359.375 -195.312 406.250 109.375 -273.438 726.562 257.812 -289.062 93.750 1023.438 257.812 117.188
-609.375 -312.500 -664.062 -359.375 -195.312 406.250 109.375 -273.438 726.562 257.812 -289.062 93.750 1023.438 257.812 117.188
-609.375 -312.500 -664.062 -359.375 -195.312 406.250 109.375 -273.438 726.562 257.812 -289.062 93.750 1023.438 257.812 117.188
-593.750 -476.562 -664.062 -218.750 -445.312 421.875 -179.688 140.625 812.500 164.062 -85.938 929.688 578.125 546.875 1296.875
-593.750 -476.562 -664.062 -218.750 -445.312 421.875 -179.688 140.625 812.500 164.062 -85.938 929.688 578.125 546.875 1296.875
-93.750 -367.188 335.938 -382.812 -601.562 960.938 -476.562 156.250 1960.938 242.188 -46.875 2640.625 796.875 492.188 3195.312
-93.750 -367.188 335.938 -382.812 -601.562 960.938 -476.562 156.250 1960.938 242.188 -46.875 2640.625 796.875 492.188 3195.312
-156.250 132.812 406.250 -937.500 -1289.062 875.000 -960.938 -421.875 1226.562 -15.625 -62.500 1882.812 781.250 -390.625 1945.312
-156.250 132.812 406.250 -937.500 -1289.062 875.000 -960.938 -421.875 1226.562 -15.625 -62.500 1882.812 781.250 -390.625 1945.312
-710.938 445.312 -70.312 -1218.750 -1007.812 578.125 -929.688 -687.500 812.500 -539.062 -507.812 898.438 -93.750 -210.938 1015.625
-710.938 445.312 -70.312 -1218.750 -1007.812 578.125 -929.688 -687.500 812.500 -539.062 -507.812 898.438 -93.750 -210.938 1015.625
-710.938 445.312 -70.312 -1218.750 -1007.812 578.125 -929.688 -687.500 812.500 -539.062 -507.812 898.438 -93.750 -210.938 1015.625
-781.250 15.625 -335.938 -601.562 -796.875 671.875 -570.312 -398.438 1023.438 -250.000 -414.062 1187.500 109.375 -171.875 1312.500
-781.250 15.625 -335.938 -601.562 -796.875 671.875 -570.312 -398.438 1023.438 -250.000 -414.062 1187.500 109.375 -171.875 1312.500
-671.875 -23.438 -296.875 -460.938 -875.000 695.312 -460.938 -453.125 1015.625 -156.250 -335.938 1148.438 125.000 -125.000 1304.688
-671.875 -23.438 -296.875 -460.938 -875.000 695.312 -460.938 -453.125 1015.625 -156.250 -335.938 1148.438 125.000 -125.000 1304.688
-867.188 -132.812 -460.938 -343.750 -687.500 570.312 -304.688 -359.375 843.750 -195.312 -382.812 882.812 -54.688 -140.625 929.688
-867.188 -132.812 -460.938 -343.750 -687.500 570.312 -304.688 -359.375 843.750 -195.312 -382.812 882.812 -54.688 -140.625 929.688
-718.750 -78.125 -375.000 -195.312 -703.125 648.438 -203.125 -289.062 890.625 -54.688 -218.750 976.562 125.000 -7.812 1070.312
-718.750 -78.125 -375.000 -195.312 -703.125 648.438 -203.125 -289.062 890.625 -54.688 -218.750 976.562 125.000 -7.812 1070.312
-851.562 -156.250 -453.125 23.438 -335.938 890.625 -23.438 -132.812 921.875 15.625 -54.688 890.625 148.438 54.688 1031.250
-851.562 -156.250 -453.125 23.438 -335.938 890.625 -23.438 -132.812 921.875 15.625 -54.688 890.625 148.438 54.688 1031.250
-851.562 -156.250 -453.125 23.438 -335.938 890.625 -23.438 -132.812 921.875 15.625 -54.688 890.625 148.438 54.688 1031.250
-968.750 -85.938 -445.312 -85.938 -515.625 640.625 -54.688 -171.875 914.062 101.562 -203.125 992.188 382.812 39.062 1007.812
-968.750 -85.938 -445.312 -85.938 -515.625 640.625 -54.688 -171.875 914.062 101.562 -203.125 992.188 382.812 39.062 1007.812
-968.750 -85.938 -445.312 -85.938 -515.625 640.625 -54.688 -171.875 914.062 101.562 -203.125 992.188 382.812 39.062 1007.812
-703.125 -85.938 -437.500 -171.875 -648.438 679.688 -109.375 -187.500 929.688 132.812 -156.250 1007.812 296.875 46.875 1062.500
-882.812 -148.438 -460.938 -343.750 -734.375 640.625 -250.000 -328.125 906.250 -15.625 -296.875 976.562 234.375 -70.312 1031.250
-882.812 -148.438 -460.938 -343.750 -734.375 640.625 -250.000 -328.125 906.250 -15.625 -296.875 976.562 234.375 -70.312 1031.250
-882.812 -148.438 -460.938 -343.750 -734.375 640.625 -250.000 -328.125 906.250 -15.625 -296.875 976.562 234.375 -70.312 1031.250
-859.375 -156.250 -445.312 -343.750 -726.562 632.812 -273.438 -335.938 906.250 -31.250 -320.312 968.750 187.500 -85.938 1007.812
-859.375 -156.250 -445.312 -343.750 -726.562 632.812 -273.438 -335.938 906.250 -31.250 -320.312 968.750 187.500 -85.938 1007.812
-851.562 -210.938 -445.312 -359.375 -734.375 625.000 -296.875 -335.938 882.812 -78.125 -320.312 945.312 125.000 -85.938 984.375
-851.562 -210.938 -445.312 -359.375 -734.375 625.000 -296.875 -335.938 882.812 -78.125 -320.312 945.312 125.000 -85.938 984.375
-812.500 -195.312 -375.000 -476.562 -750.000 617.188 -414.062 -398.438 843.750 -226.562 -382.812 890.625 -15.625 -125.000 929.688
-812.500 -195.312 -375.000 -476.562 -750.000 617.188 -414.062 -398.438 843.750 -226.562 -382.812 890.625 -15.625 -125.000 929.688
-828.125 -156.250 -382.812 -484.375 -703.125 625.000 -414.062 -335.938 875.000 -179.688 -335.938 960.938 62.500 -101.562 1007.812
-828.125 -156.250 -382.812 -484.375 -703.125 625.000 -414.062 -335.938 875.000 -179.688 -335.938 960.938 62.500 -101.562 1007.812
-828.125 -156.250 -382.812 -484.375 -703.125 625.000 -414.062 -335.938 875.000 -179.688 -335.938 960.938 62.500 -101.562 1007.812
-835.938 -210.938 -398.438 -382.812 -664.062 640.625 -312.500 -281.250 890.625 -85.938 -273.438 968.750 140.625 -31.250 1007.812
-835.938 -210.938 -398.438 -382.812 -664.062 640.625 -312.500 -281.250 890.625 -85.938 -273.438 968.750 140.625 -31.250 1007.812
-828.125 -226.562 -406.250 -335.938 -648.438 640.625 -281.250 -250.000 898.438 -54.688 -242.188 976.562 156.250 -7.812 1023.438
-828.125 -226.562 -406.250 -335.938 -648.438 640.625 -281.250 -250.000 898.438 -54.688 -242.188 976.562 156.250 -7.812 1023.438
-828.125 -132.812 -460.938 -296.875 -570.312 640.625 -250.000 -195.312 898.438 -23.438 -203.125 976.562 171.875 31.250 1015.625
-828.125 -132.812 -460.938 -296.875 -570.312 640.625 -250.000 -195.312 898.438 -23.438 -203.125 976.562 171.875 31.250 1015.625
-890.625 -226.562 -453.125 -242.188 -617.188 664.062 -171.875 -218.750 906.250 78.125 -187.500 976.562 296.875 31.250 1000.000
-890.625 -226.562 -453.125 -242.188 -617.188 664.062 -171.875 -218.750 906.250 78.125 -187.500 976.562 296.875 31.250 1000.000
-875.000 -250.000 -476.562 -210.938 -609.375 671.875 -148.438 -203.125 945.312 85.938 -195.312 1007.812 296.875 39.062 1023.438
-875.000 -250.000 -476.562 -210.938 -609.375 671.875 -148.438 -203.125 945.312 85.938 -195.312 1007.812 296.875 39.062 1023.438
-875.000 -250.000 -476.562 -210.938 -609.375 671.875 -148.438 -203.125 945.312 85.938 -195.312 1007.812 296.875 39.062 1023.438
-843.750 -328.125 -476.562 -171.875 -656.250 695.312 -132.812 -218.750 945.312 85.938 -195.312 1000.000 265.625 23.438 1015.625
-843.750 -328.125 -476.562 -171.875 -656.250 695.312 -132.812 -218.750 945.312 85.938 -195.312 1000.000 265.625 23.438 1015.625
-859.375 -281.250 -515.625 -179.688 -640.625 695.312 -109.375 -210.938 968.750 117.188 -203.125 1015.625 320.312 39.062 1023.438
-859.375 -281.250 -515.625 -179.688 -640.625 695.312 -109.375 -210.938 968.750 117.188 -203.125 1015.625 320.312 39.062 1023.438
-898.438 -148.438 -578.125 -179.688 -625.000 695.312 -109.375 -203.125 984.375 148.438 -210.938 1031.250 328.125 39.062 1015.625
-898.438 -148.438 -578.125 -179.688 -625.000 695.312 -109.375 -203.125 984.375 148.438 -210.938 1031.250 328.125 39.062 1015.625
-828.125 -273.438 -500.000 -273.438 -710.938 703.125 -203.125 -281.250 960.938 23.438 -273.438 1007.812 234.375 -23.438 1023.438
-828.125 -273.438 -500.000 -273.438 -710.938 703.125 -203.125 -281.250 960.938 23.438 -273.438 1007.812 234.375 -23.438 1023.438
-828.125 -273.438 -500.000 -273.438 -710.938 703.125 -203.125 -281.250 960.938 23.438 -273.438 1007.812 234.375 -23.438 1023.438
-828.125 -273.438 -500.000 -273.438 -710.938 703.125 -203.125 -281.250 960.938 23.438 -273.438 1007.812 234.375 -23.438 1023.438
-828.125 -273.438 -500.000 -273.438 -710.938 703.125 -203.125 -281.250 960.938 23.438 -273.438 1007.812 234.375 -23.438 1023.438
-828.125 -312.500 -507.812 -250.000 -742.188 695.312 -195.312 -296.875 968.750 39.062 -273.438 1015.625 242.188 -15.625 1023.438
-828.125 -312.500 -507.812 -250.000 -742.188 695.312 -195.312 -296.875 968.750 39.062 -273.438 1015.625 242.188 -15.625 1023.438
-859.375 -296.875 -523.438 -250.000 -718.750 695.312 -179.688 -296.875 953.125 54.688 -257.812 984.375 257.812 -15.625 1015.625
-859.375 -296.875 -523.438 -250.000 -718.750 695.312 -179.688 -296.875 953.125 54.688 -257.812 984.375 257.812 -15.625 1015.625
-859.375 -296.875 -523.438 -250.000 -718.750 695.312 -179.688 -296.875 953.125 54.688 -257.812 984.375 257.812 -15.625 1015.625
-843.750 -296.875 -523.438 -250.000 -710.938 687.500 -187.500 -289.062 945.312 54.688 -250.000 992.188 257.812 -7.812 992.188
-843.750 -296.875 -523.438 -250.000 -710.938 687.500 -187.500 -289.062 945.312 54.688 -250.000 992.188 257.812 -7.812 992.188
-835.938 -304.688 -500.000 -265.625 -695.312 695.312 -210.938 -273.438 945.312 23.438 -250.000 1000.000 226.562 -7.812 1023.438
-835.938 -304.688 -500.000 -265.625 -695.312 695.312 -210.938 -273.438 945.312 23.438 -250.000 1000.000 226.562 -7.812 1023.438
-820.312 -304.688 -476.562 -265.625 -671.875 664.062 -218.750 -265.625 906.250 -7.812 -234.375 968.750 203.125 -7.812 1007.812
-820.312 -304.688 -476.562 -265.625 -671.875 664.062 -218.750 -265.625 906.250 -7.812 -234.375 968.750 203.125 -7.812 1007.812
-820.312 -304.688 -476.562 -265.625 -671.875 664.062 -218.750 -265.625 906.250 -7.812 -234.375 968.750 203.125 -7.812 1007.812
-820.312 -304.688 -476.562 -265.625 -671.875 664.062 -218.750 -265.625 906.250 -7.812 -234.375 968.750 203.125 -7.812 1007.812
-867.188 -117.188 -523.438 -289.062 -617.188 656.250 -210.938 -242.188 937.500 31.250 -257.812 992.188 210.938 -7.812 992.188
-867.188 -117.188 -523.438 -289.062 -617.188 656.250 -210.938 -242.188 937.500 31.250 -257.812 992.188 210.938 -7.812 992.188
-867.188 -117.188 -523.438 -289.062 -617.188 656.250 -210.938 -242.188 937.500 31.250 -257.812 992.188 210.938 -7.812 992.188
-851.562 -203.125 -476.562 -320.312 -664.062 640.625 -250.000 -273.438 914.062 7.812 -257.812 976.562 250.000 -23.438 1000.000
-851.562 -203.125 -476.562 -320.312 -664.062 640.625 -250.000 -273.438 914.062 7.812 -257.812 976.562 250.000 -23.438 1000.000
-828.125 -234.375 -460.938 -312.500 -671.875 640.625 -257.812 -273.438 914.062 -31.250 -281.250 976.562 164.062 -23.438 1000.000
-828.125 -234.375 -460.938 -312.500 -671.875 640.625 -257.812 -273.438 914.062 -31.250 -281.250 976.562 164.062 -23.438 1000.000
-820.312 -250.000 -460.938 -296.875 -687.500 656.250 -242.188 -281.250 906.250 -31.250 -273.438 968.750 156.250 -31.250 1007.812
-820.312 -250.000 -460.938 -296.875 -687.500 656.250 -242.188 -281.250 906.250 -31.250 -273.438 968.750 156.250 -31.250 1007.812
-820.312 -250.000 -460.938 -296.875 -687.500 656.250 -242.188 -281.250 906.250 -31.250 -273.438 968.750 156.250 -31.250 1007.812
-867.188 -187.500 -484.375 -296.875 -632.812 632.812 -195.312 -265.625 906.250 39.062 -242.188 968.750 289.062 7.812 1007.812
-867.188 -187.500 -484.375 -296.875 -632.812 632.812 -195.312 -265.625 906.250 39.062 -242.188 968.750 289.062 7.812 1007.812
-875.000 -195.312 -484.375 -320.312 -625.000 617.188 -226.562 -265.625 882.812 31.250 -242.188 968.750 273.438 7.812 1007.812
-875.000 -195.312 -484.375 -320.312 -625.000 617.188 -226.562 -265.625 882.812 31.250 -242.188 968.750 273.438 7.812 1007.812
-828.125 -117.188 -468.750 -343.750 -617.188 625.000 -257.812 -257.812 875.000 -15.625 -250.000 953.125 218.750 -15.625 976.562
-828.125 -117.188 -468.750 -343.750 -617.188 625.000 -257.812 -257.812 875.000 -15.625 -250.000 953.125 218.750 -15.625 976.562
-820.312 -210.938 -460.938 -343.750 -671.875 632.812 -281.250 -296.875 890.625 -39.062 -296.875 960.938 179.688 -46.875 992.188
-820.312 -210.938 -460.938 -343.750 -671.875 632.812 -281.250 -296.875 890.625 -39.062 -296.875 960.938 179.688 -46.875 992.188
-820.312 -250.000 -453.125 -304.688 -687.500 640.625 -257.812 -304.688 890.625 -46.875 -289.062 953.125 140.625 -54.688 976.562
-820.312 -250.000 -453.125 -304.688 -687.500 640.625 -257.812 -304.688 890.625 -46.875 -289.062 953.125 140.625 -54.688 976.562
-820.312 -250.000 -453.125 -304.688 -687.500 640.625 -257.812 -304.688 890.625 -46.875 -289.062 953.125 140.625 -54.688 976.562
-835.938 -234.375 -460.938 -296.875 -687.500 648.438 -226.562 -296.875 921.875 -15.625 -289.062 953.125 171.875 -39.062 1000.000
-835.938 -234.375 -460.938 -296.875 -687.500 648.438 -226.562 -296.875 921.875 -15.625 -289.062 953.125 171.875 -39.062 1000.000
-835.938 -250.000 -468.750 -289.062 -687.500 648.438 -226.562 -289.062 906.250 0.000 -289.062 960.938 195.312 -39.062 1000.000
-835.938 -250.000 -468.750 -289.062 -687.500 648.438 -226.562 -289.062 906.250 0.000 -289.062 960.938 195.312 -39.062 1000.000
-828.125 -257.812 -453.125 -289.062 -679.688 656.250 -234.375 -281.250 914.062 -15.625 -273.438 968.750 179.688 -23.438 1000.000
-828.125 -257.812 -453.125 -289.062 -679.688 656.250 -234.375 -281.250 914.062 -15.625 -273.438 968.750 179.688 -23.438 1000.000
-828.125 -257.812 -453.125 -289.062 -679.688 656.250 -234.375 -281.250 914.062 -15.625 -273.438 968.750 179.688 -23.438 1000.000
-843.750 -234.375 -476.562 -320.312 -640.625 632.812 -242.188 -273.438 875.000 -15.625 -250.000 937.500 179.688 -7.812 976.562
-843.750 -234.375 -476.562 -320.312 -640.625 632.812 -242.188 -273.438 875.000 -15.625 -250.000 937.500 179.688 -7.812 976.562
-851.562 -156.250 -476.562 -335.938 -601.562 632.812 -242.188 -242.188 890.625 7.812 -250.000 968.750 242.188 0.000 984.375
-851.562 -156.250 -476.562 -335.938 -601.562 632.812 -242.188 -242.188 890.625 7.812 -250.000 968.750 242.188 0.000 984.375
-835.938 -179.688 -468.750 -312.500 -601.562 640.625 -226.562 -234.375 906.250 23.438 -218.750 984.375 273.438 23.438 1000.000
-835.938 -179.688 -468.750 -312.500 -601.562 640.625 -226.562 -234.375 906.250 23.438 -218.750 984.375 273.438 23.438 1000.000
-828.125 -234.375 -468.750 -296.875 -632.812 656.250 -226.562 -234.375 906.250 7.812 -242.188 960.938 226.562 0.000 1000.000
-828.125 -234.375 -468.750 -296.875 -632.812 656.250 -226.562 -234.375 906.250 7.812 -242.188 960.938 226.562 0.000 1000.000
-828.125 -234.375 -468.750 -296.875 -632.812 656.250 -226.562 -234.375 906.250 7.812 -242.188 960.938 226.562 0.000 1000.000
-828.125 -257.812 -476.562 -281.250 -648.438 656.250 -218.750 -250.000 914.062 0.000 -250.000 976.562 210.938 7.812 1000.000
-828.125 -257.812 -476.562 -281.250 -648.438 656.250 -218.750 -250.000 914.062 0.000 -250.000 976.562 210.938 7.812 1000.000
-828.125 -281.250 -484.375 -257.812 -695.312 671.875 -203.125 -281.250 921.875 15.625 -265.625 976.562 210.938 -23.438 1007.812
-828.125 -281.250 -484.375 -257.812 -695.312 671.875 -203.125 -281.250 921.875 15.625 -265.625 976.562 210.938 -23.438 1007.812
-828.125 -304.688 -492.188 -234.375 -703.125 679.688 -187.500 -289.062 937.500 23.438 -273.438 976.562 203.125 -23.438 1000.000
-828.125 -304.688 -492.188 -234.375 -703.125 679.688 -187.500 -289.062 937.500 23.438 -273.438 976.562 203.125 -23.438 1000.000
-820.312 -328.125 -492.188 -250.000 -703.125 687.500 -187.500 -273.438 937.500 31.250 -265.625 984.375 226.562 -7.812 1000.000
-820.312 -328.125 -492.188 -250.000 -703.125 687.500 -187.500 -273.438 937.500 31.250 -265.625 984.375 226.562 -7.812 1000.000
-875.000 -117.188 -539.062 -289.062 -617.188 671.875 -195.312 -242.188 929.688 39.062 -250.000 976.562 242.188 7.812 976.562
-875.000 -117.188 -539.062 -289.062 -617.188 671.875 -195.312 -242.188 929.688 39.062 -250.000 976.562 242.188 7.812 976.562
-875.000 -117.188 -539.062 -289.062 -617.188 671.875 -195.312 -242.188 929.688 39.062 -250.000 976.562 242.188 7.812 976.562
-875.000 -179.688 -507.812 -296.875 -632.812 679.688 -195.312 -234.375 945.312 62.500 -218.750 1015.625 304.688 31.250 1015.625
-875.000 -179.688 -507.812 -296.875 -632.812 679.688 -195.312 -234.375 945.312 62.500 -218.750 1015.625 304.688 31.250 1015.625
-828.125 -250.000 -476.562 -273.438 -632.812 679.688 -210.938 -218.750 937.500 15.625 -226.562 1000.000 242.188 31.250 1015.625
-828.125 -250.000 -476.562 -273.438 -632.812 679.688 -210.938 -218.750 937.500 15.625 -226.562 1000.000 242.188 31.250 1015.625
-820.312 -289.062 -484.375 -257.812 -632.812 687.500 -203.125 -226.562 945.312 23.438 -226.562 1000.000 250.000 23.438 1015.625
-820.312 -289.062 -484.375 -257.812 -632.812 687.500 -203.125 -226.562 945.312 23.438 -226.562 1000.000 250.000 23.438 1015.625
-820.312 -289.062 -484.375 -257.812 -632.812 687.500 -203.125 -226.562 945.312 23.438 -226.562 1000.000 250.000 23.438 1015.625
-835.938 -312.500 -492.188 -242.188 -695.312 703.125 -195.312 -265.625 953.125 31.250 -250.000 992.188 226.562 -7.812 992.188
-835.938 -312.500 -492.188 -242.188 -695.312 703.125 -195.312 -265.625 953.125 31.250 -250.000 992.188 226.562 -7.812 992.188
-835.938 -343.750 -492.188 -226.562 -695.312 695.312 -179.688 -265.625 945.312 23.438 -250.000 992.188 210.938 0.000 1007.812
-835.938 -343.750 -492.188 -226.562 -695.312 695.312 -179.688 -265.625 945.312 23.438 -250.000 992.188 210.938 0.000 1007.812
-820.312 -335.938 -484.375 -242.188 -687.500 695.312 -195.312 -257.812 937.500 15.625 -242.188 984.375 210.938 7.812 1000.000
-820.312 -335.938 -484.375 -242.188 -687.500 695.312 -195.312 -257.812 937.500 15.625 -242.188 984.375 210.938 7.812 1000.000
-828.125 -335.938 -484.375 -250.000 -687.500 687.500 -203.125 -257.812 929.688 7.812 -242.188 968.750 195.312 0.000 992.188
-828.125 -335.938 -484.375 -250.000 -687.500 687.500 -203.125 -257.812 929.688 7.812 -242.188 968.750 195.312 0.000 992.188
-828.125 -335.938 -484.375 -250.000 -687.500 687.500 -203.125 -257.812 929.688 7.812 -242.188 968.750 195.312 0.000 992.188
-835.938 -226.562 -476.562 -304.688 -617.188 664.062 -210.938 -218.750 914.062 31.250 -210.938 984.375 250.000 23.438 1000.000
-835.938 -226.562 -476.562 -304.688 -617.188 664.062 -210.938 -218.750 914.062 31.250 -210.938 984.375 250.000 23.438 1000.000
-835.938 -226.562 -476.562 -304.688 -617.188 664.062 -210.938 -218.750 914.062 31.250 -210.938 984.375 250.000 23.438 1000.000
-835.938 -226.562 -476.562 -304.688 -617.188 664.062 -210.938 -218.750 914.062 31.250 -210.938 984.375 250.000 23.438 1000.000
-820.312 -218.750 -468.750 -296.875 -609.375 664.062 -226.562 -226.562 906.250 0.000 -218.750 968.750 226.562 23.438 1000.000
-820.312 -218.750 -468.750 -296.875 -609.375 664.062 -226.562 -226.562 906.250 0.000 -218.750 968.750 226.562 23.438 1000.000
