-562.500 -367.188 -453.125 -195.312 -671.875 726.562 -171.875 -328.125 867.188 70.312 -125.000 1000.000 195.312 -31.250 1085.938
-546.875 -218.750 -484.375 -203.125 -625.000 726.562 -46.875 -453.125 929.688 62.500 -171.875 1039.062 179.688 -23.438 1085.938
-546.875 -226.562 -562.500 -93.750 -742.188 828.125 -7.812 -437.500 1000.000 195.312 -226.562 1070.312 234.375 -101.562 1078.125
-546.875 -226.562 -562.500 -93.750 -742.188 828.125 -7.812 -437.500 1000.000 195.312 -226.562 1070.312 234.375 -101.562 1078.125
-554.688 -554.688 -640.625 -117.188 -820.312 859.375 -54.688 -515.625 1000.000 46.875 -289.062 1062.500 132.812 -187.500 1046.875
-570.312 -601.562 -648.438 -218.750 -921.875 765.625 -140.625 -539.062 984.375 -54.688 -367.188 1039.062 31.250 -226.562 992.188
-570.312 -601.562 -648.438 -218.750 -921.875 765.625 -140.625 -539.062 984.375 -54.688 -367.188 1039.062 31.250 -226.562 992.188
-546.875 -671.875 -781.250 -437.500 -1062.500 617.188 -421.875 -585.938 718.750 -250.000 -437.500 875.000 -156.250 -289.062 945.312
-546.875 -671.875 -781.250 -437.500 -1062.500 617.188 -421.875 -585.938 718.750 -250.000 -437.500 875.000 -156.250 -289.062 945.312
-585.938 -734.375 -812.500 -539.062 -898.438 695.312 -203.125 -929.688 851.562 -250.000 -507.812 828.125 -304.688 -273.438 828.125
-562.500 -648.438 -921.875 -398.438 -1046.875 710.938 -304.688 -671.875 835.938 -289.062 -546.875 820.312 -289.062 -296.875 703.125
-562.500 -648.438 -921.875 -398.438 -1046.875 710.938 -304.688 -671.875 835.938 -289.062 -546.875 820.312 -289.062 -296.875 703.125
-468.750 -679.688 -867.188 -398.438 -968.750 679.688 -328.125 -648.438 820.312 -273.438 -421.875 828.125 -132.812 -257.812 796.875
-468.750 -679.688 -867.188 -398.438 -968.750 679.688 -328.125 -648.438 820.312 -273.438 -421.875 828.125 -132.812 -257.812 796.875
-468.750 -703.125 -882.812 -484.375 -890.625 640.625 -335.938 -640.625 812.500 -234.375 -335.938 820.312 -195.312 -140.625 835.938
-507.812 -664.062 -953.125 -570.312 -750.000 531.250 -289.062 -523.438 789.062 -140.625 -281.250 843.750 -31.250 -70.312 859.375
-507.812 -664.062 -953.125 -570.312 -750.000 531.250 -289.062 -523.438 789.062 -140.625 -281.250 843.750 -31.250 -70.312 859.375
-507.812 -632.812 -976.562 -593.750 -664.062 507.812 -273.438 -375.000 820.312 39.062 -250.000 835.938 46.875 15.625 828.125
-492.188 -632.812 -1039.062 -585.938 -546.875 492.188 -273.438 -343.750 789.062 -39.062 -140.625 898.438 101.562 0.000 875.000
-492.188 -632.812 -1039.062 -585.938 -546.875 492.188 -273.438 -343.750 789.062 -39.062 -140.625 898.438 101.562 0.000 875.000
-476.562 -562.500 -1078.125 -476.562 -531.250 593.750 -210.938 -179.688 820.312 39.062 7.812 921.875 125.000 164.062 937.500
-476.562 -562.500 -1078.125 -476.562 -531.250 593.750 -210.938 -179.688 820.312 39.062 7.812 921.875 125.000 164.062 937.500
-453.125 -492.188 -1093.750 -421.875 -500.000 640.625 -156.250 -140.625 859.375 85.938 62.500 960.938 210.938 242.188 984.375
-476.562 -562.500 -1109.375 -390.625 -398.438 703.125 -109.375 -54.688 921.875 125.000 78.125 1000.000 218.750 242.188 945.312
-476.562 -562.500 -1109.375 -390.625 -398.438 703.125 -109.375 -54.688 921.875 125.000 78.125 1000.000 218.750 242.188 945.312
-468.750 -625.000 -1101.562 -375.000 -375.000 726.562 -93.750 -7.812 937.500 132.812 70.312 1000.000 203.125 242.188 929.688
-468.750 -687.500 -1085.938 -390.625 -351.562 710.938 -15.625 62.500 945.312 195.312 140.625 984.375 250.000 320.312 929.688
-468.750 -687.500 -1085.938 -390.625 -351.562 710.938 -15.625 62.500 945.312 195.312 140.625 984.375 250.000 320.312 929.688
-398.438 -765.625 -1031.250 -406.250 -359.375 726.562 -62.500 125.000 898.438 195.312 210.938 953.125 250.000 390.625 906.250
-398.438 -765.625 -1031.250 -406.250 -359.375 726.562 -62.500 125.000 898.438 195.312 210.938 953.125 250.000 390.625 906.250
-367.188 -828.125 -953.125 -351.562 -273.438 804.688 -46.875 117.188 914.062 164.062 210.938 929.688 226.562 382.812 875.000
-281.250 -851.562 -835.938 -242.188 -203.125 882.812 -39.062 132.812 945.312 117.188 242.188 914.062 171.875 437.500 843.750
-281.250 -851.562 -835.938 -242.188 -203.125 882.812 -39.062 132.812 945.312 117.188 242.188 914.062 171.875 437.500 843.750
-273.438 -820.312 -812.500 -250.000 -195.312 890.625 -46.875 125.000 945.312 109.375 281.250 914.062 109.375 484.375 828.125
-304.688 -859.375 -828.125 -304.688 -250.000 867.188 -85.938 171.875 960.938 39.062 296.875 914.062 125.000 515.625 828.125
-304.688 -859.375 -828.125 -304.688 -250.000 867.188 -85.938 171.875 960.938 39.062 296.875 914.062 125.000 515.625 828.125
-304.688 -1023.438 -796.875 -390.625 -242.188 843.750 -117.188 179.688 921.875 39.062 320.312 882.812 78.125 539.062 796.875
-304.688 -1023.438 -796.875 -390.625 -242.188 843.750 -117.188 179.688 921.875 39.062 320.312 882.812 78.125 539.062 796.875
-289.062 -1062.500 -757.812 -382.812 -218.750 851.562 -140.625 164.062 898.438 31.250 328.125 875.000 23.438 546.875 757.812
-226.562 -1101.562 -742.188 -335.938 -273.438 828.125 -164.062 195.312 851.562 0.000 367.188 828.125 85.938 585.938 718.750
-226.562 -1101.562 -742.188 -335.938 -273.438 828.125 -164.062 195.312 851.562 0.000 367.188 828.125 85.938 585.938 718.750
-234.375 -1093.750 -765.625 -367.188 -250.000 835.938 -171.875 203.125 843.750 -7.812 406.250 812.500 54.688 617.188 703.125
-234.375 -1093.750 -765.625 -367.188 -250.000 835.938 -171.875 203.125 843.750 -7.812 406.250 812.500 54.688 617.188 703.125
-234.375 -1000.000 -765.625 -328.125 -203.125 820.312 -179.688 257.812 828.125 -23.438 476.562 789.062 46.875 703.125 679.688
-257.812 -953.125 -796.875 -375.000 -164.062 781.250 -203.125 289.062 789.062 -46.875 546.875 765.625 -15.625 773.438 640.625
-257.812 -953.125 -796.875 -375.000 -164.062 781.250 -203.125 289.062 789.062 -46.875 546.875 765.625 -15.625 773.438 640.625
-281.250 -960.938 -804.688 -421.875 -140.625 765.625 -242.188 289.062 789.062 -85.938 554.688 742.188 -46.875 781.250 601.562
-281.250 -945.312 -789.062 -445.312 -78.125 710.938 -281.250 351.562 742.188 -117.188 546.875 726.562 -93.750 789.062 546.875
-281.250 -945.312 -789.062 -445.312 -78.125 710.938 -281.250 351.562 742.188 -117.188 546.875 726.562 -93.750 789.062 546.875
-304.688 -898.438 -773.438 -460.938 -23.438 687.500 -312.500 359.375 734.375 -140.625 539.062 710.938 -156.250 804.688 515.625
-304.688 -898.438 -773.438 -460.938 -23.438 687.500 -312.500 359.375 734.375 -140.625 539.062 710.938 -156.250 804.688 515.625
-312.500 -789.062 -773.438 -484.375 15.625 609.375 -328.125 390.625 679.688 -179.688 593.750 671.875 -109.375 882.812 492.188
-343.750 -789.062 -718.750 -523.438 101.562 539.062 -398.438 445.312 609.375 -203.125 656.250 640.625 -85.938 921.875 492.188
-343.750 -789.062 -718.750 -523.438 101.562 539.062 -398.438 445.312 609.375 -203.125 656.250 640.625 -85.938 921.875 492.188
-359.375 -750.000 -687.500 -507.812 132.812 500.000 -390.625 492.188 570.312 -195.312 703.125 617.188 -46.875 976.562 492.188
-351.562 -531.250 -539.062 -554.688 320.312 437.500 -429.688 562.500 531.250 -179.688 781.250 617.188 46.875 1031.250 539.062
-351.562 -531.250 -539.062 -554.688 320.312 437.500 -429.688 562.500 531.250 -179.688 781.250 617.188 46.875 1031.250 539.062
-320.312 -421.875 -437.500 -578.125 390.625 390.625 -453.125 625.000 515.625 -179.688 804.688 625.000 46.875 1023.438 531.250
-320.312 -421.875 -437.500 -578.125 390.625 390.625 -453.125 625.000 515.625 -179.688 804.688 625.000 46.875 1023.438 531.250
-382.812 -421.875 -429.688 -648.438 421.875 382.812 -500.000 632.812 500.000 -242.188 789.062 609.375 -7.812 1015.625 484.375
-515.625 -406.250 -507.812 -617.188 421.875 414.062 -492.188 609.375 492.188 -257.812 773.438 554.688 31.250 1007.812 421.875
-515.625 -406.250 -507.812 -617.188 421.875 414.062 -492.188 609.375 492.188 -257.812 773.438 554.688 31.250 1007.812 421.875
-578.125 -351.562 -515.625 -609.375 437.500 429.688 -484.375 617.188 476.562 -218.750 765.625 531.250 132.812 976.562 421.875
-687.500 -320.312 -484.375 -570.312 437.500 421.875 -390.625 601.562 468.750 -54.688 757.812 554.688 226.562 921.875 429.688
-687.500 -320.312 -484.375 -570.312 437.500 421.875 -390.625 601.562 468.750 -54.688 757.812 554.688 226.562 921.875 429.688
-703.125 -359.375 -445.312 -554.688 445.312 398.438 -343.750 625.000 484.375 -7.812 750.000 570.312 218.750 914.062 421.875
-703.125 -359.375 -445.312 -554.688 445.312 398.438 -343.750 625.000 484.375 -7.812 750.000 570.312 218.750 914.062 421.875
-695.312 -382.812 -359.375 -515.625 562.500 398.438 -296.875 695.312 515.625 -39.062 781.250 609.375 203.125 960.938 468.750
-671.875 -367.188 -273.438 -406.250 734.375 398.438 -281.250 835.938 492.188 -39.062 898.438 632.812 218.750 1023.438 546.875
-671.875 -367.188 -273.438 -406.250 734.375 398.438 -281.250 835.938 492.188 -39.062 898.438 632.812 218.750 1023.438 546.875
-656.250 -328.125 -226.562 -375.000 781.250 421.875 -289.062 898.438 476.562 -54.688 937.500 625.000 171.875 1039.062 570.312
-664.062 -242.188 -164.062 -343.750 945.312 390.625 -257.812 1000.000 460.938 -78.125 968.750 593.750 148.438 1062.500 531.250
-664.062 -242.188 -164.062 -343.750 945.312 390.625 -257.812 1000.000 460.938 -78.125 968.750 593.750 148.438 1062.500 531.250
-710.938 -226.562 -156.250 -312.500 945.312 429.688 -242.188 992.188 460.938 -31.250 992.188 593.750 210.938 1078.125 523.438
-710.938 -226.562 -156.250 -312.500 945.312 429.688 -242.188 992.188 460.938 -31.250 992.188 593.750 210.938 1078.125 523.438
-757.812 -273.438 -78.125 -281.250 875.000 515.625 -242.188 953.125 476.562 -54.688 953.125 570.312 125.000 1039.062 484.375
-710.938 -429.688 62.500 -289.062 890.625 507.812 -242.188 960.938 484.375 -101.562 945.312 562.500 70.312 1031.250 460.938
-710.938 -429.688 62.500 -289.062 890.625 507.812 -242.188 960.938 484.375 -101.562 945.312 562.500 70.312 1031.250 460.938
-703.125 -460.938 93.750 -281.250 929.688 515.625 -250.000 953.125 476.562 -85.938 953.125 546.875 78.125 1039.062 453.125
-742.188 -453.125 117.188 -242.188 921.875 562.500 -265.625 968.750 468.750 -132.812 976.562 531.250 31.250 1046.875 445.312
-742.188 -453.125 117.188 -242.188 921.875 562.500 -265.625 968.750 468.750 -132.812 976.562 531.250 31.250 1046.875 445.312
-734.375 -437.500 109.375 -250.000 898.438 570.312 -281.250 976.562 468.750 -164.062 976.562 523.438 0.000 1054.688 429.688
-734.375 -437.500 109.375 -250.000 898.438 570.312 -281.250 976.562 468.750 -164.062 976.562 523.438 0.000 1054.688 429.688
-796.875 -429.688 78.125 -250.000 867.188 578.125 -273.438 960.938 468.750 -171.875 984.375 500.000 -23.438 1046.875 414.062
-820.312 -492.188 70.312 -257.812 898.438 601.562 -289.062 945.312 468.750 -164.062 968.750 500.000 -15.625 1039.062 406.250
-820.312 -492.188 70.312 -257.812 898.438 601.562 -289.062 945.312 468.750 -164.062 968.750 500.000 -15.625 1039.062 406.250
-812.500 -500.000 78.125 -242.188 867.188 609.375 -296.875 945.312 460.938 -171.875 968.750 500.000 -15.625 1023.438 414.062
-804.688 -507.812 85.938 -265.625 867.188 601.562 -289.062 953.125 468.750 -179.688 960.938 515.625 -46.875 1023.438 421.875
-812.500 -531.250 93.750 -257.812 851.562 609.375 -289.062 937.500 476.562 -187.500 960.938 515.625 -70.312 1015.625 414.062
-812.500 -531.250 101.562 -250.000 812.500 625.000 -304.688 921.875 492.188 -203.125 937.500 507.812 -70.312 1007.812 406.250
-812.500 -531.250 101.562 -250.000 812.500 625.000 -304.688 921.875 492.188 -203.125 937.500 507.812 -70.312 1007.812 406.250
-773.438 -539.062 156.250 -312.500 796.875 578.125 -328.125 890.625 468.750 -234.375 898.438 476.562 -125.000 960.938 367.188
-789.062 -593.750 164.062 -375.000 796.875 523.438 -359.375 867.188 437.500 -289.062 859.375 437.500 -210.938 945.312 312.500
-789.062 -593.750 164.062 -375.000 796.875 523.438 -359.375 867.188 437.500 -289.062 859.375 437.500 -210.938 945.312 312.500
-781.250 -617.188 210.938 -351.562 750.000 554.688 -382.812 867.188 421.875 -320.312 875.000 421.875 -210.938 960.938 312.500
-781.250 -617.188 210.938 -351.562 750.000 554.688 -382.812 867.188 421.875 -320.312 875.000 421.875 -210.938 960.938 312.500
-757.812 -671.875 273.438 -343.750 750.000 593.750 -406.250 843.750 398.438 -359.375 882.812 390.625 -242.188 960.938 296.875
-757.812 -679.688 304.688 -335.938 796.875 585.938 -414.062 843.750 398.438 -367.188 875.000 390.625 -273.438 945.312 296.875
-757.812 -679.688 304.688 -335.938 796.875 585.938 -414.062 843.750 398.438 -367.188 875.000 390.625 -273.438 945.312 296.875
-742.188 -617.188 335.938 -343.750 843.750 531.250 -398.438 890.625 398.438 -351.562 906.250 406.250 -265.625 968.750 312.500
-781.250 -570.312 296.875 -359.375 820.312 531.250 -421.875 906.250 398.438 -351.562 914.062 414.062 -218.750 976.562 328.125
-781.250 -570.312 296.875 -359.375 820.312 531.250 -421.875 906.250 398.438 -351.562 914.062 414.062 -218.750 976.562 328.125
-796.875 -570.312 273.438 -351.562 820.312 554.688 -414.062 890.625 398.438 -343.750 914.062 421.875 -195.312 984.375 335.938
-796.875 -570.312 273.438 -351.562 820.312 554.688 -414.062 890.625 398.438 -343.750 914.062 421.875 -195.312 984.375 335.938
-820.312 -500.000 226.562 -328.125 804.688 562.500 -398.438 882.812 406.250 -328.125 914.062 414.062 -203.125 976.562 335.938
-820.312 -445.312 226.562 -328.125 804.688 554.688 -390.625 890.625 414.062 -328.125 914.062 421.875 -226.562 984.375 320.312
-820.312 -445.312 226.562 -328.125 804.688 554.688 -390.625 890.625 414.062 -328.125 914.062 421.875 -226.562 984.375 320.312
-820.312 -476.562 234.375 -312.500 773.438 570.312 -375.000 875.000 414.062 -335.938 906.250 406.250 -234.375 960.938 320.312
-820.312 -476.562 234.375 -312.500 773.438 570.312 -375.000 875.000 414.062 -335.938 906.250 406.250 -234.375 960.938 320.312
-835.938 -507.812 210.938 -328.125 796.875 546.875 -398.438 859.375 398.438 -343.750 882.812 406.250 -226.562 945.312 320.312
-835.938 -476.562 210.938 -343.750 828.125 531.250 -406.250 859.375 390.625 -328.125 882.812 406.250 -210.938 945.312 320.312
-835.938 -476.562 210.938 -343.750 828.125 531.250 -406.250 859.375 390.625 -328.125 882.812 406.250 -210.938 945.312 320.312
-835.938 -437.500 218.750 -335.938 789.062 546.875 -406.250 843.750 406.250 -351.562 875.000 398.438 -242.188 945.312 312.500
-835.938 -468.750 210.938 -343.750 781.250 546.875 -406.250 835.938 406.250 -351.562 859.375 398.438 -281.250 929.688 304.688
-835.938 -468.750 210.938 -343.750 781.250 546.875 -406.250 835.938 406.250 -351.562 859.375 398.438 -281.250 929.688 304.688
-835.938 -507.812 195.312 -328.125 750.000 570.312 -398.438 820.312 414.062 -359.375 851.562 390.625 -281.250 921.875 304.688
-835.938 -507.812 195.312 -328.125 750.000 570.312 -398.438 820.312 414.062 -359.375 851.562 390.625 -281.250 921.875 304.688
-812.500 -578.125 250.000 -351.562 812.500 515.625 -406.250 835.938 398.438 -351.562 843.750 406.250 -257.812 921.875 320.312
-789.062 -601.562 281.250 -335.938 828.125 515.625 -406.250 851.562 398.438 -351.562 851.562 406.250 -265.625 914.062 320.312
-789.062 -601.562 281.250 -335.938 828.125 515.625 -406.250 851.562 398.438 -351.562 851.562 406.250 -265.625 914.062 320.312
-796.875 -562.500 257.812 -351.562 820.312 515.625 -414.062 859.375 398.438 -375.000 859.375 398.438 -257.812 929.688 328.125
-804.688 -500.000 250.000 -351.562 804.688 523.438 -421.875 851.562 398.438 -351.562 867.188 398.438 -250.000 929.688 320.312
-804.688 -500.000 250.000 -351.562 804.688 523.438 -421.875 851.562 398.438 -351.562 867.188 398.438 -250.000 929.688 320.312
-812.500 -453.125 234.375 -335.938 765.625 562.500 -421.875 828.125 414.062 -367.188 851.562 414.062 -257.812 921.875 320.312
-812.500 -453.125 234.375 -335.938 765.625 562.500 -421.875 828.125 414.062 -367.188 851.562 414.062 -257.812 921.875 320.312
-804.688 -507.812 250.000 -343.750 742.188 578.125 -406.250 804.688 429.688 -367.188 835.938 414.062 -257.812 906.250 328.125
-812.500 -515.625 242.188 -351.562 750.000 570.312 -421.875 812.500 429.688 -351.562 835.938 429.688 -234.375 906.250 335.938
-812.500 -515.625 242.188 -351.562 750.000 570.312 -421.875 812.500 429.688 -351.562 835.938 429.688 -234.375 906.250 335.938
-812.500 -515.625 210.938 -351.562 773.438 554.688 -398.438 804.688 421.875 -328.125 835.938 421.875 -234.375 914.062 335.938
-812.500 -500.000 210.938 -351.562 765.625 562.500 -398.438 820.312 437.500 -335.938 835.938 421.875 -242.188 906.250 328.125
-812.500 -500.000 210.938 -351.562 765.625 562.500 -398.438 820.312 437.500 -335.938 835.938 421.875 -242.188 906.250 328.125
-812.500 -460.938 195.312 -328.125 742.188 593.750 -406.250 812.500 437.500 -328.125 859.375 429.688 -187.500 929.688 351.562
-812.500 -460.938 195.312 -328.125 742.188 593.750 -406.250 812.500 437.500 -328.125 859.375 429.688 -187.500 929.688 351.562
-828.125 -406.250 164.062 -328.125 726.562 578.125 -367.188 835.938 460.938 -257.812 890.625 492.188 -117.188 968.750 421.875
-820.312 -382.812 171.875 -343.750 734.375 554.688 -359.375 867.188 468.750 -234.375 890.625 515.625 -101.562 960.938 437.500
-820.312 -382.812 171.875 -343.750 734.375 554.688 -359.375 867.188 468.750 -234.375 890.625 515.625 -101.562 960.938 437.500
-843.750 -414.062 156.250 -351.562 718.750 554.688 -343.750 867.188 492.188 -195.312 921.875 570.312 -15.625 1000.000 484.375
-859.375 -406.250 148.438 -296.875 742.188 585.938 -296.875 882.812 570.312 -85.938 968.750 671.875 109.375 1054.688 593.750
-859.375 -406.250 148.438 -296.875 742.188 585.938 -296.875 882.812 570.312 -85.938 968.750 671.875 109.375 1054.688 593.750
-851.562 -289.062 93.750 -312.500 812.500 617.188 -132.812 1000.000 679.688 70.312 1007.812 835.938 257.812 1054.688 757.812
-851.562 -289.062 93.750 -312.500 812.500 617.188 -132.812 1000.000 679.688 70.312 1007.812 835.938 257.812 1054.688 757.812
-859.375 -156.250 62.500 -328.125 984.375 593.750 -125.000 1117.188 757.812 210.938 1000.000 906.250 437.500 1101.562 773.438
-875.000 -109.375 23.438 -257.812 1000.000 601.562 -109.375 1156.250 804.688 281.250 1039.062 937.500 515.625 1156.250 757.812
-875.000 -109.375 23.438 -257.812 1000.000 601.562 -109.375 1156.250 804.688 281.250 1039.062 937.500 515.625 1156.250 757.812
-1000.000 195.312 -78.125 -187.500 1101.562 679.688 -54.688 1203.125 843.750 382.812 1148.438 937.500 617.188 1281.250 750.000
-960.938 328.125 -93.750 -187.500 1140.625 734.375 -85.938 1304.688 835.938 484.375 1296.875 1000.000 625.000 1359.375 757.812
-960.938 328.125 -93.750 -187.500 1140.625 734.375 -85.938 1304.688 835.938 484.375 1296.875 1000.000 625.000 1359.375 757.812
-898.438 468.750 -218.750 -218.750 1062.500 468.750 -335.938 1671.875 445.312 640.625 1710.938 820.312 1085.938 1664.062 1015.625
-898.438 468.750 -218.750 -218.750 1062.500 468.750 -335.938 1671.875 445.312 640.625 1710.938 820.312 1085.938 1664.062 1015.625
-531.250 359.375 -62.500 -609.375 1335.938 515.625 -554.688 1437.500 617.188 132.812 2117.188 617.188 882.812 1843.750 804.688
-476.562 328.125 -23.438 -593.750 1359.375 585.938 -335.938 1296.875 835.938 46.875 2039.062 570.312 664.062 2125.000 640.625
-476.562 328.125 -23.438 -593.750 1359.375 585.938 -335.938 1296.875 835.938 46.875 2039.062 570.312 664.062 2125.000 640.625
-429.688 281.250 -242.188 -187.500 804.688 554.688 -203.125 1296.875 734.375 164.062 1914.062 515.625 710.938 2320.312 281.250
-437.500 304.688 -460.938 -265.625 710.938 484.375 -218.750 1343.750 656.250 625.000 2156.250 523.438 664.062 2445.312 312.500
-437.500 304.688 -460.938 -265.625 710.938 484.375 -218.750 1343.750 656.250 625.000 2156.250 523.438 664.062 2445.312 312.500
-539.062 226.562 -953.125 -453.125 1085.938 281.250 -203.125 1367.188 593.750 601.562 2289.062 273.438 1046.875 2648.438 320.312
-539.062 226.562 -953.125 -453.125 1085.938 281.250 -203.125 1367.188 593.750 601.562 2289.062 273.438 1046.875 2648.438 320.312
-476.562 -226.562 -1281.250 -593.750 1429.688 -296.875 -210.938 1375.000 476.562 562.500 1851.562 -265.625 1289.062 2148.438 -62.500
-460.938 -539.062 -1421.875 -812.500 1289.062 -570.312 -242.188 1421.875 296.875 257.812 1804.688 -289.062 1468.750 2398.438 -164.062
-460.938 -539.062 -1421.875 -812.500 1289.062 -570.312 -242.188 1421.875 296.875 257.812 1804.688 -289.062 1468.750 2398.438 -164.062
-476.562 -914.062 -1835.938 -757.812 265.625 -296.875 -343.750 1406.250 62.500 546.875 1078.125 -531.250 1890.625 2351.562 -953.125
-640.625 -1250.000 -2125.000 -1070.312 -39.062 -406.250 -492.188 1601.562 -85.938 882.812 671.875 -617.188 1585.938 1523.438 -1328.125
-640.625 -1250.000 -2125.000 -1070.312 -39.062 -406.250 -492.188 1601.562 -85.938 882.812 671.875 -617.188 1585.938 1523.438 -1328.125
-406.250 -1992.188 -2101.562 -835.938 -757.812 -390.625 -320.312 796.875 -648.438 578.125 1609.375 -554.688 -390.625 2351.562 -1914.062
-406.250 -1992.188 -2101.562 -835.938 -757.812 -390.625 -320.312 796.875 -648.438 578.125 1609.375 -554.688 -390.625 2351.562 -1914.062
-343.750 -2210.938 -1859.375 -703.125 -960.938 203.125 -460.938 687.500 -406.250 -890.625 1804.688 -1476.562 -929.688 906.250 -1703.125
-375.000 -2140.625 -1765.625 -390.625 -875.000 554.688 -703.125 437.500 -507.812 -1617.188 648.438 -1570.312 -453.125 1406.250 -1117.188
-375.000 -2140.625 -1765.625 -390.625 -875.000 554.688 -703.125 437.500 -507.812 -1617.188 648.438 -1570.312 -453.125 1406.250 -1117.188
-85.938 -2015.625 -1351.562 -179.688 -632.812 1046.875 -875.000 -289.062 -265.625 -625.000 734.375 -1148.438 -453.125 1164.062 -992.188
109.375 -2125.000 -1039.062 -226.562 -382.812 976.562 -742.188 -62.500 -85.938 -828.125 468.750 -710.938 -554.688 640.625 -1117.188
109.375 -2125.000 -1039.062 -226.562 -382.812 976.562 -742.188 -62.500 -85.938 -828.125 468.750 -710.938 -554.688 640.625 -1117.188
218.750 -2351.562 -437.500 -640.625 -406.250 507.812 -789.062 0.000 70.312 -796.875 -54.688 -312.500 -789.062 0.000 -789.062
218.750 -2351.562 -437.500 -640.625 -406.250 507.812 -789.062 0.000 70.312 -796.875 -54.688 -312.500 -789.062 0.000 -789.062
117.188 -2000.000 -125.000 -953.125 -664.062 234.375 -796.875 -382.812 -140.625 -929.688 -70.312 -367.188 -718.750 156.250 -335.938
70.312 -1812.500 -54.688 -937.500 -773.438 234.375 -953.125 -453.125 -296.875 -984.375 -117.188 -406.250 -765.625 -15.625 -367.188
70.312 -1812.500 -54.688 -937.500 -773.438 234.375 -953.125 -453.125 -296.875 -984.375 -117.188 -406.250 -765.625 -15.625 -367.188
-31.250 -1476.562 -54.688 -945.312 -820.312 250.000 -1132.812 -476.562 -437.500 -945.312 -179.688 -515.625 -773.438 -70.312 -492.188
-31.250 -1476.562 -54.688 -945.312 -820.312 250.000 -1132.812 -476.562 -437.500 -945.312 -179.688 -515.625 -773.438 -70.312 -492.188
-101.562 -1312.500 -93.750 -976.562 -750.000 218.750 -1078.125 -531.250 -429.688 -1007.812 -273.438 -570.312 -750.000 -62.500 -585.938
-273.438 -1015.625 -179.688 -1078.125 -718.750 164.062 -1070.312 -585.938 -382.812 -1062.500 -382.812 -546.875 -835.938 -140.625 -742.188
-273.438 -1015.625 -179.688 -1078.125 -718.750 164.062 -1070.312 -585.938 -382.812 -1062.500 -382.812 -546.875 -835.938 -140.625 -742.188
-453.125 -828.125 -296.875 -1015.625 -742.188 203.125 -1101.562 -593.750 -328.125 -1039.062 -367.188 -437.500 -859.375 -195.312 -664.062
-476.562 -820.312 -320.312 -976.562 -765.625 242.188 -1070.312 -609.375 -304.688 -1039.062 -351.562 -375.000 -851.562 -226.562 -539.062
-476.562 -820.312 -320.312 -976.562 -765.625 242.188 -1070.312 -609.375 -304.688 -1039.062 -351.562 -375.000 -851.562 -226.562 -539.062
-570.312 -867.188 -375.000 -898.438 -781.250 296.875 -1007.812 -679.688 -210.938 -1015.625 -351.562 -218.750 -851.562 -203.125 -281.250
-570.312 -867.188 -375.000 -898.438 -781.250 296.875 -1007.812 -679.688 -210.938 -1015.625 -351.562 -218.750 -851.562 -203.125 -281.250
-578.125 -890.625 -343.750 -859.375 -773.438 343.750 -945.312 -687.500 -101.562 -976.562 -351.562 -85.938 -843.750 -226.562 -156.250
-585.938 -804.688 -335.938 -757.812 -726.562 453.125 -828.125 -703.125 148.438 -914.062 -343.750 203.125 -820.312 -250.000 85.938
-585.938 -804.688 -335.938 -757.812 -726.562 453.125 -828.125 -703.125 148.438 -914.062 -343.750 203.125 -820.312 -250.000 85.938
-679.688 -781.250 -382.812 -640.625 -609.375 578.125 -796.875 -640.625 328.125 -968.750 -210.938 343.750 -921.875 -187.500 242.188
-734.375 -726.562 -429.688 -617.188 -554.688 617.188 -796.875 -570.312 382.812 -968.750 -109.375 382.812 -968.750 -93.750 320.312
-734.375 -726.562 -429.688 -617.188 -554.688 617.188 -796.875 -570.312 382.812 -968.750 -109.375 382.812 -968.750 -93.750 320.312
-734.375 -664.062 -437.500 -601.562 -468.750 664.062 -828.125 -445.312 437.500 -1000.000 54.688 398.438 -1039.062 31.250 406.250
-734.375 -664.062 -437.500 -601.562 -468.750 664.062 -828.125 -445.312 437.500 -1000.000 54.688 398.438 -1039.062 31.250 406.250
-710.938 -640.625 -390.625 -585.938 -445.312 671.875 -835.938 -414.062 468.750 -1007.812 85.938 437.500 -1070.312 70.312 445.312
-593.750 -632.812 -320.312 -609.375 -421.875 640.625 -828.125 -398.438 507.812 -1039.062 70.312 492.188 -1101.562 39.062 476.562
-593.750 -632.812 -320.312 -609.375 -421.875 640.625 -828.125 -398.438 507.812 -1039.062 70.312 492.188 -1101.562 39.062 476.562
-546.875 -695.312 -296.875 -664.062 -429.688 593.750 -843.750 -382.812 476.562 -1031.250 62.500 484.375 -1117.188 31.250 468.750
-546.875 -695.312 -296.875 -664.062 -429.688 593.750 -843.750 -382.812 476.562 -1031.250 62.500 484.375 -1117.188 31.250 468.750
-554.688 -695.312 -312.500 -640.625 -445.312 601.562 -867.188 -398.438 453.125 -1039.062 39.062 453.125 -1101.562 0.000 453.125
-585.938 -640.625 -398.438 -640.625 -445.312 554.688 -835.938 -437.500 382.812 -1007.812 -7.812 367.188 -1046.875 -39.062 390.625
-585.938 -640.625 -398.438 -640.625 -445.312 554.688 -835.938 -437.500 382.812 -1007.812 -7.812 367.188 -1046.875 -39.062 390.625
-546.875 -593.750 -398.438 -695.312 -468.750 460.938 -851.562 -406.250 312.500 -1023.438 0.000 304.688 -1062.500 -54.688 351.562
-476.562 -546.875 -406.250 -820.312 -460.938 289.062 -945.312 -343.750 148.438 -1093.750 -15.625 179.688 -1085.938 -54.688 257.812
-476.562 -546.875 -406.250 -820.312 -460.938 289.062 -945.312 -343.750 148.438 -1093.750 -15.625 179.688 -1085.938 -54.688 257.812
-500.000 -578.125 -507.812 -867.188 -437.500 250.000 -1015.625 -312.500 23.438 -1148.438 -23.438 70.312 -1117.188 -117.188 148.438
-500.000 -578.125 -507.812 -867.188 -437.500 250.000 -1015.625 -312.500 23.438 -1148.438 -23.438 70.312 -1117.188 -117.188 148.438
-562.500 -539.062 -554.688 -796.875 -523.438 273.438 -1031.250 -335.938 -39.062 -1179.688 -23.438 -15.625 -1132.812 -109.375 117.188
-578.125 -421.875 -609.375 -632.812 -617.188 343.750 -992.188 -414.062 -85.938 -1164.062 -78.125 -125.000 -1109.375 -109.375 23.438
-578.125 -421.875 -609.375 -632.812 -617.188 343.750 -992.188 -414.062 -85.938 -1164.062 -78.125 -125.000 -1109.375 -109.375 23.438
-554.688 -398.438 -617.188 -671.875 -656.250 335.938 -1000.000 -468.750 -109.375 -1218.750 -132.812 -164.062 -1101.562 -148.438 -15.625
-539.062 -398.438 -664.062 -796.875 -617.188 289.062 -1015.625 -515.625 -109.375 -1265.625 -218.750 -179.688 -1093.750 -335.938 -54.688
-539.062 -398.438 -664.062 -796.875 -617.188 289.062 -1015.625 -515.625 -109.375 -1265.625 -218.750 -179.688 -1093.750 -335.938 -54.688
-531.250 -367.188 -742.188 -820.312 -593.750 343.750 -992.188 -648.438 -148.438 -1132.812 -210.938 -140.625 -921.875 -296.875 85.938
-531.250 -367.188 -742.188 -820.312 -593.750 343.750 -992.188 -648.438 -148.438 -1132.812 -210.938 -140.625 -921.875 -296.875 85.938
-570.312 -406.250 -789.062 -750.000 -601.562 390.625 -1054.688 -734.375 -109.375 -898.438 -335.938 -171.875 -640.625 -593.750 218.750
-640.625 -546.875 -882.812 -843.750 -687.500 367.188 -875.000 -828.125 0.000 -640.625 -343.750 164.062 -523.438 -218.750 500.000
-640.625 -546.875 -882.812 -843.750 -687.500 367.188 -875.000 -828.125 0.000 -640.625 -343.750 164.062 -523.438 -218.750 500.000
-648.438 -648.438 -898.438 -875.000 -593.750 367.188 -789.062 -851.562 62.500 -609.375 -398.438 289.062 -515.625 -187.500 609.375
-656.250 -648.438 -890.625 -914.062 -539.062 320.312 -632.812 -773.438 343.750 -695.312 -437.500 539.062 -742.188 -93.750 554.688
-656.250 -648.438 -890.625 -914.062 -539.062 320.312 -632.812 -773.438 343.750 -695.312 -437.500 539.062 -742.188 -93.750 554.688
-609.375 -507.812 -914.062 -945.312 -453.125 273.438 -562.500 -523.438 429.688 -757.812 -445.312 531.250 -984.375 -296.875 367.188
-609.375 -507.812 -914.062 -945.312 -453.125 273.438 -562.500 -523.438 429.688 -757.812 -445.312 531.250 -984.375 -296.875 367.188
-585.938 -421.875 -914.062 -882.812 -429.688 265.625 -570.312 -468.750 351.562 -773.438 -359.375 476.562 -1015.625 -296.875 335.938
-476.562 -406.250 -890.625 -695.312 -515.625 273.438 -437.500 -468.750 437.500 -773.438 -226.562 390.625 -929.688 -109.375 421.875
-476.562 -406.250 -890.625 -695.312 -515.625 273.438 -437.500 -468.750 437.500 -773.438 -226.562 390.625 -929.688 -109.375 421.875
-429.688 -492.188 -820.312 -710.938 -601.562 289.062 -835.938 -796.875 546.875 -781.250 -171.875 390.625 -867.188 -39.062 500.000
-429.688 -492.188 -820.312 -710.938 -601.562 289.062 -835.938 -796.875 546.875 -781.250 -171.875 390.625 -867.188 -39.062 500.000
-281.250 -664.062 -718.750 -640.625 -734.375 289.062 -531.250 -546.875 695.312 -687.500 -242.188 515.625 -796.875 70.312 585.938
-351.562 -773.438 -679.688 -710.938 -750.000 320.312 -429.688 -328.125 734.375 -593.750 -289.062 656.250 -773.438 -31.250 507.812
-351.562 -773.438 -679.688 -710.938 -750.000 320.312 -429.688 -328.125 734.375 -593.750 -289.062 656.250 -773.438 -31.250 507.812
-367.188 -843.750 -687.500 -789.062 -710.938 250.000 -351.562 -234.375 750.000 -539.062 -335.938 734.375 -773.438 -62.500 460.938
-390.625 -867.188 -656.250 -695.312 -726.562 351.562 -484.375 -273.438 757.812 -507.812 -414.062 812.500 -703.125 -125.000 492.188
-390.625 -867.188 -656.250 -695.312 -726.562 351.562 -484.375 -273.438 757.812 -507.812 -414.062 812.500 -703.125 -125.000 492.188
-367.188 -851.562 -625.000 -679.688 -687.500 382.812 -507.812 -351.562 750.000 -523.438 -421.875 781.250 -640.625 -179.688 539.062
-367.188 -851.562 -625.000 -679.688 -687.500 382.812 -507.812 -351.562 750.000 -523.438 -421.875 781.250 -640.625 -179.688 539.062
-312.500 -804.688 -554.688 -710.938 -625.000 359.375 -515.625 -421.875 718.750 -632.812 -390.625 664.062 -664.062 -156.250 640.625
-343.750 -812.500 -609.375 -750.000 -570.312 320.312 -484.375 -289.062 726.562 -546.875 -187.500 703.125 -750.000 62.500 500.000
-351.562 -812.500 -625.000 -734.375 -609.375 343.750 -453.125 -226.562 781.250 -515.625 -132.812 789.062 -765.625 148.438 484.375
-304.688 -781.250 -609.375 -710.938 -593.750 382.812 -476.562 -132.812 828.125 -507.812 -132.812 859.375 -773.438 125.000 492.188
-312.500 -718.750 -609.375 -679.688 -562.500 406.250 -468.750 -93.750 867.188 -492.188 -171.875 882.812 -742.188 62.500 507.812
-312.500 -718.750 -609.375 -679.688 -562.500 406.250 -468.750 -93.750 867.188 -492.188 -171.875 882.812 -742.188 62.500 507.812
-351.562 -671.875 -648.438 -679.688 -507.812 437.500 -437.500 -85.938 890.625 -492.188 -203.125 859.375 -710.938 23.438 531.250
-351.562 -671.875 -648.438 -679.688 -507.812 437.500 -437.500 -85.938 890.625 -492.188 -203.125 859.375 -710.938 23.438 531.250
-453.125 -414.062 -765.625 -664.062 -390.625 500.000 -375.000 -132.812 921.875 -453.125 -203.125 875.000 -625.000 62.500 687.500
-437.500 -437.500 -796.875 -648.438 -328.125 500.000 -390.625 -70.312 906.250 -421.875 -117.188 945.312 -562.500 101.562 882.812
-437.500 -437.500 -796.875 -648.438 -328.125 500.000 -390.625 -70.312 906.250 -421.875 -117.188 945.312 -562.500 101.562 882.812
-390.625 -429.688 -773.438 -640.625 -296.875 507.812 -390.625 -39.062 890.625 -414.062 -78.125 960.938 -554.688 179.688 953.125
-390.625 -367.188 -765.625 -640.625 -265.625 500.000 -398.438 0.000 890.625 -390.625 -39.062 984.375 -523.438 226.562 1000.000
-398.438 -296.875 -773.438 -640.625 -250.000 500.000 -359.375 23.438 906.250 -335.938 -39.062 1015.625 -492.188 234.375 1054.688
-414.062 -296.875 -781.250 -632.812 -257.812 515.625 -343.750 54.688 921.875 -335.938 -31.250 1062.500 -476.562 210.938 1093.750
-414.062 -296.875 -781.250 -632.812 -257.812 515.625 -343.750 54.688 921.875 -335.938 -31.250 1062.500 -476.562 210.938 1093.750
-375.000 -367.188 -750.000 -585.938 -289.062 585.938 -335.938 70.312 960.938 -335.938 -46.875 1085.938 -484.375 179.688 1078.125
-367.188 -476.562 -742.188 -578.125 -367.188 617.188 -312.500 23.438 992.188 -335.938 -93.750 1054.688 -515.625 132.812 992.188
-367.188 -476.562 -742.188 -578.125 -367.188 617.188 -312.500 23.438 992.188 -335.938 -93.750 1054.688 -515.625 132.812 992.188
-335.938 -554.688 -710.938 -578.125 -406.250 640.625 -304.688 7.812 1000.000 -328.125 -93.750 1031.250 -523.438 101.562 960.938
-328.125 -671.875 -679.688 -609.375 -437.500 617.188 -328.125 -31.250 984.375 -390.625 -125.000 976.562 -554.688 23.438 914.062
-328.125 -671.875 -679.688 -609.375 -437.500 617.188 -328.125 -31.250 984.375 -390.625 -125.000 976.562 -554.688 23.438 914.062
-328.125 -718.750 -671.875 -625.000 -468.750 601.562 -359.375 -62.500 953.125 -406.250 -156.250 960.938 -578.125 15.625 906.250
-328.125 -718.750 -671.875 -625.000 -468.750 601.562 -359.375 -62.500 953.125 -406.250 -156.250 960.938 -578.125 15.625 906.250
-312.500 -820.312 -656.250 -648.438 -539.062 578.125 -390.625 -132.812 898.438 -445.312 -187.500 914.062 -578.125 15.625 882.812
-312.500 -835.938 -664.062 -640.625 -578.125 554.688 -406.250 -171.875 890.625 -460.938 -203.125 898.438 -585.938 7.812 843.750
-296.875 -835.938 -656.250 -687.500 -585.938 507.812 -429.688 -179.688 875.000 -468.750 -234.375 875.000 -585.938 -23.438 820.312
-273.438 -796.875 -679.688 -734.375 -570.312 437.500 -453.125 -187.500 851.562 -468.750 -250.000 859.375 -601.562 -39.062 789.062
-296.875 -742.188 -695.312 -718.750 -578.125 453.125 -445.312 -234.375 843.750 -476.562 -250.000 851.562 -609.375 -31.250 773.438
-312.500 -718.750 -710.938 -726.562 -585.938 445.312 -476.562 -265.625 820.312 -515.625 -250.000 835.938 -632.812 -31.250 773.438
-304.688 -718.750 -718.750 -726.562 -546.875 437.500 -523.438 -335.938 804.688 -523.438 -250.000 804.688 -640.625 -46.875 773.438
-304.688 -718.750 -718.750 -726.562 -546.875 437.500 -523.438 -335.938 804.688 -523.438 -250.000 804.688 -640.625 -46.875 773.438
-304.688 -687.500 -710.938 -710.938 -554.688 429.688 -507.812 -257.812 789.062 -539.062 -234.375 789.062 -640.625 -23.438 765.625
-335.938 -648.438 -726.562 -726.562 -562.500 414.062 -492.188 -281.250 796.875 -484.375 -257.812 820.312 -601.562 -46.875 773.438
-335.938 -648.438 -726.562 -726.562 -562.500 414.062 -492.188 -281.250 796.875 -484.375 -257.812 820.312 -601.562 -46.875 773.438
-335.938 -632.812 -726.562 -726.562 -562.500 390.625 -476.562 -289.062 820.312 -476.562 -281.250 859.375 -601.562 -70.312 781.250
-335.938 -632.812 -726.562 -726.562 -562.500 390.625 -476.562 -289.062 820.312 -476.562 -281.250 859.375 -601.562 -70.312 781.250
-320.312 -609.375 -742.188 -726.562 -539.062 414.062 -476.562 -257.812 851.562 -492.188 -265.625 867.188 -609.375 -54.688 796.875
-328.125 -585.938 -757.812 -710.938 -515.625 445.312 -468.750 -242.188 851.562 -492.188 -250.000 843.750 -640.625 -31.250 781.250
-328.125 -585.938 -757.812 -710.938 -515.625 445.312 -468.750 -242.188 851.562 -492.188 -250.000 843.750 -640.625 -31.250 781.250
-320.312 -570.312 -750.000 -679.688 -507.812 445.312 -468.750 -218.750 835.938 -515.625 -210.938 851.562 -648.438 7.812 789.062
-320.312 -570.312 -750.000 -679.688 -507.812 445.312 -468.750 -218.750 835.938 -515.625 -210.938 851.562 -648.438 7.812 789.062
-335.938 -601.562 -757.812 -687.500 -531.250 445.312 -476.562 -218.750 835.938 -484.375 -226.562 828.125 -609.375 -7.812 812.500
-351.562 -570.312 -765.625 -695.312 -515.625 445.312 -453.125 -250.000 835.938 -500.000 -242.188 828.125 -585.938 0.000 828.125
-351.562 -570.312 -765.625 -695.312 -515.625 445.312 -453.125 -250.000 835.938 -500.000 -242.188 828.125 -585.938 0.000 828.125
-273.438 -554.688 -703.125 -671.875 -484.375 398.438 -445.312 -242.188 828.125 -476.562 -226.562 867.188 -617.188 -15.625 828.125
-265.625 -585.938 -687.500 -679.688 -492.188 414.062 -468.750 -179.688 828.125 -476.562 -195.312 890.625 -617.188 7.812 828.125
-265.625 -585.938 -687.500 -679.688 -492.188 414.062 -468.750 -179.688 828.125 -476.562 -195.312 890.625 -617.188 7.812 828.125
-320.312 -554.688 -726.562 -679.688 -484.375 437.500 -492.188 -156.250 812.500 -500.000 -171.875 851.562 -640.625 39.062 812.500
-320.312 -554.688 -726.562 -679.688 -484.375 437.500 -492.188 -156.250 812.500 -500.000 -171.875 851.562 -640.625 39.062 812.500
-312.500 -578.125 -710.938 -679.688 -484.375 445.312 -468.750 -210.938 820.312 -515.625 -203.125 820.312 -656.250 7.812 757.812
-320.312 -601.562 -718.750 -671.875 -515.625 445.312 -484.375 -210.938 812.500 -523.438 -210.938 812.500 -671.875 0.000 718.750
-320.312 -601.562 -718.750 -671.875 -515.625 445.312 -484.375 -210.938 812.500 -523.438 -210.938 812.500 -671.875 0.000 718.750
-335.938 -617.188 -726.562 -687.500 -523.438 437.500 -476.562 -226.562 804.688 -500.000 -226.562 812.500 -632.812 -15.625 757.812
-351.562 -617.188 -718.750 -695.312 -539.062 421.875 -468.750 -250.000 804.688 -492.188 -250.000 820.312 -609.375 -39.062 765.625
-351.562 -617.188 -718.750 -695.312 -539.062 421.875 -468.750 -250.000 804.688 -492.188 -250.000 820.312 -609.375 -39.062 765.625
-312.500 -648.438 -679.688 -718.750 -515.625 382.812 -484.375 -250.000 812.500 -476.562 -250.000 851.562 -617.188 -39.062 796.875
-312.500 -648.438 -679.688 -718.750 -515.625 382.812 -484.375 -250.000 812.500 -476.562 -250.000 851.562 -617.188 -39.062 796.875
-304.688 -648.438 -671.875 -734.375 -500.000 382.812 -492.188 -210.938 812.500 -492.188 -218.750 859.375 -609.375 -15.625 812.500
-312.500 -640.625 -679.688 -718.750 -507.812 406.250 -500.000 -203.125 812.500 -500.000 -203.125 851.562 -617.188 0.000 804.688
-312.500 -640.625 -679.688 -718.750 -507.812 406.250 -500.000 -203.125 812.500 -500.000 -203.125 851.562 -617.188 0.000 804.688
-328.125 -648.438 -703.125 -703.125 -515.625 445.312 -492.188 -210.938 804.688 -507.812 -195.312 828.125 -632.812 7.812 765.625
-343.750 -632.812 -703.125 -703.125 -507.812 453.125 -476.562 -210.938 820.312 -500.000 -210.938 820.312 -625.000 0.000 757.812
-343.750 -632.812 -703.125 -703.125 -507.812 453.125 -476.562 -210.938 820.312 -500.000 -210.938 820.312 -625.000 0.000 757.812
-335.938 -632.812 -679.688 -703.125 -507.812 429.688 -468.750 -234.375 820.312 -492.188 -234.375 828.125 -601.562 -31.250 765.625
-335.938 -632.812 -679.688 -703.125 -507.812 429.688 -468.750 -234.375 820.312 -492.188 -234.375 828.125 -601.562 -31.250 765.625
-312.500 -601.562 -687.500 -734.375 -484.375 398.438 -468.750 -234.375 804.688 -507.812 -210.938 820.312 -640.625 15.625 718.750
-335.938 -601.562 -710.938 -750.000 -492.188 390.625 -500.000 -218.750 789.062 -531.250 -187.500 789.062 -656.250 7.812 726.562
-335.938 -601.562 -710.938 -750.000 -492.188 390.625 -500.000 -218.750 789.062 -531.250 -187.500 789.062 -656.250 7.812 726.562
-343.750 -648.438 -695.312 -726.562 -515.625 406.250 -523.438 -218.750 765.625 -523.438 -187.500 796.875 -617.188 23.438 773.438
-328.125 -648.438 -687.500 -726.562 -515.625 398.438 -515.625 -234.375 765.625 -515.625 -203.125 796.875 -593.750 15.625 789.062
-328.125 -648.438 -687.500 -726.562 -515.625 398.438 -515.625 -234.375 765.625 -515.625 -203.125 796.875 -593.750 15.625 789.062
-359.375 -593.750 -718.750 -710.938 -507.812 390.625 -460.938 -242.188 804.688 -429.688 -226.562 875.000 -515.625 -31.250 882.812
-359.375 -593.750 -718.750 -710.938 -507.812 390.625 -460.938 -242.188 804.688 -429.688 -226.562 875.000 -515.625 -31.250 882.812
-351.562 -578.125 -742.188 -695.312 -484.375 429.688 -445.312 -218.750 867.188 -406.250 -210.938 937.500 -523.438 7.812 906.250
-359.375 -539.062 -742.188 -687.500 -460.938 453.125 -429.688 -179.688 882.812 -429.688 -203.125 914.062 -539.062 23.438 890.625
-359.375 -539.062 -742.188 -687.500 -460.938 453.125 -429.688 -179.688 882.812 -429.688 -203.125 914.062 -539.062 23.438 890.625
-343.750 -484.375 -757.812 -695.312 -437.500 460.938 -437.500 -164.062 867.188 -460.938 -156.250 898.438 -585.938 70.312 859.375
-351.562 -515.625 -750.000 -679.688 -460.938 476.562 -460.938 -164.062 859.375 -453.125 -156.250 890.625 -578.125 54.688 867.188
-351.562 -515.625 -750.000 -679.688 -460.938 476.562 -460.938 -164.062 859.375 -453.125 -156.250 890.625 -578.125 54.688 867.188
-351.562 -601.562 -726.562 -679.688 -492.188 476.562 -453.125 -179.688 843.750 -453.125 -179.688 875.000 -578.125 31.250 851.562
-351.562 -601.562 -726.562 -679.688 -492.188 476.562 -453.125 -179.688 843.750 -453.125 -179.688 875.000 -578.125 31.250 851.562
-328.125 -648.438 -703.125 -679.688 -515.625 484.375 -445.312 -218.750 851.562 -476.562 -218.750 875.000 -601.562 7.812 820.312
-320.312 -656.250 -695.312 -679.688 -515.625 468.750 -445.312 -218.750 851.562 -484.375 -226.562 867.188 -609.375 7.812 796.875
-320.312 -656.250 -695.312 -679.688 -515.625 468.750 -445.312 -218.750 851.562 -484.375 -226.562 867.188 -609.375 7.812 796.875
-312.500 -648.438 -679.688 -695.312 -515.625 453.125 -476.562 -218.750 820.312 -492.188 -210.938 851.562 -617.188 0.000 804.688
-296.875 -656.250 -671.875 -703.125 -523.438 437.500 -492.188 -218.750 804.688 -500.000 -210.938 843.750 -609.375 0.000 828.125
-296.875 -656.250 -671.875 -703.125 -523.438 437.500 -492.188 -218.750 804.688 -500.000 -210.938 843.750 -609.375 0.000 828.125
