-765.625 -343.750 -546.875 -726.562 -632.812 203.125 -765.625 -539.062 125.000 -867.188 -343.750 242.188 -859.375 -140.625 289.062
-757.812 -351.562 -539.062 -734.375 -679.688 218.750 -804.688 -546.875 93.750 -898.438 -328.125 218.750 -890.625 -140.625 304.688
-773.438 -382.812 -554.688 -773.438 -640.625 226.562 -828.125 -617.188 46.875 -937.500 -312.500 148.438 -875.000 -171.875 335.938
-773.438 -382.812 -554.688 -773.438 -640.625 226.562 -828.125 -617.188 46.875 -937.500 -312.500 148.438 -875.000 -171.875 335.938
-765.625 -414.062 -546.875 -765.625 -648.438 234.375 -828.125 -656.250 62.500 -960.938 -335.938 125.000 -867.188 -210.938 343.750
-750.000 -429.688 -539.062 -765.625 -796.875 242.188 -804.688 -617.188 31.250 -960.938 -328.125 140.625 -890.625 -210.938 320.312
-750.000 -429.688 -539.062 -765.625 -796.875 242.188 -804.688 -617.188 31.250 -960.938 -328.125 140.625 -890.625 -210.938 320.312
-781.250 -429.688 -539.062 -820.312 -617.188 234.375 -851.562 -640.625 39.062 -960.938 -351.562 117.188 -984.375 -156.250 195.312
-781.250 -429.688 -539.062 -820.312 -617.188 234.375 -851.562 -640.625 39.062 -960.938 -351.562 117.188 -984.375 -156.250 195.312
-773.438 -406.250 -570.312 -820.312 -625.000 226.562 -867.188 -640.625 15.625 -992.188 -382.812 109.375 -1031.250 -164.062 140.625
-804.688 -617.188 -546.875 -890.625 -765.625 281.250 -851.562 -804.688 -23.438 -1000.000 -570.312 31.250 -843.750 -507.812 0.000
-804.688 -617.188 -546.875 -890.625 -765.625 281.250 -851.562 -804.688 -23.438 -1000.000 -570.312 31.250 -843.750 -507.812 0.000
-804.688 -617.188 -546.875 -890.625 -765.625 281.250 -851.562 -804.688 -23.438 -1000.000 -570.312 31.250 -843.750 -507.812 0.000
-804.688 -617.188 -546.875 -890.625 -765.625 281.250 -851.562 -804.688 -23.438 -1000.000 -570.312 31.250 -843.750 -507.812 0.000
-804.688 -617.188 -546.875 -890.625 -765.625 281.250 -851.562 -804.688 -23.438 -1000.000 -570.312 31.250 -843.750 -507.812 0.000
-765.625 -750.000 -507.812 -929.688 -882.812 320.312 -859.375 -960.938 -70.312 -1023.438 -648.438 -70.312 -750.000 -531.250 -109.375
-765.625 -750.000 -507.812 -929.688 -882.812 320.312 -859.375 -960.938 -70.312 -1023.438 -648.438 -70.312 -750.000 -531.250 -109.375
-734.375 -875.000 -507.812 -914.062 -968.750 343.750 -867.188 -1000.000 -78.125 -1070.312 -742.188 -132.812 -695.312 -453.125 -171.875
-687.500 -1078.125 -492.188 -882.812 -984.375 421.875 -757.812 -1031.250 46.875 -1000.000 -765.625 -117.188 -539.062 -421.875 -132.812
-687.500 -1078.125 -492.188 -882.812 -984.375 421.875 -757.812 -1031.250 46.875 -1000.000 -765.625 -117.188 -539.062 -421.875 -132.812
-640.625 -1117.188 -507.812 -726.562 -1023.438 500.000 -640.625 -1023.438 148.438 -789.062 -625.000 62.500 -375.000 -109.375 15.625
-625.000 -1085.938 -531.250 -718.750 -1023.438 507.812 -656.250 -1031.250 132.812 -476.562 -507.812 187.500 -320.312 7.812 156.250
-625.000 -1085.938 -531.250 -718.750 -1023.438 507.812 -656.250 -1031.250 132.812 -476.562 -507.812 187.500 -320.312 7.812 156.250
-757.812 -742.188 -695.312 -726.562 -742.188 453.125 -812.500 -656.250 203.125 -234.375 203.125 390.625 312.500 695.312 835.938
-757.812 -742.188 -695.312 -726.562 -742.188 453.125 -812.500 -656.250 203.125 -234.375 203.125 390.625 312.500 695.312 835.938
-757.812 -742.188 -695.312 -726.562 -742.188 453.125 -812.500 -656.250 203.125 -234.375 203.125 390.625 312.500 695.312 835.938
-789.062 -695.312 -726.562 -742.188 -726.562 445.312 -812.500 -546.875 179.688 -203.125 429.688 460.938 390.625 859.375 1000.000
-789.062 -695.312 -726.562 -742.188 -726.562 445.312 -812.500 -546.875 179.688 -203.125 429.688 460.938 390.625 859.375 1000.000
-812.500 -703.125 -781.250 -820.312 -687.500 343.750 -867.188 -320.312 93.750 -281.250 687.500 531.250 312.500 929.688 1125.000
-812.500 -703.125 -781.250 -820.312 -687.500 343.750 -867.188 -320.312 93.750 -281.250 687.500 531.250 312.500 929.688 1125.000
-804.688 -820.312 -812.500 -882.812 -601.562 289.062 -906.250 -234.375 93.750 -296.875 679.688 492.188 195.312 929.688 1070.312
-671.875 -976.562 -718.750 -695.312 -257.812 429.688 -750.000 109.375 257.812 -390.625 679.688 320.312 -54.688 835.938 617.188
-671.875 -976.562 -718.750 -695.312 -257.812 429.688 -750.000 109.375 257.812 -390.625 679.688 320.312 -54.688 835.938 617.188
-671.875 -976.562 -718.750 -695.312 -257.812 429.688 -750.000 109.375 257.812 -390.625 679.688 320.312 -54.688 835.938 617.188
-671.875 -976.562 -718.750 -695.312 -257.812 429.688 -750.000 109.375 257.812 -390.625 679.688 320.312 -54.688 835.938 617.188
-671.875 -976.562 -718.750 -695.312 -257.812 429.688 -750.000 109.375 257.812 -390.625 679.688 320.312 -54.688 835.938 617.188
-617.188 -1085.938 -687.500 -679.688 -203.125 429.688 -750.000 195.312 218.750 -320.312 1007.812 242.188 -54.688 1015.625 609.375
-617.188 -1085.938 -687.500 -679.688 -203.125 429.688 -750.000 195.312 218.750 -320.312 1007.812 242.188 -54.688 1015.625 609.375
-617.188 -1203.125 -710.938 -679.688 -179.688 406.250 -757.812 328.125 210.938 -289.062 1125.000 210.938 -31.250 1117.188 593.750
-593.750 -1234.375 -656.250 -656.250 -31.250 406.250 -687.500 421.875 273.438 -257.812 1148.438 203.125 -7.812 1242.188 492.188
-593.750 -1234.375 -656.250 -656.250 -31.250 406.250 -687.500 421.875 273.438 -257.812 1148.438 203.125 -7.812 1242.188 492.188
-445.312 -1367.188 -554.688 -531.250 148.438 414.062 -492.188 617.188 218.750 -78.125 1265.625 -70.312 39.062 1421.875 23.438
-445.312 -1367.188 -554.688 -531.250 148.438 414.062 -492.188 617.188 218.750 -78.125 1265.625 -70.312 39.062 1421.875 23.438
-445.312 -1367.188 -554.688 -531.250 148.438 414.062 -492.188 617.188 218.750 -78.125 1265.625 -70.312 39.062 1421.875 23.438
-445.312 -1367.188 -554.688 -531.250 148.438 414.062 -492.188 617.188 218.750 -78.125 1265.625 -70.312 39.062 1421.875 23.438
-445.312 -1367.188 -554.688 -531.250 148.438 414.062 -492.188 617.188 218.750 -78.125 1265.625 -70.312 39.062 1421.875 23.438
-468.750 -1398.438 -578.125 -515.625 156.250 382.812 -468.750 695.312 195.312 -31.250 1289.062 -187.500 62.500 1484.375 -62.500
-453.125 -1351.562 -570.312 -453.125 328.125 398.438 -421.875 804.688 210.938 -23.438 1382.812 -312.500 148.438 1726.562 -101.562
-453.125 -1351.562 -570.312 -453.125 328.125 398.438 -421.875 804.688 210.938 -23.438 1382.812 -312.500 148.438 1726.562 -101.562
-414.062 -1304.688 -562.500 -429.688 382.812 375.000 -414.062 906.250 210.938 15.625 1453.125 -343.750 210.938 1796.875 -85.938
-414.062 -1304.688 -562.500 -429.688 382.812 375.000 -414.062 906.250 210.938 15.625 1453.125 -343.750 210.938 1796.875 -85.938
-492.188 -1195.312 -640.625 -390.625 703.125 320.312 -367.188 1132.812 304.688 187.500 1625.000 -281.250 320.312 1867.188 0.000
-601.562 -726.562 -617.188 -312.500 945.312 296.875 -304.688 1335.938 437.500 375.000 1765.625 -109.375 531.250 1937.500 93.750
-601.562 -726.562 -617.188 -312.500 945.312 296.875 -304.688 1335.938 437.500 375.000 1765.625 -109.375 531.250 1937.500 93.750
-617.188 -500.000 -546.875 -304.688 1031.250 289.062 -281.250 1437.500 484.375 484.375 1843.750 -7.812 718.750 1960.938 171.875
-773.438 -78.125 -437.500 -242.188 1265.625 265.625 -218.750 1546.875 578.125 742.188 1890.625 179.688 1109.375 1875.000 351.562
-773.438 -78.125 -437.500 -242.188 1265.625 265.625 -218.750 1546.875 578.125 742.188 1890.625 179.688 1109.375 1875.000 351.562
-976.562 554.688 -54.688 -210.938 1312.500 304.688 -179.688 1398.438 570.312 750.000 1617.188 320.312 1296.875 1398.438 585.938
-976.562 554.688 -54.688 -210.938 1312.500 304.688 -179.688 1398.438 570.312 750.000 1617.188 320.312 1296.875 1398.438 585.938
-976.562 554.688 -54.688 -210.938 1312.500 304.688 -179.688 1398.438 570.312 750.000 1617.188 320.312 1296.875 1398.438 585.938
-929.688 500.000 62.500 -234.375 1257.812 320.312 -218.750 1335.938 554.688 640.625 1484.375 335.938 1132.812 1250.000 578.125
-929.688 500.000 62.500 -234.375 1257.812 320.312 -218.750 1335.938 554.688 640.625 1484.375 335.938 1132.812 1250.000 578.125
-882.812 429.688 148.438 -242.188 1218.750 335.938 -234.375 1257.812 570.312 523.438 1359.375 328.125 960.938 1117.188 539.062
-687.500 -195.312 390.625 -351.562 812.500 429.688 -375.000 828.125 468.750 132.812 1007.812 242.188 351.562 898.438 460.938
-687.500 -195.312 390.625 -351.562 812.500 429.688 -375.000 828.125 468.750 132.812 1007.812 242.188 351.562 898.438 460.938
-687.500 -195.312 390.625 -351.562 812.500 429.688 -375.000 828.125 468.750 132.812 1007.812 242.188 351.562 898.438 460.938
-687.500 -195.312 390.625 -351.562 812.500 429.688 -375.000 828.125 468.750 132.812 1007.812 242.188 351.562 898.438 460.938
-617.188 -375.000 445.312 -445.312 710.938 414.062 -437.500 726.562 421.875 15.625 937.500 210.938 218.750 867.188 429.688
-453.125 -656.250 554.688 -515.625 585.938 406.250 -523.438 585.938 328.125 -164.062 812.500 164.062 7.812 734.375 367.188
-453.125 -656.250 554.688 -515.625 585.938 406.250 -523.438 585.938 328.125 -164.062 812.500 164.062 7.812 734.375 367.188
-406.250 -726.562 601.562 -546.875 546.875 390.625 -554.688 539.062 281.250 -242.188 757.812 125.000 -62.500 710.938 343.750
-382.812 -796.875 601.562 -570.312 507.812 414.062 -601.562 523.438 281.250 -320.312 695.312 109.375 -164.062 687.500 320.312
-382.812 -796.875 601.562 -570.312 507.812 414.062 -601.562 523.438 281.250 -320.312 695.312 109.375 -164.062 687.500 320.312
-414.062 -789.062 593.750 -562.500 507.812 421.875 -609.375 554.688 265.625 -304.688 687.500 125.000 -179.688 687.500 328.125
-414.062 -789.062 593.750 -562.500 507.812 421.875 -609.375 554.688 265.625 -304.688 687.500 125.000 -179.688 687.500 328.125
-539.062 -625.000 500.000 -507.812 671.875 375.000 -562.500 710.938 273.438 -257.812 867.188 85.938 -164.062 828.125 390.625
-539.062 -625.000 500.000 -507.812 671.875 375.000 -562.500 710.938 273.438 -257.812 867.188 85.938 -164.062 828.125 390.625
-539.062 -625.000 500.000 -507.812 671.875 375.000 -562.500 710.938 273.438 -257.812 867.188 85.938 -164.062 828.125 390.625
-539.062 -625.000 500.000 -507.812 671.875 375.000 -562.500 710.938 273.438 -257.812 867.188 85.938 -164.062 828.125 390.625
-546.875 -609.375 492.188 -507.812 710.938 367.188 -539.062 742.188 273.438 -257.812 867.188 93.750 -164.062 828.125 382.812
-570.312 -570.312 484.375 -484.375 734.375 382.812 -546.875 773.438 265.625 -250.000 906.250 101.562 -109.375 828.125 406.250
-570.312 -539.062 468.750 -468.750 765.625 390.625 -539.062 781.250 273.438 -242.188 921.875 78.125 -70.312 843.750 414.062
-570.312 -539.062 468.750 -468.750 765.625 390.625 -539.062 781.250 273.438 -242.188 921.875 78.125 -70.312 843.750 414.062
-546.875 -546.875 492.188 -468.750 781.250 367.188 -523.438 812.500 273.438 -218.750 953.125 85.938 -39.062 890.625 421.875
-375.000 -648.438 601.562 -453.125 750.000 398.438 -531.250 796.875 250.000 -296.875 937.500 15.625 -187.500 875.000 375.000
-375.000 -648.438 601.562 -453.125 750.000 398.438 -531.250 796.875 250.000 -296.875 937.500 15.625 -187.500 875.000 375.000
-375.000 -648.438 601.562 -453.125 750.000 398.438 -531.250 796.875 250.000 -296.875 937.500 15.625 -187.500 875.000 375.000
-375.000 -648.438 601.562 -453.125 750.000 398.438 -531.250 796.875 250.000 -296.875 937.500 15.625 -187.500 875.000 375.000
-375.000 -648.438 601.562 -453.125 750.000 398.438 -531.250 796.875 250.000 -296.875 937.500 15.625 -187.500 875.000 375.000
-382.812 -664.062 570.312 -453.125 750.000 406.250 -531.250 796.875 242.188 -320.312 937.500 -15.625 -226.562 890.625 351.562
-382.812 -664.062 570.312 -453.125 750.000 406.250 -531.250 796.875 242.188 -320.312 937.500 -15.625 -226.562 890.625 351.562
-382.812 -695.312 570.312 -460.938 742.188 406.250 -531.250 781.250 218.750 -351.562 929.688 -54.688 -265.625 921.875 320.312
-367.188 -742.188 593.750 -445.312 765.625 414.062 -523.438 781.250 265.625 -335.938 921.875 -70.312 -289.062 914.062 273.438
-367.188 -742.188 593.750 -445.312 765.625 414.062 -523.438 781.250 265.625 -335.938 921.875 -70.312 -289.062 914.062 273.438
-359.375 -765.625 617.188 -445.312 757.812 406.250 -515.625 781.250 250.000 -320.312 906.250 -62.500 -273.438 906.250 250.000
-359.375 -765.625 617.188 -445.312 757.812 406.250 -515.625 781.250 250.000 -320.312 906.250 -62.500 -273.438 906.250 250.000
-328.125 -757.812 656.250 -453.125 750.000 429.688 -515.625 789.062 273.438 -289.062 906.250 -46.875 -218.750 914.062 273.438
-335.938 -781.250 648.438 -445.312 757.812 421.875 -515.625 789.062 265.625 -265.625 937.500 -31.250 -171.875 937.500 289.062
-335.938 -781.250 648.438 -445.312 757.812 421.875 -515.625 789.062 265.625 -265.625 937.500 -31.250 -171.875 937.500 289.062
-328.125 -734.375 640.625 -445.312 781.250 421.875 -507.812 804.688 304.688 -250.000 960.938 -23.438 -132.812 921.875 320.312
-343.750 -765.625 617.188 -437.500 812.500 437.500 -492.188 820.312 335.938 -257.812 953.125 -15.625 -234.375 968.750 304.688
-343.750 -765.625 617.188 -437.500 812.500 437.500 -492.188 820.312 335.938 -257.812 953.125 -15.625 -234.375 968.750 304.688
-343.750 -765.625 617.188 -437.500 812.500 437.500 -492.188 820.312 335.938 -257.812 953.125 -15.625 -234.375 968.750 304.688
-343.750 -765.625 617.188 -437.500 812.500 437.500 -492.188 820.312 335.938 -257.812 953.125 -15.625 -234.375 968.750 304.688
-312.500 -773.438 625.000 -429.688 773.438 453.125 -507.812 804.688 328.125 -281.250 976.562 -31.250 -203.125 953.125 312.500
-296.875 -796.875 656.250 -414.062 757.812 476.562 -507.812 804.688 312.500 -273.438 968.750 -39.062 -156.250 953.125 328.125
-296.875 -796.875 656.250 -414.062 757.812 476.562 -507.812 804.688 312.500 -273.438 968.750 -39.062 -156.250 953.125 328.125
-218.750 -820.312 710.938 -406.250 804.688 476.562 -507.812 835.938 320.312 -265.625 992.188 -23.438 -132.812 914.062 351.562
-226.562 -812.500 718.750 -414.062 796.875 468.750 -500.000 843.750 335.938 -242.188 1007.812 -15.625 -93.750 945.312 359.375
-289.062 -679.688 757.812 -359.375 757.812 539.062 -398.438 843.750 492.188 -15.625 1109.375 156.250 109.375 984.375 515.625
-289.062 -679.688 757.812 -359.375 757.812 539.062 -398.438 843.750 492.188 -15.625 1109.375 156.250 109.375 984.375 515.625
-289.062 -679.688 757.812 -359.375 757.812 539.062 -398.438 843.750 492.188 -15.625 1109.375 156.250 109.375 984.375 515.625
-289.062 -679.688 757.812 -359.375 757.812 539.062 -398.438 843.750 492.188 -15.625 1109.375 156.250 109.375 984.375 515.625
-289.062 -679.688 757.812 -359.375 757.812 539.062 -398.438 843.750 492.188 -15.625 1109.375 156.250 109.375 984.375 515.625
-289.062 -679.688 757.812 -359.375 757.812 539.062 -398.438 843.750 492.188 -15.625 1109.375 156.250 109.375 984.375 515.625
-289.062 -679.688 757.812 -359.375 757.812 539.062 -398.438 843.750 492.188 -15.625 1109.375 156.250 109.375 984.375 515.625
-304.688 -703.125 750.000 -367.188 757.812 546.875 -406.250 828.125 500.000 -7.812 1085.938 148.438 78.125 968.750 468.750
-320.312 -710.938 742.188 -359.375 757.812 539.062 -406.250 820.312 500.000 -15.625 1070.312 140.625 54.688 960.938 453.125
-335.938 -703.125 734.375 -367.188 742.188 562.500 -421.875 796.875 507.812 -15.625 1085.938 164.062 164.062 929.688 453.125
-335.938 -703.125 734.375 -367.188 742.188 562.500 -421.875 796.875 507.812 -15.625 1085.938 164.062 164.062 929.688 453.125
-312.500 -671.875 773.438 -312.500 773.438 554.688 -367.188 851.562 515.625 109.375 1117.188 156.250 171.875 945.312 468.750
-281.250 -625.000 804.688 -312.500 828.125 507.812 -359.375 890.625 507.812 101.562 1179.688 148.438 171.875 976.562 421.875
-281.250 -625.000 804.688 -312.500 828.125 507.812 -359.375 890.625 507.812 101.562 1179.688 148.438 171.875 976.562 421.875
-351.562 -453.125 718.750 -367.188 960.938 390.625 -421.875 968.750 390.625 -23.438 1085.938 31.250 382.812 1062.500 648.438
-351.562 -453.125 718.750 -367.188 960.938 390.625 -421.875 968.750 390.625 -23.438 1085.938 31.250 382.812 1062.500 648.438
-632.812 -70.312 367.188 -359.375 1093.750 203.125 -367.188 1156.250 289.062 117.188 1382.812 23.438 406.250 1101.562 453.125
-632.812 -70.312 367.188 -359.375 1093.750 203.125 -367.188 1156.250 289.062 117.188 1382.812 23.438 406.250 1101.562 453.125
-632.812 -70.312 367.188 -359.375 1093.750 203.125 -367.188 1156.250 289.062 117.188 1382.812 23.438 406.250 1101.562 453.125
-609.375 15.625 328.125 -351.562 1156.250 101.562 -421.875 1195.312 195.312 23.438 1429.688 31.250 562.500 1093.750 515.625
-601.562 156.250 257.812 -343.750 1164.062 31.250 -523.438 1234.375 125.000 -7.812 1437.500 7.812 789.062 1187.500 679.688
-601.562 156.250 257.812 -343.750 1164.062 31.250 -523.438 1234.375 125.000 -7.812 1437.500 7.812 789.062 1187.500 679.688
-679.688 492.188 101.562 -304.688 1179.688 -46.875 -562.500 1195.312 210.938 -46.875 1570.312 70.312 976.562 1500.000 1023.438
-679.688 492.188 101.562 -304.688 1179.688 -46.875 -562.500 1195.312 210.938 -46.875 1570.312 70.312 976.562 1500.000 1023.438
-625.000 734.375 -421.875 -703.125 1117.188 -390.625 -585.938 1156.250 78.125 117.188 1921.875 -140.625 1023.438 1960.938 382.812
-625.000 734.375 -421.875 -703.125 1117.188 -390.625 -585.938 1156.250 78.125 117.188 1921.875 -140.625 1023.438 1960.938 382.812
-625.000 734.375 -421.875 -703.125 1117.188 -390.625 -585.938 1156.250 78.125 117.188 1921.875 -140.625 1023.438 1960.938 382.812
-625.000 734.375 -421.875 -703.125 1117.188 -390.625 -585.938 1156.250 78.125 117.188 1921.875 -140.625 1023.438 1960.938 382.812
-601.562 781.250 -578.125 -671.875 1039.062 -437.500 -617.188 1054.688 117.188 -218.750 1625.000 54.688 1109.375 2414.062 664.062
-601.562 781.250 -578.125 -671.875 1039.062 -437.500 -617.188 1054.688 117.188 -218.750 1625.000 54.688 1109.375 2414.062 664.062
-539.062 679.688 -929.688 -804.688 437.500 -421.875 -750.000 578.125 -23.438 -492.188 1882.812 179.688 1023.438 3000.000 953.125
-539.062 679.688 -929.688 -804.688 437.500 -421.875 -750.000 578.125 -23.438 -492.188 1882.812 179.688 1023.438 3000.000 953.125
-500.000 382.812 -1265.625 -960.938 -187.500 -312.500 -703.125 125.000 15.625 -632.812 1835.938 15.625 968.750 3421.875 562.500
-320.312 -359.375 -1765.625 -734.375 -1132.812 460.938 -398.438 -421.875 468.750 -492.188 1125.000 132.812 273.438 3007.812 -804.688
-320.312 -359.375 -1765.625 -734.375 -1132.812 460.938 -398.438 -421.875 468.750 -492.188 1125.000 132.812 273.438 3007.812 -804.688
-320.312 -359.375 -1765.625 -734.375 -1132.812 460.938 -398.438 -421.875 468.750 -492.188 1125.000 132.812 273.438 3007.812 -804.688
-320.312 -359.375 -1765.625 -734.375 -1132.812 460.938 -398.438 -421.875 468.750 -492.188 1125.000 132.812 273.438 3007.812 -804.688
-320.312 -359.375 -1765.625 -734.375 -1132.812 460.938 -398.438 -421.875 468.750 -492.188 1125.000 132.812 273.438 3007.812 -804.688
-460.938 -656.250 -1992.188 -62.500 -812.500 929.688 -320.312 -453.125 656.250 -796.875 359.375 125.000 -171.875 2445.312 -1015.625
-460.938 -656.250 -1992.188 -62.500 -812.500 929.688 -320.312 -453.125 656.250 -796.875 359.375 125.000 -171.875 2445.312 -1015.625
-460.938 -1109.375 -2093.750 140.625 -898.438 1031.250 -31.250 -625.000 671.875 -640.625 70.312 46.875 -546.875 1500.000 -1429.688
-500.000 -1257.812 -2085.938 273.438 -1117.188 1062.500 93.750 -648.438 609.375 -648.438 -85.938 7.812 -695.312 1062.500 -1492.188
-500.000 -1257.812 -2085.938 273.438 -1117.188 1062.500 93.750 -648.438 609.375 -648.438 -85.938 7.812 -695.312 1062.500 -1492.188
-656.250 -2000.000 -1953.125 382.812 -1109.375 1171.875 101.562 -945.312 617.188 -570.312 -687.500 54.688 -679.688 -39.062 -750.000
-656.250 -2000.000 -1953.125 382.812 -1109.375 1171.875 101.562 -945.312 617.188 -570.312 -687.500 54.688 -679.688 -39.062 -750.000
-656.250 -2000.000 -1953.125 382.812 -1109.375 1171.875 101.562 -945.312 617.188 -570.312 -687.500 54.688 -679.688 -39.062 -750.000
-671.875 -2156.250 -1835.938 281.250 -1117.188 1125.000 93.750 -976.562 648.438 -484.375 -882.812 148.438 -656.250 -281.250 -601.562
-671.875 -2156.250 -1835.938 281.250 -1117.188 1125.000 93.750 -976.562 648.438 -484.375 -882.812 148.438 -656.250 -281.250 -601.562
-515.625 -1945.312 -929.688 -117.188 -1187.500 976.562 0.000 -1250.000 570.312 -453.125 -1242.188 93.750 -734.375 -843.750 -343.750
-515.625 -1945.312 -929.688 -117.188 -1187.500 976.562 0.000 -1250.000 570.312 -453.125 -1242.188 93.750 -734.375 -843.750 -343.750
-515.625 -1945.312 -929.688 -117.188 -1187.500 976.562 0.000 -1250.000 570.312 -453.125 -1242.188 93.750 -734.375 -843.750 -343.750
-515.625 -1945.312 -929.688 -117.188 -1187.500 976.562 0.000 -1250.000 570.312 -453.125 -1242.188 93.750 -734.375 -843.750 -343.750
-460.938 -1757.812 -765.625 -203.125 -1125.000 960.938 -23.438 -1281.250 570.312 -453.125 -1226.562 101.562 -773.438 -890.625 -335.938
-460.938 -1757.812 -765.625 -203.125 -1125.000 960.938 -23.438 -1281.250 570.312 -453.125 -1226.562 101.562 -773.438 -890.625 -335.938
-515.625 -250.000 -718.750 -125.000 -828.125 890.625 23.438 -976.562 718.750 -250.000 -1093.750 437.500 -742.188 -710.938 210.938
-515.625 -250.000 -718.750 -125.000 -828.125 890.625 23.438 -976.562 718.750 -250.000 -1093.750 437.500 -742.188 -710.938 210.938
-515.625 -250.000 -718.750 -125.000 -828.125 890.625 23.438 -976.562 718.750 -250.000 -1093.750 437.500 -742.188 -710.938 210.938
-515.625 -250.000 -718.750 -125.000 -828.125 890.625 23.438 -976.562 718.750 -250.000 -1093.750 437.500 -742.188 -710.938 210.938
-515.625 -250.000 -718.750 -125.000 -828.125 890.625 23.438 -976.562 718.750 -250.000 -1093.750 437.500 -742.188 -710.938 210.938
-554.688 125.000 -828.125 -78.125 -703.125 859.375 7.812 -796.875 734.375 -234.375 -953.125 546.875 -804.688 -585.938 312.500
-554.688 125.000 -828.125 -78.125 -703.125 859.375 7.812 -796.875 734.375 -234.375 -953.125 546.875 -804.688 -585.938 312.500
-585.938 179.688 -851.562 -78.125 -609.375 835.938 -7.812 -734.375 734.375 -250.000 -890.625 554.688 -843.750 -539.062 320.312
-523.438 328.125 -804.688 -132.812 -476.562 773.438 -54.688 -648.438 710.938 -273.438 -796.875 562.500 -890.625 -453.125 296.875
-523.438 328.125 -804.688 -132.812 -476.562 773.438 -54.688 -648.438 710.938 -273.438 -796.875 562.500 -890.625 -453.125 296.875
-468.750 156.250 -828.125 -171.875 -539.062 757.812 -117.188 -703.125 664.062 -359.375 -804.688 492.188 -882.812 -414.062 195.312
-468.750 156.250 -828.125 -171.875 -539.062 757.812 -117.188 -703.125 664.062 -359.375 -804.688 492.188 -882.812 -414.062 195.312
-468.750 156.250 -828.125 -171.875 -539.062 757.812 -117.188 -703.125 664.062 -359.375 -804.688 492.188 -882.812 -414.062 195.312
-460.938 -7.812 -851.562 -148.438 -578.125 789.062 -101.562 -726.562 656.250 -351.562 -828.125 484.375 -835.938 -507.812 187.500
-484.375 -132.812 -867.188 -156.250 -648.438 781.250 -117.188 -765.625 632.812 -367.188 -867.188 468.750 -796.875 -554.688 257.812
-484.375 -132.812 -867.188 -156.250 -648.438 781.250 -117.188 -765.625 632.812 -367.188 -867.188 468.750 -796.875 -554.688 257.812
-460.938 -164.062 -898.438 -210.938 -742.188 765.625 -125.000 -875.000 601.562 -421.875 -960.938 351.562 -835.938 -648.438 46.875
-460.938 -164.062 -898.438 -210.938 -742.188 765.625 -125.000 -875.000 601.562 -421.875 -960.938 351.562 -835.938 -648.438 46.875
-460.938 -164.062 -898.438 -210.938 -742.188 765.625 -125.000 -875.000 601.562 -421.875 -960.938 351.562 -835.938 -648.438 46.875
-492.188 -85.938 -945.312 -164.062 -789.062 851.562 -62.500 -929.688 625.000 -375.000 -1015.625 273.438 -851.562 -835.938 23.438
-492.188 -85.938 -945.312 -164.062 -789.062 851.562 -62.500 -929.688 625.000 -375.000 -1015.625 273.438 -851.562 -835.938 23.438
-531.250 156.250 -1054.688 -7.812 -945.312 1015.625 70.312 -1054.688 679.688 -343.750 -953.125 304.688 -835.938 -562.500 39.062
-531.250 156.250 -1054.688 -7.812 -945.312 1015.625 70.312 -1054.688 679.688 -343.750 -953.125 304.688 -835.938 -562.500 39.062
-554.688 218.750 -1140.625 0.000 -968.750 1015.625 70.312 -1062.500 710.938 -296.875 -1007.812 367.188 -804.688 -476.562 93.750
-484.375 468.750 -1250.000 -242.188 -1007.812 1054.688 -101.562 -1125.000 828.125 -414.062 -1070.312 656.250 -507.812 -1492.188 1453.125
-484.375 468.750 -1250.000 -242.188 -1007.812 1054.688 -101.562 -1125.000 828.125 -414.062 -1070.312 656.250 -507.812 -1492.188 1453.125
-484.375 468.750 -1250.000 -242.188 -1007.812 1054.688 -101.562 -1125.000 828.125 -414.062 -1070.312 656.250 -507.812 -1492.188 1453.125
-484.375 468.750 -1250.000 -242.188 -1007.812 1054.688 -101.562 -1125.000 828.125 -414.062 -1070.312 656.250 -507.812 -1492.188 1453.125
-484.375 468.750 -1250.000 -242.188 -1007.812 1054.688 -101.562 -1125.000 828.125 -414.062 -1070.312 656.250 -507.812 -1492.188 1453.125
-257.812 -179.688 -1257.812 -343.750 -515.625 531.250 -109.375 -789.062 367.188 -351.562 -703.125 195.312 -304.688 -2093.750 382.812
-257.812 -179.688 -1257.812 -343.750 -515.625 531.250 -109.375 -789.062 367.188 -351.562 -703.125 195.312 -304.688 -2093.750 382.812
-484.375 -218.750 -1226.562 -835.938 39.062 359.375 -914.062 -1093.750 554.688 -1320.312 -1445.312 -398.438 -62.500 -1164.062 296.875
-398.438 -539.062 -914.062 -546.875 85.938 195.312 -429.688 -218.750 437.500 -31.250 -1015.625 453.125 -1328.125 906.250 -46.875
-398.438 -539.062 -914.062 -546.875 85.938 195.312 -429.688 -218.750 437.500 -31.250 -1015.625 453.125 -1328.125 906.250 -46.875
-421.875 -695.312 -1234.375 -906.250 -320.312 -468.750 -687.500 -1000.000 -609.375 -1281.250 429.688 -85.938 -2453.125 562.500 -562.500
-281.250 -570.312 -1492.188 -1125.000 -750.000 -601.562 -382.812 -85.938 -656.250 -1570.312 -132.812 -429.688 -2085.938 812.500 -1210.938
-281.250 -570.312 -1492.188 -1125.000 -750.000 -601.562 -382.812 -85.938 -656.250 -1570.312 -132.812 -429.688 -2085.938 812.500 -1210.938
-648.438 -351.562 -1812.500 -835.938 -687.500 -273.438 -507.812 -921.875 -1140.625 -1023.438 1109.375 -1523.438 -2796.875 -492.188 -2539.062
-648.438 -351.562 -1812.500 -835.938 -687.500 -273.438 -507.812 -921.875 -1140.625 -1023.438 1109.375 -1523.438 -2796.875 -492.188 -2539.062
-640.625 -171.875 -1773.438 -585.938 -671.875 0.000 -500.000 -625.000 -828.125 -1257.812 31.250 -1734.375 -1664.062 -1781.250 -3109.375
78.125 -1117.188 -15.625 375.000 -515.625 968.750 640.625 140.625 1625.000 1046.875 296.875 1835.938 3265.625 2484.375 3312.500
78.125 -1117.188 -15.625 375.000 -515.625 968.750 640.625 140.625 1625.000 1046.875 296.875 1835.938 3265.625 2484.375 3312.500
78.125 -1117.188 -15.625 375.000 -515.625 968.750 640.625 140.625 1625.000 1046.875 296.875 1835.938 3265.625 2484.375 3312.500
78.125 -1117.188 -15.625 375.000 -515.625 968.750 640.625 140.625 1625.000 1046.875 296.875 1835.938 3265.625 2484.375 3312.500
78.125 -1117.188 -15.625 375.000 -515.625 968.750 640.625 140.625 1625.000 1046.875 296.875 1835.938 3265.625 2484.375 3312.500
-359.375 -734.375 -382.812 -312.500 -445.312 554.688 -359.375 304.688 1140.625 1453.125 2007.812 3281.250 1859.375 1117.188 3992.188
-359.375 -734.375 -382.812 -312.500 -445.312 554.688 -359.375 304.688 1140.625 1453.125 2007.812 3281.250 1859.375 1117.188 3992.188
-867.188 843.750 -281.250 -687.500 -1085.938 742.188 -328.125 -601.562 703.125 156.250 54.688 875.000 593.750 523.438 1351.562
-867.188 843.750 -281.250 -687.500 -1085.938 742.188 -328.125 -601.562 703.125 156.250 54.688 875.000 593.750 523.438 1351.562
-867.188 843.750 -281.250 -687.500 -1085.938 742.188 -328.125 -601.562 703.125 156.250 54.688 875.000 593.750 523.438 1351.562
-906.250 257.812 -382.812 -703.125 -437.500 609.375 -421.875 -320.312 953.125 375.000 46.875 1406.250 750.000 351.562 1757.812
-906.250 257.812 -382.812 -703.125 -437.500 609.375 -421.875 -320.312 953.125 375.000 46.875 1406.250 750.000 351.562 1757.812
-976.562 -203.125 -593.750 -539.062 -156.250 601.562 -304.688 -101.562 1148.438 437.500 -85.938 1460.938 453.125 7.812 1437.500
-875.000 39.062 -554.688 -234.375 -671.875 828.125 -31.250 -531.250 960.938 164.062 -171.875 1039.062 46.875 31.250 1070.312
-875.000 39.062 -554.688 -234.375 -671.875 828.125 -31.250 -531.250 960.938 164.062 -171.875 1039.062 46.875 31.250 1070.312
-703.125 -265.625 -484.375 -187.500 -898.438 890.625 -70.312 -578.125 945.312 148.438 -171.875 1031.250 46.875 -15.625 1085.938
-703.125 -312.500 -500.000 -93.750 -843.750 851.562 -70.312 -546.875 929.688 195.312 -187.500 1023.438 7.812 -62.500 1039.062
-703.125 -312.500 -500.000 -93.750 -843.750 851.562 -70.312 -546.875 929.688 195.312 -187.500 1023.438 7.812 -62.500 1039.062
-703.125 -312.500 -500.000 -93.750 -843.750 851.562 -70.312 -546.875 929.688 195.312 -187.500 1023.438 7.812 -62.500 1039.062
-703.125 -312.500 -500.000 -93.750 -843.750 851.562 -70.312 -546.875 929.688 195.312 -187.500 1023.438 7.812 -62.500 1039.062
-726.562 -210.938 -484.375 -109.375 -812.500 835.938 -85.938 -523.438 914.062 203.125 -171.875 1023.438 85.938 -39.062 1062.500
-734.375 39.062 -429.688 -187.500 -859.375 820.312 -156.250 -585.938 843.750 140.625 -195.312 945.312 85.938 -23.438 1007.812
-734.375 39.062 -429.688 -187.500 -859.375 820.312 -156.250 -585.938 843.750 140.625 -195.312 945.312 85.938 -23.438 1007.812
-789.062 -23.438 -437.500 -304.688 -703.125 679.688 -203.125 -515.625 820.312 156.250 -210.938 968.750 101.562 -70.312 1023.438
-789.062 -23.438 -437.500 -304.688 -703.125 679.688 -203.125 -515.625 820.312 156.250 -210.938 968.750 101.562 -70.312 1023.438
-742.188 0.000 -406.250 -343.750 -679.688 664.062 -242.188 -500.000 789.062 101.562 -203.125 945.312 70.312 -39.062 1015.625
-796.875 -7.812 -429.688 -390.625 -648.438 625.000 -289.062 -507.812 773.438 54.688 -234.375 953.125 46.875 -62.500 1015.625
-796.875 -7.812 -429.688 -390.625 -648.438 625.000 -289.062 -507.812 773.438 54.688 -234.375 953.125 46.875 -62.500 1015.625
-796.875 -46.875 -414.062 -382.812 -648.438 625.000 -281.250 -507.812 773.438 62.500 -234.375 937.500 15.625 -78.125 1000.000
-796.875 -46.875 -414.062 -382.812 -648.438 625.000 -281.250 -507.812 773.438 62.500 -234.375 937.500 15.625 -78.125 1000.000
-796.875 -46.875 -414.062 -382.812 -648.438 625.000 -281.250 -507.812 773.438 62.500 -234.375 937.500 15.625 -78.125 1000.000
-796.875 -46.875 -414.062 -382.812 -648.438 625.000 -281.250 -507.812 773.438 62.500 -234.375 937.500 15.625 -78.125 1000.000
-796.875 -46.875 -414.062 -382.812 -648.438 625.000 -281.250 -507.812 773.438 62.500 -234.375 937.500 15.625 -78.125 1000.000
-804.688 -46.875 -421.875 -343.750 -656.250 640.625 -265.625 -492.188 796.875 78.125 -226.562 968.750 15.625 -78.125 1015.625
-812.500 -70.312 -437.500 -304.688 -648.438 640.625 -226.562 -484.375 796.875 78.125 -234.375 960.938 -7.812 -70.312 1000.000
-812.500 -70.312 -437.500 -304.688 -648.438 640.625 -226.562 -484.375 796.875 78.125 -234.375 960.938 -7.812 -70.312 1000.000
-828.125 -117.188 -429.688 -273.438 -664.062 648.438 -226.562 -507.812 789.062 78.125 -242.188 937.500 -15.625 -78.125 976.562
-867.188 -117.188 -468.750 -250.000 -671.875 664.062 -171.875 -507.812 820.312 164.062 -226.562 960.938 70.312 -78.125 1007.812
-867.188 -117.188 -468.750 -250.000 -671.875 664.062 -171.875 -507.812 820.312 164.062 -226.562 960.938 70.312 -78.125 1007.812
-867.188 -117.188 -468.750 -250.000 -671.875 664.062 -171.875 -507.812 820.312 164.062 -226.562 960.938 70.312 -78.125 1007.812
-867.188 -117.188 -468.750 -250.000 -671.875 664.062 -171.875 -507.812 820.312 164.062 -226.562 960.938 70.312 -78.125 1007.812
-867.188 -117.188 -468.750 -250.000 -671.875 664.062 -171.875 -507.812 820.312 164.062 -226.562 960.938 70.312 -78.125 1007.812
-867.188 -101.562 -468.750 -273.438 -648.438 656.250 -179.688 -492.188 812.500 148.438 -234.375 960.938 78.125 -62.500 1015.625
-867.188 -101.562 -468.750 -273.438 -648.438 656.250 -179.688 -492.188 812.500 148.438 -234.375 960.938 78.125 -62.500 1015.625
-867.188 -85.938 -468.750 -296.875 -656.250 656.250 -203.125 -492.188 804.688 117.188 -242.188 937.500 31.250 -78.125 976.562
-875.000 -31.250 -460.938 -343.750 -625.000 640.625 -242.188 -492.188 812.500 148.438 -226.562 984.375 109.375 -62.500 1031.250
-875.000 -31.250 -460.938 -343.750 -625.000 640.625 -242.188 -492.188 812.500 148.438 -226.562 984.375 109.375 -62.500 1031.250
-867.188 -39.062 -453.125 -343.750 -632.812 640.625 -234.375 -484.375 812.500 148.438 -218.750 984.375 125.000 -54.688 1023.438
-867.188 -39.062 -453.125 -343.750 -632.812 640.625 -234.375 -484.375 812.500 148.438 -218.750 984.375 125.000 -54.688 1023.438
-875.000 -62.500 -460.938 -304.688 -640.625 648.438 -210.938 -468.750 820.312 171.875 -210.938 976.562 117.188 -39.062 1039.062
-875.000 -46.875 -523.438 -281.250 -632.812 656.250 -195.312 -500.000 796.875 117.188 -265.625 937.500 23.438 -93.750 960.938
-875.000 -46.875 -523.438 -281.250 -632.812 656.250 -195.312 -500.000 796.875 117.188 -265.625 937.500 23.438 -93.750 960.938
-875.000 -46.875 -523.438 -281.250 -632.812 656.250 -195.312 -500.000 796.875 117.188 -265.625 937.500 23.438 -93.750 960.938
-875.000 -70.312 -500.000 -312.500 -671.875 656.250 -195.312 -539.062 789.062 109.375 -273.438 898.438 39.062 -101.562 945.312
-875.000 -70.312 -500.000 -312.500 -671.875 656.250 -195.312 -539.062 789.062 109.375 -273.438 898.438 39.062 -101.562 945.312
-851.562 -78.125 -476.562 -296.875 -687.500 656.250 -195.312 -523.438 820.312 156.250 -242.188 960.938 117.188 -70.312 1039.062
-851.562 -78.125 -476.562 -296.875 -687.500 656.250 -195.312 -523.438 820.312 156.250 -242.188 960.938 117.188 -70.312 1039.062
-890.625 -85.938 -523.438 -281.250 -687.500 671.875 -164.062 -515.625 843.750 195.312 -250.000 992.188 140.625 -78.125 1039.062
-859.375 -203.125 -531.250 -195.312 -718.750 718.750 -109.375 -515.625 882.812 210.938 -234.375 992.188 109.375 -70.312 1054.688
-859.375 -203.125 -531.250 -195.312 -718.750 718.750 -109.375 -515.625 882.812 210.938 -234.375 992.188 109.375 -70.312 1054.688
-859.375 -203.125 -531.250 -195.312 -718.750 718.750 -109.375 -515.625 882.812 210.938 -234.375 992.188 109.375 -70.312 1054.688
-859.375 -203.125 -531.250 -195.312 -718.750 718.750 -109.375 -515.625 882.812 210.938 -234.375 992.188 109.375 -70.312 1054.688
-859.375 -203.125 -531.250 -195.312 -718.750 718.750 -109.375 -515.625 882.812 210.938 -234.375 992.188 109.375 -70.312 1054.688
-875.000 -125.000 -570.312 -195.312 -687.500 695.312 -117.188 -492.188 875.000 234.375 -210.938 1000.000 148.438 -46.875 1062.500
-875.000 -125.000 -570.312 -195.312 -687.500 695.312 -117.188 -492.188 875.000 234.375 -210.938 1000.000 148.438 -46.875 1062.500
-882.812 -85.938 -531.250 -265.625 -671.875 671.875 -132.812 -492.188 851.562 218.750 -210.938 1000.000 164.062 -39.062 1062.500
-882.812 -85.938 -531.250 -265.625 -671.875 671.875 -132.812 -492.188 851.562 218.750 -210.938 1000.000 164.062 -39.062 1062.500
-882.812 -85.938 -531.250 -265.625 -671.875 671.875 -132.812 -492.188 851.562 218.750 -210.938 1000.000 164.062 -39.062 1062.500
-882.812 -85.938 -531.250 -265.625 -671.875 671.875 -132.812 -492.188 851.562 218.750 -210.938 1000.000 164.062 -39.062 1062.500
-882.812 -85.938 -531.250 -265.625 -671.875 671.875 -132.812 -492.188 851.562 218.750 -210.938 1000.000 164.062 -39.062 1062.500
-859.375 -125.000 -507.812 -265.625 -679.688 679.688 -171.875 -507.812 843.750 179.688 -226.562 984.375 101.562 -54.688 1039.062
-843.750 -140.625 -500.000 -265.625 -687.500 679.688 -171.875 -515.625 843.750 164.062 -226.562 984.375 85.938 -54.688 1031.250
-843.750 -140.625 -500.000 -265.625 -687.500 679.688 -171.875 -515.625 843.750 164.062 -226.562 984.375 85.938 -54.688 1031.250
-843.750 -140.625 -500.000 -257.812 -687.500 671.875 -171.875 -507.812 851.562 156.250 -234.375 984.375 85.938 -62.500 1023.438
-867.188 -93.750 -515.625 -265.625 -671.875 671.875 -171.875 -492.188 835.938 164.062 -226.562 976.562 78.125 -54.688 1031.250
-875.000 -85.938 -515.625 -281.250 -656.250 664.062 -171.875 -492.188 835.938 171.875 -226.562 976.562 93.750 -70.312 1031.250
-875.000 -109.375 -500.000 -289.062 -671.875 679.688 -179.688 -500.000 835.938 164.062 -226.562 992.188 101.562 -62.500 1023.438
-875.000 -109.375 -500.000 -289.062 -671.875 679.688 -179.688 -500.000 835.938 164.062 -226.562 992.188 101.562 -62.500 1023.438
-820.312 -164.062 -445.312 -296.875 -695.312 671.875 -226.562 -523.438 812.500 70.312 -242.188 953.125 -7.812 -85.938 992.188
-820.312 -164.062 -445.312 -296.875 -695.312 671.875 -226.562 -523.438 812.500 70.312 -242.188 953.125 -7.812 -85.938 992.188
-820.312 -164.062 -445.312 -296.875 -695.312 671.875 -226.562 -523.438 812.500 70.312 -242.188 953.125 -7.812 -85.938 992.188
-820.312 -164.062 -445.312 -296.875 -695.312 671.875 -226.562 -523.438 812.500 70.312 -242.188 953.125 -7.812 -85.938 992.188
-835.938 -148.438 -445.312 -304.688 -679.688 664.062 -218.750 -515.625 796.875 70.312 -250.000 945.312 -7.812 -85.938 976.562
-843.750 -109.375 -468.750 -320.312 -664.062 640.625 -218.750 -500.000 796.875 101.562 -242.188 937.500 39.062 -70.312 984.375
-875.000 7.812 -492.188 -320.312 -609.375 617.188 -195.312 -468.750 804.688 140.625 -226.562 960.938 85.938 -39.062 992.188
-875.000 7.812 -492.188 -320.312 -609.375 617.188 -195.312 -468.750 804.688 140.625 -226.562 960.938 85.938 -39.062 992.188
-882.812 -62.500 -468.750 -320.312 -601.562 625.000 -203.125 -453.125 812.500 164.062 -203.125 976.562 132.812 -15.625 1023.438
-859.375 -78.125 -460.938 -312.500 -593.750 625.000 -203.125 -445.312 796.875 132.812 -187.500 968.750 101.562 -23.438 1015.625
-859.375 -78.125 -460.938 -312.500 -593.750 625.000 -203.125 -445.312 796.875 132.812 -187.500 968.750 101.562 -23.438 1015.625
-835.938 -93.750 -445.312 -296.875 -601.562 632.812 -210.938 -453.125 796.875 101.562 -195.312 960.938 46.875 -31.250 1007.812
-835.938 -93.750 -445.312 -296.875 -601.562 632.812 -210.938 -453.125 796.875 101.562 -195.312 960.938 46.875 -31.250 1007.812
-835.938 -93.750 -437.500 -335.938 -656.250 625.000 -234.375 -500.000 773.438 70.312 -226.562 929.688 15.625 -54.688 984.375
-835.938 -93.750 -437.500 -335.938 -656.250 625.000 -234.375 -500.000 773.438 70.312 -226.562 929.688 15.625 -54.688 984.375
-835.938 -93.750 -437.500 -335.938 -656.250 625.000 -234.375 -500.000 773.438 70.312 -226.562 929.688 15.625 -54.688 984.375
-835.938 -85.938 -445.312 -343.750 -648.438 625.000 -234.375 -500.000 773.438 93.750 -234.375 929.688 31.250 -62.500 976.562
-851.562 -15.625 -476.562 -328.125 -625.000 625.000 -226.562 -484.375 796.875 93.750 -234.375 953.125 23.438 -70.312 992.188
-851.562 -15.625 -476.562 -328.125 -625.000 625.000 -226.562 -484.375 796.875 93.750 -234.375 953.125 23.438 -70.312 992.188
-867.188 -62.500 -476.562 -335.938 -671.875 625.000 -210.938 -515.625 804.688 117.188 -242.188 960.938 78.125 -62.500 1015.625
-867.188 -62.500 -500.000 -312.500 -687.500 640.625 -195.312 -531.250 812.500 117.188 -265.625 968.750 54.688 -93.750 1007.812
-867.188 -62.500 -500.000 -312.500 -687.500 640.625 -195.312 -531.250 812.500 117.188 -265.625 968.750 54.688 -93.750 1007.812
-867.188 -62.500 -500.000 -312.500 -687.500 640.625 -195.312 -531.250 812.500 117.188 -265.625 968.750 54.688 -93.750 1007.812
-867.188 -62.500 -500.000 -312.500 -687.500 640.625 -195.312 -531.250 812.500 117.188 -265.625 968.750 54.688 -93.750 1007.812
-867.188 -62.500 -500.000 -312.500 -687.500 640.625 -195.312 -531.250 812.500 117.188 -265.625 968.750 54.688 -93.750 1007.812
-859.375 -78.125 -500.000 -304.688 -695.312 648.438 -203.125 -539.062 812.500 132.812 -265.625 976.562 62.500 -85.938 1023.438
-859.375 -78.125 -500.000 -304.688 -695.312 648.438 -203.125 -539.062 812.500 132.812 -265.625 976.562 62.500 -85.938 1023.438
-867.188 -101.562 -507.812 -273.438 -703.125 656.250 -179.688 -531.250 828.125 132.812 -265.625 976.562 62.500 -93.750 1031.250
-867.188 -101.562 -507.812 -273.438 -703.125 656.250 -179.688 -531.250 828.125 132.812 -265.625 976.562 62.500 -93.750 1031.250
-859.375 -140.625 -500.000 -265.625 -718.750 671.875 -171.875 -539.062 835.938 132.812 -265.625 984.375 54.688 -93.750 1023.438
-859.375 -148.438 -500.000 -257.812 -726.562 664.062 -164.062 -546.875 828.125 140.625 -257.812 984.375 54.688 -93.750 1023.438
-859.375 -148.438 -500.000 -257.812 -726.562 664.062 -164.062 -546.875 828.125 140.625 -257.812 984.375 54.688 -93.750 1023.438
-859.375 -156.250 -507.812 -265.625 -726.562 664.062 -171.875 -546.875 820.312 125.000 -273.438 960.938 54.688 -109.375 1007.812
-867.188 -93.750 -500.000 -304.688 -679.688 656.250 -187.500 -515.625 820.312 164.062 -242.188 984.375 109.375 -54.688 1031.250
-867.188 -93.750 -500.000 -304.688 -679.688 656.250 -187.500 -515.625 820.312 164.062 -242.188 984.375 109.375 -54.688 1031.250
-867.188 -93.750 -500.000 -304.688 -679.688 656.250 -187.500 -515.625 820.312 164.062 -242.188 984.375 109.375 -54.688 1031.250
-867.188 -93.750 -500.000 -304.688 -679.688 656.250 -187.500 -515.625 820.312 164.062 -242.188 984.375 109.375 -54.688 1031.250
-859.375 -101.562 -500.000 -296.875 -679.688 656.250 -187.500 -507.812 828.125 156.250 -234.375 976.562 101.562 -62.500 1031.250
-851.562 -101.562 -500.000 -289.062 -671.875 656.250 -187.500 -500.000 828.125 156.250 -226.562 984.375 101.562 -46.875 1031.250
-851.562 -101.562 -500.000 -289.062 -671.875 656.250 -187.500 -500.000 828.125 156.250 -226.562 984.375 101.562 -46.875 1031.250
-859.375 -93.750 -500.000 -289.062 -648.438 656.250 -179.688 -484.375 820.312 164.062 -203.125 960.938 117.188 -23.438 1023.438
-859.375 -93.750 -492.188 -289.062 -640.625 648.438 -179.688 -476.562 812.500 171.875 -195.312 984.375 117.188 -15.625 1031.250
-859.375 -93.750 -492.188 -289.062 -640.625 648.438 -179.688 -476.562 812.500 171.875 -195.312 984.375 117.188 -15.625 1031.250
