-445.312 -750.000 93.750 -796.875 -15.625 500.000 -882.812 93.750 406.250 -875.000 421.875 164.062 -882.812 265.625 406.250
-382.812 -960.938 164.062 -781.250 -85.938 523.438 -828.125 23.438 414.062 -789.062 328.125 187.500 -726.562 242.188 359.375
-382.812 -960.938 164.062 -781.250 -85.938 523.438 -828.125 23.438 414.062 -789.062 328.125 187.500 -726.562 242.188 359.375
-406.250 -968.750 179.688 -773.438 -125.000 617.188 -882.812 -15.625 476.562 -890.625 351.562 234.375 -859.375 164.062 390.625
-406.250 -968.750 179.688 -773.438 -125.000 617.188 -882.812 -15.625 476.562 -890.625 351.562 234.375 -859.375 164.062 390.625
-453.125 -1000.000 93.750 -765.625 -23.438 625.000 -867.188 85.938 531.250 -890.625 453.125 273.438 -882.812 257.812 507.812
-453.125 -1000.000 93.750 -765.625 -23.438 625.000 -867.188 85.938 531.250 -890.625 453.125 273.438 -882.812 257.812 507.812
-453.125 -1000.000 93.750 -765.625 -23.438 625.000 -867.188 85.938 531.250 -890.625 453.125 273.438 -882.812 257.812 507.812
-453.125 -1000.000 93.750 -765.625 -23.438 625.000 -867.188 85.938 531.250 -890.625 453.125 273.438 -882.812 257.812 507.812
-453.125 -1000.000 93.750 -765.625 -23.438 625.000 -867.188 85.938 531.250 -890.625 453.125 273.438 -882.812 257.812 507.812
-421.875 -812.500 85.938 -789.062 7.812 500.000 -875.000 125.000 429.688 -882.812 468.750 210.938 -890.625 265.625 476.562
-421.875 -812.500 85.938 -789.062 7.812 500.000 -875.000 125.000 429.688 -882.812 468.750 210.938 -890.625 265.625 476.562
-421.875 -812.500 85.938 -789.062 7.812 500.000 -875.000 125.000 429.688 -882.812 468.750 210.938 -890.625 265.625 476.562
-421.875 -812.500 85.938 -789.062 7.812 500.000 -875.000 125.000 429.688 -882.812 468.750 210.938 -890.625 265.625 476.562
-398.438 -898.438 117.188 -804.688 -54.688 484.375 -875.000 62.500 359.375 -859.375 359.375 117.188 -812.500 265.625 328.125
-398.438 -898.438 117.188 -804.688 -54.688 484.375 -875.000 62.500 359.375 -859.375 359.375 117.188 -812.500 265.625 328.125
-398.438 -898.438 117.188 -804.688 -54.688 484.375 -875.000 62.500 359.375 -859.375 359.375 117.188 -812.500 265.625 328.125
-398.438 -898.438 117.188 -804.688 -54.688 484.375 -875.000 62.500 359.375 -859.375 359.375 117.188 -812.500 265.625 328.125
-398.438 -898.438 117.188 -804.688 -54.688 484.375 -875.000 62.500 359.375 -859.375 359.375 117.188 -812.500 265.625 328.125
-398.438 -898.438 117.188 -804.688 -54.688 484.375 -875.000 62.500 359.375 -859.375 359.375 117.188 -812.500 265.625 328.125
-398.438 -898.438 117.188 -804.688 -54.688 484.375 -875.000 62.500 359.375 -859.375 359.375 117.188 -812.500 265.625 328.125
-398.438 -921.875 156.250 -812.500 -101.562 500.000 -882.812 15.625 375.000 -851.562 312.500 156.250 -812.500 187.500 320.312
-398.438 -921.875 156.250 -812.500 -101.562 500.000 -882.812 15.625 375.000 -851.562 312.500 156.250 -812.500 187.500 320.312
-476.562 -867.188 78.125 -789.062 -7.812 523.438 -882.812 101.562 453.125 -898.438 445.312 242.188 -898.438 234.375 468.750
-476.562 -867.188 78.125 -789.062 -7.812 523.438 -882.812 101.562 453.125 -898.438 445.312 242.188 -898.438 234.375 468.750
-476.562 -867.188 78.125 -789.062 -7.812 523.438 -882.812 101.562 453.125 -898.438 445.312 242.188 -898.438 234.375 468.750
-476.562 -867.188 78.125 -789.062 -7.812 523.438 -882.812 101.562 453.125 -898.438 445.312 242.188 -898.438 234.375 468.750
-476.562 -867.188 78.125 -789.062 -7.812 523.438 -882.812 101.562 453.125 -898.438 445.312 242.188 -898.438 234.375 468.750
-476.562 -867.188 78.125 -789.062 -7.812 523.438 -882.812 101.562 453.125 -898.438 445.312 242.188 -898.438 234.375 468.750
-476.562 -867.188 78.125 -789.062 -7.812 523.438 -882.812 101.562 453.125 -898.438 445.312 242.188 -898.438 234.375 468.750
-476.562 -867.188 78.125 -789.062 -7.812 523.438 -882.812 101.562 453.125 -898.438 445.312 242.188 -898.438 234.375 468.750
-476.562 -867.188 78.125 -789.062 -7.812 523.438 -882.812 101.562 453.125 -898.438 445.312 242.188 -898.438 234.375 468.750
-484.375 -773.438 39.062 -789.062 46.875 476.562 -875.000 164.062 406.250 -882.812 500.000 179.688 -882.812 312.500 492.188
-484.375 -773.438 39.062 -789.062 46.875 476.562 -875.000 164.062 406.250 -882.812 500.000 179.688 -882.812 312.500 492.188
-484.375 -773.438 39.062 -789.062 46.875 476.562 -875.000 164.062 406.250 -882.812 500.000 179.688 -882.812 312.500 492.188
-445.312 -750.000 85.938 -789.062 15.625 484.375 -882.812 117.188 398.438 -890.625 445.312 171.875 -898.438 273.438 421.875
-445.312 -750.000 85.938 -789.062 15.625 484.375 -882.812 117.188 398.438 -890.625 445.312 171.875 -898.438 273.438 421.875
-414.062 -898.438 93.750 -796.875 -54.688 468.750 -875.000 62.500 375.000 -843.750 375.000 156.250 -835.938 218.750 359.375
-414.062 -898.438 93.750 -796.875 -54.688 468.750 -875.000 62.500 375.000 -843.750 375.000 156.250 -835.938 218.750 359.375
-398.438 -937.500 109.375 -812.500 -78.125 484.375 -898.438 23.438 359.375 -882.812 351.562 132.812 -859.375 234.375 328.125
-398.438 -937.500 109.375 -812.500 -78.125 484.375 -898.438 23.438 359.375 -882.812 351.562 132.812 -859.375 234.375 328.125
-414.062 -945.312 117.188 -804.688 -93.750 492.188 -906.250 23.438 367.188 -882.812 343.750 140.625 -867.188 210.938 320.312
-414.062 -945.312 117.188 -804.688 -93.750 492.188 -906.250 23.438 367.188 -882.812 343.750 140.625 -867.188 210.938 320.312
-445.312 -921.875 109.375 -789.062 -78.125 562.500 -890.625 31.250 453.125 -875.000 375.000 234.375 -867.188 203.125 429.688
-445.312 -921.875 109.375 -789.062 -78.125 562.500 -890.625 31.250 453.125 -875.000 375.000 234.375 -867.188 203.125 429.688
-445.312 -921.875 109.375 -789.062 -78.125 562.500 -890.625 31.250 453.125 -875.000 375.000 234.375 -867.188 203.125 429.688
-445.312 -921.875 109.375 -789.062 -78.125 562.500 -890.625 31.250 453.125 -875.000 375.000 234.375 -867.188 203.125 429.688
-445.312 -921.875 109.375 -789.062 -78.125 562.500 -890.625 31.250 453.125 -875.000 375.000 234.375 -867.188 203.125 429.688
-484.375 -906.250 78.125 -789.062 -31.250 562.500 -882.812 70.312 476.562 -890.625 414.062 257.812 -875.000 210.938 476.562
-484.375 -906.250 78.125 -789.062 -31.250 562.500 -882.812 70.312 476.562 -890.625 414.062 257.812 -875.000 210.938 476.562
-515.625 -890.625 31.250 -804.688 -15.625 539.062 -882.812 85.938 460.938 -898.438 429.688 234.375 -890.625 226.562 468.750
-515.625 -890.625 31.250 -804.688 -15.625 539.062 -882.812 85.938 460.938 -898.438 429.688 234.375 -890.625 226.562 468.750
-507.812 -875.000 31.250 -789.062 -15.625 515.625 -875.000 93.750 453.125 -875.000 421.875 226.562 -875.000 234.375 460.938
-507.812 -875.000 31.250 -789.062 -15.625 515.625 -875.000 93.750 453.125 -875.000 421.875 226.562 -875.000 234.375 460.938
-390.625 -921.875 148.438 -804.688 -54.688 515.625 -882.812 39.062 390.625 -875.000 367.188 156.250 -859.375 226.562 343.750
-390.625 -921.875 148.438 -804.688 -54.688 515.625 -882.812 39.062 390.625 -875.000 367.188 156.250 -859.375 226.562 343.750
-390.625 -921.875 148.438 -804.688 -54.688 515.625 -882.812 39.062 390.625 -875.000 367.188 156.250 -859.375 226.562 343.750
-390.625 -921.875 148.438 -804.688 -54.688 515.625 -882.812 39.062 390.625 -875.000 367.188 156.250 -859.375 226.562 343.750
-390.625 -921.875 148.438 -804.688 -54.688 515.625 -882.812 39.062 390.625 -875.000 367.188 156.250 -859.375 226.562 343.750
-390.625 -921.875 148.438 -804.688 -54.688 515.625 -882.812 39.062 390.625 -875.000 367.188 156.250 -859.375 226.562 343.750
-390.625 -921.875 148.438 -804.688 -54.688 515.625 -882.812 39.062 390.625 -875.000 367.188 156.250 -859.375 226.562 343.750
-390.625 -921.875 148.438 -804.688 -54.688 515.625 -882.812 39.062 390.625 -875.000 367.188 156.250 -859.375 226.562 343.750
-390.625 -921.875 148.438 -804.688 -54.688 515.625 -882.812 39.062 390.625 -875.000 367.188 156.250 -859.375 226.562 343.750
-390.625 -921.875 148.438 -804.688 -54.688 515.625 -882.812 39.062 390.625 -875.000 367.188 156.250 -859.375 226.562 343.750
-390.625 -921.875 148.438 -804.688 -54.688 515.625 -882.812 39.062 390.625 -875.000 367.188 156.250 -859.375 226.562 343.750
-390.625 -921.875 148.438 -804.688 -54.688 515.625 -882.812 39.062 390.625 -875.000 367.188 156.250 -859.375 226.562 343.750
-437.500 -1023.438 125.000 -789.062 -101.562 617.188 -890.625 0.000 476.562 -890.625 343.750 210.938 -875.000 203.125 375.000
-437.500 -1023.438 125.000 -789.062 -101.562 617.188 -890.625 0.000 476.562 -890.625 343.750 210.938 -875.000 203.125 375.000
-453.125 -1000.000 85.938 -781.250 -70.312 593.750 -859.375 39.062 476.562 -882.812 390.625 234.375 -867.188 226.562 429.688
-453.125 -1000.000 85.938 -781.250 -70.312 593.750 -859.375 39.062 476.562 -882.812 390.625 234.375 -867.188 226.562 429.688
-468.750 -820.312 39.062 -789.062 0.000 515.625 -882.812 101.562 445.312 -882.812 453.125 234.375 -890.625 242.188 507.812
-468.750 -820.312 39.062 -789.062 0.000 515.625 -882.812 101.562 445.312 -882.812 453.125 234.375 -890.625 242.188 507.812
-468.750 -820.312 39.062 -789.062 0.000 515.625 -882.812 101.562 445.312 -882.812 453.125 234.375 -890.625 242.188 507.812
-468.750 -820.312 39.062 -789.062 0.000 515.625 -882.812 101.562 445.312 -882.812 453.125 234.375 -890.625 242.188 507.812
-468.750 -820.312 39.062 -789.062 0.000 515.625 -882.812 101.562 445.312 -882.812 453.125 234.375 -890.625 242.188 507.812
-468.750 -820.312 39.062 -789.062 0.000 515.625 -882.812 101.562 445.312 -882.812 453.125 234.375 -890.625 242.188 507.812
-468.750 -820.312 39.062 -789.062 0.000 515.625 -882.812 101.562 445.312 -882.812 453.125 234.375 -890.625 242.188 507.812
-421.875 -851.562 109.375 -812.500 -46.875 500.000 -882.812 54.688 390.625 -875.000 382.812 179.688 -875.000 210.938 390.625
-421.875 -851.562 109.375 -812.500 -46.875 500.000 -882.812 54.688 390.625 -875.000 382.812 179.688 -875.000 210.938 390.625
-421.875 -851.562 109.375 -812.500 -46.875 500.000 -882.812 54.688 390.625 -875.000 382.812 179.688 -875.000 210.938 390.625
-421.875 -851.562 109.375 -812.500 -46.875 500.000 -882.812 54.688 390.625 -875.000 382.812 179.688 -875.000 210.938 390.625
-421.875 -851.562 109.375 -812.500 -46.875 500.000 -882.812 54.688 390.625 -875.000 382.812 179.688 -875.000 210.938 390.625
-414.062 -890.625 125.000 -820.312 -70.312 507.812 -890.625 23.438 398.438 -890.625 367.188 179.688 -867.188 210.938 375.000
-414.062 -890.625 125.000 -820.312 -70.312 507.812 -890.625 23.438 398.438 -890.625 367.188 179.688 -867.188 210.938 375.000
-445.312 -976.562 93.750 -812.500 -62.500 539.062 -898.438 23.438 437.500 -906.250 367.188 210.938 -898.438 195.312 398.438
-445.312 -976.562 93.750 -812.500 -62.500 539.062 -898.438 23.438 437.500 -906.250 367.188 210.938 -898.438 195.312 398.438
-492.188 -914.062 31.250 -789.062 -31.250 531.250 -875.000 62.500 453.125 -875.000 414.062 250.000 -867.188 210.938 484.375
-492.188 -914.062 31.250 -789.062 -31.250 531.250 -875.000 62.500 453.125 -875.000 414.062 250.000 -867.188 210.938 484.375
-492.188 -914.062 31.250 -789.062 -31.250 531.250 -875.000 62.500 453.125 -875.000 414.062 250.000 -867.188 210.938 484.375
-492.188 -914.062 31.250 -789.062 -31.250 531.250 -875.000 62.500 453.125 -875.000 414.062 250.000 -867.188 210.938 484.375
-500.000 -875.000 31.250 -789.062 -39.062 523.438 -867.188 54.688 453.125 -882.812 398.438 242.188 -875.000 195.312 468.750
-500.000 -875.000 31.250 -789.062 -39.062 523.438 -867.188 54.688 453.125 -882.812 398.438 242.188 -875.000 195.312 468.750
-500.000 -875.000 31.250 -789.062 -39.062 523.438 -867.188 54.688 453.125 -882.812 398.438 242.188 -875.000 195.312 468.750
-421.875 -890.625 132.812 -804.688 -62.500 531.250 -898.438 31.250 421.875 -906.250 367.188 195.312 -890.625 203.125 398.438
-421.875 -890.625 132.812 -804.688 -62.500 531.250 -898.438 31.250 421.875 -906.250 367.188 195.312 -890.625 203.125 398.438
-421.875 -890.625 132.812 -804.688 -62.500 531.250 -898.438 31.250 421.875 -906.250 367.188 195.312 -890.625 203.125 398.438
-421.875 -890.625 132.812 -804.688 -62.500 531.250 -898.438 31.250 421.875 -906.250 367.188 195.312 -890.625 203.125 398.438
-421.875 -890.625 132.812 -804.688 -62.500 531.250 -898.438 31.250 421.875 -906.250 367.188 195.312 -890.625 203.125 398.438
-421.875 -890.625 132.812 -804.688 -62.500 531.250 -898.438 31.250 421.875 -906.250 367.188 195.312 -890.625 203.125 398.438
-421.875 -890.625 132.812 -804.688 -62.500 531.250 -898.438 31.250 421.875 -906.250 367.188 195.312 -890.625 203.125 398.438
-437.500 -851.562 117.188 -828.125 -15.625 531.250 -929.688 78.125 453.125 -960.938 437.500 234.375 -960.938 226.562 468.750
-437.500 -851.562 117.188 -828.125 -15.625 531.250 -929.688 78.125 453.125 -960.938 437.500 234.375 -960.938 226.562 468.750
-429.688 -929.688 109.375 -828.125 7.812 593.750 -820.312 132.812 500.000 -1054.688 476.562 203.125 -1031.250 226.562 460.938
-429.688 -929.688 109.375 -828.125 7.812 593.750 -820.312 132.812 500.000 -1054.688 476.562 203.125 -1031.250 226.562 460.938
-429.688 -929.688 109.375 -828.125 7.812 593.750 -820.312 132.812 500.000 -1054.688 476.562 203.125 -1031.250 226.562 460.938
-429.688 -929.688 109.375 -828.125 7.812 593.750 -820.312 132.812 500.000 -1054.688 476.562 203.125 -1031.250 226.562 460.938
-437.500 -1000.000 101.562 -851.562 31.250 570.312 -984.375 125.000 437.500 -1085.938 460.938 179.688 -1132.812 250.000 414.062
-437.500 -1000.000 101.562 -851.562 31.250 570.312 -984.375 125.000 437.500 -1085.938 460.938 179.688 -1132.812 250.000 414.062
-437.500 -1000.000 101.562 -851.562 31.250 570.312 -984.375 125.000 437.500 -1085.938 460.938 179.688 -1132.812 250.000 414.062
-468.750 -1039.062 78.125 -882.812 54.688 554.688 -1023.438 203.125 390.625 -1140.625 500.000 140.625 -1210.938 296.875 351.562
-468.750 -1039.062 78.125 -882.812 54.688 554.688 -1023.438 203.125 390.625 -1140.625 500.000 140.625 -1210.938 296.875 351.562
-546.875 -992.188 -7.812 -710.938 -7.812 679.688 -687.500 46.875 617.188 -1031.250 -101.562 101.562 -820.312 -39.062 -210.938
-546.875 -992.188 -7.812 -710.938 -7.812 679.688 -687.500 46.875 617.188 -1031.250 -101.562 101.562 -820.312 -39.062 -210.938
-546.875 -992.188 -7.812 -710.938 -7.812 679.688 -687.500 46.875 617.188 -1031.250 -101.562 101.562 -820.312 -39.062 -210.938
-546.875 -992.188 -7.812 -710.938 -7.812 679.688 -687.500 46.875 617.188 -1031.250 -101.562 101.562 -820.312 -39.062 -210.938
-546.875 -992.188 -7.812 -710.938 -7.812 679.688 -687.500 46.875 617.188 -1031.250 -101.562 101.562 -820.312 -39.062 -210.938
-546.875 -992.188 -7.812 -710.938 -7.812 679.688 -687.500 46.875 617.188 -1031.250 -101.562 101.562 -820.312 -39.062 -210.938
-742.188 -789.062 -78.125 -257.812 31.250 1031.250 -296.875 0.000 1343.750 -648.438 -695.312 0.000 -218.750 710.938 -46.875
-742.188 -789.062 -78.125 -257.812 31.250 1031.250 -296.875 0.000 1343.750 -648.438 -695.312 0.000 -218.750 710.938 -46.875
-742.188 -789.062 -78.125 -257.812 31.250 1031.250 -296.875 0.000 1343.750 -648.438 -695.312 0.000 -218.750 710.938 -46.875
-804.688 -953.125 -187.500 -250.000 -156.250 1140.625 -398.438 -460.938 1054.688 -70.312 -398.438 -54.688 23.438 640.625 179.688
-804.688 -953.125 -187.500 -250.000 -156.250 1140.625 -398.438 -460.938 1054.688 -70.312 -398.438 -54.688 23.438 640.625 179.688
-929.688 -1226.562 -335.938 -492.188 -382.812 953.125 -539.062 -898.438 421.875 710.938 1773.438 -523.438 367.188 -132.812 -250.000
-929.688 -1226.562 -335.938 -492.188 -382.812 953.125 -539.062 -898.438 421.875 710.938 1773.438 -523.438 367.188 -132.812 -250.000
-695.312 -1226.562 -156.250 -539.062 -406.250 750.000 -1000.000 250.000 359.375 710.938 1203.125 609.375 820.312 132.812 -109.375
-695.312 -1226.562 -156.250 -539.062 -406.250 750.000 -1000.000 250.000 359.375 710.938 1203.125 609.375 820.312 132.812 -109.375
-585.938 -1148.438 -62.500 -414.062 -273.438 664.062 -890.625 265.625 382.812 85.938 1234.375 578.125 1062.500 398.438 359.375
-585.938 -1148.438 -62.500 -414.062 -273.438 664.062 -890.625 265.625 382.812 85.938 1234.375 578.125 1062.500 398.438 359.375
-585.938 -1148.438 -62.500 -414.062 -273.438 664.062 -890.625 265.625 382.812 85.938 1234.375 578.125 1062.500 398.438 359.375
-539.062 -570.312 -39.062 -468.750 273.438 515.625 -289.062 601.562 640.625 414.062 1210.938 804.688 1718.750 1296.875 1906.250
-539.062 -570.312 -39.062 -468.750 273.438 515.625 -289.062 601.562 640.625 414.062 1210.938 804.688 1718.750 1296.875 1906.250
-726.562 -554.688 -171.875 -312.500 320.312 570.312 -242.188 671.875 726.562 -125.000 1367.188 703.125 1460.938 1242.188 2445.312
-726.562 -554.688 -171.875 -312.500 320.312 570.312 -242.188 671.875 726.562 -125.000 1367.188 703.125 1460.938 1242.188 2445.312
-453.125 -757.812 421.875 -359.375 273.438 562.500 -289.062 648.438 812.500 1257.812 1148.438 1406.250 984.375 429.688 1757.812
-453.125 -757.812 421.875 -359.375 273.438 562.500 -289.062 648.438 812.500 1257.812 1148.438 1406.250 984.375 429.688 1757.812
-179.688 -492.188 398.438 -585.938 -125.000 445.312 -492.188 468.750 859.375 -1281.250 1648.438 906.250 968.750 -976.562 843.750
-179.688 -492.188 398.438 -585.938 -125.000 445.312 -492.188 468.750 859.375 -1281.250 1648.438 906.250 968.750 -976.562 843.750
-179.688 -492.188 398.438 -585.938 -125.000 445.312 -492.188 468.750 859.375 -1281.250 1648.438 906.250 968.750 -976.562 843.750
-937.500 -1007.812 210.938 -781.250 -140.625 546.875 -429.688 195.312 812.500 -632.812 1031.250 609.375 281.250 117.188 906.250
-937.500 -1007.812 210.938 -781.250 -140.625 546.875 -429.688 195.312 812.500 -632.812 1031.250 609.375 281.250 117.188 906.250
-601.562 -601.562 296.875 -531.250 -828.125 1000.000 -828.125 -382.812 953.125 -359.375 382.812 796.875 93.750 23.438 804.688
-601.562 -601.562 296.875 -531.250 -828.125 1000.000 -828.125 -382.812 953.125 -359.375 382.812 796.875 93.750 23.438 804.688
-601.562 -601.562 296.875 -531.250 -828.125 1000.000 -828.125 -382.812 953.125 -359.375 382.812 796.875 93.750 23.438 804.688
-601.562 -601.562 296.875 -531.250 -828.125 1000.000 -828.125 -382.812 953.125 -359.375 382.812 796.875 93.750 23.438 804.688
-859.375 -359.375 109.375 -468.750 -671.875 1031.250 -703.125 -390.625 921.875 -382.812 382.812 718.750 93.750 -132.812 742.188
-859.375 -359.375 109.375 -468.750 -671.875 1031.250 -703.125 -390.625 921.875 -382.812 382.812 718.750 93.750 -132.812 742.188
-859.375 -359.375 109.375 -468.750 -671.875 1031.250 -703.125 -390.625 921.875 -382.812 382.812 718.750 93.750 -132.812 742.188
-820.312 -382.812 -7.812 -179.688 -257.812 804.688 -343.750 -54.688 890.625 0.000 656.250 773.438 476.562 62.500 960.938
-820.312 -382.812 -7.812 -179.688 -257.812 804.688 -343.750 -54.688 890.625 0.000 656.250 773.438 476.562 62.500 960.938
-820.312 -382.812 -7.812 -179.688 -257.812 804.688 -343.750 -54.688 890.625 0.000 656.250 773.438 476.562 62.500 960.938
-820.312 -382.812 -7.812 -179.688 -257.812 804.688 -343.750 -54.688 890.625 0.000 656.250 773.438 476.562 62.500 960.938
-820.312 -382.812 -7.812 -179.688 -257.812 804.688 -343.750 -54.688 890.625 0.000 656.250 773.438 476.562 62.500 960.938
-820.312 -382.812 -7.812 -179.688 -257.812 804.688 -343.750 -54.688 890.625 0.000 656.250 773.438 476.562 62.500 960.938
-843.750 -437.500 -23.438 -125.000 -234.375 843.750 -281.250 -39.062 921.875 62.500 679.688 789.062 507.812 85.938 968.750
-843.750 -437.500 -23.438 -125.000 -234.375 843.750 -281.250 -39.062 921.875 62.500 679.688 789.062 507.812 85.938 968.750
-843.750 -437.500 -23.438 -125.000 -234.375 843.750 -281.250 -39.062 921.875 62.500 679.688 789.062 507.812 85.938 968.750
-851.562 -507.812 -31.250 -54.688 -296.875 890.625 -226.562 -46.875 960.938 109.375 695.312 804.688 578.125 117.188 968.750
-851.562 -507.812 -31.250 -54.688 -296.875 890.625 -226.562 -46.875 960.938 109.375 695.312 804.688 578.125 117.188 968.750
-851.562 -523.438 -23.438 -85.938 -312.500 898.438 -281.250 -85.938 953.125 70.312 695.312 820.312 578.125 101.562 976.562
-851.562 -523.438 -23.438 -85.938 -312.500 898.438 -281.250 -85.938 953.125 70.312 695.312 820.312 578.125 101.562 976.562
-851.562 -585.938 -7.812 -132.812 -375.000 937.500 -328.125 -140.625 945.312 39.062 671.875 835.938 554.688 101.562 984.375
-851.562 -585.938 -7.812 -132.812 -375.000 937.500 -328.125 -140.625 945.312 39.062 671.875 835.938 554.688 101.562 984.375
-867.188 -648.438 23.438 -148.438 -414.062 968.750 -359.375 -195.312 968.750 -62.500 695.312 851.562 531.250 93.750 1031.250
-867.188 -648.438 23.438 -148.438 -414.062 968.750 -359.375 -195.312 968.750 -62.500 695.312 851.562 531.250 93.750 1031.250
-867.188 -648.438 23.438 -148.438 -414.062 968.750 -359.375 -195.312 968.750 -62.500 695.312 851.562 531.250 93.750 1031.250
-843.750 -617.188 39.062 -203.125 -421.875 968.750 -414.062 -218.750 945.312 -62.500 687.500 867.188 492.188 31.250 1093.750
-843.750 -617.188 39.062 -203.125 -421.875 968.750 -414.062 -218.750 945.312 -62.500 687.500 867.188 492.188 31.250 1093.750
-820.312 -421.875 85.938 -429.688 -375.000 929.688 -648.438 -242.188 882.812 -398.438 585.938 835.938 -54.688 -78.125 992.188
-820.312 -421.875 85.938 -429.688 -375.000 929.688 -648.438 -242.188 882.812 -398.438 585.938 835.938 -54.688 -78.125 992.188
-820.312 -421.875 85.938 -429.688 -375.000 929.688 -648.438 -242.188 882.812 -398.438 585.938 835.938 -54.688 -78.125 992.188
-820.312 -421.875 85.938 -429.688 -375.000 929.688 -648.438 -242.188 882.812 -398.438 585.938 835.938 -54.688 -78.125 992.188
-679.688 -359.375 140.625 -445.312 -296.875 914.062 -648.438 -351.562 1015.625 -414.062 625.000 812.500 7.812 -15.625 968.750
-679.688 -359.375 140.625 -445.312 -296.875 914.062 -648.438 -351.562 1015.625 -414.062 625.000 812.500 7.812 -15.625 968.750
-679.688 -359.375 140.625 -445.312 -296.875 914.062 -648.438 -351.562 1015.625 -414.062 625.000 812.500 7.812 -15.625 968.750
-796.875 -46.875 85.938 -343.750 -257.812 882.812 -531.250 -234.375 835.938 320.312 500.000 718.750 39.062 -15.625 851.562
-796.875 -46.875 85.938 -343.750 -257.812 882.812 -531.250 -234.375 835.938 320.312 500.000 718.750 39.062 -15.625 851.562
-710.938 125.000 93.750 -304.688 -382.812 890.625 -515.625 -156.250 773.438 31.250 265.625 945.312 93.750 46.875 921.875
-710.938 125.000 93.750 -304.688 -382.812 890.625 -515.625 -156.250 773.438 31.250 265.625 945.312 93.750 46.875 921.875
-437.500 -156.250 242.188 -421.875 -390.625 937.500 -546.875 -289.062 796.875 -171.875 304.688 796.875 -31.250 -39.062 851.562
-437.500 -156.250 242.188 -421.875 -390.625 937.500 -546.875 -289.062 796.875 -171.875 304.688 796.875 -31.250 -39.062 851.562
-484.375 -367.188 23.438 -312.500 -468.750 1007.812 -421.875 -406.250 828.125 -429.688 304.688 703.125 -132.812 -109.375 875.000
-484.375 -367.188 23.438 -312.500 -468.750 1007.812 -421.875 -406.250 828.125 -429.688 304.688 703.125 -132.812 -109.375 875.000
-484.375 -367.188 23.438 -312.500 -468.750 1007.812 -421.875 -406.250 828.125 -429.688 304.688 703.125 -132.812 -109.375 875.000
-640.625 -429.688 -218.750 -398.438 -500.000 1023.438 -515.625 -289.062 781.250 -140.625 320.312 929.688 -179.688 -7.812 953.125
-640.625 -429.688 -218.750 -398.438 -500.000 1023.438 -515.625 -289.062 781.250 -140.625 320.312 929.688 -179.688 -7.812 953.125
-640.625 -429.688 -218.750 -398.438 -500.000 1023.438 -515.625 -289.062 781.250 -140.625 320.312 929.688 -179.688 -7.812 953.125
-640.625 -429.688 -218.750 -398.438 -500.000 1023.438 -515.625 -289.062 781.250 -140.625 320.312 929.688 -179.688 -7.812 953.125
-656.250 -804.688 -601.562 -203.125 -328.125 828.125 -593.750 -148.438 515.625 -523.438 453.125 343.750 -562.500 7.812 101.562
-656.250 -804.688 -601.562 -203.125 -328.125 828.125 -593.750 -148.438 515.625 -523.438 453.125 343.750 -562.500 7.812 101.562
-656.250 -804.688 -601.562 -203.125 -328.125 828.125 -593.750 -148.438 515.625 -523.438 453.125 343.750 -562.500 7.812 101.562
-632.812 -906.250 -617.188 -156.250 -281.250 804.688 -671.875 0.000 546.875 -179.688 500.000 500.000 -851.562 203.125 523.438
-632.812 -906.250 -617.188 -156.250 -281.250 804.688 -671.875 0.000 546.875 -179.688 500.000 500.000 -851.562 203.125 523.438
-578.125 -1062.500 -570.312 -195.312 -203.125 796.875 -687.500 -296.875 539.062 -429.688 710.938 570.312 -85.938 164.062 960.938
-578.125 -1062.500 -570.312 -195.312 -203.125 796.875 -687.500 -296.875 539.062 -429.688 710.938 570.312 -85.938 164.062 960.938
-515.625 -1132.812 -492.188 -343.750 -117.188 906.250 -539.062 -328.125 687.500 -359.375 679.688 671.875 -85.938 117.188 1023.438
-515.625 -1132.812 -492.188 -343.750 -117.188 906.250 -539.062 -328.125 687.500 -359.375 679.688 671.875 -85.938 117.188 1023.438
-593.750 -1242.188 -546.875 -539.062 375.000 312.500 -109.375 570.312 1125.000 -320.312 125.000 1046.875 85.938 62.500 1031.250
-593.750 -1242.188 -546.875 -539.062 375.000 312.500 -109.375 570.312 1125.000 -320.312 125.000 1046.875 85.938 62.500 1031.250
-554.688 -1046.875 -515.625 -539.062 531.250 421.875 -218.750 468.750 1062.500 -54.688 187.500 1070.312 156.250 70.312 1000.000
-554.688 -1046.875 -515.625 -539.062 531.250 421.875 -218.750 468.750 1062.500 -54.688 187.500 1070.312 156.250 70.312 1000.000
-554.688 -1046.875 -515.625 -539.062 531.250 421.875 -218.750 468.750 1062.500 -54.688 187.500 1070.312 156.250 70.312 1000.000
-554.688 -945.312 -554.688 -453.125 390.625 664.062 -164.062 390.625 914.062 -171.875 625.000 898.438 132.812 171.875 1078.125
-554.688 -945.312 -554.688 -453.125 390.625 664.062 -164.062 390.625 914.062 -171.875 625.000 898.438 132.812 171.875 1078.125
-468.750 -859.375 -500.000 -539.062 367.188 664.062 -195.312 437.500 921.875 -156.250 640.625 851.562 101.562 382.812 1148.438
-468.750 -859.375 -500.000 -539.062 367.188 664.062 -195.312 437.500 921.875 -156.250 640.625 851.562 101.562 382.812 1148.438
-468.750 -859.375 -500.000 -539.062 367.188 664.062 -195.312 437.500 921.875 -156.250 640.625 851.562 101.562 382.812 1148.438
-304.688 -1101.562 -359.375 -515.625 296.875 835.938 -187.500 500.000 992.188 -195.312 632.812 851.562 -85.938 507.812 1031.250
-304.688 -1101.562 -359.375 -515.625 296.875 835.938 -187.500 500.000 992.188 -195.312 632.812 851.562 -85.938 507.812 1031.250
-304.688 -1101.562 -359.375 -515.625 296.875 835.938 -187.500 500.000 992.188 -195.312 632.812 851.562 -85.938 507.812 1031.250
-304.688 -1101.562 -359.375 -515.625 296.875 835.938 -187.500 500.000 992.188 -195.312 632.812 851.562 -85.938 507.812 1031.250
-312.500 -1109.375 -367.188 -476.562 320.312 906.250 -210.938 484.375 1007.812 -179.688 640.625 859.375 -85.938 437.500 1015.625
-312.500 -1109.375 -367.188 -476.562 320.312 906.250 -210.938 484.375 1007.812 -179.688 640.625 859.375 -85.938 437.500 1015.625
-351.562 -1054.688 -421.875 -476.562 351.562 960.938 -226.562 460.938 1031.250 -179.688 664.062 867.188 -23.438 343.750 1046.875
-351.562 -1054.688 -421.875 -476.562 351.562 960.938 -226.562 460.938 1031.250 -179.688 664.062 867.188 -23.438 343.750 1046.875
-375.000 -1015.625 -421.875 -609.375 328.125 812.500 -273.438 507.812 976.562 -210.938 695.312 898.438 0.000 375.000 1109.375
-375.000 -1015.625 -421.875 -609.375 328.125 812.500 -273.438 507.812 976.562 -210.938 695.312 898.438 0.000 375.000 1109.375
-375.000 -929.688 -390.625 -656.250 289.062 742.188 -343.750 507.812 929.688 -242.188 703.125 898.438 -15.625 335.938 1132.812
-375.000 -929.688 -390.625 -656.250 289.062 742.188 -343.750 507.812 929.688 -242.188 703.125 898.438 -15.625 335.938 1132.812
-375.000 -929.688 -390.625 -656.250 289.062 742.188 -343.750 507.812 929.688 -242.188 703.125 898.438 -15.625 335.938 1132.812
-406.250 -867.188 -414.062 -710.938 234.375 687.500 -429.688 406.250 875.000 -320.312 609.375 835.938 -62.500 273.438 1085.938
-406.250 -867.188 -414.062 -710.938 234.375 687.500 -429.688 406.250 875.000 -320.312 609.375 835.938 -62.500 273.438 1085.938
-414.062 -867.188 -414.062 -742.188 187.500 656.250 -453.125 359.375 851.562 -335.938 562.500 804.688 -85.938 242.188 1046.875
-414.062 -867.188 -414.062 -742.188 187.500 656.250 -453.125 359.375 851.562 -335.938 562.500 804.688 -85.938 242.188 1046.875
-414.062 -867.188 -406.250 -726.562 179.688 640.625 -453.125 359.375 851.562 -343.750 554.688 812.500 -93.750 234.375 1031.250
-414.062 -867.188 -406.250 -726.562 179.688 640.625 -453.125 359.375 851.562 -343.750 554.688 812.500 -93.750 234.375 1031.250
-429.688 -867.188 -414.062 -726.562 164.062 632.812 -460.938 320.312 820.312 -351.562 523.438 789.062 -125.000 210.938 1000.000
-429.688 -867.188 -414.062 -726.562 164.062 632.812 -460.938 320.312 820.312 -351.562 523.438 789.062 -125.000 210.938 1000.000
-429.688 -867.188 -414.062 -726.562 164.062 632.812 -460.938 320.312 820.312 -351.562 523.438 789.062 -125.000 210.938 1000.000
-421.875 -851.562 -421.875 -695.312 132.812 664.062 -445.312 273.438 820.312 -359.375 500.000 765.625 -164.062 195.312 968.750
-421.875 -851.562 -421.875 -695.312 132.812 664.062 -445.312 273.438 820.312 -359.375 500.000 765.625 -164.062 195.312 968.750
-421.875 -843.750 -414.062 -664.062 171.875 664.062 -445.312 296.875 812.500 -375.000 500.000 734.375 -195.312 210.938 929.688
-421.875 -843.750 -414.062 -664.062 171.875 664.062 -445.312 296.875 812.500 -375.000 500.000 734.375 -195.312 210.938 929.688
-421.875 -843.750 -414.062 -664.062 171.875 664.062 -445.312 296.875 812.500 -375.000 500.000 734.375 -195.312 210.938 929.688
-421.875 -843.750 -414.062 -664.062 171.875 664.062 -445.312 296.875 812.500 -375.000 500.000 734.375 -195.312 210.938 929.688
-429.688 -632.812 -429.688 -648.438 203.125 570.312 -421.875 343.750 781.250 -304.688 562.500 789.062 -62.500 210.938 1023.438
-429.688 -632.812 -429.688 -648.438 203.125 570.312 -421.875 343.750 781.250 -304.688 562.500 789.062 -62.500 210.938 1023.438
-429.688 -632.812 -429.688 -648.438 203.125 570.312 -421.875 343.750 781.250 -304.688 562.500 789.062 -62.500 210.938 1023.438
-468.750 -570.312 -453.125 -656.250 218.750 578.125 -406.250 351.562 804.688 -289.062 546.875 804.688 -70.312 242.188 1039.062
-468.750 -570.312 -453.125 -656.250 218.750 578.125 -406.250 351.562 804.688 -289.062 546.875 804.688 -70.312 242.188 1039.062
-484.375 -609.375 -476.562 -656.250 257.812 593.750 -421.875 359.375 828.125 -296.875 546.875 812.500 -70.312 250.000 1039.062
-484.375 -609.375 -476.562 -656.250 257.812 593.750 -421.875 359.375 828.125 -296.875 546.875 812.500 -70.312 250.000 1039.062
-406.250 -765.625 -406.250 -671.875 242.188 617.188 -414.062 375.000 812.500 -328.125 562.500 796.875 -93.750 218.750 1023.438
-406.250 -765.625 -406.250 -671.875 242.188 617.188 -414.062 375.000 812.500 -328.125 562.500 796.875 -93.750 218.750 1023.438
-367.188 -843.750 -367.188 -687.500 218.750 617.188 -437.500 343.750 804.688 -343.750 539.062 773.438 -125.000 242.188 992.188
-367.188 -843.750 -367.188 -687.500 218.750 617.188 -437.500 343.750 804.688 -343.750 539.062 773.438 -125.000 242.188 992.188
-367.188 -843.750 -367.188 -687.500 218.750 617.188 -437.500 343.750 804.688 -343.750 539.062 773.438 -125.000 242.188 992.188
-375.000 -796.875 -390.625 -687.500 210.938 625.000 -445.312 351.562 812.500 -320.312 554.688 796.875 -93.750 226.562 992.188
-375.000 -796.875 -390.625 -687.500 210.938 625.000 -445.312 351.562 812.500 -320.312 554.688 796.875 -93.750 226.562 992.188
-414.062 -851.562 -429.688 -632.812 171.875 742.188 -390.625 289.062 882.812 -328.125 523.438 781.250 -132.812 320.312 992.188
-414.062 -851.562 -429.688 -632.812 171.875 742.188 -390.625 289.062 882.812 -328.125 523.438 781.250 -132.812 320.312 992.188
-429.688 -882.812 -437.500 -632.812 195.312 773.438 -375.000 273.438 898.438 -320.312 507.812 773.438 -132.812 281.250 968.750
-429.688 -882.812 -437.500 -632.812 195.312 773.438 -375.000 273.438 898.438 -320.312 507.812 773.438 -132.812 281.250 968.750
-398.438 -945.312 -421.875 -632.812 203.125 765.625 -367.188 328.125 898.438 -304.688 523.438 796.875 -132.812 234.375 945.312
-398.438 -945.312 -421.875 -632.812 203.125 765.625 -367.188 328.125 898.438 -304.688 523.438 796.875 -132.812 234.375 945.312
-398.438 -945.312 -421.875 -632.812 203.125 765.625 -367.188 328.125 898.438 -304.688 523.438 796.875 -132.812 234.375 945.312
-414.062 -828.125 -398.438 -656.250 273.438 671.875 -390.625 375.000 859.375 -281.250 578.125 828.125 -39.062 234.375 1054.688
-414.062 -828.125 -398.438 -656.250 273.438 671.875 -390.625 375.000 859.375 -281.250 578.125 828.125 -39.062 234.375 1054.688
-414.062 -828.125 -398.438 -656.250 273.438 671.875 -390.625 375.000 859.375 -281.250 578.125 828.125 -39.062 234.375 1054.688
-414.062 -828.125 -398.438 -656.250 273.438 671.875 -390.625 375.000 859.375 -281.250 578.125 828.125 -39.062 234.375 1054.688
-445.312 -734.375 -414.062 -648.438 304.688 632.812 -382.812 406.250 859.375 -250.000 625.000 859.375 -7.812 281.250 1117.188
-445.312 -734.375 -414.062 -648.438 304.688 632.812 -382.812 406.250 859.375 -250.000 625.000 859.375 -7.812 281.250 1117.188
-445.312 -765.625 -414.062 -632.812 203.125 664.062 -382.812 367.188 859.375 -281.250 593.750 820.312 -70.312 304.688 1078.125
-445.312 -765.625 -414.062 -632.812 203.125 664.062 -382.812 367.188 859.375 -281.250 593.750 820.312 -70.312 304.688 1078.125
-445.312 -765.625 -414.062 -632.812 203.125 664.062 -382.812 367.188 859.375 -281.250 593.750 820.312 -70.312 304.688 1078.125
-414.062 -851.562 -406.250 -632.812 250.000 718.750 -390.625 281.250 859.375 -335.938 484.375 742.188 -171.875 250.000 898.438
-414.062 -851.562 -406.250 -632.812 250.000 718.750 -390.625 281.250 859.375 -335.938 484.375 742.188 -171.875 250.000 898.438
-390.625 -906.250 -398.438 -632.812 226.562 710.938 -398.438 289.062 843.750 -351.562 507.812 726.562 -179.688 242.188 890.625
-390.625 -906.250 -398.438 -632.812 226.562 710.938 -398.438 289.062 843.750 -351.562 507.812 726.562 -179.688 242.188 890.625
-328.125 -984.375 -320.312 -648.438 179.688 703.125 -406.250 273.438 828.125 -351.562 484.375 734.375 -179.688 234.375 906.250
-328.125 -984.375 -320.312 -648.438 179.688 703.125 -406.250 273.438 828.125 -351.562 484.375 734.375 -179.688 234.375 906.250
-351.562 -960.938 -320.312 -648.438 171.875 695.312 -406.250 265.625 835.938 -351.562 484.375 742.188 -179.688 218.750 890.625
-351.562 -960.938 -320.312 -648.438 171.875 695.312 -406.250 265.625 835.938 -351.562 484.375 742.188 -179.688 218.750 890.625
-351.562 -960.938 -320.312 -648.438 171.875 695.312 -406.250 265.625 835.938 -351.562 484.375 742.188 -179.688 218.750 890.625
-359.375 -875.000 -343.750 -656.250 179.688 671.875 -421.875 257.812 812.500 -351.562 484.375 742.188 -164.062 203.125 906.250
-359.375 -875.000 -343.750 -656.250 179.688 671.875 -421.875 257.812 812.500 -351.562 484.375 742.188 -164.062 203.125 906.250
-414.062 -812.500 -406.250 -648.438 218.750 648.438 -406.250 281.250 828.125 -312.500 507.812 773.438 -101.562 210.938 968.750
-414.062 -812.500 -406.250 -648.438 218.750 648.438 -406.250 281.250 828.125 -312.500 507.812 773.438 -101.562 210.938 968.750
-414.062 -812.500 -406.250 -648.438 218.750 648.438 -406.250 281.250 828.125 -312.500 507.812 773.438 -101.562 210.938 968.750
-414.062 -812.500 -406.250 -648.438 218.750 648.438 -406.250 281.250 828.125 -312.500 507.812 773.438 -101.562 210.938 968.750
-414.062 -812.500 -406.250 -648.438 218.750 648.438 -406.250 281.250 828.125 -312.500 507.812 773.438 -101.562 210.938 968.750
-445.312 -718.750 -414.062 -664.062 265.625 578.125 -429.688 335.938 820.312 -312.500 554.688 828.125 -46.875 218.750 1054.688
-445.312 -718.750 -414.062 -664.062 265.625 578.125 -429.688 335.938 820.312 -312.500 554.688 828.125 -46.875 218.750 1054.688
-445.312 -703.125 -398.438 -671.875 265.625 562.500 -429.688 335.938 804.688 -312.500 554.688 820.312 -54.688 203.125 1062.500
-445.312 -703.125 -398.438 -671.875 265.625 562.500 -429.688 335.938 804.688 -312.500 554.688 820.312 -54.688 203.125 1062.500
-421.875 -679.688 -375.000 -664.062 281.250 546.875 -453.125 328.125 789.062 -328.125 562.500 804.688 -78.125 203.125 1039.062
-421.875 -679.688 -375.000 -664.062 281.250 546.875 -453.125 328.125 789.062 -328.125 562.500 804.688 -78.125 203.125 1039.062
-429.688 -734.375 -375.000 -687.500 234.375 523.438 -468.750 312.500 773.438 -351.562 531.250 765.625 -101.562 203.125 1023.438
-429.688 -734.375 -375.000 -687.500 234.375 523.438 -468.750 312.500 773.438 -351.562 531.250 765.625 -101.562 203.125 1023.438
-421.875 -703.125 -367.188 -679.688 218.750 578.125 -445.312 257.812 781.250 -335.938 500.000 781.250 -109.375 171.875 976.562
-421.875 -703.125 -367.188 -679.688 218.750 578.125 -445.312 257.812 781.250 -335.938 500.000 781.250 -109.375 171.875 976.562
-421.875 -703.125 -367.188 -679.688 218.750 578.125 -445.312 257.812 781.250 -335.938 500.000 781.250 -109.375 171.875 976.562
-406.250 -648.438 -351.562 -656.250 210.938 625.000 -437.500 218.750 812.500 -343.750 468.750 781.250 -140.625 171.875 960.938
-406.250 -648.438 -351.562 -656.250 210.938 625.000 -437.500 218.750 812.500 -343.750 468.750 781.250 -140.625 171.875 960.938
-453.125 -820.312 -414.062 -640.625 171.875 687.500 -398.438 195.312 851.562 -328.125 421.875 773.438 -148.438 171.875 921.875
-453.125 -820.312 -414.062 -640.625 171.875 687.500 -398.438 195.312 851.562 -328.125 421.875 773.438 -148.438 171.875 921.875
-429.688 -859.375 -414.062 -632.812 156.250 695.312 -390.625 187.500 867.188 -328.125 437.500 773.438 -132.812 179.688 921.875
-429.688 -859.375 -414.062 -632.812 156.250 695.312 -390.625 187.500 867.188 -328.125 437.500 773.438 -132.812 179.688 921.875
-414.062 -882.812 -398.438 -593.750 187.500 765.625 -335.938 203.125 921.875 -273.438 437.500 820.312 -140.625 226.562 945.312
-414.062 -882.812 -398.438 -593.750 187.500 765.625 -335.938 203.125 921.875 -273.438 437.500 820.312 -140.625 226.562 945.312
-414.062 -882.812 -398.438 -593.750 187.500 765.625 -335.938 203.125 921.875 -273.438 437.500 820.312 -140.625 226.562 945.312
-445.312 -843.750 -437.500 -601.562 210.938 773.438 -320.312 210.938 929.688 -273.438 445.312 812.500 -148.438 257.812 937.500
-445.312 -843.750 -437.500 -601.562 210.938 773.438 -320.312 210.938 929.688 -273.438 445.312 812.500 -148.438 257.812 937.500
-453.125 -867.188 -437.500 -617.188 203.125 742.188 -351.562 242.188 921.875 -273.438 476.562 859.375 -78.125 203.125 1000.000
-453.125 -867.188 -437.500 -617.188 203.125 742.188 -351.562 242.188 921.875 -273.438 476.562 859.375 -78.125 203.125 1000.000
-390.625 -859.375 -375.000 -640.625 203.125 703.125 -382.812 250.000 898.438 -273.438 507.812 875.000 -46.875 203.125 1062.500
-390.625 -859.375 -375.000 -640.625 203.125 703.125 -382.812 250.000 898.438 -273.438 507.812 875.000 -46.875 203.125 1062.500
-390.625 -859.375 -375.000 -640.625 203.125 703.125 -382.812 250.000 898.438 -273.438 507.812 875.000 -46.875 203.125 1062.500
-390.625 -835.938 -367.188 -656.250 226.562 679.688 -398.438 257.812 890.625 -289.062 515.625 867.188 -54.688 218.750 1062.500
-390.625 -835.938 -367.188 -656.250 226.562 679.688 -398.438 257.812 890.625 -289.062 515.625 867.188 -54.688 218.750 1062.500
-414.062 -843.750 -398.438 -640.625 250.000 718.750 -367.188 250.000 906.250 -289.062 492.188 828.125 -78.125 226.562 1000.000
-414.062 -843.750 -398.438 -640.625 250.000 718.750 -367.188 250.000 906.250 -289.062 492.188 828.125 -78.125 226.562 1000.000
-421.875 -859.375 -406.250 -632.812 242.188 734.375 -367.188 250.000 914.062 -273.438 492.188 843.750 -78.125 226.562 1000.000
-421.875 -859.375 -406.250 -632.812 242.188 734.375 -367.188 250.000 914.062 -273.438 492.188 843.750 -78.125 226.562 1000.000
-421.875 -875.000 -390.625 -625.000 218.750 734.375 -359.375 257.812 914.062 -273.438 507.812 851.562 -78.125 226.562 1031.250
-421.875 -875.000 -390.625 -625.000 218.750 734.375 -359.375 257.812 914.062 -273.438 507.812 851.562 -78.125 226.562 1031.250
-414.062 -882.812 -367.188 -625.000 210.938 726.562 -367.188 265.625 906.250 -273.438 500.000 859.375 -78.125 218.750 1015.625
-414.062 -882.812 -367.188 -625.000 210.938 726.562 -367.188 265.625 906.250 -273.438 500.000 859.375 -78.125 218.750 1015.625
-414.062 -882.812 -367.188 -625.000 210.938 726.562 -367.188 265.625 906.250 -273.438 500.000 859.375 -78.125 218.750 1015.625
-406.250 -882.812 -382.812 -625.000 218.750 718.750 -367.188 250.000 898.438 -289.062 484.375 835.938 -117.188 218.750 976.562
-406.250 -882.812 -382.812 -625.000 218.750 718.750 -367.188 250.000 898.438 -289.062 484.375 835.938 -117.188 218.750 976.562
-406.250 -875.000 -375.000 -617.188 218.750 703.125 -367.188 250.000 875.000 -296.875 468.750 820.312 -109.375 218.750 968.750
-406.250 -875.000 -375.000 -617.188 218.750 703.125 -367.188 250.000 875.000 -296.875 468.750 820.312 -109.375 218.750 968.750
-390.625 -859.375 -359.375 -617.188 242.188 679.688 -382.812 257.812 851.562 -289.062 492.188 796.875 -93.750 226.562 960.938
-390.625 -859.375 -359.375 -617.188 242.188 679.688 -382.812 257.812 851.562 -289.062 492.188 796.875 -93.750 226.562 960.938
-390.625 -859.375 -359.375 -617.188 242.188 679.688 -382.812 257.812 851.562 -289.062 492.188 796.875 -93.750 226.562 960.938
-390.625 -859.375 -359.375 -617.188 242.188 679.688 -382.812 257.812 851.562 -289.062 492.188 796.875 -93.750 226.562 960.938
-390.625 -859.375 -359.375 -617.188 242.188 679.688 -382.812 257.812 851.562 -289.062 492.188 796.875 -93.750 226.562 960.938
-375.000 -875.000 -343.750 -617.188 234.375 679.688 -375.000 257.812 867.188 -281.250 500.000 804.688 -101.562 226.562 976.562
-375.000 -875.000 -343.750 -617.188 234.375 679.688 -375.000 257.812 867.188 -281.250 500.000 804.688 -101.562 226.562 976.562
-406.250 -812.500 -375.000 -609.375 257.812 687.500 -359.375 273.438 875.000 -265.625 523.438 828.125 -62.500 226.562 1007.812
-406.250 -812.500 -375.000 -609.375 257.812 687.500 -359.375 273.438 875.000 -265.625 523.438 828.125 -62.500 226.562 1007.812
-421.875 -828.125 -390.625 -593.750 242.188 718.750 -335.938 273.438 914.062 -242.188 523.438 875.000 -23.438 250.000 1054.688
-421.875 -828.125 -390.625 -593.750 242.188 718.750 -335.938 273.438 914.062 -242.188 523.438 875.000 -23.438 250.000 1054.688
-390.625 -882.812 -375.000 -617.188 234.375 718.750 -359.375 257.812 890.625 -273.438 500.000 851.562 -54.688 210.938 1007.812
-390.625 -882.812 -375.000 -617.188 234.375 718.750 -359.375 257.812 890.625 -273.438 500.000 851.562 -54.688 210.938 1007.812
-390.625 -882.812 -375.000 -617.188 234.375 718.750 -359.375 257.812 890.625 -273.438 500.000 851.562 -54.688 210.938 1007.812
-390.625 -882.812 -375.000 -617.188 234.375 718.750 -359.375 257.812 890.625 -273.438 500.000 851.562 -54.688 210.938 1007.812
-390.625 -882.812 -375.000 -617.188 234.375 718.750 -359.375 257.812 890.625 -273.438 500.000 851.562 -54.688 210.938 1007.812
-390.625 -882.812 -375.000 -617.188 234.375 718.750 -359.375 257.812 890.625 -273.438 500.000 851.562 -54.688 210.938 1007.812
-382.812 -867.188 -375.000 -625.000 234.375 710.938 -367.188 257.812 898.438 -281.250 500.000 843.750 -70.312 218.750 1007.812
-390.625 -843.750 -375.000 -625.000 195.312 710.938 -375.000 242.188 882.812 -289.062 484.375 828.125 -93.750 218.750 984.375
-390.625 -843.750 -375.000 -625.000 195.312 710.938 -375.000 242.188 882.812 -289.062 484.375 828.125 -93.750 218.750 984.375
