-507.812 -648.438 -531.250 -789.062 -125.000 562.500 -945.312 62.500 367.188 -1007.812 406.250 265.625 -984.375 46.875 515.625
-507.812 -648.438 -531.250 -789.062 -125.000 562.500 -945.312 62.500 367.188 -1007.812 406.250 265.625 -984.375 46.875 515.625
-507.812 -648.438 -531.250 -789.062 -125.000 562.500 -945.312 62.500 367.188 -1007.812 406.250 265.625 -984.375 46.875 515.625
-546.875 -742.188 -500.000 -703.125 -132.812 585.938 -664.062 62.500 656.250 -867.188 210.938 445.312 -906.250 -132.812 351.562
-546.875 -742.188 -500.000 -703.125 -132.812 585.938 -664.062 62.500 656.250 -867.188 210.938 445.312 -906.250 -132.812 351.562
-531.250 -664.062 -437.500 -671.875 -171.875 593.750 -656.250 31.250 640.625 -765.625 210.938 484.375 -921.875 -93.750 398.438
-531.250 -664.062 -437.500 -671.875 -171.875 593.750 -656.250 31.250 640.625 -765.625 210.938 484.375 -921.875 -93.750 398.438
-539.062 -609.375 -421.875 -679.688 -210.938 593.750 -640.625 62.500 648.438 -695.312 171.875 546.875 -882.812 -117.188 367.188
-539.062 -609.375 -421.875 -679.688 -210.938 593.750 -640.625 62.500 648.438 -695.312 171.875 546.875 -882.812 -117.188 367.188
-539.062 -609.375 -421.875 -679.688 -210.938 593.750 -640.625 62.500 648.438 -695.312 171.875 546.875 -882.812 -117.188 367.188
-546.875 -492.188 -437.500 -718.750 -210.938 570.312 -734.375 62.500 601.562 -648.438 218.750 500.000 -789.062 -46.875 375.000
-546.875 -492.188 -437.500 -718.750 -210.938 570.312 -734.375 62.500 601.562 -648.438 218.750 500.000 -789.062 -46.875 375.000
-570.312 -539.062 -437.500 -750.000 -234.375 570.312 -843.750 78.125 500.000 -710.938 281.250 476.562 -804.688 -31.250 421.875
-570.312 -539.062 -437.500 -750.000 -234.375 570.312 -843.750 78.125 500.000 -710.938 281.250 476.562 -804.688 -31.250 421.875
-562.500 -570.312 -406.250 -750.000 -187.500 523.438 -929.688 78.125 414.062 -796.875 304.688 460.938 -835.938 -15.625 484.375
-562.500 -570.312 -406.250 -750.000 -187.500 523.438 -929.688 78.125 414.062 -796.875 304.688 460.938 -835.938 -15.625 484.375
-546.875 -546.875 -406.250 -757.812 -210.938 492.188 -945.312 101.562 343.750 -812.500 296.875 460.938 -875.000 -62.500 492.188
-546.875 -546.875 -406.250 -757.812 -210.938 492.188 -945.312 101.562 343.750 -812.500 296.875 460.938 -875.000 -62.500 492.188
-546.875 -546.875 -406.250 -757.812 -210.938 492.188 -945.312 101.562 343.750 -812.500 296.875 460.938 -875.000 -62.500 492.188
-539.062 -492.188 -429.688 -750.000 -234.375 492.188 -960.938 93.750 343.750 -781.250 242.188 414.062 -882.812 -93.750 500.000
-539.062 -492.188 -429.688 -750.000 -234.375 492.188 -960.938 93.750 343.750 -781.250 242.188 414.062 -882.812 -93.750 500.000
-679.688 -367.188 -648.438 -593.750 -257.812 640.625 -898.438 15.625 398.438 -750.000 359.375 429.688 -906.250 62.500 546.875
-679.688 -367.188 -648.438 -593.750 -257.812 640.625 -898.438 15.625 398.438 -750.000 359.375 429.688 -906.250 62.500 546.875
-671.875 -359.375 -640.625 -578.125 -273.438 648.438 -875.000 -15.625 414.062 -890.625 375.000 429.688 -804.688 54.688 570.312
-671.875 -359.375 -640.625 -578.125 -273.438 648.438 -875.000 -15.625 414.062 -890.625 375.000 429.688 -804.688 54.688 570.312
-671.875 -359.375 -640.625 -578.125 -273.438 648.438 -875.000 -15.625 414.062 -890.625 375.000 429.688 -804.688 54.688 570.312
-671.875 -359.375 -640.625 -578.125 -273.438 648.438 -875.000 -15.625 414.062 -890.625 375.000 429.688 -804.688 54.688 570.312
-671.875 -359.375 -640.625 -578.125 -273.438 648.438 -875.000 -15.625 414.062 -890.625 375.000 429.688 -804.688 54.688 570.312
-664.062 -500.000 -796.875 -445.312 -382.812 875.000 -859.375 -93.750 468.750 -843.750 390.625 359.375 -742.188 93.750 554.688
-664.062 -500.000 -796.875 -445.312 -382.812 875.000 -859.375 -93.750 468.750 -843.750 390.625 359.375 -742.188 93.750 554.688
-664.062 -796.875 -812.500 -507.812 -242.188 796.875 -796.875 -54.688 460.938 -703.125 367.188 375.000 -632.812 31.250 531.250
-664.062 -796.875 -812.500 -507.812 -242.188 796.875 -796.875 -54.688 460.938 -703.125 367.188 375.000 -632.812 31.250 531.250
-617.188 -937.500 -789.062 -562.500 -226.562 695.312 -773.438 0.000 500.000 -609.375 445.312 531.250 -601.562 -109.375 640.625
-617.188 -937.500 -789.062 -562.500 -226.562 695.312 -773.438 0.000 500.000 -609.375 445.312 531.250 -601.562 -109.375 640.625
-500.000 -1101.562 -585.938 -687.500 -367.188 453.125 -718.750 265.625 562.500 -562.500 445.312 835.938 -554.688 -320.312 929.688
-500.000 -1101.562 -585.938 -687.500 -367.188 453.125 -718.750 265.625 562.500 -562.500 445.312 835.938 -554.688 -320.312 929.688
-500.000 -1101.562 -585.938 -687.500 -367.188 453.125 -718.750 265.625 562.500 -562.500 445.312 835.938 -554.688 -320.312 929.688
-445.312 -1062.500 -437.500 -726.562 -320.312 429.688 -593.750 265.625 671.875 -531.250 468.750 828.125 -609.375 -242.188 976.562
-445.312 -1062.500 -437.500 -726.562 -320.312 429.688 -593.750 265.625 671.875 -531.250 468.750 828.125 -609.375 -242.188 976.562
-460.938 -789.062 -414.062 -726.562 -250.000 414.062 -640.625 101.562 726.562 -632.812 351.562 750.000 -562.500 -85.938 867.188
-460.938 -789.062 -414.062 -726.562 -250.000 414.062 -640.625 101.562 726.562 -632.812 351.562 750.000 -562.500 -85.938 867.188
-460.938 -695.312 -429.688 -718.750 -304.688 421.875 -687.500 39.062 648.438 -640.625 375.000 664.062 -640.625 -70.312 828.125
-460.938 -695.312 -429.688 -718.750 -304.688 421.875 -687.500 39.062 648.438 -640.625 375.000 664.062 -640.625 -70.312 828.125
-476.562 -718.750 -453.125 -695.312 -335.938 421.875 -687.500 101.562 601.562 -648.438 367.188 648.438 -632.812 -70.312 843.750
-476.562 -718.750 -453.125 -695.312 -335.938 421.875 -687.500 101.562 601.562 -648.438 367.188 648.438 -632.812 -70.312 843.750
-531.250 -828.125 -500.000 -742.188 -281.250 375.000 -718.750 156.250 601.562 -695.312 289.062 687.500 -632.812 -148.438 835.938
-523.438 -765.625 -445.312 -742.188 -398.438 390.625 -765.625 31.250 578.125 -710.938 273.438 664.062 -632.812 -179.688 804.688
-523.438 -765.625 -445.312 -742.188 -398.438 390.625 -765.625 31.250 578.125 -710.938 273.438 664.062 -632.812 -179.688 804.688
-429.688 -773.438 -265.625 -734.375 -507.812 382.812 -773.438 7.812 617.188 -718.750 226.562 695.312 -656.250 -109.375 796.875
-429.688 -773.438 -265.625 -734.375 -507.812 382.812 -773.438 7.812 617.188 -718.750 226.562 695.312 -656.250 -109.375 796.875
-375.000 -546.875 -148.438 -851.562 -523.438 414.062 -828.125 -179.688 656.250 -742.188 -15.625 726.562 -734.375 -312.500 546.875
-375.000 -546.875 -148.438 -851.562 -523.438 414.062 -828.125 -179.688 656.250 -742.188 -15.625 726.562 -734.375 -312.500 546.875
-429.688 -289.062 -179.688 -328.125 -546.875 945.312 -1085.938 -234.375 421.875 -929.688 15.625 523.438 -804.688 -304.688 492.188
-429.688 -289.062 -179.688 -328.125 -546.875 945.312 -1085.938 -234.375 421.875 -929.688 15.625 523.438 -804.688 -304.688 492.188
-429.688 -289.062 -179.688 -328.125 -546.875 945.312 -1085.938 -234.375 421.875 -929.688 15.625 523.438 -804.688 -304.688 492.188
-851.562 -640.625 -781.250 -789.062 -648.438 671.875 -1054.688 -312.500 398.438 -976.562 -125.000 390.625 -882.812 -257.812 382.812
-851.562 -640.625 -781.250 -789.062 -648.438 671.875 -1054.688 -312.500 398.438 -976.562 -125.000 390.625 -882.812 -257.812 382.812
-851.562 -640.625 -781.250 -789.062 -648.438 671.875 -1054.688 -312.500 398.438 -976.562 -125.000 390.625 -882.812 -257.812 382.812
-851.562 -640.625 -781.250 -789.062 -648.438 671.875 -1054.688 -312.500 398.438 -976.562 -125.000 390.625 -882.812 -257.812 382.812
-765.625 -429.688 -617.188 -625.000 -593.750 601.562 -828.125 -156.250 531.250 -757.812 156.250 664.062 -617.188 -289.062 773.438
-765.625 -429.688 -617.188 -625.000 -593.750 601.562 -828.125 -156.250 531.250 -757.812 156.250 664.062 -617.188 -289.062 773.438
-765.625 -429.688 -617.188 -625.000 -593.750 601.562 -828.125 -156.250 531.250 -757.812 156.250 664.062 -617.188 -289.062 773.438
-734.375 -453.125 -632.812 -531.250 -468.750 656.250 -796.875 -132.812 570.312 -757.812 140.625 632.812 -671.875 -257.812 718.750
-734.375 -453.125 -632.812 -531.250 -468.750 656.250 -796.875 -132.812 570.312 -757.812 140.625 632.812 -671.875 -257.812 718.750
-656.250 -500.000 -539.062 -546.875 -445.312 609.375 -742.188 -46.875 609.375 -742.188 179.688 656.250 -710.938 -218.750 695.312
-656.250 -500.000 -539.062 -546.875 -445.312 609.375 -742.188 -46.875 609.375 -742.188 179.688 656.250 -710.938 -218.750 695.312
-617.188 -500.000 -531.250 -515.625 -437.500 632.812 -742.188 -39.062 617.188 -742.188 195.312 640.625 -703.125 -203.125 695.312
-617.188 -500.000 -531.250 -515.625 -437.500 632.812 -742.188 -39.062 617.188 -742.188 195.312 640.625 -703.125 -203.125 695.312
-671.875 -476.562 -593.750 -500.000 -445.312 648.438 -742.188 -54.688 609.375 -734.375 195.312 632.812 -695.312 -179.688 703.125
-671.875 -476.562 -593.750 -500.000 -445.312 648.438 -742.188 -54.688 609.375 -734.375 195.312 632.812 -695.312 -179.688 703.125
-664.062 -476.562 -562.500 -578.125 -500.000 609.375 -757.812 -70.312 593.750 -734.375 179.688 648.438 -687.500 -210.938 718.750
-664.062 -476.562 -562.500 -578.125 -500.000 609.375 -757.812 -70.312 593.750 -734.375 179.688 648.438 -687.500 -210.938 718.750
-664.062 -476.562 -562.500 -578.125 -500.000 609.375 -757.812 -70.312 593.750 -734.375 179.688 648.438 -687.500 -210.938 718.750
-687.500 -398.438 -601.562 -617.188 -453.125 578.125 -796.875 -117.188 570.312 -742.188 148.438 648.438 -679.688 -234.375 710.938
-687.500 -398.438 -601.562 -617.188 -453.125 578.125 -796.875 -117.188 570.312 -742.188 148.438 648.438 -679.688 -234.375 710.938
-703.125 -382.812 -601.562 -625.000 -515.625 554.688 -796.875 -109.375 562.500 -742.188 148.438 648.438 -687.500 -242.188 703.125
-703.125 -382.812 -601.562 -625.000 -515.625 554.688 -796.875 -109.375 562.500 -742.188 148.438 648.438 -687.500 -242.188 703.125
-679.688 -375.000 -570.312 -656.250 -476.562 554.688 -835.938 -187.500 539.062 -781.250 62.500 609.375 -710.938 -273.438 625.000
-679.688 -375.000 -570.312 -656.250 -476.562 554.688 -835.938 -187.500 539.062 -781.250 62.500 609.375 -710.938 -273.438 625.000
-679.688 -375.000 -570.312 -656.250 -476.562 554.688 -835.938 -187.500 539.062 -781.250 62.500 609.375 -710.938 -273.438 625.000
-664.062 -375.000 -578.125 -671.875 -492.188 554.688 -835.938 -171.875 523.438 -789.062 62.500 601.562 -726.562 -265.625 617.188
-664.062 -375.000 -578.125 -671.875 -492.188 554.688 -835.938 -171.875 523.438 -789.062 62.500 601.562 -726.562 -265.625 617.188
-664.062 -375.000 -562.500 -664.062 -484.375 546.875 -835.938 -164.062 507.812 -789.062 78.125 593.750 -710.938 -265.625 617.188
-664.062 -375.000 -562.500 -664.062 -484.375 546.875 -835.938 -164.062 507.812 -789.062 78.125 593.750 -710.938 -265.625 617.188
-656.250 -437.500 -562.500 -609.375 -468.750 578.125 -781.250 -148.438 546.875 -765.625 117.188 617.188 -687.500 -226.562 648.438
-656.250 -437.500 -562.500 -609.375 -468.750 578.125 -781.250 -148.438 546.875 -765.625 117.188 617.188 -687.500 -226.562 648.438
-656.250 -437.500 -562.500 -609.375 -468.750 578.125 -781.250 -148.438 546.875 -765.625 117.188 617.188 -687.500 -226.562 648.438
-648.438 -460.938 -578.125 -546.875 -445.312 609.375 -742.188 -101.562 593.750 -734.375 156.250 625.000 -687.500 -187.500 679.688
-664.062 -492.188 -570.312 -515.625 -429.688 640.625 -726.562 -78.125 617.188 -703.125 203.125 640.625 -648.438 -179.688 726.562
-664.062 -492.188 -570.312 -515.625 -429.688 640.625 -726.562 -78.125 617.188 -703.125 203.125 640.625 -648.438 -179.688 726.562
-664.062 -492.188 -570.312 -515.625 -429.688 640.625 -726.562 -78.125 617.188 -703.125 203.125 640.625 -648.438 -179.688 726.562
-664.062 -460.938 -593.750 -531.250 -429.688 640.625 -718.750 -70.312 617.188 -695.312 210.938 648.438 -664.062 -179.688 742.188
-664.062 -460.938 -593.750 -531.250 -429.688 640.625 -718.750 -70.312 617.188 -695.312 210.938 648.438 -664.062 -179.688 742.188
-679.688 -453.125 -601.562 -546.875 -390.625 632.812 -734.375 -54.688 601.562 -726.562 226.562 656.250 -648.438 -179.688 765.625
-679.688 -453.125 -601.562 -546.875 -390.625 632.812 -734.375 -54.688 601.562 -726.562 226.562 656.250 -648.438 -179.688 765.625
-671.875 -406.250 -578.125 -578.125 -382.812 601.562 -773.438 -54.688 570.312 -750.000 210.938 625.000 -679.688 -171.875 734.375
-671.875 -406.250 -578.125 -578.125 -382.812 601.562 -773.438 -54.688 570.312 -750.000 210.938 625.000 -679.688 -171.875 734.375
-671.875 -398.438 -570.312 -601.562 -382.812 593.750 -789.062 -70.312 562.500 -750.000 195.312 625.000 -679.688 -171.875 726.562
-671.875 -398.438 -570.312 -601.562 -382.812 593.750 -789.062 -70.312 562.500 -750.000 195.312 625.000 -679.688 -171.875 726.562
-671.875 -398.438 -570.312 -601.562 -382.812 593.750 -789.062 -70.312 562.500 -750.000 195.312 625.000 -679.688 -171.875 726.562
-679.688 -390.625 -578.125 -601.562 -398.438 593.750 -773.438 -85.938 562.500 -750.000 187.500 609.375 -671.875 -187.500 718.750
-679.688 -390.625 -578.125 -601.562 -398.438 593.750 -773.438 -85.938 562.500 -750.000 187.500 609.375 -671.875 -187.500 718.750
-679.688 -453.125 -562.500 -601.562 -453.125 578.125 -781.250 -117.188 539.062 -765.625 148.438 609.375 -679.688 -218.750 687.500
-679.688 -453.125 -562.500 -601.562 -453.125 578.125 -781.250 -117.188 539.062 -765.625 148.438 609.375 -679.688 -218.750 687.500
-671.875 -445.312 -539.062 -609.375 -460.938 578.125 -773.438 -117.188 554.688 -734.375 125.000 609.375 -687.500 -226.562 656.250
-671.875 -445.312 -539.062 -609.375 -460.938 578.125 -773.438 -117.188 554.688 -734.375 125.000 609.375 -687.500 -226.562 656.250
-664.062 -414.062 -546.875 -585.938 -476.562 570.312 -773.438 -171.875 531.250 -718.750 78.125 601.562 -671.875 -203.125 640.625
-664.062 -414.062 -546.875 -585.938 -476.562 570.312 -773.438 -171.875 531.250 -718.750 78.125 601.562 -671.875 -203.125 640.625
-664.062 -414.062 -546.875 -585.938 -476.562 570.312 -773.438 -171.875 531.250 -718.750 78.125 601.562 -671.875 -203.125 640.625
-664.062 -421.875 -507.812 -585.938 -507.812 539.062 -750.000 -203.125 515.625 -726.562 15.625 585.938 -656.250 -273.438 601.562
-664.062 -421.875 -507.812 -585.938 -507.812 539.062 -750.000 -203.125 515.625 -726.562 15.625 585.938 -656.250 -273.438 601.562
-671.875 -460.938 -500.000 -585.938 -515.625 500.000 -742.188 -187.500 484.375 -703.125 62.500 570.312 -656.250 -265.625 648.438
-671.875 -460.938 -500.000 -585.938 -515.625 500.000 -742.188 -187.500 484.375 -703.125 62.500 570.312 -656.250 -265.625 648.438
-703.125 -460.938 -539.062 -531.250 -546.875 476.562 -867.188 -226.562 453.125 -539.062 93.750 609.375 -500.000 -367.188 648.438
-703.125 -460.938 -539.062 -531.250 -546.875 476.562 -867.188 -226.562 453.125 -539.062 93.750 609.375 -500.000 -367.188 648.438
-726.562 -429.688 -546.875 -601.562 -593.750 421.875 -664.062 -171.875 484.375 -773.438 -15.625 648.438 -546.875 -359.375 703.125
-726.562 -429.688 -546.875 -601.562 -593.750 421.875 -664.062 -171.875 484.375 -773.438 -15.625 648.438 -546.875 -359.375 703.125
-726.562 -429.688 -546.875 -601.562 -593.750 421.875 -664.062 -171.875 484.375 -773.438 -15.625 648.438 -546.875 -359.375 703.125
-640.625 -671.875 -320.312 -906.250 -851.562 273.438 -1015.625 -585.938 289.062 -898.438 -218.750 656.250 -585.938 -625.000 804.688
-640.625 -671.875 -320.312 -906.250 -851.562 273.438 -1015.625 -585.938 289.062 -898.438 -218.750 656.250 -585.938 -625.000 804.688
-203.125 -625.000 46.875 -781.250 -945.312 343.750 -914.062 -890.625 -46.875 -804.688 -250.000 507.812 -515.625 -765.625 742.188
-203.125 -625.000 46.875 -781.250 -945.312 343.750 -914.062 -890.625 -46.875 -804.688 -250.000 507.812 -515.625 -765.625 742.188
-867.188 226.562 -531.250 -1273.438 -437.500 -62.500 -1312.500 -593.750 -179.688 -1281.250 -609.375 203.125 -750.000 -968.750 187.500
-867.188 226.562 -531.250 -1273.438 -437.500 -62.500 -1312.500 -593.750 -179.688 -1281.250 -609.375 203.125 -750.000 -968.750 187.500
-570.312 515.625 -359.375 -1687.500 46.875 -515.625 -1359.375 -148.438 -453.125 -789.062 -109.375 304.688 -773.438 -1007.812 -93.750
-570.312 515.625 -359.375 -1687.500 46.875 -515.625 -1359.375 -148.438 -453.125 -789.062 -109.375 304.688 -773.438 -1007.812 -93.750
-570.312 515.625 -359.375 -1687.500 46.875 -515.625 -1359.375 -148.438 -453.125 -789.062 -109.375 304.688 -773.438 -1007.812 -93.750
-828.125 1007.812 -554.688 -1539.062 39.062 -437.500 -1210.938 156.250 -234.375 -1179.688 -492.188 0.000 -632.812 -648.438 -117.188
-828.125 1007.812 -554.688 -1539.062 39.062 -437.500 -1210.938 156.250 -234.375 -1179.688 -492.188 0.000 -632.812 -648.438 -117.188
-671.875 687.500 -687.500 -1125.000 23.438 -265.625 -812.500 -148.438 140.625 -937.500 335.938 718.750 -296.875 695.312 203.125
-671.875 687.500 -687.500 -1125.000 23.438 -265.625 -812.500 -148.438 140.625 -937.500 335.938 718.750 -296.875 695.312 203.125
-601.562 382.812 -726.562 -804.688 -78.125 -164.062 -750.000 -93.750 476.562 -429.688 328.125 1054.688 -679.688 1671.875 414.062
-601.562 382.812 -726.562 -804.688 -78.125 -164.062 -750.000 -93.750 476.562 -429.688 328.125 1054.688 -679.688 1671.875 414.062
-601.562 382.812 -726.562 -804.688 -78.125 -164.062 -750.000 -93.750 476.562 -429.688 328.125 1054.688 -679.688 1671.875 414.062
-484.375 -351.562 -812.500 117.188 -687.500 281.250 -273.438 62.500 1335.938 23.438 679.688 1578.125 -664.062 1062.500 726.562
-484.375 -351.562 -812.500 117.188 -687.500 281.250 -273.438 62.500 1335.938 23.438 679.688 1578.125 -664.062 1062.500 726.562
148.438 -1921.875 -390.625 1187.500 -1414.062 1414.062 -250.000 -484.375 1375.000 -367.188 992.188 867.188 -625.000 687.500 1406.250
148.438 -1921.875 -390.625 1187.500 -1414.062 1414.062 -250.000 -484.375 1375.000 -367.188 992.188 867.188 -625.000 687.500 1406.250
148.438 -1921.875 -390.625 1187.500 -1414.062 1414.062 -250.000 -484.375 1375.000 -367.188 992.188 867.188 -625.000 687.500 1406.250
148.438 -1921.875 -390.625 1187.500 -1414.062 1414.062 -250.000 -484.375 1375.000 -367.188 992.188 867.188 -625.000 687.500 1406.250
-273.438 -1960.938 -593.750 937.500 -718.750 1992.188 -445.312 -15.625 1484.375 -585.938 781.250 578.125 -695.312 585.938 617.188
-273.438 -1960.938 -593.750 937.500 -718.750 1992.188 -445.312 -15.625 1484.375 -585.938 781.250 578.125 -695.312 585.938 617.188
-171.875 -1367.188 -367.188 101.562 -687.500 1351.562 -671.875 109.375 1343.750 -531.250 820.312 656.250 -632.812 929.688 718.750
-171.875 -1367.188 -367.188 101.562 -687.500 1351.562 -671.875 109.375 1343.750 -531.250 820.312 656.250 -632.812 929.688 718.750
-171.875 -1367.188 -367.188 101.562 -687.500 1351.562 -671.875 109.375 1343.750 -531.250 820.312 656.250 -632.812 929.688 718.750
-273.438 -921.875 -328.125 -273.438 -218.750 1015.625 -867.188 414.062 820.312 -703.125 1015.625 726.562 -648.438 648.438 1195.312
-273.438 -921.875 -328.125 -273.438 -218.750 1015.625 -867.188 414.062 820.312 -703.125 1015.625 726.562 -648.438 648.438 1195.312
-273.438 -664.062 -296.875 -453.125 -156.250 914.062 -929.688 460.938 664.062 -734.375 1125.000 695.312 -640.625 593.750 1265.625
-273.438 -664.062 -296.875 -453.125 -156.250 914.062 -929.688 460.938 664.062 -734.375 1125.000 695.312 -640.625 593.750 1265.625
-367.188 -484.375 -273.438 -570.312 -46.875 765.625 -960.938 539.062 546.875 -734.375 1156.250 617.188 -601.562 656.250 1250.000
-367.188 -484.375 -273.438 -570.312 -46.875 765.625 -960.938 539.062 546.875 -734.375 1156.250 617.188 -601.562 656.250 1250.000
-445.312 -671.875 -304.688 -437.500 -148.438 828.125 -867.188 414.062 648.438 -687.500 968.750 539.062 -593.750 695.312 1015.625
-445.312 -671.875 -304.688 -437.500 -148.438 828.125 -867.188 414.062 648.438 -687.500 968.750 539.062 -593.750 695.312 1015.625
-445.312 -671.875 -304.688 -437.500 -148.438 828.125 -867.188 414.062 648.438 -687.500 968.750 539.062 -593.750 695.312 1015.625
-445.312 -804.688 -281.250 -273.438 -289.062 929.688 -820.312 250.000 695.312 -664.062 765.625 476.562 -593.750 593.750 734.375
-445.312 -804.688 -281.250 -273.438 -289.062 929.688 -820.312 250.000 695.312 -664.062 765.625 476.562 -593.750 593.750 734.375
-421.875 -960.938 -273.438 -226.562 -375.000 960.938 -781.250 156.250 718.750 -656.250 679.688 484.375 -609.375 554.688 625.000
-421.875 -960.938 -273.438 -226.562 -375.000 960.938 -781.250 156.250 718.750 -656.250 679.688 484.375 -609.375 554.688 625.000
-390.625 -1265.625 -210.938 -117.188 -664.062 992.188 -757.812 -171.875 664.062 -710.938 343.750 445.312 -679.688 429.688 421.875
-390.625 -1265.625 -210.938 -117.188 -664.062 992.188 -757.812 -171.875 664.062 -710.938 343.750 445.312 -679.688 429.688 421.875
-375.000 -1265.625 -226.562 -125.000 -695.312 976.562 -773.438 -218.750 640.625 -718.750 312.500 421.875 -687.500 414.062 351.562
-375.000 -1265.625 -226.562 -125.000 -695.312 976.562 -773.438 -218.750 640.625 -718.750 312.500 421.875 -687.500 414.062 351.562
-375.000 -1265.625 -226.562 -125.000 -695.312 976.562 -773.438 -218.750 640.625 -718.750 312.500 421.875 -687.500 414.062 351.562
-421.875 -1039.062 -367.188 -203.125 -648.438 859.375 -796.875 -203.125 546.875 -757.812 289.062 367.188 -734.375 382.812 273.438
-421.875 -1039.062 -367.188 -203.125 -648.438 859.375 -796.875 -203.125 546.875 -757.812 289.062 367.188 -734.375 382.812 273.438
-421.875 -1039.062 -367.188 -203.125 -648.438 859.375 -796.875 -203.125 546.875 -757.812 289.062 367.188 -734.375 382.812 273.438
-421.875 -1039.062 -367.188 -203.125 -648.438 859.375 -796.875 -203.125 546.875 -757.812 289.062 367.188 -734.375 382.812 273.438
-421.875 -1039.062 -367.188 -203.125 -648.438 859.375 -796.875 -203.125 546.875 -757.812 289.062 367.188 -734.375 382.812 273.438
-437.500 -578.125 -382.812 -492.188 -421.875 578.125 -882.812 0.000 320.312 -796.875 445.312 367.188 -742.188 437.500 531.250
-484.375 -484.375 -398.438 -546.875 -406.250 515.625 -882.812 15.625 312.500 -796.875 460.938 398.438 -726.562 445.312 625.000
-484.375 -484.375 -398.438 -546.875 -406.250 515.625 -882.812 15.625 312.500 -796.875 460.938 398.438 -726.562 445.312 625.000
-484.375 -484.375 -398.438 -546.875 -406.250 515.625 -882.812 15.625 312.500 -796.875 460.938 398.438 -726.562 445.312 625.000
-484.375 -437.500 -398.438 -539.062 -421.875 523.438 -882.812 0.000 328.125 -804.688 445.312 421.875 -726.562 429.688 640.625
-484.375 -437.500 -398.438 -539.062 -421.875 523.438 -882.812 0.000 328.125 -804.688 445.312 421.875 -726.562 429.688 640.625
-484.375 -695.312 -437.500 -390.625 -484.375 609.375 -828.125 -70.312 429.688 -796.875 367.188 437.500 -765.625 335.938 546.875
-484.375 -695.312 -437.500 -390.625 -484.375 609.375 -828.125 -70.312 429.688 -796.875 367.188 437.500 -765.625 335.938 546.875
-484.375 -703.125 -429.688 -328.125 -539.062 671.875 -820.312 -125.000 460.938 -781.250 359.375 437.500 -765.625 328.125 531.250
-484.375 -703.125 -429.688 -328.125 -539.062 671.875 -820.312 -125.000 460.938 -781.250 359.375 437.500 -765.625 328.125 531.250
-460.938 -804.688 -453.125 -257.812 -617.188 726.562 -796.875 -171.875 515.625 -765.625 328.125 460.938 -742.188 296.875 500.000
-460.938 -804.688 -453.125 -257.812 -617.188 726.562 -796.875 -171.875 515.625 -765.625 328.125 460.938 -742.188 296.875 500.000
-460.938 -804.688 -453.125 -257.812 -617.188 726.562 -796.875 -171.875 515.625 -765.625 328.125 460.938 -742.188 296.875 500.000
-437.500 -906.250 -445.312 -210.938 -671.875 781.250 -789.062 -226.562 546.875 -781.250 265.625 484.375 -773.438 304.688 437.500
-437.500 -906.250 -445.312 -210.938 -671.875 781.250 -789.062 -226.562 546.875 -781.250 265.625 484.375 -773.438 304.688 437.500
-429.688 -867.188 -453.125 -250.000 -703.125 757.812 -812.500 -250.000 531.250 -789.062 242.188 460.938 -765.625 320.312 406.250
-429.688 -867.188 -453.125 -250.000 -703.125 757.812 -812.500 -250.000 531.250 -789.062 242.188 460.938 -765.625 320.312 406.250
-453.125 -781.250 -484.375 -304.688 -640.625 710.938 -835.938 -195.312 515.625 -812.500 281.250 468.750 -773.438 320.312 476.562
-453.125 -781.250 -484.375 -304.688 -640.625 710.938 -835.938 -195.312 515.625 -812.500 281.250 468.750 -773.438 320.312 476.562
-453.125 -734.375 -492.188 -335.938 -656.250 695.312 -843.750 -179.688 515.625 -804.688 296.875 476.562 -757.812 335.938 515.625
-453.125 -734.375 -492.188 -335.938 -656.250 695.312 -843.750 -179.688 515.625 -804.688 296.875 476.562 -757.812 335.938 515.625
-453.125 -734.375 -492.188 -335.938 -656.250 695.312 -843.750 -179.688 515.625 -804.688 296.875 476.562 -757.812 335.938 515.625
-468.750 -726.562 -500.000 -375.000 -570.312 671.875 -843.750 -117.188 507.812 -796.875 359.375 507.812 -757.812 335.938 585.938
-468.750 -726.562 -500.000 -375.000 -570.312 671.875 -843.750 -117.188 507.812 -796.875 359.375 507.812 -757.812 335.938 585.938
-460.938 -687.500 -453.125 -406.250 -515.625 679.688 -859.375 -62.500 492.188 -796.875 429.688 500.000 -742.188 382.812 632.812
-460.938 -687.500 -453.125 -406.250 -515.625 679.688 -859.375 -62.500 492.188 -796.875 429.688 500.000 -742.188 382.812 632.812
-476.562 -710.938 -484.375 -367.188 -421.875 679.688 -851.562 -15.625 507.812 -789.062 445.312 492.188 -710.938 382.812 632.812
-476.562 -710.938 -484.375 -367.188 -421.875 679.688 -851.562 -15.625 507.812 -789.062 445.312 492.188 -710.938 382.812 632.812
-476.562 -750.000 -437.500 -328.125 -515.625 750.000 -812.500 -31.250 578.125 -742.188 460.938 531.250 -703.125 414.062 656.250
-476.562 -750.000 -437.500 -328.125 -515.625 750.000 -812.500 -31.250 578.125 -742.188 460.938 531.250 -703.125 414.062 656.250
-460.938 -828.125 -445.312 -265.625 -507.812 796.875 -796.875 -39.062 601.562 -750.000 468.750 515.625 -734.375 429.688 625.000
-460.938 -828.125 -445.312 -265.625 -507.812 796.875 -796.875 -39.062 601.562 -750.000 468.750 515.625 -734.375 429.688 625.000
-460.938 -828.125 -445.312 -265.625 -507.812 796.875 -796.875 -39.062 601.562 -750.000 468.750 515.625 -734.375 429.688 625.000
-398.438 -867.188 -375.000 -265.625 -484.375 796.875 -828.125 -39.062 546.875 -789.062 421.875 421.875 -742.188 406.250 515.625
-398.438 -867.188 -375.000 -265.625 -484.375 796.875 -828.125 -39.062 546.875 -789.062 421.875 421.875 -742.188 406.250 515.625
-398.438 -867.188 -375.000 -265.625 -484.375 796.875 -828.125 -39.062 546.875 -789.062 421.875 421.875 -742.188 406.250 515.625
-398.438 -867.188 -375.000 -265.625 -484.375 796.875 -828.125 -39.062 546.875 -789.062 421.875 421.875 -742.188 406.250 515.625
-382.812 -843.750 -343.750 -273.438 -500.000 781.250 -828.125 -46.875 531.250 -789.062 429.688 414.062 -718.750 414.062 507.812
-382.812 -843.750 -343.750 -273.438 -500.000 781.250 -828.125 -46.875 531.250 -789.062 429.688 414.062 -718.750 414.062 507.812
-382.812 -843.750 -343.750 -273.438 -500.000 781.250 -828.125 -46.875 531.250 -789.062 429.688 414.062 -718.750 414.062 507.812
-453.125 -828.125 -398.438 -328.125 -515.625 765.625 -835.938 -54.688 531.250 -781.250 414.062 445.312 -726.562 421.875 539.062
-453.125 -828.125 -398.438 -328.125 -515.625 765.625 -835.938 -54.688 531.250 -781.250 414.062 445.312 -726.562 421.875 539.062
-445.312 -796.875 -390.625 -359.375 -515.625 750.000 -859.375 -62.500 492.188 -796.875 406.250 437.500 -742.188 437.500 546.875
-445.312 -796.875 -390.625 -359.375 -515.625 750.000 -859.375 -62.500 492.188 -796.875 406.250 437.500 -742.188 437.500 546.875
-437.500 -789.062 -382.812 -367.188 -515.625 750.000 -867.188 -70.312 476.562 -812.500 414.062 429.688 -750.000 429.688 546.875
-437.500 -789.062 -382.812 -367.188 -515.625 750.000 -867.188 -70.312 476.562 -812.500 414.062 429.688 -750.000 429.688 546.875
-453.125 -742.188 -390.625 -398.438 -492.188 718.750 -875.000 -46.875 445.312 -812.500 414.062 367.188 -742.188 421.875 492.188
-453.125 -742.188 -390.625 -398.438 -492.188 718.750 -875.000 -46.875 445.312 -812.500 414.062 367.188 -742.188 421.875 492.188
-453.125 -742.188 -390.625 -398.438 -492.188 718.750 -875.000 -46.875 445.312 -812.500 414.062 367.188 -742.188 421.875 492.188
-453.125 -757.812 -398.438 -398.438 -492.188 718.750 -867.188 -39.062 445.312 -812.500 406.250 375.000 -742.188 429.688 492.188
-453.125 -757.812 -398.438 -398.438 -492.188 718.750 -867.188 -39.062 445.312 -812.500 406.250 375.000 -742.188 429.688 492.188
-445.312 -789.062 -367.188 -375.000 -500.000 726.562 -859.375 -62.500 453.125 -812.500 398.438 375.000 -742.188 437.500 476.562
-445.312 -789.062 -367.188 -375.000 -500.000 726.562 -859.375 -62.500 453.125 -812.500 398.438 375.000 -742.188 437.500 476.562
-445.312 -796.875 -351.562 -367.188 -507.812 742.188 -851.562 -62.500 468.750 -796.875 390.625 382.812 -726.562 429.688 476.562
-445.312 -796.875 -351.562 -367.188 -507.812 742.188 -851.562 -62.500 468.750 -796.875 390.625 382.812 -726.562 429.688 476.562
-468.750 -812.500 -367.188 -320.312 -539.062 750.000 -804.688 -78.125 539.062 -757.812 375.000 468.750 -710.938 406.250 539.062
-468.750 -812.500 -367.188 -320.312 -539.062 750.000 -804.688 -78.125 539.062 -757.812 375.000 468.750 -710.938 406.250 539.062
-468.750 -812.500 -367.188 -320.312 -539.062 750.000 -804.688 -78.125 539.062 -757.812 375.000 468.750 -710.938 406.250 539.062
-484.375 -820.312 -421.875 -320.312 -476.562 757.812 -812.500 -46.875 539.062 -773.438 421.875 492.188 -718.750 398.438 539.062
-484.375 -820.312 -421.875 -320.312 -476.562 757.812 -812.500 -46.875 539.062 -773.438 421.875 492.188 -718.750 398.438 539.062
-492.188 -828.125 -429.688 -312.500 -507.812 757.812 -820.312 -62.500 531.250 -773.438 429.688 453.125 -734.375 390.625 531.250
-492.188 -828.125 -429.688 -312.500 -507.812 757.812 -820.312 -62.500 531.250 -773.438 429.688 453.125 -734.375 390.625 531.250
-453.125 -812.500 -421.875 -343.750 -492.188 742.188 -843.750 -62.500 476.562 -812.500 390.625 398.438 -742.188 421.875 523.438
-453.125 -812.500 -421.875 -343.750 -492.188 742.188 -843.750 -62.500 476.562 -812.500 390.625 398.438 -742.188 421.875 523.438
-453.125 -820.312 -414.062 -351.562 -445.312 734.375 -851.562 -54.688 460.938 -820.312 398.438 398.438 -750.000 414.062 507.812
-453.125 -820.312 -414.062 -351.562 -445.312 734.375 -851.562 -54.688 460.938 -820.312 398.438 398.438 -750.000 414.062 507.812
-453.125 -820.312 -414.062 -351.562 -445.312 734.375 -851.562 -54.688 460.938 -820.312 398.438 398.438 -750.000 414.062 507.812
-437.500 -742.188 -398.438 -382.812 -476.562 718.750 -859.375 -39.062 453.125 -812.500 406.250 390.625 -742.188 414.062 484.375
-437.500 -742.188 -398.438 -382.812 -476.562 718.750 -859.375 -39.062 453.125 -812.500 406.250 390.625 -742.188 414.062 484.375
-453.125 -765.625 -406.250 -390.625 -484.375 734.375 -867.188 -46.875 476.562 -812.500 414.062 398.438 -742.188 445.312 515.625
-453.125 -765.625 -406.250 -390.625 -484.375 734.375 -867.188 -46.875 476.562 -812.500 414.062 398.438 -742.188 445.312 515.625
-445.312 -812.500 -382.812 -375.000 -507.812 742.188 -859.375 -46.875 476.562 -804.688 414.062 398.438 -726.562 437.500 515.625
-445.312 -812.500 -382.812 -375.000 -507.812 742.188 -859.375 -46.875 476.562 -804.688 414.062 398.438 -726.562 437.500 515.625
-445.312 -812.500 -382.812 -375.000 -507.812 742.188 -859.375 -46.875 476.562 -804.688 414.062 398.438 -726.562 437.500 515.625
-460.938 -867.188 -390.625 -296.875 -460.938 781.250 -796.875 -23.438 593.750 -765.625 453.125 492.188 -671.875 390.625 593.750
-460.938 -867.188 -390.625 -296.875 -460.938 781.250 -796.875 -23.438 593.750 -765.625 453.125 492.188 -671.875 390.625 593.750
-460.938 -859.375 -390.625 -250.000 -484.375 812.500 -789.062 -15.625 617.188 -750.000 468.750 515.625 -703.125 414.062 617.188
-460.938 -859.375 -390.625 -250.000 -484.375 812.500 -789.062 -15.625 617.188 -750.000 468.750 515.625 -703.125 414.062 617.188
-460.938 -859.375 -390.625 -250.000 -484.375 812.500 -789.062 -15.625 617.188 -750.000 468.750 515.625 -703.125 414.062 617.188
-460.938 -859.375 -390.625 -250.000 -484.375 812.500 -789.062 -15.625 617.188 -750.000 468.750 515.625 -703.125 414.062 617.188
-468.750 -875.000 -421.875 -257.812 -523.438 828.125 -796.875 -46.875 609.375 -781.250 460.938 468.750 -726.562 476.562 593.750
-468.750 -875.000 -421.875 -257.812 -523.438 828.125 -796.875 -46.875 609.375 -781.250 460.938 468.750 -726.562 476.562 593.750
