-851.562 -234.375 -445.312 -250.000 -476.562 812.500 -242.188 -296.875 898.438 171.875 -210.938 976.562 203.125 23.438 992.188
-859.375 -234.375 -453.125 -242.188 -468.750 812.500 -242.188 -289.062 906.250 164.062 -210.938 976.562 203.125 23.438 992.188
-843.750 -250.000 -437.500 -242.188 -445.312 796.875 -250.000 -265.625 890.625 164.062 -187.500 960.938 195.312 31.250 992.188
-843.750 -250.000 -437.500 -242.188 -445.312 796.875 -250.000 -265.625 890.625 164.062 -187.500 960.938 195.312 31.250 992.188
-843.750 -250.000 -437.500 -242.188 -445.312 796.875 -250.000 -265.625 890.625 164.062 -187.500 960.938 195.312 31.250 992.188
-835.938 -250.000 -429.688 -250.000 -445.312 804.688 -242.188 -265.625 898.438 156.250 -187.500 976.562 187.500 39.062 992.188
-835.938 -250.000 -429.688 -250.000 -445.312 804.688 -242.188 -265.625 898.438 156.250 -187.500 976.562 187.500 39.062 992.188
-843.750 -242.188 -437.500 -250.000 -445.312 804.688 -242.188 -273.438 898.438 179.688 -187.500 976.562 210.938 46.875 1000.000
-843.750 -242.188 -437.500 -250.000 -445.312 804.688 -242.188 -273.438 898.438 179.688 -187.500 976.562 210.938 46.875 1000.000
-851.562 -234.375 -445.312 -257.812 -453.125 804.688 -242.188 -265.625 906.250 179.688 -187.500 976.562 226.562 39.062 1007.812
-859.375 -257.812 -476.562 -234.375 -476.562 820.312 -234.375 -281.250 906.250 156.250 -203.125 968.750 179.688 31.250 1007.812
-859.375 -257.812 -476.562 -234.375 -476.562 820.312 -234.375 -281.250 906.250 156.250 -203.125 968.750 179.688 31.250 1007.812
-859.375 -257.812 -476.562 -234.375 -476.562 820.312 -234.375 -281.250 906.250 156.250 -203.125 968.750 179.688 31.250 1007.812
-859.375 -257.812 -476.562 -234.375 -476.562 820.312 -234.375 -281.250 906.250 156.250 -203.125 968.750 179.688 31.250 1007.812
-859.375 -257.812 -476.562 -234.375 -476.562 820.312 -234.375 -281.250 906.250 156.250 -203.125 968.750 179.688 31.250 1007.812
-835.938 -257.812 -453.125 -234.375 -476.562 812.500 -218.750 -273.438 929.688 195.312 -179.688 1000.000 226.562 54.688 1031.250
-835.938 -257.812 -453.125 -234.375 -476.562 812.500 -218.750 -273.438 929.688 195.312 -179.688 1000.000 226.562 54.688 1031.250
-843.750 -265.625 -468.750 -218.750 -468.750 820.312 -210.938 -265.625 945.312 242.188 -179.688 1031.250 296.875 54.688 1062.500
-828.125 -195.312 -476.562 -226.562 -500.000 820.312 -203.125 -257.812 976.562 312.500 -171.875 1085.938 343.750 62.500 1101.562
-828.125 -195.312 -476.562 -226.562 -500.000 820.312 -203.125 -257.812 976.562 312.500 -171.875 1085.938 343.750 62.500 1101.562
-781.250 -398.438 -476.562 -320.312 -570.312 890.625 -125.000 -414.062 1007.812 78.125 -242.188 1117.188 164.062 0.000 1203.125
-781.250 -398.438 -476.562 -320.312 -570.312 890.625 -125.000 -414.062 1007.812 78.125 -242.188 1117.188 164.062 0.000 1203.125
-781.250 -398.438 -476.562 -320.312 -570.312 890.625 -125.000 -414.062 1007.812 78.125 -242.188 1117.188 164.062 0.000 1203.125
-781.250 -398.438 -476.562 -320.312 -570.312 890.625 -125.000 -414.062 1007.812 78.125 -242.188 1117.188 164.062 0.000 1203.125
-781.250 -398.438 -476.562 -320.312 -570.312 890.625 -125.000 -414.062 1007.812 78.125 -242.188 1117.188 164.062 0.000 1203.125
-476.562 -585.938 -195.312 -445.312 -757.812 1171.875 -226.562 -507.812 1242.188 281.250 -328.125 1250.000 156.250 31.250 1148.438
-437.500 117.188 -93.750 -171.875 -539.062 984.375 -281.250 -375.000 1039.062 31.250 -125.000 1179.688 -46.875 140.625 1242.188
-437.500 117.188 -93.750 -171.875 -539.062 984.375 -281.250 -375.000 1039.062 31.250 -125.000 1179.688 -46.875 140.625 1242.188
-546.875 -109.375 -179.688 -164.062 -453.125 984.375 -453.125 -382.812 1054.688 -70.312 -304.688 1132.812 15.625 7.812 1132.812
-515.625 -23.438 -257.812 -46.875 -679.688 476.562 140.625 -351.562 687.500 156.250 179.688 1023.438 101.562 132.812 1296.875
-515.625 -23.438 -257.812 -46.875 -679.688 476.562 140.625 -351.562 687.500 156.250 179.688 1023.438 101.562 132.812 1296.875
-640.625 -406.250 -367.188 -468.750 -500.000 1007.812 -992.188 -242.188 1046.875 -500.000 -406.250 1328.125 62.500 -101.562 1218.750
-640.625 -406.250 -367.188 -468.750 -500.000 1007.812 -992.188 -242.188 1046.875 -500.000 -406.250 1328.125 62.500 -101.562 1218.750
-687.500 -109.375 -539.062 -304.688 -562.500 843.750 -296.875 -468.750 1117.188 46.875 -625.000 1226.562 78.125 -343.750 1054.688
-687.500 -109.375 -539.062 -304.688 -562.500 843.750 -296.875 -468.750 1117.188 46.875 -625.000 1226.562 78.125 -343.750 1054.688
-687.500 -109.375 -539.062 -304.688 -562.500 843.750 -296.875 -468.750 1117.188 46.875 -625.000 1226.562 78.125 -343.750 1054.688
-789.062 -304.688 -648.438 -398.438 -398.438 734.375 -304.688 -523.438 1007.812 109.375 -585.938 1203.125 156.250 -414.062 1156.250
-789.062 -304.688 -648.438 -398.438 -398.438 734.375 -304.688 -523.438 1007.812 109.375 -585.938 1203.125 156.250 -414.062 1156.250
-804.688 -296.875 -703.125 -476.562 -203.125 570.312 -351.562 -484.375 859.375 101.562 -492.188 1117.188 101.562 -304.688 1171.875
-781.250 -234.375 -828.125 -804.688 -15.625 210.938 -570.312 -335.938 515.625 -101.562 -226.562 828.125 -85.938 -109.375 984.375
-781.250 -234.375 -828.125 -804.688 -15.625 210.938 -570.312 -335.938 515.625 -101.562 -226.562 828.125 -85.938 -109.375 984.375
-789.062 -195.312 -890.625 -1046.875 70.312 23.438 -382.812 -265.625 484.375 -78.125 -445.312 695.312 -148.438 23.438 898.438
-687.500 -226.562 -843.750 -1046.875 -250.000 -85.938 -1000.000 -156.250 -15.625 -109.375 281.250 445.312 -492.188 210.938 156.250
-687.500 -226.562 -843.750 -1046.875 -250.000 -85.938 -1000.000 -156.250 -15.625 -109.375 281.250 445.312 -492.188 210.938 156.250
-601.562 -140.625 -718.750 -953.125 -296.875 15.625 -773.438 -218.750 7.812 -835.938 -179.688 46.875 -179.688 -78.125 539.062
-601.562 -140.625 -718.750 -953.125 -296.875 15.625 -773.438 -218.750 7.812 -835.938 -179.688 46.875 -179.688 -78.125 539.062
-578.125 -132.812 -710.938 -867.188 -203.125 171.875 -703.125 -578.125 15.625 -1000.000 -125.000 -85.938 -265.625 148.438 750.000
-585.938 -351.562 -984.375 -585.938 -664.062 257.812 -835.938 -304.688 23.438 -890.625 -101.562 148.438 -1148.438 -93.750 -23.438
-585.938 -351.562 -984.375 -585.938 -664.062 257.812 -835.938 -304.688 23.438 -890.625 -101.562 148.438 -1148.438 -93.750 -23.438
-585.938 -351.562 -984.375 -585.938 -664.062 257.812 -835.938 -304.688 23.438 -890.625 -101.562 148.438 -1148.438 -93.750 -23.438
-585.938 -351.562 -984.375 -585.938 -664.062 257.812 -835.938 -304.688 23.438 -890.625 -101.562 148.438 -1148.438 -93.750 -23.438
-585.938 -351.562 -984.375 -585.938 -664.062 257.812 -835.938 -304.688 23.438 -890.625 -101.562 148.438 -1148.438 -93.750 -23.438
-421.875 -343.750 -859.375 -609.375 -601.562 296.875 -828.125 -507.812 46.875 -1039.062 -218.750 85.938 -1218.750 -140.625 -93.750
-421.875 -343.750 -859.375 -609.375 -601.562 296.875 -828.125 -507.812 46.875 -1039.062 -218.750 85.938 -1218.750 -140.625 -93.750
-429.688 -406.250 -843.750 -656.250 -632.812 312.500 -851.562 -570.312 46.875 -1031.250 -210.938 0.000 -1093.750 -203.125 0.000
-476.562 -453.125 -898.438 -625.000 -687.500 328.125 -843.750 -648.438 -7.812 -1117.188 -226.562 -31.250 -906.250 -179.688 164.062
-476.562 -453.125 -898.438 -625.000 -687.500 328.125 -843.750 -648.438 -7.812 -1117.188 -226.562 -31.250 -906.250 -179.688 164.062
-414.062 -453.125 -789.062 -578.125 -703.125 343.750 -812.500 -476.562 125.000 -929.688 -156.250 289.062 -906.250 -187.500 375.000
-414.062 -453.125 -789.062 -578.125 -703.125 343.750 -812.500 -476.562 125.000 -929.688 -156.250 289.062 -906.250 -187.500 375.000
-414.062 -453.125 -789.062 -578.125 -703.125 343.750 -812.500 -476.562 125.000 -929.688 -156.250 289.062 -906.250 -187.500 375.000
-414.062 -453.125 -789.062 -578.125 -703.125 343.750 -812.500 -476.562 125.000 -929.688 -156.250 289.062 -906.250 -187.500 375.000
-414.062 -453.125 -789.062 -578.125 -703.125 343.750 -812.500 -476.562 125.000 -929.688 -156.250 289.062 -906.250 -187.500 375.000
-453.125 -429.688 -781.250 -648.438 -656.250 296.875 -812.500 -445.312 132.812 -906.250 -78.125 312.500 -875.000 -156.250 460.938
-523.438 -375.000 -828.125 -734.375 -609.375 257.812 -851.562 -414.062 101.562 -921.875 -62.500 320.312 -875.000 -109.375 460.938
-523.438 -375.000 -828.125 -734.375 -609.375 257.812 -851.562 -414.062 101.562 -921.875 -62.500 320.312 -875.000 -109.375 460.938
-515.625 -335.938 -835.938 -757.812 -539.062 273.438 -882.812 -414.062 117.188 -937.500 -78.125 312.500 -867.188 -156.250 460.938
-515.625 -335.938 -835.938 -757.812 -539.062 273.438 -882.812 -414.062 117.188 -937.500 -78.125 312.500 -867.188 -156.250 460.938
-523.438 -179.688 -906.250 -789.062 -539.062 226.562 -882.812 -429.688 62.500 -968.750 -62.500 203.125 -1039.062 -15.625 281.250
-523.438 -179.688 -906.250 -789.062 -539.062 226.562 -882.812 -429.688 62.500 -968.750 -62.500 203.125 -1039.062 -15.625 281.250
-523.438 -179.688 -906.250 -789.062 -539.062 226.562 -882.812 -429.688 62.500 -968.750 -62.500 203.125 -1039.062 -15.625 281.250
-523.438 -179.688 -906.250 -789.062 -539.062 226.562 -882.812 -429.688 62.500 -968.750 -62.500 203.125 -1039.062 -15.625 281.250
-476.562 -195.312 -882.812 -726.562 -523.438 281.250 -882.812 -445.312 93.750 -1015.625 -93.750 156.250 -984.375 -156.250 281.250
-476.562 -195.312 -882.812 -726.562 -523.438 281.250 -882.812 -445.312 93.750 -1015.625 -93.750 156.250 -984.375 -156.250 281.250
-468.750 -218.750 -882.812 -750.000 -515.625 257.812 -867.188 -406.250 70.312 -1023.438 -125.000 156.250 -929.688 -171.875 320.312
-468.750 -218.750 -882.812 -750.000 -515.625 257.812 -867.188 -406.250 70.312 -1023.438 -125.000 156.250 -929.688 -171.875 320.312
-453.125 -281.250 -859.375 -820.312 -492.188 218.750 -890.625 -406.250 54.688 -984.375 -109.375 179.688 -812.500 -164.062 421.875
-429.688 -367.188 -820.312 -796.875 -554.688 203.125 -875.000 -445.312 62.500 -921.875 -78.125 281.250 -757.812 -250.000 507.812
-429.688 -367.188 -820.312 -796.875 -554.688 203.125 -875.000 -445.312 62.500 -921.875 -78.125 281.250 -757.812 -250.000 507.812
-437.500 -375.000 -812.500 -773.438 -562.500 234.375 -859.375 -445.312 101.562 -906.250 -93.750 320.312 -750.000 -250.000 539.062
-398.438 -382.812 -789.062 -718.750 -507.812 273.438 -835.938 -429.688 148.438 -890.625 -93.750 375.000 -734.375 -203.125 609.375
-398.438 -382.812 -789.062 -718.750 -507.812 273.438 -835.938 -429.688 148.438 -890.625 -93.750 375.000 -734.375 -203.125 609.375
-398.438 -375.000 -804.688 -710.938 -531.250 281.250 -828.125 -406.250 148.438 -882.812 -39.062 359.375 -750.000 -148.438 609.375
-398.438 -375.000 -804.688 -710.938 -531.250 281.250 -828.125 -406.250 148.438 -882.812 -39.062 359.375 -750.000 -148.438 609.375
-398.438 -445.312 -843.750 -648.438 -531.250 375.000 -828.125 -406.250 210.938 -914.062 31.250 382.812 -781.250 -78.125 671.875
-398.438 -445.312 -843.750 -648.438 -531.250 375.000 -828.125 -406.250 210.938 -914.062 31.250 382.812 -781.250 -78.125 671.875
-398.438 -445.312 -843.750 -648.438 -531.250 375.000 -828.125 -406.250 210.938 -914.062 31.250 382.812 -781.250 -78.125 671.875
-375.000 -429.688 -828.125 -664.062 -531.250 367.188 -835.938 -382.812 218.750 -914.062 46.875 375.000 -789.062 -70.312 648.438
-375.000 -429.688 -812.500 -679.688 -531.250 359.375 -843.750 -359.375 226.562 -929.688 78.125 398.438 -804.688 -39.062 664.062
-375.000 -429.688 -812.500 -679.688 -531.250 359.375 -843.750 -359.375 226.562 -929.688 78.125 398.438 -804.688 -39.062 664.062
-398.438 -414.062 -820.312 -671.875 -507.812 367.188 -843.750 -351.562 234.375 -921.875 78.125 406.250 -804.688 -39.062 679.688
-398.438 -414.062 -820.312 -671.875 -507.812 367.188 -843.750 -351.562 234.375 -921.875 78.125 406.250 -804.688 -39.062 679.688
-437.500 -257.812 -929.688 -695.312 -492.188 367.188 -851.562 -359.375 234.375 -921.875 62.500 398.438 -789.062 -39.062 664.062
-437.500 -257.812 -929.688 -695.312 -492.188 367.188 -851.562 -359.375 234.375 -921.875 62.500 398.438 -789.062 -39.062 664.062
-437.500 -257.812 -929.688 -695.312 -492.188 367.188 -851.562 -359.375 234.375 -921.875 62.500 398.438 -789.062 -39.062 664.062
-437.500 -257.812 -929.688 -695.312 -492.188 367.188 -851.562 -359.375 234.375 -921.875 62.500 398.438 -789.062 -39.062 664.062
-445.312 -281.250 -937.500 -718.750 -500.000 359.375 -859.375 -367.188 226.562 -921.875 62.500 390.625 -812.500 -39.062 656.250
-445.312 -281.250 -921.875 -750.000 -515.625 320.312 -859.375 -375.000 195.312 -937.500 23.438 375.000 -820.312 -70.312 625.000
-414.062 -296.875 -906.250 -789.062 -531.250 281.250 -875.000 -375.000 156.250 -976.562 15.625 343.750 -835.938 -93.750 601.562
-414.062 -296.875 -906.250 -789.062 -531.250 281.250 -875.000 -375.000 156.250 -976.562 15.625 343.750 -835.938 -93.750 601.562
-398.438 -382.812 -867.188 -789.062 -546.875 281.250 -906.250 -421.875 101.562 -984.375 -7.812 328.125 -812.500 -148.438 632.812
-398.438 -437.500 -859.375 -804.688 -632.812 242.188 -890.625 -453.125 78.125 -984.375 -164.062 265.625 -859.375 -234.375 437.500
-398.438 -437.500 -859.375 -804.688 -632.812 242.188 -890.625 -453.125 78.125 -984.375 -164.062 265.625 -859.375 -234.375 437.500
-398.438 -437.500 -859.375 -804.688 -632.812 242.188 -890.625 -453.125 78.125 -984.375 -164.062 265.625 -859.375 -234.375 437.500
-398.438 -437.500 -859.375 -804.688 -632.812 242.188 -890.625 -453.125 78.125 -984.375 -164.062 265.625 -859.375 -234.375 437.500
-398.438 -437.500 -859.375 -804.688 -632.812 242.188 -890.625 -453.125 78.125 -984.375 -164.062 265.625 -859.375 -234.375 437.500
-398.438 -453.125 -867.188 -851.562 -640.625 210.938 -890.625 -406.250 70.312 -1023.438 -218.750 250.000 -867.188 -242.188 390.625
-398.438 -453.125 -867.188 -851.562 -640.625 210.938 -890.625 -406.250 70.312 -1023.438 -218.750 250.000 -867.188 -242.188 390.625
-429.688 -484.375 -835.938 -859.375 -554.688 250.000 -882.812 -593.750 93.750 -1109.375 -273.438 148.438 -906.250 -250.000 328.125
-460.938 -578.125 -843.750 -804.688 -554.688 320.312 -859.375 -609.375 85.938 -1085.938 -343.750 156.250 -835.938 -312.500 320.312
-460.938 -578.125 -843.750 -804.688 -554.688 320.312 -859.375 -609.375 85.938 -1085.938 -343.750 156.250 -835.938 -312.500 320.312
-468.750 -601.562 -882.812 -789.062 -640.625 320.312 -882.812 -617.188 62.500 -1117.188 -304.688 125.000 -851.562 -343.750 328.125
-476.562 -570.312 -945.312 -757.812 -632.812 359.375 -906.250 -656.250 -7.812 -1179.688 -351.562 93.750 -875.000 -343.750 320.312
-476.562 -570.312 -945.312 -757.812 -632.812 359.375 -906.250 -656.250 -7.812 -1179.688 -351.562 93.750 -875.000 -343.750 320.312
-468.750 -546.875 -960.938 -718.750 -664.062 359.375 -859.375 -632.812 -39.062 -1140.625 -273.438 101.562 -804.688 -406.250 382.812
-468.750 -546.875 -960.938 -718.750 -664.062 359.375 -859.375 -632.812 -39.062 -1140.625 -273.438 101.562 -804.688 -406.250 382.812
-476.562 -585.938 -984.375 -726.562 -562.500 320.312 -992.188 -539.062 -93.750 -1218.750 -218.750 101.562 -773.438 -601.562 289.062
-406.250 -539.062 -890.625 -648.438 -546.875 320.312 -921.875 -531.250 -109.375 -851.562 -156.250 101.562 -789.062 -921.875 -7.812
-406.250 -539.062 -890.625 -648.438 -546.875 320.312 -921.875 -531.250 -109.375 -851.562 -156.250 101.562 -789.062 -921.875 -7.812
-375.000 -515.625 -828.125 -625.000 -539.062 312.500 -976.562 -640.625 -210.938 -484.375 179.688 78.125 -570.312 -1367.188 -492.188
-320.312 -414.062 -523.438 -773.438 -468.750 -7.812 -843.750 -367.188 -117.188 -273.438 -85.938 750.000 1750.000 929.688 500.000
-320.312 -414.062 -523.438 -773.438 -468.750 -7.812 -843.750 -367.188 -117.188 -273.438 -85.938 750.000 1750.000 929.688 500.000
-320.312 -414.062 -523.438 -773.438 -468.750 -7.812 -843.750 -367.188 -117.188 -273.438 -85.938 750.000 1750.000 929.688 500.000
-320.312 -414.062 -523.438 -773.438 -468.750 -7.812 -843.750 -367.188 -117.188 -273.438 -85.938 750.000 1750.000 929.688 500.000
-351.562 -398.438 -484.375 -890.625 -476.562 -93.750 -804.688 -414.062 46.875 257.812 -70.312 742.188 2179.688 3343.750 1937.500
-351.562 -398.438 -484.375 -890.625 -476.562 -93.750 -804.688 -414.062 46.875 257.812 -70.312 742.188 2179.688 3343.750 1937.500
-585.938 -367.188 -781.250 -750.000 31.250 265.625 -789.062 0.000 453.125 -171.875 632.812 1195.312 585.938 289.062 1593.750
-585.938 -367.188 -781.250 -750.000 31.250 265.625 -789.062 0.000 453.125 -171.875 632.812 1195.312 585.938 289.062 1593.750
-585.938 -367.188 -781.250 -750.000 31.250 265.625 -789.062 0.000 453.125 -171.875 632.812 1195.312 585.938 289.062 1593.750
-585.938 -367.188 -781.250 -750.000 31.250 265.625 -789.062 0.000 453.125 -171.875 632.812 1195.312 585.938 289.062 1593.750
-570.312 -257.812 -804.688 -757.812 -132.812 320.312 -890.625 -187.500 281.250 -468.750 453.125 890.625 -195.312 296.875 882.812
-570.312 -257.812 -804.688 -757.812 -132.812 320.312 -890.625 -187.500 281.250 -468.750 453.125 890.625 -195.312 296.875 882.812
-546.875 -101.562 -828.125 -1015.625 -390.625 132.812 -1070.312 -414.062 15.625 -773.438 187.500 390.625 -796.875 62.500 210.938
-671.875 -218.750 -929.688 -1117.188 -531.250 70.312 -1132.812 -539.062 -218.750 -937.500 15.625 289.062 -546.875 281.250 656.250
-671.875 -218.750 -929.688 -1117.188 -531.250 70.312 -1132.812 -539.062 -218.750 -937.500 15.625 289.062 -546.875 281.250 656.250
-703.125 -539.062 -734.375 -937.500 -585.938 39.062 -921.875 -554.688 -31.250 -687.500 109.375 734.375 -210.938 39.062 937.500
-703.125 -539.062 -734.375 -937.500 -585.938 39.062 -921.875 -554.688 -31.250 -687.500 109.375 734.375 -210.938 39.062 937.500
-703.125 -539.062 -734.375 -937.500 -585.938 39.062 -921.875 -554.688 -31.250 -687.500 109.375 734.375 -210.938 39.062 937.500
-703.125 -539.062 -734.375 -937.500 -585.938 39.062 -921.875 -554.688 -31.250 -687.500 109.375 734.375 -210.938 39.062 937.500
-703.125 -539.062 -734.375 -937.500 -585.938 39.062 -921.875 -554.688 -31.250 -687.500 109.375 734.375 -210.938 39.062 937.500
-507.812 -546.875 -507.812 -882.812 -593.750 156.250 -882.812 -554.688 132.812 -531.250 148.438 820.312 -62.500 132.812 906.250
-507.812 -546.875 -507.812 -882.812 -593.750 156.250 -882.812 -554.688 132.812 -531.250 148.438 820.312 -62.500 132.812 906.250
-546.875 -601.562 -531.250 -875.000 -570.312 242.188 -906.250 -507.812 140.625 -554.688 179.688 718.750 62.500 218.750 914.062
-593.750 -640.625 -578.125 -867.188 -515.625 226.562 -906.250 -453.125 101.562 -515.625 187.500 695.312 85.938 226.562 906.250
-593.750 -640.625 -578.125 -867.188 -515.625 226.562 -906.250 -453.125 101.562 -515.625 187.500 695.312 85.938 226.562 906.250
-585.938 -648.438 -593.750 -953.125 -414.062 171.875 -929.688 -359.375 78.125 -453.125 242.188 687.500 140.625 195.312 867.188
-578.125 -671.875 -570.312 -945.312 -398.438 132.812 -921.875 -343.750 46.875 -437.500 234.375 671.875 156.250 250.000 851.562
-578.125 -671.875 -570.312 -945.312 -398.438 132.812 -921.875 -343.750 46.875 -437.500 234.375 671.875 156.250 250.000 851.562
-570.312 -828.125 -531.250 -890.625 -367.188 117.188 -820.312 -421.875 0.000 -562.500 187.500 437.500 132.812 296.875 750.000
-570.312 -828.125 -531.250 -890.625 -367.188 117.188 -820.312 -421.875 0.000 -562.500 187.500 437.500 132.812 296.875 750.000
-570.312 -828.125 -531.250 -890.625 -367.188 117.188 -820.312 -421.875 0.000 -562.500 187.500 437.500 132.812 296.875 750.000
-570.312 -835.938 -507.812 -859.375 -375.000 101.562 -781.250 -468.750 -31.250 -507.812 62.500 382.812 70.312 335.938 718.750
-570.312 -835.938 -507.812 -859.375 -375.000 101.562 -781.250 -468.750 -31.250 -507.812 62.500 382.812 70.312 335.938 718.750
-625.000 -1007.812 -703.125 -718.750 -515.625 109.375 -664.062 -484.375 -148.438 -539.062 78.125 257.812 31.250 320.312 671.875
-765.625 -1179.688 -781.250 -734.375 -523.438 78.125 -664.062 -476.562 -218.750 -664.062 187.500 210.938 93.750 156.250 710.938
-765.625 -1179.688 -781.250 -734.375 -523.438 78.125 -664.062 -476.562 -218.750 -664.062 187.500 210.938 93.750 156.250 710.938
-640.625 -1046.875 -703.125 -710.938 -421.875 -109.375 -570.312 -453.125 -421.875 -539.062 304.688 187.500 -39.062 -382.812 757.812
-640.625 -1046.875 -703.125 -710.938 -421.875 -109.375 -570.312 -453.125 -421.875 -539.062 304.688 187.500 -39.062 -382.812 757.812
-523.438 -914.062 -671.875 -546.875 -648.438 218.750 -421.875 -460.938 -265.625 -531.250 460.938 281.250 -320.312 -85.938 671.875
-695.312 -507.812 -718.750 46.875 -953.125 1000.000 -226.562 265.625 546.875 414.062 382.812 492.188 -203.125 39.062 414.062
-695.312 -507.812 -718.750 46.875 -953.125 1000.000 -226.562 265.625 546.875 414.062 382.812 492.188 -203.125 39.062 414.062
-695.312 -507.812 -718.750 46.875 -953.125 1000.000 -226.562 265.625 546.875 414.062 382.812 492.188 -203.125 39.062 414.062
-695.312 -507.812 -718.750 46.875 -953.125 1000.000 -226.562 265.625 546.875 414.062 382.812 492.188 -203.125 39.062 414.062
-695.312 -507.812 -718.750 46.875 -953.125 1000.000 -226.562 265.625 546.875 414.062 382.812 492.188 -203.125 39.062 414.062
-679.688 -125.000 -664.062 664.062 -1476.562 2625.000 -742.188 -773.438 617.188 117.188 406.250 281.250 31.250 382.812 257.812
-679.688 -125.000 -664.062 664.062 -1476.562 2625.000 -742.188 -773.438 617.188 117.188 406.250 281.250 31.250 382.812 257.812
-781.250 -132.812 -625.000 -843.750 -1257.812 -906.250 203.125 -1289.062 2234.375 914.062 109.375 367.188 492.188 546.875 -132.812
-781.250 -132.812 -625.000 -843.750 -1257.812 -906.250 203.125 -1289.062 2234.375 914.062 109.375 367.188 492.188 546.875 -132.812
-781.250 -132.812 -625.000 -843.750 -1257.812 -906.250 203.125 -1289.062 2234.375 914.062 109.375 367.188 492.188 546.875 -132.812
-671.875 -171.875 -570.312 -968.750 281.250 -343.750 15.625 1101.562 312.500 859.375 515.625 375.000 789.062 867.188 -101.562
-578.125 -39.062 -367.188 -648.438 -93.750 -601.562 273.438 1062.500 23.438 812.500 632.812 281.250 1039.062 953.125 -62.500
-578.125 -39.062 -367.188 -648.438 -93.750 -601.562 273.438 1062.500 23.438 812.500 632.812 281.250 1039.062 953.125 -62.500
-125.000 -23.438 195.312 -93.750 414.062 -148.438 156.250 937.500 187.500 1023.438 507.812 351.562 1546.875 484.375 85.938
-125.000 -23.438 195.312 -93.750 414.062 -148.438 156.250 937.500 187.500 1023.438 507.812 351.562 1546.875 484.375 85.938
-125.000 -23.438 195.312 -93.750 414.062 -148.438 156.250 937.500 187.500 1023.438 507.812 351.562 1546.875 484.375 85.938
-125.000 -117.188 164.062 54.688 804.688 -46.875 406.250 812.500 320.312 1085.938 515.625 312.500 1429.688 531.250 140.625
-125.000 -117.188 164.062 54.688 804.688 -46.875 406.250 812.500 320.312 1085.938 515.625 312.500 1429.688 531.250 140.625
-101.562 -140.625 101.562 296.875 1289.062 257.812 695.312 898.438 492.188 1179.688 679.688 281.250 1335.938 742.188 179.688
-140.625 -93.750 39.062 335.938 1257.812 445.312 656.250 992.188 484.375 1195.312 781.250 304.688 1390.625 812.500 250.000
-140.625 -93.750 39.062 335.938 1257.812 445.312 656.250 992.188 484.375 1195.312 781.250 304.688 1390.625 812.500 250.000
-257.812 -335.938 31.250 328.125 1093.750 820.312 695.312 1117.188 632.812 1210.938 851.562 421.875 1351.562 875.000 421.875
-257.812 -335.938 31.250 328.125 1093.750 820.312 695.312 1117.188 632.812 1210.938 851.562 421.875 1351.562 875.000 421.875
-195.312 -929.688 132.812 218.750 906.250 968.750 773.438 1039.062 820.312 1312.500 773.438 492.188 1312.500 835.938 390.625
-171.875 -1304.688 164.062 156.250 859.375 1039.062 789.062 976.562 882.812 1257.812 750.000 500.000 1476.562 843.750 484.375
-171.875 -1304.688 164.062 156.250 859.375 1039.062 789.062 976.562 882.812 1257.812 750.000 500.000 1476.562 843.750 484.375
-242.188 -1710.938 195.312 140.625 781.250 1226.562 796.875 1007.812 1031.250 1390.625 593.750 546.875 1218.750 695.312 304.688
-242.188 -1710.938 195.312 140.625 781.250 1226.562 796.875 1007.812 1031.250 1390.625 593.750 546.875 1218.750 695.312 304.688
-421.875 -1468.750 -23.438 15.625 835.938 1343.750 828.125 1000.000 1109.375 1414.062 632.812 531.250 1210.938 757.812 281.250
-421.875 -1468.750 -23.438 15.625 835.938 1343.750 828.125 1000.000 1109.375 1414.062 632.812 531.250 1210.938 757.812 281.250
-421.875 -1468.750 -23.438 15.625 835.938 1343.750 828.125 1000.000 1109.375 1414.062 632.812 531.250 1210.938 757.812 281.250
-453.125 -1343.750 -62.500 31.250 835.938 1343.750 828.125 984.375 1101.562 1398.438 679.688 562.500 1273.438 789.062 382.812
-437.500 -1054.688 -54.688 23.438 812.500 1335.938 773.438 1000.000 1078.125 1390.625 718.750 601.562 1304.688 773.438 414.062
-437.500 -1054.688 -54.688 23.438 812.500 1335.938 773.438 1000.000 1078.125 1390.625 718.750 601.562 1304.688 773.438 414.062
-359.375 -937.500 -78.125 46.875 859.375 1273.438 703.125 1054.688 1046.875 1414.062 742.188 679.688 1406.250 796.875 523.438
-359.375 -937.500 -78.125 46.875 859.375 1273.438 703.125 1054.688 1046.875 1414.062 742.188 679.688 1406.250 796.875 523.438
-343.750 -843.750 -39.062 39.062 890.625 1195.312 679.688 1054.688 1039.062 1429.688 734.375 710.938 1539.062 765.625 601.562
-164.062 -601.562 62.500 -46.875 890.625 953.125 554.688 953.125 1000.000 1406.250 492.188 765.625 1437.500 578.125 546.875
-164.062 -601.562 62.500 -46.875 890.625 953.125 554.688 953.125 1000.000 1406.250 492.188 765.625 1437.500 578.125 546.875
-164.062 -601.562 62.500 -46.875 890.625 953.125 554.688 953.125 1000.000 1406.250 492.188 765.625 1437.500 578.125 546.875
-156.250 -437.500 70.312 -93.750 812.500 976.562 546.875 906.250 1000.000 1343.750 445.312 773.438 1421.875 562.500 578.125
-156.250 -437.500 70.312 -93.750 812.500 976.562 546.875 906.250 1000.000 1343.750 445.312 773.438 1421.875 562.500 578.125
-312.500 -289.062 -625.000 78.125 460.938 1242.188 687.500 726.562 1101.562 1453.125 242.188 750.000 1289.062 343.750 437.500
-312.500 -289.062 -625.000 78.125 460.938 1242.188 687.500 726.562 1101.562 1453.125 242.188 750.000 1289.062 343.750 437.500
-312.500 -289.062 -625.000 78.125 460.938 1242.188 687.500 726.562 1101.562 1453.125 242.188 750.000 1289.062 343.750 437.500
-312.500 -289.062 -625.000 78.125 460.938 1242.188 687.500 726.562 1101.562 1453.125 242.188 750.000 1289.062 343.750 437.500
-312.500 -289.062 -625.000 78.125 460.938 1242.188 687.500 726.562 1101.562 1453.125 242.188 750.000 1289.062 343.750 437.500
-476.562 -523.438 -1179.688 -218.750 382.812 773.438 546.875 218.750 828.125 1195.312 234.375 554.688 1265.625 250.000 476.562
-601.562 -796.875 -1414.062 -445.312 437.500 554.688 273.438 265.625 804.688 1039.062 132.812 507.812 1218.750 406.250 507.812
-601.562 -796.875 -1414.062 -445.312 437.500 554.688 273.438 265.625 804.688 1039.062 132.812 507.812 1218.750 406.250 507.812
-601.562 -1093.750 -1625.000 -531.250 359.375 343.750 15.625 445.312 773.438 460.938 187.500 539.062 804.688 296.875 265.625
-601.562 -1093.750 -1625.000 -531.250 359.375 343.750 15.625 445.312 773.438 460.938 187.500 539.062 804.688 296.875 265.625
-585.938 -1039.062 -1570.312 -812.500 367.188 226.562 0.000 546.875 804.688 726.562 351.562 593.750 539.062 507.812 648.438
-460.938 -421.875 -1406.250 -820.312 437.500 265.625 -265.625 1031.250 1039.062 804.688 273.438 1406.250 992.188 531.250 1945.312
-460.938 -421.875 -1406.250 -820.312 437.500 265.625 -265.625 1031.250 1039.062 804.688 273.438 1406.250 992.188 531.250 1945.312
-296.875 -835.938 -1093.750 -398.438 742.188 937.500 507.812 1023.438 1046.875 1523.438 562.500 906.250 1726.562 117.188 257.812
-296.875 -835.938 -1093.750 -398.438 742.188 937.500 507.812 1023.438 1046.875 1523.438 562.500 906.250 1726.562 117.188 257.812
-296.875 -835.938 -1093.750 -398.438 742.188 937.500 507.812 1023.438 1046.875 1523.438 562.500 906.250 1726.562 117.188 257.812
-359.375 -898.438 -1257.812 -406.250 468.750 937.500 320.312 1070.312 1000.000 1445.312 664.062 1054.688 1375.000 765.625 570.312
-359.375 -898.438 -1257.812 -406.250 468.750 937.500 320.312 1070.312 1000.000 1445.312 664.062 1054.688 1375.000 765.625 570.312
-406.250 -1039.062 -1531.250 -320.312 101.562 921.875 62.500 1210.938 750.000 1335.938 718.750 1085.938 1140.625 1328.125 882.812
-242.188 -1601.562 -2031.250 -203.125 -125.000 656.250 242.188 93.750 -93.750 187.500 648.438 -195.312 1070.312 750.000 414.062
-242.188 -1601.562 -2031.250 -203.125 -125.000 656.250 242.188 93.750 -93.750 187.500 648.438 -195.312 1070.312 750.000 414.062
-242.188 -1601.562 -2031.250 -203.125 -125.000 656.250 242.188 93.750 -93.750 187.500 648.438 -195.312 1070.312 750.000 414.062
-242.188 -1601.562 -2031.250 -203.125 -125.000 656.250 242.188 93.750 -93.750 187.500 648.438 -195.312 1070.312 750.000 414.062
-171.875 -1710.938 -2062.500 -195.312 -46.875 367.188 367.188 -546.875 -250.000 -54.688 539.062 -750.000 1070.312 953.125 -132.812
-46.875 -1890.625 -2187.500 93.750 -507.812 -375.000 445.312 -492.188 -460.938 359.375 -179.688 -1078.125 -742.188 218.750 -1921.875
-46.875 -1890.625 -2187.500 93.750 -507.812 -375.000 445.312 -492.188 -460.938 359.375 -179.688 -1078.125 -742.188 218.750 -1921.875
54.688 -2039.062 -2148.438 531.250 -593.750 -171.875 585.938 -593.750 -156.250 375.000 -476.562 -867.188 -507.812 -1226.562 -2007.812
2406.250 -2343.750 664.062 1031.250 -1656.250 1906.250 -242.188 -46.875 1312.500 843.750 1695.312 2437.500 1390.625 -273.438 3031.250
2406.250 -2343.750 664.062 1031.250 -1656.250 1906.250 -242.188 -46.875 1312.500 843.750 1695.312 2437.500 1390.625 -273.438 3031.250
2406.250 -2343.750 664.062 1031.250 -1656.250 1906.250 -242.188 -46.875 1312.500 843.750 1695.312 2437.500 1390.625 -273.438 3031.250
2406.250 -2343.750 664.062 1031.250 -1656.250 1906.250 -242.188 -46.875 1312.500 843.750 1695.312 2437.500 1390.625 -273.438 3031.250
2406.250 -2343.750 664.062 1031.250 -1656.250 1906.250 -242.188 -46.875 1312.500 843.750 1695.312 2437.500 1390.625 -273.438 3031.250
968.750 789.062 -23.438 -117.188 -46.875 812.500 -218.750 -593.750 687.500 -523.438 -171.875 218.750 -1164.062 343.750 -46.875
968.750 789.062 -23.438 -117.188 -46.875 812.500 -218.750 -593.750 687.500 -523.438 -171.875 218.750 -1164.062 343.750 -46.875
468.750 765.625 -62.500 -601.562 -85.938 101.562 -460.938 -70.312 132.812 -953.125 -468.750 -15.625 -1312.500 -507.812 -476.562
257.812 -70.312 101.562 -820.312 -648.438 554.688 -757.812 -375.000 570.312 -203.125 -23.438 960.938 328.125 132.812 1171.875
257.812 -70.312 101.562 -820.312 -648.438 554.688 -757.812 -375.000 570.312 -203.125 -23.438 960.938 328.125 132.812 1171.875
-695.312 -62.500 -468.750 -328.125 -593.750 648.438 -93.750 -375.000 757.812 390.625 -195.312 796.875 578.125 31.250 796.875
-695.312 -62.500 -468.750 -328.125 -593.750 648.438 -93.750 -375.000 757.812 390.625 -195.312 796.875 578.125 31.250 796.875
-695.312 -62.500 -468.750 -328.125 -593.750 648.438 -93.750 -375.000 757.812 390.625 -195.312 796.875 578.125 31.250 796.875
-695.312 -62.500 -468.750 -328.125 -593.750 648.438 -93.750 -375.000 757.812 390.625 -195.312 796.875 578.125 31.250 796.875
-695.312 -62.500 -468.750 -328.125 -593.750 648.438 -93.750 -375.000 757.812 390.625 -195.312 796.875 578.125 31.250 796.875
-640.625 -218.750 -484.375 -156.250 -484.375 679.688 -7.812 -273.438 796.875 421.875 -93.750 835.938 601.562 101.562 867.188
-640.625 -218.750 -484.375 -156.250 -484.375 679.688 -7.812 -273.438 796.875 421.875 -93.750 835.938 601.562 101.562 867.188
-656.250 -531.250 -578.125 179.688 -429.688 804.688 179.688 -132.812 914.062 507.812 31.250 859.375 507.812 242.188 867.188
-617.188 -789.062 -593.750 343.750 -421.875 882.812 273.438 -93.750 960.938 531.250 109.375 898.438 460.938 304.688 914.062
-617.188 -789.062 -593.750 343.750 -421.875 882.812 273.438 -93.750 960.938 531.250 109.375 898.438 460.938 304.688 914.062
-562.500 -773.438 -601.562 242.188 -585.938 968.750 148.438 -257.812 1023.438 390.625 -93.750 906.250 304.688 140.625 867.188
-562.500 -773.438 -601.562 242.188 -585.938 968.750 148.438 -257.812 1023.438 390.625 -93.750 906.250 304.688 140.625 867.188
-562.500 -773.438 -601.562 242.188 -585.938 968.750 148.438 -257.812 1023.438 390.625 -93.750 906.250 304.688 140.625 867.188
-562.500 -773.438 -601.562 242.188 -585.938 968.750 148.438 -257.812 1023.438 390.625 -93.750 906.250 304.688 140.625 867.188
-562.500 -773.438 -601.562 242.188 -585.938 968.750 148.438 -257.812 1023.438 390.625 -93.750 906.250 304.688 140.625 867.188
-617.188 -570.312 -617.188 78.125 -625.000 953.125 78.125 -304.688 1031.250 406.250 -148.438 953.125 375.000 93.750 929.688
-750.000 -414.062 -625.000 7.812 -617.188 945.312 62.500 -296.875 1054.688 453.125 -140.625 984.375 507.812 109.375 984.375
-750.000 -414.062 -625.000 7.812 -617.188 945.312 62.500 -296.875 1054.688 453.125 -140.625 984.375 507.812 109.375 984.375
-773.438 -367.188 -632.812 -31.250 -585.938 921.875 46.875 -312.500 1046.875 453.125 -156.250 1007.812 515.625 117.188 992.188
-843.750 -328.125 -648.438 -46.875 -632.812 929.688 54.688 -343.750 1062.500 500.000 -179.688 1007.812 546.875 93.750 1000.000
-843.750 -328.125 -648.438 -46.875 -632.812 929.688 54.688 -343.750 1062.500 500.000 -179.688 1007.812 546.875 93.750 1000.000
-835.938 -351.562 -648.438 -46.875 -640.625 929.688 46.875 -335.938 1062.500 492.188 -187.500 1015.625 546.875 78.125 1015.625
-835.938 -351.562 -648.438 -46.875 -640.625 929.688 46.875 -335.938 1062.500 492.188 -187.500 1015.625 546.875 78.125 1015.625
-773.438 -429.688 -593.750 -23.438 -640.625 890.625 15.625 -359.375 1007.812 382.812 -218.750 960.938 367.188 31.250 953.125
-773.438 -429.688 -593.750 -23.438 -640.625 890.625 15.625 -359.375 1007.812 382.812 -218.750 960.938 367.188 31.250 953.125
-773.438 -429.688 -593.750 -23.438 -640.625 890.625 15.625 -359.375 1007.812 382.812 -218.750 960.938 367.188 31.250 953.125
-757.812 -437.500 -585.938 -15.625 -625.000 867.188 31.250 -343.750 976.562 351.562 -203.125 929.688 359.375 46.875 945.312
-734.375 -437.500 -562.500 39.062 -554.688 851.562 46.875 -265.625 976.562 398.438 -140.625 953.125 390.625 93.750 968.750
-734.375 -437.500 -562.500 39.062 -554.688 851.562 46.875 -265.625 976.562 398.438 -140.625 953.125 390.625 93.750 968.750
-734.375 -398.438 -570.312 54.688 -531.250 843.750 54.688 -257.812 976.562 414.062 -125.000 937.500 398.438 109.375 968.750
-734.375 -398.438 -570.312 54.688 -531.250 843.750 54.688 -257.812 976.562 414.062 -125.000 937.500 398.438 109.375 968.750
-734.375 -359.375 -507.812 -39.062 -546.875 796.875 -15.625 -296.875 914.062 328.125 -171.875 898.438 312.500 54.688 921.875
-734.375 -359.375 -507.812 -39.062 -546.875 796.875 -15.625 -296.875 914.062 328.125 -171.875 898.438 312.500 54.688 921.875
-734.375 -359.375 -507.812 -39.062 -546.875 796.875 -15.625 -296.875 914.062 328.125 -171.875 898.438 312.500 54.688 921.875
-734.375 -359.375 -507.812 -39.062 -546.875 796.875 -15.625 -296.875 914.062 328.125 -171.875 898.438 312.500 54.688 921.875
-750.000 -343.750 -515.625 -70.312 -554.688 773.438 -15.625 -304.688 890.625 296.875 -187.500 875.000 304.688 39.062 898.438
-757.812 -304.688 -507.812 -101.562 -554.688 765.625 -46.875 -335.938 875.000 296.875 -210.938 882.812 320.312 23.438 914.062
-765.625 -289.062 -437.500 -187.500 -562.500 773.438 -148.438 -343.750 882.812 210.938 -210.938 914.062 242.188 7.812 945.312
-765.625 -289.062 -437.500 -187.500 -562.500 773.438 -148.438 -343.750 882.812 210.938 -210.938 914.062 242.188 7.812 945.312
-765.625 -289.062 -437.500 -187.500 -562.500 773.438 -148.438 -343.750 882.812 210.938 -210.938 914.062 242.188 7.812 945.312
-765.625 -289.062 -437.500 -187.500 -562.500 773.438 -148.438 -343.750 882.812 210.938 -210.938 914.062 242.188 7.812 945.312
-765.625 -289.062 -437.500 -187.500 -562.500 773.438 -148.438 -343.750 882.812 210.938 -210.938 914.062 242.188 7.812 945.312
-750.000 -296.875 -421.875 -187.500 -539.062 765.625 -140.625 -343.750 890.625 203.125 -210.938 921.875 226.562 15.625 945.312
-773.438 -281.250 -437.500 -187.500 -515.625 773.438 -132.812 -312.500 890.625 226.562 -187.500 921.875 250.000 46.875 945.312
-796.875 -281.250 -421.875 -148.438 -507.812 765.625 -93.750 -281.250 890.625 257.812 -156.250 937.500 296.875 85.938 960.938
-804.688 -257.812 -445.312 -148.438 -468.750 757.812 -85.938 -250.000 898.438 289.062 -140.625 929.688 312.500 109.375 976.562
-804.688 -257.812 -445.312 -148.438 -468.750 757.812 -85.938 -250.000 898.438 289.062 -140.625 929.688 312.500 109.375 976.562
-820.312 -304.688 -445.312 -132.812 -453.125 773.438 -78.125 -250.000 898.438 273.438 -125.000 937.500 312.500 117.188 968.750
-781.250 -351.562 -421.875 -132.812 -500.000 789.062 -101.562 -281.250 898.438 234.375 -148.438 945.312 234.375 78.125 968.750
-781.250 -351.562 -421.875 -132.812 -500.000 789.062 -101.562 -281.250 898.438 234.375 -148.438 945.312 234.375 78.125 968.750
-765.625 -351.562 -421.875 -140.625 -515.625 781.250 -109.375 -304.688 898.438 210.938 -164.062 929.688 218.750 54.688 945.312
-765.625 -351.562 -421.875 -140.625 -515.625 781.250 -109.375 -304.688 898.438 210.938 -164.062 929.688 218.750 54.688 945.312
-765.625 -351.562 -421.875 -140.625 -515.625 781.250 -109.375 -304.688 898.438 210.938 -164.062 929.688 218.750 54.688 945.312
-765.625 -351.562 -421.875 -140.625 -515.625 781.250 -109.375 -304.688 898.438 210.938 -164.062 929.688 218.750 54.688 945.312
-765.625 -351.562 -421.875 -140.625 -515.625 781.250 -109.375 -304.688 898.438 210.938 -164.062 929.688 218.750 54.688 945.312
-843.750 -265.625 -476.562 -117.188 -500.000 765.625 -46.875 -265.625 906.250 351.562 -140.625 945.312 406.250 101.562 976.562
-875.000 -218.750 -500.000 -125.000 -500.000 765.625 -23.438 -273.438 914.062 382.812 -148.438 945.312 453.125 101.562 984.375
-882.812 -132.812 -523.438 -140.625 -500.000 750.000 -31.250 -281.250 921.875 390.625 -171.875 953.125 460.938 85.938 984.375
-890.625 -156.250 -523.438 -156.250 -531.250 765.625 -46.875 -320.312 914.062 367.188 -179.688 945.312 421.875 62.500 976.562
-890.625 -156.250 -523.438 -156.250 -531.250 765.625 -46.875 -320.312 914.062 367.188 -179.688 945.312 421.875 62.500 976.562
-789.062 -296.875 -484.375 -171.875 -632.812 781.250 -109.375 -406.250 898.438 210.938 -265.625 921.875 234.375 -31.250 953.125
-789.062 -296.875 -484.375 -171.875 -632.812 781.250 -109.375 -406.250 898.438 210.938 -265.625 921.875 234.375 -31.250 953.125
-789.062 -296.875 -484.375 -171.875 -632.812 781.250 -109.375 -406.250 898.438 210.938 -265.625 921.875 234.375 -31.250 953.125
-773.438 -304.688 -492.188 -156.250 -640.625 789.062 -93.750 -406.250 898.438 210.938 -265.625 914.062 218.750 -39.062 937.500
-789.062 -312.500 -507.812 -140.625 -632.812 781.250 -70.312 -406.250 906.250 257.812 -265.625 914.062 250.000 -31.250 945.312
-835.938 -296.875 -531.250 -78.125 -601.562 796.875 -15.625 -351.562 929.688 343.750 -210.938 953.125 359.375 31.250 992.188
-835.938 -296.875 -531.250 -78.125 -601.562 796.875 -15.625 -351.562 929.688 343.750 -210.938 953.125 359.375 31.250 992.188
-835.938 -296.875 -531.250 -78.125 -601.562 796.875 -15.625 -351.562 929.688 343.750 -210.938 953.125 359.375 31.250 992.188
-835.938 -296.875 -531.250 -78.125 -601.562 796.875 -15.625 -351.562 929.688 343.750 -210.938 953.125 359.375 31.250 992.188
-820.312 -320.312 -531.250 -78.125 -593.750 796.875 -15.625 -343.750 937.500 328.125 -210.938 953.125 343.750 31.250 976.562
-820.312 -320.312 -531.250 -78.125 -593.750 796.875 -15.625 -343.750 937.500 328.125 -210.938 953.125 343.750 31.250 976.562
-789.062 -351.562 -507.812 -85.938 -593.750 812.500 -39.062 -351.562 937.500 289.062 -203.125 945.312 312.500 31.250 976.562
-789.062 -351.562 -507.812 -85.938 -593.750 812.500 -39.062 -351.562 937.500 289.062 -203.125 945.312 312.500 31.250 976.562
-773.438 -367.188 -500.000 -78.125 -578.125 812.500 -46.875 -328.125 929.688 289.062 -203.125 945.312 296.875 54.688 960.938
-820.312 -296.875 -539.062 -117.188 -500.000 789.062 -31.250 -265.625 929.688 351.562 -148.438 953.125 382.812 101.562 984.375
-820.312 -296.875 -539.062 -117.188 -500.000 789.062 -31.250 -265.625 929.688 351.562 -148.438 953.125 382.812 101.562 984.375
-820.312 -296.875 -539.062 -117.188 -500.000 789.062 -31.250 -265.625 929.688 351.562 -148.438 953.125 382.812 101.562 984.375
-820.312 -296.875 -539.062 -117.188 -500.000 789.062 -31.250 -265.625 929.688 351.562 -148.438 953.125 382.812 101.562 984.375
-820.312 -296.875 -539.062 -117.188 -500.000 789.062 -31.250 -265.625 929.688 351.562 -148.438 953.125 382.812 101.562 984.375
-820.312 -265.625 -523.438 -125.000 -523.438 804.688 -54.688 -296.875 945.312 328.125 -164.062 953.125 343.750 85.938 976.562
-820.312 -265.625 -523.438 -125.000 -523.438 804.688 -54.688 -296.875 945.312 328.125 -164.062 953.125 343.750 85.938 976.562
-765.625 -351.562 -476.562 -132.812 -539.062 804.688 -78.125 -312.500 921.875 273.438 -171.875 945.312 296.875 70.312 960.938
-750.000 -367.188 -476.562 -117.188 -539.062 812.500 -78.125 -304.688 937.500 257.812 -171.875 937.500 265.625 62.500 953.125
-750.000 -367.188 -476.562 -117.188 -539.062 812.500 -78.125 -304.688 937.500 257.812 -171.875 937.500 265.625 62.500 953.125
-796.875 -359.375 -500.000 -70.312 -515.625 812.500 0.000 -273.438 921.875 343.750 -132.812 929.688 367.188 109.375 960.938
-796.875 -359.375 -500.000 -70.312 -515.625 812.500 0.000 -273.438 921.875 343.750 -132.812 929.688 367.188 109.375 960.938
-796.875 -359.375 -500.000 -70.312 -515.625 812.500 0.000 -273.438 921.875 343.750 -132.812 929.688 367.188 109.375 960.938
-796.875 -359.375 -500.000 -70.312 -515.625 812.500 0.000 -273.438 921.875 343.750 -132.812 929.688 367.188 109.375 960.938
-796.875 -359.375 -500.000 -70.312 -515.625 812.500 0.000 -273.438 921.875 343.750 -132.812 929.688 367.188 109.375 960.938
-796.875 -359.375 -507.812 -54.688 -500.000 820.312 -7.812 -257.812 945.312 335.938 -125.000 945.312 335.938 109.375 960.938
-773.438 -375.000 -500.000 -70.312 -507.812 820.312 -23.438 -273.438 937.500 320.312 -132.812 937.500 328.125 101.562 953.125
-773.438 -375.000 -500.000 -70.312 -507.812 820.312 -23.438 -273.438 937.500 320.312 -132.812 937.500 328.125 101.562 953.125
-750.000 -375.000 -484.375 -93.750 -507.812 796.875 -54.688 -273.438 914.062 281.250 -140.625 921.875 304.688 93.750 945.312
-757.812 -359.375 -484.375 -117.188 -492.188 789.062 -54.688 -265.625 906.250 296.875 -140.625 921.875 328.125 101.562 937.500
-757.812 -359.375 -484.375 -117.188 -492.188 789.062 -54.688 -265.625 906.250 296.875 -140.625 921.875 328.125 101.562 937.500
-789.062 -281.250 -492.188 -117.188 -484.375 789.062 -46.875 -265.625 914.062 320.312 -132.812 921.875 367.188 109.375 953.125
-789.062 -281.250 -492.188 -117.188 -484.375 789.062 -46.875 -265.625 914.062 320.312 -132.812 921.875 367.188 109.375 953.125
-796.875 -281.250 -500.000 -132.812 -523.438 781.250 -54.688 -289.062 921.875 328.125 -164.062 945.312 382.812 93.750 960.938
-789.062 -296.875 -500.000 -140.625 -531.250 796.875 -62.500 -312.500 929.688 312.500 -164.062 937.500 359.375 78.125 960.938
-789.062 -296.875 -500.000 -140.625 -531.250 796.875 -62.500 -312.500 929.688 312.500 -164.062 937.500 359.375 78.125 960.938
-757.812 -406.250 -492.188 -93.750 -578.125 820.312 -54.688 -328.125 929.688 273.438 -195.312 945.312 281.250 46.875 960.938
-757.812 -406.250 -492.188 -93.750 -578.125 820.312 -54.688 -328.125 929.688 273.438 -195.312 945.312 281.250 46.875 960.938
-757.812 -406.250 -492.188 -93.750 -578.125 820.312 -54.688 -328.125 929.688 273.438 -195.312 945.312 281.250 46.875 960.938
-757.812 -406.250 -500.000 -78.125 -585.938 828.125 -46.875 -328.125 937.500 273.438 -195.312 937.500 273.438 39.062 960.938
-757.812 -406.250 -500.000 -78.125 -585.938 828.125 -46.875 -328.125 937.500 273.438 -195.312 937.500 273.438 39.062 960.938
-781.250 -375.000 -523.438 -62.500 -570.312 828.125 -23.438 -328.125 953.125 320.312 -179.688 945.312 320.312 62.500 968.750
-812.500 -367.188 -539.062 -46.875 -570.312 828.125 -7.812 -312.500 960.938 335.938 -164.062 960.938 351.562 78.125 976.562
-812.500 -367.188 -539.062 -46.875 -570.312 828.125 -7.812 -312.500 960.938 335.938 -164.062 960.938 351.562 78.125 976.562
-812.500 -320.312 -531.250 -101.562 -531.250 789.062 -23.438 -304.688 937.500 343.750 -164.062 945.312 382.812 93.750 968.750
-812.500 -320.312 -531.250 -101.562 -531.250 789.062 -23.438 -304.688 937.500 343.750 -164.062 945.312 382.812 93.750 968.750
-812.500 -320.312 -531.250 -101.562 -531.250 789.062 -23.438 -304.688 937.500 343.750 -164.062 945.312 382.812 93.750 968.750
-812.500 -320.312 -531.250 -101.562 -531.250 789.062 -23.438 -304.688 937.500 343.750 -164.062 945.312 382.812 93.750 968.750
-812.500 -320.312 -531.250 -101.562 -531.250 789.062 -23.438 -304.688 937.500 343.750 -164.062 945.312 382.812 93.750 968.750
-820.312 -234.375 -531.250 -125.000 -507.812 781.250 -31.250 -281.250 937.500 359.375 -164.062 945.312 414.062 93.750 968.750
-820.312 -242.188 -531.250 -132.812 -515.625 781.250 -39.062 -289.062 945.312 359.375 -164.062 953.125 414.062 85.938 976.562
-820.312 -242.188 -531.250 -132.812 -515.625 781.250 -39.062 -289.062 945.312 359.375 -164.062 953.125 414.062 85.938 976.562
-812.500 -250.000 -523.438 -140.625 -523.438 765.625 -54.688 -296.875 914.062 343.750 -179.688 953.125 382.812 70.312 968.750
