-648.438 -343.750 -578.125 -882.812 -398.438 85.938 -960.938 -242.188 78.125 -992.188 7.812 85.938 -898.438 7.812 445.312
-695.312 -367.188 -609.375 -867.188 -398.438 62.500 -898.438 -234.375 117.188 -960.938 -15.625 125.000 -859.375 7.812 476.562
-703.125 -382.812 -625.000 -867.188 -398.438 62.500 -921.875 -226.562 117.188 -984.375 -7.812 125.000 -875.000 -23.438 476.562
-703.125 -382.812 -625.000 -867.188 -398.438 62.500 -921.875 -226.562 117.188 -984.375 -7.812 125.000 -875.000 -23.438 476.562
-671.875 -398.438 -601.562 -882.812 -414.062 46.875 -937.500 -234.375 85.938 -1000.000 -7.812 117.188 -890.625 -31.250 484.375
-671.875 -398.438 -601.562 -882.812 -414.062 46.875 -937.500 -234.375 85.938 -1000.000 -7.812 117.188 -890.625 -31.250 484.375
-648.438 -367.188 -578.125 -890.625 -429.688 39.062 -945.312 -242.188 85.938 -1007.812 -7.812 93.750 -890.625 -15.625 476.562
-632.812 -492.188 -562.500 -867.188 -437.500 70.312 -937.500 -257.812 70.312 -984.375 -23.438 62.500 -890.625 -31.250 414.062
-632.812 -492.188 -562.500 -867.188 -437.500 70.312 -937.500 -257.812 70.312 -984.375 -23.438 62.500 -890.625 -31.250 414.062
-632.812 -492.188 -562.500 -867.188 -437.500 70.312 -937.500 -257.812 70.312 -984.375 -23.438 62.500 -890.625 -31.250 414.062
-632.812 -492.188 -562.500 -867.188 -437.500 70.312 -937.500 -257.812 70.312 -984.375 -23.438 62.500 -890.625 -31.250 414.062
-632.812 -492.188 -562.500 -867.188 -437.500 70.312 -937.500 -257.812 70.312 -984.375 -23.438 62.500 -890.625 -31.250 414.062
-632.812 -468.750 -562.500 -859.375 -429.688 85.938 -937.500 -273.438 78.125 -1000.000 -39.062 62.500 -890.625 -23.438 406.250
-632.812 -468.750 -562.500 -859.375 -429.688 85.938 -937.500 -273.438 78.125 -1000.000 -39.062 62.500 -890.625 -23.438 406.250
-632.812 -437.500 -570.312 -867.188 -468.750 85.938 -937.500 -273.438 70.312 -992.188 -23.438 70.312 -906.250 -15.625 398.438
-640.625 -445.312 -585.938 -882.812 -421.875 93.750 -960.938 -273.438 78.125 -1007.812 -31.250 70.312 -914.062 15.625 375.000
-640.625 -445.312 -585.938 -882.812 -421.875 93.750 -960.938 -273.438 78.125 -1007.812 -31.250 70.312 -914.062 15.625 375.000
-664.062 -437.500 -609.375 -835.938 -445.312 132.812 -921.875 -281.250 109.375 -984.375 -46.875 85.938 -921.875 -15.625 375.000
-656.250 -445.312 -632.812 -835.938 -437.500 148.438 -921.875 -304.688 132.812 -984.375 -39.062 101.562 -906.250 46.875 382.812
-656.250 -445.312 -632.812 -835.938 -437.500 148.438 -921.875 -304.688 132.812 -984.375 -39.062 101.562 -906.250 46.875 382.812
-656.250 -406.250 -625.000 -859.375 -429.688 164.062 -937.500 -328.125 148.438 -984.375 -15.625 101.562 -921.875 31.250 343.750
-656.250 -406.250 -625.000 -859.375 -429.688 164.062 -937.500 -328.125 148.438 -984.375 -15.625 101.562 -921.875 31.250 343.750
-648.438 -421.875 -640.625 -851.562 -437.500 171.875 -945.312 -296.875 148.438 -1000.000 -62.500 109.375 -906.250 7.812 320.312
-648.438 -484.375 -656.250 -882.812 -468.750 85.938 -953.125 -203.125 78.125 -1039.062 23.438 109.375 -890.625 -31.250 523.438
-648.438 -484.375 -656.250 -882.812 -468.750 85.938 -953.125 -203.125 78.125 -1039.062 23.438 109.375 -890.625 -31.250 523.438
-648.438 -484.375 -656.250 -882.812 -468.750 85.938 -953.125 -203.125 78.125 -1039.062 23.438 109.375 -890.625 -31.250 523.438
-648.438 -484.375 -656.250 -882.812 -468.750 85.938 -953.125 -203.125 78.125 -1039.062 23.438 109.375 -890.625 -31.250 523.438
-648.438 -484.375 -656.250 -882.812 -468.750 85.938 -953.125 -203.125 78.125 -1039.062 23.438 109.375 -890.625 -31.250 523.438
-632.812 -445.312 -640.625 -921.875 -406.250 93.750 -960.938 -257.812 85.938 -1007.812 15.625 148.438 -843.750 -46.875 562.500
-632.812 -445.312 -640.625 -921.875 -406.250 93.750 -960.938 -257.812 85.938 -1007.812 15.625 148.438 -843.750 -46.875 562.500
-656.250 -421.875 -656.250 -882.812 -390.625 101.562 -937.500 -250.000 140.625 -1023.438 -39.062 171.875 -859.375 -23.438 570.312
-679.688 -398.438 -671.875 -859.375 -390.625 117.188 -914.062 -265.625 156.250 -1007.812 -39.062 171.875 -882.812 -23.438 578.125
-687.500 -382.812 -695.312 -828.125 -406.250 156.250 -882.812 -265.625 164.062 -1007.812 -15.625 187.500 -906.250 -39.062 554.688
-710.938 -343.750 -726.562 -804.688 -359.375 218.750 -882.812 -390.625 187.500 -1031.250 -31.250 156.250 -945.312 -15.625 484.375
-710.938 -343.750 -726.562 -804.688 -359.375 218.750 -882.812 -390.625 187.500 -1031.250 -31.250 156.250 -945.312 -15.625 484.375
-734.375 -320.312 -742.188 -765.625 -375.000 250.000 -843.750 -406.250 250.000 -1000.000 -101.562 148.438 -929.688 -15.625 382.812
-742.188 -343.750 -796.875 -750.000 -562.500 289.062 -726.562 -492.188 296.875 -890.625 -351.562 179.688 -1031.250 70.312 179.688
-742.188 -343.750 -796.875 -750.000 -562.500 289.062 -726.562 -492.188 296.875 -890.625 -351.562 179.688 -1031.250 70.312 179.688
-750.000 -398.438 -820.312 -773.438 -570.312 296.875 -781.250 -531.250 312.500 -960.938 -148.438 156.250 -1054.688 101.562 187.500
-773.438 -515.625 -843.750 -757.812 -507.812 351.562 -789.062 -632.812 250.000 -1234.375 -406.250 -93.750 -1023.438 -93.750 101.562
-773.438 -515.625 -843.750 -757.812 -507.812 351.562 -789.062 -632.812 250.000 -1234.375 -406.250 -93.750 -1023.438 -93.750 101.562
-789.062 -648.438 -859.375 -765.625 -421.875 460.938 -835.938 -507.812 429.688 -1070.312 -796.875 -70.312 -984.375 -281.250 -31.250
-789.062 -648.438 -859.375 -765.625 -421.875 460.938 -835.938 -507.812 429.688 -1070.312 -796.875 -70.312 -984.375 -281.250 -31.250
-773.438 -632.812 -867.188 -726.562 -468.750 429.688 -796.875 -429.688 406.250 -1117.188 -867.188 -203.125 -1070.312 -429.688 -218.750
-726.562 -664.062 -882.812 -781.250 -640.625 242.188 -835.938 -109.375 304.688 -1078.125 -1007.812 -453.125 -1156.250 -320.312 -617.188
-726.562 -664.062 -882.812 -781.250 -640.625 242.188 -835.938 -109.375 304.688 -1078.125 -1007.812 -453.125 -1156.250 -320.312 -617.188
-765.625 -750.000 -867.188 -937.500 -507.812 140.625 -843.750 -109.375 265.625 -1070.312 -671.875 -562.500 -953.125 -460.938 -773.438
-757.812 -695.312 -796.875 -906.250 -484.375 109.375 -843.750 -273.438 132.812 -1265.625 171.875 -515.625 -710.938 -750.000 -875.000
-671.875 -585.938 -726.562 -906.250 -492.188 140.625 -875.000 -390.625 -7.812 -414.062 898.438 -265.625 117.188 -953.125 -750.000
-625.000 -539.062 -609.375 -796.875 -421.875 132.812 -1234.375 -500.000 -335.938 585.938 804.688 179.688 1171.875 -7.812 -101.562
-625.000 -539.062 -609.375 -796.875 -421.875 132.812 -1234.375 -500.000 -335.938 585.938 804.688 179.688 1171.875 -7.812 -101.562
-609.375 23.438 -281.250 -867.188 -296.875 -31.250 -835.938 250.000 320.312 -367.188 1226.562 1359.375 1835.938 1156.250 3101.562
-609.375 23.438 -281.250 -867.188 -296.875 -31.250 -835.938 250.000 320.312 -367.188 1226.562 1359.375 1835.938 1156.250 3101.562
-609.375 23.438 -281.250 -867.188 -296.875 -31.250 -835.938 250.000 320.312 -367.188 1226.562 1359.375 1835.938 1156.250 3101.562
-609.375 23.438 -281.250 -867.188 -296.875 -31.250 -835.938 250.000 320.312 -367.188 1226.562 1359.375 1835.938 1156.250 3101.562
-609.375 23.438 -281.250 -867.188 -296.875 -31.250 -835.938 250.000 320.312 -367.188 1226.562 1359.375 1835.938 1156.250 3101.562
-609.375 148.438 -289.062 -859.375 -289.062 -15.625 -835.938 289.062 359.375 -328.125 1109.375 1375.000 1257.812 835.938 2664.062
-695.312 234.375 -343.750 -1093.750 218.750 -78.125 -906.250 -62.500 296.875 -468.750 523.438 984.375 382.812 93.750 1101.562
-695.312 234.375 -343.750 -1093.750 218.750 -78.125 -906.250 -62.500 296.875 -468.750 523.438 984.375 382.812 93.750 1101.562
-710.938 203.125 -351.562 -929.688 -195.312 39.062 -976.562 -101.562 203.125 -546.875 390.625 726.562 0.000 -242.188 585.938
-789.062 -15.625 -390.625 -867.188 -484.375 320.312 -1039.062 -460.938 117.188 -875.000 125.000 359.375 -234.375 -156.250 539.062
-789.062 -15.625 -390.625 -867.188 -484.375 320.312 -1039.062 -460.938 117.188 -875.000 125.000 359.375 -234.375 -156.250 539.062
-773.438 -148.438 -429.688 -835.938 -523.438 359.375 -984.375 -492.188 171.875 -890.625 62.500 359.375 -234.375 187.500 843.750
-773.438 -148.438 -429.688 -835.938 -523.438 359.375 -984.375 -492.188 171.875 -890.625 62.500 359.375 -234.375 187.500 843.750
-820.312 -414.062 -476.562 -890.625 -507.812 328.125 -937.500 -437.500 234.375 -726.562 210.938 625.000 -242.188 523.438 1210.938
-828.125 -632.812 -445.312 -890.625 -523.438 273.438 -921.875 -375.000 265.625 -609.375 265.625 796.875 -304.688 234.375 1062.500
-828.125 -632.812 -445.312 -890.625 -523.438 273.438 -921.875 -375.000 265.625 -609.375 265.625 796.875 -304.688 234.375 1062.500
-796.875 -687.500 -406.250 -882.812 -554.688 273.438 -921.875 -382.812 250.000 -609.375 226.562 773.438 -289.062 62.500 945.312
-781.250 -593.750 -351.562 -867.188 -562.500 281.250 -921.875 -445.312 226.562 -664.062 210.938 703.125 -109.375 0.000 929.688
-781.250 -593.750 -351.562 -867.188 -562.500 281.250 -921.875 -445.312 226.562 -664.062 210.938 703.125 -109.375 0.000 929.688
-804.688 -257.812 -328.125 -820.312 -414.062 257.812 -835.938 -289.062 390.625 -398.438 390.625 921.875 265.625 78.125 1046.875
-804.688 -257.812 -328.125 -820.312 -414.062 257.812 -835.938 -289.062 390.625 -398.438 390.625 921.875 265.625 78.125 1046.875
-804.688 -257.812 -328.125 -820.312 -414.062 257.812 -835.938 -289.062 390.625 -398.438 390.625 921.875 265.625 78.125 1046.875
-804.688 -257.812 -328.125 -820.312 -414.062 257.812 -835.938 -289.062 390.625 -398.438 390.625 921.875 265.625 78.125 1046.875
-804.688 -257.812 -328.125 -820.312 -414.062 257.812 -835.938 -289.062 390.625 -398.438 390.625 921.875 265.625 78.125 1046.875
-835.938 -148.438 -375.000 -781.250 -406.250 296.875 -820.312 -257.812 414.062 -382.812 437.500 914.062 296.875 101.562 1054.688
-976.562 171.875 -515.625 -742.188 -382.812 367.188 -812.500 -242.188 437.500 -414.062 437.500 828.125 265.625 218.750 1046.875
-976.562 171.875 -515.625 -742.188 -382.812 367.188 -812.500 -242.188 437.500 -414.062 437.500 828.125 265.625 218.750 1046.875
-1023.438 195.312 -539.062 -742.188 -320.312 343.750 -812.500 -210.938 445.312 -398.438 453.125 820.312 273.438 242.188 1039.062
-1023.438 195.312 -539.062 -742.188 -320.312 343.750 -812.500 -210.938 445.312 -398.438 453.125 820.312 273.438 242.188 1039.062
-968.750 23.438 -500.000 -773.438 -296.875 289.062 -843.750 -156.250 390.625 -390.625 492.188 835.938 281.250 226.562 1054.688
-859.375 -132.812 -382.812 -804.688 -335.938 257.812 -867.188 -195.312 343.750 -453.125 453.125 828.125 265.625 156.250 1062.500
-859.375 -132.812 -382.812 -804.688 -335.938 257.812 -867.188 -195.312 343.750 -453.125 453.125 828.125 265.625 156.250 1062.500
-828.125 -218.750 -335.938 -804.688 -367.188 257.812 -875.000 -234.375 320.312 -476.562 406.250 812.500 234.375 132.812 1046.875
-828.125 -218.750 -335.938 -804.688 -367.188 257.812 -875.000 -234.375 320.312 -476.562 406.250 812.500 234.375 132.812 1046.875
-812.500 -343.750 -335.938 -804.688 -429.688 289.062 -859.375 -320.312 320.312 -375.000 234.375 789.062 109.375 203.125 1007.812
-843.750 -343.750 -351.562 -789.062 -460.938 320.312 -851.562 -390.625 367.188 -453.125 195.312 718.750 31.250 265.625 992.188
-843.750 -343.750 -351.562 -789.062 -460.938 320.312 -851.562 -390.625 367.188 -453.125 195.312 718.750 31.250 265.625 992.188
-914.062 -343.750 -437.500 -789.062 -546.875 367.188 -851.562 -429.688 367.188 -492.188 140.625 656.250 0.000 226.562 921.875
-976.562 -453.125 -531.250 -812.500 -492.188 335.938 -875.000 -437.500 289.062 -546.875 117.188 578.125 93.750 187.500 875.000
-976.562 -453.125 -531.250 -812.500 -492.188 335.938 -875.000 -437.500 289.062 -546.875 117.188 578.125 93.750 187.500 875.000
-992.188 -492.188 -531.250 -820.312 -507.812 320.312 -898.438 -429.688 257.812 -593.750 210.938 523.438 148.438 -78.125 835.938
-992.188 -492.188 -531.250 -820.312 -507.812 320.312 -898.438 -429.688 257.812 -593.750 210.938 523.438 148.438 -78.125 835.938
-945.312 -515.625 -468.750 -820.312 -523.438 328.125 -898.438 -390.625 242.188 -617.188 359.375 570.312 242.188 -7.812 859.375
-937.500 -531.250 -468.750 -812.500 -484.375 312.500 -890.625 -359.375 242.188 -539.062 367.188 656.250 210.938 85.938 843.750
-937.500 -531.250 -468.750 -812.500 -484.375 312.500 -890.625 -359.375 242.188 -539.062 367.188 656.250 210.938 85.938 843.750
-968.750 -515.625 -531.250 -765.625 -429.688 343.750 -812.500 -296.875 296.875 -445.312 375.000 617.188 218.750 109.375 851.562
-1117.188 -343.750 -687.500 -695.312 -429.688 406.250 -742.188 -164.062 328.125 -437.500 500.000 664.062 140.625 62.500 843.750
-1117.188 -343.750 -687.500 -695.312 -429.688 406.250 -742.188 -164.062 328.125 -437.500 500.000 664.062 140.625 62.500 843.750
-1140.625 -382.812 -734.375 -656.250 -335.938 406.250 -664.062 -62.500 351.562 -351.562 593.750 695.312 101.562 31.250 890.625
-1140.625 -382.812 -734.375 -656.250 -335.938 406.250 -664.062 -62.500 351.562 -351.562 593.750 695.312 101.562 31.250 890.625
-1054.688 -437.500 -718.750 -625.000 -328.125 398.438 -664.062 -23.438 320.312 -351.562 765.625 554.688 187.500 171.875 1023.438
-1078.125 -335.938 -703.125 -687.500 -226.562 242.188 -601.562 15.625 226.562 -320.312 695.312 585.938 85.938 195.312 1070.312
-1078.125 -335.938 -703.125 -687.500 -226.562 242.188 -601.562 15.625 226.562 -320.312 695.312 585.938 85.938 195.312 1070.312
-937.500 -304.688 -539.062 -429.688 -171.875 343.750 -500.000 101.562 460.938 -289.062 875.000 656.250 117.188 195.312 1218.750
-750.000 -281.250 -335.938 -445.312 -148.438 390.625 -453.125 140.625 437.500 109.375 906.250 820.312 335.938 117.188 1234.375
-750.000 -281.250 -335.938 -445.312 -148.438 390.625 -453.125 140.625 437.500 109.375 906.250 820.312 335.938 117.188 1234.375
-812.500 -218.750 -296.875 -437.500 -210.938 398.438 -429.688 156.250 593.750 54.688 851.562 898.438 367.188 46.875 1234.375
-812.500 -218.750 -296.875 -437.500 -210.938 398.438 -429.688 156.250 593.750 54.688 851.562 898.438 367.188 46.875 1234.375
-781.250 -101.562 -156.250 -257.812 -226.562 531.250 -640.625 750.000 1265.625 132.812 -593.750 1414.062 296.875 312.500 1046.875
93.750 195.312 867.188 -195.312 54.688 734.375 382.812 367.188 2156.250 398.438 -125.000 1484.375 375.000 156.250 960.938
93.750 195.312 867.188 -195.312 54.688 734.375 382.812 367.188 2156.250 398.438 -125.000 1484.375 375.000 156.250 960.938
-562.500 -23.438 46.875 -476.562 -640.625 335.938 -460.938 54.688 695.312 515.625 242.188 1140.625 820.312 -7.812 914.062
-1203.125 -218.750 -414.062 -406.250 -546.875 687.500 -382.812 -304.688 789.062 -85.938 85.938 914.062 609.375 -273.438 984.375
-1203.125 -218.750 -414.062 -406.250 -546.875 687.500 -382.812 -304.688 789.062 -85.938 85.938 914.062 609.375 -273.438 984.375
-1046.875 -343.750 -375.000 -390.625 -531.250 578.125 -421.875 -289.062 781.250 -31.250 132.812 984.375 460.938 -171.875 1023.438
-968.750 -140.625 -296.875 -500.000 -593.750 375.000 -492.188 -289.062 648.438 15.625 140.625 1031.250 421.875 -148.438 992.188
-937.500 -31.250 -234.375 -703.125 -640.625 226.562 -671.875 -289.062 507.812 -23.438 23.438 1031.250 320.312 -273.438 898.438
-812.500 -15.625 -125.000 -828.125 -570.312 148.438 -765.625 -367.188 453.125 -234.375 -156.250 1000.000 125.000 -453.125 820.312
-812.500 -15.625 -125.000 -828.125 -570.312 148.438 -765.625 -367.188 453.125 -234.375 -156.250 1000.000 125.000 -453.125 820.312
-851.562 179.688 -109.375 -1046.875 -585.938 132.812 -1000.000 -476.562 343.750 -632.812 -320.312 867.188 -281.250 -429.688 835.938
-843.750 414.062 -62.500 -1140.625 -601.562 125.000 -1132.812 -546.875 312.500 -609.375 -375.000 914.062 -250.000 -453.125 835.938
-804.688 531.250 7.812 -1265.625 -671.875 132.812 -1218.750 -593.750 304.688 -617.188 -414.062 953.125 -195.312 -554.688 867.188
-773.438 593.750 54.688 -1343.750 -703.125 62.500 -1273.438 -656.250 281.250 -734.375 -398.438 945.312 -195.312 -601.562 898.438
-796.875 664.062 85.938 -1429.688 -687.500 101.562 -1351.562 -640.625 234.375 -679.688 -445.312 1000.000 -164.062 -695.312 867.188
-812.500 687.500 78.125 -1343.750 -695.312 109.375 -1312.500 -671.875 296.875 -656.250 -476.562 1062.500 -156.250 -765.625 859.375
-1023.438 445.312 -54.688 -1140.625 -843.750 234.375 -1085.938 -726.562 398.438 -445.312 -429.688 1070.312 -85.938 -671.875 890.625
-1023.438 445.312 -54.688 -1140.625 -843.750 234.375 -1085.938 -726.562 398.438 -445.312 -429.688 1070.312 -85.938 -671.875 890.625
-1023.438 445.312 -54.688 -1140.625 -843.750 234.375 -1085.938 -726.562 398.438 -445.312 -429.688 1070.312 -85.938 -671.875 890.625
-1023.438 445.312 -54.688 -1140.625 -843.750 234.375 -1085.938 -726.562 398.438 -445.312 -429.688 1070.312 -85.938 -671.875 890.625
-1023.438 445.312 -54.688 -1140.625 -843.750 234.375 -1085.938 -726.562 398.438 -445.312 -429.688 1070.312 -85.938 -671.875 890.625
-1023.438 421.875 -78.125 -1039.062 -773.438 250.000 -1015.625 -695.312 414.062 -414.062 -390.625 1031.250 -93.750 -625.000 890.625
-1023.438 421.875 -78.125 -1039.062 -773.438 250.000 -1015.625 -695.312 414.062 -414.062 -390.625 1031.250 -93.750 -625.000 890.625
-984.375 351.562 -78.125 -898.438 -710.938 281.250 -890.625 -625.000 453.125 -359.375 -273.438 1023.438 -7.812 -570.312 929.688
-968.750 335.938 -70.312 -859.375 -679.688 296.875 -843.750 -593.750 460.938 -320.312 -226.562 1007.812 23.438 -539.062 929.688
-968.750 335.938 -70.312 -859.375 -679.688 296.875 -843.750 -593.750 460.938 -320.312 -226.562 1007.812 23.438 -539.062 929.688
-960.938 375.000 -54.688 -828.125 -648.438 320.312 -781.250 -562.500 468.750 -273.438 -140.625 1000.000 148.438 -507.812 929.688
-960.938 375.000 -54.688 -828.125 -648.438 320.312 -781.250 -562.500 468.750 -273.438 -140.625 1000.000 148.438 -507.812 929.688
-945.312 367.188 -62.500 -789.062 -562.500 296.875 -757.812 -476.562 484.375 -250.000 -101.562 1015.625 171.875 -468.750 960.938
-929.688 320.312 -70.312 -773.438 -531.250 289.062 -750.000 -445.312 476.562 -250.000 -78.125 1000.000 156.250 -460.938 960.938
-929.688 320.312 -70.312 -773.438 -531.250 289.062 -750.000 -445.312 476.562 -250.000 -78.125 1000.000 156.250 -460.938 960.938
-898.438 242.188 -62.500 -718.750 -523.438 304.688 -718.750 -429.688 492.188 -265.625 -54.688 976.562 140.625 -429.688 960.938
-882.812 187.500 -54.688 -679.688 -539.062 335.938 -687.500 -421.875 507.812 -257.812 -31.250 976.562 140.625 -414.062 960.938
-882.812 187.500 -54.688 -679.688 -539.062 335.938 -687.500 -421.875 507.812 -257.812 -31.250 976.562 140.625 -414.062 960.938
-890.625 78.125 -70.312 -625.000 -546.875 390.625 -640.625 -429.688 546.875 -234.375 -31.250 984.375 125.000 -414.062 953.125
-890.625 78.125 -70.312 -625.000 -546.875 390.625 -640.625 -429.688 546.875 -234.375 -31.250 984.375 125.000 -414.062 953.125
-882.812 -15.625 -85.938 -593.750 -578.125 429.688 -625.000 -437.500 578.125 -203.125 0.000 1007.812 156.250 -398.438 960.938
-882.812 -15.625 -78.125 -593.750 -585.938 421.875 -617.188 -429.688 593.750 -179.688 7.812 1007.812 187.500 -390.625 968.750
-882.812 -15.625 -78.125 -593.750 -585.938 421.875 -617.188 -429.688 593.750 -179.688 7.812 1007.812 187.500 -390.625 968.750
-812.500 -85.938 -46.875 -601.562 -546.875 429.688 -609.375 -421.875 593.750 -179.688 39.062 1015.625 242.188 -367.188 976.562
-820.312 -93.750 -39.062 -593.750 -531.250 429.688 -617.188 -421.875 609.375 -164.062 31.250 1007.812 203.125 -367.188 984.375
-820.312 -93.750 -39.062 -593.750 -531.250 429.688 -617.188 -421.875 609.375 -164.062 31.250 1007.812 203.125 -367.188 984.375
-796.875 -93.750 -23.438 -664.062 -585.938 437.500 -695.312 -468.750 593.750 -242.188 -54.688 1007.812 148.438 -328.125 976.562
-796.875 -93.750 -23.438 -664.062 -585.938 437.500 -695.312 -468.750 593.750 -242.188 -54.688 1007.812 148.438 -328.125 976.562
-695.312 -132.812 132.812 -757.812 -625.000 414.062 -757.812 -554.688 492.188 -132.812 -101.562 1015.625 273.438 -546.875 914.062
-703.125 -156.250 15.625 -804.688 -609.375 390.625 -750.000 -554.688 531.250 -187.500 -250.000 945.312 281.250 -437.500 937.500
-703.125 -156.250 15.625 -804.688 -609.375 390.625 -750.000 -554.688 531.250 -187.500 -250.000 945.312 281.250 -437.500 937.500
-765.625 -109.375 -23.438 -890.625 -734.375 359.375 -804.688 -671.875 468.750 -375.000 -156.250 890.625 117.188 -421.875 804.688
-460.938 250.000 328.125 -875.000 -906.250 320.312 -617.188 -656.250 523.438 -78.125 -187.500 929.688 70.312 -367.188 804.688
-460.938 250.000 328.125 -875.000 -906.250 320.312 -617.188 -656.250 523.438 -78.125 -187.500 929.688 70.312 -367.188 804.688
-625.000 -265.625 -39.062 -875.000 -734.375 343.750 -867.188 -617.188 507.812 -257.812 -156.250 1054.688 226.562 -382.812 992.188
-625.000 -265.625 -39.062 -875.000 -734.375 343.750 -867.188 -617.188 507.812 -257.812 -156.250 1054.688 226.562 -382.812 992.188
-804.688 -351.562 -335.938 -773.438 -492.188 406.250 -859.375 -656.250 351.562 -351.562 -7.812 992.188 242.188 -492.188 1054.688
-710.938 -281.250 -296.875 -726.562 -554.688 398.438 -750.000 -585.938 351.562 -359.375 15.625 937.500 218.750 -398.438 1054.688
-710.938 -281.250 -296.875 -726.562 -554.688 398.438 -750.000 -585.938 351.562 -359.375 15.625 937.500 218.750 -398.438 1054.688
-656.250 -54.688 -320.312 -726.562 -742.188 414.062 -796.875 -367.188 210.938 -367.188 -218.750 875.000 62.500 -171.875 953.125
-656.250 -54.688 -320.312 -726.562 -742.188 414.062 -796.875 -367.188 210.938 -367.188 -218.750 875.000 62.500 -171.875 953.125
-640.625 93.750 -375.000 -796.875 -843.750 375.000 -906.250 -343.750 132.812 -351.562 -7.812 843.750 15.625 -195.312 898.438
-1718.750 718.750 -1500.000 -554.688 -54.688 617.188 -906.250 -203.125 203.125 -468.750 296.875 710.938 46.875 -31.250 1007.812
-1718.750 718.750 -1500.000 -554.688 -54.688 617.188 -906.250 -203.125 203.125 -468.750 296.875 710.938 46.875 -31.250 1007.812
-1601.562 1164.062 -1593.750 -492.188 -750.000 109.375 -703.125 218.750 507.812 -492.188 367.188 742.188 7.812 156.250 1109.375
-1718.750 1070.312 -1609.375 -429.688 -726.562 296.875 -531.250 250.000 453.125 -351.562 375.000 710.938 -31.250 179.688 1062.500
-1718.750 1070.312 -1609.375 -429.688 -726.562 296.875 -531.250 250.000 453.125 -351.562 375.000 710.938 -31.250 179.688 1062.500
-1164.062 929.688 -1000.000 -656.250 -78.125 296.875 -328.125 -195.312 851.562 -242.188 85.938 851.562 39.062 78.125 1015.625
-1164.062 929.688 -1000.000 -656.250 -78.125 296.875 -328.125 -195.312 851.562 -242.188 85.938 851.562 39.062 78.125 1015.625
-789.062 718.750 -593.750 -718.750 -382.812 250.000 -218.750 -421.875 976.562 -203.125 -78.125 914.062 54.688 23.438 992.188
-695.312 296.875 -406.250 -765.625 -187.500 273.438 -132.812 -304.688 1148.438 23.438 -382.812 1117.188 93.750 -132.812 992.188
-695.312 296.875 -406.250 -765.625 -187.500 273.438 -132.812 -304.688 1148.438 23.438 -382.812 1117.188 93.750 -132.812 992.188
-1046.875 523.438 -820.312 -578.125 7.812 304.688 -132.812 85.938 1070.312 78.125 -445.312 1210.938 140.625 -226.562 1031.250
-1187.500 562.500 -882.812 -523.438 -78.125 367.188 -210.938 164.062 1046.875 -7.812 -375.000 1210.938 195.312 -257.812 1054.688
-1187.500 562.500 -882.812 -523.438 -78.125 367.188 -210.938 164.062 1046.875 -7.812 -375.000 1210.938 195.312 -257.812 1054.688
-984.375 242.188 -671.875 -695.312 -593.750 500.000 -265.625 -453.125 890.625 289.062 31.250 820.312 273.438 -15.625 960.938
-984.375 242.188 -671.875 -695.312 -593.750 500.000 -265.625 -453.125 890.625 289.062 31.250 820.312 273.438 -15.625 960.938
-750.000 54.688 -257.812 -812.500 -929.688 414.062 -125.000 -1132.812 578.125 -257.812 -296.875 898.438 15.625 -234.375 1078.125
-335.938 -429.688 140.625 -1007.812 -875.000 328.125 -796.875 -546.875 789.062 -382.812 -593.750 1023.438 -7.812 -601.562 984.375
-335.938 -429.688 140.625 -1007.812 -875.000 328.125 -796.875 -546.875 789.062 -382.812 -593.750 1023.438 -7.812 -601.562 984.375
-828.125 187.500 -312.500 -1125.000 -804.688 328.125 -789.062 -632.812 789.062 -437.500 -335.938 914.062 -250.000 -250.000 1007.812
-1015.625 265.625 -492.188 -953.125 -757.812 335.938 -593.750 -617.188 765.625 -500.000 -445.312 859.375 -617.188 -312.500 921.875
-1015.625 265.625 -492.188 -953.125 -757.812 335.938 -593.750 -617.188 765.625 -500.000 -445.312 859.375 -617.188 -312.500 921.875
-976.562 140.625 -500.000 -765.625 -851.562 398.438 -640.625 -546.875 718.750 -414.062 -500.000 898.438 -210.938 -398.438 921.875
-976.562 140.625 -500.000 -765.625 -851.562 398.438 -640.625 -546.875 718.750 -414.062 -500.000 898.438 -210.938 -398.438 921.875
-937.500 -54.688 -421.875 -859.375 -703.125 320.312 -679.688 -546.875 750.000 -320.312 -460.938 968.750 7.812 -382.812 1039.062
-820.312 -31.250 -343.750 -960.938 -687.500 257.812 -679.688 -421.875 843.750 -179.688 -257.812 1117.188 203.125 -226.562 1273.438
-820.312 -31.250 -343.750 -960.938 -687.500 257.812 -679.688 -421.875 843.750 -179.688 -257.812 1117.188 203.125 -226.562 1273.438
-835.938 78.125 -335.938 -742.188 -601.562 351.562 -562.500 -250.000 867.188 -203.125 -218.750 1171.875 210.938 -281.250 1257.812
-812.500 148.438 -312.500 -609.375 -554.688 382.812 -460.938 -203.125 867.188 -125.000 -164.062 1156.250 289.062 -218.750 1257.812
-812.500 148.438 -312.500 -609.375 -554.688 382.812 -460.938 -203.125 867.188 -125.000 -164.062 1156.250 289.062 -218.750 1257.812
-710.938 -54.688 -273.438 -343.750 -445.312 437.500 -187.500 -78.125 828.125 140.625 -171.875 960.938 -203.125 -257.812 789.062
-710.938 -54.688 -273.438 -343.750 -445.312 437.500 -187.500 -78.125 828.125 140.625 -171.875 960.938 -203.125 -257.812 789.062
-710.938 -54.688 -273.438 -343.750 -445.312 437.500 -187.500 -78.125 828.125 140.625 -171.875 960.938 -203.125 -257.812 789.062
-710.938 -54.688 -273.438 -343.750 -445.312 437.500 -187.500 -78.125 828.125 140.625 -171.875 960.938 -203.125 -257.812 789.062
-710.938 -54.688 -273.438 -343.750 -445.312 437.500 -187.500 -78.125 828.125 140.625 -171.875 960.938 -203.125 -257.812 789.062
-632.812 -125.000 -164.062 -406.250 -406.250 437.500 -343.750 -93.750 757.812 7.812 -125.000 859.375 -289.062 -226.562 781.250
-531.250 -289.062 -70.312 -382.812 -476.562 414.062 -93.750 -117.188 726.562 -328.125 -109.375 835.938 -367.188 -234.375 835.938
-531.250 -289.062 -70.312 -382.812 -476.562 414.062 -93.750 -117.188 726.562 -328.125 -109.375 835.938 -367.188 -234.375 835.938
-507.812 -406.250 23.438 -460.938 -390.625 492.188 0.000 -351.562 882.812 -242.188 -281.250 781.250 -734.375 -203.125 781.250
-507.812 -406.250 23.438 -460.938 -390.625 492.188 0.000 -351.562 882.812 -242.188 -281.250 781.250 -734.375 -203.125 781.250
-515.625 -390.625 39.062 -507.812 -398.438 414.062 -359.375 -343.750 812.500 -421.875 -515.625 773.438 -609.375 -46.875 835.938
-609.375 -140.625 78.125 -695.312 -812.500 335.938 -570.312 -671.875 562.500 -914.062 -726.562 429.688 328.125 15.625 1234.375
-609.375 -140.625 78.125 -695.312 -812.500 335.938 -570.312 -671.875 562.500 -914.062 -726.562 429.688 328.125 15.625 1234.375
-726.562 -140.625 -109.375 -773.438 -1273.438 312.500 -843.750 -671.875 289.062 -695.312 -484.375 468.750 -359.375 -406.250 1062.500
-804.688 -7.812 -289.062 -750.000 -1335.938 320.312 -906.250 -656.250 382.812 -765.625 -562.500 695.312 -640.625 -312.500 875.000
-804.688 -7.812 -289.062 -750.000 -1335.938 320.312 -906.250 -656.250 382.812 -765.625 -562.500 695.312 -640.625 -312.500 875.000
-843.750 359.375 -437.500 -1007.812 -750.000 132.812 -750.000 -820.312 375.000 -515.625 -85.938 468.750 -359.375 367.188 1039.062
-843.750 359.375 -437.500 -1007.812 -750.000 132.812 -750.000 -820.312 375.000 -515.625 -85.938 468.750 -359.375 367.188 1039.062
-687.500 320.312 -421.875 -835.938 -671.875 164.062 -546.875 -570.312 343.750 -453.125 -406.250 335.938 -54.688 -648.438 1492.188
-578.125 257.812 -570.312 -500.000 -554.688 218.750 -609.375 -156.250 570.312 -453.125 -632.812 695.312 867.188 -382.812 2203.125
-578.125 257.812 -570.312 -500.000 -554.688 218.750 -609.375 -156.250 570.312 -453.125 -632.812 695.312 867.188 -382.812 2203.125
-671.875 62.500 -867.188 -890.625 453.125 -15.625 -367.188 -164.062 875.000 -93.750 -1382.812 648.438 1429.688 -171.875 812.500
-859.375 -132.812 -1015.625 -703.125 578.125 -23.438 -507.812 46.875 921.875 -281.250 -23.438 2031.250 460.938 2679.688 304.688
-859.375 -132.812 -1015.625 -703.125 578.125 -23.438 -507.812 46.875 921.875 -281.250 -23.438 2031.250 460.938 2679.688 304.688
-695.312 -109.375 -976.562 -460.938 132.812 281.250 -250.000 -23.438 1007.812 1039.062 -687.500 1414.062 -1445.312 -195.312 -1585.938
-695.312 -109.375 -976.562 -460.938 132.812 281.250 -250.000 -23.438 1007.812 1039.062 -687.500 1414.062 -1445.312 -195.312 -1585.938
-710.938 179.688 -921.875 -312.500 -109.375 476.562 257.812 -390.625 984.375 476.562 -359.375 1039.062 -1921.875 -523.438 -1867.188
-789.062 554.688 -968.750 617.188 -1125.000 1054.688 398.438 -898.438 679.688 -750.000 -390.625 62.500 -1375.000 -156.250 -718.750
-789.062 554.688 -968.750 617.188 -1125.000 1054.688 398.438 -898.438 679.688 -750.000 -390.625 62.500 -1375.000 -156.250 -718.750
-914.062 23.438 -1226.562 632.812 -1632.812 1453.125 -257.812 -1281.250 625.000 -1132.812 -562.500 70.312 -875.000 265.625 117.188
-914.062 23.438 -1226.562 632.812 -1632.812 1453.125 -257.812 -1281.250 625.000 -1132.812 -562.500 70.312 -875.000 265.625 117.188
-937.500 -406.250 -1304.688 273.438 -1718.750 1312.500 -132.812 -1320.312 656.250 -765.625 -500.000 289.062 -812.500 328.125 242.188
-867.188 -1031.250 -1265.625 -414.062 -914.062 726.562 -250.000 -968.750 773.438 -351.562 -789.062 671.875 -882.812 -39.062 210.938
-867.188 -1031.250 -1265.625 -414.062 -914.062 726.562 -250.000 -968.750 773.438 -351.562 -789.062 671.875 -882.812 -39.062 210.938
-835.938 -1015.625 -1148.438 -562.500 -617.188 539.062 -421.875 -765.625 726.562 -335.938 -835.938 726.562 -929.688 -273.438 93.750
-671.875 -578.125 -890.625 -750.000 -601.562 320.312 -632.812 -625.000 460.938 -585.938 -742.188 562.500 -1164.062 -250.000 -156.250
-671.875 -578.125 -890.625 -750.000 -601.562 320.312 -632.812 -625.000 460.938 -585.938 -742.188 562.500 -1164.062 -250.000 -156.250
-562.500 -281.250 -789.062 -796.875 -734.375 351.562 -695.312 -734.375 382.812 -843.750 -609.375 414.062 -1234.375 -250.000 -453.125
-562.500 -281.250 -789.062 -796.875 -734.375 351.562 -695.312 -734.375 382.812 -843.750 -609.375 414.062 -1234.375 -250.000 -453.125
-585.938 -125.000 -796.875 -742.188 -796.875 468.750 -679.688 -796.875 429.688 -914.062 -570.312 421.875 -1187.500 -429.688 -453.125
-726.562 148.438 -906.250 -625.000 -851.562 609.375 -546.875 -835.938 640.625 -679.688 -859.375 539.062 -1007.812 -562.500 -328.125
-726.562 148.438 -906.250 -625.000 -851.562 609.375 -546.875 -835.938 640.625 -679.688 -859.375 539.062 -1007.812 -562.500 -328.125
-781.250 218.750 -937.500 -593.750 -906.250 632.812 -492.188 -882.812 695.312 -609.375 -859.375 640.625 -1000.000 -429.688 -109.375
-703.125 203.125 -890.625 -539.062 -921.875 671.875 -390.625 -875.000 757.812 -453.125 -796.875 718.750 -945.312 -359.375 101.562
-703.125 203.125 -890.625 -539.062 -921.875 671.875 -390.625 -875.000 757.812 -453.125 -796.875 718.750 -945.312 -359.375 101.562
-625.000 210.938 -843.750 -390.625 -828.125 679.688 -289.062 -773.438 781.250 -390.625 -718.750 742.188 -937.500 -273.438 164.062
-625.000 210.938 -843.750 -390.625 -828.125 679.688 -289.062 -773.438 781.250 -390.625 -718.750 742.188 -937.500 -273.438 164.062
-601.562 234.375 -835.938 -390.625 -843.750 695.312 -273.438 -726.562 781.250 -367.188 -656.250 742.188 -960.938 -242.188 164.062
-531.250 203.125 -781.250 -289.062 -679.688 679.688 -250.000 -648.438 773.438 -335.938 -593.750 726.562 -1000.000 -210.938 140.625
-531.250 203.125 -781.250 -289.062 -679.688 679.688 -250.000 -648.438 773.438 -335.938 -593.750 726.562 -1000.000 -210.938 140.625
-500.000 179.688 -742.188 -210.938 -710.938 656.250 -273.438 -609.375 718.750 -359.375 -523.438 695.312 -1015.625 -171.875 125.000
-500.000 179.688 -742.188 -210.938 -710.938 656.250 -273.438 -609.375 718.750 -359.375 -523.438 695.312 -1015.625 -171.875 125.000
-421.875 31.250 -679.688 -156.250 -906.250 750.000 -273.438 -648.438 664.062 -406.250 -531.250 585.938 -1085.938 -101.562 23.438
-468.750 -85.938 -765.625 78.125 -890.625 718.750 -429.688 -742.188 492.188 -476.562 -421.875 375.000 -1140.625 -164.062 -78.125
-468.750 -85.938 -765.625 78.125 -890.625 718.750 -429.688 -742.188 492.188 -476.562 -421.875 375.000 -1140.625 -164.062 -78.125
-507.812 -156.250 -835.938 85.938 -718.750 679.688 -507.812 -601.562 421.875 -460.938 -539.062 382.812 -1125.000 -203.125 -62.500
-515.625 -445.312 -953.125 -390.625 -335.938 429.688 -210.938 -617.188 546.875 -468.750 -406.250 515.625 -992.188 -460.938 148.438
-515.625 -445.312 -953.125 -390.625 -335.938 429.688 -210.938 -617.188 546.875 -468.750 -406.250 515.625 -992.188 -460.938 148.438
-500.000 -601.562 -968.750 -585.938 -148.438 117.188 -687.500 -460.938 414.062 -515.625 -398.438 468.750 -1054.688 -695.312 -46.875
-500.000 -601.562 -968.750 -585.938 -148.438 117.188 -687.500 -460.938 414.062 -515.625 -398.438 468.750 -1054.688 -695.312 -46.875
-367.188 -687.500 -804.688 -914.062 -531.250 -39.062 -445.312 -421.875 179.688 -390.625 -750.000 281.250 -1296.875 -890.625 -726.562
-179.688 -492.188 -570.312 -890.625 -257.812 125.000 -203.125 -289.062 460.938 -210.938 -742.188 132.812 -929.688 -1640.625 -1500.000
-179.688 -492.188 -570.312 -890.625 -257.812 125.000 -203.125 -289.062 460.938 -210.938 -742.188 132.812 -929.688 -1640.625 -1500.000
-171.875 -343.750 -546.875 -648.438 -187.500 382.812 179.688 -390.625 757.812 -437.500 -1031.250 70.312 -476.562 -1804.688 -2273.438
-171.875 -343.750 -546.875 -648.438 -187.500 382.812 179.688 -390.625 757.812 -437.500 -1031.250 70.312 -476.562 -1804.688 -2273.438
-234.375 -203.125 -632.812 -570.312 -585.938 382.812 -23.438 -289.062 1031.250 218.750 -1101.562 203.125 835.938 -1406.250 -3179.688
-234.375 -195.312 -710.938 -703.125 -726.562 335.938 -140.625 -250.000 1015.625 164.062 -867.188 390.625 1945.312 -382.812 -3164.062
-234.375 -195.312 -710.938 -703.125 -726.562 335.938 -140.625 -250.000 1015.625 164.062 -867.188 390.625 1945.312 -382.812 -3164.062
-367.188 -85.938 -867.188 -976.562 -875.000 218.750 -281.250 -140.625 1078.125 -179.688 460.938 1218.750 2132.812 2921.875 1367.188
-273.438 -54.688 -710.938 -250.000 500.000 578.125 -382.812 265.625 1773.438 -796.875 125.000 2132.812 1578.125 1023.438 2585.938
-273.438 -54.688 -710.938 -250.000 500.000 578.125 -382.812 265.625 1773.438 -796.875 125.000 2132.812 1578.125 1023.438 2585.938
-273.438 -54.688 -710.938 -250.000 500.000 578.125 -382.812 265.625 1773.438 -796.875 125.000 2132.812 1578.125 1023.438 2585.938
-273.438 -54.688 -710.938 -250.000 500.000 578.125 -382.812 265.625 1773.438 -796.875 125.000 2132.812 1578.125 1023.438 2585.938
-273.438 -54.688 -710.938 -250.000 500.000 578.125 -382.812 265.625 1773.438 -796.875 125.000 2132.812 1578.125 1023.438 2585.938
-109.375 398.438 -695.312 -796.875 101.562 367.188 -109.375 -453.125 1289.062 2539.062 -85.938 906.250 2195.312 2804.688 1968.750
-109.375 398.438 -695.312 -796.875 101.562 367.188 -109.375 -453.125 1289.062 2539.062 -85.938 906.250 2195.312 2804.688 1968.750
-554.688 140.625 -1164.062 -632.812 -734.375 445.312 -796.875 171.875 851.562 -906.250 -218.750 882.812 -804.688 -929.688 -203.125
-640.625 78.125 -1367.188 -398.438 -906.250 867.188 -15.625 -382.812 890.625 -265.625 -687.500 460.938 -1164.062 -656.250 -421.875
-640.625 78.125 -1367.188 -398.438 -906.250 867.188 -15.625 -382.812 890.625 -265.625 -687.500 460.938 -1164.062 -656.250 -421.875
-539.062 281.250 -1367.188 -476.562 -851.562 765.625 250.000 -656.250 781.250 -375.000 -203.125 414.062 -531.250 265.625 476.562
-539.062 281.250 -1367.188 -476.562 -851.562 765.625 250.000 -656.250 781.250 -375.000 -203.125 414.062 -531.250 265.625 476.562
-453.125 -484.375 -1039.062 -445.312 -953.125 710.938 -453.125 7.812 828.125 382.812 289.062 1140.625 632.812 578.125 1617.188
-320.312 -648.438 -929.688 -523.438 -765.625 578.125 -109.375 93.750 1062.500 617.188 171.875 1335.938 789.062 382.812 1546.875
-320.312 -648.438 -929.688 -523.438 -765.625 578.125 -109.375 93.750 1062.500 617.188 171.875 1335.938 789.062 382.812 1546.875
-359.375 -492.188 -898.438 -539.062 -492.188 507.812 -31.250 -148.438 1171.875 351.562 -289.062 1070.312 187.500 -148.438 828.125
-328.125 -281.250 -921.875 -531.250 -656.250 546.875 -109.375 -210.938 937.500 234.375 -62.500 937.500 242.188 140.625 960.938
-328.125 -281.250 -921.875 -531.250 -656.250 546.875 -109.375 -210.938 937.500 234.375 -62.500 937.500 242.188 140.625 960.938
-335.938 -187.500 -984.375 -507.812 -718.750 570.312 -226.562 -171.875 875.000 140.625 15.625 937.500 242.188 187.500 1054.688
-359.375 -93.750 -992.188 -617.188 -617.188 484.375 -304.688 -171.875 875.000 23.438 -62.500 914.062 7.812 101.562 921.875
-359.375 -93.750 -992.188 -617.188 -617.188 484.375 -304.688 -171.875 875.000 23.438 -62.500 914.062 7.812 101.562 921.875
-343.750 -85.938 -960.938 -648.438 -570.312 453.125 -312.500 -203.125 867.188 15.625 -101.562 914.062 46.875 62.500 875.000
-343.750 -85.938 -960.938 -648.438 -570.312 453.125 -312.500 -203.125 867.188 15.625 -101.562 914.062 46.875 62.500 875.000
-398.438 -85.938 -968.750 -726.562 -515.625 367.188 -351.562 -140.625 851.562 93.750 -54.688 953.125 250.000 117.188 953.125
-328.125 -39.062 -789.062 -718.750 -406.250 335.938 -390.625 -39.062 789.062 -15.625 23.438 898.438 93.750 171.875 906.250
-328.125 -39.062 -789.062 -718.750 -406.250 335.938 -390.625 -39.062 789.062 -15.625 23.438 898.438 93.750 171.875 906.250
-328.125 -39.062 -789.062 -718.750 -406.250 335.938 -390.625 -39.062 789.062 -15.625 23.438 898.438 93.750 171.875 906.250
-328.125 -39.062 -789.062 -718.750 -406.250 335.938 -390.625 -39.062 789.062 -15.625 23.438 898.438 93.750 171.875 906.250
-328.125 -39.062 -789.062 -718.750 -406.250 335.938 -390.625 -39.062 789.062 -15.625 23.438 898.438 93.750 171.875 906.250
-328.125 -54.688 -812.500 -734.375 -390.625 335.938 -414.062 -23.438 773.438 -23.438 54.688 890.625 70.312 195.312 898.438
-328.125 -54.688 -812.500 -734.375 -390.625 335.938 -414.062 -23.438 773.438 -23.438 54.688 890.625 70.312 195.312 898.438
-359.375 -101.562 -835.938 -710.938 -398.438 351.562 -367.188 -46.875 789.062 15.625 46.875 898.438 109.375 203.125 914.062
-359.375 -117.188 -843.750 -703.125 -414.062 382.812 -359.375 -39.062 820.312 46.875 39.062 921.875 148.438 187.500 929.688
-367.188 -132.812 -851.562 -679.688 -421.875 406.250 -320.312 -39.062 859.375 93.750 23.438 937.500 171.875 187.500 945.312
-351.562 -132.812 -835.938 -664.062 -421.875 437.500 -273.438 -31.250 882.812 117.188 15.625 960.938 171.875 203.125 945.312
-351.562 -132.812 -835.938 -664.062 -421.875 437.500 -273.438 -31.250 882.812 117.188 15.625 960.938 171.875 203.125 945.312
-257.812 -179.688 -773.438 -625.000 -453.125 468.750 -273.438 -70.312 898.438 101.562 -7.812 937.500 140.625 156.250 914.062
-242.188 -203.125 -796.875 -609.375 -445.312 476.562 -257.812 -54.688 890.625 109.375 31.250 937.500 140.625 195.312 937.500
-242.188 -203.125 -796.875 -609.375 -445.312 476.562 -257.812 -54.688 890.625 109.375 31.250 937.500 140.625 195.312 937.500
-328.125 -187.500 -921.875 -578.125 -445.312 515.625 -226.562 -7.812 906.250 179.688 54.688 968.750 234.375 234.375 992.188
-328.125 -187.500 -921.875 -578.125 -445.312 515.625 -226.562 -7.812 906.250 179.688 54.688 968.750 234.375 234.375 992.188
-328.125 -164.062 -921.875 -585.938 -453.125 523.438 -156.250 -39.062 945.312 250.000 31.250 968.750 289.062 203.125 968.750
-320.312 -179.688 -929.688 -593.750 -453.125 523.438 -156.250 -39.062 953.125 265.625 23.438 976.562 320.312 195.312 984.375
-320.312 -179.688 -929.688 -593.750 -453.125 523.438 -156.250 -39.062 953.125 265.625 23.438 976.562 320.312 195.312 984.375
-296.875 -156.250 -945.312 -601.562 -460.938 523.438 -148.438 -54.688 984.375 304.688 0.000 1015.625 421.875 164.062 1007.812
-273.438 -148.438 -890.625 -609.375 -468.750 515.625 -156.250 -62.500 984.375 320.312 0.000 1015.625 429.688 164.062 1031.250
-273.438 -148.438 -890.625 -609.375 -468.750 515.625 -156.250 -62.500 984.375 320.312 0.000 1015.625 429.688 164.062 1031.250
-179.688 -187.500 -812.500 -625.000 -476.562 468.750 -218.750 -78.125 953.125 234.375 -15.625 1000.000 250.000 164.062 1007.812
-179.688 -187.500 -812.500 -625.000 -476.562 468.750 -218.750 -78.125 953.125 234.375 -15.625 1000.000 250.000 164.062 1007.812
-289.062 -125.000 -976.562 -625.000 -546.875 515.625 -226.562 -109.375 921.875 179.688 -7.812 960.938 210.938 156.250 984.375
-289.062 -140.625 -1015.625 -625.000 -578.125 523.438 -195.312 -140.625 945.312 179.688 -31.250 960.938 203.125 132.812 976.562
-289.062 -140.625 -1015.625 -625.000 -578.125 523.438 -195.312 -140.625 945.312 179.688 -31.250 960.938 203.125 132.812 976.562
-281.250 -218.750 -1007.812 -625.000 -609.375 546.875 -179.688 -156.250 1015.625 242.188 -93.750 1015.625 289.062 70.312 992.188
-281.250 -234.375 -1007.812 -632.812 -617.188 539.062 -171.875 -179.688 1015.625 281.250 -117.188 1039.062 328.125 70.312 1015.625
-281.250 -234.375 -1007.812 -632.812 -617.188 539.062 -171.875 -179.688 1015.625 281.250 -117.188 1039.062 328.125 70.312 1015.625
-257.812 -234.375 -953.125 -664.062 -609.375 507.812 -187.500 -187.500 1007.812 242.188 -132.812 1023.438 328.125 54.688 1023.438
-257.812 -234.375 -953.125 -664.062 -609.375 507.812 -187.500 -187.500 1007.812 242.188 -132.812 1023.438 328.125 54.688 1023.438
-210.938 -257.812 -929.688 -687.500 -601.562 476.562 -250.000 -203.125 960.938 156.250 -125.000 992.188 164.062 15.625 960.938
-218.750 -234.375 -976.562 -679.688 -585.938 460.938 -257.812 -203.125 937.500 132.812 -132.812 976.562 156.250 62.500 968.750
-218.750 -234.375 -976.562 -679.688 -585.938 460.938 -257.812 -203.125 937.500 132.812 -132.812 976.562 156.250 62.500 968.750
-273.438 -195.312 -1007.812 -640.625 -593.750 500.000 -234.375 -171.875 929.688 132.812 -70.312 976.562 156.250 101.562 984.375
-273.438 -195.312 -1007.812 -640.625 -593.750 500.000 -234.375 -171.875 929.688 132.812 -70.312 976.562 156.250 101.562 984.375
-281.250 -164.062 -1007.812 -625.000 -601.562 515.625 -226.562 -164.062 945.312 148.438 -78.125 976.562 179.688 93.750 992.188
-273.438 -171.875 -976.562 -640.625 -570.312 492.188 -210.938 -164.062 953.125 210.938 -93.750 992.188 265.625 78.125 992.188
-273.438 -171.875 -976.562 -640.625 -570.312 492.188 -210.938 -164.062 953.125 210.938 -93.750 992.188 265.625 78.125 992.188
-257.812 -164.062 -929.688 -656.250 -539.062 484.375 -226.562 -140.625 953.125 195.312 -85.938 1007.812 265.625 85.938 1000.000
-242.188 -171.875 -921.875 -648.438 -546.875 468.750 -234.375 -140.625 945.312 187.500 -85.938 1000.000 250.000 93.750 992.188
-242.188 -171.875 -921.875 -648.438 -546.875 468.750 -234.375 -140.625 945.312 187.500 -85.938 1000.000 250.000 93.750 992.188
-234.375 -195.312 -914.062 -632.812 -539.062 468.750 -242.188 -132.812 929.688 171.875 -46.875 992.188 218.750 125.000 1000.000
-234.375 -195.312 -914.062 -632.812 -539.062 468.750 -242.188 -132.812 929.688 171.875 -46.875 992.188 218.750 125.000 1000.000
-242.188 -164.062 -921.875 -640.625 -531.250 468.750 -234.375 -117.188 929.688 179.688 -39.062 992.188 234.375 117.188 1000.000
-273.438 -148.438 -945.312 -640.625 -531.250 468.750 -234.375 -132.812 945.312 203.125 -54.688 992.188 273.438 109.375 1000.000
-273.438 -148.438 -945.312 -640.625 -531.250 468.750 -234.375 -132.812 945.312 203.125 -54.688 992.188 273.438 109.375 1000.000
-289.062 -140.625 -953.125 -656.250 -531.250 453.125 -265.625 -148.438 937.500 171.875 -70.312 984.375 226.562 101.562 992.188
-257.812 -148.438 -937.500 -648.438 -539.062 468.750 -250.000 -132.812 914.062 164.062 -54.688 976.562 218.750 117.188 984.375
-257.812 -148.438 -937.500 -648.438 -539.062 468.750 -250.000 -132.812 914.062 164.062 -54.688 976.562 218.750 117.188 984.375
-218.750 -187.500 -867.188 -648.438 -507.812 476.562 -234.375 -109.375 929.688 148.438 -46.875 984.375 187.500 125.000 1000.000
-218.750 -187.500 -867.188 -648.438 -507.812 476.562 -234.375 -109.375 929.688 148.438 -46.875 984.375 187.500 125.000 1000.000
-218.750 -203.125 -867.188 -648.438 -484.375 460.938 -250.000 -109.375 921.875 156.250 -54.688 984.375 203.125 125.000 1000.000
-250.000 -203.125 -906.250 -640.625 -507.812 453.125 -250.000 -117.188 929.688 179.688 -62.500 992.188 250.000 101.562 1000.000
-250.000 -203.125 -906.250 -640.625 -507.812 453.125 -250.000 -117.188 929.688 179.688 -62.500 992.188 250.000 101.562 1000.000
-250.000 -187.500 -906.250 -656.250 -546.875 460.938 -250.000 -148.438 937.500 148.438 -78.125 976.562 195.312 85.938 976.562
-250.000 -187.500 -906.250 -656.250 -546.875 460.938 -250.000 -148.438 937.500 148.438 -78.125 976.562 195.312 85.938 976.562
-250.000 -187.500 -906.250 -656.250 -546.875 460.938 -250.000 -148.438 937.500 148.438 -78.125 976.562 195.312 85.938 976.562
-250.000 -187.500 -906.250 -656.250 -546.875 460.938 -250.000 -148.438 937.500 148.438 -78.125 976.562 195.312 85.938 976.562
-250.000 -187.500 -906.250 -656.250 -546.875 460.938 -250.000 -148.438 937.500 148.438 -78.125 976.562 195.312 85.938 976.562
-257.812 -195.312 -914.062 -671.875 -539.062 453.125 -273.438 -132.812 937.500 164.062 -70.312 976.562 242.188 78.125 992.188
-265.625 -164.062 -953.125 -679.688 -554.688 445.312 -234.375 -164.062 953.125 164.062 -101.562 976.562 171.875 70.312 968.750
-265.625 -164.062 -953.125 -679.688 -554.688 445.312 -234.375 -164.062 953.125 164.062 -101.562 976.562 171.875 70.312 968.750
-289.062 -156.250 -984.375 -679.688 -609.375 468.750 -273.438 -187.500 929.688 140.625 -93.750 976.562 203.125 70.312 968.750
-289.062 -195.312 -976.562 -679.688 -601.562 460.938 -265.625 -171.875 937.500 148.438 -85.938 984.375 210.938 78.125 1000.000
-289.062 -195.312 -976.562 -679.688 -601.562 460.938 -265.625 -171.875 937.500 148.438 -85.938 984.375 210.938 78.125 1000.000
-265.625 -187.500 -937.500 -695.312 -578.125 453.125 -257.812 -171.875 960.938 164.062 -101.562 1000.000 203.125 62.500 1000.000
-265.625 -187.500 -937.500 -695.312 -578.125 453.125 -257.812 -171.875 960.938 164.062 -101.562 1000.000 203.125 62.500 1000.000
-250.000 -195.312 -929.688 -679.688 -562.500 453.125 -265.625 -164.062 953.125 164.062 -101.562 1007.812 218.750 46.875 992.188
