-617.188 -242.188 117.188 -593.750 31.250 687.500 -429.688 -62.500 828.125 -375.000 726.562 554.688 93.750 375.000 1289.062
-640.625 -93.750 -109.375 -406.250 203.125 742.188 -601.562 -85.938 789.062 -492.188 617.188 429.688 23.438 414.062 1210.938
-640.625 -93.750 -109.375 -406.250 203.125 742.188 -601.562 -85.938 789.062 -492.188 617.188 429.688 23.438 414.062 1210.938
-703.125 -203.125 -281.250 -484.375 343.750 757.812 -703.125 -7.812 578.125 -773.438 585.938 171.875 492.188 328.125 1148.438
-703.125 -203.125 -281.250 -484.375 343.750 757.812 -703.125 -7.812 578.125 -773.438 585.938 171.875 492.188 328.125 1148.438
-703.125 -265.625 -328.125 -539.062 328.125 656.250 -718.750 -78.125 523.438 -953.125 265.625 39.062 585.938 375.000 851.562
-703.125 -265.625 -328.125 -539.062 328.125 656.250 -718.750 -78.125 523.438 -953.125 265.625 39.062 585.938 375.000 851.562
-750.000 -328.125 -375.000 -734.375 -164.062 585.938 -671.875 414.062 445.312 -414.062 867.188 562.500 -937.500 -406.250 -109.375
-750.000 -328.125 -375.000 -734.375 -164.062 585.938 -671.875 414.062 445.312 -414.062 867.188 562.500 -937.500 -406.250 -109.375
-750.000 -328.125 -375.000 -734.375 -164.062 585.938 -671.875 414.062 445.312 -414.062 867.188 562.500 -937.500 -406.250 -109.375
-750.000 -328.125 -375.000 -734.375 -164.062 585.938 -671.875 414.062 445.312 -414.062 867.188 562.500 -937.500 -406.250 -109.375
-750.000 -328.125 -375.000 -734.375 -164.062 585.938 -671.875 414.062 445.312 -414.062 867.188 562.500 -937.500 -406.250 -109.375
-781.250 -843.750 -640.625 -367.188 -1242.188 765.625 -906.250 -15.625 320.312 -640.625 375.000 390.625 -804.688 1789.062 23.438
-781.250 -843.750 -640.625 -367.188 -1242.188 765.625 -906.250 -15.625 320.312 -640.625 375.000 390.625 -804.688 1789.062 23.438
-664.062 -1523.438 -593.750 148.438 -500.000 1250.000 -929.688 -250.000 265.625 -984.375 273.438 -109.375 -820.312 453.125 242.188
-664.062 -1523.438 -593.750 148.438 -500.000 1250.000 -929.688 -250.000 265.625 -984.375 273.438 -109.375 -820.312 453.125 242.188
-664.062 -1523.438 -593.750 148.438 -500.000 1250.000 -929.688 -250.000 265.625 -984.375 273.438 -109.375 -820.312 453.125 242.188
-664.062 -1523.438 -593.750 148.438 -500.000 1250.000 -929.688 -250.000 265.625 -984.375 273.438 -109.375 -820.312 453.125 242.188
-664.062 -1523.438 -593.750 148.438 -500.000 1250.000 -929.688 -250.000 265.625 -984.375 273.438 -109.375 -820.312 453.125 242.188
-531.250 -1632.812 -343.750 -54.688 -187.500 1007.812 -851.562 -195.312 343.750 -890.625 265.625 0.000 -820.312 289.062 281.250
-531.250 -1632.812 -343.750 -54.688 -187.500 1007.812 -851.562 -195.312 343.750 -890.625 265.625 0.000 -820.312 289.062 281.250
-500.000 -1625.000 -328.125 -226.562 -265.625 875.000 -867.188 -140.625 351.562 -882.812 351.562 101.562 -828.125 406.250 335.938
-500.000 -1625.000 -328.125 -226.562 -265.625 875.000 -867.188 -140.625 351.562 -882.812 351.562 101.562 -828.125 406.250 335.938
-546.875 -1312.500 -367.188 -468.750 -320.312 718.750 -882.812 -15.625 367.188 -835.938 437.500 281.250 -757.812 539.062 390.625
-546.875 -1312.500 -367.188 -468.750 -320.312 718.750 -882.812 -15.625 367.188 -835.938 437.500 281.250 -757.812 539.062 390.625
-585.938 -867.188 -382.812 -468.750 -218.750 750.000 -875.000 -23.438 398.438 -750.000 507.812 382.812 -703.125 375.000 500.000
-585.938 -867.188 -382.812 -468.750 -218.750 750.000 -875.000 -23.438 398.438 -750.000 507.812 382.812 -703.125 375.000 500.000
-585.938 -867.188 -382.812 -468.750 -218.750 750.000 -875.000 -23.438 398.438 -750.000 507.812 382.812 -703.125 375.000 500.000
-679.688 -421.875 -578.125 -421.875 -164.062 796.875 -867.188 -46.875 421.875 -859.375 460.938 328.125 -765.625 453.125 585.938
-679.688 -421.875 -578.125 -421.875 -164.062 796.875 -867.188 -46.875 421.875 -859.375 460.938 328.125 -765.625 453.125 585.938
-679.688 -421.875 -578.125 -421.875 -164.062 796.875 -867.188 -46.875 421.875 -859.375 460.938 328.125 -765.625 453.125 585.938
-679.688 -421.875 -578.125 -421.875 -164.062 796.875 -867.188 -46.875 421.875 -859.375 460.938 328.125 -765.625 453.125 585.938
-492.188 -593.750 -343.750 -375.000 -453.125 835.938 -875.000 -148.438 398.438 -914.062 398.438 257.812 -804.688 507.812 554.688
-492.188 -593.750 -343.750 -375.000 -453.125 835.938 -875.000 -148.438 398.438 -914.062 398.438 257.812 -804.688 507.812 554.688
-539.062 -625.000 -382.812 -460.938 -500.000 796.875 -898.438 -179.688 343.750 -921.875 312.500 242.188 -796.875 476.562 515.625
-539.062 -625.000 -382.812 -460.938 -500.000 796.875 -898.438 -179.688 343.750 -921.875 312.500 242.188 -796.875 476.562 515.625
-539.062 -625.000 -382.812 -460.938 -500.000 796.875 -898.438 -179.688 343.750 -921.875 312.500 242.188 -796.875 476.562 515.625
-539.062 -843.750 -476.562 -359.375 -320.312 835.938 -867.188 -398.438 382.812 -906.250 171.875 304.688 -796.875 296.875 414.062
-539.062 -843.750 -476.562 -359.375 -320.312 835.938 -867.188 -398.438 382.812 -906.250 171.875 304.688 -796.875 296.875 414.062
-539.062 -843.750 -476.562 -359.375 -320.312 835.938 -867.188 -398.438 382.812 -906.250 171.875 304.688 -796.875 296.875 414.062
-539.062 -843.750 -476.562 -359.375 -320.312 835.938 -867.188 -398.438 382.812 -906.250 171.875 304.688 -796.875 296.875 414.062
-562.500 -875.000 -460.938 -265.625 -500.000 898.438 -835.938 -414.062 437.500 -953.125 164.062 335.938 -898.438 289.062 351.562
-562.500 -875.000 -460.938 -265.625 -500.000 898.438 -835.938 -414.062 437.500 -953.125 164.062 335.938 -898.438 289.062 351.562
-523.438 -812.500 -468.750 -296.875 -414.062 859.375 -867.188 -359.375 390.625 -937.500 210.938 257.812 -875.000 304.688 375.000
-523.438 -812.500 -468.750 -296.875 -414.062 859.375 -867.188 -359.375 390.625 -937.500 210.938 257.812 -875.000 304.688 375.000
-523.438 -812.500 -468.750 -296.875 -414.062 859.375 -867.188 -359.375 390.625 -937.500 210.938 257.812 -875.000 304.688 375.000
-523.438 -757.812 -468.750 -343.750 -351.562 835.938 -875.000 -320.312 367.188 -968.750 210.938 226.562 -890.625 351.562 382.812
-523.438 -757.812 -468.750 -343.750 -351.562 835.938 -875.000 -320.312 367.188 -968.750 210.938 226.562 -890.625 351.562 382.812
-531.250 -554.688 -453.125 -507.812 -328.125 726.562 -945.312 -250.000 234.375 -960.938 242.188 140.625 -843.750 468.750 359.375
-531.250 -554.688 -453.125 -507.812 -328.125 726.562 -945.312 -250.000 234.375 -960.938 242.188 140.625 -843.750 468.750 359.375
-515.625 -531.250 -414.062 -500.000 -320.312 718.750 -929.688 -242.188 234.375 -945.312 234.375 132.812 -843.750 406.250 343.750
-515.625 -531.250 -414.062 -500.000 -320.312 718.750 -929.688 -242.188 234.375 -945.312 234.375 132.812 -843.750 406.250 343.750
-515.625 -531.250 -414.062 -500.000 -320.312 718.750 -929.688 -242.188 234.375 -945.312 234.375 132.812 -843.750 406.250 343.750
-515.625 -531.250 -414.062 -500.000 -320.312 718.750 -929.688 -242.188 234.375 -945.312 234.375 132.812 -843.750 406.250 343.750
-531.250 -554.688 -437.500 -460.938 -367.188 726.562 -906.250 -250.000 226.562 -945.312 226.562 148.438 -820.312 382.812 351.562
-570.312 -601.562 -507.812 -453.125 -398.438 742.188 -875.000 -265.625 289.062 -929.688 218.750 195.312 -812.500 328.125 382.812
-570.312 -601.562 -507.812 -453.125 -398.438 742.188 -875.000 -265.625 289.062 -929.688 218.750 195.312 -812.500 328.125 382.812
-593.750 -656.250 -507.812 -406.250 -398.438 781.250 -859.375 -296.875 335.938 -914.062 210.938 257.812 -812.500 328.125 367.188
-593.750 -656.250 -507.812 -406.250 -398.438 781.250 -859.375 -296.875 335.938 -914.062 210.938 257.812 -812.500 328.125 367.188
-570.312 -671.875 -500.000 -312.500 -398.438 843.750 -820.312 -320.312 406.250 -867.188 234.375 265.625 -781.250 406.250 351.562
-570.312 -671.875 -500.000 -312.500 -398.438 843.750 -820.312 -320.312 406.250 -867.188 234.375 265.625 -781.250 406.250 351.562
-578.125 -726.562 -507.812 -304.688 -406.250 843.750 -820.312 -304.688 421.875 -875.000 250.000 273.438 -765.625 406.250 367.188
-578.125 -726.562 -507.812 -304.688 -406.250 843.750 -820.312 -304.688 421.875 -875.000 250.000 273.438 -765.625 406.250 367.188
-578.125 -726.562 -507.812 -304.688 -406.250 843.750 -820.312 -304.688 421.875 -875.000 250.000 273.438 -765.625 406.250 367.188
-546.875 -687.500 -492.188 -304.688 -335.938 843.750 -851.562 -210.938 406.250 -914.062 328.125 234.375 -828.125 406.250 406.250
-546.875 -687.500 -492.188 -304.688 -335.938 843.750 -851.562 -210.938 406.250 -914.062 328.125 234.375 -828.125 406.250 406.250
-523.438 -664.062 -484.375 -335.938 -296.875 812.500 -859.375 -203.125 382.812 -914.062 343.750 226.562 -804.688 414.062 421.875
-523.438 -664.062 -484.375 -335.938 -296.875 812.500 -859.375 -203.125 382.812 -914.062 343.750 226.562 -804.688 414.062 421.875
-507.812 -625.000 -468.750 -414.062 -281.250 781.250 -906.250 -156.250 351.562 -937.500 367.188 203.125 -835.938 445.312 460.938
-507.812 -625.000 -468.750 -414.062 -281.250 781.250 -906.250 -156.250 351.562 -937.500 367.188 203.125 -835.938 445.312 460.938
-507.812 -593.750 -453.125 -406.250 -304.688 781.250 -921.875 -195.312 320.312 -921.875 359.375 195.312 -781.250 492.188 429.688
-507.812 -593.750 -453.125 -406.250 -304.688 781.250 -921.875 -195.312 320.312 -921.875 359.375 195.312 -781.250 492.188 429.688
-507.812 -593.750 -453.125 -406.250 -304.688 781.250 -921.875 -195.312 320.312 -921.875 359.375 195.312 -781.250 492.188 429.688
-523.438 -656.250 -476.562 -398.438 -320.312 796.875 -890.625 -234.375 351.562 -921.875 312.500 210.938 -796.875 460.938 429.688
-523.438 -656.250 -476.562 -398.438 -320.312 796.875 -890.625 -234.375 351.562 -921.875 312.500 210.938 -796.875 460.938 429.688
-523.438 -734.375 -476.562 -320.312 -375.000 851.562 -843.750 -281.250 429.688 -906.250 257.812 281.250 -804.688 390.625 390.625
-523.438 -734.375 -476.562 -320.312 -375.000 851.562 -843.750 -281.250 429.688 -906.250 257.812 281.250 -804.688 390.625 390.625
-539.062 -773.438 -500.000 -296.875 -398.438 867.188 -828.125 -296.875 460.938 -890.625 250.000 312.500 -812.500 367.188 398.438
-539.062 -773.438 -500.000 -296.875 -398.438 867.188 -828.125 -296.875 460.938 -890.625 250.000 312.500 -812.500 367.188 398.438
-539.062 -773.438 -500.000 -296.875 -398.438 867.188 -828.125 -296.875 460.938 -890.625 250.000 312.500 -812.500 367.188 398.438
-539.062 -773.438 -500.000 -296.875 -398.438 867.188 -828.125 -296.875 460.938 -890.625 250.000 312.500 -812.500 367.188 398.438
-539.062 -773.438 -500.000 -296.875 -398.438 867.188 -828.125 -296.875 460.938 -890.625 250.000 312.500 -812.500 367.188 398.438
-554.688 -765.625 -562.500 -210.938 -390.625 921.875 -796.875 -304.688 546.875 -898.438 289.062 375.000 -820.312 421.875 468.750
-554.688 -765.625 -562.500 -210.938 -390.625 921.875 -796.875 -304.688 546.875 -898.438 289.062 375.000 -820.312 421.875 468.750
-546.875 -734.375 -570.312 -257.812 -382.812 898.438 -828.125 -250.000 507.812 -906.250 312.500 320.312 -812.500 453.125 476.562
-546.875 -734.375 -570.312 -257.812 -382.812 898.438 -828.125 -250.000 507.812 -906.250 312.500 320.312 -812.500 453.125 476.562
-492.188 -695.312 -523.438 -289.062 -343.750 851.562 -851.562 -234.375 445.312 -937.500 335.938 273.438 -828.125 476.562 460.938
-492.188 -695.312 -523.438 -289.062 -343.750 851.562 -851.562 -234.375 445.312 -937.500 335.938 273.438 -828.125 476.562 460.938
-476.562 -671.875 -523.438 -343.750 -328.125 835.938 -875.000 -218.750 421.875 -929.688 312.500 234.375 -804.688 460.938 429.688
-476.562 -671.875 -523.438 -343.750 -328.125 835.938 -875.000 -218.750 421.875 -929.688 312.500 234.375 -804.688 460.938 429.688
-492.188 -671.875 -484.375 -351.562 -343.750 820.312 -882.812 -234.375 390.625 -945.312 289.062 210.938 -859.375 390.625 382.812
-492.188 -671.875 -484.375 -351.562 -343.750 820.312 -882.812 -234.375 390.625 -945.312 289.062 210.938 -859.375 390.625 382.812
-492.188 -671.875 -484.375 -351.562 -343.750 820.312 -882.812 -234.375 390.625 -945.312 289.062 210.938 -859.375 390.625 382.812
-492.188 -671.875 -484.375 -351.562 -343.750 820.312 -882.812 -234.375 390.625 -945.312 289.062 210.938 -859.375 390.625 382.812
-492.188 -671.875 -484.375 -351.562 -343.750 820.312 -882.812 -234.375 390.625 -945.312 289.062 210.938 -859.375 390.625 382.812
-492.188 -671.875 -484.375 -351.562 -343.750 820.312 -882.812 -234.375 390.625 -945.312 289.062 210.938 -859.375 390.625 382.812
-492.188 -671.875 -484.375 -351.562 -343.750 820.312 -882.812 -234.375 390.625 -945.312 289.062 210.938 -859.375 390.625 382.812
-515.625 -734.375 -484.375 -281.250 -351.562 859.375 -828.125 -257.812 453.125 -906.250 296.875 273.438 -828.125 398.438 406.250
-515.625 -734.375 -484.375 -281.250 -351.562 859.375 -828.125 -257.812 453.125 -906.250 296.875 273.438 -828.125 398.438 406.250
-515.625 -734.375 -484.375 -281.250 -351.562 859.375 -828.125 -257.812 453.125 -906.250 296.875 273.438 -828.125 398.438 406.250
-539.062 -742.188 -515.625 -281.250 -382.812 851.562 -804.688 -265.625 476.562 -890.625 289.062 304.688 -820.312 390.625 390.625
-539.062 -742.188 -515.625 -281.250 -382.812 851.562 -804.688 -265.625 476.562 -890.625 289.062 304.688 -820.312 390.625 390.625
-531.250 -687.500 -531.250 -273.438 -320.312 843.750 -812.500 -265.625 468.750 -914.062 234.375 289.062 -812.500 367.188 406.250
-531.250 -687.500 -531.250 -273.438 -320.312 843.750 -812.500 -265.625 468.750 -914.062 234.375 289.062 -812.500 367.188 406.250
-531.250 -687.500 -531.250 -273.438 -320.312 843.750 -812.500 -265.625 468.750 -914.062 234.375 289.062 -812.500 367.188 406.250
-523.438 -679.688 -531.250 -304.688 -367.188 835.938 -828.125 -273.438 429.688 -906.250 226.562 257.812 -804.688 343.750 398.438
-523.438 -703.125 -507.812 -328.125 -390.625 812.500 -835.938 -289.062 421.875 -898.438 242.188 257.812 -781.250 304.688 398.438
-523.438 -703.125 -507.812 -328.125 -390.625 812.500 -835.938 -289.062 421.875 -898.438 242.188 257.812 -781.250 304.688 398.438
-523.438 -703.125 -507.812 -328.125 -390.625 812.500 -835.938 -289.062 421.875 -898.438 242.188 257.812 -781.250 304.688 398.438
-515.625 -671.875 -500.000 -359.375 -398.438 812.500 -859.375 -312.500 382.812 -906.250 250.000 289.062 -820.312 195.312 382.812
-515.625 -671.875 -500.000 -359.375 -398.438 812.500 -859.375 -312.500 382.812 -906.250 250.000 289.062 -820.312 195.312 382.812
-515.625 -640.625 -515.625 -351.562 -414.062 835.938 -851.562 -335.938 398.438 -906.250 210.938 281.250 -820.312 257.812 343.750
-515.625 -640.625 -515.625 -351.562 -414.062 835.938 -851.562 -335.938 398.438 -906.250 210.938 281.250 -820.312 257.812 343.750
-546.875 -679.688 -554.688 -335.938 -406.250 843.750 -835.938 -359.375 421.875 -914.062 210.938 296.875 -843.750 304.688 414.062
-546.875 -679.688 -554.688 -335.938 -406.250 843.750 -835.938 -359.375 421.875 -914.062 210.938 296.875 -843.750 304.688 414.062
-562.500 -703.125 -531.250 -304.688 -421.875 851.562 -835.938 -343.750 437.500 -914.062 273.438 328.125 -835.938 273.438 523.438
-562.500 -703.125 -531.250 -304.688 -421.875 851.562 -835.938 -343.750 437.500 -914.062 273.438 328.125 -835.938 273.438 523.438
-562.500 -703.125 -531.250 -304.688 -421.875 851.562 -835.938 -343.750 437.500 -914.062 273.438 328.125 -835.938 273.438 523.438
-554.688 -718.750 -523.438 -296.875 -406.250 867.188 -828.125 -328.125 445.312 -921.875 304.688 343.750 -859.375 265.625 523.438
-554.688 -718.750 -523.438 -296.875 -406.250 867.188 -828.125 -328.125 445.312 -921.875 304.688 343.750 -859.375 265.625 523.438
-562.500 -695.312 -562.500 -304.688 -382.812 828.125 -828.125 -257.812 460.938 -921.875 320.312 320.312 -882.812 312.500 484.375
-562.500 -695.312 -562.500 -304.688 -382.812 828.125 -828.125 -257.812 460.938 -921.875 320.312 320.312 -882.812 312.500 484.375
-562.500 -695.312 -562.500 -304.688 -382.812 828.125 -828.125 -257.812 460.938 -921.875 320.312 320.312 -882.812 312.500 484.375
-562.500 -695.312 -562.500 -304.688 -382.812 828.125 -828.125 -257.812 460.938 -921.875 320.312 320.312 -882.812 312.500 484.375
-562.500 -695.312 -562.500 -304.688 -382.812 828.125 -828.125 -257.812 460.938 -921.875 320.312 320.312 -882.812 312.500 484.375
-531.250 -671.875 -523.438 -343.750 -359.375 804.688 -843.750 -250.000 406.250 -929.688 328.125 281.250 -890.625 320.312 476.562
-531.250 -671.875 -523.438 -343.750 -359.375 804.688 -843.750 -250.000 406.250 -929.688 328.125 281.250 -890.625 320.312 476.562
-500.000 -656.250 -445.312 -414.062 -343.750 804.688 -867.188 -226.562 375.000 -914.062 328.125 257.812 -867.188 296.875 484.375
-500.000 -656.250 -445.312 -414.062 -343.750 804.688 -867.188 -226.562 375.000 -914.062 328.125 257.812 -867.188 296.875 484.375
-515.625 -664.062 -429.688 -367.188 -375.000 843.750 -851.562 -273.438 398.438 -914.062 304.688 265.625 -875.000 273.438 484.375
-515.625 -664.062 -429.688 -367.188 -375.000 843.750 -851.562 -273.438 398.438 -914.062 304.688 265.625 -875.000 273.438 484.375
-570.312 -695.312 -523.438 -289.062 -406.250 890.625 -828.125 -289.062 460.938 -890.625 265.625 273.438 -867.188 304.688 445.312
-570.312 -695.312 -523.438 -289.062 -406.250 890.625 -828.125 -289.062 460.938 -890.625 265.625 273.438 -867.188 304.688 445.312
-570.312 -718.750 -515.625 -265.625 -695.312 906.250 -820.312 -242.188 484.375 -875.000 281.250 281.250 -890.625 367.188 437.500
-570.312 -718.750 -515.625 -265.625 -695.312 906.250 -820.312 -242.188 484.375 -875.000 281.250 281.250 -890.625 367.188 437.500
-570.312 -718.750 -515.625 -265.625 -695.312 906.250 -820.312 -242.188 484.375 -875.000 281.250 281.250 -890.625 367.188 437.500
-601.562 -828.125 -484.375 -273.438 -546.875 1007.812 -789.062 -367.188 562.500 -914.062 210.938 296.875 -1000.000 656.250 289.062
-601.562 -828.125 -484.375 -273.438 -546.875 1007.812 -789.062 -367.188 562.500 -914.062 210.938 296.875 -1000.000 656.250 289.062
-640.625 -593.750 -640.625 7.812 -70.312 1148.438 -750.000 -593.750 742.188 -929.688 23.438 140.625 -1015.625 812.500 -54.688
-640.625 -593.750 -640.625 7.812 -70.312 1148.438 -750.000 -593.750 742.188 -929.688 23.438 140.625 -1015.625 812.500 -54.688
-617.188 -523.438 -468.750 -710.938 273.438 375.000 -890.625 -171.875 531.250 -1039.062 -109.375 93.750 -765.625 640.625 -242.188
-617.188 -523.438 -468.750 -710.938 273.438 375.000 -890.625 -171.875 531.250 -1039.062 -109.375 93.750 -765.625 640.625 -242.188
-468.750 -703.125 -289.062 -562.500 -523.438 929.688 -1109.375 -554.688 -7.812 -1070.312 -367.188 -640.625 -687.500 156.250 -437.500
-468.750 -703.125 -289.062 -562.500 -523.438 929.688 -1109.375 -554.688 -7.812 -1070.312 -367.188 -640.625 -687.500 156.250 -437.500
-468.750 -703.125 -289.062 -562.500 -523.438 929.688 -1109.375 -554.688 -7.812 -1070.312 -367.188 -640.625 -687.500 156.250 -437.500
-484.375 -695.312 -367.188 -460.938 -156.250 757.812 -1125.000 -664.062 -148.438 -515.625 351.562 -523.438 -593.750 -1203.125 -960.938
-484.375 -695.312 -367.188 -460.938 -156.250 757.812 -1125.000 -664.062 -148.438 -515.625 351.562 -523.438 -593.750 -1203.125 -960.938
-492.188 -734.375 -367.188 -664.062 187.500 320.312 -1171.875 -539.062 -218.750 -375.000 867.188 109.375 -523.438 -1210.938 -914.062
-492.188 -734.375 -367.188 -664.062 187.500 320.312 -1171.875 -539.062 -218.750 -375.000 867.188 109.375 -523.438 -1210.938 -914.062
-531.250 -757.812 -156.250 -375.000 -593.750 296.875 -734.375 304.688 -203.125 15.625 1015.625 859.375 929.688 -671.875 -218.750
-531.250 -757.812 -156.250 -375.000 -593.750 296.875 -734.375 304.688 -203.125 15.625 1015.625 859.375 929.688 -671.875 -218.750
-656.250 -968.750 -320.312 -781.250 -375.000 15.625 -710.938 585.938 31.250 -70.312 1093.750 859.375 2382.812 1734.375 1265.625
-656.250 -968.750 -320.312 -781.250 -375.000 15.625 -710.938 585.938 31.250 -70.312 1093.750 859.375 2382.812 1734.375 1265.625
-656.250 -968.750 -320.312 -781.250 -375.000 15.625 -710.938 585.938 31.250 -70.312 1093.750 859.375 2382.812 1734.375 1265.625
-734.375 -929.688 -554.688 -1054.688 -140.625 -156.250 -718.750 695.312 304.688 -414.062 1484.375 765.625 1585.938 1890.625 2851.562
-734.375 -929.688 -554.688 -1054.688 -140.625 -156.250 -718.750 695.312 304.688 -414.062 1484.375 765.625 1585.938 1890.625 2851.562
-648.438 -507.812 -578.125 -929.688 757.812 265.625 -710.938 312.500 609.375 -523.438 1117.188 609.375 804.688 601.562 1929.688
-648.438 -507.812 -578.125 -929.688 757.812 265.625 -710.938 312.500 609.375 -523.438 1117.188 609.375 804.688 601.562 1929.688
-648.438 -507.812 -578.125 -929.688 757.812 265.625 -710.938 312.500 609.375 -523.438 1117.188 609.375 804.688 601.562 1929.688
-648.438 -507.812 -578.125 -929.688 757.812 265.625 -710.938 312.500 609.375 -523.438 1117.188 609.375 804.688 601.562 1929.688
-656.250 15.625 -437.500 -890.625 179.688 343.750 -882.812 281.250 484.375 -312.500 851.562 437.500 -93.750 398.438 734.375
-656.250 15.625 -437.500 -890.625 179.688 343.750 -882.812 281.250 484.375 -312.500 851.562 437.500 -93.750 398.438 734.375
-656.250 15.625 -437.500 -890.625 179.688 343.750 -882.812 281.250 484.375 -312.500 851.562 437.500 -93.750 398.438 734.375
-640.625 -164.062 -398.438 -898.438 31.250 375.000 -945.312 109.375 351.562 -468.750 742.188 406.250 101.562 390.625 812.500
-640.625 -164.062 -398.438 -898.438 31.250 375.000 -945.312 109.375 351.562 -468.750 742.188 406.250 101.562 390.625 812.500
-625.000 -781.250 -234.375 -960.938 -195.312 414.062 -1000.000 -156.250 312.500 -492.188 476.562 539.062 156.250 195.312 890.625
-625.000 -781.250 -234.375 -960.938 -195.312 414.062 -1000.000 -156.250 312.500 -492.188 476.562 539.062 156.250 195.312 890.625
-648.438 -992.188 -187.500 -976.562 -460.938 476.562 -992.188 -273.438 343.750 -460.938 445.312 687.500 218.750 23.438 812.500
-648.438 -992.188 -187.500 -976.562 -460.938 476.562 -992.188 -273.438 343.750 -460.938 445.312 687.500 218.750 23.438 812.500
-656.250 -1046.875 -164.062 -960.938 -460.938 531.250 -960.938 -304.688 476.562 -390.625 437.500 757.812 210.938 125.000 851.562
-656.250 -1046.875 -164.062 -960.938 -460.938 531.250 -960.938 -304.688 476.562 -390.625 437.500 757.812 210.938 125.000 851.562
-656.250 -1046.875 -164.062 -960.938 -460.938 531.250 -960.938 -304.688 476.562 -390.625 437.500 757.812 210.938 125.000 851.562
-742.188 -929.688 -289.062 -914.062 -320.312 539.062 -953.125 -164.062 460.938 -398.438 570.312 703.125 226.562 195.312 898.438
-742.188 -929.688 -289.062 -914.062 -320.312 539.062 -953.125 -164.062 460.938 -398.438 570.312 703.125 226.562 195.312 898.438
-742.188 -929.688 -289.062 -914.062 -320.312 539.062 -953.125 -164.062 460.938 -398.438 570.312 703.125 226.562 195.312 898.438
-742.188 -929.688 -289.062 -914.062 -320.312 539.062 -953.125 -164.062 460.938 -398.438 570.312 703.125 226.562 195.312 898.438
-664.062 -585.938 -210.938 -789.062 15.625 546.875 -835.938 148.438 562.500 -203.125 851.562 703.125 492.188 390.625 1000.000
-664.062 -585.938 -210.938 -789.062 15.625 546.875 -835.938 148.438 562.500 -203.125 851.562 703.125 492.188 390.625 1000.000
-664.062 -585.938 -210.938 -789.062 15.625 546.875 -835.938 148.438 562.500 -203.125 851.562 703.125 492.188 390.625 1000.000
-664.062 -585.938 -210.938 -789.062 15.625 546.875 -835.938 148.438 562.500 -203.125 851.562 703.125 492.188 390.625 1000.000
-664.062 -585.938 -210.938 -789.062 15.625 546.875 -835.938 148.438 562.500 -203.125 851.562 703.125 492.188 390.625 1000.000
-695.312 -671.875 -242.188 -781.250 62.500 453.125 -835.938 195.312 515.625 -203.125 875.000 687.500 500.000 398.438 1015.625
-695.312 -671.875 -242.188 -781.250 62.500 453.125 -835.938 195.312 515.625 -203.125 875.000 687.500 500.000 398.438 1015.625
-648.438 -500.000 -171.875 -843.750 -7.812 460.938 -890.625 117.188 421.875 -289.062 781.250 609.375 421.875 382.812 929.688
-648.438 -500.000 -171.875 -843.750 -7.812 460.938 -890.625 117.188 421.875 -289.062 781.250 609.375 421.875 382.812 929.688
-640.625 -617.188 -140.625 -851.562 -31.250 421.875 -906.250 93.750 398.438 -312.500 742.188 578.125 343.750 351.562 890.625
-640.625 -617.188 -140.625 -851.562 -31.250 421.875 -906.250 93.750 398.438 -312.500 742.188 578.125 343.750 351.562 890.625
-585.938 -757.812 -46.875 -875.000 -70.312 421.875 -898.438 54.688 375.000 -351.562 703.125 578.125 328.125 343.750 898.438
-585.938 -757.812 -46.875 -875.000 -70.312 421.875 -898.438 54.688 375.000 -351.562 703.125 578.125 328.125 343.750 898.438
-585.938 -757.812 -46.875 -875.000 -70.312 421.875 -898.438 54.688 375.000 -351.562 703.125 578.125 328.125 343.750 898.438
-546.875 -765.625 -15.625 -875.000 -85.938 429.688 -890.625 39.062 367.188 -359.375 679.688 570.312 320.312 351.562 890.625
-546.875 -765.625 -15.625 -875.000 -85.938 429.688 -890.625 39.062 367.188 -359.375 679.688 570.312 320.312 351.562 890.625
-546.875 -757.812 0.000 -867.188 -93.750 445.312 -898.438 15.625 359.375 -367.188 664.062 546.875 304.688 359.375 867.188
-546.875 -757.812 0.000 -867.188 -93.750 445.312 -898.438 15.625 359.375 -367.188 664.062 546.875 304.688 359.375 867.188
-453.125 -781.250 78.125 -812.500 -62.500 507.812 -859.375 39.062 398.438 -343.750 664.062 515.625 281.250 382.812 875.000
-453.125 -781.250 78.125 -812.500 -62.500 507.812 -859.375 39.062 398.438 -343.750 664.062 515.625 281.250 382.812 875.000
-312.500 -765.625 195.312 -789.062 -210.938 554.688 -789.062 54.688 304.688 -289.062 656.250 523.438 492.188 476.562 898.438
-312.500 -765.625 195.312 -789.062 -210.938 554.688 -789.062 54.688 304.688 -289.062 656.250 523.438 492.188 476.562 898.438
-312.500 -765.625 195.312 -789.062 -210.938 554.688 -789.062 54.688 304.688 -289.062 656.250 523.438 492.188 476.562 898.438
-312.500 -765.625 195.312 -789.062 -210.938 554.688 -789.062 54.688 304.688 -289.062 656.250 523.438 492.188 476.562 898.438
-390.625 -585.938 70.312 -718.750 -203.125 773.438 -757.812 31.250 476.562 -257.812 679.688 554.688 437.500 507.812 906.250
-476.562 -609.375 -140.625 -132.812 -781.250 1750.000 -828.125 -31.250 421.875 -78.125 773.438 546.875 500.000 421.875 929.688
-476.562 -609.375 -140.625 -132.812 -781.250 1750.000 -828.125 -31.250 421.875 -78.125 773.438 546.875 500.000 421.875 929.688
-500.000 -609.375 -210.938 -117.188 -453.125 2054.688 -1398.438 -390.625 265.625 -210.938 742.188 554.688 523.438 328.125 960.938
-500.000 -609.375 -210.938 -117.188 -453.125 2054.688 -1398.438 -390.625 265.625 -210.938 742.188 554.688 523.438 328.125 960.938
-546.875 -1171.875 -632.812 -382.812 632.812 367.188 -453.125 507.812 171.875 -39.062 523.438 796.875 382.812 304.688 1031.250
-546.875 -1171.875 -632.812 -382.812 632.812 367.188 -453.125 507.812 171.875 -39.062 523.438 796.875 382.812 304.688 1031.250
-546.875 -1171.875 -632.812 -382.812 632.812 367.188 -453.125 507.812 171.875 -39.062 523.438 796.875 382.812 304.688 1031.250
-273.438 -1234.375 -460.938 664.062 -4000.000 -4000.000 -4000.000 -4000.000 3992.188 0.000 539.062 492.188 398.438 -273.438 976.562
-273.438 -1234.375 -460.938 664.062 -4000.000 -4000.000 -4000.000 -4000.000 3992.188 0.000 539.062 492.188 398.438 -273.438 976.562
-289.062 -429.688 -437.500 -1453.125 1492.188 -531.250 1367.188 281.250 -39.062 -601.562 554.688 585.938 -289.062 -39.062 1031.250
-289.062 -429.688 -437.500 -1453.125 1492.188 -531.250 1367.188 281.250 -39.062 -601.562 554.688 585.938 -289.062 -39.062 1031.250
-351.562 -578.125 -367.188 -937.500 -117.188 0.000 -289.062 367.188 1148.438 140.625 304.688 1171.875 -578.125 367.188 375.000
-351.562 -578.125 -367.188 -937.500 -117.188 0.000 -289.062 367.188 1148.438 140.625 304.688 1171.875 -578.125 367.188 375.000
-351.562 -578.125 -367.188 -937.500 -117.188 0.000 -289.062 367.188 1148.438 140.625 304.688 1171.875 -578.125 367.188 375.000
-351.562 -578.125 -367.188 -937.500 -117.188 0.000 -289.062 367.188 1148.438 140.625 304.688 1171.875 -578.125 367.188 375.000
-351.562 -578.125 -367.188 -937.500 -117.188 0.000 -289.062 367.188 1148.438 140.625 304.688 1171.875 -578.125 367.188 375.000
-335.938 -593.750 -898.438 -492.188 101.562 773.438 15.625 460.938 1164.062 132.812 757.812 1109.375 406.250 257.812 1328.125
-335.938 -593.750 -898.438 -492.188 101.562 773.438 15.625 460.938 1164.062 132.812 757.812 1109.375 406.250 257.812 1328.125
-328.125 -632.812 -906.250 -578.125 39.062 812.500 -85.938 500.000 1117.188 125.000 796.875 1101.562 531.250 125.000 1375.000
-328.125 -632.812 -906.250 -578.125 39.062 812.500 -85.938 500.000 1117.188 125.000 796.875 1101.562 531.250 125.000 1375.000
-335.938 -890.625 -781.250 -695.312 -156.250 671.875 -156.250 437.500 1031.250 210.938 625.000 1054.688 453.125 7.812 1156.250
-335.938 -890.625 -781.250 -695.312 -156.250 671.875 -156.250 437.500 1031.250 210.938 625.000 1054.688 453.125 7.812 1156.250
-250.000 -875.000 -750.000 -679.688 -296.875 765.625 -164.062 179.688 1023.438 171.875 453.125 960.938 398.438 -70.312 976.562
-250.000 -875.000 -750.000 -679.688 -296.875 765.625 -164.062 179.688 1023.438 171.875 453.125 960.938 398.438 -70.312 976.562
-250.000 -875.000 -750.000 -679.688 -296.875 765.625 -164.062 179.688 1023.438 171.875 453.125 960.938 398.438 -70.312 976.562
-257.812 -882.812 -835.938 -695.312 -414.062 828.125 -117.188 171.875 1070.312 101.562 382.812 960.938 335.938 -109.375 929.688
-257.812 -882.812 -835.938 -695.312 -414.062 828.125 -117.188 171.875 1070.312 101.562 382.812 960.938 335.938 -109.375 929.688
-242.188 -882.812 -898.438 -734.375 -421.875 789.062 -125.000 156.250 1085.938 156.250 406.250 984.375 375.000 -93.750 968.750
-242.188 -882.812 -898.438 -734.375 -421.875 789.062 -125.000 156.250 1085.938 156.250 406.250 984.375 375.000 -93.750 968.750
-140.625 -929.688 -695.312 -781.250 -328.125 640.625 -210.938 164.062 1031.250 125.000 429.688 1023.438 437.500 -164.062 1023.438
-140.625 -929.688 -695.312 -781.250 -328.125 640.625 -210.938 164.062 1031.250 125.000 429.688 1023.438 437.500 -164.062 1023.438
-140.625 -929.688 -695.312 -781.250 -328.125 640.625 -210.938 164.062 1031.250 125.000 429.688 1023.438 437.500 -164.062 1023.438
-164.062 -929.688 -664.062 -765.625 -312.500 632.812 -187.500 187.500 1039.062 179.688 453.125 1015.625 484.375 -148.438 1023.438
-164.062 -929.688 -664.062 -765.625 -312.500 632.812 -187.500 187.500 1039.062 179.688 453.125 1015.625 484.375 -148.438 1023.438
-195.312 -929.688 -687.500 -781.250 -296.875 648.438 -195.312 171.875 1039.062 187.500 437.500 1015.625 500.000 -156.250 1023.438
-195.312 -929.688 -687.500 -781.250 -296.875 648.438 -195.312 171.875 1039.062 187.500 437.500 1015.625 500.000 -156.250 1023.438
-210.938 -898.438 -710.938 -750.000 -265.625 679.688 -148.438 187.500 1046.875 195.312 414.062 1007.812 468.750 -148.438 992.188
-210.938 -898.438 -710.938 -750.000 -265.625 679.688 -148.438 187.500 1046.875 195.312 414.062 1007.812 468.750 -148.438 992.188
-187.500 -812.500 -625.000 -726.562 -210.938 656.250 -164.062 210.938 1007.812 132.812 429.688 937.500 406.250 -85.938 984.375
-187.500 -812.500 -625.000 -726.562 -210.938 656.250 -164.062 210.938 1007.812 132.812 429.688 937.500 406.250 -85.938 984.375
-195.312 -820.312 -664.062 -734.375 -226.562 648.438 -179.688 187.500 992.188 132.812 421.875 929.688 406.250 -85.938 976.562
-195.312 -820.312 -664.062 -734.375 -226.562 648.438 -179.688 187.500 992.188 132.812 421.875 929.688 406.250 -85.938 976.562
-195.312 -820.312 -664.062 -734.375 -226.562 648.438 -179.688 187.500 992.188 132.812 421.875 929.688 406.250 -85.938 976.562
-195.312 -828.125 -648.438 -726.562 -226.562 656.250 -156.250 187.500 992.188 148.438 421.875 953.125 414.062 -101.562 992.188
-195.312 -828.125 -648.438 -726.562 -226.562 656.250 -156.250 187.500 992.188 148.438 421.875 953.125 414.062 -101.562 992.188
-156.250 -828.125 -640.625 -734.375 -218.750 671.875 -164.062 210.938 1023.438 117.188 429.688 960.938 367.188 -101.562 992.188
-156.250 -828.125 -640.625 -734.375 -218.750 671.875 -164.062 210.938 1023.438 117.188 429.688 960.938 367.188 -101.562 992.188
-164.062 -875.000 -601.562 -703.125 -234.375 703.125 -164.062 203.125 1015.625 109.375 437.500 953.125 375.000 -101.562 1000.000
-164.062 -875.000 -601.562 -703.125 -234.375 703.125 -164.062 203.125 1015.625 109.375 437.500 953.125 375.000 -101.562 1000.000
-242.188 -882.812 -593.750 -742.188 -242.188 617.188 -195.312 210.938 937.500 93.750 453.125 882.812 343.750 -31.250 945.312
-242.188 -882.812 -593.750 -742.188 -242.188 617.188 -195.312 210.938 937.500 93.750 453.125 882.812 343.750 -31.250 945.312
-242.188 -882.812 -593.750 -742.188 -242.188 617.188 -195.312 210.938 937.500 93.750 453.125 882.812 343.750 -31.250 945.312
-242.188 -882.812 -593.750 -742.188 -242.188 617.188 -195.312 210.938 937.500 93.750 453.125 882.812 343.750 -31.250 945.312
-242.188 -882.812 -593.750 -742.188 -242.188 617.188 -195.312 210.938 937.500 93.750 453.125 882.812 343.750 -31.250 945.312
-195.312 -882.812 -500.000 -734.375 -203.125 601.562 -210.938 242.188 929.688 78.125 460.938 867.188 312.500 -31.250 937.500
-195.312 -882.812 -500.000 -734.375 -203.125 601.562 -210.938 242.188 929.688 78.125 460.938 867.188 312.500 -31.250 937.500
-281.250 -773.438 -484.375 -750.000 -54.688 515.625 -242.188 304.688 867.188 109.375 539.062 835.938 382.812 31.250 968.750
-281.250 -773.438 -484.375 -750.000 -54.688 515.625 -242.188 304.688 867.188 109.375 539.062 835.938 382.812 31.250 968.750
-312.500 -742.188 -500.000 -757.812 -46.875 507.812 -242.188 328.125 859.375 109.375 554.688 828.125 390.625 54.688 976.562
-312.500 -742.188 -500.000 -757.812 -46.875 507.812 -242.188 328.125 859.375 109.375 554.688 828.125 390.625 54.688 976.562
-312.500 -742.188 -500.000 -757.812 -46.875 507.812 -242.188 328.125 859.375 109.375 554.688 828.125 390.625 54.688 976.562
-335.938 -734.375 -492.188 -757.812 -23.438 515.625 -226.562 367.188 851.562 93.750 570.312 804.688 359.375 93.750 960.938
-335.938 -734.375 -492.188 -757.812 -23.438 515.625 -226.562 367.188 851.562 93.750 570.312 804.688 359.375 93.750 960.938
-328.125 -773.438 -414.062 -757.812 23.438 515.625 -234.375 390.625 851.562 70.312 593.750 773.438 320.312 109.375 960.938
-328.125 -773.438 -414.062 -757.812 23.438 515.625 -234.375 390.625 851.562 70.312 593.750 773.438 320.312 109.375 960.938
-351.562 -773.438 -375.000 -750.000 39.062 546.875 -265.625 390.625 835.938 46.875 617.188 757.812 281.250 140.625 953.125
-351.562 -773.438 -375.000 -750.000 39.062 546.875 -265.625 390.625 835.938 46.875 617.188 757.812 281.250 140.625 953.125
-445.312 -773.438 -484.375 -757.812 -15.625 593.750 -289.062 429.688 750.000 0.000 664.062 640.625 179.688 257.812 906.250
-445.312 -773.438 -484.375 -757.812 -15.625 593.750 -289.062 429.688 750.000 0.000 664.062 640.625 179.688 257.812 906.250
-445.312 -773.438 -484.375 -757.812 -15.625 593.750 -289.062 429.688 750.000 0.000 664.062 640.625 179.688 257.812 906.250
-421.875 -796.875 -406.250 -742.188 39.062 601.562 -226.562 414.062 773.438 78.125 640.625 656.250 179.688 250.000 882.812
-421.875 -796.875 -406.250 -742.188 39.062 601.562 -226.562 414.062 773.438 78.125 640.625 656.250 179.688 250.000 882.812
-406.250 -890.625 -234.375 -710.938 140.625 578.125 -187.500 507.812 843.750 46.875 664.062 726.562 242.188 226.562 953.125
-406.250 -890.625 -234.375 -710.938 140.625 578.125 -187.500 507.812 843.750 46.875 664.062 726.562 242.188 226.562 953.125
-375.000 -898.438 -203.125 -703.125 179.688 570.312 -187.500 507.812 851.562 39.062 671.875 726.562 250.000 226.562 968.750
-375.000 -898.438 -203.125 -703.125 179.688 570.312 -187.500 507.812 851.562 39.062 671.875 726.562 250.000 226.562 968.750
-437.500 -843.750 -281.250 -726.562 164.062 570.312 -210.938 523.438 835.938 46.875 703.125 726.562 226.562 226.562 960.938
-437.500 -843.750 -281.250 -726.562 164.062 570.312 -210.938 523.438 835.938 46.875 703.125 726.562 226.562 226.562 960.938
-437.500 -843.750 -281.250 -726.562 164.062 570.312 -210.938 523.438 835.938 46.875 703.125 726.562 226.562 226.562 960.938
-453.125 -789.062 -375.000 -734.375 117.188 554.688 -218.750 492.188 812.500 54.688 695.312 703.125 234.375 250.000 960.938
-453.125 -789.062 -375.000 -734.375 117.188 554.688 -218.750 492.188 812.500 54.688 695.312 703.125 234.375 250.000 960.938
-453.125 -726.562 -414.062 -742.188 132.812 531.250 -234.375 460.938 835.938 62.500 656.250 734.375 289.062 187.500 953.125
-453.125 -726.562 -414.062 -742.188 132.812 531.250 -234.375 460.938 835.938 62.500 656.250 734.375 289.062 187.500 953.125
-437.500 -750.000 -390.625 -757.812 156.250 515.625 -250.000 453.125 851.562 39.062 664.062 765.625 273.438 164.062 992.188
-437.500 -750.000 -390.625 -757.812 156.250 515.625 -250.000 453.125 851.562 39.062 664.062 765.625 273.438 164.062 992.188
-437.500 -757.812 -382.812 -742.188 140.625 539.062 -242.188 460.938 859.375 31.250 687.500 773.438 257.812 179.688 1015.625
-437.500 -757.812 -382.812 -742.188 140.625 539.062 -242.188 460.938 859.375 31.250 687.500 773.438 257.812 179.688 1015.625
-437.500 -757.812 -382.812 -742.188 140.625 539.062 -242.188 460.938 859.375 31.250 687.500 773.438 257.812 179.688 1015.625
-437.500 -757.812 -382.812 -750.000 117.188 539.062 -242.188 484.375 843.750 0.000 703.125 757.812 226.562 187.500 1007.812
-437.500 -757.812 -382.812 -750.000 117.188 539.062 -242.188 484.375 843.750 0.000 703.125 757.812 226.562 187.500 1007.812
-468.750 -757.812 -406.250 -773.438 93.750 515.625 -296.875 437.500 789.062 -39.062 664.062 695.312 156.250 195.312 945.312
-468.750 -757.812 -406.250 -773.438 93.750 515.625 -296.875 437.500 789.062 -39.062 664.062 695.312 156.250 195.312 945.312
-453.125 -742.188 -398.438 -789.062 62.500 492.188 -312.500 398.438 765.625 -39.062 625.000 671.875 125.000 195.312 898.438
-453.125 -742.188 -398.438 -789.062 62.500 492.188 -312.500 398.438 765.625 -39.062 625.000 671.875 125.000 195.312 898.438
-437.500 -773.438 -382.812 -796.875 7.812 445.312 -375.000 390.625 726.562 -85.938 632.812 679.688 125.000 171.875 937.500
-437.500 -773.438 -382.812 -796.875 7.812 445.312 -375.000 390.625 726.562 -85.938 632.812 679.688 125.000 171.875 937.500
-437.500 -773.438 -382.812 -796.875 7.812 445.312 -375.000 390.625 726.562 -85.938 632.812 679.688 125.000 171.875 937.500
-437.500 -773.438 -382.812 -796.875 7.812 445.312 -375.000 390.625 726.562 -85.938 632.812 679.688 125.000 171.875 937.500
-437.500 -773.438 -382.812 -796.875 7.812 445.312 -375.000 390.625 726.562 -85.938 632.812 679.688 125.000 171.875 937.500
-437.500 -765.625 -382.812 -796.875 31.250 453.125 -359.375 398.438 750.000 -85.938 609.375 687.500 117.188 164.062 914.062
-437.500 -765.625 -382.812 -796.875 31.250 453.125 -359.375 398.438 750.000 -85.938 609.375 687.500 117.188 164.062 914.062
-437.500 -742.188 -406.250 -789.062 54.688 460.938 -335.938 406.250 796.875 -46.875 625.000 726.562 179.688 148.438 960.938
-437.500 -742.188 -406.250 -789.062 54.688 460.938 -335.938 406.250 796.875 -46.875 625.000 726.562 179.688 148.438 960.938
-429.688 -734.375 -429.688 -773.438 62.500 492.188 -328.125 398.438 804.688 -23.438 640.625 742.188 187.500 156.250 984.375
-429.688 -734.375 -429.688 -773.438 62.500 492.188 -328.125 398.438 804.688 -23.438 640.625 742.188 187.500 156.250 984.375
-429.688 -734.375 -429.688 -773.438 62.500 492.188 -328.125 398.438 804.688 -23.438 640.625 742.188 187.500 156.250 984.375
-414.062 -757.812 -460.938 -773.438 0.000 546.875 -289.062 367.188 843.750 0.000 609.375 789.062 226.562 117.188 976.562
-414.062 -757.812 -460.938 -773.438 0.000 546.875 -289.062 367.188 843.750 0.000 609.375 789.062 226.562 117.188 976.562
-414.062 -757.812 -460.938 -773.438 0.000 546.875 -289.062 367.188 843.750 0.000 609.375 789.062 226.562 117.188 976.562
-414.062 -757.812 -460.938 -773.438 0.000 546.875 -289.062 367.188 843.750 0.000 609.375 789.062 226.562 117.188 976.562
-421.875 -789.062 -515.625 -750.000 7.812 617.188 -218.750 390.625 945.312 62.500 609.375 843.750 281.250 101.562 1023.438
-421.875 -789.062 -515.625 -750.000 7.812 617.188 -218.750 390.625 945.312 62.500 609.375 843.750 281.250 101.562 1023.438
-421.875 -789.062 -515.625 -750.000 7.812 617.188 -218.750 390.625 945.312 62.500 609.375 843.750 281.250 101.562 1023.438
-390.625 -789.062 -492.188 -757.812 0.000 609.375 -234.375 375.000 953.125 70.312 601.562 867.188 289.062 78.125 1023.438
-390.625 -789.062 -492.188 -757.812 0.000 609.375 -234.375 375.000 953.125 70.312 601.562 867.188 289.062 78.125 1023.438
-320.312 -851.562 -414.062 -781.250 -31.250 570.312 -273.438 343.750 921.875 39.062 585.938 875.000 320.312 46.875 1031.250
-320.312 -851.562 -414.062 -781.250 -31.250 570.312 -273.438 343.750 921.875 39.062 585.938 875.000 320.312 46.875 1031.250
-320.312 -851.562 -414.062 -781.250 -31.250 570.312 -273.438 343.750 921.875 39.062 585.938 875.000 320.312 46.875 1031.250
-343.750 -859.375 -445.312 -820.312 -70.312 539.062 -296.875 328.125 906.250 39.062 570.312 867.188 328.125 31.250 1023.438
-382.812 -875.000 -523.438 -828.125 -125.000 578.125 -281.250 281.250 921.875 31.250 539.062 875.000 304.688 31.250 1007.812
-382.812 -875.000 -523.438 -828.125 -125.000 578.125 -281.250 281.250 921.875 31.250 539.062 875.000 304.688 31.250 1007.812
-367.188 -875.000 -523.438 -828.125 -125.000 593.750 -265.625 281.250 945.312 31.250 523.438 875.000 281.250 15.625 984.375
-367.188 -875.000 -523.438 -828.125 -125.000 593.750 -265.625 281.250 945.312 31.250 523.438 875.000 281.250 15.625 984.375
-367.188 -875.000 -523.438 -828.125 -125.000 593.750 -265.625 281.250 945.312 31.250 523.438 875.000 281.250 15.625 984.375
-351.562 -867.188 -492.188 -796.875 -117.188 593.750 -328.125 273.438 898.438 0.000 539.062 851.562 281.250 15.625 1007.812
-351.562 -867.188 -492.188 -796.875 -117.188 593.750 -328.125 273.438 898.438 0.000 539.062 851.562 281.250 15.625 1007.812
-335.938 -867.188 -492.188 -781.250 -93.750 617.188 -320.312 257.812 898.438 15.625 546.875 835.938 304.688 23.438 1007.812
-335.938 -867.188 -492.188 -781.250 -93.750 617.188 -320.312 257.812 898.438 15.625 546.875 835.938 304.688 23.438 1007.812
-367.188 -835.938 -484.375 -750.000 -31.250 648.438 -187.500 382.812 984.375 78.125 578.125 906.250 351.562 46.875 1023.438
-367.188 -835.938 -484.375 -750.000 -31.250 648.438 -187.500 382.812 984.375 78.125 578.125 906.250 351.562 46.875 1023.438
-367.188 -835.938 -484.375 -750.000 -31.250 648.438 -187.500 382.812 984.375 78.125 578.125 906.250 351.562 46.875 1023.438
-367.188 -851.562 -476.562 -750.000 -31.250 640.625 -203.125 390.625 953.125 85.938 585.938 875.000 328.125 70.312 1039.062
-367.188 -851.562 -476.562 -750.000 -31.250 640.625 -203.125 390.625 953.125 85.938 585.938 875.000 328.125 70.312 1039.062
-367.188 -851.562 -476.562 -750.000 -31.250 640.625 -203.125 390.625 953.125 85.938 585.938 875.000 328.125 70.312 1039.062
-367.188 -851.562 -476.562 -750.000 -31.250 640.625 -203.125 390.625 953.125 85.938 585.938 875.000 328.125 70.312 1039.062
-320.312 -781.250 -382.812 -734.375 15.625 578.125 -226.562 375.000 906.250 70.312 593.750 843.750 328.125 85.938 1000.000
-320.312 -781.250 -382.812 -734.375 15.625 578.125 -226.562 375.000 906.250 70.312 593.750 843.750 328.125 85.938 1000.000
-320.312 -718.750 -390.625 -734.375 31.250 578.125 -226.562 398.438 898.438 54.688 625.000 835.938 304.688 85.938 1015.625
-320.312 -718.750 -390.625 -734.375 31.250 578.125 -226.562 398.438 898.438 54.688 625.000 835.938 304.688 85.938 1015.625
-398.438 -765.625 -492.188 -742.188 23.438 593.750 -226.562 375.000 890.625 62.500 585.938 812.500 289.062 93.750 984.375
-398.438 -765.625 -492.188 -742.188 23.438 593.750 -226.562 375.000 890.625 62.500 585.938 812.500 289.062 93.750 984.375
-398.438 -765.625 -492.188 -742.188 23.438 593.750 -226.562 375.000 890.625 62.500 585.938 812.500 289.062 93.750 984.375
-390.625 -773.438 -476.562 -742.188 23.438 578.125 -234.375 359.375 882.812 54.688 578.125 812.500 296.875 78.125 960.938
-390.625 -773.438 -476.562 -742.188 23.438 578.125 -234.375 359.375 882.812 54.688 578.125 812.500 296.875 78.125 960.938
-367.188 -789.062 -437.500 -765.625 7.812 539.062 -242.188 343.750 867.188 46.875 570.312 812.500 312.500 78.125 960.938
-367.188 -789.062 -437.500 -765.625 7.812 539.062 -242.188 343.750 867.188 46.875 570.312 812.500 312.500 78.125 960.938
-359.375 -812.500 -398.438 -781.250 -15.625 507.812 -289.062 320.312 843.750 0.000 554.688 781.250 242.188 70.312 960.938
-359.375 -812.500 -398.438 -781.250 -15.625 507.812 -289.062 320.312 843.750 0.000 554.688 781.250 242.188 70.312 960.938
-382.812 -820.312 -429.688 -789.062 -39.062 515.625 -289.062 320.312 835.938 -15.625 539.062 781.250 210.938 62.500 929.688
-382.812 -820.312 -429.688 -789.062 -39.062 515.625 -289.062 320.312 835.938 -15.625 539.062 781.250 210.938 62.500 929.688
-382.812 -820.312 -429.688 -789.062 -39.062 515.625 -289.062 320.312 835.938 -15.625 539.062 781.250 210.938 62.500 929.688
-390.625 -820.312 -445.312 -773.438 -62.500 523.438 -296.875 289.062 828.125 -23.438 515.625 765.625 195.312 54.688 914.062
-390.625 -820.312 -445.312 -773.438 -62.500 523.438 -296.875 289.062 828.125 -23.438 515.625 765.625 195.312 54.688 914.062
-390.625 -804.688 -460.938 -773.438 -70.312 523.438 -304.688 281.250 843.750 -7.812 515.625 781.250 234.375 54.688 929.688
-390.625 -804.688 -460.938 -773.438 -70.312 523.438 -304.688 281.250 843.750 -7.812 515.625 781.250 234.375 54.688 929.688
-390.625 -789.062 -460.938 -757.812 -54.688 531.250 -296.875 296.875 843.750 -7.812 539.062 781.250 242.188 54.688 937.500
-390.625 -789.062 -460.938 -757.812 -54.688 531.250 -296.875 296.875 843.750 -7.812 539.062 781.250 242.188 54.688 937.500
-398.438 -750.000 -476.562 -757.812 -31.250 531.250 -281.250 328.125 851.562 7.812 562.500 804.688 250.000 70.312 960.938
-398.438 -750.000 -476.562 -757.812 -31.250 531.250 -281.250 328.125 851.562 7.812 562.500 804.688 250.000 70.312 960.938
-398.438 -750.000 -476.562 -757.812 -31.250 531.250 -281.250 328.125 851.562 7.812 562.500 804.688 250.000 70.312 960.938
-398.438 -750.000 -484.375 -773.438 -31.250 515.625 -289.062 320.312 859.375 0.000 554.688 796.875 234.375 62.500 968.750
-398.438 -750.000 -484.375 -773.438 -31.250 515.625 -289.062 320.312 859.375 0.000 554.688 796.875 234.375 62.500 968.750
-351.562 -765.625 -453.125 -742.188 -46.875 546.875 -304.688 289.062 867.188 0.000 531.250 828.125 257.812 39.062 976.562
-351.562 -765.625 -453.125 -742.188 -46.875 546.875 -304.688 289.062 867.188 0.000 531.250 828.125 257.812 39.062 976.562
-351.562 -765.625 -453.125 -742.188 -46.875 546.875 -304.688 289.062 867.188 0.000 531.250 828.125 257.812 39.062 976.562
-351.562 -765.625 -453.125 -742.188 -46.875 546.875 -304.688 289.062 867.188 0.000 531.250 828.125 257.812 39.062 976.562
-296.875 -781.250 -375.000 -718.750 -31.250 562.500 -296.875 281.250 882.812 7.812 546.875 828.125 273.438 31.250 992.188
-296.875 -781.250 -375.000 -718.750 -31.250 562.500 -296.875 281.250 882.812 7.812 546.875 828.125 273.438 31.250 992.188
-296.875 -781.250 -375.000 -718.750 -31.250 562.500 -296.875 281.250 882.812 7.812 546.875 828.125 273.438 31.250 992.188
-390.625 -796.875 -539.062 -750.000 -31.250 640.625 -218.750 367.188 929.688 78.125 593.750 851.562 312.500 78.125 1007.812
-390.625 -796.875 -539.062 -750.000 -31.250 640.625 -218.750 367.188 929.688 78.125 593.750 851.562 312.500 78.125 1007.812
-390.625 -796.875 -523.438 -750.000 -39.062 656.250 -210.938 359.375 937.500 93.750 593.750 851.562 320.312 78.125 1007.812
-390.625 -796.875 -523.438 -750.000 -39.062 656.250 -210.938 359.375 937.500 93.750 593.750 851.562 320.312 78.125 1007.812
-375.000 -859.375 -460.938 -757.812 -31.250 648.438 -226.562 351.562 945.312 70.312 578.125 859.375 328.125 70.312 1015.625
-375.000 -859.375 -460.938 -757.812 -31.250 648.438 -226.562 351.562 945.312 70.312 578.125 859.375 328.125 70.312 1015.625
-359.375 -867.188 -437.500 -765.625 -31.250 632.812 -234.375 351.562 937.500 62.500 578.125 851.562 296.875 62.500 1007.812
-359.375 -867.188 -437.500 -765.625 -31.250 632.812 -234.375 351.562 937.500 62.500 578.125 851.562 296.875 62.500 1007.812
-359.375 -867.188 -437.500 -765.625 -31.250 632.812 -234.375 351.562 937.500 62.500 578.125 851.562 296.875 62.500 1007.812
-382.812 -867.188 -476.562 -781.250 -39.062 625.000 -265.625 328.125 937.500 15.625 570.312 851.562 281.250 70.312 992.188
-382.812 -867.188 -476.562 -781.250 -39.062 625.000 -265.625 328.125 937.500 15.625 570.312 851.562 281.250 70.312 992.188
-414.062 -859.375 -500.000 -789.062 -78.125 601.562 -281.250 312.500 921.875 23.438 562.500 843.750 343.750 85.938 1031.250
-414.062 -859.375 -500.000 -789.062 -78.125 601.562 -281.250 312.500 921.875 23.438 562.500 843.750 343.750 85.938 1031.250
