-835.938 -515.625 210.938 -695.312 320.312 585.938 -179.688 304.688 914.062 39.062 429.688 921.875 312.500 171.875 976.562
-843.750 -507.812 218.750 -687.500 328.125 593.750 -171.875 304.688 929.688 46.875 421.875 914.062 312.500 171.875 968.750
-843.750 -507.812 218.750 -687.500 328.125 593.750 -171.875 304.688 929.688 46.875 421.875 914.062 312.500 171.875 968.750
-828.125 -515.625 242.188 -679.688 312.500 625.000 -148.438 289.062 937.500 62.500 429.688 921.875 304.688 171.875 976.562
-828.125 -515.625 242.188 -679.688 312.500 625.000 -148.438 289.062 937.500 62.500 429.688 921.875 304.688 171.875 976.562
-828.125 -539.062 218.750 -648.438 312.500 640.625 -125.000 281.250 953.125 70.312 421.875 914.062 312.500 187.500 968.750
-828.125 -539.062 218.750 -648.438 312.500 640.625 -125.000 281.250 953.125 70.312 421.875 914.062 312.500 187.500 968.750
-843.750 -562.500 218.750 -648.438 312.500 640.625 -109.375 289.062 960.938 70.312 414.062 921.875 304.688 195.312 968.750
-843.750 -562.500 218.750 -648.438 312.500 640.625 -109.375 289.062 960.938 70.312 414.062 921.875 304.688 195.312 968.750
-843.750 -562.500 218.750 -648.438 312.500 640.625 -109.375 289.062 960.938 70.312 414.062 921.875 304.688 195.312 968.750
-812.500 -539.062 242.188 -656.250 265.625 656.250 -109.375 281.250 953.125 85.938 421.875 929.688 312.500 210.938 976.562
-812.500 -539.062 242.188 -656.250 265.625 656.250 -109.375 281.250 953.125 85.938 421.875 929.688 312.500 210.938 976.562
-804.688 -523.438 250.000 -656.250 265.625 648.438 -125.000 273.438 953.125 78.125 406.250 945.312 328.125 171.875 984.375
-804.688 -523.438 250.000 -656.250 265.625 648.438 -125.000 273.438 953.125 78.125 406.250 945.312 328.125 171.875 984.375
-804.688 -507.812 242.188 -664.062 273.438 648.438 -132.812 265.625 960.938 93.750 398.438 953.125 335.938 164.062 984.375
-804.688 -507.812 242.188 -664.062 273.438 648.438 -132.812 265.625 960.938 93.750 398.438 953.125 335.938 164.062 984.375
-796.875 -484.375 234.375 -687.500 273.438 625.000 -148.438 250.000 953.125 70.312 382.812 945.312 335.938 195.312 984.375
-796.875 -484.375 234.375 -687.500 273.438 625.000 -148.438 250.000 953.125 70.312 382.812 945.312 335.938 195.312 984.375
-796.875 -484.375 234.375 -687.500 273.438 625.000 -148.438 250.000 953.125 70.312 382.812 945.312 335.938 195.312 984.375
-789.062 -468.750 234.375 -671.875 265.625 632.812 -125.000 203.125 945.312 31.250 382.812 921.875 296.875 156.250 984.375
-789.062 -468.750 234.375 -671.875 265.625 632.812 -125.000 203.125 945.312 31.250 382.812 921.875 296.875 156.250 984.375
-835.938 -601.562 187.500 -679.688 250.000 617.188 -156.250 210.938 953.125 15.625 359.375 914.062 242.188 171.875 945.312
-835.938 -601.562 187.500 -679.688 250.000 617.188 -156.250 210.938 953.125 15.625 359.375 914.062 242.188 171.875 945.312
-835.938 -601.562 187.500 -679.688 250.000 617.188 -156.250 210.938 953.125 15.625 359.375 914.062 242.188 171.875 945.312
-835.938 -617.188 195.312 -679.688 234.375 632.812 -164.062 195.312 945.312 0.000 343.750 906.250 242.188 156.250 945.312
-828.125 -593.750 187.500 -687.500 234.375 640.625 -140.625 195.312 953.125 7.812 359.375 914.062 242.188 179.688 945.312
-828.125 -593.750 187.500 -687.500 234.375 640.625 -140.625 195.312 953.125 7.812 359.375 914.062 242.188 179.688 945.312
-828.125 -593.750 187.500 -687.500 234.375 640.625 -140.625 195.312 953.125 7.812 359.375 914.062 242.188 179.688 945.312
-812.500 -539.062 203.125 -687.500 187.500 640.625 -195.312 195.312 929.688 31.250 375.000 906.250 242.188 164.062 953.125
-812.500 -539.062 203.125 -687.500 187.500 640.625 -195.312 195.312 929.688 31.250 375.000 906.250 242.188 164.062 953.125
-812.500 -546.875 210.938 -687.500 156.250 640.625 -187.500 203.125 929.688 23.438 375.000 906.250 250.000 148.438 945.312
-812.500 -546.875 210.938 -687.500 156.250 640.625 -187.500 203.125 929.688 23.438 375.000 906.250 250.000 148.438 945.312
-812.500 -578.125 218.750 -664.062 85.938 671.875 -195.312 203.125 921.875 7.812 390.625 906.250 250.000 164.062 960.938
-812.500 -578.125 218.750 -664.062 85.938 671.875 -195.312 203.125 921.875 7.812 390.625 906.250 250.000 164.062 960.938
-820.312 -625.000 234.375 -648.438 31.250 734.375 -257.812 164.062 921.875 46.875 375.000 898.438 210.938 148.438 945.312
-820.312 -625.000 234.375 -648.438 31.250 734.375 -257.812 164.062 921.875 46.875 375.000 898.438 210.938 148.438 945.312
-820.312 -625.000 234.375 -648.438 31.250 734.375 -257.812 164.062 921.875 46.875 375.000 898.438 210.938 148.438 945.312
-882.812 -757.812 281.250 -703.125 -117.188 812.500 -296.875 54.688 914.062 -171.875 351.562 828.125 46.875 148.438 898.438
-882.812 -757.812 281.250 -703.125 -117.188 812.500 -296.875 54.688 914.062 -171.875 351.562 828.125 46.875 148.438 898.438
-875.000 -906.250 367.188 -726.562 -257.812 851.562 -312.500 -7.812 859.375 -335.938 289.062 726.562 -203.125 117.188 796.875
-875.000 -906.250 367.188 -726.562 -257.812 851.562 -312.500 -7.812 859.375 -335.938 289.062 726.562 -203.125 117.188 796.875
-921.875 -953.125 398.438 -710.938 -375.000 843.750 -320.312 -23.438 859.375 -382.812 273.438 671.875 -343.750 140.625 718.750
-921.875 -953.125 398.438 -710.938 -375.000 843.750 -320.312 -23.438 859.375 -382.812 273.438 671.875 -343.750 140.625 718.750
-921.875 -953.125 398.438 -710.938 -375.000 843.750 -320.312 -23.438 859.375 -382.812 273.438 671.875 -343.750 140.625 718.750
-765.625 -1085.938 578.125 -742.188 -554.688 835.938 -312.500 15.625 812.500 -343.750 296.875 609.375 -460.938 281.250 562.500
-765.625 -1085.938 578.125 -742.188 -554.688 835.938 -312.500 15.625 812.500 -343.750 296.875 609.375 -460.938 281.250 562.500
-726.562 -1093.750 609.375 -695.312 -460.938 796.875 -367.188 23.438 812.500 -296.875 343.750 593.750 -367.188 328.125 562.500
-726.562 -1093.750 609.375 -695.312 -460.938 796.875 -367.188 23.438 812.500 -296.875 343.750 593.750 -367.188 328.125 562.500
-671.875 -1078.125 625.000 -718.750 -46.875 710.938 -468.750 -179.688 781.250 -328.125 398.438 507.812 -257.812 445.312 554.688
-671.875 -1078.125 625.000 -718.750 -46.875 710.938 -468.750 -179.688 781.250 -328.125 398.438 507.812 -257.812 445.312 554.688
-640.625 -1187.500 585.938 -773.438 85.938 593.750 -453.125 46.875 750.000 -343.750 562.500 367.188 -328.125 671.875 460.938
-640.625 -1187.500 585.938 -773.438 85.938 593.750 -453.125 46.875 750.000 -343.750 562.500 367.188 -328.125 671.875 460.938
-617.188 -1148.438 617.188 -687.500 39.062 500.000 -593.750 187.500 640.625 -578.125 710.938 171.875 -562.500 867.188 343.750
-617.188 -1148.438 617.188 -687.500 39.062 500.000 -593.750 187.500 640.625 -578.125 710.938 171.875 -562.500 867.188 343.750
-617.188 -1148.438 617.188 -687.500 39.062 500.000 -593.750 187.500 640.625 -578.125 710.938 171.875 -562.500 867.188 343.750
-398.438 -1484.375 570.312 -718.750 -23.438 312.500 -687.500 375.000 320.312 -632.812 1046.875 -226.562 -695.312 1289.062 148.438
-398.438 -1484.375 570.312 -718.750 -23.438 312.500 -687.500 375.000 320.312 -632.812 1046.875 -226.562 -695.312 1289.062 148.438
-312.500 -1601.562 562.500 -718.750 62.500 109.375 -679.688 562.500 210.938 -531.250 1195.312 -320.312 -601.562 1468.750 101.562
-312.500 -1601.562 562.500 -718.750 62.500 109.375 -679.688 562.500 210.938 -531.250 1195.312 -320.312 -601.562 1468.750 101.562
-257.812 -1984.375 437.500 -851.562 242.188 -132.812 -828.125 734.375 125.000 -406.250 1460.938 -476.562 -343.750 1976.562 101.562
-257.812 -1984.375 437.500 -851.562 242.188 -132.812 -828.125 734.375 125.000 -406.250 1460.938 -476.562 -343.750 1976.562 101.562
-484.375 -1859.375 -109.375 -679.688 945.312 -351.562 -609.375 1203.125 226.562 -148.438 1718.750 -539.062 15.625 2125.000 117.188
-484.375 -1859.375 -109.375 -679.688 945.312 -351.562 -609.375 1203.125 226.562 -148.438 1718.750 -539.062 15.625 2125.000 117.188
-484.375 -1859.375 -109.375 -679.688 945.312 -351.562 -609.375 1203.125 226.562 -148.438 1718.750 -539.062 15.625 2125.000 117.188
-804.688 -1031.250 -531.250 -523.438 1148.438 -257.812 -445.312 1351.562 375.000 109.375 2000.000 -500.000 351.562 2234.375 265.625
-804.688 -1031.250 -531.250 -523.438 1148.438 -257.812 -445.312 1351.562 375.000 109.375 2000.000 -500.000 351.562 2234.375 265.625
-1039.062 -15.625 -640.625 -296.875 1390.625 -171.875 -289.062 1406.250 500.000 617.188 1875.000 -156.250 789.062 2164.062 539.062
-1039.062 -15.625 -640.625 -296.875 1390.625 -171.875 -289.062 1406.250 500.000 617.188 1875.000 -156.250 789.062 2164.062 539.062
-1039.062 -15.625 -640.625 -296.875 1390.625 -171.875 -289.062 1406.250 500.000 617.188 1875.000 -156.250 789.062 2164.062 539.062
-1046.875 343.750 -421.875 -187.500 1406.250 -62.500 -187.500 1273.438 593.750 710.938 1726.562 101.562 1031.250 1765.625 710.938
-1000.000 468.750 -304.688 -226.562 1390.625 -54.688 -210.938 1242.188 585.938 828.125 1687.500 171.875 1101.562 1593.750 828.125
-1000.000 468.750 -304.688 -226.562 1390.625 -54.688 -210.938 1242.188 585.938 828.125 1687.500 171.875 1101.562 1593.750 828.125
-1000.000 468.750 -304.688 -226.562 1390.625 -54.688 -210.938 1242.188 585.938 828.125 1687.500 171.875 1101.562 1593.750 828.125
-960.938 695.312 23.438 -289.062 1343.750 -31.250 -265.625 1109.375 539.062 609.375 1421.875 359.375 1117.188 1109.375 1023.438
-960.938 695.312 23.438 -289.062 1343.750 -31.250 -265.625 1109.375 539.062 609.375 1421.875 359.375 1117.188 1109.375 1023.438
-1031.250 656.250 140.625 -367.188 1234.375 -7.812 -382.812 953.125 445.312 429.688 1281.250 312.500 960.938 851.562 968.750
-1031.250 656.250 140.625 -367.188 1234.375 -7.812 -382.812 953.125 445.312 429.688 1281.250 312.500 960.938 851.562 968.750
-945.312 367.188 421.875 -523.438 929.688 54.688 -500.000 687.500 359.375 -31.250 929.688 101.562 382.812 695.312 734.375
-945.312 367.188 421.875 -523.438 929.688 54.688 -500.000 687.500 359.375 -31.250 929.688 101.562 382.812 695.312 734.375
-851.562 31.250 593.750 -601.562 757.812 93.750 -593.750 562.500 304.688 -242.188 796.875 7.812 -46.875 687.500 515.625
-851.562 31.250 593.750 -601.562 757.812 93.750 -593.750 562.500 304.688 -242.188 796.875 7.812 -46.875 687.500 515.625
-851.562 31.250 593.750 -601.562 757.812 93.750 -593.750 562.500 304.688 -242.188 796.875 7.812 -46.875 687.500 515.625
-632.812 -117.188 875.000 -609.375 656.250 132.812 -648.438 507.812 265.625 -453.125 742.188 -93.750 -437.500 687.500 367.188
-632.812 -117.188 875.000 -609.375 656.250 132.812 -648.438 507.812 265.625 -453.125 742.188 -93.750 -437.500 687.500 367.188
-562.500 -140.625 953.125 -601.562 687.500 125.000 -671.875 562.500 257.812 -500.000 781.250 -140.625 -570.312 695.312 343.750
-562.500 -140.625 953.125 -601.562 687.500 125.000 -671.875 562.500 257.812 -500.000 781.250 -140.625 -570.312 695.312 343.750
-554.688 -132.812 937.500 -585.938 765.625 85.938 -671.875 617.188 250.000 -484.375 804.688 -140.625 -578.125 726.562 335.938
-554.688 -132.812 937.500 -585.938 765.625 85.938 -671.875 617.188 250.000 -484.375 804.688 -140.625 -578.125 726.562 335.938
-546.875 179.688 875.000 -546.875 945.312 0.000 -695.312 796.875 226.562 -437.500 937.500 -171.875 -523.438 812.500 414.062
-546.875 179.688 875.000 -546.875 945.312 0.000 -695.312 796.875 226.562 -437.500 937.500 -171.875 -523.438 812.500 414.062
-546.875 179.688 875.000 -546.875 945.312 0.000 -695.312 796.875 226.562 -437.500 937.500 -171.875 -523.438 812.500 414.062
-585.938 281.250 804.688 -546.875 1023.438 -46.875 -695.312 843.750 226.562 -390.625 1000.000 -156.250 -476.562 859.375 453.125
-585.938 281.250 804.688 -546.875 1023.438 -46.875 -695.312 843.750 226.562 -390.625 1000.000 -156.250 -476.562 859.375 453.125
-625.000 359.375 773.438 -539.062 1023.438 -31.250 -687.500 851.562 250.000 -351.562 1015.625 -125.000 -382.812 882.812 507.812
-625.000 359.375 773.438 -539.062 1023.438 -31.250 -687.500 851.562 250.000 -351.562 1015.625 -125.000 -382.812 882.812 507.812
-578.125 234.375 859.375 -562.500 976.562 -7.812 -679.688 796.875 265.625 -343.750 992.188 -78.125 -343.750 835.938 546.875
-578.125 234.375 859.375 -562.500 976.562 -7.812 -679.688 796.875 265.625 -343.750 992.188 -78.125 -343.750 835.938 546.875
-578.125 234.375 859.375 -562.500 976.562 -7.812 -679.688 796.875 265.625 -343.750 992.188 -78.125 -343.750 835.938 546.875
-578.125 171.875 851.562 -554.688 921.875 31.250 -664.062 757.812 289.062 -328.125 1007.812 -46.875 -296.875 812.500 562.500
-578.125 171.875 851.562 -554.688 921.875 31.250 -664.062 757.812 289.062 -328.125 1007.812 -46.875 -296.875 812.500 562.500
-617.188 179.688 796.875 -531.250 914.062 101.562 -617.188 703.125 375.000 -281.250 960.938 0.000 -312.500 789.062 593.750
-617.188 179.688 796.875 -531.250 914.062 101.562 -617.188 703.125 375.000 -281.250 960.938 0.000 -312.500 789.062 593.750
-640.625 195.312 765.625 -523.438 906.250 148.438 -617.188 695.312 398.438 -265.625 960.938 -7.812 -289.062 789.062 562.500
-640.625 195.312 765.625 -523.438 906.250 148.438 -617.188 695.312 398.438 -265.625 960.938 -7.812 -289.062 789.062 562.500
-671.875 132.812 710.938 -515.625 914.062 148.438 -578.125 703.125 421.875 -242.188 960.938 46.875 -250.000 765.625 570.312
-671.875 132.812 710.938 -515.625 914.062 148.438 -578.125 703.125 421.875 -242.188 960.938 46.875 -250.000 765.625 570.312
-750.000 164.062 546.875 -476.562 953.125 140.625 -554.688 750.000 390.625 -226.562 968.750 31.250 -250.000 726.562 562.500
-750.000 164.062 546.875 -476.562 953.125 140.625 -554.688 750.000 390.625 -226.562 968.750 31.250 -250.000 726.562 562.500
-750.000 164.062 546.875 -476.562 953.125 140.625 -554.688 750.000 390.625 -226.562 968.750 31.250 -250.000 726.562 562.500
-851.562 164.062 382.812 -429.688 976.562 140.625 -531.250 796.875 359.375 -203.125 1062.500 -15.625 -226.562 750.000 570.312
-851.562 164.062 382.812 -429.688 976.562 140.625 -531.250 796.875 359.375 -203.125 1062.500 -15.625 -226.562 750.000 570.312
-1007.812 -78.125 187.500 -453.125 1226.562 117.188 -398.438 906.250 476.562 0.000 1164.062 54.688 -70.312 890.625 687.500
-1007.812 -78.125 187.500 -453.125 1226.562 117.188 -398.438 906.250 476.562 0.000 1164.062 54.688 -70.312 890.625 687.500
-1015.625 -156.250 156.250 -359.375 1109.375 117.188 -257.812 953.125 492.188 54.688 1195.312 78.125 -31.250 953.125 734.375
-1015.625 -156.250 156.250 -359.375 1109.375 117.188 -257.812 953.125 492.188 54.688 1195.312 78.125 -31.250 953.125 734.375
-1023.438 -179.688 93.750 -437.500 1117.188 93.750 -429.688 1062.500 468.750 85.938 1203.125 78.125 85.938 960.938 757.812
-1023.438 -179.688 93.750 -437.500 1117.188 93.750 -429.688 1062.500 468.750 85.938 1203.125 78.125 85.938 960.938 757.812
-1023.438 -179.688 93.750 -437.500 1117.188 93.750 -429.688 1062.500 468.750 85.938 1203.125 78.125 85.938 960.938 757.812
-937.500 -351.562 39.062 -484.375 992.188 31.250 -523.438 1171.875 375.000 -39.062 1257.812 7.812 171.875 984.375 726.562
-937.500 -351.562 39.062 -484.375 992.188 31.250 -523.438 1171.875 375.000 -39.062 1257.812 7.812 171.875 984.375 726.562
-921.875 -281.250 -39.062 -476.562 992.188 39.062 -492.188 1148.438 367.188 15.625 1320.312 -54.688 289.062 1023.438 703.125
-921.875 -281.250 -39.062 -476.562 992.188 39.062 -492.188 1148.438 367.188 15.625 1320.312 -54.688 289.062 1023.438 703.125
-843.750 -406.250 -187.500 -507.812 1156.250 23.438 -453.125 1187.500 382.812 171.875 1382.812 -156.250 390.625 1429.688 593.750
-843.750 -406.250 -187.500 -507.812 1156.250 23.438 -453.125 1187.500 382.812 171.875 1382.812 -156.250 390.625 1429.688 593.750
-843.750 -406.250 -187.500 -507.812 1156.250 23.438 -453.125 1187.500 382.812 171.875 1382.812 -156.250 390.625 1429.688 593.750
-765.625 -546.875 -257.812 -453.125 1085.938 -70.312 -445.312 1218.750 187.500 203.125 1703.125 -296.875 437.500 1625.000 500.000
-765.625 -546.875 -257.812 -453.125 1085.938 -70.312 -445.312 1218.750 187.500 203.125 1703.125 -296.875 437.500 1625.000 500.000
-703.125 -625.000 -296.875 -476.562 1093.750 -101.562 -460.938 1289.062 156.250 289.062 1757.812 -562.500 562.500 2078.125 640.625
-703.125 -625.000 -296.875 -476.562 1093.750 -101.562 -460.938 1289.062 156.250 289.062 1757.812 -562.500 562.500 2078.125 640.625
-593.750 -640.625 -585.938 -460.938 1367.188 -234.375 -554.688 1570.312 210.938 -46.875 1773.438 -687.500 320.312 2039.062 273.438
-593.750 -640.625 -585.938 -460.938 1367.188 -234.375 -554.688 1570.312 210.938 -46.875 1773.438 -687.500 320.312 2039.062 273.438
-460.938 -640.625 -757.812 -523.438 1507.812 -335.938 -601.562 1632.812 250.000 0.000 1984.375 -601.562 171.875 2054.688 273.438
-460.938 -640.625 -757.812 -523.438 1507.812 -335.938 -601.562 1632.812 250.000 0.000 1984.375 -601.562 171.875 2054.688 273.438
-320.312 -1062.500 -1015.625 -546.875 1281.250 -500.000 -507.812 1453.125 23.438 -85.938 2000.000 -1007.812 359.375 2453.125 359.375
-320.312 -1062.500 -1015.625 -546.875 1281.250 -500.000 -507.812 1453.125 23.438 -85.938 2000.000 -1007.812 359.375 2453.125 359.375
-320.312 -1062.500 -1015.625 -546.875 1281.250 -500.000 -507.812 1453.125 23.438 -85.938 2000.000 -1007.812 359.375 2453.125 359.375
-281.250 -1375.000 -1203.125 -593.750 921.875 -664.062 -750.000 1570.312 -179.688 -203.125 1835.938 -1117.188 93.750 2570.312 23.438
-281.250 -1375.000 -1203.125 -593.750 921.875 -664.062 -750.000 1570.312 -179.688 -203.125 1835.938 -1117.188 93.750 2570.312 23.438
-273.438 -1562.500 -1234.375 -664.062 812.500 -734.375 -843.750 1593.750 -289.062 -328.125 1765.625 -1156.250 -23.438 2500.000 -140.625
-273.438 -1562.500 -1234.375 -664.062 812.500 -734.375 -843.750 1593.750 -289.062 -328.125 1765.625 -1156.250 -23.438 2500.000 -140.625
-39.062 -2156.250 -835.938 -796.875 179.688 -726.562 -914.062 726.562 -625.000 -546.875 1164.062 -1304.688 -406.250 2164.062 -445.312
-39.062 -2156.250 -835.938 -796.875 179.688 -726.562 -914.062 726.562 -625.000 -546.875 1164.062 -1304.688 -406.250 2164.062 -445.312
-15.625 -2195.312 -718.750 -820.312 -132.812 -687.500 -914.062 625.000 -609.375 -601.562 914.062 -1250.000 -421.875 2039.062 -484.375
-15.625 -2195.312 -718.750 -820.312 -132.812 -687.500 -914.062 625.000 -609.375 -601.562 914.062 -1250.000 -421.875 2039.062 -484.375
-15.625 -2195.312 -718.750 -820.312 -132.812 -687.500 -914.062 625.000 -609.375 -601.562 914.062 -1250.000 -421.875 2039.062 -484.375
304.688 -2046.875 367.188 -1234.375 -742.188 -476.562 -546.875 -843.750 -265.625 -695.312 -257.812 -703.125 -703.125 1226.562 -679.688
304.688 -2046.875 367.188 -1234.375 -742.188 -476.562 -546.875 -843.750 -265.625 -695.312 -257.812 -703.125 -703.125 1226.562 -679.688
46.875 -2109.375 281.250 -1218.750 -1546.875 -187.500 -968.750 -906.250 -445.312 -1117.188 -656.250 -570.312 -953.125 453.125 -890.625
46.875 -2109.375 281.250 -1218.750 -1546.875 -187.500 -968.750 -906.250 -445.312 -1117.188 -656.250 -570.312 -953.125 453.125 -890.625
39.062 -2140.625 437.500 -570.312 -1890.625 781.250 -1078.125 -1570.312 -296.875 -1304.688 -1078.125 -453.125 -1312.500 -289.062 -1085.938
39.062 -2140.625 437.500 -570.312 -1890.625 781.250 -1078.125 -1570.312 -296.875 -1304.688 -1078.125 -453.125 -1312.500 -289.062 -1085.938
-54.688 -1695.312 375.000 -507.812 -2859.375 1265.625 -1414.062 -1796.875 -445.312 -1453.125 -1289.062 -414.062 -1367.188 -648.438 -1070.312
-304.688 -2046.875 85.938 -984.375 -2609.375 1015.625 -1046.875 -2109.375 -125.000 -1554.688 -1648.438 -140.625 -1476.562 -1132.812 -1070.312
-304.688 -2046.875 85.938 -984.375 -2609.375 1015.625 -1046.875 -2109.375 -125.000 -1554.688 -1648.438 -140.625 -1476.562 -1132.812 -1070.312
-453.125 -1921.875 -39.062 -1234.375 -1945.312 796.875 -726.562 -2210.938 93.750 -1328.125 -1710.938 85.938 -1531.250 -1179.688 -984.375
-453.125 -1921.875 -39.062 -1234.375 -1945.312 796.875 -726.562 -2210.938 93.750 -1328.125 -1710.938 85.938 -1531.250 -1179.688 -984.375
-656.250 -1320.312 -343.750 -1250.000 -1304.688 632.812 -1046.875 -1593.750 203.125 -1000.000 -1195.312 578.125 -1132.812 -1125.000 -507.812
-656.250 -1320.312 -343.750 -1250.000 -1304.688 632.812 -1046.875 -1593.750 203.125 -1000.000 -1195.312 578.125 -1132.812 -1125.000 -507.812
-914.062 -523.438 -625.000 -1125.000 -781.250 523.438 -890.625 -718.750 429.688 -812.500 -101.562 695.312 -687.500 -351.562 531.250
-914.062 -523.438 -625.000 -1125.000 -781.250 523.438 -890.625 -718.750 429.688 -812.500 -101.562 695.312 -687.500 -351.562 531.250
-898.438 -320.312 -609.375 -890.625 70.312 445.312 -820.312 -218.750 593.750 -726.562 429.688 703.125 -453.125 39.062 984.375
-898.438 -320.312 -609.375 -890.625 70.312 445.312 -820.312 -218.750 593.750 -726.562 429.688 703.125 -453.125 39.062 984.375
-898.438 -320.312 -609.375 -890.625 70.312 445.312 -820.312 -218.750 593.750 -726.562 429.688 703.125 -453.125 39.062 984.375
-734.375 -195.312 -445.312 -617.188 468.750 468.750 -664.062 281.250 789.062 -664.062 914.062 695.312 -335.938 468.750 1359.375
-734.375 -195.312 -445.312 -617.188 468.750 468.750 -664.062 281.250 789.062 -664.062 914.062 695.312 -335.938 468.750 1359.375
-640.625 -375.000 -343.750 -421.875 421.875 632.812 -539.062 242.188 906.250 -609.375 937.500 734.375 -335.938 617.188 1421.875
-640.625 -375.000 -343.750 -421.875 421.875 632.812 -539.062 242.188 906.250 -609.375 937.500 734.375 -335.938 617.188 1421.875
-578.125 -796.875 -273.438 -242.188 31.250 867.188 -343.750 -62.500 992.188 -562.500 625.000 796.875 -437.500 445.312 1156.250
-578.125 -796.875 -273.438 -242.188 31.250 867.188 -343.750 -62.500 992.188 -562.500 625.000 796.875 -437.500 445.312 1156.250
-578.125 -796.875 -273.438 -242.188 31.250 867.188 -343.750 -62.500 992.188 -562.500 625.000 796.875 -437.500 445.312 1156.250
-570.312 -921.875 -265.625 -242.188 -117.188 914.062 -335.938 -195.312 976.562 -546.875 531.250 804.688 -445.312 367.188 1078.125
-570.312 -921.875 -265.625 -242.188 -117.188 914.062 -335.938 -195.312 976.562 -546.875 531.250 804.688 -445.312 367.188 1078.125
-578.125 -1000.000 -273.438 -281.250 -304.688 945.312 -328.125 -382.812 914.062 -546.875 351.562 796.875 -476.562 242.188 945.312
-578.125 -1000.000 -273.438 -281.250 -304.688 945.312 -328.125 -382.812 914.062 -546.875 351.562 796.875 -476.562 242.188 945.312
-640.625 -953.125 -304.688 -460.938 -375.000 843.750 -453.125 -500.000 757.812 -609.375 234.375 757.812 -453.125 70.312 890.625
-640.625 -953.125 -304.688 -460.938 -375.000 843.750 -453.125 -500.000 757.812 -609.375 234.375 757.812 -453.125 70.312 890.625
-648.438 -804.688 -320.312 -570.312 -367.188 726.562 -562.500 -484.375 648.438 -679.688 210.938 687.500 -500.000 46.875 875.000
-648.438 -804.688 -320.312 -570.312 -367.188 726.562 -562.500 -484.375 648.438 -679.688 210.938 687.500 -500.000 46.875 875.000
-656.250 -765.625 -328.125 -640.625 -375.000 671.875 -609.375 -460.938 593.750 -718.750 210.938 664.062 -531.250 23.438 859.375
-656.250 -765.625 -328.125 -640.625 -375.000 671.875 -609.375 -460.938 593.750 -718.750 210.938 664.062 -531.250 23.438 859.375
-656.250 -765.625 -328.125 -640.625 -375.000 671.875 -609.375 -460.938 593.750 -718.750 210.938 664.062 -531.250 23.438 859.375
-679.688 -625.000 -343.750 -789.062 -312.500 570.312 -773.438 -484.375 476.562 -828.125 117.188 554.688 -625.000 7.812 757.812
-679.688 -625.000 -343.750 -789.062 -312.500 570.312 -773.438 -484.375 476.562 -828.125 117.188 554.688 -625.000 7.812 757.812
-664.062 -625.000 -335.938 -812.500 -335.938 578.125 -781.250 -515.625 460.938 -843.750 101.562 539.062 -656.250 -15.625 742.188
-664.062 -625.000 -335.938 -812.500 -335.938 578.125 -781.250 -515.625 460.938 -843.750 101.562 539.062 -656.250 -15.625 742.188
-664.062 -679.688 -304.688 -820.312 -406.250 617.188 -796.875 -562.500 460.938 -859.375 23.438 523.438 -695.312 -39.062 640.625
-664.062 -679.688 -304.688 -820.312 -406.250 617.188 -796.875 -562.500 460.938 -859.375 23.438 523.438 -695.312 -39.062 640.625
-648.438 -710.938 -281.250 -789.062 -390.625 640.625 -750.000 -546.875 500.000 -835.938 54.688 539.062 -703.125 -62.500 609.375
-648.438 -710.938 -281.250 -789.062 -390.625 640.625 -750.000 -546.875 500.000 -835.938 54.688 539.062 -703.125 -62.500 609.375
-648.438 -710.938 -281.250 -789.062 -390.625 640.625 -750.000 -546.875 500.000 -835.938 54.688 539.062 -703.125 -62.500 609.375
-640.625 -789.062 -281.250 -656.250 -398.438 656.250 -617.188 -500.000 570.312 -718.750 125.000 617.188 -625.000 54.688 687.500
-640.625 -789.062 -281.250 -656.250 -398.438 656.250 -617.188 -500.000 570.312 -718.750 125.000 617.188 -625.000 54.688 687.500
-671.875 -726.562 -328.125 -562.500 -250.000 726.562 -562.500 -414.062 664.062 -664.062 257.812 664.062 -562.500 78.125 765.625
-671.875 -726.562 -328.125 -562.500 -250.000 726.562 -562.500 -414.062 664.062 -664.062 257.812 664.062 -562.500 78.125 765.625
-679.688 -726.562 -359.375 -531.250 -210.938 718.750 -539.062 -375.000 695.312 -648.438 304.688 679.688 -539.062 85.938 812.500
-679.688 -726.562 -359.375 -531.250 -210.938 718.750 -539.062 -375.000 695.312 -648.438 304.688 679.688 -539.062 85.938 812.500
-679.688 -648.438 -351.562 -484.375 -140.625 695.312 -500.000 -242.188 742.188 -578.125 421.875 718.750 -476.562 242.188 945.312
-679.688 -648.438 -351.562 -484.375 -140.625 695.312 -500.000 -242.188 742.188 -578.125 421.875 718.750 -476.562 242.188 945.312
-679.688 -648.438 -351.562 -484.375 -140.625 695.312 -500.000 -242.188 742.188 -578.125 421.875 718.750 -476.562 242.188 945.312
-664.062 -656.250 -351.562 -492.188 -101.562 687.500 -500.000 -257.812 726.562 -609.375 406.250 703.125 -515.625 234.375 906.250
-664.062 -656.250 -351.562 -492.188 -101.562 687.500 -500.000 -257.812 726.562 -609.375 406.250 703.125 -515.625 234.375 906.250
-609.375 -679.688 -281.250 -554.688 -234.375 640.625 -546.875 -250.000 648.438 -656.250 382.812 648.438 -484.375 265.625 960.938
-609.375 -679.688 -281.250 -554.688 -234.375 640.625 -546.875 -250.000 648.438 -656.250 382.812 648.438 -484.375 265.625 960.938
-609.375 -679.688 -281.250 -554.688 -234.375 640.625 -546.875 -250.000 648.438 -656.250 382.812 648.438 -484.375 265.625 960.938
-656.250 -734.375 -312.500 -578.125 -164.062 703.125 -617.188 -359.375 617.188 -671.875 320.312 632.812 -484.375 171.875 898.438
-671.875 -703.125 -312.500 -609.375 -187.500 695.312 -640.625 -382.812 617.188 -757.812 257.812 585.938 -546.875 93.750 796.875
-671.875 -703.125 -312.500 -609.375 -187.500 695.312 -640.625 -382.812 617.188 -757.812 257.812 585.938 -546.875 93.750 796.875
-671.875 -703.125 -312.500 -609.375 -187.500 695.312 -640.625 -382.812 617.188 -757.812 257.812 585.938 -546.875 93.750 796.875
-601.562 -734.375 -242.188 -664.062 -359.375 640.625 -609.375 -437.500 578.125 -710.938 171.875 632.812 -570.312 31.250 757.812
-601.562 -734.375 -242.188 -664.062 -359.375 640.625 -609.375 -437.500 578.125 -710.938 171.875 632.812 -570.312 31.250 757.812
-585.938 -851.562 -203.125 -765.625 -23.438 500.000 -570.312 -320.312 773.438 -742.188 218.750 656.250 -570.312 62.500 781.250
-585.938 -851.562 -203.125 -765.625 -23.438 500.000 -570.312 -320.312 773.438 -742.188 218.750 656.250 -570.312 62.500 781.250
-820.312 -500.000 -390.625 -617.188 -445.312 804.688 -820.312 -257.812 625.000 -859.375 414.062 523.438 -710.938 -39.062 742.188
-820.312 -500.000 -390.625 -617.188 -445.312 804.688 -820.312 -257.812 625.000 -859.375 414.062 523.438 -710.938 -39.062 742.188
-859.375 -539.062 -476.562 -757.812 -203.125 765.625 -789.062 -734.375 500.000 -804.688 62.500 492.188 -671.875 -39.062 718.750
-859.375 -539.062 -476.562 -757.812 -203.125 765.625 -789.062 -734.375 500.000 -804.688 62.500 492.188 -671.875 -39.062 718.750
-859.375 -539.062 -476.562 -757.812 -203.125 765.625 -789.062 -734.375 500.000 -804.688 62.500 492.188 -671.875 -39.062 718.750
-656.250 -546.875 -234.375 -781.250 -296.875 601.562 -671.875 -421.875 531.250 -726.562 273.438 679.688 -453.125 7.812 781.250
-656.250 -546.875 -234.375 -781.250 -296.875 601.562 -671.875 -421.875 531.250 -726.562 273.438 679.688 -453.125 7.812 781.250
-625.000 -492.188 -164.062 -625.000 -187.500 625.000 -687.500 -335.938 585.938 -695.312 273.438 695.312 -398.438 85.938 898.438
-625.000 -492.188 -164.062 -625.000 -187.500 625.000 -687.500 -335.938 585.938 -695.312 273.438 695.312 -398.438 85.938 898.438
-656.250 -671.875 -265.625 -679.688 -140.625 531.250 -671.875 -218.750 507.812 -625.000 453.125 664.062 -367.188 78.125 937.500
-656.250 -671.875 -265.625 -679.688 -140.625 531.250 -671.875 -218.750 507.812 -625.000 453.125 664.062 -367.188 78.125 937.500
-671.875 -781.250 -328.125 -585.938 -148.438 625.000 -632.812 -250.000 601.562 -648.438 398.438 664.062 -273.438 117.188 992.188
-671.875 -781.250 -328.125 -585.938 -148.438 625.000 -632.812 -250.000 601.562 -648.438 398.438 664.062 -273.438 117.188 992.188
-671.875 -781.250 -328.125 -585.938 -148.438 625.000 -632.812 -250.000 601.562 -648.438 398.438 664.062 -273.438 117.188 992.188
-664.062 -742.188 -296.875 -570.312 -156.250 679.688 -601.562 -335.938 609.375 -640.625 437.500 671.875 -296.875 117.188 984.375
-664.062 -742.188 -296.875 -570.312 -156.250 679.688 -601.562 -335.938 609.375 -640.625 437.500 671.875 -296.875 117.188 984.375
-640.625 -664.062 -257.812 -562.500 -203.125 757.812 -625.000 -390.625 640.625 -656.250 375.000 664.062 -242.188 78.125 960.938
-640.625 -664.062 -257.812 -562.500 -203.125 757.812 -625.000 -390.625 640.625 -656.250 375.000 664.062 -242.188 78.125 960.938
-664.062 -664.062 -226.562 -710.938 -304.688 734.375 -781.250 -390.625 546.875 -796.875 250.000 578.125 -328.125 140.625 835.938
-664.062 -664.062 -226.562 -710.938 -304.688 734.375 -781.250 -390.625 546.875 -796.875 250.000 578.125 -328.125 140.625 835.938
-687.500 -757.812 -273.438 -773.438 -203.125 625.000 -851.562 -375.000 468.750 -742.188 242.188 554.688 -390.625 109.375 812.500
-687.500 -757.812 -273.438 -773.438 -203.125 625.000 -851.562 -375.000 468.750 -742.188 242.188 554.688 -390.625 109.375 812.500
-687.500 -757.812 -273.438 -773.438 -203.125 625.000 -851.562 -375.000 468.750 -742.188 242.188 554.688 -390.625 109.375 812.500
-679.688 -812.500 -304.688 -734.375 -234.375 601.562 -828.125 -320.312 445.312 -742.188 265.625 601.562 -335.938 203.125 914.062
-679.688 -812.500 -304.688 -734.375 -234.375 601.562 -828.125 -320.312 445.312 -742.188 265.625 601.562 -335.938 203.125 914.062
-687.500 -835.938 -289.062 -710.938 -234.375 656.250 -804.688 -375.000 507.812 -664.062 367.188 609.375 -398.438 234.375 976.562
-687.500 -835.938 -289.062 -710.938 -234.375 656.250 -804.688 -375.000 507.812 -664.062 367.188 609.375 -398.438 234.375 976.562
-687.500 -820.312 -281.250 -585.938 -296.875 773.438 -742.188 -375.000 593.750 -640.625 335.938 632.812 -398.438 304.688 976.562
-687.500 -820.312 -281.250 -585.938 -296.875 773.438 -742.188 -375.000 593.750 -640.625 335.938 632.812 -398.438 304.688 976.562
-648.438 -718.750 -234.375 -593.750 -210.938 757.812 -679.688 -304.688 703.125 -507.812 335.938 718.750 -421.875 226.562 890.625
-648.438 -718.750 -234.375 -593.750 -210.938 757.812 -679.688 -304.688 703.125 -507.812 335.938 718.750 -421.875 226.562 890.625
-648.438 -718.750 -234.375 -593.750 -210.938 757.812 -679.688 -304.688 703.125 -507.812 335.938 718.750 -421.875 226.562 890.625
-664.062 -726.562 -203.125 -617.188 -140.625 703.125 -695.312 -218.750 664.062 -484.375 406.250 726.562 -281.250 226.562 906.250
-664.062 -726.562 -203.125 -617.188 -140.625 703.125 -695.312 -218.750 664.062 -484.375 406.250 726.562 -281.250 226.562 906.250
-648.438 -609.375 -164.062 -617.188 -78.125 679.688 -710.938 -101.562 664.062 -445.312 562.500 773.438 -101.562 281.250 1015.625
-648.438 -609.375 -164.062 -617.188 -78.125 679.688 -710.938 -101.562 664.062 -445.312 562.500 773.438 -101.562 281.250 1015.625
-664.062 -656.250 -171.875 -679.688 -54.688 593.750 -750.000 -70.312 601.562 -367.188 679.688 789.062 46.875 335.938 1109.375
-664.062 -656.250 -171.875 -679.688 -54.688 593.750 -750.000 -70.312 601.562 -367.188 679.688 789.062 46.875 335.938 1109.375
-664.062 -656.250 -171.875 -679.688 -54.688 593.750 -750.000 -70.312 601.562 -367.188 679.688 789.062 46.875 335.938 1109.375
-664.062 -656.250 -171.875 -679.688 -54.688 593.750 -750.000 -70.312 601.562 -367.188 679.688 789.062 46.875 335.938 1109.375
-664.062 -656.250 -171.875 -679.688 -54.688 593.750 -750.000 -70.312 601.562 -367.188 679.688 789.062 46.875 335.938 1109.375
-664.062 -765.625 -164.062 -710.938 -132.812 593.750 -796.875 -109.375 539.062 -382.812 648.438 750.000 54.688 335.938 1101.562
-664.062 -765.625 -164.062 -710.938 -132.812 593.750 -796.875 -109.375 539.062 -382.812 648.438 750.000 54.688 335.938 1101.562
-664.062 -781.250 -148.438 -718.750 -125.000 609.375 -796.875 -132.812 546.875 -421.875 609.375 734.375 31.250 328.125 1070.312
-664.062 -781.250 -148.438 -718.750 -125.000 609.375 -796.875 -132.812 546.875 -421.875 609.375 734.375 31.250 328.125 1070.312
-640.625 -804.688 -148.438 -726.562 -140.625 593.750 -796.875 -148.438 570.312 -445.312 593.750 718.750 -85.938 289.062 992.188
-640.625 -804.688 -148.438 -726.562 -140.625 593.750 -796.875 -148.438 570.312 -445.312 593.750 718.750 -85.938 289.062 992.188
-648.438 -890.625 -132.812 -757.812 -187.500 578.125 -796.875 -179.688 562.500 -445.312 609.375 718.750 -70.312 289.062 1007.812
-648.438 -890.625 -132.812 -757.812 -187.500 578.125 -796.875 -179.688 562.500 -445.312 609.375 718.750 -70.312 289.062 1007.812
-648.438 -890.625 -132.812 -757.812 -187.500 578.125 -796.875 -179.688 562.500 -445.312 609.375 718.750 -70.312 289.062 1007.812
-632.812 -921.875 -101.562 -812.500 -531.250 351.562 -789.062 -351.562 750.000 -492.188 609.375 734.375 -62.500 289.062 1015.625
-632.812 -921.875 -101.562 -812.500 -531.250 351.562 -789.062 -351.562 750.000 -492.188 609.375 734.375 -62.500 289.062 1015.625
-625.000 -773.438 -85.938 -859.375 -164.062 539.062 -804.688 -109.375 617.188 -328.125 726.562 851.562 -101.562 234.375 1023.438
-625.000 -773.438 -85.938 -859.375 -164.062 539.062 -804.688 -109.375 617.188 -328.125 726.562 851.562 -101.562 234.375 1023.438
-632.812 -710.938 -93.750 -726.562 -117.188 625.000 -828.125 0.000 523.438 -289.062 828.125 820.312 -85.938 234.375 1023.438
-632.812 -710.938 -93.750 -726.562 -117.188 625.000 -828.125 0.000 523.438 -289.062 828.125 820.312 -85.938 234.375 1023.438
-671.875 -625.000 -164.062 -757.812 -140.625 539.062 -843.750 -203.125 437.500 -539.062 609.375 585.938 39.062 445.312 1085.938
-671.875 -625.000 -164.062 -757.812 -140.625 539.062 -843.750 -203.125 437.500 -539.062 609.375 585.938 39.062 445.312 1085.938
-671.875 -625.000 -164.062 -757.812 -140.625 539.062 -843.750 -203.125 437.500 -539.062 609.375 585.938 39.062 445.312 1085.938
-671.875 -687.500 -187.500 -765.625 -148.438 546.875 -820.312 -148.438 421.875 -578.125 578.125 531.250 23.438 492.188 1078.125
-671.875 -687.500 -187.500 -765.625 -148.438 546.875 -820.312 -148.438 421.875 -578.125 578.125 531.250 23.438 492.188 1078.125
-671.875 -757.812 -242.188 -828.125 -226.562 593.750 -796.875 -234.375 476.562 -656.250 578.125 515.625 -54.688 492.188 1015.625
-671.875 -757.812 -242.188 -828.125 -226.562 593.750 -796.875 -234.375 476.562 -656.250 578.125 515.625 -54.688 492.188 1015.625
-742.188 -914.062 -273.438 -609.375 -93.750 671.875 -1171.875 195.312 62.500 -351.562 687.500 593.750 -234.375 554.688 890.625
-742.188 -914.062 -273.438 -609.375 -93.750 671.875 -1171.875 195.312 62.500 -351.562 687.500 593.750 -234.375 554.688 890.625
-742.188 -914.062 -273.438 -609.375 -93.750 671.875 -1171.875 195.312 62.500 -351.562 687.500 593.750 -234.375 554.688 890.625
-726.562 -820.312 -265.625 -468.750 -312.500 1023.438 -875.000 406.250 101.562 -648.438 539.062 476.562 -250.000 437.500 859.375
-726.562 -820.312 -265.625 -468.750 -312.500 1023.438 -875.000 406.250 101.562 -648.438 539.062 476.562 -250.000 437.500 859.375
-695.312 -734.375 -218.750 -390.625 -265.625 867.188 -937.500 -179.688 171.875 -742.188 453.125 359.375 -226.562 359.375 851.562
-695.312 -734.375 -218.750 -390.625 -265.625 867.188 -937.500 -179.688 171.875 -742.188 453.125 359.375 -226.562 359.375 851.562
-625.000 -679.688 -109.375 -523.438 -156.250 804.688 -945.312 -140.625 210.938 -914.062 515.625 195.312 -320.312 671.875 773.438
-625.000 -679.688 -109.375 -523.438 -156.250 804.688 -945.312 -140.625 210.938 -914.062 515.625 195.312 -320.312 671.875 773.438
-625.000 -679.688 -109.375 -523.438 -156.250 804.688 -945.312 -140.625 210.938 -914.062 515.625 195.312 -320.312 671.875 773.438
-617.188 -585.938 -109.375 -468.750 203.125 742.188 -968.750 -304.688 210.938 -843.750 429.688 265.625 -437.500 601.562 710.938
-585.938 -632.812 -31.250 -539.062 -23.438 726.562 -859.375 -203.125 289.062 -804.688 460.938 289.062 -296.875 429.688 718.750
-585.938 -632.812 -31.250 -539.062 -23.438 726.562 -859.375 -203.125 289.062 -804.688 460.938 289.062 -296.875 429.688 718.750
-585.938 -632.812 -31.250 -539.062 -23.438 726.562 -859.375 -203.125 289.062 -804.688 460.938 289.062 -296.875 429.688 718.750
-578.125 -804.688 -54.688 -460.938 -23.438 828.125 -867.188 -367.188 312.500 -828.125 398.438 367.188 -265.625 398.438 773.438
-578.125 -804.688 -54.688 -460.938 -23.438 828.125 -867.188 -367.188 312.500 -828.125 398.438 367.188 -265.625 398.438 773.438
-609.375 -898.438 -78.125 -546.875 -109.375 742.188 -843.750 -312.500 343.750 -625.000 453.125 539.062 -234.375 382.812 781.250
-609.375 -898.438 -78.125 -546.875 -109.375 742.188 -843.750 -312.500 343.750 -625.000 453.125 539.062 -234.375 382.812 781.250
-648.438 -921.875 -132.812 -546.875 -140.625 765.625 -882.812 -390.625 257.812 -687.500 375.000 562.500 -171.875 250.000 835.938
-648.438 -921.875 -132.812 -546.875 -140.625 765.625 -882.812 -390.625 257.812 -687.500 375.000 562.500 -171.875 250.000 835.938
-648.438 -804.688 -132.812 -578.125 -187.500 757.812 -890.625 -375.000 257.812 -695.312 382.812 531.250 -132.812 289.062 867.188
-648.438 -804.688 -132.812 -578.125 -187.500 757.812 -890.625 -375.000 257.812 -695.312 382.812 531.250 -132.812 289.062 867.188
-648.438 -804.688 -132.812 -578.125 -187.500 757.812 -890.625 -375.000 257.812 -695.312 382.812 531.250 -132.812 289.062 867.188
-609.375 -796.875 -132.812 -593.750 -140.625 750.000 -875.000 -343.750 273.438 -734.375 398.438 492.188 -148.438 359.375 875.000
-609.375 -796.875 -132.812 -593.750 -140.625 750.000 -875.000 -343.750 273.438 -734.375 398.438 492.188 -148.438 359.375 875.000
-664.062 -781.250 -203.125 -609.375 -125.000 726.562 -914.062 -335.938 226.562 -750.000 398.438 468.750 -171.875 367.188 875.000
-664.062 -781.250 -203.125 -609.375 -125.000 726.562 -914.062 -335.938 226.562 -750.000 398.438 468.750 -171.875 367.188 875.000
-601.562 -789.062 -148.438 -640.625 -125.000 710.938 -921.875 -328.125 210.938 -773.438 398.438 484.375 -171.875 382.812 898.438
-601.562 -789.062 -148.438 -640.625 -125.000 710.938 -921.875 -328.125 210.938 -773.438 398.438 484.375 -171.875 382.812 898.438
-601.562 -789.062 -148.438 -640.625 -125.000 710.938 -921.875 -328.125 210.938 -773.438 398.438 484.375 -171.875 382.812 898.438
-578.125 -750.000 -109.375 -648.438 -171.875 710.938 -898.438 -335.938 218.750 -742.188 390.625 515.625 -148.438 367.188 914.062
-578.125 -750.000 -109.375 -648.438 -171.875 710.938 -898.438 -335.938 218.750 -742.188 390.625 515.625 -148.438 367.188 914.062
-585.938 -765.625 -85.938 -625.000 -195.312 726.562 -890.625 -375.000 257.812 -687.500 406.250 570.312 -125.000 351.562 937.500
-585.938 -765.625 -85.938 -625.000 -195.312 726.562 -890.625 -375.000 257.812 -687.500 406.250 570.312 -125.000 351.562 937.500
-671.875 -828.125 -218.750 -578.125 -179.688 750.000 -875.000 -351.562 296.875 -648.438 445.312 632.812 0.000 382.812 1000.000
-671.875 -828.125 -218.750 -578.125 -179.688 750.000 -875.000 -351.562 296.875 -648.438 445.312 632.812 0.000 382.812 1000.000
-671.875 -820.312 -210.938 -570.312 -187.500 765.625 -875.000 -351.562 304.688 -671.875 445.312 617.188 -15.625 414.062 984.375
-671.875 -820.312 -210.938 -570.312 -187.500 765.625 -875.000 -351.562 304.688 -671.875 445.312 617.188 -15.625 414.062 984.375
-601.562 -820.312 -156.250 -546.875 -164.062 789.062 -867.188 -351.562 328.125 -671.875 453.125 593.750 -54.688 398.438 953.125
-601.562 -820.312 -156.250 -546.875 -164.062 789.062 -867.188 -351.562 328.125 -671.875 453.125 593.750 -54.688 398.438 953.125
-601.562 -820.312 -156.250 -546.875 -164.062 789.062 -867.188 -351.562 328.125 -671.875 453.125 593.750 -54.688 398.438 953.125
-601.562 -812.500 -140.625 -546.875 -140.625 773.438 -875.000 -312.500 328.125 -687.500 468.750 570.312 -70.312 406.250 968.750
-601.562 -812.500 -140.625 -546.875 -140.625 773.438 -875.000 -312.500 328.125 -687.500 468.750 570.312 -70.312 406.250 968.750
-593.750 -765.625 -140.625 -593.750 -125.000 726.562 -882.812 -273.438 289.062 -687.500 484.375 562.500 -62.500 429.688 976.562
-593.750 -765.625 -140.625 -593.750 -125.000 726.562 -882.812 -273.438 289.062 -687.500 484.375 562.500 -62.500 429.688 976.562
-632.812 -781.250 -210.938 -625.000 -109.375 703.125 -890.625 -257.812 250.000 -703.125 453.125 531.250 -93.750 414.062 929.688
-632.812 -781.250 -210.938 -625.000 -109.375 703.125 -890.625 -257.812 250.000 -703.125 453.125 531.250 -93.750 414.062 929.688
-632.812 -750.000 -195.312 -625.000 -125.000 703.125 -890.625 -257.812 257.812 -695.312 445.312 507.812 -101.562 406.250 914.062
-632.812 -750.000 -195.312 -625.000 -125.000 703.125 -890.625 -257.812 257.812 -695.312 445.312 507.812 -101.562 406.250 914.062
-632.812 -750.000 -195.312 -625.000 -125.000 703.125 -890.625 -257.812 257.812 -695.312 445.312 507.812 -101.562 406.250 914.062
-625.000 -742.188 -187.500 -617.188 -140.625 718.750 -898.438 -296.875 250.000 -718.750 429.688 507.812 -140.625 414.062 890.625
-625.000 -742.188 -187.500 -617.188 -140.625 718.750 -898.438 -296.875 250.000 -718.750 429.688 507.812 -140.625 414.062 890.625
-609.375 -796.875 -156.250 -632.812 -117.188 679.688 -898.438 -242.188 242.188 -703.125 460.938 492.188 -140.625 398.438 882.812
-609.375 -796.875 -156.250 -632.812 -117.188 679.688 -898.438 -242.188 242.188 -703.125 460.938 492.188 -140.625 398.438 882.812
-601.562 -812.500 -148.438 -625.000 -125.000 703.125 -906.250 -257.812 250.000 -710.938 445.312 500.000 -132.812 414.062 882.812
-601.562 -812.500 -148.438 -625.000 -125.000 703.125 -906.250 -257.812 250.000 -710.938 445.312 500.000 -132.812 414.062 882.812
-609.375 -812.500 -140.625 -609.375 -132.812 718.750 -898.438 -257.812 273.438 -687.500 468.750 539.062 -85.938 414.062 898.438
-609.375 -812.500 -140.625 -609.375 -132.812 718.750 -898.438 -257.812 273.438 -687.500 468.750 539.062 -85.938 414.062 898.438
-609.375 -812.500 -140.625 -609.375 -132.812 718.750 -898.438 -257.812 273.438 -687.500 468.750 539.062 -85.938 414.062 898.438
-601.562 -843.750 -140.625 -601.562 -125.000 734.375 -890.625 -250.000 304.688 -671.875 476.562 539.062 -78.125 429.688 929.688
-601.562 -843.750 -140.625 -601.562 -125.000 734.375 -890.625 -250.000 304.688 -671.875 476.562 539.062 -78.125 429.688 929.688
-593.750 -867.188 -164.062 -601.562 -109.375 734.375 -898.438 -242.188 289.062 -687.500 492.188 515.625 -93.750 429.688 929.688
-593.750 -867.188 -164.062 -601.562 -109.375 734.375 -898.438 -242.188 289.062 -687.500 492.188 515.625 -93.750 429.688 929.688
-593.750 -765.625 -156.250 -609.375 -93.750 734.375 -906.250 -257.812 289.062 -718.750 468.750 484.375 -125.000 437.500 906.250
-593.750 -765.625 -156.250 -609.375 -93.750 734.375 -906.250 -257.812 289.062 -718.750 468.750 484.375 -125.000 437.500 906.250
-609.375 -765.625 -164.062 -625.000 -85.938 742.188 -921.875 -234.375 265.625 -710.938 484.375 484.375 -164.062 445.312 882.812
-609.375 -765.625 -164.062 -625.000 -85.938 742.188 -921.875 -234.375 265.625 -710.938 484.375 484.375 -164.062 445.312 882.812
-609.375 -765.625 -164.062 -625.000 -85.938 742.188 -921.875 -234.375 265.625 -710.938 484.375 484.375 -164.062 445.312 882.812
-593.750 -796.875 -125.000 -640.625 -85.938 726.562 -921.875 -234.375 265.625 -718.750 484.375 507.812 -117.188 437.500 921.875
-593.750 -796.875 -125.000 -640.625 -85.938 726.562 -921.875 -234.375 265.625 -718.750 484.375 507.812 -117.188 437.500 921.875
-593.750 -867.188 -132.812 -648.438 -85.938 679.688 -921.875 -203.125 289.062 -671.875 523.438 531.250 -117.188 429.688 921.875
-593.750 -867.188 -132.812 -648.438 -85.938 679.688 -921.875 -203.125 289.062 -671.875 523.438 531.250 -117.188 429.688 921.875
-687.500 -687.500 -242.188 -625.000 -93.750 734.375 -914.062 -234.375 312.500 -664.062 500.000 539.062 -70.312 429.688 921.875
-687.500 -687.500 -242.188 -625.000 -93.750 734.375 -914.062 -234.375 312.500 -664.062 500.000 539.062 -70.312 429.688 921.875
-671.875 -765.625 -210.938 -625.000 -93.750 726.562 -921.875 -234.375 296.875 -703.125 507.812 539.062 -85.938 468.750 921.875
-671.875 -765.625 -210.938 -625.000 -93.750 726.562 -921.875 -234.375 296.875 -703.125 507.812 539.062 -85.938 468.750 921.875
-671.875 -765.625 -210.938 -625.000 -93.750 726.562 -921.875 -234.375 296.875 -703.125 507.812 539.062 -85.938 468.750 921.875
-625.000 -781.250 -171.875 -632.812 -101.562 734.375 -929.688 -234.375 281.250 -703.125 492.188 523.438 -93.750 460.938 921.875
-625.000 -781.250 -171.875 -632.812 -101.562 734.375 -929.688 -234.375 281.250 -703.125 492.188 523.438 -93.750 460.938 921.875
-562.500 -851.562 -62.500 -656.250 -101.562 718.750 -937.500 -242.188 242.188 -742.188 460.938 484.375 -132.812 421.875 929.688
-562.500 -851.562 -62.500 -656.250 -101.562 718.750 -937.500 -242.188 242.188 -742.188 460.938 484.375 -132.812 421.875 929.688
-562.500 -820.312 -78.125 -664.062 -93.750 695.312 -945.312 -226.562 242.188 -750.000 468.750 468.750 -156.250 421.875 914.062
-562.500 -820.312 -78.125 -664.062 -93.750 695.312 -945.312 -226.562 242.188 -750.000 468.750 468.750 -156.250 421.875 914.062
-632.812 -796.875 -179.688 -664.062 -109.375 687.500 -921.875 -195.312 265.625 -695.312 507.812 515.625 -125.000 437.500 929.688
-632.812 -796.875 -179.688 -664.062 -109.375 687.500 -921.875 -195.312 265.625 -695.312 507.812 515.625 -125.000 437.500 929.688
-632.812 -796.875 -179.688 -664.062 -109.375 687.500 -921.875 -195.312 265.625 -695.312 507.812 515.625 -125.000 437.500 929.688
-695.312 -718.750 -273.438 -609.375 -93.750 750.000 -914.062 -234.375 320.312 -679.688 500.000 546.875 -101.562 437.500 921.875
-695.312 -718.750 -273.438 -609.375 -93.750 750.000 -914.062 -234.375 320.312 -679.688 500.000 546.875 -101.562 437.500 921.875
-695.312 -718.750 -273.438 -609.375 -93.750 750.000 -914.062 -234.375 320.312 -679.688 500.000 546.875 -101.562 437.500 921.875
-695.312 -750.000 -257.812 -617.188 -101.562 742.188 -921.875 -242.188 320.312 -687.500 500.000 546.875 -109.375 429.688 914.062
-601.562 -843.750 -148.438 -625.000 -140.625 750.000 -914.062 -281.250 289.062 -718.750 445.312 546.875 -101.562 406.250 960.938
-601.562 -843.750 -148.438 -625.000 -140.625 750.000 -914.062 -281.250 289.062 -718.750 445.312 546.875 -101.562 406.250 960.938
-593.750 -851.562 -140.625 -625.000 -156.250 750.000 -914.062 -304.688 296.875 -710.938 437.500 546.875 -117.188 398.438 953.125
-593.750 -851.562 -140.625 -625.000 -156.250 750.000 -914.062 -304.688 296.875 -710.938 437.500 546.875 -117.188 398.438 953.125
-593.750 -851.562 -140.625 -625.000 -156.250 750.000 -914.062 -304.688 296.875 -710.938 437.500 546.875 -117.188 398.438 953.125
-601.562 -859.375 -164.062 -632.812 -171.875 742.188 -929.688 -296.875 273.438 -710.938 437.500 554.688 -148.438 398.438 921.875
-601.562 -859.375 -164.062 -632.812 -171.875 742.188 -929.688 -296.875 273.438 -710.938 437.500 554.688 -148.438 398.438 921.875
-617.188 -843.750 -171.875 -640.625 -156.250 726.562 -921.875 -296.875 265.625 -726.562 437.500 523.438 -148.438 398.438 921.875
-617.188 -843.750 -171.875 -640.625 -156.250 726.562 -921.875 -296.875 265.625 -726.562 437.500 523.438 -148.438 398.438 921.875
-609.375 -789.062 -164.062 -656.250 -140.625 695.312 -906.250 -234.375 273.438 -703.125 468.750 523.438 -179.688 406.250 882.812
-609.375 -789.062 -164.062 -656.250 -140.625 695.312 -906.250 -234.375 273.438 -703.125 468.750 523.438 -179.688 406.250 882.812
-609.375 -789.062 -164.062 -656.250 -140.625 695.312 -906.250 -234.375 273.438 -703.125 468.750 523.438 -179.688 406.250 882.812
-632.812 -804.688 -210.938 -632.812 -140.625 710.938 -906.250 -242.188 296.875 -679.688 492.188 562.500 -117.188 414.062 914.062
-632.812 -804.688 -210.938 -632.812 -140.625 710.938 -906.250 -242.188 296.875 -679.688 492.188 562.500 -117.188 414.062 914.062
-656.250 -804.688 -234.375 -625.000 -140.625 734.375 -914.062 -250.000 304.688 -671.875 484.375 570.312 -109.375 437.500 937.500
-656.250 -804.688 -234.375 -625.000 -140.625 734.375 -914.062 -250.000 304.688 -671.875 484.375 570.312 -109.375 437.500 937.500
-625.000 -843.750 -187.500 -609.375 -101.562 742.188 -906.250 -226.562 312.500 -695.312 492.188 523.438 -125.000 453.125 914.062
-625.000 -843.750 -187.500 -609.375 -101.562 742.188 -906.250 -226.562 312.500 -695.312 492.188 523.438 -125.000 453.125 914.062
-625.000 -843.750 -187.500 -609.375 -101.562 742.188 -906.250 -226.562 312.500 -695.312 492.188 523.438 -125.000 453.125 914.062
-601.562 -820.312 -164.062 -609.375 -93.750 726.562 -914.062 -218.750 304.688 -710.938 500.000 515.625 -125.000 453.125 921.875
