-718.750 -390.625 -460.938 -867.188 -304.688 39.062 -875.000 -328.125 109.375 -953.125 -70.312 328.125 -875.000 46.875 578.125
-695.312 -578.125 -507.812 -937.500 -101.562 0.000 -812.500 -273.438 148.438 -906.250 -31.250 382.812 -921.875 7.812 554.688
-695.312 -578.125 -507.812 -937.500 -101.562 0.000 -812.500 -273.438 148.438 -906.250 -31.250 382.812 -921.875 7.812 554.688
-757.812 -171.875 -578.125 -710.938 -335.938 242.188 -828.125 -531.250 179.688 -890.625 -117.188 335.938 -906.250 7.812 539.062
-757.812 -171.875 -578.125 -710.938 -335.938 242.188 -828.125 -531.250 179.688 -890.625 -117.188 335.938 -906.250 7.812 539.062
-757.812 -171.875 -578.125 -710.938 -335.938 242.188 -828.125 -531.250 179.688 -890.625 -117.188 335.938 -906.250 7.812 539.062
-757.812 -171.875 -578.125 -710.938 -335.938 242.188 -828.125 -531.250 179.688 -890.625 -117.188 335.938 -906.250 7.812 539.062
-828.125 7.812 -625.000 -632.812 -468.750 304.688 -742.188 -570.312 234.375 -843.750 -242.188 304.688 -859.375 -54.688 453.125
-828.125 7.812 -625.000 -632.812 -468.750 304.688 -742.188 -570.312 234.375 -843.750 -242.188 304.688 -859.375 -54.688 453.125
-828.125 7.812 -625.000 -632.812 -468.750 304.688 -742.188 -570.312 234.375 -843.750 -242.188 304.688 -859.375 -54.688 453.125
-914.062 78.125 -765.625 -585.938 -632.812 445.312 -734.375 -726.562 257.812 -851.562 -414.062 273.438 -921.875 -210.938 289.062
-914.062 78.125 -765.625 -585.938 -632.812 445.312 -734.375 -726.562 257.812 -851.562 -414.062 273.438 -921.875 -210.938 289.062
-906.250 -85.938 -828.125 -859.375 -445.312 171.875 -484.375 -718.750 359.375 -828.125 -585.938 289.062 -921.875 -382.812 109.375
-906.250 -85.938 -828.125 -859.375 -445.312 171.875 -484.375 -718.750 359.375 -828.125 -585.938 289.062 -921.875 -382.812 109.375
-906.250 -85.938 -828.125 -859.375 -445.312 171.875 -484.375 -718.750 359.375 -828.125 -585.938 289.062 -921.875 -382.812 109.375
-906.250 -85.938 -828.125 -859.375 -445.312 171.875 -484.375 -718.750 359.375 -828.125 -585.938 289.062 -921.875 -382.812 109.375
-867.188 -257.812 -773.438 -914.062 -828.125 31.250 -757.812 -625.000 179.688 -828.125 -578.125 242.188 -835.938 -367.188 156.250
-867.188 -257.812 -773.438 -914.062 -828.125 31.250 -757.812 -625.000 179.688 -828.125 -578.125 242.188 -835.938 -367.188 156.250
-867.188 -257.812 -773.438 -914.062 -828.125 31.250 -757.812 -625.000 179.688 -828.125 -578.125 242.188 -835.938 -367.188 156.250
-835.938 -265.625 -765.625 -929.688 -929.688 0.000 -742.188 -617.188 132.812 -820.312 -507.812 210.938 -773.438 -367.188 179.688
-835.938 -265.625 -765.625 -929.688 -929.688 0.000 -742.188 -617.188 132.812 -820.312 -507.812 210.938 -773.438 -367.188 179.688
-921.875 -257.812 -828.125 -968.750 -835.938 -46.875 -679.688 -578.125 117.188 -703.125 -453.125 156.250 -609.375 -343.750 164.062
-921.875 -257.812 -828.125 -968.750 -835.938 -46.875 -679.688 -578.125 117.188 -703.125 -453.125 156.250 -609.375 -343.750 164.062
-921.875 -257.812 -828.125 -968.750 -835.938 -46.875 -679.688 -578.125 117.188 -703.125 -453.125 156.250 -609.375 -343.750 164.062
-921.875 -257.812 -828.125 -968.750 -835.938 -46.875 -679.688 -578.125 117.188 -703.125 -453.125 156.250 -609.375 -343.750 164.062
-953.125 -203.125 -828.125 -609.375 -546.875 156.250 -335.938 -593.750 429.688 -328.125 -429.688 390.625 -187.500 -289.062 398.438
-953.125 -203.125 -828.125 -609.375 -546.875 156.250 -335.938 -593.750 429.688 -328.125 -429.688 390.625 -187.500 -289.062 398.438
-953.125 -203.125 -828.125 -609.375 -546.875 156.250 -335.938 -593.750 429.688 -328.125 -429.688 390.625 -187.500 -289.062 398.438
-757.812 -125.000 -570.312 -460.938 -648.438 335.938 -273.438 -562.500 593.750 -234.375 -414.062 570.312 -46.875 -15.625 859.375
-757.812 -125.000 -570.312 -460.938 -648.438 335.938 -273.438 -562.500 593.750 -234.375 -414.062 570.312 -46.875 -15.625 859.375
-757.812 -125.000 -570.312 -460.938 -648.438 335.938 -273.438 -562.500 593.750 -234.375 -414.062 570.312 -46.875 -15.625 859.375
-757.812 -125.000 -570.312 -460.938 -648.438 335.938 -273.438 -562.500 593.750 -234.375 -414.062 570.312 -46.875 -15.625 859.375
-164.062 31.250 328.125 -492.188 -273.438 656.250 -250.000 -585.938 1343.750 -70.312 -195.312 1546.875 93.750 234.375 1750.000
-164.062 31.250 328.125 -492.188 -273.438 656.250 -250.000 -585.938 1343.750 -70.312 -195.312 1546.875 93.750 234.375 1750.000
-101.562 351.562 296.875 -484.375 -351.562 867.188 -484.375 -335.938 1515.625 -31.250 -289.062 1742.188 218.750 54.688 1710.938
-101.562 351.562 296.875 -484.375 -351.562 867.188 -484.375 -335.938 1515.625 -31.250 -289.062 1742.188 218.750 54.688 1710.938
-101.562 351.562 296.875 -484.375 -351.562 867.188 -484.375 -335.938 1515.625 -31.250 -289.062 1742.188 218.750 54.688 1710.938
-1046.875 164.062 -640.625 -468.750 -343.750 632.812 -546.875 -101.562 968.750 46.875 -23.438 1609.375 437.500 78.125 1640.625
-1046.875 164.062 -640.625 -468.750 -343.750 632.812 -546.875 -101.562 968.750 46.875 -23.438 1609.375 437.500 78.125 1640.625
-742.188 46.875 -335.938 -578.125 -695.312 562.500 -460.938 -429.688 742.188 -273.438 -281.250 890.625 -148.438 -70.312 921.875
-742.188 46.875 -335.938 -578.125 -695.312 562.500 -460.938 -429.688 742.188 -273.438 -281.250 890.625 -148.438 -70.312 921.875
-742.188 46.875 -335.938 -578.125 -695.312 562.500 -460.938 -429.688 742.188 -273.438 -281.250 890.625 -148.438 -70.312 921.875
-742.188 46.875 -335.938 -578.125 -695.312 562.500 -460.938 -429.688 742.188 -273.438 -281.250 890.625 -148.438 -70.312 921.875
-742.188 46.875 -335.938 -578.125 -695.312 562.500 -460.938 -429.688 742.188 -273.438 -281.250 890.625 -148.438 -70.312 921.875
-882.812 -15.625 -500.000 -445.312 -781.250 640.625 -453.125 -554.688 664.062 -367.188 -375.000 765.625 -296.875 -187.500 789.062
-882.812 -15.625 -500.000 -445.312 -781.250 640.625 -453.125 -554.688 664.062 -367.188 -375.000 765.625 -296.875 -187.500 789.062
-937.500 -7.812 -539.062 -515.625 -664.062 585.938 -437.500 -585.938 687.500 -382.812 -437.500 742.188 -359.375 -226.562 757.812
-937.500 -7.812 -539.062 -515.625 -664.062 585.938 -437.500 -585.938 687.500 -382.812 -437.500 742.188 -359.375 -226.562 757.812
-851.562 -109.375 -484.375 -484.375 -820.312 609.375 -421.875 -632.812 695.312 -359.375 -468.750 750.000 -367.188 -250.000 757.812
-851.562 -109.375 -484.375 -484.375 -820.312 609.375 -421.875 -632.812 695.312 -359.375 -468.750 750.000 -367.188 -250.000 757.812
-914.062 -164.062 -562.500 -460.938 -742.188 570.312 -367.188 -617.188 734.375 -265.625 -421.875 843.750 -210.938 -179.688 945.312
-914.062 -164.062 -562.500 -460.938 -742.188 570.312 -367.188 -617.188 734.375 -265.625 -421.875 843.750 -210.938 -179.688 945.312
-914.062 -164.062 -562.500 -460.938 -742.188 570.312 -367.188 -617.188 734.375 -265.625 -421.875 843.750 -210.938 -179.688 945.312
-859.375 -164.062 -515.625 -445.312 -828.125 601.562 -398.438 -578.125 789.062 -226.562 -414.062 945.312 -140.625 -171.875 1015.625
-859.375 -164.062 -515.625 -445.312 -828.125 601.562 -398.438 -578.125 789.062 -226.562 -414.062 945.312 -140.625 -171.875 1015.625
-875.000 -101.562 -523.438 -484.375 -859.375 648.438 -414.062 -562.500 773.438 -210.938 -398.438 960.938 -93.750 -148.438 1039.062
-875.000 -101.562 -523.438 -484.375 -859.375 648.438 -414.062 -562.500 773.438 -210.938 -398.438 960.938 -93.750 -148.438 1039.062
-867.188 85.938 -500.000 -492.188 -609.375 570.312 -406.250 -445.312 789.062 -187.500 -296.875 976.562 -31.250 -23.438 1070.312
-867.188 85.938 -500.000 -492.188 -609.375 570.312 -406.250 -445.312 789.062 -187.500 -296.875 976.562 -31.250 -23.438 1070.312
-867.188 85.938 -500.000 -492.188 -609.375 570.312 -406.250 -445.312 789.062 -187.500 -296.875 976.562 -31.250 -23.438 1070.312
-867.188 85.938 -500.000 -492.188 -609.375 570.312 -406.250 -445.312 789.062 -187.500 -296.875 976.562 -31.250 -23.438 1070.312
-859.375 101.562 -500.000 -492.188 -617.188 585.938 -406.250 -445.312 789.062 -187.500 -304.688 976.562 -46.875 -46.875 1054.688
-859.375 101.562 -500.000 -492.188 -617.188 585.938 -406.250 -445.312 789.062 -187.500 -304.688 976.562 -46.875 -46.875 1054.688
-859.375 101.562 -500.000 -492.188 -617.188 585.938 -406.250 -445.312 789.062 -187.500 -304.688 976.562 -46.875 -46.875 1054.688
-875.000 117.188 -515.625 -492.188 -640.625 562.500 -382.812 -492.188 765.625 -195.312 -335.938 937.500 -85.938 -85.938 1015.625
-875.000 117.188 -515.625 -492.188 -640.625 562.500 -382.812 -492.188 765.625 -195.312 -335.938 937.500 -85.938 -85.938 1015.625
-867.188 62.500 -515.625 -484.375 -679.688 554.688 -406.250 -484.375 742.188 -203.125 -343.750 937.500 -109.375 -85.938 1007.812
-867.188 62.500 -515.625 -484.375 -679.688 554.688 -406.250 -484.375 742.188 -203.125 -343.750 937.500 -109.375 -85.938 1007.812
-859.375 -15.625 -500.000 -507.812 -695.312 515.625 -390.625 -500.000 695.312 -226.562 -335.938 875.000 -125.000 -70.312 992.188
-859.375 -15.625 -500.000 -507.812 -695.312 515.625 -390.625 -500.000 695.312 -226.562 -335.938 875.000 -125.000 -70.312 992.188
-859.375 -15.625 -500.000 -507.812 -695.312 515.625 -390.625 -500.000 695.312 -226.562 -335.938 875.000 -125.000 -70.312 992.188
-914.062 -125.000 -562.500 -531.250 -656.250 515.625 -414.062 -554.688 695.312 -265.625 -398.438 875.000 -187.500 -187.500 968.750
-914.062 -125.000 -562.500 -531.250 -656.250 515.625 -414.062 -554.688 695.312 -265.625 -398.438 875.000 -187.500 -187.500 968.750
-914.062 -125.000 -562.500 -531.250 -656.250 515.625 -414.062 -554.688 695.312 -265.625 -398.438 875.000 -187.500 -187.500 968.750
-914.062 -125.000 -562.500 -531.250 -656.250 515.625 -414.062 -554.688 695.312 -265.625 -398.438 875.000 -187.500 -187.500 968.750
-898.438 39.062 -500.000 -531.250 -695.312 601.562 -421.875 -570.312 765.625 -281.250 -453.125 898.438 -226.562 -203.125 960.938
-898.438 39.062 -500.000 -531.250 -695.312 601.562 -421.875 -570.312 765.625 -281.250 -453.125 898.438 -226.562 -203.125 960.938
-890.625 46.875 -468.750 -539.062 -734.375 585.938 -437.500 -562.500 742.188 -289.062 -445.312 890.625 -226.562 -203.125 960.938
-890.625 46.875 -468.750 -539.062 -734.375 585.938 -437.500 -562.500 742.188 -289.062 -445.312 890.625 -226.562 -203.125 960.938
-890.625 46.875 -468.750 -539.062 -734.375 585.938 -437.500 -562.500 742.188 -289.062 -445.312 890.625 -226.562 -203.125 960.938
-898.438 -7.812 -468.750 -554.688 -687.500 609.375 -453.125 -593.750 750.000 -312.500 -468.750 882.812 -226.562 -250.000 960.938
-898.438 -7.812 -468.750 -554.688 -687.500 609.375 -453.125 -593.750 750.000 -312.500 -468.750 882.812 -226.562 -250.000 960.938
-898.438 -7.812 -468.750 -554.688 -687.500 609.375 -453.125 -593.750 750.000 -312.500 -468.750 882.812 -226.562 -250.000 960.938
-898.438 -7.812 -468.750 -554.688 -687.500 609.375 -453.125 -593.750 750.000 -312.500 -468.750 882.812 -226.562 -250.000 960.938
-960.938 -218.750 -484.375 -562.500 -875.000 640.625 -445.312 -710.938 710.938 -414.062 -500.000 789.062 -453.125 -296.875 843.750
-960.938 -218.750 -484.375 -562.500 -875.000 640.625 -445.312 -710.938 710.938 -414.062 -500.000 789.062 -453.125 -296.875 843.750
-960.938 -304.688 -476.562 -554.688 -968.750 664.062 -460.938 -710.938 687.500 -453.125 -523.438 765.625 -539.062 -312.500 804.688
-960.938 -304.688 -476.562 -554.688 -968.750 664.062 -460.938 -710.938 687.500 -453.125 -523.438 765.625 -539.062 -312.500 804.688
-992.188 -875.000 -578.125 -507.812 -1070.312 781.250 -453.125 -789.062 796.875 -585.938 -617.188 781.250 -757.812 -375.000 664.062
-992.188 -875.000 -578.125 -507.812 -1070.312 781.250 -453.125 -789.062 796.875 -585.938 -617.188 781.250 -757.812 -375.000 664.062
-992.188 -875.000 -578.125 -507.812 -1070.312 781.250 -453.125 -789.062 796.875 -585.938 -617.188 781.250 -757.812 -375.000 664.062
-953.125 -1070.312 -609.375 -453.125 -851.562 789.062 -382.812 -812.500 695.312 -671.875 -445.312 468.750 -984.375 -23.438 328.125
-953.125 -1070.312 -609.375 -453.125 -851.562 789.062 -382.812 -812.500 695.312 -671.875 -445.312 468.750 -984.375 -23.438 328.125
-953.125 -1070.312 -609.375 -453.125 -851.562 789.062 -382.812 -812.500 695.312 -671.875 -445.312 468.750 -984.375 -23.438 328.125
-953.125 -1070.312 -609.375 -453.125 -851.562 789.062 -382.812 -812.500 695.312 -671.875 -445.312 468.750 -984.375 -23.438 328.125
-1031.250 -937.500 -710.938 -648.438 -828.125 562.500 -523.438 -710.938 500.000 -625.000 -289.062 445.312 -585.938 0.000 273.438
-1031.250 -937.500 -710.938 -648.438 -828.125 562.500 -523.438 -710.938 500.000 -625.000 -289.062 445.312 -585.938 0.000 273.438
-1179.688 -750.000 -867.188 -750.000 -679.688 546.875 -546.875 -406.250 593.750 -343.750 304.688 593.750 -242.188 671.875 437.500
-1179.688 -750.000 -867.188 -750.000 -679.688 546.875 -546.875 -406.250 593.750 -343.750 304.688 593.750 -242.188 671.875 437.500
-1179.688 -750.000 -867.188 -750.000 -679.688 546.875 -546.875 -406.250 593.750 -343.750 304.688 593.750 -242.188 671.875 437.500
-1101.562 -750.000 -820.312 -804.688 -539.062 554.688 -539.062 -250.000 781.250 -226.562 289.062 757.812 -171.875 703.125 437.500
-1101.562 -750.000 -820.312 -804.688 -539.062 554.688 -539.062 -250.000 781.250 -226.562 289.062 757.812 -171.875 703.125 437.500
-1031.250 -742.188 -796.875 -726.562 -476.562 601.562 -554.688 -70.312 859.375 -195.312 335.938 851.562 -187.500 812.500 445.312
-1031.250 -742.188 -796.875 -726.562 -476.562 601.562 -554.688 -70.312 859.375 -195.312 335.938 851.562 -187.500 812.500 445.312
-1070.312 -695.312 -835.938 -585.938 117.188 390.625 -640.625 359.375 648.438 -328.125 640.625 601.562 -156.250 1257.812 226.562
-1070.312 -695.312 -835.938 -585.938 117.188 390.625 -640.625 359.375 648.438 -328.125 640.625 601.562 -156.250 1257.812 226.562
-1070.312 -695.312 -835.938 -585.938 117.188 390.625 -640.625 359.375 648.438 -328.125 640.625 601.562 -156.250 1257.812 226.562
-1148.438 -632.812 -921.875 -570.312 281.250 429.688 -640.625 570.312 765.625 -335.938 625.000 554.688 -117.188 1312.500 101.562
-1148.438 -632.812 -921.875 -570.312 281.250 429.688 -640.625 570.312 765.625 -335.938 625.000 554.688 -117.188 1312.500 101.562
-1140.625 -273.438 -773.438 -367.188 546.875 351.562 -484.375 320.312 312.500 -281.250 1039.062 78.125 7.812 1554.688 -54.688
-1140.625 -273.438 -773.438 -367.188 546.875 351.562 -484.375 320.312 312.500 -281.250 1039.062 78.125 7.812 1554.688 -54.688
-976.562 -242.188 -593.750 -593.750 671.875 281.250 -429.688 468.750 179.688 -31.250 1265.625 -78.125 250.000 1593.750 -70.312
-976.562 -242.188 -593.750 -593.750 671.875 281.250 -429.688 468.750 179.688 -31.250 1265.625 -78.125 250.000 1593.750 -70.312
-671.875 -187.500 -78.125 -382.812 1218.750 140.625 -164.062 945.312 578.125 515.625 1429.688 234.375 976.562 1453.125 273.438
-671.875 -187.500 -78.125 -382.812 1218.750 140.625 -164.062 945.312 578.125 515.625 1429.688 234.375 976.562 1453.125 273.438
-671.875 -187.500 -78.125 -382.812 1218.750 140.625 -164.062 945.312 578.125 515.625 1429.688 234.375 976.562 1453.125 273.438
-671.875 -187.500 -78.125 -382.812 1218.750 140.625 -164.062 945.312 578.125 515.625 1429.688 234.375 976.562 1453.125 273.438
-671.875 -187.500 -78.125 -382.812 1218.750 140.625 -164.062 945.312 578.125 515.625 1429.688 234.375 976.562 1453.125 273.438
-656.250 -85.938 85.938 -93.750 968.750 382.812 -93.750 1039.062 640.625 664.062 1429.688 312.500 1140.625 1484.375 406.250
-656.250 -85.938 85.938 -93.750 968.750 382.812 -93.750 1039.062 640.625 664.062 1429.688 312.500 1140.625 1484.375 406.250
-617.188 54.688 257.812 117.188 1023.438 640.625 54.688 1070.312 906.250 781.250 1421.875 500.000 1148.438 1343.750 640.625
-617.188 54.688 257.812 117.188 1023.438 640.625 54.688 1070.312 906.250 781.250 1421.875 500.000 1148.438 1343.750 640.625
-609.375 39.062 335.938 93.750 1109.375 656.250 23.438 1046.875 953.125 695.312 1343.750 562.500 1125.000 1195.312 710.938
-609.375 39.062 335.938 93.750 1109.375 656.250 23.438 1046.875 953.125 695.312 1343.750 562.500 1125.000 1195.312 710.938
-656.250 -46.875 390.625 -101.562 867.188 671.875 -195.312 843.750 812.500 414.062 1164.062 484.375 726.562 1039.062 648.438
-656.250 -46.875 390.625 -101.562 867.188 671.875 -195.312 843.750 812.500 414.062 1164.062 484.375 726.562 1039.062 648.438
-656.250 -46.875 390.625 -101.562 867.188 671.875 -195.312 843.750 812.500 414.062 1164.062 484.375 726.562 1039.062 648.438
-656.250 -46.875 390.625 -101.562 867.188 671.875 -195.312 843.750 812.500 414.062 1164.062 484.375 726.562 1039.062 648.438
-656.250 -46.875 390.625 -101.562 867.188 671.875 -195.312 843.750 812.500 414.062 1164.062 484.375 726.562 1039.062 648.438
-601.562 -367.188 421.875 -242.188 648.438 656.250 -328.125 648.438 687.500 148.438 968.750 328.125 343.750 914.062 476.562
-601.562 -367.188 421.875 -242.188 648.438 656.250 -328.125 648.438 687.500 148.438 968.750 328.125 343.750 914.062 476.562
-625.000 -492.188 429.688 -281.250 585.938 679.688 -328.125 578.125 671.875 85.938 906.250 312.500 289.062 843.750 437.500
-625.000 -492.188 429.688 -281.250 585.938 679.688 -328.125 578.125 671.875 85.938 906.250 312.500 289.062 843.750 437.500
-625.000 -492.188 429.688 -281.250 585.938 679.688 -328.125 578.125 671.875 85.938 906.250 312.500 289.062 843.750 437.500
-625.000 -492.188 429.688 -281.250 585.938 679.688 -328.125 578.125 671.875 85.938 906.250 312.500 289.062 843.750 437.500
-625.000 -492.188 429.688 -281.250 585.938 679.688 -328.125 578.125 671.875 85.938 906.250 312.500 289.062 843.750 437.500
-609.375 -710.938 453.125 -234.375 390.625 828.125 -296.875 398.438 773.438 78.125 804.688 359.375 179.688 757.812 429.688
-609.375 -710.938 453.125 -234.375 390.625 828.125 -296.875 398.438 773.438 78.125 804.688 359.375 179.688 757.812 429.688
-609.375 -710.938 453.125 -234.375 390.625 828.125 -296.875 398.438 773.438 78.125 804.688 359.375 179.688 757.812 429.688
-609.375 -710.938 453.125 -234.375 390.625 828.125 -296.875 398.438 773.438 78.125 804.688 359.375 179.688 757.812 429.688
-585.938 -656.250 460.938 -187.500 429.688 828.125 -226.562 437.500 828.125 164.062 835.938 406.250 265.625 781.250 445.312
-585.938 -656.250 460.938 -187.500 429.688 828.125 -226.562 437.500 828.125 164.062 835.938 406.250 265.625 781.250 445.312
-578.125 -625.000 460.938 -156.250 453.125 835.938 -218.750 468.750 843.750 218.750 875.000 421.875 335.938 828.125 476.562
-578.125 -625.000 460.938 -156.250 453.125 835.938 -218.750 468.750 843.750 218.750 875.000 421.875 335.938 828.125 476.562
-570.312 -562.500 460.938 -148.438 500.000 828.125 -210.938 523.438 859.375 296.875 929.688 445.312 437.500 867.188 531.250
-570.312 -562.500 460.938 -148.438 500.000 828.125 -210.938 523.438 859.375 296.875 929.688 445.312 437.500 867.188 531.250
-570.312 -562.500 460.938 -148.438 500.000 828.125 -210.938 523.438 859.375 296.875 929.688 445.312 437.500 867.188 531.250
-546.875 -492.188 406.250 -54.688 664.062 835.938 -156.250 640.625 929.688 351.562 1039.062 429.688 507.812 992.188 570.312
-546.875 -492.188 406.250 -54.688 664.062 835.938 -156.250 640.625 929.688 351.562 1039.062 429.688 507.812 992.188 570.312
-554.688 -476.562 375.000 -54.688 664.062 843.750 -156.250 664.062 921.875 359.375 1046.875 429.688 546.875 992.188 570.312
-554.688 -476.562 375.000 -54.688 664.062 843.750 -156.250 664.062 921.875 359.375 1046.875 429.688 546.875 992.188 570.312
-554.688 -476.562 375.000 -54.688 664.062 843.750 -156.250 664.062 921.875 359.375 1046.875 429.688 546.875 992.188 570.312
-554.688 -476.562 375.000 -54.688 664.062 843.750 -156.250 664.062 921.875 359.375 1046.875 429.688 546.875 992.188 570.312
-554.688 -476.562 375.000 -54.688 664.062 843.750 -156.250 664.062 921.875 359.375 1046.875 429.688 546.875 992.188 570.312
-617.188 -359.375 250.000 -109.375 687.500 710.938 -156.250 687.500 867.188 453.125 1117.188 445.312 718.750 1046.875 648.438
-617.188 -359.375 250.000 -109.375 687.500 710.938 -156.250 687.500 867.188 453.125 1117.188 445.312 718.750 1046.875 648.438
-617.188 -289.062 195.312 -132.812 703.125 687.500 -164.062 710.938 875.000 484.375 1125.000 492.188 718.750 1039.062 664.062
-617.188 -289.062 195.312 -132.812 703.125 687.500 -164.062 710.938 875.000 484.375 1125.000 492.188 718.750 1039.062 664.062
-609.375 -242.188 164.062 -140.625 726.562 671.875 -187.500 718.750 867.188 468.750 1140.625 492.188 742.188 1046.875 664.062
-609.375 -242.188 164.062 -140.625 726.562 671.875 -187.500 718.750 867.188 468.750 1140.625 492.188 742.188 1046.875 664.062
-632.812 -148.438 93.750 -203.125 679.688 664.062 -234.375 695.312 851.562 476.562 1164.062 500.000 789.062 1117.188 687.500
-632.812 -148.438 93.750 -203.125 679.688 664.062 -234.375 695.312 851.562 476.562 1164.062 500.000 789.062 1117.188 687.500
-632.812 -148.438 93.750 -203.125 679.688 664.062 -234.375 695.312 851.562 476.562 1164.062 500.000 789.062 1117.188 687.500
-703.125 -171.875 -93.750 -226.562 531.250 671.875 -250.000 601.562 804.688 375.000 1218.750 460.938 640.625 1148.438 656.250
-703.125 -171.875 -93.750 -226.562 531.250 671.875 -250.000 601.562 804.688 375.000 1218.750 460.938 640.625 1148.438 656.250
-835.938 -101.562 -320.312 -203.125 398.438 757.812 -226.562 578.125 835.938 476.562 1296.875 523.438 757.812 1273.438 750.000
-835.938 -101.562 -320.312 -203.125 398.438 757.812 -226.562 578.125 835.938 476.562 1296.875 523.438 757.812 1273.438 750.000
-937.500 -23.438 -429.688 -171.875 351.562 750.000 -242.188 585.938 835.938 476.562 1328.125 539.062 742.188 1273.438 757.812
-937.500 -23.438 -429.688 -171.875 351.562 750.000 -242.188 585.938 835.938 476.562 1328.125 539.062 742.188 1273.438 757.812
-1367.188 -171.875 -1140.625 -140.625 453.125 679.688 -187.500 445.312 851.562 343.750 1531.250 625.000 804.688 1468.750 937.500
-1367.188 -171.875 -1140.625 -140.625 453.125 679.688 -187.500 445.312 851.562 343.750 1531.250 625.000 804.688 1468.750 937.500
-1367.188 -171.875 -1140.625 -140.625 453.125 679.688 -187.500 445.312 851.562 343.750 1531.250 625.000 804.688 1468.750 937.500
-1445.312 -242.188 -1367.188 -125.000 429.688 671.875 -343.750 484.375 976.562 320.312 1500.000 671.875 718.750 1429.688 890.625
-1445.312 -242.188 -1367.188 -125.000 429.688 671.875 -343.750 484.375 976.562 320.312 1500.000 671.875 718.750 1429.688 890.625
-703.125 -812.500 -1054.688 -101.562 437.500 273.438 -617.188 125.000 1085.938 -164.062 1531.250 1164.062 664.062 1781.250 1843.750
-703.125 -812.500 -1054.688 -101.562 437.500 273.438 -617.188 125.000 1085.938 -164.062 1531.250 1164.062 664.062 1781.250 1843.750
-703.125 -812.500 -1054.688 -101.562 437.500 273.438 -617.188 125.000 1085.938 -164.062 1531.250 1164.062 664.062 1781.250 1843.750
-703.125 -812.500 -1054.688 -101.562 437.500 273.438 -617.188 125.000 1085.938 -164.062 1531.250 1164.062 664.062 1781.250 1843.750
-164.062 -1234.375 -460.938 -601.562 671.875 -804.688 273.438 39.062 796.875 1960.938 484.375 632.812 2531.250 23.438 226.562
-164.062 -1234.375 -460.938 -601.562 671.875 -804.688 273.438 39.062 796.875 1960.938 484.375 632.812 2531.250 23.438 226.562
-164.062 -1234.375 -460.938 -601.562 671.875 -804.688 273.438 39.062 796.875 1960.938 484.375 632.812 2531.250 23.438 226.562
-164.062 -1671.875 -320.312 -1468.750 -1070.312 -2335.938 867.188 703.125 -554.688 2023.438 -953.125 -773.438 3992.188 312.500 -890.625
-164.062 -1671.875 -320.312 -1468.750 -1070.312 -2335.938 867.188 703.125 -554.688 2023.438 -953.125 -773.438 3992.188 312.500 -890.625
-164.062 -1671.875 -320.312 -1468.750 -1070.312 -2335.938 867.188 703.125 -554.688 2023.438 -953.125 -773.438 3992.188 312.500 -890.625
-164.062 -1671.875 -320.312 -1468.750 -1070.312 -2335.938 867.188 703.125 -554.688 2023.438 -953.125 -773.438 3992.188 312.500 -890.625
-1210.938 -1851.562 -1296.875 -117.188 -3015.625 1460.938 -1296.875 -1875.000 -1617.188 -2140.625 -531.250 -2953.125 -1000.000 226.562 -1710.938
-1210.938 -1851.562 -1296.875 -117.188 -3015.625 1460.938 -1296.875 -1875.000 -1617.188 -2140.625 -531.250 -2953.125 -1000.000 226.562 -1710.938
-914.062 -2000.000 -1093.750 -484.375 -2093.750 1460.938 -1343.750 -1968.750 -843.750 -2773.438 -1171.875 -2343.750 -757.812 -1523.438 -1781.250
-914.062 -2000.000 -1093.750 -484.375 -2093.750 1460.938 -1343.750 -1968.750 -843.750 -2773.438 -1171.875 -2343.750 -757.812 -1523.438 -1781.250
-914.062 -2000.000 -1093.750 -484.375 -2093.750 1460.938 -1343.750 -1968.750 -843.750 -2773.438 -1171.875 -2343.750 -757.812 -1523.438 -1781.250
398.438 -2148.438 242.188 -914.062 -1429.688 406.250 -859.375 -1101.562 164.062 -1000.000 -1625.000 710.938 -570.312 -1953.125 -625.000
398.438 -2148.438 242.188 -914.062 -1429.688 406.250 -859.375 -1101.562 164.062 -1000.000 -1625.000 710.938 -570.312 -1953.125 -625.000
398.438 -2148.438 242.188 -914.062 -1429.688 406.250 -859.375 -1101.562 164.062 -1000.000 -1625.000 710.938 -570.312 -1953.125 -625.000
398.438 -2148.438 242.188 -914.062 -1429.688 406.250 -859.375 -1101.562 164.062 -1000.000 -1625.000 710.938 -570.312 -1953.125 -625.000
-796.875 -703.125 -281.250 -765.625 -367.188 265.625 -765.625 -414.062 203.125 -875.000 187.500 382.812 -960.938 125.000 609.375
-796.875 -703.125 -281.250 -765.625 -367.188 265.625 -765.625 -414.062 203.125 -875.000 187.500 382.812 -960.938 125.000 609.375
-1023.438 -46.875 -296.875 -640.625 0.000 398.438 -679.688 -210.938 625.000 -789.062 148.438 765.625 -843.750 148.438 851.562
-1023.438 -46.875 -296.875 -640.625 0.000 398.438 -679.688 -210.938 625.000 -789.062 148.438 765.625 -843.750 148.438 851.562
-1023.438 -46.875 -296.875 -640.625 0.000 398.438 -679.688 -210.938 625.000 -789.062 148.438 765.625 -843.750 148.438 851.562
-1062.500 164.062 -250.000 -609.375 15.625 492.188 -664.062 -234.375 710.938 -820.312 234.375 867.188 -851.562 179.688 1070.312
-1062.500 164.062 -250.000 -609.375 15.625 492.188 -664.062 -234.375 710.938 -820.312 234.375 867.188 -851.562 179.688 1070.312
-906.250 -617.188 -351.562 -820.312 -226.562 382.812 -851.562 -304.688 367.188 -976.562 156.250 523.438 -929.688 140.625 812.500
-906.250 -617.188 -351.562 -820.312 -226.562 382.812 -851.562 -304.688 367.188 -976.562 156.250 523.438 -929.688 140.625 812.500
-882.812 -843.750 -406.250 -843.750 -343.750 406.250 -898.438 -406.250 281.250 -984.375 78.125 382.812 -945.312 85.938 609.375
-882.812 -843.750 -406.250 -843.750 -343.750 406.250 -898.438 -406.250 281.250 -984.375 78.125 382.812 -945.312 85.938 609.375
-554.688 -953.125 -179.688 -835.938 -554.688 445.312 -828.125 -656.250 210.938 -1007.812 -296.875 218.750 -906.250 -281.250 226.562
-554.688 -953.125 -179.688 -835.938 -554.688 445.312 -828.125 -656.250 210.938 -1007.812 -296.875 218.750 -906.250 -281.250 226.562
-554.688 -953.125 -179.688 -835.938 -554.688 445.312 -828.125 -656.250 210.938 -1007.812 -296.875 218.750 -906.250 -281.250 226.562
-507.812 -929.688 -148.438 -859.375 -578.125 390.625 -867.188 -648.438 148.438 -1015.625 -273.438 179.688 -906.250 -265.625 242.188
-507.812 -929.688 -148.438 -859.375 -578.125 390.625 -867.188 -648.438 148.438 -1015.625 -273.438 179.688 -906.250 -265.625 242.188
-578.125 -656.250 -140.625 -835.938 -523.438 265.625 -804.688 -593.750 132.812 -945.312 -234.375 289.062 -835.938 -210.938 398.438
-578.125 -656.250 -140.625 -835.938 -523.438 265.625 -804.688 -593.750 132.812 -945.312 -234.375 289.062 -835.938 -210.938 398.438
-578.125 -656.250 -140.625 -835.938 -523.438 265.625 -804.688 -593.750 132.812 -945.312 -234.375 289.062 -835.938 -210.938 398.438
-578.125 -656.250 -140.625 -835.938 -523.438 265.625 -804.688 -593.750 132.812 -945.312 -234.375 289.062 -835.938 -210.938 398.438
-578.125 -640.625 -140.625 -812.500 -476.562 273.438 -789.062 -570.312 179.688 -921.875 -203.125 320.312 -812.500 -195.312 429.688
-578.125 -640.625 -140.625 -812.500 -476.562 273.438 -789.062 -570.312 179.688 -921.875 -203.125 320.312 -812.500 -195.312 429.688
-578.125 -640.625 -140.625 -812.500 -476.562 273.438 -789.062 -570.312 179.688 -921.875 -203.125 320.312 -812.500 -195.312 429.688
-585.938 -625.000 -117.188 -781.250 -453.125 304.688 -718.750 -570.312 296.875 -804.688 -210.938 460.938 -757.812 -171.875 539.062
-585.938 -625.000 -117.188 -781.250 -453.125 304.688 -718.750 -570.312 296.875 -804.688 -210.938 460.938 -757.812 -171.875 539.062
-492.188 -656.250 0.000 -765.625 -531.250 421.875 -718.750 -703.125 351.562 -890.625 -343.750 523.438 -812.500 -304.688 554.688
-492.188 -656.250 0.000 -765.625 -531.250 421.875 -718.750 -703.125 351.562 -890.625 -343.750 523.438 -812.500 -304.688 554.688
-343.750 -781.250 15.625 -796.875 -640.625 484.375 -765.625 -789.062 335.938 -960.938 -328.125 507.812 -843.750 -281.250 585.938
-343.750 -781.250 15.625 -796.875 -640.625 484.375 -765.625 -789.062 335.938 -960.938 -328.125 507.812 -843.750 -281.250 585.938
-296.875 -1031.250 -117.188 -789.062 -593.750 539.062 -765.625 -750.000 367.188 -976.562 -304.688 500.000 -882.812 -257.812 414.062
-296.875 -1031.250 -117.188 -789.062 -593.750 539.062 -765.625 -750.000 367.188 -976.562 -304.688 500.000 -882.812 -257.812 414.062
-296.875 -1031.250 -117.188 -789.062 -593.750 539.062 -765.625 -750.000 367.188 -976.562 -304.688 500.000 -882.812 -257.812 414.062
-296.875 -1031.250 -117.188 -789.062 -593.750 539.062 -765.625 -750.000 367.188 -976.562 -304.688 500.000 -882.812 -257.812 414.062
-398.438 -1039.062 -289.062 -765.625 -585.938 625.000 -757.812 -773.438 429.688 -992.188 -218.750 492.188 -953.125 -203.125 421.875
-695.312 -875.000 -609.375 -750.000 -570.312 648.438 -710.938 -765.625 460.938 -984.375 -234.375 531.250 -984.375 -125.000 460.938
-695.312 -875.000 -609.375 -750.000 -570.312 648.438 -710.938 -765.625 460.938 -984.375 -234.375 531.250 -984.375 -125.000 460.938
-742.188 -875.000 -742.188 -750.000 -429.688 601.562 -718.750 -656.250 460.938 -992.188 -132.812 515.625 -1093.750 -101.562 476.562
-742.188 -875.000 -742.188 -750.000 -429.688 601.562 -718.750 -656.250 460.938 -992.188 -132.812 515.625 -1093.750 -101.562 476.562
-742.188 -875.000 -742.188 -750.000 -429.688 601.562 -718.750 -656.250 460.938 -992.188 -132.812 515.625 -1093.750 -101.562 476.562
-625.000 -609.375 -789.062 -656.250 -265.625 484.375 -750.000 -335.938 265.625 -968.750 179.688 359.375 -929.688 164.062 546.875
-625.000 -609.375 -789.062 -656.250 -265.625 484.375 -750.000 -335.938 265.625 -968.750 179.688 359.375 -929.688 164.062 546.875
-578.125 -609.375 -820.312 -671.875 -250.000 375.000 -773.438 -210.938 132.812 -984.375 273.438 242.188 -1023.438 148.438 437.500
-578.125 -609.375 -820.312 -671.875 -250.000 375.000 -773.438 -210.938 132.812 -984.375 273.438 242.188 -1023.438 148.438 437.500
-578.125 -609.375 -820.312 -671.875 -250.000 375.000 -773.438 -210.938 132.812 -984.375 273.438 242.188 -1023.438 148.438 437.500
-578.125 -609.375 -820.312 -671.875 -250.000 375.000 -773.438 -210.938 132.812 -984.375 273.438 242.188 -1023.438 148.438 437.500
-578.125 -609.375 -820.312 -671.875 -250.000 375.000 -773.438 -210.938 132.812 -984.375 273.438 242.188 -1023.438 148.438 437.500
-507.812 -570.312 -687.500 -500.000 179.688 -375.000 -429.688 289.062 -140.625 -539.062 398.438 210.938 -648.438 351.562 757.812
-320.312 -312.500 -445.312 -218.750 523.438 -492.188 -242.188 125.000 109.375 -289.062 320.312 507.812 -476.562 437.500 1304.688
-320.312 -312.500 -445.312 -218.750 523.438 -492.188 -242.188 125.000 109.375 -289.062 320.312 507.812 -476.562 437.500 1304.688
-320.312 -312.500 -445.312 -218.750 523.438 -492.188 -242.188 125.000 109.375 -289.062 320.312 507.812 -476.562 437.500 1304.688
-320.312 -312.500 -445.312 -218.750 523.438 -492.188 -242.188 125.000 109.375 -289.062 320.312 507.812 -476.562 437.500 1304.688
-320.312 -312.500 -445.312 -218.750 523.438 -492.188 -242.188 125.000 109.375 -289.062 320.312 507.812 -476.562 437.500 1304.688
-445.312 429.688 -601.562 132.812 -867.188 445.312 54.688 -593.750 539.062 -156.250 -835.938 703.125 -640.625 -320.312 578.125
-445.312 429.688 -601.562 132.812 -867.188 445.312 54.688 -593.750 539.062 -156.250 -835.938 703.125 -640.625 -320.312 578.125
-804.688 601.562 -804.688 -70.312 -867.188 992.188 70.312 -1195.312 695.312 -492.188 -968.750 453.125 -593.750 -351.562 367.188
-804.688 601.562 -804.688 -70.312 -867.188 992.188 70.312 -1195.312 695.312 -492.188 -968.750 453.125 -593.750 -351.562 367.188
-898.438 289.062 -875.000 -546.875 -937.500 1031.250 -406.250 -1328.125 593.750 -648.438 -1218.750 367.188 -882.812 -984.375 -289.062
-898.438 289.062 -875.000 -546.875 -937.500 1031.250 -406.250 -1328.125 593.750 -648.438 -1218.750 367.188 -882.812 -984.375 -289.062
-898.438 289.062 -875.000 -546.875 -937.500 1031.250 -406.250 -1328.125 593.750 -648.438 -1218.750 367.188 -882.812 -984.375 -289.062
-898.438 289.062 -875.000 -546.875 -937.500 1031.250 -406.250 -1328.125 593.750 -648.438 -1218.750 367.188 -882.812 -984.375 -289.062
-898.438 289.062 -875.000 -546.875 -937.500 1031.250 -406.250 -1328.125 593.750 -648.438 -1218.750 367.188 -882.812 -984.375 -289.062
-898.438 289.062 -875.000 -546.875 -937.500 1031.250 -406.250 -1328.125 593.750 -648.438 -1218.750 367.188 -882.812 -984.375 -289.062
-898.438 289.062 -875.000 -546.875 -937.500 1031.250 -406.250 -1328.125 593.750 -648.438 -1218.750 367.188 -882.812 -984.375 -289.062
-804.688 -164.062 -890.625 -796.875 -914.062 539.062 -531.250 -1164.062 85.938 -835.938 -984.375 -70.312 -851.562 -429.688 109.375
-804.688 -164.062 -890.625 -796.875 -914.062 539.062 -531.250 -1164.062 85.938 -835.938 -984.375 -70.312 -851.562 -429.688 109.375
-726.562 -164.062 -882.812 -625.000 -976.562 632.812 -359.375 -1203.125 148.438 -781.250 -945.312 -7.812 -867.188 -515.625 7.812
-726.562 -164.062 -882.812 -625.000 -976.562 632.812 -359.375 -1203.125 148.438 -781.250 -945.312 -7.812 -867.188 -515.625 7.812
-726.562 -164.062 -882.812 -625.000 -976.562 632.812 -359.375 -1203.125 148.438 -781.250 -945.312 -7.812 -867.188 -515.625 7.812
-718.750 -78.125 -976.562 -343.750 -914.062 687.500 -179.688 -1093.750 335.938 -421.875 -953.125 250.000 -914.062 -562.500 171.875
-718.750 -78.125 -976.562 -343.750 -914.062 687.500 -179.688 -1093.750 335.938 -421.875 -953.125 250.000 -914.062 -562.500 171.875
-750.000 -7.812 -1039.062 -296.875 -875.000 640.625 -125.000 -1007.812 406.250 -296.875 -992.188 351.562 -765.625 -609.375 156.250
-750.000 -7.812 -1039.062 -296.875 -875.000 640.625 -125.000 -1007.812 406.250 -296.875 -992.188 351.562 -765.625 -609.375 156.250
-562.500 179.688 -906.250 -23.438 -726.562 648.438 101.562 -843.750 578.125 -125.000 -914.062 562.500 -789.062 -546.875 414.062
-562.500 179.688 -906.250 -23.438 -726.562 648.438 101.562 -843.750 578.125 -125.000 -914.062 562.500 -789.062 -546.875 414.062
-476.562 31.250 -804.688 7.812 -695.312 718.750 132.812 -820.312 679.688 -62.500 -921.875 664.062 -789.062 -593.750 421.875
-476.562 31.250 -804.688 7.812 -695.312 718.750 132.812 -820.312 679.688 -62.500 -921.875 664.062 -789.062 -593.750 421.875
-476.562 31.250 -804.688 7.812 -695.312 718.750 132.812 -820.312 679.688 -62.500 -921.875 664.062 -789.062 -593.750 421.875
-484.375 -62.500 -750.000 0.000 -703.125 726.562 125.000 -843.750 695.312 -93.750 -992.188 671.875 -804.688 -617.188 414.062
-484.375 -62.500 -750.000 0.000 -703.125 726.562 125.000 -843.750 695.312 -93.750 -992.188 671.875 -804.688 -617.188 414.062
-492.188 -257.812 -695.312 85.938 -765.625 757.812 187.500 -882.812 773.438 -23.438 -1070.312 703.125 -781.250 -695.312 375.000
-492.188 -257.812 -695.312 85.938 -765.625 757.812 187.500 -882.812 773.438 -23.438 -1070.312 703.125 -781.250 -695.312 375.000
-570.312 -406.250 -640.625 -367.188 -726.562 640.625 -117.188 -898.438 625.000 -171.875 -1054.688 632.812 -882.812 -695.312 390.625
-570.312 -406.250 -640.625 -367.188 -726.562 640.625 -117.188 -898.438 625.000 -171.875 -1054.688 632.812 -882.812 -695.312 390.625
-570.312 -468.750 -640.625 -710.938 -726.562 562.500 -421.875 -781.250 546.875 -242.188 -1070.312 640.625 -929.688 -671.875 351.562
-570.312 -468.750 -640.625 -710.938 -726.562 562.500 -421.875 -781.250 546.875 -242.188 -1070.312 640.625 -929.688 -671.875 351.562
-570.312 -468.750 -640.625 -710.938 -726.562 562.500 -421.875 -781.250 546.875 -242.188 -1070.312 640.625 -929.688 -671.875 351.562
-609.375 -468.750 -609.375 -968.750 -804.688 406.250 -132.812 -804.688 625.000 -257.812 -1078.125 625.000 -914.062 -539.062 429.688
-609.375 -468.750 -609.375 -968.750 -804.688 406.250 -132.812 -804.688 625.000 -257.812 -1078.125 625.000 -914.062 -539.062 429.688
-476.562 -101.562 -406.250 -1031.250 -796.875 218.750 -476.562 -3000.000 1554.688 -656.250 -765.625 320.312 -1140.625 -570.312 -351.562
-476.562 -101.562 -406.250 -1031.250 -796.875 218.750 -476.562 -3000.000 1554.688 -656.250 -765.625 320.312 -1140.625 -570.312 -351.562
-476.562 140.625 -398.438 -429.688 -640.625 1351.562 101.562 -890.625 -7.812 -406.250 -437.500 265.625 -1343.750 -335.938 -203.125
-476.562 140.625 -398.438 -429.688 -640.625 1351.562 101.562 -890.625 -7.812 -406.250 -437.500 265.625 -1343.750 -335.938 -203.125
-890.625 46.875 -1070.312 812.500 -328.125 1054.688 -1046.875 85.938 -296.875 -1109.375 -328.125 -218.750 -515.625 820.312 539.062
-890.625 46.875 -1070.312 812.500 -328.125 1054.688 -1046.875 85.938 -296.875 -1109.375 -328.125 -218.750 -515.625 820.312 539.062
-890.625 46.875 -1070.312 812.500 -328.125 1054.688 -1046.875 85.938 -296.875 -1109.375 -328.125 -218.750 -515.625 820.312 539.062
-890.625 46.875 -1070.312 812.500 -328.125 1054.688 -1046.875 85.938 -296.875 -1109.375 -328.125 -218.750 -515.625 820.312 539.062
-890.625 46.875 -1070.312 812.500 -328.125 1054.688 -1046.875 85.938 -296.875 -1109.375 -328.125 -218.750 -515.625 820.312 539.062
-671.875 -62.500 -828.125 187.500 -1156.250 593.750 -445.312 -671.875 -539.062 -1109.375 -54.688 -156.250 -1117.188 429.688 328.125
-671.875 -62.500 -828.125 187.500 -1156.250 593.750 -445.312 -671.875 -539.062 -1109.375 -54.688 -156.250 -1117.188 429.688 328.125
-781.250 -375.000 -976.562 -335.938 218.750 -15.625 -929.688 -406.250 -562.500 -1179.688 -171.875 -46.875 -992.188 -203.125 273.438
-781.250 -375.000 -976.562 -335.938 218.750 -15.625 -929.688 -406.250 -562.500 -1179.688 -171.875 -46.875 -992.188 -203.125 273.438
-562.500 -429.688 -625.000 -15.625 -843.750 445.312 -710.938 -718.750 -210.938 -1023.438 -531.250 54.688 -929.688 -453.125 -31.250
-562.500 -429.688 -625.000 -15.625 -843.750 445.312 -710.938 -718.750 -210.938 -1023.438 -531.250 54.688 -929.688 -453.125 -31.250
-562.500 -429.688 -625.000 -15.625 -843.750 445.312 -710.938 -718.750 -210.938 -1023.438 -531.250 54.688 -929.688 -453.125 -31.250
-617.188 -585.938 -671.875 -62.500 -875.000 554.688 -710.938 -828.125 -226.562 -1023.438 -617.188 179.688 -921.875 -335.938 -39.062
-617.188 -585.938 -671.875 -62.500 -875.000 554.688 -710.938 -828.125 -226.562 -1023.438 -617.188 179.688 -921.875 -335.938 -39.062
-648.438 -648.438 -632.812 70.312 -1015.625 773.438 -710.938 -1000.000 -164.062 -976.562 -539.062 179.688 -835.938 -304.688 31.250
-648.438 -648.438 -632.812 70.312 -1015.625 773.438 -710.938 -1000.000 -164.062 -976.562 -539.062 179.688 -835.938 -304.688 31.250
-601.562 -757.812 -515.625 -390.625 -226.562 296.875 -531.250 -1117.188 54.688 -695.312 -570.312 382.812 -414.062 -382.812 304.688
-601.562 -757.812 -515.625 -390.625 -226.562 296.875 -531.250 -1117.188 54.688 -695.312 -570.312 382.812 -414.062 -382.812 304.688
-617.188 -820.312 -515.625 -312.500 -367.188 398.438 -554.688 -984.375 -39.062 -429.688 -281.250 492.188 -226.562 -507.812 390.625
-617.188 -820.312 -515.625 -312.500 -367.188 398.438 -554.688 -984.375 -39.062 -429.688 -281.250 492.188 -226.562 -507.812 390.625
-617.188 -820.312 -515.625 -312.500 -367.188 398.438 -554.688 -984.375 -39.062 -429.688 -281.250 492.188 -226.562 -507.812 390.625
-367.188 -820.312 -281.250 -453.125 -484.375 562.500 -554.688 -726.562 78.125 -539.062 -23.438 664.062 101.562 54.688 781.250
-367.188 -820.312 -281.250 -453.125 -484.375 562.500 -554.688 -726.562 78.125 -539.062 -23.438 664.062 101.562 54.688 781.250
-500.000 -445.312 -398.438 -367.188 -375.000 664.062 -703.125 -492.188 171.875 -421.875 335.938 906.250 101.562 429.688 1312.500
-500.000 -445.312 -398.438 -367.188 -375.000 664.062 -703.125 -492.188 171.875 -421.875 335.938 906.250 101.562 429.688 1312.500
-562.500 -281.250 -453.125 -406.250 -343.750 656.250 -710.938 -406.250 218.750 -398.438 390.625 953.125 203.125 562.500 1562.500
-562.500 -281.250 -453.125 -406.250 -343.750 656.250 -710.938 -406.250 218.750 -398.438 390.625 953.125 203.125 562.500 1562.500
-562.500 -281.250 -453.125 -406.250 -343.750 656.250 -710.938 -406.250 218.750 -398.438 390.625 953.125 203.125 562.500 1562.500
-562.500 -281.250 -453.125 -406.250 -343.750 656.250 -710.938 -406.250 218.750 -398.438 390.625 953.125 203.125 562.500 1562.500
-789.062 -234.375 -750.000 -507.812 -445.312 625.000 -812.500 -523.438 93.750 -562.500 117.188 828.125 -7.812 54.688 1054.688
-789.062 -234.375 -750.000 -507.812 -445.312 625.000 -812.500 -523.438 93.750 -562.500 117.188 828.125 -7.812 54.688 1054.688
-789.062 -234.375 -750.000 -507.812 -445.312 625.000 -812.500 -523.438 93.750 -562.500 117.188 828.125 -7.812 54.688 1054.688
-789.062 -234.375 -750.000 -507.812 -445.312 625.000 -812.500 -523.438 93.750 -562.500 117.188 828.125 -7.812 54.688 1054.688
-789.062 -234.375 -750.000 -507.812 -445.312 625.000 -812.500 -523.438 93.750 -562.500 117.188 828.125 -7.812 54.688 1054.688
-742.188 -453.125 -773.438 -437.500 -460.938 664.062 -781.250 -593.750 93.750 -640.625 78.125 765.625 -62.500 31.250 1054.688
-742.188 -453.125 -773.438 -437.500 -460.938 664.062 -781.250 -593.750 93.750 -640.625 78.125 765.625 -62.500 31.250 1054.688
-664.062 -554.688 -726.562 -406.250 -507.812 679.688 -750.000 -632.812 109.375 -648.438 39.062 765.625 -132.812 78.125 1039.062
-664.062 -554.688 -726.562 -406.250 -507.812 679.688 -750.000 -632.812 109.375 -648.438 39.062 765.625 -132.812 78.125 1039.062
-664.062 -554.688 -726.562 -406.250 -507.812 679.688 -750.000 -632.812 109.375 -648.438 39.062 765.625 -132.812 78.125 1039.062
-640.625 -617.188 -703.125 -375.000 -562.500 718.750 -742.188 -726.562 125.000 -617.188 -31.250 765.625 -156.250 -23.438 929.688
-640.625 -617.188 -703.125 -375.000 -562.500 718.750 -742.188 -726.562 125.000 -617.188 -31.250 765.625 -156.250 -23.438 929.688
-664.062 -632.812 -710.938 -414.062 -578.125 640.625 -742.188 -671.875 125.000 -593.750 7.812 789.062 -117.188 0.000 953.125
-664.062 -632.812 -710.938 -414.062 -578.125 640.625 -742.188 -671.875 125.000 -593.750 7.812 789.062 -117.188 0.000 953.125
-664.062 -632.812 -710.938 -414.062 -578.125 640.625 -742.188 -671.875 125.000 -593.750 7.812 789.062 -117.188 0.000 953.125
-664.062 -632.812 -710.938 -414.062 -578.125 640.625 -742.188 -671.875 125.000 -593.750 7.812 789.062 -117.188 0.000 953.125
-632.812 -484.375 -617.188 -343.750 -531.250 773.438 -726.562 -640.625 273.438 -484.375 148.438 929.688 46.875 85.938 1093.750
-632.812 -484.375 -617.188 -343.750 -531.250 773.438 -726.562 -640.625 273.438 -484.375 148.438 929.688 46.875 85.938 1093.750
-632.812 -484.375 -617.188 -343.750 -531.250 773.438 -726.562 -640.625 273.438 -484.375 148.438 929.688 46.875 85.938 1093.750
-656.250 -453.125 -632.812 -382.812 -539.062 757.812 -742.188 -578.125 265.625 -445.312 187.500 992.188 140.625 164.062 1187.500
-656.250 -453.125 -632.812 -382.812 -539.062 757.812 -742.188 -578.125 265.625 -445.312 187.500 992.188 140.625 164.062 1187.500
-671.875 -367.188 -687.500 -554.688 -492.188 656.250 -828.125 -539.062 109.375 -609.375 140.625 859.375 109.375 70.312 1132.812
-671.875 -367.188 -687.500 -554.688 -492.188 656.250 -828.125 -539.062 109.375 -609.375 140.625 859.375 109.375 70.312 1132.812
-671.875 -367.188 -687.500 -554.688 -492.188 656.250 -828.125 -539.062 109.375 -609.375 140.625 859.375 109.375 70.312 1132.812
-671.875 -367.188 -687.500 -554.688 -492.188 656.250 -828.125 -539.062 109.375 -609.375 140.625 859.375 109.375 70.312 1132.812
-640.625 -390.625 -625.000 -484.375 -515.625 703.125 -804.688 -609.375 132.812 -609.375 78.125 789.062 -93.750 78.125 984.375
-640.625 -390.625 -625.000 -484.375 -515.625 703.125 -804.688 -609.375 132.812 -609.375 78.125 789.062 -93.750 78.125 984.375
-640.625 -390.625 -625.000 -484.375 -515.625 703.125 -804.688 -609.375 132.812 -609.375 78.125 789.062 -93.750 78.125 984.375
-632.812 -500.000 -601.562 -492.188 -476.562 687.500 -804.688 -585.938 101.562 -617.188 101.562 773.438 -85.938 101.562 976.562
-632.812 -500.000 -601.562 -492.188 -476.562 687.500 -804.688 -585.938 101.562 -617.188 101.562 773.438 -85.938 101.562 976.562
-625.000 -546.875 -578.125 -476.562 -492.188 679.688 -812.500 -585.938 93.750 -648.438 85.938 742.188 -78.125 93.750 968.750
-625.000 -546.875 -578.125 -476.562 -492.188 679.688 -812.500 -585.938 93.750 -648.438 85.938 742.188 -78.125 93.750 968.750
-632.812 -523.438 -546.875 -421.875 -476.562 726.562 -773.438 -570.312 203.125 -531.250 148.438 843.750 46.875 132.812 1039.062
-632.812 -523.438 -546.875 -421.875 -476.562 726.562 -773.438 -570.312 203.125 -531.250 148.438 843.750 46.875 132.812 1039.062
-632.812 -523.438 -546.875 -421.875 -476.562 726.562 -773.438 -570.312 203.125 -531.250 148.438 843.750 46.875 132.812 1039.062
-632.812 -523.438 -546.875 -421.875 -476.562 726.562 -773.438 -570.312 203.125 -531.250 148.438 843.750 46.875 132.812 1039.062
-632.812 -523.438 -546.875 -421.875 -476.562 726.562 -773.438 -570.312 203.125 -531.250 148.438 843.750 46.875 132.812 1039.062
-656.250 -515.625 -562.500 -429.688 -476.562 710.938 -781.250 -554.688 203.125 -515.625 164.062 867.188 78.125 140.625 1054.688
-656.250 -515.625 -562.500 -429.688 -476.562 710.938 -781.250 -554.688 203.125 -515.625 164.062 867.188 78.125 140.625 1054.688
-679.688 -437.500 -601.562 -453.125 -476.562 718.750 -796.875 -562.500 179.688 -562.500 140.625 820.312 39.062 117.188 1039.062
-679.688 -437.500 -601.562 -453.125 -476.562 718.750 -796.875 -562.500 179.688 -562.500 140.625 820.312 39.062 117.188 1039.062
-679.688 -437.500 -601.562 -453.125 -476.562 718.750 -796.875 -562.500 179.688 -562.500 140.625 820.312 39.062 117.188 1039.062
-679.688 -437.500 -601.562 -453.125 -476.562 718.750 -796.875 -562.500 179.688 -562.500 140.625 820.312 39.062 117.188 1039.062
-679.688 -312.500 -625.000 -593.750 -437.500 617.188 -851.562 -492.188 39.062 -648.438 125.000 742.188 -54.688 78.125 1046.875
-679.688 -312.500 -625.000 -593.750 -437.500 617.188 -851.562 -492.188 39.062 -648.438 125.000 742.188 -54.688 78.125 1046.875
-679.688 -312.500 -625.000 -593.750 -437.500 617.188 -851.562 -492.188 39.062 -648.438 125.000 742.188 -54.688 78.125 1046.875
-671.875 -320.312 -609.375 -609.375 -445.312 609.375 -867.188 -523.438 0.000 -710.938 93.750 718.750 -101.562 85.938 1031.250
-671.875 -320.312 -609.375 -609.375 -445.312 609.375 -867.188 -523.438 0.000 -710.938 93.750 718.750 -101.562 85.938 1031.250
-679.688 -328.125 -585.938 -570.312 -507.812 640.625 -835.938 -554.688 23.438 -687.500 54.688 710.938 -132.812 70.312 960.938
-679.688 -328.125 -585.938 -570.312 -507.812 640.625 -835.938 -554.688 23.438 -687.500 54.688 710.938 -132.812 70.312 960.938
-671.875 -320.312 -585.938 -539.062 -507.812 648.438 -796.875 -585.938 62.500 -664.062 54.688 718.750 -140.625 54.688 945.312
-671.875 -320.312 -585.938 -539.062 -507.812 648.438 -796.875 -585.938 62.500 -664.062 54.688 718.750 -140.625 54.688 945.312
-671.875 -468.750 -570.312 -468.750 -437.500 671.875 -789.062 -523.438 140.625 -593.750 140.625 773.438 -46.875 132.812 1000.000
-671.875 -468.750 -570.312 -468.750 -437.500 671.875 -789.062 -523.438 140.625 -593.750 140.625 773.438 -46.875 132.812 1000.000
-671.875 -468.750 -570.312 -468.750 -437.500 671.875 -789.062 -523.438 140.625 -593.750 140.625 773.438 -46.875 132.812 1000.000
-656.250 -437.500 -562.500 -484.375 -421.875 656.250 -812.500 -507.812 109.375 -648.438 140.625 726.562 -54.688 117.188 1007.812
-656.250 -437.500 -562.500 -484.375 -421.875 656.250 -812.500 -507.812 109.375 -648.438 140.625 726.562 -54.688 117.188 1007.812
-648.438 -406.250 -554.688 -500.000 -414.062 656.250 -812.500 -500.000 93.750 -640.625 148.438 734.375 -39.062 109.375 1023.438
-648.438 -406.250 -554.688 -500.000 -414.062 656.250 -812.500 -500.000 93.750 -640.625 148.438 734.375 -39.062 109.375 1023.438
-671.875 -359.375 -554.688 -515.625 -445.312 632.812 -804.688 -500.000 101.562 -593.750 156.250 773.438 23.438 125.000 1046.875
-671.875 -359.375 -554.688 -515.625 -445.312 632.812 -804.688 -500.000 101.562 -593.750 156.250 773.438 23.438 125.000 1046.875
-781.250 -429.688 -734.375 -539.062 -445.312 617.188 -820.312 -468.750 93.750 -570.312 171.875 789.062 7.812 109.375 1015.625
-781.250 -429.688 -734.375 -539.062 -445.312 617.188 -820.312 -468.750 93.750 -570.312 171.875 789.062 7.812 109.375 1015.625
-781.250 -429.688 -734.375 -539.062 -445.312 617.188 -820.312 -468.750 93.750 -570.312 171.875 789.062 7.812 109.375 1015.625
-687.500 -343.750 -585.938 -554.688 -453.125 640.625 -851.562 -546.875 46.875 -679.688 85.938 703.125 -101.562 93.750 921.875
-687.500 -343.750 -585.938 -554.688 -453.125 640.625 -851.562 -546.875 46.875 -679.688 85.938 703.125 -101.562 93.750 921.875
-664.062 -390.625 -546.875 -562.500 -453.125 640.625 -851.562 -531.250 62.500 -656.250 93.750 718.750 -93.750 78.125 929.688
-664.062 -390.625 -546.875 -562.500 -453.125 640.625 -851.562 -531.250 62.500 -656.250 93.750 718.750 -93.750 78.125 929.688
-648.438 -445.312 -515.625 -562.500 -453.125 648.438 -851.562 -523.438 62.500 -640.625 117.188 742.188 -54.688 93.750 976.562
-648.438 -445.312 -515.625 -562.500 -453.125 648.438 -851.562 -523.438 62.500 -640.625 117.188 742.188 -54.688 93.750 976.562
-640.625 -429.688 -500.000 -562.500 -453.125 656.250 -835.938 -515.625 78.125 -640.625 140.625 757.812 -31.250 109.375 1023.438
-640.625 -429.688 -500.000 -562.500 -453.125 656.250 -835.938 -515.625 78.125 -640.625 140.625 757.812 -31.250 109.375 1023.438
