-679.688 -359.375 -656.250 -882.812 -382.812 109.375 -695.312 -242.188 640.625 -765.625 -156.250 640.625 -765.625 -210.938 640.625
-687.500 -328.125 -640.625 -867.188 -367.188 101.562 -695.312 -242.188 640.625 -765.625 -148.438 640.625 -765.625 -218.750 648.438
-671.875 -335.938 -632.812 -867.188 -359.375 93.750 -695.312 -242.188 625.000 -765.625 -140.625 625.000 -765.625 -203.125 648.438
-671.875 -335.938 -632.812 -867.188 -359.375 93.750 -695.312 -242.188 625.000 -765.625 -140.625 625.000 -765.625 -203.125 648.438
-679.688 -328.125 -625.000 -867.188 -382.812 109.375 -687.500 -257.812 640.625 -765.625 -164.062 617.188 -757.812 -203.125 609.375
-679.688 -351.562 -640.625 -867.188 -390.625 109.375 -695.312 -257.812 640.625 -765.625 -171.875 617.188 -773.438 -203.125 601.562
-679.688 -351.562 -640.625 -867.188 -390.625 109.375 -695.312 -257.812 640.625 -765.625 -171.875 617.188 -773.438 -203.125 601.562
-671.875 -382.812 -632.812 -882.812 -406.250 117.188 -687.500 -265.625 640.625 -765.625 -171.875 609.375 -773.438 -218.750 578.125
-656.250 -414.062 -617.188 -882.812 -414.062 117.188 -695.312 -273.438 648.438 -773.438 -179.688 609.375 -781.250 -218.750 585.938
-656.250 -414.062 -617.188 -882.812 -414.062 117.188 -695.312 -273.438 648.438 -773.438 -179.688 609.375 -781.250 -218.750 585.938
-664.062 -414.062 -609.375 -875.000 -429.688 109.375 -695.312 -281.250 632.812 -773.438 -179.688 609.375 -781.250 -218.750 585.938
-664.062 -414.062 -609.375 -875.000 -429.688 109.375 -695.312 -281.250 632.812 -773.438 -179.688 609.375 -781.250 -218.750 585.938
-671.875 -382.812 -625.000 -882.812 -421.875 101.562 -695.312 -281.250 632.812 -781.250 -171.875 601.562 -789.062 -218.750 578.125
-679.688 -390.625 -625.000 -882.812 -414.062 93.750 -703.125 -265.625 617.188 -789.062 -164.062 601.562 -781.250 -210.938 593.750
-679.688 -390.625 -625.000 -882.812 -414.062 93.750 -703.125 -265.625 617.188 -789.062 -164.062 601.562 -781.250 -210.938 593.750
-671.875 -390.625 -601.562 -875.000 -429.688 93.750 -710.938 -281.250 617.188 -789.062 -164.062 593.750 -789.062 -210.938 585.938
-671.875 -390.625 -601.562 -875.000 -429.688 93.750 -710.938 -281.250 617.188 -789.062 -164.062 593.750 -789.062 -210.938 585.938
-656.250 -414.062 -609.375 -875.000 -429.688 85.938 -703.125 -289.062 617.188 -781.250 -187.500 593.750 -773.438 -226.562 570.312
-664.062 -398.438 -609.375 -875.000 -437.500 101.562 -695.312 -289.062 609.375 -773.438 -187.500 585.938 -781.250 -226.562 570.312
-664.062 -398.438 -609.375 -875.000 -437.500 101.562 -695.312 -289.062 609.375 -773.438 -187.500 585.938 -781.250 -226.562 570.312
-679.688 -382.812 -617.188 -867.188 -421.875 101.562 -695.312 -289.062 617.188 -781.250 -179.688 593.750 -781.250 -203.125 578.125
-687.500 -367.188 -617.188 -859.375 -414.062 85.938 -687.500 -289.062 617.188 -773.438 -164.062 601.562 -773.438 -203.125 601.562
-687.500 -367.188 -617.188 -859.375 -414.062 85.938 -687.500 -289.062 617.188 -773.438 -164.062 601.562 -773.438 -203.125 601.562
-679.688 -335.938 -617.188 -875.000 -382.812 70.312 -695.312 -257.812 609.375 -765.625 -148.438 617.188 -773.438 -195.312 632.812
-679.688 -335.938 -617.188 -875.000 -382.812 70.312 -695.312 -257.812 609.375 -765.625 -148.438 617.188 -773.438 -195.312 632.812
-679.688 -328.125 -609.375 -859.375 -367.188 62.500 -710.938 -242.188 593.750 -773.438 -132.812 625.000 -765.625 -210.938 648.438
-695.312 -328.125 -609.375 -867.188 -359.375 62.500 -710.938 -250.000 601.562 -773.438 -140.625 617.188 -765.625 -210.938 648.438
-695.312 -328.125 -609.375 -867.188 -359.375 62.500 -710.938 -250.000 601.562 -773.438 -140.625 617.188 -765.625 -210.938 648.438
-687.500 -343.750 -601.562 -867.188 -375.000 85.938 -703.125 -273.438 601.562 -781.250 -156.250 617.188 -773.438 -210.938 625.000
-687.500 -351.562 -601.562 -867.188 -390.625 85.938 -710.938 -281.250 593.750 -773.438 -164.062 601.562 -765.625 -218.750 609.375
-687.500 -351.562 -601.562 -867.188 -390.625 85.938 -710.938 -281.250 593.750 -773.438 -164.062 601.562 -765.625 -218.750 609.375
-679.688 -375.000 -601.562 -867.188 -398.438 85.938 -710.938 -296.875 601.562 -781.250 -179.688 593.750 -789.062 -218.750 585.938
-679.688 -375.000 -601.562 -867.188 -398.438 85.938 -710.938 -296.875 601.562 -781.250 -179.688 593.750 -789.062 -218.750 585.938
-671.875 -398.438 -601.562 -875.000 -390.625 93.750 -710.938 -296.875 609.375 -781.250 -187.500 593.750 -789.062 -234.375 570.312
-671.875 -398.438 -601.562 -882.812 -375.000 93.750 -695.312 -296.875 609.375 -781.250 -195.312 585.938 -781.250 -226.562 578.125
-671.875 -398.438 -601.562 -882.812 -375.000 93.750 -695.312 -296.875 609.375 -781.250 -195.312 585.938 -781.250 -226.562 578.125
-671.875 -398.438 -609.375 -890.625 -375.000 93.750 -710.938 -289.062 609.375 -789.062 -203.125 593.750 -773.438 -218.750 554.688
-671.875 -398.438 -609.375 -890.625 -375.000 93.750 -710.938 -289.062 609.375 -789.062 -203.125 593.750 -773.438 -218.750 554.688
-679.688 -390.625 -609.375 -890.625 -367.188 85.938 -703.125 -304.688 609.375 -781.250 -195.312 585.938 -796.875 -210.938 562.500
-679.688 -382.812 -617.188 -882.812 -359.375 78.125 -687.500 -289.062 601.562 -781.250 -179.688 593.750 -789.062 -218.750 601.562
-679.688 -382.812 -617.188 -882.812 -359.375 78.125 -687.500 -289.062 601.562 -781.250 -179.688 593.750 -789.062 -218.750 601.562
-710.938 -390.625 -617.188 -867.188 -367.188 78.125 -687.500 -265.625 617.188 -757.812 -179.688 617.188 -773.438 -226.562 632.812
-703.125 -406.250 -609.375 -859.375 -375.000 78.125 -664.062 -273.438 625.000 -750.000 -171.875 632.812 -757.812 -234.375 648.438
-703.125 -406.250 -609.375 -859.375 -375.000 78.125 -664.062 -273.438 625.000 -750.000 -171.875 632.812 -757.812 -234.375 648.438
-687.500 -476.562 -593.750 -843.750 -406.250 101.562 -648.438 -273.438 656.250 -726.562 -164.062 679.688 -742.188 -257.812 679.688
-687.500 -476.562 -593.750 -843.750 -406.250 101.562 -648.438 -273.438 656.250 -726.562 -164.062 679.688 -742.188 -257.812 679.688
-648.438 -531.250 -539.062 -820.312 -421.875 132.812 -640.625 -218.750 679.688 -734.375 -187.500 687.500 -734.375 -265.625 687.500
-546.875 -867.188 -421.875 -796.875 -531.250 148.438 -578.125 -570.312 679.688 -742.188 -234.375 695.312 -742.188 -375.000 750.000
-546.875 -867.188 -421.875 -796.875 -531.250 148.438 -578.125 -570.312 679.688 -742.188 -234.375 695.312 -742.188 -375.000 750.000
-601.562 -765.625 -546.875 -718.750 -593.750 242.188 -789.062 -171.875 585.938 -757.812 -78.125 718.750 -757.812 -257.812 757.812
-585.938 -781.250 -515.625 -734.375 -601.562 218.750 -695.312 -273.438 609.375 -703.125 -62.500 718.750 -796.875 -195.312 804.688
-585.938 -781.250 -515.625 -734.375 -601.562 218.750 -695.312 -273.438 609.375 -703.125 -62.500 718.750 -796.875 -195.312 804.688
-445.312 -984.375 -531.250 -937.500 -140.625 140.625 -507.812 -281.250 742.188 -695.312 -187.500 757.812 -664.062 -273.438 789.062
-445.312 -984.375 -531.250 -937.500 -140.625 140.625 -507.812 -281.250 742.188 -695.312 -187.500 757.812 -664.062 -273.438 789.062
-468.750 -929.688 -539.062 -804.688 -187.500 179.688 -515.625 -171.875 734.375 -648.438 -179.688 804.688 -726.562 -273.438 843.750
-609.375 -539.062 -632.812 -625.000 -335.938 195.312 -546.875 -117.188 664.062 -656.250 -78.125 812.500 -632.812 -171.875 921.875
-609.375 -539.062 -632.812 -625.000 -335.938 195.312 -546.875 -117.188 664.062 -656.250 -78.125 812.500 -632.812 -171.875 921.875
-671.875 -390.625 -742.188 -617.188 -554.688 70.312 -484.375 -281.250 671.875 -695.312 -78.125 742.188 -523.438 -7.812 976.562
-671.875 -390.625 -742.188 -617.188 -554.688 70.312 -484.375 -281.250 671.875 -695.312 -78.125 742.188 -523.438 -7.812 976.562
-695.312 -406.250 -812.500 -742.188 -171.875 156.250 -835.938 -109.375 367.188 -664.062 -54.688 671.875 -468.750 78.125 976.562
-710.938 -492.188 -890.625 -625.000 -242.188 117.188 -843.750 -273.438 156.250 -648.438 210.938 507.812 -476.562 31.250 875.000
-710.938 -492.188 -890.625 -625.000 -242.188 117.188 -843.750 -273.438 156.250 -648.438 210.938 507.812 -476.562 31.250 875.000
-656.250 -421.875 -882.812 -515.625 -554.688 171.875 -914.062 -164.062 0.000 -640.625 351.562 429.688 -507.812 46.875 828.125
-609.375 -289.062 -843.750 -273.438 -867.188 406.250 -726.562 -281.250 101.562 -671.875 234.375 273.438 -515.625 78.125 679.688
-609.375 -289.062 -843.750 -273.438 -867.188 406.250 -726.562 -281.250 101.562 -671.875 234.375 273.438 -515.625 78.125 679.688
-625.000 -398.438 -851.562 -414.062 -515.625 406.250 -156.250 -398.438 546.875 -523.438 -273.438 328.125 -484.375 -15.625 390.625
-625.000 -398.438 -851.562 -414.062 -515.625 406.250 -156.250 -398.438 546.875 -523.438 -273.438 328.125 -484.375 -15.625 390.625
-617.188 -382.812 -835.938 -375.000 -500.000 445.312 -39.062 -460.938 703.125 -429.688 -460.938 390.625 -453.125 -31.250 289.062
-718.750 -382.812 -898.438 -367.188 -601.562 382.812 15.625 -476.562 750.000 -273.438 -484.375 460.938 -445.312 -179.688 148.438
-718.750 -382.812 -898.438 -367.188 -601.562 382.812 15.625 -476.562 750.000 -273.438 -484.375 460.938 -445.312 -179.688 148.438
-703.125 -335.938 -898.438 -437.500 -632.812 320.312 -7.812 -406.250 765.625 -273.438 -507.812 523.438 -375.000 -195.312 218.750
-828.125 -429.688 -898.438 -359.375 -734.375 320.312 -78.125 -375.000 710.938 -210.938 -398.438 562.500 -312.500 -328.125 437.500
-828.125 -429.688 -898.438 -359.375 -734.375 320.312 -78.125 -375.000 710.938 -210.938 -398.438 562.500 -312.500 -328.125 437.500
-710.938 -429.688 -601.562 -242.188 -742.188 351.562 -93.750 -750.000 617.188 -335.938 -281.250 632.812 -312.500 -445.312 835.938
-710.938 -429.688 -601.562 -242.188 -742.188 351.562 -93.750 -750.000 617.188 -335.938 -281.250 632.812 -312.500 -445.312 835.938
-593.750 -375.000 -445.312 -335.938 -835.938 375.000 -304.688 -671.875 625.000 -281.250 -421.875 757.812 -312.500 -515.625 992.188
-476.562 -320.312 -273.438 -468.750 -804.688 343.750 -414.062 -578.125 765.625 -453.125 -476.562 921.875 -359.375 -585.938 1039.062
-476.562 -320.312 -273.438 -468.750 -804.688 343.750 -414.062 -578.125 765.625 -453.125 -476.562 921.875 -359.375 -585.938 1039.062
-484.375 -375.000 -265.625 -531.250 -773.438 289.062 -382.812 -656.250 828.125 -484.375 -500.000 992.188 -421.875 -632.812 1062.500
23.438 187.500 250.000 -656.250 -640.625 500.000 -140.625 -890.625 1367.188 -335.938 -953.125 1234.375 -312.500 -734.375 1031.250
23.438 187.500 250.000 -656.250 -640.625 500.000 -140.625 -890.625 1367.188 -335.938 -953.125 1234.375 -312.500 -734.375 1031.250
-554.688 765.625 -320.312 -875.000 -1015.625 468.750 -914.062 -421.875 882.812 -601.562 -507.812 1257.812 -171.875 -976.562 1109.375
-554.688 765.625 -320.312 -875.000 -1015.625 468.750 -914.062 -421.875 882.812 -601.562 -507.812 1257.812 -171.875 -976.562 1109.375
-937.500 429.688 -640.625 -859.375 -898.438 351.562 -882.812 -593.750 664.062 -734.375 -242.188 1046.875 -171.875 -734.375 1218.750
-1031.250 343.750 -804.688 -921.875 -679.688 234.375 -781.250 -742.188 578.125 -765.625 -398.438 734.375 -507.812 -375.000 984.375
-1031.250 343.750 -804.688 -921.875 -679.688 234.375 -781.250 -742.188 578.125 -765.625 -398.438 734.375 -507.812 -375.000 984.375
-984.375 562.500 -726.562 -984.375 -773.438 257.812 -765.625 -789.062 593.750 -773.438 -554.688 703.125 -570.312 -585.938 765.625
-906.250 593.750 -578.125 -1078.125 -890.625 250.000 -828.125 -890.625 601.562 -781.250 -671.875 687.500 -585.938 -742.188 617.188
-906.250 593.750 -578.125 -1078.125 -890.625 250.000 -828.125 -890.625 601.562 -781.250 -671.875 687.500 -585.938 -742.188 617.188
-937.500 343.750 -578.125 -1031.250 -1015.625 273.438 -890.625 -906.250 523.438 -875.000 -671.875 640.625 -648.438 -742.188 648.438
-937.500 343.750 -578.125 -1031.250 -1015.625 273.438 -890.625 -906.250 523.438 -875.000 -671.875 640.625 -648.438 -742.188 648.438
-968.750 304.688 -578.125 -984.375 -1046.875 281.250 -828.125 -906.250 515.625 -859.375 -671.875 648.438 -664.062 -750.000 679.688
-976.562 156.250 -593.750 -867.188 -1007.812 273.438 -718.750 -890.625 570.312 -781.250 -679.688 710.938 -625.000 -703.125 718.750
-976.562 156.250 -593.750 -867.188 -1007.812 273.438 -718.750 -890.625 570.312 -781.250 -679.688 710.938 -625.000 -703.125 718.750
-953.125 78.125 -578.125 -835.938 -992.188 273.438 -656.250 -882.812 585.938 -726.562 -679.688 710.938 -601.562 -742.188 710.938
-945.312 0.000 -578.125 -687.500 -1031.250 328.125 -531.250 -875.000 593.750 -593.750 -695.312 718.750 -484.375 -765.625 695.312
-945.312 0.000 -578.125 -687.500 -1031.250 328.125 -531.250 -875.000 593.750 -593.750 -695.312 718.750 -484.375 -765.625 695.312
-929.688 -62.500 -570.312 -570.312 -1007.812 351.562 -453.125 -796.875 562.500 -500.000 -640.625 710.938 -382.812 -734.375 710.938
-929.688 -62.500 -570.312 -570.312 -1007.812 351.562 -453.125 -796.875 562.500 -500.000 -640.625 710.938 -382.812 -734.375 710.938
-906.250 -125.000 -554.688 -507.812 -984.375 343.750 -343.750 -835.938 617.188 -437.500 -632.812 718.750 -320.312 -679.688 726.562
-882.812 -78.125 -562.500 -468.750 -867.188 367.188 -312.500 -734.375 640.625 -390.625 -617.188 757.812 -289.062 -679.688 710.938
-882.812 -78.125 -562.500 -468.750 -867.188 367.188 -312.500 -734.375 640.625 -390.625 -617.188 757.812 -289.062 -679.688 710.938
-851.562 -93.750 -554.688 -406.250 -851.562 375.000 -273.438 -718.750 648.438 -343.750 -585.938 765.625 -257.812 -640.625 742.188
-835.938 -93.750 -523.438 -382.812 -828.125 382.812 -250.000 -664.062 617.188 -304.688 -500.000 757.812 -203.125 -570.312 796.875
-835.938 -93.750 -523.438 -382.812 -828.125 382.812 -250.000 -664.062 617.188 -304.688 -500.000 757.812 -203.125 -570.312 796.875
-812.500 -85.938 -492.188 -382.812 -804.688 382.812 -257.812 -625.000 617.188 -312.500 -484.375 757.812 -265.625 -500.000 781.250
-812.500 -85.938 -492.188 -382.812 -804.688 382.812 -257.812 -625.000 617.188 -312.500 -484.375 757.812 -265.625 -500.000 781.250
-804.688 -70.312 -484.375 -382.812 -843.750 398.438 -242.188 -640.625 609.375 -375.000 -484.375 726.562 -375.000 -476.562 765.625
-835.938 -62.500 -460.938 -406.250 -859.375 390.625 -296.875 -632.812 570.312 -421.875 -476.562 671.875 -328.125 -523.438 726.562
-835.938 -62.500 -460.938 -406.250 -859.375 390.625 -296.875 -632.812 570.312 -421.875 -476.562 671.875 -328.125 -523.438 726.562
-828.125 -85.938 -445.312 -445.312 -781.250 406.250 -320.312 -664.062 617.188 -445.312 -515.625 703.125 -343.750 -585.938 695.312
-875.000 -125.000 -414.062 -507.812 -812.500 414.062 -343.750 -710.938 664.062 -445.312 -593.750 718.750 -351.562 -609.375 687.500
-875.000 -125.000 -414.062 -507.812 -812.500 414.062 -343.750 -710.938 664.062 -445.312 -593.750 718.750 -351.562 -609.375 687.500
-945.312 -148.438 -398.438 -562.500 -921.875 437.500 -382.812 -750.000 648.438 -500.000 -609.375 718.750 -484.375 -656.250 656.250
-945.312 -148.438 -398.438 -562.500 -921.875 437.500 -382.812 -750.000 648.438 -500.000 -609.375 718.750 -484.375 -656.250 656.250
-968.750 -195.312 -359.375 -570.312 -1070.312 445.312 -382.812 -804.688 617.188 -523.438 -632.812 679.688 -585.938 -664.062 648.438
-929.688 -289.062 -234.375 -632.812 -1148.438 523.438 -460.938 -945.312 671.875 -765.625 -757.812 648.438 -828.125 -765.625 515.625
-929.688 -289.062 -234.375 -632.812 -1148.438 523.438 -460.938 -945.312 671.875 -765.625 -757.812 648.438 -828.125 -765.625 515.625
-757.812 -296.875 -7.812 -593.750 -1171.875 601.562 -460.938 -1015.625 757.812 -851.562 -859.375 640.625 -976.562 -820.312 429.688
-960.938 -937.500 -195.312 -648.438 -1390.625 765.625 -351.562 -1195.312 812.500 -773.438 -898.438 601.562 -968.750 -742.188 335.938
-960.938 -937.500 -195.312 -648.438 -1390.625 765.625 -351.562 -1195.312 812.500 -773.438 -898.438 601.562 -968.750 -742.188 335.938
-1171.875 -1460.938 -281.250 -593.750 -1507.812 726.562 -203.125 -1210.938 882.812 -570.312 -914.062 734.375 -695.312 -687.500 375.000
-1171.875 -1460.938 -281.250 -593.750 -1507.812 726.562 -203.125 -1210.938 882.812 -570.312 -914.062 734.375 -695.312 -687.500 375.000
-1226.562 -1437.500 -289.062 -492.188 -1656.250 757.812 -226.562 -1218.750 843.750 -500.000 -796.875 703.125 -640.625 -601.562 382.812
-1257.812 -1500.000 -343.750 -328.125 -1710.938 843.750 -195.312 -1250.000 773.438 -468.750 -679.688 562.500 -679.688 -281.250 328.125
-1257.812 -1500.000 -343.750 -328.125 -1710.938 843.750 -195.312 -1250.000 773.438 -468.750 -679.688 562.500 -679.688 -281.250 328.125
-1218.750 -1757.812 -445.312 -265.625 -1648.438 867.188 -210.938 -1140.625 789.062 -523.438 -515.625 554.688 -703.125 -117.188 304.688
-1218.750 -1757.812 -445.312 -265.625 -1648.438 867.188 -210.938 -1140.625 789.062 -523.438 -515.625 554.688 -703.125 -117.188 304.688
-1250.000 -2281.250 -710.938 -375.000 -1546.875 656.250 -429.688 -843.750 648.438 -664.062 -109.375 500.000 -695.312 390.625 476.562
-1351.562 -2367.188 -1179.688 -632.812 -1046.875 335.938 -500.000 -312.500 640.625 -796.875 406.250 289.062 -664.062 1031.250 554.688
-1351.562 -2367.188 -1179.688 -632.812 -1046.875 335.938 -500.000 -312.500 640.625 -796.875 406.250 289.062 -664.062 1031.250 554.688
-1273.438 -2195.312 -1289.062 -695.312 -820.312 203.125 -523.438 -578.125 304.688 -812.500 617.188 132.812 -726.562 1156.250 531.250
-1015.625 -1500.000 -1382.812 -867.188 -703.125 -62.500 -960.938 39.062 156.250 -835.938 984.375 203.125 -476.562 1429.688 632.812
-1015.625 -1500.000 -1382.812 -867.188 -703.125 -62.500 -960.938 39.062 156.250 -835.938 984.375 203.125 -476.562 1429.688 632.812
-992.188 -1062.500 -1437.500 -1132.812 -531.250 -187.500 -1015.625 132.812 171.875 -820.312 1070.312 203.125 -437.500 1578.125 664.062
-1085.938 -718.750 -1507.812 -1335.938 -187.500 -257.812 -1046.875 273.438 164.062 -656.250 1187.500 257.812 -195.312 1632.812 734.375
-1148.438 -421.875 -1609.375 -1351.562 -46.875 -414.062 -1195.312 343.750 -15.625 -554.688 1265.625 281.250 78.125 1648.438 828.125
-1281.250 398.438 -1593.750 -1484.375 132.812 -804.688 -1351.562 867.188 -328.125 -523.438 1257.812 351.562 273.438 1289.062 890.625
-1281.250 398.438 -1593.750 -1484.375 132.812 -804.688 -1351.562 867.188 -328.125 -523.438 1257.812 351.562 273.438 1289.062 890.625
-1187.500 875.000 -1421.875 -1820.312 703.125 -796.875 -1226.562 1085.938 296.875 -875.000 875.000 406.250 -140.625 1125.000 726.562
-1148.438 968.750 -1101.562 -1242.188 1382.812 -687.500 -687.500 1578.125 953.125 -843.750 781.250 359.375 -242.188 1578.125 578.125
-1148.438 968.750 -1101.562 -1242.188 1382.812 -687.500 -687.500 1578.125 953.125 -843.750 781.250 359.375 -242.188 1578.125 578.125
-992.188 945.312 -898.438 -898.438 2250.000 -140.625 -343.750 1890.625 2695.312 -406.250 242.188 906.250 109.375 1718.750 515.625
-992.188 945.312 -898.438 -898.438 2250.000 -140.625 -343.750 1890.625 2695.312 -406.250 242.188 906.250 109.375 1718.750 515.625
-687.500 953.125 -226.562 -39.062 1492.188 148.438 203.125 -179.688 210.938 1398.438 2109.375 -359.375 1671.875 2179.688 1046.875
-359.375 781.250 257.812 531.250 164.062 328.125 78.125 1757.812 -476.562 1164.062 2351.562 -62.500 2187.500 890.625 1226.562
-359.375 781.250 257.812 531.250 164.062 328.125 78.125 1757.812 -476.562 1164.062 2351.562 -62.500 2187.500 890.625 1226.562
-382.812 710.938 250.000 984.375 187.500 835.938 93.750 1375.000 -117.188 781.250 2164.062 -39.062 1726.562 593.750 1125.000
-562.500 429.688 132.812 -23.438 2304.688 -85.938 281.250 1445.312 914.062 609.375 1382.812 351.562 890.625 1101.562 1031.250
-562.500 429.688 132.812 -23.438 2304.688 -85.938 281.250 1445.312 914.062 609.375 1382.812 351.562 890.625 1101.562 1031.250
-617.188 171.875 109.375 0.000 2156.250 101.562 132.812 1265.625 937.500 687.500 1468.750 468.750 812.500 1078.125 1023.438
-617.188 171.875 109.375 0.000 2156.250 101.562 132.812 1265.625 937.500 687.500 1468.750 468.750 812.500 1078.125 1023.438
-640.625 -85.938 257.812 171.875 765.625 835.938 54.688 929.688 875.000 375.000 1437.500 429.688 671.875 882.812 1085.938
-601.562 -421.875 507.812 -46.875 703.125 812.500 -78.125 648.438 921.875 304.688 1015.625 484.375 500.000 640.625 875.000
-601.562 -421.875 507.812 -46.875 703.125 812.500 -78.125 648.438 921.875 304.688 1015.625 484.375 500.000 640.625 875.000
-539.062 -632.812 593.750 -117.188 695.312 781.250 -132.812 578.125 937.500 265.625 898.438 531.250 375.000 562.500 796.875
-539.062 -632.812 593.750 -117.188 695.312 781.250 -132.812 578.125 937.500 265.625 898.438 531.250 375.000 562.500 796.875
-468.750 -867.188 710.938 -242.188 406.250 851.562 -250.000 421.875 875.000 62.500 867.188 484.375 195.312 593.750 812.500
-468.750 -867.188 710.938 -281.250 375.000 859.375 -289.062 390.625 835.938 54.688 867.188 476.562 203.125 546.875 804.688
-468.750 -867.188 710.938 -281.250 375.000 859.375 -289.062 390.625 835.938 54.688 867.188 476.562 203.125 546.875 804.688
-585.938 -820.312 617.188 -343.750 445.312 804.688 -351.562 390.625 835.938 23.438 812.500 500.000 226.562 492.188 789.062
-695.312 -656.250 500.000 -335.938 460.938 828.125 -312.500 406.250 875.000 117.188 882.812 539.062 343.750 523.438 867.188
-695.312 -656.250 500.000 -335.938 460.938 828.125 -312.500 406.250 875.000 117.188 882.812 539.062 343.750 523.438 867.188
-703.125 -570.312 476.562 -304.688 476.562 851.562 -281.250 437.500 921.875 179.688 921.875 585.938 367.188 539.062 906.250
-703.125 -570.312 476.562 -304.688 476.562 851.562 -281.250 437.500 921.875 179.688 921.875 585.938 367.188 539.062 906.250
-679.688 -445.312 460.938 -289.062 523.438 828.125 -234.375 476.562 953.125 296.875 1007.812 625.000 570.312 562.500 984.375
-648.438 -414.062 476.562 -273.438 539.062 804.688 -195.312 539.062 960.938 375.000 1046.875 664.062 656.250 546.875 1039.062
-648.438 -414.062 476.562 -273.438 539.062 804.688 -195.312 539.062 960.938 375.000 1046.875 664.062 656.250 546.875 1039.062
-632.812 -351.562 453.125 -273.438 640.625 656.250 -179.688 632.812 859.375 484.375 1164.062 625.000 726.562 601.562 1054.688
-640.625 -148.438 296.875 -289.062 812.500 554.688 -210.938 757.812 828.125 429.688 1203.125 546.875 710.938 718.750 1046.875
-640.625 -148.438 296.875 -289.062 812.500 554.688 -210.938 757.812 828.125 429.688 1203.125 546.875 710.938 718.750 1046.875
-617.188 39.062 234.375 -242.188 898.438 546.875 -187.500 804.688 859.375 382.812 1273.438 500.000 734.375 781.250 1046.875
-617.188 39.062 234.375 -242.188 898.438 546.875 -187.500 804.688 859.375 382.812 1273.438 500.000 734.375 781.250 1046.875
-585.938 421.875 78.125 -132.812 914.062 515.625 -117.188 968.750 828.125 484.375 1492.188 492.188 781.250 953.125 1203.125
-546.875 562.500 -15.625 -164.062 953.125 406.250 -156.250 1062.500 718.750 507.812 1578.125 484.375 859.375 960.938 1179.688
-546.875 562.500 -15.625 -164.062 953.125 406.250 -156.250 1062.500 718.750 507.812 1578.125 484.375 859.375 960.938 1179.688
-523.438 679.688 -257.812 -234.375 1140.625 125.000 -281.250 1179.688 671.875 445.312 1625.000 531.250 945.312 1007.812 1226.562
-515.625 570.312 -539.062 -289.062 1242.188 -31.250 -367.188 1085.938 679.688 203.125 1734.375 468.750 820.312 984.375 1218.750
-515.625 570.312 -539.062 -289.062 1242.188 -31.250 -367.188 1085.938 679.688 203.125 1734.375 468.750 820.312 984.375 1218.750
-531.250 492.188 -671.875 -421.875 1125.000 -78.125 -382.812 1000.000 609.375 171.875 1773.438 390.625 820.312 1015.625 1203.125
-531.250 492.188 -671.875 -421.875 1125.000 -78.125 -382.812 1000.000 609.375 171.875 1773.438 390.625 820.312 1015.625 1203.125
-554.688 304.688 -960.938 -500.000 609.375 -117.188 -421.875 632.812 312.500 15.625 1304.688 132.812 1343.750 1367.188 1468.750
-515.625 195.312 -1085.938 -359.375 171.875 -62.500 -453.125 218.750 62.500 -453.125 1429.688 -375.000 859.375 2476.562 1437.500
-515.625 195.312 -1085.938 -359.375 171.875 -62.500 -453.125 218.750 62.500 -453.125 1429.688 -375.000 859.375 2476.562 1437.500
-476.562 -93.750 -1335.938 -742.188 -140.625 15.625 -734.375 93.750 109.375 -898.438 1125.000 -171.875 31.250 2070.312 1062.500
-476.562 -93.750 -1335.938 -742.188 -140.625 15.625 -734.375 93.750 109.375 -898.438 1125.000 -171.875 31.250 2070.312 1062.500
-375.000 -289.062 -1429.688 -859.375 -210.938 171.875 -968.750 -23.438 250.000 -765.625 1648.438 296.875 328.125 2203.125 1812.500
-421.875 -367.188 -1476.562 -914.062 -296.875 195.312 -835.938 -148.438 226.562 -546.875 906.250 93.750 234.375 1343.750 -351.562
-507.812 -460.938 -1554.688 -906.250 -523.438 195.312 -710.938 -414.062 164.062 -429.688 54.688 -101.562 -351.562 1156.250 -851.562
-523.438 -585.938 -1648.438 -812.500 -914.062 312.500 -695.312 -726.562 31.250 -742.188 164.062 -85.938 -429.688 1421.875 -93.750
-523.438 -718.750 -1671.875 -757.812 -1007.812 429.688 -554.688 -515.625 210.938 -1062.500 375.000 -78.125 -414.062 992.188 125.000
-523.438 -718.750 -1671.875 -757.812 -1007.812 429.688 -554.688 -515.625 210.938 -1062.500 375.000 -78.125 -414.062 992.188 125.000
-570.312 -1085.938 -1718.750 -375.000 -1703.125 906.250 -164.062 -1117.188 210.938 -781.250 -710.938 -78.125 -875.000 1070.312 -234.375
-539.062 -1210.938 -1632.812 -710.938 -1390.625 1031.250 -585.938 -1226.562 320.312 -843.750 -515.625 140.625 -765.625 359.375 -312.500
-593.750 -1367.188 -1554.688 -593.750 -968.750 843.750 -562.500 -1109.375 382.812 -812.500 -601.562 273.438 -835.938 101.562 -390.625
-695.312 -1585.938 -1539.062 -328.125 -1187.500 671.875 -367.188 -1015.625 273.438 -734.375 -796.875 304.688 -937.500 0.000 -476.562
-695.312 -1585.938 -1539.062 -328.125 -1187.500 671.875 -367.188 -1015.625 273.438 -734.375 -796.875 304.688 -937.500 0.000 -476.562
-789.062 -1898.438 -1382.812 -328.125 -1375.000 945.312 -359.375 -1414.062 367.188 -695.312 -1203.125 335.938 -937.500 -421.875 -601.562
-835.938 -1953.125 -1234.375 -281.250 -1539.062 1101.562 -257.812 -1593.750 367.188 -671.875 -1328.125 281.250 -921.875 -625.000 -710.938
-835.938 -1953.125 -1234.375 -281.250 -1539.062 1101.562 -257.812 -1593.750 367.188 -671.875 -1328.125 281.250 -921.875 -625.000 -710.938
-890.625 -2023.438 -914.062 -367.188 -1781.250 1195.312 -226.562 -1906.250 234.375 -625.000 -1531.250 195.312 -882.812 -1007.812 -703.125
-828.125 -1976.562 -718.750 -546.875 -1695.312 1117.188 -320.312 -1867.188 226.562 -539.062 -1585.938 304.688 -882.812 -1195.312 -687.500
-828.125 -1976.562 -718.750 -546.875 -1695.312 1117.188 -320.312 -1867.188 226.562 -539.062 -1585.938 304.688 -882.812 -1195.312 -687.500
-742.188 -1828.125 -632.812 -515.625 -1601.562 1085.938 -265.625 -1765.625 281.250 -414.062 -1500.000 375.000 -796.875 -1234.375 -554.688
-742.188 -1828.125 -632.812 -515.625 -1601.562 1085.938 -265.625 -1765.625 281.250 -414.062 -1500.000 375.000 -796.875 -1234.375 -554.688
-593.750 -1296.875 -648.438 -421.875 -1242.188 937.500 -179.688 -1437.500 390.625 -312.500 -1250.000 554.688 -703.125 -1078.125 -218.750
-554.688 -992.188 -679.688 -351.562 -1070.312 875.000 -117.188 -1273.438 429.688 -179.688 -1062.500 578.125 -781.250 -750.000 -39.062
-554.688 -992.188 -679.688 -351.562 -1070.312 875.000 -117.188 -1273.438 429.688 -179.688 -1062.500 578.125 -781.250 -750.000 -39.062
-453.125 -437.500 -765.625 -93.750 -671.875 773.438 15.625 -898.438 570.312 -156.250 -789.062 703.125 -859.375 -445.312 125.000
-453.125 -437.500 -765.625 -93.750 -671.875 773.438 15.625 -898.438 570.312 -156.250 -789.062 703.125 -859.375 -445.312 125.000
-445.312 -15.625 -843.750 7.812 -445.312 757.812 62.500 -664.062 656.250 -78.125 -531.250 796.875 -804.688 -375.000 375.000
-476.562 70.312 -875.000 39.062 -375.000 750.000 39.062 -585.938 679.688 -85.938 -460.938 859.375 -718.750 -468.750 617.188
-476.562 70.312 -875.000 39.062 -375.000 750.000 39.062 -585.938 679.688 -85.938 -460.938 859.375 -718.750 -468.750 617.188
-445.312 93.750 -835.938 7.812 -343.750 679.688 31.250 -562.500 656.250 -78.125 -328.125 921.875 -625.000 -460.938 921.875
-421.875 78.125 -804.688 -31.250 -359.375 664.062 7.812 -585.938 625.000 -78.125 -398.438 882.812 -601.562 -421.875 984.375
-421.875 78.125 -804.688 -31.250 -359.375 664.062 7.812 -585.938 625.000 -78.125 -398.438 882.812 -601.562 -421.875 984.375
-406.250 -7.812 -796.875 -70.312 -390.625 648.438 -23.438 -585.938 617.188 -62.500 -562.500 820.312 -625.000 -539.062 867.188
-414.062 -85.938 -820.312 -117.188 -398.438 640.625 -7.812 -609.375 625.000 -125.000 -632.812 789.062 -664.062 -562.500 734.375
-414.062 -148.438 -812.500 -125.000 -453.125 679.688 -54.688 -664.062 625.000 -93.750 -789.062 671.875 -757.812 -484.375 546.875
-437.500 -242.188 -820.312 -156.250 -515.625 718.750 -78.125 -742.188 601.562 -414.062 -570.312 757.812 -609.375 -304.688 437.500
-437.500 -242.188 -820.312 -156.250 -515.625 718.750 -78.125 -742.188 601.562 -414.062 -570.312 757.812 -609.375 -304.688 437.500
-507.812 -406.250 -812.500 -226.562 -679.688 757.812 -140.625 -867.188 515.625 -609.375 -671.875 695.312 -609.375 -414.062 273.438
-531.250 -492.188 -835.938 -273.438 -726.562 789.062 -265.625 -929.688 437.500 -1023.438 -1156.250 406.250 -476.562 -867.188 281.250
-531.250 -492.188 -835.938 -273.438 -726.562 789.062 -265.625 -929.688 437.500 -1023.438 -1156.250 406.250 -476.562 -867.188 281.250
-578.125 -601.562 -859.375 -296.875 -789.062 804.688 195.312 -1210.938 250.000 406.250 156.250 648.438 -1273.438 1195.312 -421.875
-578.125 -601.562 -859.375 -296.875 -789.062 804.688 195.312 -1210.938 250.000 406.250 156.250 648.438 -1273.438 1195.312 -421.875
-453.125 -539.062 -820.312 -187.500 -359.375 757.812 -140.625 -578.125 531.250 -78.125 -429.688 648.438 -914.062 -421.875 -671.875
-484.375 -398.438 -804.688 39.062 -289.062 703.125 -85.938 -656.250 625.000 -429.688 -625.000 585.938 -960.938 -828.125 -742.188
-484.375 -398.438 -804.688 39.062 -289.062 703.125 -85.938 -656.250 625.000 -429.688 -625.000 585.938 -960.938 -828.125 -742.188
-640.625 -273.438 -843.750 -132.812 -656.250 804.688 -109.375 -867.188 507.812 -375.000 -773.438 445.312 -1007.812 -289.062 -554.688
-640.625 -273.438 -843.750 -132.812 -656.250 804.688 -109.375 -867.188 507.812 -375.000 -773.438 445.312 -1007.812 -289.062 -554.688
-679.688 -351.562 -867.188 -281.250 -750.000 812.500 -156.250 -968.750 437.500 -414.062 -828.125 328.125 -1015.625 -46.875 -437.500
-812.500 -453.125 -1000.000 -359.375 -781.250 796.875 -195.312 -1101.562 351.562 -640.625 -796.875 132.812 -1054.688 -62.500 -531.250
-812.500 -453.125 -1000.000 -359.375 -781.250 796.875 -195.312 -1101.562 351.562 -640.625 -796.875 132.812 -1054.688 -62.500 -531.250
-976.562 -296.875 -1187.500 -312.500 -812.500 843.750 -164.062 -1218.750 226.562 -734.375 -757.812 -148.438 -1375.000 -171.875 -1164.062
-976.562 -296.875 -1187.500 -312.500 -812.500 843.750 -164.062 -1218.750 226.562 -734.375 -757.812 -148.438 -1375.000 -171.875 -1164.062
-1015.625 -281.250 -1226.562 -281.250 -703.125 828.125 -78.125 -1367.188 156.250 -859.375 -796.875 -367.188 -1289.062 15.625 -1406.250
-1054.688 -476.562 -1343.750 -523.438 -648.438 773.438 -125.000 -1250.000 203.125 -1234.375 -726.562 -609.375 -1101.562 281.250 -1812.500
-1054.688 -476.562 -1343.750 -523.438 -648.438 773.438 -125.000 -1250.000 203.125 -1234.375 -726.562 -609.375 -1101.562 281.250 -1812.500
-1148.438 -578.125 -1507.812 -398.438 -484.375 695.312 -289.062 -1039.062 195.312 -1187.500 -437.500 -710.938 -1031.250 710.938 -1914.062
-1156.250 -468.750 -1601.562 -46.875 -304.688 992.188 -1265.625 -531.250 882.812 -210.938 -593.750 -78.125 -859.375 -164.062 -2250.000
-1156.250 -468.750 -1601.562 -46.875 -304.688 992.188 -1265.625 -531.250 882.812 -210.938 -593.750 -78.125 -859.375 -164.062 -2250.000
-898.438 -601.562 -1195.312 -15.625 -484.375 210.938 -132.812 320.312 304.688 1593.750 -976.562 -328.125 679.688 -890.625 -2171.875
-898.438 -601.562 -1195.312 -15.625 -484.375 210.938 -132.812 320.312 304.688 1593.750 -976.562 -328.125 679.688 -890.625 -2171.875
-742.188 -796.875 -1000.000 -187.500 -343.750 -179.688 -23.438 796.875 554.688 1734.375 -695.312 125.000 1632.812 -1250.000 -2093.750
-273.438 -781.250 -421.875 -398.438 7.812 -23.438 0.000 406.250 882.812 1765.625 335.938 812.500 2625.000 -257.812 -1554.688
-273.438 -781.250 -421.875 -398.438 7.812 -23.438 0.000 406.250 882.812 1765.625 335.938 812.500 2625.000 -257.812 -1554.688
-31.250 -515.625 -187.500 78.125 -242.188 203.125 -226.562 23.438 953.125 3179.688 3171.875 2765.625 2546.875 703.125 1195.312
-156.250 -1218.750 -15.625 -195.312 -1148.438 593.750 -593.750 -851.562 554.688 -1312.500 992.188 1765.625 3742.188 3609.375 3992.188
-156.250 -1218.750 -15.625 -195.312 -1148.438 593.750 -593.750 -851.562 554.688 -1312.500 992.188 1765.625 3742.188 3609.375 3992.188
-156.250 15.625 218.750 -1171.875 -1000.000 390.625 -523.438 -1132.812 351.562 -179.688 -335.938 640.625 1062.500 695.312 1859.375
-156.250 15.625 218.750 -1171.875 -1000.000 390.625 -523.438 -1132.812 351.562 -179.688 -335.938 640.625 1062.500 695.312 1859.375
-328.125 781.250 234.375 -390.625 -765.625 476.562 -359.375 -554.688 773.438 171.875 62.500 1492.188 -539.062 -2398.438 312.500
-648.438 -242.188 -70.312 -1085.938 -664.062 382.812 -1140.625 -632.812 523.438 39.062 -62.500 1250.000 179.688 -1382.812 570.312
-648.438 -242.188 -70.312 -1085.938 -664.062 382.812 -1140.625 -632.812 523.438 39.062 -62.500 1250.000 179.688 -1382.812 570.312
-601.562 -148.438 -31.250 -1398.438 -867.188 343.750 -679.688 -890.625 406.250 -78.125 -406.250 804.688 -429.688 960.938 1679.688
-304.688 125.000 429.688 -1203.125 -1078.125 742.188 -1023.438 -1093.750 585.938 -632.812 -656.250 1101.562 -851.562 -1367.188 54.688
-304.688 125.000 429.688 -1203.125 -1078.125 742.188 -1023.438 -1093.750 585.938 -632.812 -656.250 1101.562 -851.562 -1367.188 54.688
-812.500 117.188 62.500 -968.750 -1195.312 617.188 -1132.812 -992.188 429.688 -414.062 -85.938 1226.562 -296.875 -531.250 1156.250
-812.500 117.188 62.500 -968.750 -1195.312 617.188 -1132.812 -992.188 429.688 -414.062 -85.938 1226.562 -296.875 -531.250 1156.250
-898.438 -7.812 -70.312 -968.750 -898.438 515.625 -921.875 -703.125 531.250 -179.688 -210.938 1148.438 -226.562 -789.062 726.562
-1117.188 132.812 -281.250 -695.312 -609.375 382.812 -640.625 -593.750 585.938 78.125 31.250 1062.500 62.500 -250.000 1132.812
-1117.188 132.812 -281.250 -695.312 -609.375 382.812 -640.625 -593.750 585.938 78.125 31.250 1062.500 62.500 -250.000 1132.812
-960.938 101.562 -179.688 -578.125 -578.125 468.750 -507.812 -523.438 632.812 171.875 7.812 1023.438 70.312 -539.062 890.625
-960.938 101.562 -179.688 -578.125 -578.125 468.750 -507.812 -523.438 632.812 171.875 7.812 1023.438 70.312 -539.062 890.625
-859.375 -31.250 -148.438 -242.188 -601.562 601.562 -328.125 -492.188 671.875 117.188 140.625 953.125 148.438 -265.625 1031.250
-890.625 -257.812 -164.062 -156.250 -554.688 648.438 -242.188 -445.312 718.750 187.500 187.500 882.812 54.688 -218.750 945.312
-890.625 -257.812 -164.062 -156.250 -554.688 648.438 -242.188 -445.312 718.750 187.500 187.500 882.812 54.688 -218.750 945.312
-859.375 -304.688 -132.812 -132.812 -546.875 648.438 -234.375 -468.750 710.938 195.312 210.938 890.625 15.625 -210.938 960.938
-828.125 -351.562 -117.188 -171.875 -585.938 617.188 -273.438 -453.125 671.875 265.625 164.062 906.250 242.188 -265.625 984.375
-828.125 -351.562 -117.188 -171.875 -585.938 617.188 -273.438 -453.125 671.875 265.625 164.062 906.250 242.188 -265.625 984.375
-843.750 -312.500 -132.812 -226.562 -578.125 585.938 -273.438 -460.938 656.250 195.312 140.625 929.688 140.625 -304.688 968.750
-843.750 -312.500 -132.812 -226.562 -578.125 585.938 -273.438 -460.938 656.250 195.312 140.625 929.688 140.625 -304.688 968.750
-906.250 -179.688 -179.688 -421.875 -601.562 531.250 -437.500 -531.250 625.000 117.188 85.938 953.125 101.562 -359.375 945.312
-937.500 -7.812 -210.938 -578.125 -625.000 492.188 -554.688 -562.500 593.750 70.312 31.250 1015.625 101.562 -406.250 960.938
-937.500 -7.812 -210.938 -578.125 -625.000 492.188 -554.688 -562.500 593.750 70.312 31.250 1015.625 101.562 -406.250 960.938
-960.938 70.312 -210.938 -609.375 -632.812 492.188 -562.500 -601.562 593.750 62.500 15.625 1007.812 85.938 -421.875 937.500
-984.375 85.938 -210.938 -625.000 -648.438 507.812 -585.938 -601.562 593.750 62.500 15.625 1039.062 101.562 -445.312 945.312
-1000.000 54.688 -226.562 -632.812 -648.438 523.438 -601.562 -593.750 609.375 70.312 7.812 1046.875 85.938 -445.312 960.938
-1007.812 46.875 -226.562 -632.812 -664.062 523.438 -578.125 -585.938 617.188 70.312 15.625 1046.875 70.312 -445.312 953.125
-1007.812 46.875 -226.562 -632.812 -664.062 523.438 -578.125 -585.938 617.188 70.312 15.625 1046.875 70.312 -445.312 953.125
-1031.250 39.062 -226.562 -562.500 -671.875 554.688 -531.250 -625.000 640.625 125.000 15.625 1046.875 117.188 -460.938 960.938
-1039.062 0.000 -218.750 -500.000 -687.500 585.938 -453.125 -617.188 671.875 164.062 31.250 1039.062 156.250 -414.062 968.750
-1039.062 0.000 -218.750 -500.000 -687.500 585.938 -453.125 -617.188 671.875 164.062 31.250 1039.062 156.250 -414.062 968.750
-1023.438 -15.625 -226.562 -460.938 -671.875 601.562 -421.875 -609.375 695.312 187.500 39.062 1031.250 164.062 -414.062 968.750
-1023.438 -15.625 -226.562 -460.938 -671.875 601.562 -421.875 -609.375 695.312 187.500 39.062 1031.250 164.062 -414.062 968.750
-1000.000 -78.125 -210.938 -375.000 -671.875 609.375 -359.375 -585.938 687.500 156.250 70.312 992.188 101.562 -375.000 945.312
-945.312 -125.000 -179.688 -343.750 -656.250 609.375 -351.562 -570.312 687.500 171.875 101.562 984.375 132.812 -343.750 976.562
-945.312 -125.000 -179.688 -343.750 -656.250 609.375 -351.562 -570.312 687.500 171.875 101.562 984.375 132.812 -343.750 976.562
-906.250 -242.188 -171.875 -289.062 -585.938 609.375 -335.938 -515.625 687.500 195.312 132.812 968.750 156.250 -335.938 984.375
-937.500 -203.125 -179.688 -328.125 -585.938 593.750 -359.375 -539.062 679.688 187.500 109.375 984.375 148.438 -359.375 976.562
-937.500 -203.125 -179.688 -328.125 -585.938 593.750 -359.375 -539.062 679.688 187.500 109.375 984.375 148.438 -359.375 976.562
-960.938 -171.875 -203.125 -382.812 -632.812 593.750 -390.625 -562.500 664.062 171.875 78.125 984.375 132.812 -375.000 960.938
-960.938 -171.875 -203.125 -382.812 -632.812 593.750 -390.625 -562.500 664.062 171.875 78.125 984.375 132.812 -375.000 960.938
-1007.812 -62.500 -226.562 -515.625 -656.250 539.062 -492.188 -609.375 609.375 93.750 23.438 1007.812 62.500 -437.500 921.875
-1000.000 -15.625 -218.750 -578.125 -648.438 531.250 -531.250 -625.000 601.562 85.938 23.438 1031.250 93.750 -445.312 953.125
-1000.000 -15.625 -218.750 -578.125 -648.438 531.250 -531.250 -625.000 601.562 85.938 23.438 1031.250 93.750 -445.312 953.125
-1000.000 62.500 -226.562 -593.750 -671.875 539.062 -562.500 -656.250 617.188 46.875 7.812 1039.062 54.688 -468.750 921.875
-992.188 31.250 -218.750 -578.125 -687.500 570.312 -546.875 -656.250 617.188 62.500 7.812 1046.875 70.312 -484.375 929.688
-992.188 31.250 -218.750 -578.125 -687.500 570.312 -546.875 -656.250 617.188 62.500 7.812 1046.875 70.312 -484.375 929.688
-1007.812 0.000 -210.938 -554.688 -679.688 570.312 -515.625 -664.062 632.812 78.125 7.812 1031.250 54.688 -484.375 914.062
-1007.812 0.000 -210.938 -554.688 -679.688 570.312 -515.625 -664.062 632.812 78.125 7.812 1031.250 54.688 -484.375 914.062
-1023.438 -54.688 -226.562 -476.562 -718.750 585.938 -445.312 -648.438 648.438 132.812 15.625 1015.625 101.562 -437.500 929.688
-1039.062 -62.500 -242.188 -453.125 -703.125 593.750 -414.062 -640.625 656.250 171.875 23.438 1015.625 140.625 -429.688 945.312
-1039.062 -62.500 -242.188 -453.125 -703.125 593.750 -414.062 -640.625 656.250 171.875 23.438 1015.625 140.625 -429.688 945.312
-1015.625 -101.562 -226.562 -406.250 -664.062 609.375 -382.812 -609.375 671.875 187.500 54.688 1007.812 164.062 -406.250 960.938
-968.750 -140.625 -195.312 -390.625 -656.250 609.375 -398.438 -593.750 679.688 156.250 78.125 1015.625 125.000 -390.625 960.938
-968.750 -140.625 -195.312 -390.625 -656.250 609.375 -398.438 -593.750 679.688 156.250 78.125 1015.625 125.000 -390.625 960.938
-953.125 -148.438 -187.500 -398.438 -632.812 601.562 -398.438 -578.125 656.250 156.250 101.562 1007.812 132.812 -390.625 968.750
-953.125 -148.438 -187.500 -398.438 -632.812 601.562 -398.438 -578.125 656.250 156.250 101.562 1007.812 132.812 -390.625 968.750
-953.125 -101.562 -203.125 -406.250 -593.750 585.938 -398.438 -554.688 656.250 156.250 101.562 992.188 132.812 -390.625 960.938
-960.938 -93.750 -203.125 -414.062 -601.562 585.938 -398.438 -578.125 648.438 140.625 93.750 984.375 101.562 -367.188 953.125
-960.938 -93.750 -203.125 -414.062 -601.562 585.938 -398.438 -578.125 648.438 140.625 93.750 984.375 101.562 -367.188 953.125
-960.938 -70.312 -195.312 -460.938 -640.625 546.875 -453.125 -578.125 617.188 93.750 70.312 992.188 78.125 -398.438 929.688
-976.562 -62.500 -195.312 -507.812 -648.438 562.500 -492.188 -601.562 617.188 78.125 62.500 1007.812 62.500 -414.062 953.125
-976.562 -62.500 -195.312 -507.812 -648.438 562.500 -492.188 -601.562 617.188 78.125 62.500 1007.812 62.500 -414.062 953.125
-968.750 -46.875 -187.500 -515.625 -632.812 570.312 -500.000 -609.375 617.188 70.312 62.500 1015.625 54.688 -421.875 945.312
-968.750 -46.875 -187.500 -515.625 -632.812 570.312 -500.000 -609.375 617.188 70.312 62.500 1015.625 54.688 -421.875 945.312
-976.562 -31.250 -195.312 -515.625 -632.812 570.312 -492.188 -601.562 632.812 70.312 62.500 1015.625 62.500 -406.250 945.312
-976.562 -23.438 -187.500 -523.438 -625.000 578.125 -500.000 -601.562 632.812 85.938 62.500 1007.812 93.750 -406.250 953.125
-976.562 -23.438 -187.500 -523.438 -625.000 578.125 -500.000 -601.562 632.812 85.938 62.500 1007.812 93.750 -406.250 953.125
-976.562 -23.438 -179.688 -507.812 -609.375 585.938 -476.562 -593.750 632.812 93.750 70.312 992.188 85.938 -390.625 945.312
-968.750 -62.500 -171.875 -460.938 -609.375 609.375 -460.938 -570.312 656.250 93.750 93.750 992.188 78.125 -375.000 953.125
-968.750 -62.500 -171.875 -460.938 -609.375 609.375 -460.938 -570.312 656.250 93.750 93.750 992.188 78.125 -375.000 953.125
-960.938 -78.125 -156.250 -445.312 -593.750 609.375 -445.312 -562.500 648.438 101.562 101.562 992.188 70.312 -367.188 953.125
-960.938 -78.125 -156.250 -445.312 -593.750 609.375 -445.312 -562.500 648.438 101.562 101.562 992.188 70.312 -367.188 953.125
-945.312 -109.375 -156.250 -421.875 -593.750 609.375 -437.500 -554.688 656.250 109.375 109.375 976.562 85.938 -367.188 945.312
-960.938 -109.375 -164.062 -437.500 -585.938 601.562 -429.688 -554.688 648.438 109.375 101.562 960.938 93.750 -367.188 937.500
-960.938 -109.375 -164.062 -437.500 -585.938 601.562 -429.688 -554.688 648.438 109.375 101.562 960.938 93.750 -367.188 937.500
-976.562 -101.562 -171.875 -429.688 -593.750 570.312 -414.062 -554.688 632.812 109.375 101.562 960.938 70.312 -351.562 921.875
-960.938 -101.562 -164.062 -437.500 -593.750 601.562 -414.062 -570.312 648.438 125.000 109.375 968.750 85.938 -335.938 937.500
-953.125 -101.562 -164.062 -421.875 -601.562 609.375 -421.875 -546.875 664.062 117.188 109.375 968.750 93.750 -343.750 945.312
-960.938 -93.750 -148.438 -406.250 -585.938 617.188 -421.875 -539.062 664.062 125.000 117.188 976.562 93.750 -351.562 953.125
-968.750 -101.562 -164.062 -421.875 -585.938 625.000 -429.688 -539.062 664.062 125.000 125.000 984.375 93.750 -343.750 953.125
-953.125 -132.812 -156.250 -429.688 -593.750 625.000 -429.688 -554.688 671.875 125.000 117.188 984.375 101.562 -343.750 960.938
-953.125 -132.812 -156.250 -437.500 -585.938 617.188 -429.688 -539.062 679.688 125.000 125.000 984.375 109.375 -343.750 960.938
-953.125 -132.812 -156.250 -437.500 -585.938 617.188 -429.688 -539.062 679.688 125.000 125.000 984.375 109.375 -343.750 960.938
-968.750 -101.562 -164.062 -468.750 -562.500 585.938 -453.125 -523.438 648.438 140.625 132.812 992.188 125.000 -343.750 968.750
-984.375 -54.688 -171.875 -492.188 -562.500 578.125 -468.750 -523.438 656.250 125.000 125.000 984.375 117.188 -335.938 968.750
-984.375 -54.688 -171.875 -492.188 -562.500 578.125 -468.750 -523.438 656.250 125.000 125.000 984.375 117.188 -335.938 968.750
-984.375 -39.062 -164.062 -484.375 -554.688 593.750 -453.125 -531.250 664.062 109.375 117.188 976.562 78.125 -312.500 953.125
-984.375 -39.062 -164.062 -484.375 -554.688 593.750 -453.125 -531.250 664.062 109.375 117.188 976.562 78.125 -312.500 953.125
-976.562 -70.312 -148.438 -453.125 -578.125 617.188 -453.125 -531.250 679.688 125.000 125.000 992.188 101.562 -335.938 960.938
-968.750 -109.375 -148.438 -453.125 -585.938 625.000 -445.312 -546.875 679.688 117.188 125.000 984.375 101.562 -343.750 960.938
-968.750 -109.375 -148.438 -453.125 -585.938 625.000 -445.312 -546.875 679.688 117.188 125.000 984.375 101.562 -343.750 960.938
-976.562 -156.250 -148.438 -429.688 -593.750 632.812 -437.500 -554.688 671.875 132.812 125.000 976.562 109.375 -335.938 960.938
-976.562 -148.438 -156.250 -421.875 -601.562 632.812 -421.875 -546.875 679.688 140.625 117.188 984.375 93.750 -320.312 953.125
-984.375 -148.438 -156.250 -414.062 -609.375 640.625 -414.062 -554.688 687.500 132.812 117.188 984.375 93.750 -328.125 960.938
-976.562 -156.250 -140.625 -421.875 -609.375 648.438 -421.875 -562.500 687.500 132.812 117.188 992.188 101.562 -343.750 960.938
-976.562 -156.250 -140.625 -421.875 -609.375 648.438 -421.875 -562.500 687.500 132.812 117.188 992.188 101.562 -343.750 960.938
-968.750 -148.438 -148.438 -421.875 -609.375 648.438 -429.688 -562.500 687.500 132.812 117.188 1000.000 101.562 -351.562 968.750
-984.375 -156.250 -156.250 -421.875 -601.562 648.438 -421.875 -554.688 695.312 140.625 125.000 1000.000 117.188 -343.750 968.750
-984.375 -156.250 -156.250 -421.875 -601.562 648.438 -421.875 -554.688 695.312 140.625 125.000 1000.000 117.188 -343.750 968.750
-976.562 -132.812 -156.250 -421.875 -578.125 640.625 -421.875 -546.875 695.312 148.438 125.000 984.375 140.625 -335.938 968.750
-984.375 -117.188 -171.875 -429.688 -570.312 632.812 -414.062 -554.688 679.688 140.625 117.188 984.375 125.000 -343.750 953.125
-984.375 -109.375 -171.875 -437.500 -601.562 609.375 -421.875 -546.875 664.062 148.438 109.375 984.375 109.375 -328.125 953.125
-984.375 -125.000 -156.250 -453.125 -609.375 609.375 -445.312 -546.875 664.062 125.000 117.188 992.188 101.562 -320.312 968.750
-984.375 -125.000 -156.250 -453.125 -609.375 609.375 -445.312 -546.875 664.062 125.000 117.188 992.188 101.562 -320.312 968.750
-976.562 -117.188 -156.250 -437.500 -593.750 625.000 -445.312 -562.500 671.875 117.188 109.375 992.188 62.500 -343.750 953.125
-960.938 -117.188 -156.250 -429.688 -609.375 640.625 -445.312 -562.500 679.688 109.375 109.375 992.188 85.938 -343.750 953.125
-960.938 -117.188 -156.250 -429.688 -609.375 640.625 -445.312 -562.500 679.688 109.375 109.375 992.188 85.938 -343.750 953.125
-968.750 -140.625 -148.438 -429.688 -601.562 640.625 -421.875 -562.500 679.688 125.000 109.375 1000.000 101.562 -351.562 960.938
-968.750 -140.625 -148.438 -429.688 -601.562 640.625 -421.875 -562.500 679.688 125.000 109.375 1000.000 101.562 -351.562 960.938
-976.562 -125.000 -156.250 -437.500 -585.938 617.188 -421.875 -546.875 671.875 140.625 109.375 976.562 117.188 -351.562 937.500
-984.375 -93.750 -179.688 -437.500 -578.125 609.375 -421.875 -531.250 679.688 148.438 117.188 976.562 117.188 -343.750 968.750
-984.375 -93.750 -179.688 -437.500 -578.125 609.375 -421.875 -531.250 679.688 148.438 117.188 976.562 117.188 -343.750 968.750
-1007.812 -62.500 -179.688 -445.312 -562.500 609.375 -429.688 -531.250 679.688 156.250 117.188 1000.000 140.625 -343.750 976.562
-992.188 -62.500 -179.688 -453.125 -585.938 617.188 -437.500 -539.062 679.688 148.438 117.188 1000.000 125.000 -343.750 976.562
-992.188 -62.500 -179.688 -453.125 -585.938 617.188 -437.500 -539.062 679.688 148.438 117.188 1000.000 125.000 -343.750 976.562
-968.750 -85.938 -164.062 -468.750 -601.562 625.000 -460.938 -562.500 664.062 125.000 101.562 1000.000 109.375 -359.375 968.750
-968.750 -85.938 -164.062 -468.750 -601.562 625.000 -460.938 -562.500 664.062 125.000 101.562 1000.000 109.375 -359.375 968.750
-976.562 -101.562 -171.875 -468.750 -578.125 601.562 -453.125 -554.688 671.875 117.188 101.562 992.188 101.562 -359.375 960.938
-984.375 -85.938 -171.875 -460.938 -585.938 601.562 -460.938 -554.688 648.438 109.375 93.750 992.188 93.750 -359.375 945.312
-984.375 -85.938 -171.875 -460.938 -585.938 601.562 -460.938 -554.688 648.438 109.375 93.750 992.188 93.750 -359.375 945.312
-968.750 -78.125 -148.438 -500.000 -593.750 593.750 -468.750 -562.500 640.625 93.750 93.750 992.188 62.500 -343.750 953.125
-968.750 -78.125 -148.438 -500.000 -593.750 593.750 -468.750 -562.500 640.625 93.750 93.750 992.188 62.500 -343.750 953.125
-976.562 -78.125 -140.625 -500.000 -601.562 593.750 -476.562 -570.312 632.812 78.125 78.125 992.188 62.500 -359.375 953.125
-968.750 -78.125 -148.438 -484.375 -593.750 593.750 -476.562 -562.500 640.625 85.938 85.938 1000.000 62.500 -367.188 953.125
-968.750 -78.125 -148.438 -484.375 -593.750 593.750 -476.562 -562.500 640.625 85.938 85.938 1000.000 62.500 -367.188 953.125
-953.125 -85.938 -156.250 -484.375 -585.938 609.375 -468.750 -570.312 640.625 93.750 93.750 1000.000 78.125 -359.375 953.125
-968.750 -85.938 -164.062 -476.562 -585.938 609.375 -468.750 -554.688 656.250 109.375 101.562 1000.000 101.562 -351.562 968.750
-968.750 -85.938 -164.062 -476.562 -585.938 609.375 -468.750 -554.688 656.250 109.375 101.562 1000.000 101.562 -351.562 968.750
-976.562 -85.938 -164.062 -445.312 -570.312 617.188 -445.312 -546.875 656.250 132.812 101.562 992.188 109.375 -351.562 976.562
-976.562 -85.938 -164.062 -445.312 -570.312 617.188 -445.312 -546.875 656.250 132.812 101.562 992.188 109.375 -351.562 976.562
-976.562 -85.938 -171.875 -445.312 -562.500 601.562 -437.500 -539.062 664.062 125.000 101.562 984.375 109.375 -343.750 968.750
-960.938 -85.938 -164.062 -437.500 -585.938 593.750 -421.875 -539.062 656.250 109.375 101.562 976.562 54.688 -335.938 937.500
-960.938 -85.938 -164.062 -437.500 -585.938 593.750 -421.875 -539.062 656.250 109.375 101.562 976.562 54.688 -335.938 937.500
