-593.750 -460.938 -593.750 -664.062 -585.938 304.688 -929.688 -296.875 148.438 -1007.812 179.688 359.375 -781.250 171.875 820.312
-664.062 -359.375 -695.312 -828.125 -609.375 156.250 -968.750 -421.875 -23.438 -1031.250 78.125 148.438 -718.750 7.812 648.438
-664.062 -359.375 -695.312 -828.125 -609.375 156.250 -968.750 -421.875 -23.438 -1031.250 78.125 148.438 -718.750 7.812 648.438
-664.062 -359.375 -695.312 -828.125 -609.375 156.250 -968.750 -421.875 -23.438 -1031.250 78.125 148.438 -718.750 7.812 648.438
-664.062 -312.500 -703.125 -882.812 -539.062 132.812 -937.500 -398.438 7.812 -1039.062 7.812 132.812 -750.000 -23.438 578.125
-679.688 -218.750 -703.125 -812.500 -484.375 140.625 -859.375 -335.938 54.688 -953.125 -140.625 125.000 -875.000 -54.688 375.000
-679.688 -218.750 -703.125 -812.500 -484.375 140.625 -859.375 -335.938 54.688 -953.125 -140.625 125.000 -875.000 -54.688 375.000
-664.062 -117.188 -718.750 -796.875 -406.250 164.062 -828.125 -367.188 85.938 -945.312 -148.438 187.500 -890.625 15.625 429.688
-664.062 -117.188 -718.750 -796.875 -406.250 164.062 -828.125 -367.188 85.938 -945.312 -148.438 187.500 -890.625 15.625 429.688
-750.000 -218.750 -757.812 -929.688 -445.312 226.562 -757.812 -421.875 382.812 -921.875 -460.938 343.750 -1000.000 304.688 156.250
-750.000 -218.750 -757.812 -929.688 -445.312 226.562 -757.812 -421.875 382.812 -921.875 -460.938 343.750 -1000.000 304.688 156.250
-750.000 -218.750 -757.812 -929.688 -445.312 226.562 -757.812 -421.875 382.812 -921.875 -460.938 343.750 -1000.000 304.688 156.250
-750.000 -218.750 -757.812 -929.688 -445.312 226.562 -757.812 -421.875 382.812 -921.875 -460.938 343.750 -1000.000 304.688 156.250
-671.875 -257.812 -773.438 -906.250 -437.500 226.562 -750.000 -445.312 328.125 -937.500 -312.500 375.000 -1023.438 296.875 85.938
-671.875 -257.812 -773.438 -906.250 -437.500 226.562 -750.000 -445.312 328.125 -937.500 -312.500 375.000 -1023.438 296.875 85.938
-695.312 -203.125 -835.938 -796.875 -476.562 312.500 -726.562 -476.562 367.188 -898.438 -164.062 414.062 -1023.438 234.375 39.062
-695.312 -203.125 -835.938 -796.875 -476.562 312.500 -726.562 -476.562 367.188 -898.438 -164.062 414.062 -1023.438 234.375 39.062
-789.062 -257.812 -929.688 -640.625 -554.688 531.250 -687.500 -500.000 507.812 -773.438 -148.438 507.812 -1054.688 164.062 -46.875
-781.250 -351.562 -945.312 -523.438 -390.625 625.000 -632.812 -429.688 593.750 -765.625 -289.062 554.688 -1148.438 0.000 -140.625
-781.250 -351.562 -945.312 -523.438 -390.625 625.000 -632.812 -429.688 593.750 -765.625 -289.062 554.688 -1148.438 0.000 -140.625
-742.188 -359.375 -882.812 -539.062 -367.188 656.250 -593.750 -429.688 609.375 -695.312 -320.312 507.812 -1140.625 0.000 -195.312
-703.125 -437.500 -882.812 -656.250 -234.375 546.875 -539.062 -453.125 585.938 -593.750 -406.250 593.750 -804.688 375.000 -234.375
-703.125 -437.500 -882.812 -656.250 -234.375 546.875 -539.062 -453.125 585.938 -593.750 -406.250 593.750 -804.688 375.000 -234.375
-703.125 -437.500 -882.812 -656.250 -234.375 546.875 -539.062 -453.125 585.938 -593.750 -406.250 593.750 -804.688 375.000 -234.375
-703.125 -437.500 -882.812 -656.250 -234.375 546.875 -539.062 -453.125 585.938 -593.750 -406.250 593.750 -804.688 375.000 -234.375
-710.938 -476.562 -890.625 -625.000 -210.938 468.750 -539.062 -351.562 546.875 -414.062 -476.562 570.312 -539.062 359.375 -234.375
-632.812 -523.438 -625.000 -570.312 -328.125 289.062 -523.438 -476.562 234.375 -351.562 226.562 343.750 1117.188 -984.375 1078.125
-632.812 -523.438 -625.000 -570.312 -328.125 289.062 -523.438 -476.562 234.375 -351.562 226.562 343.750 1117.188 -984.375 1078.125
-632.812 -523.438 -625.000 -570.312 -328.125 289.062 -523.438 -476.562 234.375 -351.562 226.562 343.750 1117.188 -984.375 1078.125
-632.812 -523.438 -625.000 -570.312 -328.125 289.062 -523.438 -476.562 234.375 -351.562 226.562 343.750 1117.188 -984.375 1078.125
-632.812 -523.438 -625.000 -570.312 -328.125 289.062 -523.438 -476.562 234.375 -351.562 226.562 343.750 1117.188 -984.375 1078.125
-601.562 -476.562 -570.312 -515.625 -351.562 359.375 -414.062 -492.188 250.000 -320.312 23.438 343.750 1085.938 -85.938 1625.000
-601.562 -476.562 -570.312 -515.625 -351.562 359.375 -414.062 -492.188 250.000 -320.312 23.438 343.750 1085.938 -85.938 1625.000
-617.188 -406.250 -539.062 -445.312 -445.312 554.688 -359.375 -335.938 468.750 -101.562 453.125 804.688 351.562 953.125 1968.750
-570.312 -273.438 -429.688 -375.000 -312.500 562.500 -343.750 148.438 1023.438 226.562 234.375 1593.750 0.000 281.250 1554.688
-570.312 -273.438 -429.688 -375.000 -312.500 562.500 -343.750 148.438 1023.438 226.562 234.375 1593.750 0.000 281.250 1554.688
-773.438 -226.562 -539.062 -320.312 -460.938 796.875 -453.125 -179.688 1015.625 -125.000 15.625 1273.438 234.375 242.188 1351.562
-773.438 -226.562 -539.062 -320.312 -460.938 796.875 -453.125 -179.688 1015.625 -125.000 15.625 1273.438 234.375 242.188 1351.562
-773.438 -226.562 -539.062 -320.312 -460.938 796.875 -453.125 -179.688 1015.625 -125.000 15.625 1273.438 234.375 242.188 1351.562
-773.438 -226.562 -539.062 -320.312 -460.938 796.875 -453.125 -179.688 1015.625 -125.000 15.625 1273.438 234.375 242.188 1351.562
-773.438 -226.562 -539.062 -320.312 -460.938 796.875 -453.125 -179.688 1015.625 -125.000 15.625 1273.438 234.375 242.188 1351.562
-367.188 226.562 -93.750 -289.062 -859.375 1039.062 -343.750 -562.500 1156.250 -31.250 -468.750 1164.062 -7.812 -46.875 968.750
-765.625 -187.500 -265.625 -609.375 -929.688 781.250 -500.000 -695.312 796.875 -31.250 -335.938 1015.625 242.188 -85.938 1015.625
-765.625 -187.500 -265.625 -609.375 -929.688 781.250 -500.000 -695.312 796.875 -31.250 -335.938 1015.625 242.188 -85.938 1015.625
-789.062 -179.688 -367.188 -500.000 -835.938 773.438 -468.750 -765.625 796.875 -125.000 -335.938 929.688 156.250 -132.812 992.188
-875.000 -39.062 -453.125 -507.812 -828.125 703.125 -484.375 -593.750 804.688 -132.812 -390.625 1023.438 15.625 -140.625 1023.438
-875.000 -39.062 -453.125 -507.812 -828.125 703.125 -484.375 -593.750 804.688 -132.812 -390.625 1023.438 15.625 -140.625 1023.438
-867.188 15.625 -453.125 -453.125 -671.875 703.125 -468.750 -546.875 835.938 -140.625 -359.375 1046.875 39.062 -156.250 1039.062
-867.188 15.625 -453.125 -453.125 -671.875 703.125 -468.750 -546.875 835.938 -140.625 -359.375 1046.875 39.062 -156.250 1039.062
-859.375 -132.812 -492.188 -93.750 -640.625 726.562 -156.250 -445.312 843.750 70.312 -203.125 984.375 203.125 -23.438 1039.062
-859.375 -132.812 -492.188 -93.750 -640.625 726.562 -156.250 -445.312 843.750 70.312 -203.125 984.375 203.125 -23.438 1039.062
-859.375 -132.812 -492.188 -93.750 -640.625 726.562 -156.250 -445.312 843.750 70.312 -203.125 984.375 203.125 -23.438 1039.062
-859.375 -132.812 -492.188 -93.750 -640.625 726.562 -156.250 -445.312 843.750 70.312 -203.125 984.375 203.125 -23.438 1039.062
-859.375 -132.812 -492.188 -93.750 -640.625 726.562 -156.250 -445.312 843.750 70.312 -203.125 984.375 203.125 -23.438 1039.062
-859.375 -132.812 -492.188 -93.750 -640.625 726.562 -156.250 -445.312 843.750 70.312 -203.125 984.375 203.125 -23.438 1039.062
-929.688 -226.562 -554.688 -125.000 -656.250 781.250 -171.875 -492.188 890.625 117.188 -210.938 1007.812 210.938 -7.812 1015.625
-929.688 -226.562 -554.688 -125.000 -656.250 781.250 -171.875 -492.188 890.625 117.188 -210.938 1007.812 210.938 -7.812 1015.625
-906.250 -203.125 -507.812 -242.188 -671.875 710.938 -242.188 -484.375 859.375 132.812 -234.375 1023.438 304.688 -46.875 1039.062
-867.188 -164.062 -468.750 -250.000 -664.062 734.375 -265.625 -500.000 882.812 117.188 -242.188 1054.688 296.875 -70.312 1039.062
-867.188 -164.062 -468.750 -250.000 -664.062 734.375 -265.625 -500.000 882.812 117.188 -242.188 1054.688 296.875 -70.312 1039.062
-867.188 -148.438 -460.938 -281.250 -726.562 757.812 -296.875 -523.438 843.750 54.688 -289.062 1000.000 210.938 -93.750 1007.812
-867.188 -148.438 -460.938 -281.250 -726.562 757.812 -296.875 -523.438 843.750 54.688 -289.062 1000.000 210.938 -93.750 1007.812
-867.188 -148.438 -460.938 -281.250 -726.562 757.812 -296.875 -523.438 843.750 54.688 -289.062 1000.000 210.938 -93.750 1007.812
-867.188 -148.438 -460.938 -281.250 -726.562 757.812 -296.875 -523.438 843.750 54.688 -289.062 1000.000 210.938 -93.750 1007.812
-867.188 -148.438 -460.938 -281.250 -726.562 757.812 -296.875 -523.438 843.750 54.688 -289.062 1000.000 210.938 -93.750 1007.812
-882.812 -117.188 -468.750 -304.688 -726.562 750.000 -328.125 -554.688 843.750 7.812 -328.125 984.375 210.938 -117.188 976.562
-921.875 -140.625 -500.000 -234.375 -695.312 750.000 -242.188 -500.000 875.000 125.000 -273.438 1023.438 273.438 -85.938 1015.625
-921.875 -140.625 -500.000 -234.375 -695.312 750.000 -242.188 -500.000 875.000 125.000 -273.438 1023.438 273.438 -85.938 1015.625
-921.875 -140.625 -500.000 -234.375 -695.312 750.000 -242.188 -500.000 875.000 125.000 -273.438 1023.438 273.438 -85.938 1015.625
-921.875 -140.625 -500.000 -234.375 -695.312 750.000 -242.188 -500.000 875.000 125.000 -273.438 1023.438 273.438 -85.938 1015.625
-937.500 -117.188 -500.000 -226.562 -679.688 726.562 -226.562 -492.188 859.375 132.812 -257.812 1000.000 265.625 -70.312 1007.812
-929.688 -156.250 -492.188 -234.375 -671.875 710.938 -226.562 -476.562 851.562 125.000 -250.000 992.188 234.375 -46.875 992.188
-929.688 -156.250 -492.188 -234.375 -671.875 710.938 -226.562 -476.562 851.562 125.000 -250.000 992.188 234.375 -46.875 992.188
-875.000 -195.312 -453.125 -242.188 -640.625 710.938 -265.625 -468.750 828.125 85.938 -242.188 984.375 257.812 -46.875 992.188
-906.250 -187.500 -460.938 -171.875 -601.562 726.562 -203.125 -406.250 867.188 171.875 -148.438 1007.812 351.562 15.625 1015.625
-906.250 -187.500 -460.938 -171.875 -601.562 726.562 -203.125 -406.250 867.188 171.875 -148.438 1007.812 351.562 15.625 1015.625
-906.250 -187.500 -460.938 -171.875 -601.562 726.562 -203.125 -406.250 867.188 171.875 -148.438 1007.812 351.562 15.625 1015.625
-906.250 -187.500 -460.938 -171.875 -601.562 726.562 -203.125 -406.250 867.188 171.875 -148.438 1007.812 351.562 15.625 1015.625
-906.250 -187.500 -460.938 -171.875 -601.562 726.562 -203.125 -406.250 867.188 171.875 -148.438 1007.812 351.562 15.625 1015.625
-882.812 -195.312 -460.938 -187.500 -601.562 718.750 -218.750 -398.438 851.562 140.625 -171.875 984.375 351.562 0.000 992.188
-882.812 -195.312 -460.938 -187.500 -601.562 718.750 -218.750 -398.438 851.562 140.625 -171.875 984.375 351.562 0.000 992.188
-875.000 -187.500 -437.500 -218.750 -609.375 726.562 -257.812 -414.062 843.750 117.188 -171.875 984.375 304.688 -7.812 976.562
-875.000 -187.500 -437.500 -218.750 -609.375 726.562 -257.812 -414.062 843.750 117.188 -171.875 984.375 304.688 -7.812 976.562
-867.188 -187.500 -421.875 -234.375 -617.188 726.562 -281.250 -414.062 851.562 93.750 -179.688 992.188 273.438 -7.812 1007.812
-867.188 -210.938 -429.688 -234.375 -601.562 726.562 -265.625 -421.875 843.750 93.750 -171.875 992.188 242.188 -15.625 984.375
-867.188 -210.938 -429.688 -234.375 -601.562 726.562 -265.625 -421.875 843.750 93.750 -171.875 992.188 242.188 -15.625 984.375
-859.375 -218.750 -429.688 -210.938 -617.188 734.375 -257.812 -406.250 835.938 85.938 -171.875 976.562 234.375 0.000 992.188
-851.562 -218.750 -421.875 -218.750 -601.562 718.750 -250.000 -406.250 843.750 101.562 -132.812 1007.812 265.625 31.250 1007.812
-851.562 -218.750 -421.875 -218.750 -601.562 718.750 -250.000 -406.250 843.750 101.562 -132.812 1007.812 265.625 31.250 1007.812
-851.562 -218.750 -421.875 -218.750 -601.562 718.750 -250.000 -406.250 843.750 101.562 -132.812 1007.812 265.625 31.250 1007.812
-851.562 -218.750 -421.875 -218.750 -601.562 718.750 -250.000 -406.250 843.750 101.562 -132.812 1007.812 265.625 31.250 1007.812
-851.562 -218.750 -421.875 -218.750 -601.562 718.750 -250.000 -406.250 843.750 101.562 -132.812 1007.812 265.625 31.250 1007.812
-882.812 -210.938 -445.312 -195.312 -609.375 726.562 -234.375 -406.250 859.375 125.000 -132.812 1007.812 312.500 39.062 1015.625
-882.812 -210.938 -445.312 -195.312 -609.375 726.562 -234.375 -406.250 859.375 125.000 -132.812 1007.812 312.500 39.062 1015.625
-882.812 -210.938 -468.750 -179.688 -640.625 757.812 -218.750 -414.062 890.625 132.812 -125.000 1054.688 304.688 31.250 1046.875
-882.812 -210.938 -468.750 -179.688 -640.625 757.812 -218.750 -414.062 890.625 132.812 -125.000 1054.688 304.688 31.250 1046.875
-882.812 -210.938 -468.750 -179.688 -640.625 757.812 -218.750 -414.062 890.625 132.812 -125.000 1054.688 304.688 31.250 1046.875
-882.812 -210.938 -468.750 -179.688 -640.625 757.812 -218.750 -414.062 890.625 132.812 -125.000 1054.688 304.688 31.250 1046.875
-882.812 -210.938 -468.750 -179.688 -640.625 757.812 -218.750 -414.062 890.625 132.812 -125.000 1054.688 304.688 31.250 1046.875
-890.625 -210.938 -484.375 -218.750 -710.938 750.000 -234.375 -476.562 890.625 140.625 -187.500 1054.688 273.438 -15.625 1078.125
-851.562 -171.875 -460.938 -265.625 -742.188 750.000 -296.875 -507.812 882.812 78.125 -226.562 1046.875 210.938 -31.250 1031.250
-851.562 -171.875 -460.938 -265.625 -742.188 750.000 -296.875 -507.812 882.812 78.125 -226.562 1046.875 210.938 -31.250 1031.250
-781.250 -54.688 -421.875 -343.750 -742.188 742.188 -375.000 -539.062 867.188 -31.250 -250.000 1062.500 62.500 -85.938 1062.500
-820.312 -109.375 -476.562 -421.875 -781.250 703.125 -484.375 -648.438 765.625 -195.312 -281.250 1031.250 140.625 -140.625 1085.938
-820.312 -109.375 -476.562 -421.875 -781.250 703.125 -484.375 -648.438 765.625 -195.312 -281.250 1031.250 140.625 -140.625 1085.938
-726.562 -195.312 -359.375 -351.562 -765.625 742.188 -406.250 -578.125 867.188 31.250 -195.312 1125.000 171.875 15.625 1242.188
-726.562 -195.312 -359.375 -351.562 -765.625 742.188 -406.250 -578.125 867.188 31.250 -195.312 1125.000 171.875 15.625 1242.188
-695.312 -132.812 -367.188 -335.938 -757.812 718.750 -390.625 -531.250 898.438 -15.625 -156.250 1164.062 257.812 62.500 1312.500
-781.250 -140.625 -406.250 -257.812 -750.000 796.875 -398.438 -414.062 937.500 46.875 31.250 1218.750 289.062 343.750 1406.250
-781.250 -140.625 -406.250 -257.812 -750.000 796.875 -398.438 -414.062 937.500 46.875 31.250 1218.750 289.062 343.750 1406.250
-687.500 -625.000 -398.438 -93.750 -734.375 757.812 1500.000 -515.625 1398.438 570.312 148.438 1156.250 218.750 531.250 1289.062
-687.500 -625.000 -398.438 -93.750 -734.375 757.812 1500.000 -515.625 1398.438 570.312 148.438 1156.250 218.750 531.250 1289.062
-687.500 -625.000 -398.438 -93.750 -734.375 757.812 1500.000 -515.625 1398.438 570.312 148.438 1156.250 218.750 531.250 1289.062
-546.875 -187.500 -375.000 0.000 -765.625 1085.938 -523.438 -570.312 1171.875 281.250 -265.625 1421.875 304.688 125.000 1390.625
-546.875 -187.500 -375.000 0.000 -765.625 1085.938 -523.438 -570.312 1171.875 281.250 -265.625 1421.875 304.688 125.000 1390.625
-664.062 78.125 -375.000 -234.375 -703.125 859.375 -359.375 -437.500 835.938 -242.188 -218.750 1093.750 23.438 -187.500 1281.250
-812.500 -945.312 -773.438 -140.625 -500.000 742.188 -328.125 -367.188 976.562 -289.062 -414.062 1164.062 7.812 -351.562 1156.250
-812.500 -945.312 -773.438 -140.625 -500.000 742.188 -328.125 -367.188 976.562 -289.062 -414.062 1164.062 7.812 -351.562 1156.250
-671.875 85.938 -671.875 -593.750 -632.812 218.750 -851.562 -562.500 23.438 375.000 -671.875 359.375 -85.938 -335.938 515.625
-671.875 85.938 -671.875 -593.750 -632.812 218.750 -851.562 -562.500 23.438 375.000 -671.875 359.375 -85.938 -335.938 515.625
-671.875 85.938 -671.875 -593.750 -632.812 218.750 -851.562 -562.500 23.438 375.000 -671.875 359.375 -85.938 -335.938 515.625
-671.875 85.938 -671.875 -593.750 -632.812 218.750 -851.562 -562.500 23.438 375.000 -671.875 359.375 -85.938 -335.938 515.625
-671.875 85.938 -671.875 -593.750 -632.812 218.750 -851.562 -562.500 23.438 375.000 -671.875 359.375 -85.938 -335.938 515.625
-843.750 -437.500 -937.500 -828.125 -578.125 85.938 -765.625 -226.562 109.375 -1156.250 -304.688 148.438 -171.875 31.250 914.062
-789.062 -367.188 -976.562 -570.312 -562.500 273.438 -796.875 -406.250 156.250 -1187.500 -70.312 62.500 -140.625 31.250 937.500
-789.062 -367.188 -976.562 -570.312 -562.500 273.438 -796.875 -406.250 156.250 -1187.500 -70.312 62.500 -140.625 31.250 937.500
-953.125 -390.625 -1250.000 -593.750 -648.438 406.250 -562.500 -554.688 140.625 -984.375 125.000 39.062 -476.562 226.562 601.562
-718.750 -609.375 -1015.625 -437.500 -578.125 375.000 -562.500 -257.812 343.750 -757.812 -312.500 476.562 -773.438 -195.312 328.125
-718.750 -609.375 -1015.625 -437.500 -578.125 375.000 -562.500 -257.812 343.750 -757.812 -312.500 476.562 -773.438 -195.312 328.125
-718.750 -609.375 -1015.625 -437.500 -578.125 375.000 -562.500 -257.812 343.750 -757.812 -312.500 476.562 -773.438 -195.312 328.125
-718.750 -609.375 -1015.625 -437.500 -578.125 375.000 -562.500 -257.812 343.750 -757.812 -312.500 476.562 -773.438 -195.312 328.125
-718.750 -609.375 -1015.625 -437.500 -578.125 375.000 -562.500 -257.812 343.750 -757.812 -312.500 476.562 -773.438 -195.312 328.125
-734.375 -515.625 -1062.500 -507.812 -453.125 367.188 -546.875 -367.188 382.812 -773.438 -289.062 414.062 -750.000 -54.688 398.438
-734.375 -515.625 -1062.500 -507.812 -453.125 367.188 -546.875 -367.188 382.812 -773.438 -289.062 414.062 -750.000 -54.688 398.438
-843.750 -203.125 -1085.938 -554.688 -359.375 421.875 -640.625 -414.062 421.875 -882.812 -171.875 367.188 -750.000 0.000 492.188
-609.375 -140.625 -570.312 -531.250 -304.688 468.750 -476.562 -531.250 625.000 -812.500 -226.562 476.562 -726.562 -39.062 507.812
-609.375 -140.625 -570.312 -531.250 -304.688 468.750 -476.562 -531.250 625.000 -812.500 -226.562 476.562 -726.562 -39.062 507.812
-273.438 -39.062 15.625 -921.875 -156.250 562.500 -593.750 -820.312 765.625 -539.062 -781.250 789.062 -671.875 -289.062 625.000
-273.438 -39.062 15.625 -921.875 -156.250 562.500 -593.750 -820.312 765.625 -539.062 -781.250 789.062 -671.875 -289.062 625.000
-773.438 -15.625 -531.250 -93.750 -1320.312 1007.812 -859.375 -578.125 312.500 -750.000 -54.688 687.500 -515.625 -195.312 929.688
-585.938 -335.938 -609.375 -492.188 -507.812 546.875 -617.188 -507.812 570.312 -679.688 -312.500 765.625 -656.250 -140.625 812.500
-585.938 -335.938 -609.375 -492.188 -507.812 546.875 -617.188 -507.812 570.312 -679.688 -312.500 765.625 -656.250 -140.625 812.500
-585.938 -335.938 -609.375 -492.188 -507.812 546.875 -617.188 -507.812 570.312 -679.688 -312.500 765.625 -656.250 -140.625 812.500
-585.938 -335.938 -609.375 -492.188 -507.812 546.875 -617.188 -507.812 570.312 -679.688 -312.500 765.625 -656.250 -140.625 812.500
-585.938 -335.938 -609.375 -492.188 -507.812 546.875 -617.188 -507.812 570.312 -679.688 -312.500 765.625 -656.250 -140.625 812.500
-703.125 -351.562 -656.250 -523.438 -687.500 640.625 -609.375 -625.000 562.500 -726.562 -250.000 718.750 -625.000 -31.250 828.125
-703.125 -351.562 -656.250 -523.438 -687.500 640.625 -609.375 -625.000 562.500 -726.562 -250.000 718.750 -625.000 -31.250 828.125
-710.938 -289.062 -664.062 -500.000 -671.875 632.812 -609.375 -609.375 554.688 -703.125 -273.438 703.125 -593.750 -46.875 867.188
-671.875 -281.250 -625.000 -523.438 -617.188 570.312 -625.000 -593.750 539.062 -734.375 -265.625 703.125 -601.562 -62.500 875.000
-671.875 -281.250 -625.000 -523.438 -617.188 570.312 -625.000 -593.750 539.062 -734.375 -265.625 703.125 -601.562 -62.500 875.000
-656.250 -179.688 -656.250 -539.062 -585.938 539.062 -640.625 -562.500 460.938 -765.625 -210.938 625.000 -625.000 -15.625 835.938
-656.250 -179.688 -656.250 -539.062 -585.938 539.062 -640.625 -562.500 460.938 -765.625 -210.938 625.000 -625.000 -15.625 835.938
-656.250 -179.688 -656.250 -539.062 -585.938 539.062 -640.625 -562.500 460.938 -765.625 -210.938 625.000 -625.000 -15.625 835.938
-679.688 -164.062 -687.500 -539.062 -601.562 539.062 -640.625 -585.938 445.312 -757.812 -218.750 593.750 -640.625 -23.438 796.875
-679.688 -164.062 -687.500 -539.062 -601.562 539.062 -640.625 -585.938 445.312 -757.812 -218.750 593.750 -640.625 -23.438 796.875
-695.312 -210.938 -710.938 -546.875 -609.375 523.438 -632.812 -617.188 460.938 -742.188 -289.062 609.375 -656.250 -85.938 742.188
-695.312 -210.938 -710.938 -546.875 -609.375 523.438 -632.812 -617.188 460.938 -742.188 -289.062 609.375 -656.250 -85.938 742.188
-703.125 -218.750 -718.750 -554.688 -640.625 539.062 -625.000 -640.625 476.562 -734.375 -304.688 617.188 -648.438 -85.938 750.000
-695.312 -242.188 -742.188 -492.188 -664.062 554.688 -593.750 -601.562 507.812 -710.938 -265.625 671.875 -585.938 -46.875 851.562
-695.312 -242.188 -742.188 -492.188 -664.062 554.688 -593.750 -601.562 507.812 -710.938 -265.625 671.875 -585.938 -46.875 851.562
-695.312 -242.188 -742.188 -492.188 -664.062 554.688 -593.750 -601.562 507.812 -710.938 -265.625 671.875 -585.938 -46.875 851.562
-695.312 -242.188 -742.188 -492.188 -664.062 554.688 -593.750 -601.562 507.812 -710.938 -265.625 671.875 -585.938 -46.875 851.562
-695.312 -242.188 -742.188 -492.188 -664.062 554.688 -593.750 -601.562 507.812 -710.938 -265.625 671.875 -585.938 -46.875 851.562
-718.750 -195.312 -742.188 -515.625 -648.438 523.438 -609.375 -570.312 500.000 -718.750 -234.375 656.250 -593.750 -31.250 828.125
-718.750 -195.312 -742.188 -515.625 -648.438 523.438 -609.375 -570.312 500.000 -718.750 -234.375 656.250 -593.750 -31.250 828.125
-710.938 -203.125 -726.562 -531.250 -632.812 523.438 -617.188 -570.312 484.375 -734.375 -226.562 656.250 -601.562 -23.438 835.938
-703.125 -195.312 -679.688 -578.125 -578.125 507.812 -656.250 -562.500 453.125 -757.812 -218.750 640.625 -609.375 -15.625 843.750
-703.125 -195.312 -679.688 -578.125 -578.125 507.812 -656.250 -562.500 453.125 -757.812 -218.750 640.625 -609.375 -15.625 843.750
-687.500 -203.125 -648.438 -625.000 -601.562 476.562 -679.688 -546.875 414.062 -773.438 -218.750 617.188 -593.750 -23.438 843.750
-687.500 -203.125 -648.438 -625.000 -601.562 476.562 -679.688 -546.875 414.062 -773.438 -218.750 617.188 -593.750 -23.438 843.750
-687.500 -203.125 -648.438 -625.000 -601.562 476.562 -679.688 -546.875 414.062 -773.438 -218.750 617.188 -593.750 -23.438 843.750
-687.500 -203.125 -648.438 -625.000 -601.562 476.562 -679.688 -546.875 414.062 -773.438 -218.750 617.188 -593.750 -23.438 843.750
-687.500 -203.125 -648.438 -625.000 -601.562 476.562 -679.688 -546.875 414.062 -773.438 -218.750 617.188 -593.750 -23.438 843.750
-687.500 -156.250 -664.062 -609.375 -609.375 476.562 -671.875 -562.500 437.500 -765.625 -234.375 617.188 -609.375 -31.250 812.500
-718.750 -187.500 -695.312 -601.562 -585.938 500.000 -671.875 -570.312 453.125 -765.625 -226.562 617.188 -632.812 -39.062 812.500
-718.750 -187.500 -695.312 -601.562 -585.938 500.000 -671.875 -570.312 453.125 -765.625 -226.562 617.188 -632.812 -39.062 812.500
-710.938 -226.562 -695.312 -585.938 -601.562 507.812 -648.438 -570.312 453.125 -757.812 -210.938 632.812 -617.188 -15.625 812.500
-703.125 -257.812 -679.688 -515.625 -585.938 539.062 -609.375 -617.188 445.312 -742.188 -210.938 632.812 -601.562 -23.438 804.688
-703.125 -257.812 -679.688 -515.625 -585.938 539.062 -609.375 -617.188 445.312 -742.188 -210.938 632.812 -601.562 -23.438 804.688
-703.125 -257.812 -679.688 -515.625 -585.938 539.062 -609.375 -617.188 445.312 -742.188 -210.938 632.812 -601.562 -23.438 804.688
-703.125 -257.812 -679.688 -515.625 -585.938 539.062 -609.375 -617.188 445.312 -742.188 -210.938 632.812 -601.562 -23.438 804.688
-703.125 -257.812 -679.688 -515.625 -585.938 539.062 -609.375 -617.188 445.312 -742.188 -210.938 632.812 -601.562 -23.438 804.688
-671.875 -265.625 -671.875 -531.250 -593.750 554.688 -617.188 -664.062 398.438 -750.000 -203.125 609.375 -593.750 -39.062 804.688
-671.875 -265.625 -671.875 -531.250 -593.750 554.688 -617.188 -664.062 398.438 -750.000 -203.125 609.375 -593.750 -39.062 804.688
-664.062 -265.625 -656.250 -531.250 -601.562 546.875 -625.000 -671.875 382.812 -757.812 -203.125 585.938 -593.750 -39.062 781.250
-671.875 -273.438 -656.250 -539.062 -593.750 546.875 -632.812 -671.875 390.625 -773.438 -226.562 570.312 -601.562 -46.875 750.000
-664.062 -265.625 -664.062 -554.688 -585.938 546.875 -640.625 -648.438 390.625 -789.062 -218.750 562.500 -640.625 -46.875 734.375
-687.500 -257.812 -656.250 -578.125 -562.500 531.250 -664.062 -625.000 398.438 -789.062 -210.938 578.125 -640.625 -54.688 750.000
-687.500 -257.812 -656.250 -578.125 -562.500 531.250 -664.062 -625.000 398.438 -789.062 -210.938 578.125 -640.625 -54.688 750.000
-679.688 -273.438 -648.438 -578.125 -562.500 531.250 -664.062 -617.188 390.625 -789.062 -210.938 585.938 -625.000 -54.688 773.438
-617.188 -281.250 -601.562 -578.125 -570.312 507.812 -679.688 -593.750 359.375 -828.125 -187.500 554.688 -679.688 -62.500 773.438
-617.188 -281.250 -601.562 -578.125 -570.312 507.812 -679.688 -593.750 359.375 -828.125 -187.500 554.688 -679.688 -62.500 773.438
-617.188 -281.250 -601.562 -578.125 -570.312 507.812 -679.688 -593.750 359.375 -828.125 -187.500 554.688 -679.688 -62.500 773.438
-617.188 -281.250 -601.562 -578.125 -570.312 507.812 -679.688 -593.750 359.375 -828.125 -187.500 554.688 -679.688 -62.500 773.438
-601.562 -320.312 -593.750 -570.312 -585.938 507.812 -695.312 -585.938 343.750 -851.562 -195.312 515.625 -703.125 -62.500 750.000
-500.000 -507.812 -585.938 -398.438 -1335.938 625.000 -859.375 -460.938 -54.688 -921.875 -148.438 429.688 -609.375 -265.625 828.125
-500.000 -507.812 -585.938 -398.438 -1335.938 625.000 -859.375 -460.938 -54.688 -921.875 -148.438 429.688 -609.375 -265.625 828.125
-500.000 -507.812 -585.938 -398.438 -1335.938 625.000 -859.375 -460.938 -54.688 -921.875 -148.438 429.688 -609.375 -265.625 828.125
-500.000 -507.812 -585.938 -398.438 -1335.938 625.000 -859.375 -460.938 -54.688 -921.875 -148.438 429.688 -609.375 -265.625 828.125
-500.000 -507.812 -585.938 -398.438 -1335.938 625.000 -859.375 -460.938 -54.688 -921.875 -148.438 429.688 -609.375 -265.625 828.125
-31.250 -851.562 101.562 -507.812 -437.500 414.062 -820.312 -804.688 156.250 -976.562 -70.312 406.250 -445.312 -304.688 960.938
-31.250 -851.562 101.562 -507.812 -437.500 414.062 -820.312 -804.688 156.250 -976.562 -70.312 406.250 -445.312 -304.688 960.938
-78.125 -812.500 281.250 -1023.438 -1000.000 273.438 -789.062 -789.062 -62.500 -960.938 -351.562 312.500 -320.312 -406.250 1070.312
-203.125 -289.062 -62.500 -250.000 -1125.000 1039.062 -1046.875 -1062.500 -54.688 -1023.438 -429.688 46.875 -171.875 -742.188 804.688
-203.125 -289.062 -62.500 -250.000 -1125.000 1039.062 -1046.875 -1062.500 -54.688 -1023.438 -429.688 46.875 -171.875 -742.188 804.688
-289.062 -218.750 -382.812 -796.875 -976.562 453.125 -898.438 -1171.875 -218.750 -882.812 -328.125 -156.250 -85.938 -789.062 570.312
-484.375 -671.875 -695.312 -1218.750 -351.562 70.312 -867.188 -1351.562 -250.000 -500.000 -914.062 -359.375 -93.750 -304.688 -62.500
-484.375 -671.875 -695.312 -1218.750 -351.562 70.312 -867.188 -1351.562 -250.000 -500.000 -914.062 -359.375 -93.750 -304.688 -62.500
-242.188 -664.062 -1320.312 -742.188 -468.750 343.750 78.125 -937.500 656.250 -46.875 -242.188 429.688 -695.312 132.812 242.188
-242.188 -664.062 -1320.312 -742.188 -468.750 343.750 78.125 -937.500 656.250 -46.875 -242.188 429.688 -695.312 132.812 242.188
-242.188 -664.062 -1320.312 -742.188 -468.750 343.750 78.125 -937.500 656.250 -46.875 -242.188 429.688 -695.312 132.812 242.188
-117.188 -640.625 -1375.000 -820.312 -539.062 375.000 453.125 -484.375 773.438 -78.125 -101.562 757.812 -382.812 -226.562 671.875
-117.188 -640.625 -1375.000 -820.312 -539.062 375.000 453.125 -484.375 773.438 -78.125 -101.562 757.812 -382.812 -226.562 671.875
-85.938 -750.000 -1460.938 -554.688 -335.938 421.875 203.125 210.938 968.750 0.000 -328.125 1148.438 -234.375 -109.375 1203.125
-289.062 -148.438 -1546.875 -484.375 -195.312 507.812 70.312 757.812 1226.562 250.000 23.438 1750.000 148.438 429.688 1843.750
-289.062 -148.438 -1546.875 -484.375 -195.312 507.812 70.312 757.812 1226.562 250.000 23.438 1750.000 148.438 429.688 1843.750
-382.812 -70.312 -1492.188 -507.812 -46.875 507.812 -101.562 906.250 1195.312 328.125 304.688 1968.750 421.875 742.188 1921.875
-382.812 -70.312 -1492.188 -507.812 -46.875 507.812 -101.562 906.250 1195.312 328.125 304.688 1968.750 421.875 742.188 1921.875
-398.438 148.438 -1101.562 -390.625 281.250 726.562 -148.438 609.375 1039.062 343.750 109.375 1453.125 875.000 437.500 1476.562
-398.438 148.438 -1101.562 -390.625 281.250 726.562 -148.438 609.375 1039.062 343.750 109.375 1453.125 875.000 437.500 1476.562
-398.438 148.438 -1101.562 -390.625 281.250 726.562 -148.438 609.375 1039.062 343.750 109.375 1453.125 875.000 437.500 1476.562
-515.625 62.500 -1242.188 -500.000 218.750 718.750 -117.188 539.062 1039.062 320.312 54.688 1234.375 617.188 460.938 1242.188
-375.000 -484.375 -976.562 -757.812 -226.562 617.188 -468.750 125.000 890.625 -164.062 -109.375 984.375 70.312 195.312 1000.000
-375.000 -484.375 -976.562 -757.812 -226.562 617.188 -468.750 125.000 890.625 -164.062 -109.375 984.375 70.312 195.312 1000.000
-375.000 -484.375 -976.562 -757.812 -226.562 617.188 -468.750 125.000 890.625 -164.062 -109.375 984.375 70.312 195.312 1000.000
-375.000 -484.375 -976.562 -757.812 -226.562 617.188 -468.750 125.000 890.625 -164.062 -109.375 984.375 70.312 195.312 1000.000
-375.000 -484.375 -976.562 -757.812 -226.562 617.188 -468.750 125.000 890.625 -164.062 -109.375 984.375 70.312 195.312 1000.000
-265.625 -851.562 -750.000 -843.750 -367.188 515.625 -539.062 31.250 851.562 -203.125 -179.688 976.562 85.938 109.375 1031.250
-265.625 -851.562 -750.000 -843.750 -367.188 515.625 -539.062 31.250 851.562 -203.125 -179.688 976.562 85.938 109.375 1031.250
-296.875 -875.000 -867.188 -820.312 -515.625 531.250 -476.562 -15.625 898.438 -218.750 -296.875 953.125 -15.625 -7.812 937.500
-296.875 -875.000 -867.188 -820.312 -515.625 531.250 -476.562 -15.625 898.438 -218.750 -296.875 953.125 -15.625 -7.812 937.500
-296.875 -875.000 -867.188 -820.312 -515.625 531.250 -476.562 -15.625 898.438 -218.750 -296.875 953.125 -15.625 -7.812 937.500
-296.875 -875.000 -867.188 -820.312 -515.625 531.250 -476.562 -15.625 898.438 -218.750 -296.875 953.125 -15.625 -7.812 937.500
-296.875 -875.000 -867.188 -820.312 -515.625 531.250 -476.562 -15.625 898.438 -218.750 -296.875 953.125 -15.625 -7.812 937.500
-281.250 -656.250 -906.250 -781.250 -523.438 515.625 -421.875 0.000 890.625 -140.625 -210.938 960.938 117.188 62.500 976.562
-312.500 -546.875 -937.500 -765.625 -406.250 507.812 -359.375 78.125 890.625 -23.438 -171.875 992.188 210.938 93.750 1023.438
-312.500 -546.875 -937.500 -765.625 -406.250 507.812 -359.375 78.125 890.625 -23.438 -171.875 992.188 210.938 93.750 1023.438
-320.312 -515.625 -937.500 -750.000 -382.812 484.375 -335.938 132.812 890.625 -15.625 -156.250 1007.812 296.875 132.812 1023.438
-289.062 -421.875 -921.875 -703.125 -312.500 492.188 -304.688 171.875 914.062 78.125 -125.000 1031.250 359.375 171.875 1054.688
-289.062 -421.875 -921.875 -703.125 -312.500 492.188 -304.688 171.875 914.062 78.125 -125.000 1031.250 359.375 171.875 1054.688
-312.500 -414.062 -937.500 -695.312 -304.688 515.625 -281.250 171.875 921.875 62.500 -140.625 1046.875 343.750 148.438 1054.688
-312.500 -414.062 -937.500 -695.312 -304.688 515.625 -281.250 171.875 921.875 62.500 -140.625 1046.875 343.750 148.438 1054.688
-187.500 -437.500 -656.250 -757.812 -187.500 460.938 -359.375 187.500 906.250 -39.062 -101.562 1062.500 210.938 171.875 1101.562
-187.500 -437.500 -656.250 -757.812 -187.500 460.938 -359.375 187.500 906.250 -39.062 -101.562 1062.500 210.938 171.875 1101.562
-187.500 -437.500 -656.250 -757.812 -187.500 460.938 -359.375 187.500 906.250 -39.062 -101.562 1062.500 210.938 171.875 1101.562
-226.562 -507.812 -726.562 -765.625 -226.562 460.938 -375.000 195.312 867.188 -78.125 -78.125 1046.875 179.688 164.062 1109.375
-242.188 -539.062 -750.000 -765.625 -289.062 484.375 -367.188 171.875 867.188 -85.938 -78.125 1007.812 117.188 164.062 1078.125
-234.375 -710.938 -742.188 -640.625 -367.188 632.812 -312.500 125.000 929.688 -101.562 -148.438 976.562 0.000 156.250 953.125
-234.375 -710.938 -742.188 -640.625 -367.188 632.812 -312.500 125.000 929.688 -101.562 -148.438 976.562 0.000 156.250 953.125
-234.375 -710.938 -742.188 -640.625 -367.188 632.812 -312.500 125.000 929.688 -101.562 -148.438 976.562 0.000 156.250 953.125
-234.375 -710.938 -742.188 -640.625 -367.188 632.812 -312.500 125.000 929.688 -101.562 -148.438 976.562 0.000 156.250 953.125
-265.625 -679.688 -710.938 -734.375 -289.062 570.312 -382.812 156.250 906.250 -125.000 -140.625 992.188 46.875 125.000 992.188
-265.625 -679.688 -710.938 -734.375 -289.062 570.312 -382.812 156.250 906.250 -125.000 -140.625 992.188 46.875 125.000 992.188
-289.062 -648.438 -718.750 -781.250 -289.062 500.000 -437.500 132.812 882.812 -132.812 -117.188 1007.812 78.125 132.812 1007.812
-312.500 -640.625 -742.188 -851.562 -296.875 429.688 -468.750 109.375 867.188 -156.250 -132.812 984.375 70.312 148.438 1023.438
-328.125 -625.000 -765.625 -875.000 -304.688 382.812 -507.812 78.125 851.562 -187.500 -148.438 1000.000 70.312 132.812 1023.438
-359.375 -476.562 -875.000 -867.188 -273.438 351.562 -531.250 117.188 859.375 -234.375 -164.062 1031.250 -62.500 117.188 1062.500
-359.375 -476.562 -875.000 -867.188 -273.438 351.562 -531.250 117.188 859.375 -234.375 -164.062 1031.250 -62.500 117.188 1062.500
-359.375 -476.562 -875.000 -867.188 -273.438 351.562 -531.250 117.188 859.375 -234.375 -164.062 1031.250 -62.500 117.188 1062.500
-359.375 -476.562 -875.000 -867.188 -273.438 351.562 -531.250 117.188 859.375 -234.375 -164.062 1031.250 -62.500 117.188 1062.500
-375.000 -453.125 -921.875 -859.375 -281.250 367.188 -554.688 148.438 851.562 -289.062 -109.375 1054.688 -78.125 140.625 1078.125
-375.000 -429.688 -976.562 -835.938 -265.625 367.188 -562.500 195.312 828.125 -312.500 -39.062 1062.500 -140.625 218.750 1085.938
-375.000 -429.688 -976.562 -835.938 -265.625 367.188 -562.500 195.312 828.125 -312.500 -39.062 1062.500 -140.625 218.750 1085.938
-609.375 -101.562 -1382.812 -765.625 -320.312 421.875 -609.375 250.000 710.938 -445.312 117.188 968.750 -375.000 359.375 1023.438
-515.625 23.438 -1421.875 -734.375 -312.500 468.750 -578.125 226.562 679.688 -429.688 203.125 921.875 -406.250 375.000 1000.000
-515.625 23.438 -1421.875 -734.375 -312.500 468.750 -578.125 226.562 679.688 -429.688 203.125 921.875 -406.250 375.000 1000.000
-343.750 179.688 -1484.375 -648.438 23.438 445.312 -562.500 234.375 718.750 -359.375 54.688 898.438 -171.875 312.500 937.500
-343.750 179.688 -1484.375 -648.438 23.438 445.312 -562.500 234.375 718.750 -359.375 54.688 898.438 -171.875 312.500 937.500
-343.750 179.688 -1484.375 -648.438 23.438 445.312 -562.500 234.375 718.750 -359.375 54.688 898.438 -171.875 312.500 937.500
-296.875 281.250 -1484.375 -664.062 70.312 406.250 -523.438 257.812 742.188 -335.938 7.812 937.500 -148.438 257.812 976.562
-296.875 281.250 -1484.375 -664.062 70.312 406.250 -523.438 257.812 742.188 -335.938 7.812 937.500 -148.438 257.812 976.562
-210.938 23.438 -1453.125 -742.188 39.062 320.312 -445.312 171.875 828.125 -164.062 -171.875 960.938 156.250 195.312 1078.125
-132.812 -203.125 -1398.438 -812.500 -93.750 328.125 -437.500 85.938 867.188 -93.750 -234.375 984.375 171.875 109.375 1046.875
-132.812 -203.125 -1398.438 -812.500 -93.750 328.125 -437.500 85.938 867.188 -93.750 -234.375 984.375 171.875 109.375 1046.875
-117.188 -804.688 -1210.938 -929.688 -406.250 375.000 -492.188 -273.438 664.062 -304.688 -210.938 726.562 109.375 54.688 1125.000
-117.188 -804.688 -1210.938 -929.688 -406.250 375.000 -492.188 -273.438 664.062 -304.688 -210.938 726.562 109.375 54.688 1125.000
-117.188 -804.688 -1210.938 -929.688 -406.250 375.000 -492.188 -273.438 664.062 -304.688 -210.938 726.562 109.375 54.688 1125.000
-117.188 -804.688 -1210.938 -929.688 -406.250 375.000 -492.188 -273.438 664.062 -304.688 -210.938 726.562 109.375 54.688 1125.000
-117.188 -804.688 -1210.938 -929.688 -406.250 375.000 -492.188 -273.438 664.062 -304.688 -210.938 726.562 109.375 54.688 1125.000
0.000 -1359.375 -1007.812 -953.125 -601.562 320.312 -687.500 -148.438 632.812 -500.000 -234.375 703.125 15.625 -15.625 1070.312
93.750 -1578.125 -781.250 -921.875 -632.812 367.188 -593.750 -187.500 781.250 -500.000 -367.188 695.312 -117.188 -117.188 984.375
93.750 -1578.125 -781.250 -921.875 -632.812 367.188 -593.750 -187.500 781.250 -500.000 -367.188 695.312 -117.188 -117.188 984.375
93.750 -1640.625 -421.875 -906.250 -585.938 554.688 -492.188 -265.625 992.188 -468.750 -476.562 875.000 -382.812 -210.938 648.438
93.750 -1640.625 -421.875 -906.250 -585.938 554.688 -492.188 -265.625 992.188 -468.750 -476.562 875.000 -382.812 -210.938 648.438
406.250 -859.375 500.000 -1031.250 -203.125 78.125 -531.250 -132.812 992.188 -359.375 -531.250 1148.438 -179.688 -328.125 1078.125
406.250 -859.375 500.000 -1031.250 -203.125 78.125 -531.250 -132.812 992.188 -359.375 -531.250 1148.438 -179.688 -328.125 1078.125
406.250 -859.375 500.000 -1031.250 -203.125 78.125 -531.250 -132.812 992.188 -359.375 -531.250 1148.438 -179.688 -328.125 1078.125
406.250 -859.375 500.000 -1031.250 -203.125 78.125 -531.250 -132.812 992.188 -359.375 -531.250 1148.438 -179.688 -328.125 1078.125
-406.250 -343.750 -414.062 -1023.438 -203.125 62.500 -843.750 7.812 617.188 -703.125 -203.125 882.812 -218.750 -85.938 1195.312
-406.250 -343.750 -414.062 -1023.438 -203.125 62.500 -843.750 7.812 617.188 -703.125 -203.125 882.812 -218.750 -85.938 1195.312
-843.750 -351.562 -937.500 -1031.250 -132.812 31.250 -843.750 93.750 492.188 -593.750 23.438 765.625 -93.750 289.062 1273.438
-843.750 -351.562 -937.500 -1031.250 -132.812 31.250 -843.750 93.750 492.188 -593.750 23.438 765.625 -93.750 289.062 1273.438
-468.750 -125.000 -382.812 -953.125 62.500 85.938 -695.312 85.938 710.938 -492.188 -203.125 968.750 -226.562 78.125 1187.500
-562.500 -296.875 -523.438 -968.750 70.312 70.312 -703.125 156.250 687.500 -476.562 -195.312 953.125 -218.750 54.688 1125.000
-562.500 -296.875 -523.438 -968.750 70.312 70.312 -703.125 156.250 687.500 -476.562 -195.312 953.125 -218.750 54.688 1125.000
-617.188 -242.188 -664.062 -1000.000 -23.438 85.938 -726.562 195.312 625.000 -492.188 -78.125 867.188 -265.625 195.312 1039.062
-539.062 -523.438 -546.875 -890.625 -203.125 250.000 -625.000 70.312 734.375 -476.562 -218.750 835.938 -390.625 85.938 898.438
-539.062 -523.438 -546.875 -890.625 -203.125 250.000 -625.000 70.312 734.375 -476.562 -218.750 835.938 -390.625 85.938 898.438
-539.062 -523.438 -546.875 -890.625 -203.125 250.000 -625.000 70.312 734.375 -476.562 -218.750 835.938 -390.625 85.938 898.438
-539.062 -523.438 -546.875 -890.625 -203.125 250.000 -625.000 70.312 734.375 -476.562 -218.750 835.938 -390.625 85.938 898.438
-562.500 -531.250 -585.938 -875.000 -265.625 304.688 -625.000 78.125 742.188 -484.375 -187.500 851.562 -390.625 140.625 929.688
-593.750 -585.938 -609.375 -851.562 -281.250 359.375 -593.750 85.938 773.438 -476.562 -171.875 859.375 -421.875 164.062 937.500
-593.750 -585.938 -609.375 -851.562 -281.250 359.375 -593.750 85.938 773.438 -476.562 -171.875 859.375 -421.875 164.062 937.500
-601.562 -507.812 -695.312 -875.000 -171.875 367.188 -601.562 132.812 781.250 -468.750 -164.062 890.625 -429.688 187.500 906.250
-601.562 -507.812 -695.312 -875.000 -171.875 367.188 -601.562 132.812 781.250 -468.750 -164.062 890.625 -429.688 187.500 906.250
-601.562 -507.812 -695.312 -875.000 -171.875 367.188 -601.562 132.812 781.250 -468.750 -164.062 890.625 -429.688 187.500 906.250
-656.250 -421.875 -757.812 -906.250 -164.062 343.750 -625.000 132.812 765.625 -484.375 -148.438 882.812 -414.062 179.688 890.625
-656.250 -421.875 -757.812 -906.250 -164.062 343.750 -625.000 132.812 765.625 -484.375 -148.438 882.812 -414.062 179.688 890.625
-679.688 -429.688 -750.000 -921.875 -171.875 273.438 -664.062 93.750 726.562 -500.000 -179.688 859.375 -398.438 164.062 929.688
-648.438 -406.250 -726.562 -929.688 -156.250 250.000 -679.688 70.312 710.938 -515.625 -187.500 843.750 -398.438 132.812 921.875
-648.438 -406.250 -726.562 -929.688 -156.250 250.000 -679.688 70.312 710.938 -515.625 -187.500 843.750 -398.438 132.812 921.875
-632.812 -406.250 -703.125 -929.688 -140.625 218.750 -703.125 78.125 664.062 -554.688 -156.250 812.500 -421.875 148.438 898.438
-617.188 -398.438 -695.312 -937.500 -125.000 203.125 -695.312 85.938 656.250 -539.062 -156.250 812.500 -414.062 156.250 898.438
-617.188 -398.438 -695.312 -937.500 -125.000 203.125 -695.312 85.938 656.250 -539.062 -156.250 812.500 -414.062 156.250 898.438
-609.375 -390.625 -671.875 -906.250 -132.812 234.375 -664.062 85.938 679.688 -507.812 -171.875 828.125 -406.250 156.250 906.250
-609.375 -390.625 -671.875 -906.250 -132.812 234.375 -664.062 85.938 679.688 -507.812 -171.875 828.125 -406.250 156.250 906.250
-609.375 -390.625 -671.875 -906.250 -132.812 234.375 -664.062 85.938 679.688 -507.812 -171.875 828.125 -406.250 156.250 906.250
-609.375 -390.625 -671.875 -906.250 -132.812 234.375 -664.062 85.938 679.688 -507.812 -171.875 828.125 -406.250 156.250 906.250
-609.375 -390.625 -671.875 -906.250 -132.812 234.375 -664.062 85.938 679.688 -507.812 -171.875 828.125 -406.250 156.250 906.250
-585.938 -335.938 -664.062 -914.062 -125.000 218.750 -679.688 85.938 687.500 -523.438 -171.875 828.125 -429.688 140.625 890.625
-593.750 -343.750 -656.250 -929.688 -140.625 218.750 -679.688 78.125 679.688 -539.062 -164.062 820.312 -421.875 140.625 906.250
-593.750 -343.750 -656.250 -929.688 -140.625 218.750 -679.688 78.125 679.688 -539.062 -164.062 820.312 -421.875 140.625 906.250
-601.562 -351.562 -671.875 -898.438 -164.062 218.750 -664.062 62.500 687.500 -515.625 -187.500 828.125 -390.625 132.812 929.688
-601.562 -351.562 -671.875 -898.438 -164.062 218.750 -664.062 62.500 687.500 -515.625 -187.500 828.125 -390.625 132.812 929.688
-601.562 -437.500 -671.875 -937.500 -195.312 218.750 -687.500 70.312 695.312 -531.250 -179.688 835.938 -414.062 148.438 921.875
-601.562 -437.500 -671.875 -937.500 -195.312 218.750 -687.500 70.312 695.312 -531.250 -179.688 835.938 -414.062 148.438 921.875
-601.562 -437.500 -671.875 -937.500 -195.312 218.750 -687.500 70.312 695.312 -531.250 -179.688 835.938 -414.062 148.438 921.875
-601.562 -437.500 -671.875 -937.500 -195.312 218.750 -687.500 70.312 695.312 -531.250 -179.688 835.938 -414.062 148.438 921.875
-601.562 -437.500 -671.875 -937.500 -195.312 218.750 -687.500 70.312 695.312 -531.250 -179.688 835.938 -414.062 148.438 921.875
-601.562 -460.938 -648.438 -937.500 -187.500 218.750 -695.312 70.312 679.688 -539.062 -171.875 820.312 -437.500 140.625 921.875
-585.938 -359.375 -671.875 -921.875 -125.000 218.750 -664.062 70.312 710.938 -500.000 -195.312 835.938 -390.625 132.812 937.500
-585.938 -359.375 -671.875 -921.875 -125.000 218.750 -664.062 70.312 710.938 -500.000 -195.312 835.938 -390.625 132.812 937.500
-703.125 -148.438 -773.438 -906.250 -109.375 218.750 -617.188 85.938 750.000 -445.312 -218.750 898.438 -343.750 148.438 906.250
-734.375 -218.750 -789.062 -898.438 -140.625 226.562 -648.438 78.125 750.000 -468.750 -195.312 906.250 -335.938 125.000 960.938
-734.375 -218.750 -789.062 -898.438 -140.625 226.562 -648.438 78.125 750.000 -468.750 -195.312 906.250 -335.938 125.000 960.938
-632.812 -359.375 -703.125 -929.688 -148.438 218.750 -679.688 93.750 718.750 -507.812 -195.312 882.812 -359.375 148.438 1007.812
-632.812 -359.375 -703.125 -929.688 -148.438 218.750 -679.688 93.750 718.750 -507.812 -195.312 882.812 -359.375 148.438 1007.812
-593.750 -390.625 -679.688 -945.312 -156.250 218.750 -687.500 78.125 710.938 -531.250 -187.500 851.562 -414.062 148.438 945.312
-578.125 -445.312 -679.688 -953.125 -171.875 226.562 -703.125 62.500 687.500 -554.688 -187.500 820.312 -460.938 140.625 875.000
-578.125 -445.312 -679.688 -953.125 -171.875 226.562 -703.125 62.500 687.500 -554.688 -187.500 820.312 -460.938 140.625 875.000
-531.250 -281.250 -664.062 -929.688 -140.625 226.562 -695.312 85.938 687.500 -539.062 -156.250 835.938 -429.688 156.250 906.250
-531.250 -281.250 -664.062 -929.688 -140.625 226.562 -695.312 85.938 687.500 -539.062 -156.250 835.938 -429.688 156.250 906.250
-531.250 -281.250 -664.062 -929.688 -140.625 226.562 -695.312 85.938 687.500 -539.062 -156.250 835.938 -429.688 156.250 906.250
-609.375 -281.250 -726.562 -898.438 -179.688 250.000 -679.688 85.938 703.125 -531.250 -164.062 820.312 -460.938 179.688 843.750
-609.375 -281.250 -726.562 -898.438 -179.688 250.000 -679.688 85.938 703.125 -531.250 -164.062 820.312 -460.938 179.688 843.750
-664.062 -421.875 -757.812 -882.812 -234.375 273.438 -648.438 62.500 726.562 -523.438 -179.688 820.312 -460.938 179.688 828.125
-593.750 -484.375 -664.062 -921.875 -195.312 289.062 -656.250 70.312 734.375 -523.438 -203.125 835.938 -421.875 140.625 898.438
-593.750 -484.375 -664.062 -921.875 -195.312 289.062 -656.250 70.312 734.375 -523.438 -203.125 835.938 -421.875 140.625 898.438
-578.125 -484.375 -664.062 -937.500 -171.875 257.812 -687.500 101.562 695.312 -531.250 -132.812 835.938 -414.062 187.500 898.438
-578.125 -484.375 -664.062 -937.500 -171.875 257.812 -687.500 101.562 695.312 -531.250 -132.812 835.938 -414.062 187.500 898.438
-578.125 -453.125 -664.062 -929.688 -148.438 257.812 -671.875 109.375 695.312 -523.438 -140.625 828.125 -414.062 179.688 906.250
-601.562 -375.000 -679.688 -898.438 -101.562 257.812 -656.250 140.625 687.500 -500.000 -117.188 867.188 -375.000 210.938 914.062
-601.562 -375.000 -679.688 -898.438 -101.562 257.812 -656.250 140.625 687.500 -500.000 -117.188 867.188 -375.000 210.938 914.062
-601.562 -375.000 -679.688 -898.438 -101.562 257.812 -656.250 140.625 687.500 -500.000 -117.188 867.188 -375.000 210.938 914.062
-601.562 -375.000 -679.688 -898.438 -101.562 257.812 -656.250 140.625 687.500 -500.000 -117.188 867.188 -375.000 210.938 914.062
-601.562 -375.000 -679.688 -898.438 -101.562 257.812 -656.250 140.625 687.500 -500.000 -117.188 867.188 -375.000 210.938 914.062
-593.750 -398.438 -656.250 -906.250 -85.938 257.812 -664.062 156.250 679.688 -507.812 -117.188 851.562 -390.625 210.938 906.250
-593.750 -398.438 -656.250 -906.250 -85.938 257.812 -664.062 156.250 679.688 -507.812 -117.188 851.562 -390.625 210.938 906.250
-585.938 -398.438 -648.438 -898.438 -78.125 242.188 -671.875 148.438 679.688 -507.812 -101.562 843.750 -390.625 210.938 921.875
-609.375 -367.188 -648.438 -906.250 -78.125 234.375 -664.062 125.000 679.688 -500.000 -125.000 859.375 -359.375 210.938 921.875
-609.375 -367.188 -648.438 -906.250 -78.125 234.375 -664.062 125.000 679.688 -500.000 -125.000 859.375 -359.375 210.938 921.875
-593.750 -437.500 -671.875 -929.688 -171.875 250.000 -671.875 78.125 703.125 -523.438 -179.688 835.938 -414.062 148.438 906.250
-593.750 -437.500 -671.875 -929.688 -171.875 250.000 -671.875 78.125 703.125 -523.438 -179.688 835.938 -414.062 148.438 906.250
-593.750 -437.500 -671.875 -929.688 -171.875 250.000 -671.875 78.125 703.125 -523.438 -179.688 835.938 -414.062 148.438 906.250
-593.750 -437.500 -671.875 -929.688 -171.875 250.000 -671.875 78.125 703.125 -523.438 -179.688 835.938 -414.062 148.438 906.250
-593.750 -437.500 -671.875 -929.688 -171.875 250.000 -671.875 78.125 703.125 -523.438 -179.688 835.938 -414.062 148.438 906.250
-585.938 -453.125 -671.875 -937.500 -179.688 242.188 -687.500 70.312 703.125 -531.250 -171.875 820.312 -421.875 156.250 898.438
-593.750 -429.688 -679.688 -921.875 -171.875 234.375 -671.875 62.500 703.125 -531.250 -187.500 835.938 -406.250 140.625 898.438
-593.750 -429.688 -679.688 -921.875 -171.875 234.375 -671.875 62.500 703.125 -531.250 -187.500 835.938 -406.250 140.625 898.438
-609.375 -414.062 -671.875 -906.250 -179.688 242.188 -664.062 62.500 718.750 -500.000 -195.312 843.750 -367.188 132.812 921.875
-609.375 -414.062 -671.875 -906.250 -179.688 242.188 -664.062 62.500 718.750 -500.000 -195.312 843.750 -367.188 132.812 921.875
-609.375 -351.562 -687.500 -929.688 -164.062 210.938 -687.500 78.125 710.938 -515.625 -179.688 875.000 -367.188 156.250 1000.000
-609.375 -351.562 -687.500 -929.688 -164.062 210.938 -687.500 78.125 710.938 -515.625 -179.688 875.000 -367.188 156.250 1000.000
-609.375 -351.562 -687.500 -929.688 -164.062 210.938 -687.500 78.125 710.938 -515.625 -179.688 875.000 -367.188 156.250 1000.000
-609.375 -351.562 -687.500 -929.688 -164.062 210.938 -687.500 78.125 710.938 -515.625 -179.688 875.000 -367.188 156.250 1000.000
-609.375 -390.625 -710.938 -937.500 -179.688 234.375 -695.312 62.500 703.125 -531.250 -179.688 843.750 -414.062 140.625 929.688
-609.375 -390.625 -710.938 -937.500 -179.688 234.375 -695.312 62.500 703.125 -531.250 -179.688 843.750 -414.062 140.625 929.688
-609.375 -382.812 -695.312 -937.500 -171.875 226.562 -695.312 62.500 710.938 -531.250 -195.312 835.938 -414.062 140.625 921.875
-609.375 -382.812 -695.312 -937.500 -171.875 226.562 -695.312 62.500 710.938 -531.250 -195.312 835.938 -414.062 140.625 921.875
-585.938 -390.625 -679.688 -937.500 -179.688 226.562 -679.688 46.875 710.938 -531.250 -203.125 835.938 -414.062 132.812 906.250
-609.375 -390.625 -703.125 -937.500 -203.125 234.375 -679.688 46.875 718.750 -531.250 -210.938 835.938 -421.875 132.812 898.438
-609.375 -390.625 -703.125 -937.500 -203.125 234.375 -679.688 46.875 718.750 -531.250 -210.938 835.938 -421.875 132.812 898.438
-601.562 -414.062 -679.688 -937.500 -195.312 226.562 -687.500 46.875 710.938 -539.062 -203.125 843.750 -414.062 140.625 921.875
-601.562 -406.250 -671.875 -945.312 -179.688 226.562 -695.312 54.688 695.312 -546.875 -179.688 835.938 -406.250 148.438 929.688
-601.562 -406.250 -671.875 -945.312 -179.688 226.562 -695.312 54.688 695.312 -546.875 -179.688 835.938 -406.250 148.438 929.688
-617.188 -406.250 -679.688 -945.312 -179.688 218.750 -695.312 62.500 703.125 -531.250 -179.688 835.938 -398.438 148.438 929.688
-617.188 -406.250 -679.688 -945.312 -179.688 218.750 -695.312 62.500 703.125 -531.250 -179.688 835.938 -398.438 148.438 929.688
-648.438 -343.750 -726.562 -921.875 -156.250 210.938 -671.875 62.500 703.125 -515.625 -195.312 851.562 -375.000 140.625 914.062
-648.438 -343.750 -726.562 -921.875 -156.250 210.938 -671.875 62.500 703.125 -515.625 -195.312 851.562 -375.000 140.625 914.062
-648.438 -343.750 -726.562 -921.875 -156.250 210.938 -671.875 62.500 703.125 -515.625 -195.312 851.562 -375.000 140.625 914.062
-625.000 -359.375 -695.312 -929.688 -148.438 210.938 -671.875 78.125 703.125 -515.625 -187.500 851.562 -375.000 148.438 945.312
-609.375 -367.188 -679.688 -921.875 -140.625 218.750 -687.500 93.750 687.500 -523.438 -148.438 843.750 -382.812 171.875 945.312
-609.375 -367.188 -679.688 -921.875 -140.625 218.750 -687.500 93.750 687.500 -523.438 -148.438 843.750 -382.812 171.875 945.312
-609.375 -390.625 -687.500 -929.688 -132.812 226.562 -679.688 93.750 687.500 -515.625 -164.062 843.750 -398.438 171.875 929.688
-609.375 -390.625 -687.500 -929.688 -132.812 226.562 -679.688 93.750 687.500 -515.625 -164.062 843.750 -398.438 171.875 929.688
-601.562 -406.250 -710.938 -906.250 -187.500 273.438 -656.250 85.938 703.125 -515.625 -164.062 835.938 -421.875 164.062 859.375
-601.562 -406.250 -710.938 -906.250 -187.500 273.438 -656.250 85.938 703.125 -515.625 -164.062 835.938 -421.875 164.062 859.375
-601.562 -406.250 -710.938 -906.250 -187.500 273.438 -656.250 85.938 703.125 -515.625 -164.062 835.938 -421.875 164.062 859.375
-601.562 -406.250 -710.938 -906.250 -187.500 273.438 -656.250 85.938 703.125 -515.625 -164.062 835.938 -421.875 164.062 859.375
-585.938 -445.312 -679.688 -906.250 -156.250 257.812 -671.875 93.750 695.312 -523.438 -148.438 843.750 -414.062 195.312 898.438
-585.938 -445.312 -679.688 -906.250 -156.250 257.812 -671.875 93.750 695.312 -523.438 -148.438 843.750 -414.062 195.312 898.438
-578.125 -429.688 -664.062 -906.250 -148.438 257.812 -671.875 101.562 687.500 -523.438 -132.812 835.938 -414.062 195.312 906.250
-578.125 -429.688 -664.062 -906.250 -148.438 257.812 -671.875 101.562 687.500 -523.438 -132.812 835.938 -414.062 195.312 906.250
-585.938 -445.312 -656.250 -898.438 -132.812 265.625 -671.875 109.375 679.688 -515.625 -132.812 828.125 -398.438 210.938 898.438
-601.562 -414.062 -687.500 -906.250 -140.625 273.438 -664.062 117.188 695.312 -507.812 -132.812 851.562 -390.625 203.125 906.250
-601.562 -414.062 -687.500 -906.250 -140.625 273.438 -664.062 117.188 695.312 -507.812 -132.812 851.562 -390.625 203.125 906.250
-601.562 -414.062 -687.500 -906.250 -140.625 273.438 -664.062 117.188 695.312 -507.812 -132.812 851.562 -390.625 203.125 906.250
-593.750 -429.688 -671.875 -906.250 -140.625 265.625 -664.062 125.000 703.125 -507.812 -125.000 851.562 -390.625 210.938 921.875
-593.750 -429.688 -671.875 -906.250 -140.625 265.625 -664.062 125.000 703.125 -507.812 -125.000 851.562 -390.625 210.938 921.875
-585.938 -437.500 -664.062 -906.250 -125.000 265.625 -664.062 125.000 687.500 -507.812 -125.000 843.750 -390.625 218.750 929.688
-585.938 -437.500 -664.062 -906.250 -125.000 265.625 -664.062 125.000 687.500 -507.812 -125.000 843.750 -390.625 218.750 929.688
-593.750 -437.500 -664.062 -898.438 -132.812 265.625 -656.250 125.000 695.312 -515.625 -117.188 843.750 -406.250 210.938 914.062
-585.938 -429.688 -656.250 -906.250 -125.000 265.625 -656.250 125.000 679.688 -500.000 -125.000 867.188 -367.188 218.750 945.312
-585.938 -429.688 -656.250 -906.250 -125.000 265.625 -656.250 125.000 679.688 -500.000 -125.000 867.188 -367.188 218.750 945.312
-570.312 -359.375 -695.312 -898.438 -109.375 265.625 -656.250 140.625 695.312 -492.188 -125.000 867.188 -359.375 210.938 945.312
