-812.500 -203.125 -554.688 -265.625 -632.812 710.938 -250.000 -437.500 859.375 148.438 -171.875 1015.625 289.062 -46.875 1015.625
-828.125 -203.125 -562.500 -257.812 -632.812 710.938 -250.000 -445.312 867.188 148.438 -179.688 1007.812 289.062 -46.875 1015.625
-828.125 -203.125 -562.500 -257.812 -632.812 710.938 -250.000 -445.312 867.188 148.438 -179.688 1007.812 289.062 -46.875 1015.625
-875.000 -265.625 -585.938 -265.625 -601.562 687.500 -273.438 -421.875 835.938 117.188 -171.875 1007.812 257.812 -54.688 1007.812
-875.000 -265.625 -585.938 -265.625 -601.562 687.500 -273.438 -421.875 835.938 117.188 -171.875 1007.812 257.812 -54.688 1007.812
-796.875 -210.938 -515.625 -250.000 -632.812 718.750 -250.000 -476.562 859.375 117.188 -187.500 1007.812 281.250 -46.875 1007.812
-796.875 -210.938 -515.625 -250.000 -632.812 718.750 -250.000 -476.562 859.375 117.188 -187.500 1007.812 281.250 -46.875 1007.812
-789.062 -281.250 -539.062 -289.062 -664.062 703.125 -289.062 -437.500 835.938 203.125 -281.250 960.938 156.250 -101.562 757.812
-789.062 -281.250 -539.062 -289.062 -664.062 703.125 -289.062 -437.500 835.938 203.125 -281.250 960.938 156.250 -101.562 757.812
-789.062 -281.250 -539.062 -289.062 -664.062 703.125 -289.062 -437.500 835.938 203.125 -281.250 960.938 156.250 -101.562 757.812
-804.688 -265.625 -523.438 -335.938 -640.625 671.875 -328.125 -468.750 789.062 15.625 -203.125 976.562 203.125 -85.938 992.188
-804.688 -265.625 -523.438 -335.938 -640.625 671.875 -328.125 -468.750 789.062 15.625 -203.125 976.562 203.125 -85.938 992.188
-804.688 -265.625 -523.438 -335.938 -640.625 671.875 -328.125 -468.750 789.062 15.625 -203.125 976.562 203.125 -85.938 992.188
-804.688 -265.625 -523.438 -335.938 -640.625 671.875 -328.125 -468.750 789.062 15.625 -203.125 976.562 203.125 -85.938 992.188
-804.688 -218.750 -515.625 -367.188 -640.625 664.062 -343.750 -484.375 773.438 15.625 -203.125 945.312 179.688 -85.938 960.938
-804.688 -218.750 -515.625 -367.188 -640.625 664.062 -343.750 -484.375 773.438 15.625 -203.125 945.312 179.688 -85.938 960.938
-804.688 -218.750 -515.625 -367.188 -640.625 664.062 -343.750 -484.375 773.438 15.625 -203.125 945.312 179.688 -85.938 960.938
-789.062 -234.375 -492.188 -367.188 -632.812 648.438 -343.750 -460.938 773.438 0.000 -203.125 953.125 156.250 -85.938 960.938
-789.062 -234.375 -492.188 -367.188 -632.812 648.438 -343.750 -460.938 773.438 0.000 -203.125 953.125 156.250 -85.938 960.938
-781.250 -234.375 -492.188 -343.750 -625.000 656.250 -351.562 -460.938 781.250 7.812 -210.938 968.750 195.312 -85.938 968.750
-781.250 -234.375 -492.188 -343.750 -625.000 656.250 -351.562 -460.938 781.250 7.812 -210.938 968.750 195.312 -85.938 968.750
-804.688 -203.125 -507.812 -343.750 -632.812 671.875 -335.938 -453.125 812.500 62.500 -210.938 976.562 226.562 -78.125 976.562
-804.688 -203.125 -507.812 -343.750 -632.812 671.875 -335.938 -453.125 812.500 62.500 -210.938 976.562 226.562 -78.125 976.562
-820.312 -210.938 -507.812 -335.938 -640.625 679.688 -320.312 -453.125 804.688 54.688 -210.938 976.562 218.750 -85.938 968.750
-820.312 -210.938 -507.812 -335.938 -640.625 679.688 -320.312 -453.125 804.688 54.688 -210.938 976.562 218.750 -85.938 968.750
-820.312 -210.938 -507.812 -335.938 -640.625 679.688 -320.312 -453.125 804.688 54.688 -210.938 976.562 218.750 -85.938 968.750
-796.875 -164.062 -507.812 -289.062 -593.750 695.312 -289.062 -406.250 843.750 109.375 -109.375 1039.062 359.375 15.625 1070.312
-796.875 -164.062 -507.812 -289.062 -593.750 695.312 -289.062 -406.250 843.750 109.375 -109.375 1039.062 359.375 15.625 1070.312
-796.875 -195.312 -507.812 -273.438 -601.562 710.938 -273.438 -390.625 867.188 156.250 -85.938 1062.500 382.812 23.438 1109.375
-796.875 -195.312 -507.812 -273.438 -601.562 710.938 -273.438 -390.625 867.188 156.250 -85.938 1062.500 382.812 23.438 1109.375
-796.875 -195.312 -507.812 -273.438 -601.562 710.938 -273.438 -390.625 867.188 156.250 -85.938 1062.500 382.812 23.438 1109.375
-796.875 -195.312 -507.812 -273.438 -601.562 710.938 -273.438 -390.625 867.188 156.250 -85.938 1062.500 382.812 23.438 1109.375
-820.312 -265.625 -523.438 -203.125 -578.125 726.562 -164.062 -359.375 914.062 234.375 -93.750 1078.125 382.812 39.062 1085.938
-820.312 -265.625 -523.438 -203.125 -578.125 726.562 -164.062 -359.375 914.062 234.375 -93.750 1078.125 382.812 39.062 1085.938
-820.312 -328.125 -492.188 -187.500 -710.938 734.375 -195.312 -210.938 890.625 203.125 -62.500 1148.438 398.438 -23.438 1125.000
-820.312 -328.125 -492.188 -187.500 -710.938 734.375 -195.312 -210.938 890.625 203.125 -62.500 1148.438 398.438 -23.438 1125.000
-820.312 -328.125 -492.188 -187.500 -710.938 734.375 -195.312 -210.938 890.625 203.125 -62.500 1148.438 398.438 -23.438 1125.000
-820.312 -320.312 -515.625 -273.438 -609.375 687.500 -281.250 -453.125 867.188 85.938 -132.812 1078.125 359.375 -15.625 1140.625
-820.312 -320.312 -515.625 -273.438 -609.375 687.500 -281.250 -453.125 867.188 85.938 -132.812 1078.125 359.375 -15.625 1140.625
-679.688 -85.938 -429.688 -367.188 -726.562 703.125 -343.750 -515.625 851.562 23.438 -289.062 1000.000 109.375 -125.000 929.688
-679.688 -85.938 -429.688 -367.188 -726.562 703.125 -343.750 -515.625 851.562 23.438 -289.062 1000.000 109.375 -125.000 929.688
-664.062 -46.875 -414.062 -445.312 -789.062 742.188 -382.812 -664.062 890.625 -31.250 -367.188 1093.750 39.062 -156.250 1070.312
-664.062 -46.875 -414.062 -445.312 -789.062 742.188 -382.812 -664.062 890.625 -31.250 -367.188 1093.750 39.062 -156.250 1070.312
-664.062 -46.875 -414.062 -445.312 -789.062 742.188 -382.812 -664.062 890.625 -31.250 -367.188 1093.750 39.062 -156.250 1070.312
-570.312 -265.625 -328.125 -523.438 -867.188 742.188 -570.312 -601.562 804.688 -140.625 -390.625 1125.000 31.250 -171.875 1179.688
-570.312 -265.625 -328.125 -523.438 -867.188 742.188 -570.312 -601.562 804.688 -140.625 -390.625 1125.000 31.250 -171.875 1179.688
-414.062 -125.000 -289.062 -445.312 -796.875 789.062 -445.312 -804.688 890.625 -54.688 -359.375 1101.562 101.562 -156.250 1125.000
-414.062 -125.000 -289.062 -445.312 -796.875 789.062 -445.312 -804.688 890.625 -54.688 -359.375 1101.562 101.562 -156.250 1125.000
-515.625 -351.562 -359.375 -468.750 -960.938 726.562 -429.688 -695.312 851.562 7.812 -367.188 1101.562 132.812 -156.250 1101.562
-515.625 -351.562 -359.375 -468.750 -960.938 726.562 -429.688 -695.312 851.562 7.812 -367.188 1101.562 132.812 -156.250 1101.562
-679.688 -218.750 -562.500 -320.312 -703.125 640.625 -375.000 -507.812 773.438 -62.500 -226.562 1031.250 62.500 -78.125 1062.500
-679.688 -218.750 -562.500 -320.312 -703.125 640.625 -375.000 -507.812 773.438 -62.500 -226.562 1031.250 62.500 -78.125 1062.500
-679.688 -218.750 -562.500 -320.312 -703.125 640.625 -375.000 -507.812 773.438 -62.500 -226.562 1031.250 62.500 -78.125 1062.500
-695.312 -281.250 -695.312 -273.438 -414.062 648.438 -328.125 -343.750 734.375 -164.062 -46.875 906.250 78.125 -7.812 992.188
-695.312 -281.250 -695.312 -273.438 -414.062 648.438 -328.125 -343.750 734.375 -164.062 -46.875 906.250 78.125 -7.812 992.188
-718.750 -281.250 -765.625 -328.125 -351.562 625.000 -296.875 -367.188 742.188 -140.625 -62.500 875.000 54.688 15.625 929.688
-718.750 -281.250 -765.625 -328.125 -351.562 625.000 -296.875 -367.188 742.188 -140.625 -62.500 875.000 54.688 15.625 929.688
-757.812 -281.250 -835.938 -398.438 -320.312 539.062 -242.188 -265.625 742.188 -62.500 -62.500 851.562 15.625 23.438 835.938
-757.812 -281.250 -835.938 -398.438 -320.312 539.062 -242.188 -265.625 742.188 -62.500 -62.500 851.562 15.625 23.438 835.938
-757.812 -281.250 -835.938 -398.438 -320.312 539.062 -242.188 -265.625 742.188 -62.500 -62.500 851.562 15.625 23.438 835.938
-773.438 -226.562 -882.812 -421.875 -320.312 617.188 -382.812 -359.375 640.625 -179.688 31.250 796.875 -164.062 -164.062 640.625
-773.438 -226.562 -882.812 -421.875 -320.312 617.188 -382.812 -359.375 640.625 -179.688 31.250 796.875 -164.062 -164.062 640.625
-703.125 -101.562 -929.688 -453.125 -351.562 531.250 -484.375 -296.875 578.125 -46.875 23.438 773.438 -453.125 179.688 476.562
-703.125 -101.562 -929.688 -453.125 -351.562 531.250 -484.375 -296.875 578.125 -46.875 23.438 773.438 -453.125 179.688 476.562
-703.125 -101.562 -929.688 -453.125 -351.562 531.250 -484.375 -296.875 578.125 -46.875 23.438 773.438 -453.125 179.688 476.562
-703.125 -101.562 -929.688 -453.125 -351.562 531.250 -484.375 -296.875 578.125 -46.875 23.438 773.438 -453.125 179.688 476.562
-617.188 -273.438 -812.500 -539.062 -476.562 515.625 -601.562 -421.875 539.062 -500.000 0.000 648.438 -62.500 429.688 1023.438
-617.188 -273.438 -812.500 -539.062 -476.562 515.625 -601.562 -421.875 539.062 -500.000 0.000 648.438 -62.500 429.688 1023.438
-617.188 -273.438 -812.500 -539.062 -476.562 515.625 -601.562 -421.875 539.062 -500.000 0.000 648.438 -62.500 429.688 1023.438
-609.375 -296.875 -812.500 -515.625 -539.062 507.812 -593.750 -367.188 539.062 -570.312 -78.125 640.625 179.688 7.812 1085.938
-609.375 -296.875 -812.500 -515.625 -539.062 507.812 -593.750 -367.188 539.062 -570.312 -78.125 640.625 179.688 7.812 1085.938
-609.375 -406.250 -804.688 -531.250 -484.375 562.500 -585.938 -429.688 539.062 -609.375 234.375 718.750 132.812 203.125 1250.000
-609.375 -406.250 -804.688 -531.250 -484.375 562.500 -585.938 -429.688 539.062 -609.375 234.375 718.750 132.812 203.125 1250.000
-656.250 -390.625 -875.000 -570.312 -562.500 484.375 -593.750 -382.812 585.938 -453.125 117.188 914.062 70.312 289.062 1187.500
-656.250 -390.625 -875.000 -570.312 -562.500 484.375 -593.750 -382.812 585.938 -453.125 117.188 914.062 70.312 289.062 1187.500
-640.625 -414.062 -812.500 -664.062 -593.750 492.188 -593.750 -460.938 695.312 -515.625 -31.250 921.875 -101.562 171.875 1062.500
-640.625 -414.062 -812.500 -664.062 -593.750 492.188 -593.750 -460.938 695.312 -515.625 -31.250 921.875 -101.562 171.875 1062.500
-625.000 -210.938 -789.062 -773.438 -703.125 367.188 -742.188 -445.312 523.438 -625.000 0.000 828.125 -93.750 132.812 984.375
-625.000 -210.938 -789.062 -773.438 -703.125 367.188 -742.188 -445.312 523.438 -625.000 0.000 828.125 -93.750 132.812 984.375
-625.000 -210.938 -789.062 -773.438 -703.125 367.188 -742.188 -445.312 523.438 -625.000 0.000 828.125 -93.750 132.812 984.375
-718.750 -171.875 -867.188 -789.062 -609.375 367.188 -765.625 -492.188 484.375 -671.875 70.312 804.688 -7.812 93.750 1054.688
-718.750 -171.875 -867.188 -789.062 -609.375 367.188 -765.625 -492.188 484.375 -671.875 70.312 804.688 -7.812 93.750 1054.688
-757.812 -226.562 -859.375 -750.000 -554.688 367.188 -750.000 -585.938 453.125 -632.812 70.312 812.500 46.875 62.500 1085.938
-757.812 -226.562 -859.375 -750.000 -554.688 367.188 -750.000 -585.938 453.125 -632.812 70.312 812.500 46.875 62.500 1085.938
-625.000 -171.875 -757.812 -703.125 -609.375 351.562 -757.812 -453.125 414.062 -625.000 148.438 820.312 101.562 0.000 1148.438
-625.000 -171.875 -757.812 -703.125 -609.375 351.562 -757.812 -453.125 414.062 -625.000 148.438 820.312 101.562 0.000 1148.438
-695.312 -62.500 -843.750 -773.438 -531.250 226.562 -710.938 -398.438 382.812 -640.625 234.375 757.812 54.688 171.875 1109.375
-695.312 -62.500 -843.750 -773.438 -531.250 226.562 -710.938 -398.438 382.812 -640.625 234.375 757.812 54.688 171.875 1109.375
-695.312 -62.500 -843.750 -773.438 -531.250 226.562 -710.938 -398.438 382.812 -640.625 234.375 757.812 54.688 171.875 1109.375
-726.562 -31.250 -914.062 -648.438 -562.500 304.688 -742.188 -398.438 398.438 -671.875 148.438 695.312 -93.750 179.688 1015.625
-726.562 -31.250 -914.062 -648.438 -562.500 304.688 -742.188 -398.438 398.438 -671.875 148.438 695.312 -93.750 179.688 1015.625
-726.562 -31.250 -914.062 -648.438 -562.500 304.688 -742.188 -398.438 398.438 -671.875 148.438 695.312 -93.750 179.688 1015.625
-726.562 -31.250 -914.062 -648.438 -562.500 304.688 -742.188 -398.438 398.438 -671.875 148.438 695.312 -93.750 179.688 1015.625
-757.812 -281.250 -781.250 -437.500 -710.938 460.938 -640.625 -507.812 375.000 -648.438 320.312 679.688 39.062 132.812 1125.000
-757.812 -281.250 -781.250 -437.500 -710.938 460.938 -640.625 -507.812 375.000 -648.438 320.312 679.688 39.062 132.812 1125.000
-757.812 -281.250 -781.250 -437.500 -710.938 460.938 -640.625 -507.812 375.000 -648.438 320.312 679.688 39.062 132.812 1125.000
-609.375 -414.062 -554.688 -414.062 -734.375 468.750 -585.938 -539.062 414.062 -601.562 289.062 773.438 101.562 70.312 1171.875
-609.375 -414.062 -554.688 -414.062 -734.375 468.750 -585.938 -539.062 414.062 -601.562 289.062 773.438 101.562 70.312 1171.875
-453.125 -539.062 -351.562 -390.625 -796.875 507.812 -539.062 -648.438 492.188 -562.500 171.875 828.125 -7.812 132.812 1054.688
-453.125 -539.062 -351.562 -390.625 -796.875 507.812 -539.062 -648.438 492.188 -562.500 171.875 828.125 -7.812 132.812 1054.688
-828.125 -351.562 -656.250 -382.812 -796.875 546.875 -585.938 -703.125 445.312 -687.500 117.188 679.688 -164.062 203.125 914.062
-828.125 -351.562 -656.250 -382.812 -796.875 546.875 -585.938 -703.125 445.312 -687.500 117.188 679.688 -164.062 203.125 914.062
-648.438 -476.562 -398.438 -367.188 -835.938 562.500 -554.688 -687.500 460.938 -625.000 148.438 750.000 -39.062 46.875 1015.625
-648.438 -476.562 -398.438 -367.188 -835.938 562.500 -554.688 -687.500 460.938 -625.000 148.438 750.000 -39.062 46.875 1015.625
-648.438 -476.562 -398.438 -367.188 -835.938 562.500 -554.688 -687.500 460.938 -625.000 148.438 750.000 -39.062 46.875 1015.625
-648.438 -476.562 -398.438 -367.188 -835.938 562.500 -554.688 -687.500 460.938 -625.000 148.438 750.000 -39.062 46.875 1015.625
-648.438 -476.562 -398.438 -367.188 -835.938 562.500 -554.688 -687.500 460.938 -625.000 148.438 750.000 -39.062 46.875 1015.625
-703.125 -382.812 -281.250 -406.250 -765.625 554.688 -507.812 -648.438 609.375 -570.312 210.938 906.250 39.062 39.062 1046.875
-703.125 -382.812 -281.250 -406.250 -765.625 554.688 -507.812 -648.438 609.375 -570.312 210.938 906.250 39.062 39.062 1046.875
-695.312 -359.375 -242.188 -414.062 -734.375 562.500 -492.188 -664.062 625.000 -500.000 164.062 906.250 15.625 85.938 1093.750
-695.312 -359.375 -242.188 -414.062 -734.375 562.500 -492.188 -664.062 625.000 -500.000 164.062 906.250 15.625 85.938 1093.750
-726.562 -226.562 -218.750 -421.875 -687.500 601.562 -546.875 -695.312 562.500 -593.750 210.938 859.375 70.312 31.250 1054.688
-726.562 -226.562 -218.750 -421.875 -687.500 601.562 -546.875 -695.312 562.500 -593.750 210.938 859.375 70.312 31.250 1054.688
-820.312 -140.625 -257.812 -523.438 -609.375 523.438 -601.562 -625.000 460.938 -601.562 218.750 796.875 78.125 7.812 1062.500
-820.312 -140.625 -257.812 -523.438 -609.375 523.438 -601.562 -625.000 460.938 -601.562 218.750 796.875 78.125 7.812 1062.500
-820.312 -140.625 -257.812 -523.438 -609.375 523.438 -601.562 -625.000 460.938 -601.562 218.750 796.875 78.125 7.812 1062.500
-820.312 -140.625 -257.812 -523.438 -609.375 523.438 -601.562 -625.000 460.938 -601.562 218.750 796.875 78.125 7.812 1062.500
-820.312 -140.625 -257.812 -523.438 -609.375 523.438 -601.562 -625.000 460.938 -601.562 218.750 796.875 78.125 7.812 1062.500
-867.188 -171.875 -304.688 -531.250 -679.688 523.438 -593.750 -679.688 437.500 -609.375 132.812 804.688 39.062 -31.250 1039.062
-867.188 -171.875 -304.688 -531.250 -679.688 523.438 -593.750 -679.688 437.500 -609.375 132.812 804.688 39.062 -31.250 1039.062
-867.188 -171.875 -304.688 -531.250 -679.688 523.438 -593.750 -679.688 437.500 -609.375 132.812 804.688 39.062 -31.250 1039.062
-867.188 -171.875 -304.688 -531.250 -679.688 523.438 -593.750 -679.688 437.500 -609.375 132.812 804.688 39.062 -31.250 1039.062
-843.750 -218.750 -296.875 -492.188 -734.375 523.438 -554.688 -734.375 437.500 -609.375 78.125 796.875 -7.812 -39.062 1007.812
-843.750 -218.750 -296.875 -492.188 -734.375 523.438 -554.688 -734.375 437.500 -609.375 78.125 796.875 -7.812 -39.062 1007.812
-929.688 -125.000 -382.812 -445.312 -765.625 546.875 -531.250 -757.812 453.125 -570.312 85.938 820.312 -7.812 -31.250 976.562
-929.688 -125.000 -382.812 -445.312 -765.625 546.875 -531.250 -757.812 453.125 -570.312 85.938 820.312 -7.812 -31.250 976.562
-929.688 -125.000 -382.812 -445.312 -765.625 546.875 -531.250 -757.812 453.125 -570.312 85.938 820.312 -7.812 -31.250 976.562
-906.250 -257.812 -343.750 -382.812 -773.438 593.750 -476.562 -765.625 507.812 -554.688 109.375 851.562 23.438 0.000 1031.250
-906.250 -257.812 -343.750 -382.812 -773.438 593.750 -476.562 -765.625 507.812 -554.688 109.375 851.562 23.438 0.000 1031.250
-921.875 -257.812 -351.562 -375.000 -773.438 585.938 -492.188 -742.188 500.000 -554.688 132.812 851.562 39.062 15.625 1062.500
-921.875 -257.812 -351.562 -375.000 -773.438 585.938 -492.188 -742.188 500.000 -554.688 132.812 851.562 39.062 15.625 1062.500
-929.688 -226.562 -367.188 -390.625 -718.750 562.500 -476.562 -695.312 507.812 -539.062 132.812 843.750 15.625 46.875 1031.250
-929.688 -226.562 -367.188 -390.625 -718.750 562.500 -476.562 -695.312 507.812 -539.062 132.812 843.750 15.625 46.875 1031.250
-921.875 -226.562 -351.562 -421.875 -671.875 546.875 -523.438 -671.875 484.375 -562.500 179.688 820.312 39.062 39.062 1046.875
-921.875 -226.562 -351.562 -421.875 -671.875 546.875 -523.438 -671.875 484.375 -562.500 179.688 820.312 39.062 39.062 1046.875
-921.875 -226.562 -351.562 -421.875 -671.875 546.875 -523.438 -671.875 484.375 -562.500 179.688 820.312 39.062 39.062 1046.875
-921.875 -210.938 -351.562 -421.875 -671.875 539.062 -515.625 -664.062 476.562 -562.500 171.875 820.312 31.250 31.250 1031.250
-921.875 -210.938 -351.562 -421.875 -671.875 539.062 -515.625 -664.062 476.562 -562.500 171.875 820.312 31.250 31.250 1031.250
-898.438 -117.188 -335.938 -406.250 -671.875 562.500 -515.625 -679.688 476.562 -578.125 179.688 796.875 7.812 39.062 1031.250
-898.438 -117.188 -335.938 -406.250 -671.875 562.500 -515.625 -679.688 476.562 -578.125 179.688 796.875 7.812 39.062 1031.250
-921.875 -140.625 -335.938 -414.062 -648.438 554.688 -523.438 -664.062 460.938 -578.125 164.062 796.875 15.625 31.250 1015.625
-921.875 -140.625 -335.938 -414.062 -648.438 554.688 -523.438 -664.062 460.938 -578.125 164.062 796.875 15.625 31.250 1015.625
-921.875 -140.625 -335.938 -414.062 -648.438 554.688 -523.438 -664.062 460.938 -578.125 164.062 796.875 15.625 31.250 1015.625
-890.625 -156.250 -296.875 -429.688 -671.875 562.500 -531.250 -703.125 445.312 -593.750 132.812 789.062 -7.812 15.625 1023.438
-890.625 -156.250 -296.875 -429.688 -671.875 562.500 -531.250 -703.125 445.312 -593.750 132.812 789.062 -7.812 15.625 1023.438
-906.250 -203.125 -312.500 -445.312 -695.312 539.062 -539.062 -710.938 414.062 -609.375 125.000 773.438 -23.438 -7.812 1000.000
-906.250 -203.125 -312.500 -445.312 -695.312 539.062 -539.062 -710.938 414.062 -609.375 125.000 773.438 -23.438 -7.812 1000.000
-890.625 -210.938 -304.688 -468.750 -695.312 539.062 -546.875 -710.938 414.062 -609.375 109.375 789.062 -23.438 -7.812 1015.625
-890.625 -210.938 -304.688 -468.750 -695.312 539.062 -546.875 -710.938 414.062 -609.375 109.375 789.062 -23.438 -7.812 1015.625
-898.438 -210.938 -296.875 -460.938 -695.312 546.875 -546.875 -726.562 414.062 -601.562 117.188 796.875 -15.625 -7.812 1015.625
-898.438 -210.938 -296.875 -460.938 -695.312 546.875 -546.875 -726.562 414.062 -601.562 117.188 796.875 -15.625 -7.812 1015.625
-882.812 -226.562 -281.250 -468.750 -703.125 531.250 -554.688 -734.375 398.438 -617.188 101.562 781.250 -15.625 -23.438 1007.812
-882.812 -226.562 -281.250 -468.750 -703.125 531.250 -554.688 -734.375 398.438 -617.188 101.562 781.250 -15.625 -23.438 1007.812
-882.812 -226.562 -281.250 -468.750 -703.125 531.250 -554.688 -734.375 398.438 -617.188 101.562 781.250 -15.625 -23.438 1007.812
-867.188 -218.750 -265.625 -500.000 -734.375 523.438 -562.500 -757.812 382.812 -625.000 78.125 789.062 -7.812 -54.688 1007.812
-867.188 -218.750 -265.625 -500.000 -734.375 523.438 -562.500 -757.812 382.812 -625.000 78.125 789.062 -7.812 -54.688 1007.812
-851.562 -210.938 -242.188 -500.000 -710.938 546.875 -554.688 -773.438 406.250 -617.188 78.125 804.688 15.625 -54.688 1015.625
-851.562 -210.938 -242.188 -500.000 -710.938 546.875 -554.688 -773.438 406.250 -617.188 78.125 804.688 15.625 -54.688 1015.625
-851.562 -210.938 -242.188 -500.000 -710.938 546.875 -554.688 -773.438 406.250 -617.188 78.125 804.688 15.625 -54.688 1015.625
-851.562 -312.500 -265.625 -546.875 -718.750 539.062 -570.312 -789.062 390.625 -625.000 78.125 820.312 62.500 -125.000 1015.625
-851.562 -312.500 -265.625 -546.875 -718.750 539.062 -570.312 -789.062 390.625 -625.000 78.125 820.312 62.500 -125.000 1015.625
-851.562 -312.500 -265.625 -546.875 -718.750 539.062 -570.312 -789.062 390.625 -625.000 78.125 820.312 62.500 -125.000 1015.625
-851.562 -312.500 -265.625 -546.875 -718.750 539.062 -570.312 -789.062 390.625 -625.000 78.125 820.312 62.500 -125.000 1015.625
-718.750 15.625 -117.188 -523.438 -750.000 789.062 -671.875 -976.562 437.500 -757.812 -54.688 742.188 0.000 -328.125 843.750
-718.750 15.625 -117.188 -523.438 -750.000 789.062 -671.875 -976.562 437.500 -757.812 -54.688 742.188 0.000 -328.125 843.750
-703.125 125.000 -85.938 -453.125 -992.188 671.875 -601.562 -867.188 304.688 -617.188 -62.500 781.250 -117.188 -234.375 898.438
-703.125 125.000 -85.938 -453.125 -992.188 671.875 -601.562 -867.188 304.688 -617.188 -62.500 781.250 -117.188 -234.375 898.438
-703.125 125.000 -85.938 -453.125 -992.188 671.875 -601.562 -867.188 304.688 -617.188 -62.500 781.250 -117.188 -234.375 898.438
-703.125 125.000 -85.938 -453.125 -992.188 671.875 -601.562 -867.188 304.688 -617.188 -62.500 781.250 -117.188 -234.375 898.438
-703.125 125.000 -85.938 -453.125 -992.188 671.875 -601.562 -867.188 304.688 -617.188 -62.500 781.250 -117.188 -234.375 898.438
-968.750 -250.000 -523.438 -515.625 -562.500 476.562 -617.188 -695.312 273.438 -593.750 164.062 710.938 78.125 -101.562 976.562
-968.750 -250.000 -523.438 -515.625 -562.500 476.562 -617.188 -695.312 273.438 -593.750 164.062 710.938 78.125 -101.562 976.562
-968.750 -250.000 -523.438 -515.625 -562.500 476.562 -617.188 -695.312 273.438 -593.750 164.062 710.938 78.125 -101.562 976.562
-968.750 -250.000 -523.438 -515.625 -562.500 476.562 -617.188 -695.312 273.438 -593.750 164.062 710.938 78.125 -101.562 976.562
-937.500 -210.938 -539.062 -375.000 -640.625 609.375 -531.250 -617.188 398.438 -585.938 234.375 648.438 62.500 70.312 875.000
-937.500 -210.938 -539.062 -375.000 -640.625 609.375 -531.250 -617.188 398.438 -585.938 234.375 648.438 62.500 70.312 875.000
-953.125 -242.188 -546.875 -335.938 -648.438 679.688 -523.438 -640.625 460.938 -562.500 257.812 656.250 62.500 132.812 906.250
-953.125 -242.188 -546.875 -335.938 -648.438 679.688 -523.438 -640.625 460.938 -562.500 257.812 656.250 62.500 132.812 906.250
-953.125 -242.188 -546.875 -335.938 -648.438 679.688 -523.438 -640.625 460.938 -562.500 257.812 656.250 62.500 132.812 906.250
-953.125 -242.188 -546.875 -335.938 -648.438 679.688 -523.438 -640.625 460.938 -562.500 257.812 656.250 62.500 132.812 906.250
-953.125 -242.188 -546.875 -335.938 -648.438 679.688 -523.438 -640.625 460.938 -562.500 257.812 656.250 62.500 132.812 906.250
-937.500 -265.625 -515.625 -445.312 -421.875 500.000 -562.500 -421.875 546.875 -359.375 507.812 875.000 273.438 367.188 1156.250
-937.500 -265.625 -515.625 -445.312 -421.875 500.000 -562.500 -421.875 546.875 -359.375 507.812 875.000 273.438 367.188 1156.250
-937.500 -304.688 -515.625 -507.812 -421.875 500.000 -570.312 -320.312 523.438 -343.750 546.875 914.062 296.875 429.688 1179.688
-937.500 -304.688 -515.625 -507.812 -421.875 500.000 -570.312 -320.312 523.438 -343.750 546.875 914.062 296.875 429.688 1179.688
-875.000 -328.125 -460.938 -539.062 -351.562 507.812 -656.250 -320.312 500.000 -414.062 492.188 781.250 242.188 304.688 1000.000
-875.000 -328.125 -460.938 -539.062 -351.562 507.812 -656.250 -320.312 500.000 -414.062 492.188 781.250 242.188 304.688 1000.000
-875.000 -328.125 -460.938 -539.062 -351.562 507.812 -656.250 -320.312 500.000 -414.062 492.188 781.250 242.188 304.688 1000.000
-843.750 -257.812 -406.250 -507.812 -531.250 664.062 -687.500 -554.688 507.812 -601.562 265.625 609.375 46.875 171.875 750.000
-843.750 -257.812 -406.250 -507.812 -531.250 664.062 -687.500 -554.688 507.812 -601.562 265.625 609.375 46.875 171.875 750.000
-828.125 -218.750 -398.438 -531.250 -539.062 640.625 -695.312 -570.312 476.562 -601.562 265.625 617.188 62.500 210.938 781.250
-828.125 -218.750 -398.438 -531.250 -539.062 640.625 -695.312 -570.312 476.562 -601.562 265.625 617.188 62.500 210.938 781.250
-843.750 -187.500 -406.250 -539.062 -546.875 625.000 -695.312 -539.062 484.375 -554.688 289.062 648.438 109.375 210.938 835.938
-843.750 -187.500 -406.250 -539.062 -546.875 625.000 -695.312 -539.062 484.375 -554.688 289.062 648.438 109.375 210.938 835.938
-929.688 -375.000 -492.188 -617.188 -453.125 523.438 -664.062 -328.125 539.062 -328.125 515.625 914.062 390.625 281.250 1093.750
-929.688 -375.000 -492.188 -617.188 -453.125 523.438 -664.062 -328.125 539.062 -328.125 515.625 914.062 390.625 281.250 1093.750
-882.812 -390.625 -453.125 -609.375 -414.062 523.438 -664.062 -304.688 546.875 -328.125 531.250 945.312 437.500 273.438 1109.375
-882.812 -390.625 -453.125 -609.375 -414.062 523.438 -664.062 -304.688 546.875 -328.125 531.250 945.312 437.500 273.438 1109.375
-882.812 -390.625 -453.125 -609.375 -414.062 523.438 -664.062 -304.688 546.875 -328.125 531.250 945.312 437.500 273.438 1109.375
-796.875 -367.188 -367.188 -585.938 -453.125 562.500 -687.500 -335.938 554.688 -390.625 500.000 914.062 445.312 187.500 1093.750
-796.875 -367.188 -367.188 -585.938 -453.125 562.500 -687.500 -335.938 554.688 -390.625 500.000 914.062 445.312 187.500 1093.750
-773.438 -281.250 -335.938 -593.750 -437.500 562.500 -687.500 -359.375 554.688 -414.062 476.562 875.000 382.812 156.250 1039.062
-773.438 -281.250 -335.938 -593.750 -437.500 562.500 -687.500 -359.375 554.688 -414.062 476.562 875.000 382.812 156.250 1039.062
-859.375 -335.938 -460.938 -578.125 -492.188 570.312 -695.312 -421.875 570.312 -390.625 414.062 859.375 343.750 210.938 992.188
-859.375 -335.938 -460.938 -578.125 -492.188 570.312 -695.312 -421.875 570.312 -390.625 414.062 859.375 343.750 210.938 992.188
-859.375 -335.938 -460.938 -578.125 -492.188 570.312 -695.312 -421.875 570.312 -390.625 414.062 859.375 343.750 210.938 992.188
-835.938 -359.375 -453.125 -539.062 -523.438 601.562 -671.875 -414.062 609.375 -335.938 445.312 937.500 398.438 187.500 1046.875
-835.938 -359.375 -453.125 -539.062 -523.438 601.562 -671.875 -414.062 609.375 -335.938 445.312 937.500 398.438 187.500 1046.875
-796.875 -328.125 -429.688 -562.500 -515.625 585.938 -671.875 -414.062 617.188 -335.938 437.500 953.125 359.375 195.312 1062.500
-796.875 -328.125 -429.688 -562.500 -515.625 585.938 -671.875 -414.062 617.188 -335.938 437.500 953.125 359.375 195.312 1062.500
-726.562 -140.625 -367.188 -570.312 -554.688 601.562 -695.312 -437.500 578.125 -390.625 421.875 906.250 335.938 195.312 1070.312
-726.562 -140.625 -367.188 -570.312 -554.688 601.562 -695.312 -437.500 578.125 -390.625 421.875 906.250 335.938 195.312 1070.312
-757.812 -171.875 -429.688 -601.562 -523.438 539.062 -718.750 -437.500 539.062 -382.812 367.188 890.625 351.562 101.562 1023.438
-757.812 -171.875 -429.688 -601.562 -523.438 539.062 -718.750 -437.500 539.062 -382.812 367.188 890.625 351.562 101.562 1023.438
-757.812 -171.875 -429.688 -601.562 -523.438 539.062 -718.750 -437.500 539.062 -382.812 367.188 890.625 351.562 101.562 1023.438
-773.438 -242.188 -453.125 -601.562 -515.625 531.250 -695.312 -476.562 554.688 -359.375 351.562 898.438 296.875 140.625 1007.812
-773.438 -242.188 -453.125 -601.562 -515.625 531.250 -695.312 -476.562 554.688 -359.375 351.562 898.438 296.875 140.625 1007.812
-750.000 -226.562 -468.750 -617.188 -593.750 531.250 -703.125 -492.188 531.250 -406.250 335.938 906.250 320.312 148.438 1000.000
-750.000 -226.562 -468.750 -617.188 -593.750 531.250 -703.125 -492.188 531.250 -406.250 335.938 906.250 320.312 148.438 1000.000
-781.250 -210.938 -570.312 -625.000 -601.562 515.625 -710.938 -515.625 492.188 -414.062 281.250 890.625 375.000 70.312 1007.812
-781.250 -210.938 -570.312 -625.000 -601.562 515.625 -710.938 -515.625 492.188 -414.062 281.250 890.625 375.000 70.312 1007.812
-781.250 -210.938 -570.312 -625.000 -601.562 515.625 -710.938 -515.625 492.188 -414.062 281.250 890.625 375.000 70.312 1007.812
-765.625 -234.375 -578.125 -632.812 -578.125 500.000 -718.750 -507.812 484.375 -414.062 296.875 890.625 390.625 62.500 1015.625
-765.625 -234.375 -578.125 -632.812 -578.125 500.000 -718.750 -507.812 484.375 -414.062 296.875 890.625 390.625 62.500 1015.625
-695.312 -242.188 -632.812 -539.062 -554.688 492.188 -632.812 -390.625 507.812 -351.562 414.062 953.125 515.625 156.250 1156.250
-695.312 -242.188 -632.812 -539.062 -554.688 492.188 -632.812 -390.625 507.812 -351.562 414.062 953.125 515.625 156.250 1156.250
-695.312 -242.188 -632.812 -539.062 -554.688 492.188 -632.812 -390.625 507.812 -351.562 414.062 953.125 515.625 156.250 1156.250
-695.312 -242.188 -632.812 -539.062 -554.688 492.188 -632.812 -390.625 507.812 -351.562 414.062 953.125 515.625 156.250 1156.250
-726.562 -101.562 -757.812 -578.125 -648.438 437.500 -679.688 -429.688 382.812 -343.750 359.375 875.000 367.188 296.875 1062.500
-726.562 -101.562 -757.812 -578.125 -648.438 437.500 -679.688 -429.688 382.812 -343.750 359.375 875.000 367.188 296.875 1062.500
-843.750 -335.938 -976.562 -515.625 -609.375 593.750 -648.438 -539.062 601.562 -390.625 257.812 859.375 132.812 226.562 1023.438
-843.750 -335.938 -976.562 -515.625 -609.375 593.750 -648.438 -539.062 601.562 -390.625 257.812 859.375 132.812 226.562 1023.438
-843.750 -335.938 -976.562 -515.625 -609.375 593.750 -648.438 -539.062 601.562 -390.625 257.812 859.375 132.812 226.562 1023.438
-859.375 -421.875 -1015.625 -546.875 -476.562 640.625 -578.125 -546.875 820.312 -320.312 171.875 937.500 -31.250 195.312 968.750
-859.375 -421.875 -1015.625 -546.875 -476.562 640.625 -578.125 -546.875 820.312 -320.312 171.875 937.500 -31.250 195.312 968.750
-835.938 -546.875 -945.312 -601.562 -367.188 585.938 -742.188 -570.312 734.375 -328.125 234.375 1109.375 -78.125 140.625 1007.812
-835.938 -546.875 -945.312 -601.562 -367.188 585.938 -742.188 -570.312 734.375 -328.125 234.375 1109.375 -78.125 140.625 1007.812
-828.125 -484.375 -914.062 -320.312 179.688 609.375 -789.062 -578.125 679.688 -1265.625 -343.750 648.438 -304.688 -250.000 968.750
-828.125 -484.375 -914.062 -320.312 179.688 609.375 -789.062 -578.125 679.688 -1265.625 -343.750 648.438 -304.688 -250.000 968.750
-812.500 -460.938 -890.625 -437.500 -46.875 570.312 -843.750 -460.938 570.312 -843.750 -164.062 960.938 -390.625 -85.938 859.375
-812.500 -460.938 -890.625 -437.500 -46.875 570.312 -843.750 -460.938 570.312 -843.750 -164.062 960.938 -390.625 -85.938 859.375
-664.062 -320.312 -843.750 -1242.188 -476.562 -257.812 -898.438 -250.000 210.938 -523.438 218.750 812.500 39.062 539.062 867.188
-664.062 -320.312 -843.750 -1242.188 -476.562 -257.812 -898.438 -250.000 210.938 -523.438 218.750 812.500 39.062 539.062 867.188
-664.062 -320.312 -843.750 -1242.188 -476.562 -257.812 -898.438 -250.000 210.938 -523.438 218.750 812.500 39.062 539.062 867.188
-664.062 -320.312 -843.750 -1242.188 -476.562 -257.812 -898.438 -250.000 210.938 -523.438 218.750 812.500 39.062 539.062 867.188
-664.062 -320.312 -843.750 -1242.188 -476.562 -257.812 -898.438 -250.000 210.938 -523.438 218.750 812.500 39.062 539.062 867.188
-609.375 -406.250 -820.312 -1078.125 -664.062 -117.188 -1289.062 -546.875 -421.875 -1140.625 164.062 234.375 156.250 7.812 898.438
-609.375 -406.250 -820.312 -1078.125 -664.062 -117.188 -1289.062 -546.875 -421.875 -1140.625 164.062 234.375 156.250 7.812 898.438
-609.375 -406.250 -820.312 -1078.125 -664.062 -117.188 -1289.062 -546.875 -421.875 -1140.625 164.062 234.375 156.250 7.812 898.438
-585.938 -359.375 -750.000 -1015.625 -593.750 -46.875 -1210.938 -648.438 -406.250 -1132.812 78.125 210.938 -101.562 -15.625 828.125
-585.938 -359.375 -750.000 -1015.625 -593.750 -46.875 -1210.938 -648.438 -406.250 -1132.812 78.125 210.938 -101.562 -15.625 828.125
-593.750 -218.750 -492.188 -843.750 -296.875 -132.812 -671.875 -234.375 250.000 -179.688 -46.875 781.250 -218.750 -156.250 718.750
-593.750 -218.750 -492.188 -843.750 -296.875 -132.812 -671.875 -234.375 250.000 -179.688 -46.875 781.250 -218.750 -156.250 718.750
-593.750 -218.750 -492.188 -843.750 -296.875 -132.812 -671.875 -234.375 250.000 -179.688 -46.875 781.250 -218.750 -156.250 718.750
-593.750 -218.750 -492.188 -843.750 -296.875 -132.812 -671.875 -234.375 250.000 -179.688 -46.875 781.250 -218.750 -156.250 718.750
-593.750 -218.750 -492.188 -843.750 -296.875 -132.812 -671.875 -234.375 250.000 -179.688 -46.875 781.250 -218.750 -156.250 718.750
-593.750 -218.750 -492.188 -843.750 -296.875 -132.812 -671.875 -234.375 250.000 -179.688 -46.875 781.250 -218.750 -156.250 718.750
-593.750 -218.750 -492.188 -843.750 -296.875 -132.812 -671.875 -234.375 250.000 -179.688 -46.875 781.250 -218.750 -156.250 718.750
-820.312 -195.312 -703.125 -273.438 -359.375 656.250 -343.750 -335.938 859.375 -31.250 23.438 992.188 132.812 54.688 1031.250
-828.125 -226.562 -773.438 -320.312 -406.250 625.000 -406.250 -148.438 867.188 140.625 242.188 1046.875 140.625 289.062 1117.188
-828.125 -226.562 -773.438 -320.312 -406.250 625.000 -406.250 -148.438 867.188 140.625 242.188 1046.875 140.625 289.062 1117.188
-828.125 -226.562 -773.438 -320.312 -406.250 625.000 -406.250 -148.438 867.188 140.625 242.188 1046.875 140.625 289.062 1117.188
-906.250 -250.000 -835.938 -500.000 -359.375 546.875 -343.750 -304.688 734.375 62.500 312.500 1085.938 164.062 304.688 1148.438
-906.250 -250.000 -835.938 -500.000 -359.375 546.875 -343.750 -304.688 734.375 62.500 312.500 1085.938 164.062 304.688 1148.438
-820.312 -367.188 -812.500 -406.250 -195.312 515.625 -273.438 -78.125 828.125 62.500 242.188 1039.062 351.562 171.875 1078.125
-820.312 -367.188 -812.500 -406.250 -195.312 515.625 -273.438 -78.125 828.125 62.500 242.188 1039.062 351.562 171.875 1078.125
-664.062 -273.438 -507.812 -492.188 -312.500 601.562 -421.875 -179.688 953.125 54.688 54.688 1257.812 406.250 -15.625 1210.938
-664.062 -273.438 -507.812 -492.188 -312.500 601.562 -421.875 -179.688 953.125 54.688 54.688 1257.812 406.250 -15.625 1210.938
-664.062 -273.438 -507.812 -492.188 -312.500 601.562 -421.875 -179.688 953.125 54.688 54.688 1257.812 406.250 -15.625 1210.938
-664.062 -273.438 -507.812 -492.188 -312.500 601.562 -421.875 -179.688 953.125 54.688 54.688 1257.812 406.250 -15.625 1210.938
-664.062 -273.438 -507.812 -492.188 -312.500 601.562 -421.875 -179.688 953.125 54.688 54.688 1257.812 406.250 -15.625 1210.938
-414.062 7.812 -54.688 -843.750 -625.000 609.375 -757.812 -437.500 906.250 -117.188 -132.812 1320.312 265.625 -164.062 1132.812
-414.062 7.812 -54.688 -843.750 -625.000 609.375 -757.812 -437.500 906.250 -117.188 -132.812 1320.312 265.625 -164.062 1132.812
-570.312 31.250 -226.562 -914.062 -656.250 500.000 -804.688 -492.188 789.062 -234.375 -265.625 1148.438 195.312 -234.375 1054.688
-570.312 31.250 -226.562 -914.062 -656.250 500.000 -804.688 -492.188 789.062 -234.375 -265.625 1148.438 195.312 -234.375 1054.688
-765.625 148.438 -382.812 -531.250 -804.688 703.125 -453.125 -546.875 890.625 -15.625 -320.312 1101.562 148.438 -164.062 1015.625
-765.625 148.438 -382.812 -531.250 -804.688 703.125 -453.125 -546.875 890.625 -15.625 -320.312 1101.562 148.438 -164.062 1015.625
-765.625 148.438 -382.812 -531.250 -804.688 703.125 -453.125 -546.875 890.625 -15.625 -320.312 1101.562 148.438 -164.062 1015.625
-812.500 23.438 -523.438 -531.250 -664.062 601.562 -453.125 -507.812 765.625 -46.875 -250.000 992.188 171.875 -164.062 984.375
-812.500 23.438 -523.438 -531.250 -664.062 601.562 -453.125 -507.812 765.625 -46.875 -250.000 992.188 171.875 -164.062 984.375
-812.500 23.438 -523.438 -531.250 -664.062 601.562 -453.125 -507.812 765.625 -46.875 -250.000 992.188 171.875 -164.062 984.375
-812.500 23.438 -523.438 -531.250 -664.062 601.562 -453.125 -507.812 765.625 -46.875 -250.000 992.188 171.875 -164.062 984.375
-757.812 -218.750 -507.812 -250.000 -640.625 710.938 -257.812 -398.438 859.375 109.375 -140.625 976.562 273.438 -46.875 960.938
-757.812 -218.750 -507.812 -250.000 -640.625 710.938 -257.812 -398.438 859.375 109.375 -140.625 976.562 273.438 -46.875 960.938
-757.812 -218.750 -507.812 -250.000 -640.625 710.938 -257.812 -398.438 859.375 109.375 -140.625 976.562 273.438 -46.875 960.938
-757.812 -218.750 -507.812 -250.000 -640.625 710.938 -257.812 -398.438 859.375 109.375 -140.625 976.562 273.438 -46.875 960.938
-757.812 -218.750 -507.812 -250.000 -640.625 710.938 -257.812 -398.438 859.375 109.375 -140.625 976.562 273.438 -46.875 960.938
-851.562 -304.688 -593.750 -148.438 -578.125 765.625 -109.375 -328.125 960.938 296.875 -31.250 1039.062 421.875 46.875 1015.625
-851.562 -304.688 -593.750 -148.438 -578.125 765.625 -109.375 -328.125 960.938 296.875 -31.250 1039.062 421.875 46.875 1015.625
-843.750 -257.812 -609.375 -148.438 -578.125 789.062 -132.812 -335.938 968.750 257.812 -31.250 1046.875 375.000 62.500 1023.438
-843.750 -257.812 -609.375 -148.438 -578.125 789.062 -132.812 -335.938 968.750 257.812 -31.250 1046.875 375.000 62.500 1023.438
-859.375 -195.312 -648.438 -148.438 -656.250 875.000 -171.875 -359.375 1000.000 250.000 -62.500 1070.312 421.875 46.875 1023.438
-859.375 -195.312 -648.438 -148.438 -656.250 875.000 -171.875 -359.375 1000.000 250.000 -62.500 1070.312 421.875 46.875 1023.438
-867.188 -132.812 -632.812 -132.812 -695.312 890.625 -132.812 -414.062 1023.438 304.688 -62.500 1078.125 507.812 39.062 1031.250
-867.188 -132.812 -632.812 -132.812 -695.312 890.625 -132.812 -414.062 1023.438 304.688 -62.500 1078.125 507.812 39.062 1031.250
-867.188 -132.812 -632.812 -132.812 -695.312 890.625 -132.812 -414.062 1023.438 304.688 -62.500 1078.125 507.812 39.062 1031.250
-882.812 -226.562 -664.062 -195.312 -687.500 835.938 -109.375 -406.250 976.562 328.125 -85.938 1070.312 484.375 0.000 1007.812
-882.812 -226.562 -664.062 -195.312 -687.500 835.938 -109.375 -406.250 976.562 328.125 -85.938 1070.312 484.375 0.000 1007.812
-757.812 -265.625 -593.750 -179.688 -710.938 859.375 -304.688 -414.062 953.125 218.750 -171.875 984.375 289.062 0.000 914.062
-757.812 -265.625 -593.750 -179.688 -710.938 859.375 -304.688 -414.062 953.125 218.750 -171.875 984.375 289.062 0.000 914.062
-765.625 -273.438 -585.938 -234.375 -742.188 859.375 -257.812 -492.188 914.062 93.750 -109.375 984.375 343.750 -85.938 976.562
-765.625 -273.438 -585.938 -234.375 -742.188 859.375 -257.812 -492.188 914.062 93.750 -109.375 984.375 343.750 -85.938 976.562
-679.688 -210.938 -484.375 -171.875 -851.562 1062.500 -492.188 -359.375 984.375 -78.125 31.250 898.438 265.625 -148.438 968.750
-679.688 -210.938 -484.375 -171.875 -851.562 1062.500 -492.188 -359.375 984.375 -78.125 31.250 898.438 265.625 -148.438 968.750
-750.000 -429.688 -632.812 -250.000 -929.688 882.812 -429.688 -531.250 835.938 15.625 -250.000 960.938 265.625 -109.375 921.875
-750.000 -429.688 -632.812 -250.000 -929.688 882.812 -429.688 -531.250 835.938 15.625 -250.000 960.938 265.625 -109.375 921.875
-750.000 -429.688 -632.812 -250.000 -929.688 882.812 -429.688 -531.250 835.938 15.625 -250.000 960.938 265.625 -109.375 921.875
-1039.062 -773.438 -687.500 -585.938 -601.562 304.688 -382.812 -320.312 718.750 78.125 -273.438 960.938 289.062 -171.875 945.312
-1039.062 -773.438 -687.500 -585.938 -601.562 304.688 -382.812 -320.312 718.750 78.125 -273.438 960.938 289.062 -171.875 945.312
-648.438 93.750 -484.375 -203.125 -671.875 656.250 -296.875 -656.250 992.188 54.688 -156.250 953.125 257.812 -70.312 976.562
-648.438 93.750 -484.375 -203.125 -671.875 656.250 -296.875 -656.250 992.188 54.688 -156.250 953.125 257.812 -70.312 976.562
-937.500 -632.812 -773.438 -1140.625 -335.938 -117.188 -453.125 46.875 726.562 85.938 -164.062 1031.250 289.062 -70.312 968.750
-937.500 -632.812 -773.438 -1140.625 -335.938 -117.188 -453.125 46.875 726.562 85.938 -164.062 1031.250 289.062 -70.312 968.750
-937.500 -632.812 -773.438 -1140.625 -335.938 -117.188 -453.125 46.875 726.562 85.938 -164.062 1031.250 289.062 -70.312 968.750
-937.500 -632.812 -773.438 -1140.625 -335.938 -117.188 -453.125 46.875 726.562 85.938 -164.062 1031.250 289.062 -70.312 968.750
-937.500 -632.812 -773.438 -1140.625 -335.938 -117.188 -453.125 46.875 726.562 85.938 -164.062 1031.250 289.062 -70.312 968.750
-781.250 -664.062 -687.500 -1109.375 -195.312 54.688 -476.562 -15.625 781.250 31.250 -156.250 1054.688 414.062 -46.875 1070.312
-781.250 -664.062 -687.500 -1109.375 -195.312 54.688 -476.562 -15.625 781.250 31.250 -156.250 1054.688 414.062 -46.875 1070.312
-765.625 -648.438 -671.875 -875.000 -289.062 273.438 -390.625 -70.312 851.562 46.875 -70.312 1117.188 1226.562 -39.062 1210.938
-765.625 -648.438 -671.875 -875.000 -289.062 273.438 -390.625 -70.312 851.562 46.875 -70.312 1117.188 1226.562 -39.062 1210.938
-718.750 -156.250 -625.000 -625.000 -531.250 593.750 -367.188 -46.875 914.062 187.500 -78.125 1031.250 148.438 62.500 968.750
-718.750 -156.250 -625.000 -625.000 -531.250 593.750 -367.188 -46.875 914.062 187.500 -78.125 1031.250 148.438 62.500 968.750
-718.750 -156.250 -625.000 -625.000 -531.250 593.750 -367.188 -46.875 914.062 187.500 -78.125 1031.250 148.438 62.500 968.750
-718.750 -156.250 -625.000 -625.000 -531.250 593.750 -367.188 -46.875 914.062 187.500 -78.125 1031.250 148.438 62.500 968.750
-718.750 -156.250 -625.000 -625.000 -531.250 593.750 -367.188 -46.875 914.062 187.500 -78.125 1031.250 148.438 62.500 968.750
-921.875 -421.875 -601.562 -757.812 -382.812 273.438 -351.562 -93.750 898.438 242.188 -218.750 1109.375 578.125 -70.312 1093.750
-921.875 -421.875 -601.562 -757.812 -382.812 273.438 -351.562 -93.750 898.438 242.188 -218.750 1109.375 578.125 -70.312 1093.750
-921.875 -421.875 -601.562 -757.812 -382.812 273.438 -351.562 -93.750 898.438 242.188 -218.750 1109.375 578.125 -70.312 1093.750
-921.875 -421.875 -601.562 -757.812 -382.812 273.438 -351.562 -93.750 898.438 242.188 -218.750 1109.375 578.125 -70.312 1093.750
-750.000 -398.438 -398.438 -742.188 -539.062 343.750 -312.500 -132.812 843.750 117.188 -140.625 1031.250 484.375 -31.250 1023.438
-750.000 -398.438 -398.438 -742.188 -539.062 343.750 -312.500 -132.812 843.750 117.188 -140.625 1031.250 484.375 -31.250 1023.438
-750.000 -398.438 -398.438 -742.188 -539.062 343.750 -312.500 -132.812 843.750 117.188 -140.625 1031.250 484.375 -31.250 1023.438
-812.500 -156.250 -382.812 -507.812 -656.250 515.625 -367.188 -257.812 812.500 -93.750 -54.688 945.312 195.312 46.875 1046.875
-812.500 -156.250 -382.812 -507.812 -656.250 515.625 -367.188 -257.812 812.500 -93.750 -54.688 945.312 195.312 46.875 1046.875
-812.500 -156.250 -382.812 -507.812 -656.250 515.625 -367.188 -257.812 812.500 -93.750 -54.688 945.312 195.312 46.875 1046.875
-812.500 -156.250 -382.812 -507.812 -656.250 515.625 -367.188 -257.812 812.500 -93.750 -54.688 945.312 195.312 46.875 1046.875
-687.500 -93.750 -265.625 -343.750 -734.375 664.062 -390.625 -226.562 867.188 -23.438 -187.500 953.125 132.812 -39.062 914.062
-687.500 -93.750 -265.625 -343.750 -734.375 664.062 -390.625 -226.562 867.188 -23.438 -187.500 953.125 132.812 -39.062 914.062
-835.938 54.688 -398.438 -375.000 -695.312 632.812 -429.688 -312.500 828.125 -85.938 -179.688 937.500 156.250 -70.312 968.750
-835.938 54.688 -398.438 -375.000 -695.312 632.812 -429.688 -312.500 828.125 -85.938 -179.688 937.500 156.250 -70.312 968.750
-835.938 54.688 -398.438 -375.000 -695.312 632.812 -429.688 -312.500 828.125 -85.938 -179.688 937.500 156.250 -70.312 968.750
-820.312 70.312 -421.875 -445.312 -718.750 593.750 -414.062 -273.438 820.312 -101.562 -179.688 960.938 117.188 -62.500 953.125
-820.312 70.312 -421.875 -445.312 -718.750 593.750 -414.062 -273.438 820.312 -101.562 -179.688 960.938 117.188 -62.500 953.125
-992.188 273.438 -546.875 -445.312 -335.938 609.375 -453.125 -421.875 820.312 -23.438 -250.000 960.938 218.750 -117.188 945.312
-992.188 273.438 -546.875 -445.312 -335.938 609.375 -453.125 -421.875 820.312 -23.438 -250.000 960.938 218.750 -117.188 945.312
-968.750 265.625 -492.188 -390.625 -429.688 601.562 -523.438 -390.625 781.250 -54.688 -250.000 953.125 242.188 -140.625 953.125
-968.750 265.625 -492.188 -390.625 -429.688 601.562 -523.438 -390.625 781.250 -54.688 -250.000 953.125 242.188 -140.625 953.125
-820.312 -93.750 -328.125 -492.188 -820.312 609.375 -539.062 -265.625 726.562 -117.188 -210.938 960.938 218.750 -125.000 984.375
-820.312 -93.750 -328.125 -492.188 -820.312 609.375 -539.062 -265.625 726.562 -117.188 -210.938 960.938 218.750 -125.000 984.375
-820.312 -93.750 -328.125 -492.188 -820.312 609.375 -539.062 -265.625 726.562 -117.188 -210.938 960.938 218.750 -125.000 984.375
-882.812 -140.625 -343.750 -507.812 -671.875 539.062 -500.000 -289.062 750.000 -117.188 -234.375 968.750 156.250 -132.812 976.562
-882.812 -140.625 -343.750 -507.812 -671.875 539.062 -500.000 -289.062 750.000 -117.188 -234.375 968.750 156.250 -132.812 976.562
-882.812 -140.625 -343.750 -507.812 -671.875 539.062 -500.000 -289.062 750.000 -117.188 -234.375 968.750 156.250 -132.812 976.562
-882.812 -140.625 -343.750 -507.812 -671.875 539.062 -500.000 -289.062 750.000 -117.188 -234.375 968.750 156.250 -132.812 976.562
-875.000 -156.250 -367.188 -468.750 -703.125 562.500 -523.438 -312.500 773.438 -93.750 -218.750 984.375 226.562 -125.000 1015.625
-875.000 -156.250 -367.188 -468.750 -703.125 562.500 -523.438 -312.500 773.438 -93.750 -218.750 984.375 226.562 -125.000 1015.625
-890.625 -85.938 -367.188 -468.750 -718.750 562.500 -523.438 -328.125 781.250 -93.750 -226.562 984.375 226.562 -132.812 992.188
-890.625 -85.938 -367.188 -468.750 -718.750 562.500 -523.438 -328.125 781.250 -93.750 -226.562 984.375 226.562 -132.812 992.188
-875.000 -62.500 -359.375 -500.000 -710.938 539.062 -507.812 -335.938 765.625 -85.938 -226.562 976.562 226.562 -132.812 1000.000
-875.000 -62.500 -359.375 -500.000 -710.938 539.062 -507.812 -335.938 765.625 -85.938 -226.562 976.562 226.562 -132.812 1000.000
-875.000 -62.500 -359.375 -500.000 -710.938 539.062 -507.812 -335.938 765.625 -85.938 -226.562 976.562 226.562 -132.812 1000.000
-921.875 -85.938 -414.062 -515.625 -679.688 515.625 -492.188 -359.375 796.875 -39.062 -265.625 992.188 257.812 -171.875 984.375
-921.875 -85.938 -414.062 -515.625 -679.688 515.625 -492.188 -359.375 796.875 -39.062 -265.625 992.188 257.812 -171.875 984.375
-890.625 -62.500 -398.438 -484.375 -750.000 523.438 -476.562 -375.000 796.875 -23.438 -250.000 1000.000 265.625 -171.875 992.188
-890.625 -62.500 -398.438 -484.375 -750.000 523.438 -476.562 -375.000 796.875 -23.438 -250.000 1000.000 265.625 -171.875 992.188
-937.500 39.062 -476.562 -484.375 -671.875 507.812 -429.688 -390.625 812.500 0.000 -265.625 984.375 250.000 -156.250 968.750
-937.500 39.062 -476.562 -484.375 -671.875 507.812 -429.688 -390.625 812.500 0.000 -265.625 984.375 250.000 -156.250 968.750
-953.125 39.062 -468.750 -484.375 -718.750 531.250 -437.500 -390.625 804.688 -7.812 -250.000 976.562 296.875 -148.438 976.562
-953.125 39.062 -468.750 -484.375 -718.750 531.250 -437.500 -390.625 804.688 -7.812 -250.000 976.562 296.875 -148.438 976.562
-953.125 39.062 -468.750 -484.375 -718.750 531.250 -437.500 -390.625 804.688 -7.812 -250.000 976.562 296.875 -148.438 976.562
-914.062 0.000 -453.125 -468.750 -742.188 523.438 -429.688 -375.000 804.688 15.625 -226.562 992.188 312.500 -156.250 1000.000
-914.062 0.000 -453.125 -468.750 -742.188 523.438 -429.688 -375.000 804.688 15.625 -226.562 992.188 312.500 -156.250 1000.000
-875.000 -31.250 -421.875 -445.312 -679.688 531.250 -445.312 -328.125 796.875 -7.812 -218.750 1007.812 312.500 -132.812 1007.812
-875.000 -31.250 -421.875 -445.312 -679.688 531.250 -445.312 -328.125 796.875 -7.812 -218.750 1007.812 312.500 -132.812 1007.812
-890.625 -15.625 -421.875 -445.312 -687.500 523.438 -437.500 -335.938 812.500 7.812 -210.938 1015.625 328.125 -132.812 1015.625
-890.625 -15.625 -421.875 -445.312 -687.500 523.438 -437.500 -335.938 812.500 7.812 -210.938 1015.625 328.125 -132.812 1015.625
-890.625 -15.625 -421.875 -445.312 -687.500 523.438 -437.500 -335.938 812.500 7.812 -210.938 1015.625 328.125 -132.812 1015.625
-968.750 -85.938 -500.000 -507.812 -546.875 484.375 -445.312 -328.125 835.938 15.625 -242.188 1046.875 312.500 -132.812 1039.062
-968.750 -85.938 -500.000 -507.812 -546.875 484.375 -445.312 -328.125 835.938 15.625 -242.188 1046.875 312.500 -132.812 1039.062
-914.062 -23.438 -429.688 -453.125 -765.625 539.062 -453.125 -406.250 789.062 -70.312 -242.188 960.938 187.500 -132.812 968.750
-914.062 -23.438 -429.688 -453.125 -765.625 539.062 -453.125 -406.250 789.062 -70.312 -242.188 960.938 187.500 -132.812 968.750
-914.062 -23.438 -429.688 -453.125 -765.625 539.062 -453.125 -406.250 789.062 -70.312 -242.188 960.938 187.500 -132.812 968.750
-890.625 -85.938 -406.250 -476.562 -734.375 531.250 -500.000 -414.062 773.438 -93.750 -289.062 953.125 171.875 -179.688 968.750
-906.250 -54.688 -406.250 -492.188 -750.000 531.250 -476.562 -398.438 781.250 -62.500 -257.812 984.375 226.562 -164.062 984.375
-906.250 -54.688 -406.250 -492.188 -750.000 531.250 -476.562 -398.438 781.250 -62.500 -257.812 984.375 226.562 -164.062 984.375
-906.250 -54.688 -406.250 -492.188 -750.000 531.250 -476.562 -398.438 781.250 -62.500 -257.812 984.375 226.562 -164.062 984.375
-906.250 -54.688 -406.250 -492.188 -750.000 531.250 -476.562 -398.438 781.250 -62.500 -257.812 984.375 226.562 -164.062 984.375
-906.250 -54.688 -406.250 -492.188 -750.000 531.250 -476.562 -398.438 781.250 -62.500 -257.812 984.375 226.562 -164.062 984.375
-937.500 -31.250 -429.688 -460.938 -695.312 539.062 -429.688 -382.812 804.688 -70.312 -250.000 968.750 132.812 -132.812 984.375
-937.500 -31.250 -429.688 -460.938 -695.312 539.062 -429.688 -382.812 804.688 -70.312 -250.000 968.750 132.812 -132.812 984.375
-914.062 -39.062 -398.438 -453.125 -734.375 554.688 -460.938 -390.625 781.250 -93.750 -250.000 960.938 140.625 -132.812 968.750
-914.062 -39.062 -398.438 -453.125 -734.375 554.688 -460.938 -390.625 781.250 -93.750 -250.000 960.938 140.625 -132.812 968.750
-890.625 -78.125 -359.375 -453.125 -695.312 531.250 -468.750 -359.375 773.438 -62.500 -210.938 968.750 218.750 -125.000 984.375
-890.625 -78.125 -359.375 -453.125 -695.312 531.250 -468.750 -359.375 773.438 -62.500 -210.938 968.750 218.750 -125.000 984.375
-890.625 -78.125 -359.375 -453.125 -695.312 531.250 -468.750 -359.375 773.438 -62.500 -210.938 968.750 218.750 -125.000 984.375
-890.625 -70.312 -367.188 -453.125 -703.125 539.062 -453.125 -343.750 781.250 -46.875 -210.938 968.750 226.562 -125.000 984.375
-890.625 -70.312 -367.188 -453.125 -703.125 539.062 -453.125 -343.750 781.250 -46.875 -210.938 968.750 226.562 -125.000 984.375
-906.250 -78.125 -445.312 -468.750 -585.938 507.812 -414.062 -343.750 789.062 -15.625 -203.125 968.750 203.125 -93.750 984.375
-906.250 -78.125 -445.312 -468.750 -585.938 507.812 -414.062 -343.750 789.062 -15.625 -203.125 968.750 203.125 -93.750 984.375
-976.562 -117.188 -437.500 -507.812 -531.250 484.375 -414.062 -351.562 812.500 -7.812 -203.125 992.188 242.188 -93.750 1000.000
-976.562 -117.188 -437.500 -507.812 -531.250 484.375 -414.062 -351.562 812.500 -7.812 -203.125 992.188 242.188 -93.750 1000.000
-890.625 -70.312 -382.812 -445.312 -656.250 523.438 -437.500 -335.938 781.250 -31.250 -195.312 984.375 250.000 -109.375 976.562
-890.625 -70.312 -382.812 -445.312 -656.250 523.438 -437.500 -335.938 781.250 -31.250 -195.312 984.375 250.000 -109.375 976.562
-890.625 -70.312 -382.812 -445.312 -656.250 523.438 -437.500 -335.938 781.250 -31.250 -195.312 984.375 250.000 -109.375 976.562
-890.625 -70.312 -382.812 -445.312 -656.250 523.438 -437.500 -335.938 781.250 -31.250 -195.312 984.375 250.000 -109.375 976.562
-890.625 -70.312 -382.812 -445.312 -656.250 523.438 -437.500 -335.938 781.250 -31.250 -195.312 984.375 250.000 -109.375 976.562
-890.625 -39.062 -382.812 -453.125 -664.062 523.438 -406.250 -343.750 781.250 -7.812 -195.312 960.938 226.562 -93.750 1000.000
-890.625 -39.062 -382.812 -453.125 -664.062 523.438 -406.250 -343.750 781.250 -7.812 -195.312 960.938 226.562 -93.750 1000.000
-898.438 -39.062 -406.250 -445.312 -640.625 531.250 -429.688 -359.375 781.250 -31.250 -210.938 960.938 195.312 -109.375 976.562
-898.438 -39.062 -406.250 -445.312 -640.625 531.250 -429.688 -359.375 781.250 -31.250 -210.938 960.938 195.312 -109.375 976.562
-906.250 -85.938 -429.688 -460.938 -601.562 515.625 -429.688 -367.188 796.875 -23.438 -226.562 968.750 210.938 -109.375 968.750
-906.250 -85.938 -429.688 -460.938 -601.562 515.625 -429.688 -367.188 796.875 -23.438 -226.562 968.750 210.938 -109.375 968.750
-898.438 -46.875 -398.438 -476.562 -695.312 531.250 -453.125 -367.188 796.875 -23.438 -218.750 984.375 242.188 -109.375 992.188
-898.438 -46.875 -398.438 -476.562 -695.312 531.250 -453.125 -367.188 796.875 -23.438 -218.750 984.375 242.188 -109.375 992.188
-898.438 -46.875 -398.438 -476.562 -695.312 531.250 -453.125 -367.188 796.875 -23.438 -218.750 984.375 242.188 -109.375 992.188
-914.062 -70.312 -406.250 -460.938 -687.500 531.250 -445.312 -367.188 789.062 -46.875 -226.562 984.375 234.375 -117.188 992.188
-914.062 -70.312 -406.250 -460.938 -687.500 531.250 -445.312 -367.188 789.062 -46.875 -226.562 984.375 234.375 -117.188 992.188
-898.438 -101.562 -382.812 -453.125 -695.312 539.062 -460.938 -375.000 781.250 -62.500 -218.750 976.562 187.500 -109.375 992.188
-898.438 -101.562 -382.812 -453.125 -695.312 539.062 -460.938 -375.000 781.250 -62.500 -218.750 976.562 187.500 -109.375 992.188
