-734.375 -437.500 -398.438 -789.062 -523.438 289.062 -828.125 -570.312 -226.562 -781.250 -93.750 484.375 -507.812 -7.812 726.562
-757.812 -515.625 -445.312 -148.438 -953.125 984.375 -1570.312 -1343.750 -882.812 -601.562 414.062 179.688 -484.375 -15.625 734.375
-757.812 -515.625 -445.312 -148.438 -953.125 984.375 -1570.312 -1343.750 -882.812 -601.562 414.062 179.688 -484.375 -15.625 734.375
-875.000 -242.188 -429.688 -757.812 -593.750 226.562 -562.500 -609.375 -109.375 -1171.875 -554.688 257.812 -593.750 -125.000 546.875
-875.000 -242.188 -429.688 -757.812 -593.750 226.562 -562.500 -609.375 -109.375 -1171.875 -554.688 257.812 -593.750 -125.000 546.875
-835.938 -351.562 -437.500 -1007.812 -93.750 7.812 -1062.500 -601.562 -210.938 -992.188 -617.188 421.875 -585.938 -85.938 570.312
-835.938 -351.562 -437.500 -1007.812 -93.750 7.812 -1062.500 -601.562 -210.938 -992.188 -617.188 421.875 -585.938 -85.938 570.312
-773.438 -359.375 -382.812 -812.500 -632.812 31.250 -609.375 -414.062 -140.625 -828.125 -226.562 500.000 -468.750 -625.000 484.375
-773.438 -359.375 -382.812 -812.500 -632.812 31.250 -609.375 -414.062 -140.625 -828.125 -226.562 500.000 -468.750 -625.000 484.375
-773.438 -359.375 -382.812 -812.500 -632.812 31.250 -609.375 -414.062 -140.625 -828.125 -226.562 500.000 -468.750 -625.000 484.375
-812.500 -398.438 -406.250 -945.312 -664.062 -242.188 -742.188 -359.375 -109.375 -804.688 109.375 671.875 -679.688 -703.125 382.812
-812.500 -398.438 -406.250 -945.312 -664.062 -242.188 -742.188 -359.375 -109.375 -804.688 109.375 671.875 -679.688 -703.125 382.812
-750.000 -312.500 -351.562 -1210.938 -382.812 -421.875 -664.062 -226.562 -54.688 -757.812 -31.250 523.438 -890.625 -484.375 375.000
-750.000 -312.500 -351.562 -1210.938 -382.812 -421.875 -664.062 -226.562 -54.688 -757.812 -31.250 523.438 -890.625 -484.375 375.000
-890.625 -296.875 -460.938 -906.250 -703.125 -93.750 -710.938 -367.188 85.938 -921.875 -281.250 312.500 -820.312 -226.562 367.188
-890.625 -296.875 -460.938 -906.250 -703.125 -93.750 -710.938 -367.188 85.938 -921.875 -281.250 312.500 -820.312 -226.562 367.188
-921.875 -281.250 -484.375 -773.438 -617.188 179.688 -820.312 -523.438 23.438 -984.375 -273.438 156.250 -796.875 -351.562 351.562
-921.875 -281.250 -484.375 -773.438 -617.188 179.688 -820.312 -523.438 23.438 -984.375 -273.438 156.250 -796.875 -351.562 351.562
-921.875 -281.250 -484.375 -773.438 -617.188 179.688 -820.312 -523.438 23.438 -984.375 -273.438 156.250 -796.875 -351.562 351.562
-859.375 -468.750 -445.312 -804.688 -523.438 156.250 -875.000 -585.938 -78.125 -1109.375 -335.938 -132.812 -992.188 -218.750 23.438
-859.375 -468.750 -445.312 -804.688 -523.438 156.250 -875.000 -585.938 -78.125 -1109.375 -335.938 -132.812 -992.188 -218.750 23.438
-820.312 -414.062 -375.000 -765.625 -625.000 242.188 -859.375 -625.000 -62.500 -1054.688 -328.125 -148.438 -976.562 -171.875 -31.250
-820.312 -414.062 -375.000 -765.625 -625.000 242.188 -859.375 -625.000 -62.500 -1054.688 -328.125 -148.438 -976.562 -171.875 -31.250
-656.250 -687.500 -218.750 -789.062 -546.875 203.125 -843.750 -531.250 -23.438 -1046.875 -468.750 -39.062 -1015.625 -453.125 -93.750
-656.250 -687.500 -218.750 -789.062 -546.875 203.125 -843.750 -531.250 -23.438 -1046.875 -468.750 -39.062 -1015.625 -453.125 -93.750
-679.688 -757.812 -289.062 -796.875 -328.125 210.938 -828.125 -523.438 0.000 -1046.875 -460.938 -31.250 -968.750 -476.562 -46.875
-679.688 -757.812 -289.062 -796.875 -328.125 210.938 -828.125 -523.438 0.000 -1046.875 -460.938 -31.250 -968.750 -476.562 -46.875
-679.688 -757.812 -289.062 -796.875 -328.125 210.938 -828.125 -523.438 0.000 -1046.875 -460.938 -31.250 -968.750 -476.562 -46.875
-804.688 -515.625 -328.125 -734.375 -523.438 281.250 -812.500 -523.438 31.250 -992.188 -375.000 -31.250 -953.125 -312.500 -39.062
-804.688 -515.625 -328.125 -734.375 -523.438 281.250 -812.500 -523.438 31.250 -992.188 -375.000 -31.250 -953.125 -312.500 -39.062
-781.250 -585.938 -281.250 -718.750 -507.812 351.562 -820.312 -640.625 -7.812 -960.938 -218.750 -70.312 -1031.250 -289.062 -125.000
-781.250 -585.938 -281.250 -718.750 -507.812 351.562 -820.312 -640.625 -7.812 -960.938 -218.750 -70.312 -1031.250 -289.062 -125.000
-859.375 -507.812 -343.750 -828.125 -445.312 234.375 -828.125 -507.812 7.812 -937.500 -250.000 0.000 -968.750 -250.000 -23.438
-859.375 -507.812 -343.750 -828.125 -445.312 234.375 -828.125 -507.812 7.812 -937.500 -250.000 0.000 -968.750 -250.000 -23.438
-804.688 -554.688 -250.000 -820.312 -460.938 187.500 -843.750 -421.875 -31.250 -960.938 -195.312 70.312 -921.875 -320.312 234.375
-804.688 -554.688 -250.000 -820.312 -460.938 187.500 -843.750 -421.875 -31.250 -960.938 -195.312 70.312 -921.875 -320.312 234.375
-804.688 -554.688 -250.000 -820.312 -460.938 187.500 -843.750 -421.875 -31.250 -960.938 -195.312 70.312 -921.875 -320.312 234.375
-773.438 -460.938 -218.750 -796.875 -445.312 187.500 -835.938 -421.875 -23.438 -976.562 -187.500 101.562 -945.312 -296.875 289.062
-773.438 -460.938 -218.750 -796.875 -445.312 187.500 -835.938 -421.875 -23.438 -976.562 -187.500 101.562 -945.312 -296.875 289.062
-859.375 -367.188 -304.688 -781.250 -406.250 148.438 -843.750 -460.938 -31.250 -976.562 -179.688 31.250 -960.938 -218.750 140.625
-859.375 -367.188 -304.688 -781.250 -406.250 148.438 -843.750 -460.938 -31.250 -976.562 -179.688 31.250 -960.938 -218.750 140.625
-859.375 -312.500 -281.250 -843.750 -375.000 109.375 -867.188 -398.438 -78.125 -1007.812 -210.938 -78.125 -1023.438 -234.375 -23.438
-859.375 -312.500 -281.250 -843.750 -375.000 109.375 -867.188 -398.438 -78.125 -1007.812 -210.938 -78.125 -1023.438 -234.375 -23.438
-859.375 -312.500 -281.250 -843.750 -375.000 109.375 -867.188 -398.438 -78.125 -1007.812 -210.938 -78.125 -1023.438 -234.375 -23.438
-835.938 -312.500 -289.062 -859.375 -398.438 62.500 -882.812 -398.438 -140.625 -984.375 -171.875 -140.625 -1015.625 -226.562 -70.312
-835.938 -312.500 -289.062 -859.375 -398.438 62.500 -882.812 -398.438 -140.625 -984.375 -171.875 -140.625 -1015.625 -226.562 -70.312
-734.375 -515.625 -195.312 -843.750 -476.562 101.562 -843.750 -468.750 -140.625 -921.875 -226.562 -101.562 -890.625 -257.812 -39.062
-734.375 -515.625 -195.312 -843.750 -476.562 101.562 -843.750 -468.750 -140.625 -921.875 -226.562 -101.562 -890.625 -257.812 -39.062
-765.625 -554.688 -187.500 -835.938 -500.000 156.250 -851.562 -492.188 -39.062 -960.938 -367.188 -23.438 -906.250 -343.750 0.000
-765.625 -554.688 -187.500 -835.938 -500.000 156.250 -851.562 -492.188 -39.062 -960.938 -367.188 -23.438 -906.250 -343.750 0.000
-773.438 -601.562 -203.125 -851.562 -515.625 164.062 -859.375 -515.625 -15.625 -968.750 -343.750 -7.812 -914.062 -351.562 0.000
-773.438 -601.562 -203.125 -851.562 -515.625 164.062 -859.375 -515.625 -15.625 -968.750 -343.750 -7.812 -914.062 -351.562 0.000
-867.188 -601.562 -265.625 -867.188 -515.625 195.312 -875.000 -500.000 0.000 -968.750 -335.938 0.000 -945.312 -328.125 31.250
-867.188 -601.562 -265.625 -867.188 -515.625 195.312 -875.000 -500.000 0.000 -968.750 -335.938 0.000 -945.312 -328.125 31.250
-867.188 -601.562 -265.625 -867.188 -515.625 195.312 -875.000 -500.000 0.000 -968.750 -335.938 0.000 -945.312 -328.125 31.250
-828.125 -585.938 -226.562 -882.812 -492.188 164.062 -882.812 -484.375 -15.625 -984.375 -289.062 31.250 -968.750 -328.125 93.750
-828.125 -585.938 -226.562 -882.812 -492.188 164.062 -882.812 -484.375 -15.625 -984.375 -289.062 31.250 -968.750 -328.125 93.750
-843.750 -460.938 -234.375 -843.750 -421.875 140.625 -875.000 -429.688 7.812 -976.562 -257.812 39.062 -968.750 -273.438 101.562
-843.750 -460.938 -234.375 -843.750 -421.875 140.625 -875.000 -429.688 7.812 -976.562 -257.812 39.062 -968.750 -273.438 101.562
-875.000 -367.188 -265.625 -843.750 -398.438 78.125 -867.188 -414.062 -31.250 -976.562 -203.125 -15.625 -992.188 -250.000 70.312
-875.000 -367.188 -265.625 -843.750 -398.438 78.125 -867.188 -414.062 -31.250 -976.562 -203.125 -15.625 -992.188 -250.000 70.312
-890.625 -320.312 -265.625 -851.562 -390.625 85.938 -875.000 -414.062 -54.688 -960.938 -187.500 -15.625 -984.375 -226.562 70.312
-890.625 -320.312 -265.625 -851.562 -390.625 85.938 -875.000 -414.062 -54.688 -960.938 -187.500 -15.625 -984.375 -226.562 70.312
-890.625 -320.312 -265.625 -851.562 -390.625 85.938 -875.000 -414.062 -54.688 -960.938 -187.500 -15.625 -984.375 -226.562 70.312
-835.938 -414.062 -242.188 -851.562 -421.875 78.125 -875.000 -421.875 -93.750 -960.938 -226.562 -70.312 -960.938 -281.250 31.250
-835.938 -414.062 -242.188 -851.562 -421.875 78.125 -875.000 -421.875 -93.750 -960.938 -226.562 -70.312 -960.938 -281.250 31.250
-835.938 -398.438 -257.812 -851.562 -445.312 93.750 -859.375 -437.500 -93.750 -953.125 -250.000 -78.125 -953.125 -289.062 15.625
-835.938 -398.438 -257.812 -851.562 -445.312 93.750 -859.375 -437.500 -93.750 -953.125 -250.000 -78.125 -953.125 -289.062 15.625
-835.938 -476.562 -250.000 -851.562 -507.812 132.812 -859.375 -500.000 -70.312 -960.938 -312.500 -85.938 -929.688 -328.125 15.625
-835.938 -476.562 -250.000 -851.562 -507.812 132.812 -859.375 -500.000 -70.312 -960.938 -312.500 -85.938 -929.688 -328.125 15.625
-843.750 -468.750 -257.812 -851.562 -539.062 164.062 -867.188 -554.688 -70.312 -968.750 -328.125 -93.750 -953.125 -351.562 -31.250
-843.750 -468.750 -257.812 -851.562 -539.062 164.062 -867.188 -554.688 -70.312 -968.750 -328.125 -93.750 -953.125 -351.562 -31.250
-843.750 -468.750 -257.812 -851.562 -539.062 164.062 -867.188 -554.688 -70.312 -968.750 -328.125 -93.750 -953.125 -351.562 -31.250
-843.750 -531.250 -242.188 -843.750 -546.875 203.125 -859.375 -578.125 -39.062 -968.750 -343.750 -78.125 -945.312 -375.000 -46.875
-843.750 -531.250 -242.188 -843.750 -546.875 203.125 -859.375 -578.125 -39.062 -968.750 -343.750 -78.125 -945.312 -375.000 -46.875
-882.812 -554.688 -281.250 -835.938 -539.062 210.938 -859.375 -546.875 -7.812 -968.750 -328.125 -23.438 -937.500 -335.938 46.875
-882.812 -554.688 -281.250 -835.938 -539.062 210.938 -859.375 -546.875 -7.812 -968.750 -328.125 -23.438 -937.500 -335.938 46.875
-867.188 -554.688 -273.438 -843.750 -515.625 218.750 -859.375 -531.250 15.625 -968.750 -328.125 0.000 -937.500 -328.125 54.688
-867.188 -554.688 -273.438 -843.750 -515.625 218.750 -859.375 -531.250 15.625 -968.750 -328.125 0.000 -937.500 -328.125 54.688
-859.375 -500.000 -265.625 -835.938 -460.938 234.375 -867.188 -476.562 54.688 -984.375 -289.062 54.688 -984.375 -304.688 132.812
-859.375 -500.000 -265.625 -835.938 -460.938 234.375 -867.188 -476.562 54.688 -984.375 -289.062 54.688 -984.375 -304.688 132.812
-859.375 -500.000 -265.625 -835.938 -460.938 234.375 -867.188 -476.562 54.688 -984.375 -289.062 54.688 -984.375 -304.688 132.812
-851.562 -500.000 -265.625 -828.125 -445.312 210.938 -867.188 -460.938 62.500 -968.750 -273.438 46.875 -968.750 -281.250 140.625
-851.562 -500.000 -265.625 -828.125 -445.312 210.938 -867.188 -460.938 62.500 -968.750 -273.438 46.875 -968.750 -281.250 140.625
-859.375 -445.312 -281.250 -828.125 -429.688 179.688 -859.375 -429.688 46.875 -953.125 -234.375 62.500 -960.938 -273.438 156.250
-859.375 -445.312 -281.250 -828.125 -429.688 179.688 -859.375 -429.688 46.875 -953.125 -234.375 62.500 -960.938 -273.438 156.250
-835.938 -507.812 -226.562 -835.938 -468.750 218.750 -859.375 -492.188 39.062 -968.750 -296.875 23.438 -953.125 -296.875 93.750
-835.938 -507.812 -226.562 -835.938 -468.750 218.750 -859.375 -492.188 39.062 -968.750 -296.875 23.438 -953.125 -296.875 93.750
-828.125 -562.500 -250.000 -843.750 -484.375 226.562 -867.188 -507.812 23.438 -968.750 -312.500 -15.625 -921.875 -312.500 15.625
-828.125 -562.500 -250.000 -843.750 -484.375 226.562 -867.188 -507.812 23.438 -968.750 -312.500 -15.625 -921.875 -312.500 15.625
-828.125 -562.500 -250.000 -843.750 -484.375 226.562 -867.188 -507.812 23.438 -968.750 -312.500 -15.625 -921.875 -312.500 15.625
-820.312 -585.938 -242.188 -851.562 -492.188 234.375 -875.000 -531.250 23.438 -976.562 -304.688 -39.062 -945.312 -304.688 0.000
-820.312 -585.938 -242.188 -851.562 -492.188 234.375 -875.000 -531.250 23.438 -976.562 -304.688 -39.062 -945.312 -304.688 0.000
-820.312 -578.125 -250.000 -851.562 -500.000 226.562 -867.188 -515.625 15.625 -968.750 -296.875 -31.250 -953.125 -304.688 7.812
-820.312 -578.125 -250.000 -851.562 -500.000 226.562 -867.188 -515.625 15.625 -968.750 -296.875 -31.250 -953.125 -304.688 7.812
-804.688 -578.125 -242.188 -851.562 -484.375 210.938 -875.000 -500.000 7.812 -968.750 -289.062 -39.062 -945.312 -296.875 31.250
-804.688 -578.125 -242.188 -851.562 -484.375 210.938 -875.000 -500.000 7.812 -968.750 -289.062 -39.062 -945.312 -296.875 31.250
-835.938 -515.625 -250.000 -843.750 -445.312 203.125 -875.000 -468.750 15.625 -960.938 -265.625 0.000 -953.125 -273.438 78.125
-835.938 -515.625 -250.000 -843.750 -445.312 203.125 -875.000 -468.750 15.625 -960.938 -265.625 0.000 -953.125 -273.438 78.125
-835.938 -515.625 -250.000 -843.750 -445.312 203.125 -875.000 -468.750 15.625 -960.938 -265.625 0.000 -953.125 -273.438 78.125
-835.938 -468.750 -265.625 -835.938 -414.062 187.500 -867.188 -453.125 39.062 -976.562 -257.812 23.438 -960.938 -273.438 101.562
-835.938 -468.750 -265.625 -835.938 -414.062 187.500 -867.188 -453.125 39.062 -976.562 -257.812 23.438 -960.938 -273.438 101.562
-843.750 -460.938 -250.000 -828.125 -406.250 195.312 -867.188 -429.688 46.875 -968.750 -234.375 39.062 -968.750 -265.625 140.625
-843.750 -460.938 -250.000 -828.125 -406.250 195.312 -867.188 -429.688 46.875 -968.750 -234.375 39.062 -968.750 -265.625 140.625
-835.938 -484.375 -242.188 -828.125 -429.688 187.500 -867.188 -437.500 39.062 -953.125 -250.000 39.062 -953.125 -273.438 117.188
-835.938 -484.375 -242.188 -828.125 -429.688 187.500 -867.188 -437.500 39.062 -953.125 -250.000 39.062 -953.125 -273.438 117.188
-835.938 -476.562 -242.188 -820.312 -445.312 203.125 -859.375 -453.125 39.062 -960.938 -273.438 39.062 -953.125 -296.875 109.375
-835.938 -476.562 -242.188 -820.312 -445.312 203.125 -859.375 -453.125 39.062 -960.938 -273.438 39.062 -953.125 -296.875 109.375
-835.938 -476.562 -242.188 -820.312 -445.312 203.125 -859.375 -453.125 39.062 -960.938 -273.438 39.062 -953.125 -296.875 109.375
-828.125 -515.625 -226.562 -843.750 -484.375 179.688 -859.375 -492.188 0.000 -968.750 -289.062 -23.438 -953.125 -312.500 54.688
-828.125 -515.625 -226.562 -843.750 -484.375 179.688 -859.375 -492.188 0.000 -968.750 -289.062 -23.438 -953.125 -312.500 54.688
-812.500 -539.062 -226.562 -843.750 -500.000 187.500 -867.188 -507.812 -15.625 -984.375 -312.500 -46.875 -945.312 -320.312 15.625
-812.500 -539.062 -226.562 -843.750 -500.000 187.500 -867.188 -507.812 -15.625 -984.375 -312.500 -46.875 -945.312 -320.312 15.625
-742.188 -585.938 -179.688 -859.375 -507.812 171.875 -867.188 -523.438 -23.438 -984.375 -328.125 -46.875 -960.938 -359.375 23.438
-742.188 -585.938 -179.688 -859.375 -507.812 171.875 -867.188 -523.438 -23.438 -984.375 -328.125 -46.875 -960.938 -359.375 23.438
-742.188 -585.938 -179.688 -859.375 -507.812 171.875 -867.188 -523.438 -23.438 -984.375 -328.125 -46.875 -960.938 -359.375 23.438
-742.188 -585.938 -179.688 -859.375 -507.812 171.875 -867.188 -523.438 -23.438 -984.375 -328.125 -46.875 -960.938 -359.375 23.438
-742.188 -585.938 -179.688 -859.375 -507.812 171.875 -867.188 -523.438 -23.438 -984.375 -328.125 -46.875 -960.938 -359.375 23.438
-656.250 -617.188 -125.000 -898.438 -531.250 117.188 -898.438 -515.625 -93.750 -976.562 -312.500 -54.688 -1000.000 -382.812 78.125
-656.250 -617.188 -125.000 -898.438 -531.250 117.188 -898.438 -515.625 -93.750 -976.562 -312.500 -54.688 -1000.000 -382.812 78.125
-476.562 -648.438 15.625 -906.250 -554.688 101.562 -890.625 -546.875 -78.125 -984.375 -359.375 -7.812 -984.375 -437.500 117.188
-476.562 -648.438 15.625 -906.250 -554.688 101.562 -890.625 -546.875 -78.125 -984.375 -359.375 -7.812 -984.375 -437.500 117.188
-398.438 -750.000 70.312 -906.250 -570.312 117.188 -890.625 -578.125 -85.938 -1023.438 -390.625 -46.875 -1007.812 -476.562 117.188
-398.438 -750.000 70.312 -906.250 -570.312 117.188 -890.625 -578.125 -85.938 -1023.438 -390.625 -46.875 -1007.812 -476.562 117.188
-398.438 -750.000 70.312 -906.250 -570.312 117.188 -890.625 -578.125 -85.938 -1023.438 -390.625 -46.875 -1007.812 -476.562 117.188
-351.562 -664.062 85.938 -929.688 -632.812 164.062 -921.875 -640.625 -93.750 -1046.875 -460.938 -70.312 -1015.625 -539.062 54.688
-351.562 -664.062 85.938 -929.688 -632.812 164.062 -921.875 -640.625 -93.750 -1046.875 -460.938 -70.312 -1015.625 -539.062 54.688
-281.250 -367.188 -23.438 -851.562 -562.500 382.812 -875.000 -664.062 148.438 -1000.000 -617.188 179.688 -1054.688 -554.688 15.625
-281.250 -367.188 -23.438 -851.562 -562.500 382.812 -875.000 -664.062 148.438 -1000.000 -617.188 179.688 -1054.688 -554.688 15.625
-468.750 -226.562 -320.312 -1015.625 -242.188 445.312 -789.062 -585.938 398.438 -945.312 -726.562 304.688 -1031.250 -585.938 125.000
-468.750 -226.562 -320.312 -1015.625 -242.188 445.312 -789.062 -585.938 398.438 -945.312 -726.562 304.688 -1031.250 -585.938 125.000
-609.375 -257.812 -632.812 781.250 -2140.625 1218.750 -1492.188 -562.500 -171.875 -1382.812 476.562 -320.312 -1062.500 -617.188 234.375
-609.375 -257.812 -632.812 781.250 -2140.625 1218.750 -1492.188 -562.500 -171.875 -1382.812 476.562 -320.312 -1062.500 -617.188 234.375
-593.750 -23.438 -843.750 781.250 -1289.062 2656.250 -851.562 -2101.562 -835.938 -1070.312 1046.875 -789.062 -1054.688 -710.938 414.062
-593.750 -23.438 -843.750 781.250 -1289.062 2656.250 -851.562 -2101.562 -835.938 -1070.312 1046.875 -789.062 -1054.688 -710.938 414.062
-593.750 -23.438 -843.750 781.250 -1289.062 2656.250 -851.562 -2101.562 -835.938 -1070.312 1046.875 -789.062 -1054.688 -710.938 414.062
-687.500 -562.500 -1015.625 -1148.438 -203.125 -320.312 140.625 -1078.125 -554.688 -984.375 -203.125 -1031.250 -898.438 -406.250 78.125
-687.500 -562.500 -1015.625 -1148.438 -203.125 -320.312 140.625 -1078.125 -554.688 -984.375 -203.125 -1031.250 -898.438 -406.250 78.125
-539.062 -695.312 -984.375 -1070.312 -218.750 -289.062 320.312 -875.000 -460.938 -351.562 -289.062 -804.688 -851.562 -234.375 15.625
-539.062 -695.312 -984.375 -1070.312 -218.750 -289.062 320.312 -875.000 -460.938 -351.562 -289.062 -804.688 -851.562 -234.375 15.625
-726.562 -843.750 -1171.875 -960.938 -1242.188 -343.750 562.500 -695.312 421.875 335.938 -539.062 31.250 -382.812 -421.875 -390.625
-726.562 -843.750 -1171.875 -960.938 -1242.188 -343.750 562.500 -695.312 421.875 335.938 -539.062 31.250 -382.812 -421.875 -390.625
-726.562 -843.750 -1171.875 -960.938 -1242.188 -343.750 562.500 -695.312 421.875 335.938 -539.062 31.250 -382.812 -421.875 -390.625
-625.000 -554.688 -1062.500 -1085.938 -570.312 -445.312 -414.062 -101.562 1062.500 -414.062 -921.875 1054.688 -640.625 -62.500 343.750
-625.000 -554.688 -1062.500 -1085.938 -570.312 -445.312 -414.062 -101.562 1062.500 -414.062 -921.875 1054.688 -640.625 -62.500 343.750
-554.688 -578.125 -921.875 -976.562 -328.125 -226.562 -179.688 85.938 1218.750 -296.875 -500.000 1312.500 -375.000 226.562 945.312
-554.688 -578.125 -921.875 -976.562 -328.125 -226.562 -179.688 85.938 1218.750 -296.875 -500.000 1312.500 -375.000 226.562 945.312
-335.938 -593.750 -804.688 -656.250 -296.875 304.688 -804.688 171.875 835.938 -453.125 78.125 1195.312 -585.938 242.188 1250.000
-335.938 -593.750 -804.688 -656.250 -296.875 304.688 -804.688 171.875 835.938 -453.125 78.125 1195.312 -585.938 242.188 1250.000
-414.062 -539.062 -937.500 -656.250 -164.062 359.375 -656.250 117.188 789.062 -562.500 -39.062 968.750 -601.562 296.875 1164.062
-414.062 -539.062 -937.500 -656.250 -164.062 359.375 -656.250 117.188 789.062 -562.500 -39.062 968.750 -601.562 296.875 1164.062
-445.312 -289.062 -976.562 -742.188 -132.812 359.375 -437.500 -85.938 789.062 -632.812 -140.625 664.062 -687.500 257.812 867.188
-445.312 -289.062 -976.562 -742.188 -132.812 359.375 -437.500 -85.938 789.062 -632.812 -140.625 664.062 -687.500 257.812 867.188
-445.312 -289.062 -976.562 -742.188 -132.812 359.375 -437.500 -85.938 789.062 -632.812 -140.625 664.062 -687.500 257.812 867.188
-328.125 -562.500 -710.938 -773.438 -328.125 296.875 -492.188 -195.312 781.250 -554.688 -296.875 742.188 -835.938 -78.125 460.938
-328.125 -562.500 -710.938 -773.438 -328.125 296.875 -492.188 -195.312 781.250 -554.688 -296.875 742.188 -835.938 -78.125 460.938
-375.000 -750.000 -734.375 -757.812 -515.625 312.500 -625.000 -328.125 796.875 -507.812 -320.312 804.688 -820.312 -171.875 375.000
-375.000 -750.000 -734.375 -757.812 -515.625 312.500 -625.000 -328.125 796.875 -507.812 -320.312 804.688 -820.312 -171.875 375.000
-335.938 -828.125 -718.750 -757.812 -570.312 328.125 -476.562 -265.625 820.312 -546.875 -351.562 765.625 -796.875 -148.438 429.688
-335.938 -828.125 -718.750 -757.812 -570.312 328.125 -476.562 -265.625 820.312 -546.875 -351.562 765.625 -796.875 -148.438 429.688
-335.938 -726.562 -804.688 -859.375 -507.812 328.125 -437.500 -273.438 765.625 -585.938 -335.938 640.625 -734.375 -78.125 593.750
-335.938 -726.562 -804.688 -859.375 -507.812 328.125 -437.500 -273.438 765.625 -585.938 -335.938 640.625 -734.375 -78.125 593.750
-335.938 -726.562 -804.688 -859.375 -507.812 328.125 -437.500 -273.438 765.625 -585.938 -335.938 640.625 -734.375 -78.125 593.750
-320.312 -726.562 -796.875 -835.938 -437.500 328.125 -476.562 -250.000 781.250 -539.062 -320.312 687.500 -734.375 -93.750 593.750
-320.312 -726.562 -796.875 -835.938 -437.500 328.125 -476.562 -250.000 781.250 -539.062 -320.312 687.500 -734.375 -93.750 593.750
-335.938 -531.250 -812.500 -781.250 -320.312 375.000 -421.875 -171.875 867.188 -460.938 -335.938 820.312 -632.812 -93.750 718.750
-335.938 -531.250 -812.500 -781.250 -320.312 375.000 -421.875 -171.875 867.188 -460.938 -335.938 820.312 -632.812 -93.750 718.750
-320.312 -484.375 -796.875 -812.500 -273.438 335.938 -335.938 -78.125 906.250 -429.688 -281.250 875.000 -609.375 -7.812 812.500
-320.312 -484.375 -796.875 -812.500 -273.438 335.938 -335.938 -78.125 906.250 -429.688 -281.250 875.000 -609.375 -7.812 812.500
-335.938 -484.375 -796.875 -812.500 -273.438 343.750 -398.438 -46.875 890.625 -351.562 -218.750 945.312 -562.500 23.438 875.000
-335.938 -484.375 -796.875 -812.500 -273.438 343.750 -398.438 -46.875 890.625 -351.562 -218.750 945.312 -562.500 23.438 875.000
-335.938 -484.375 -796.875 -812.500 -273.438 343.750 -398.438 -46.875 890.625 -351.562 -218.750 945.312 -562.500 23.438 875.000
-242.188 -593.750 -671.875 -804.688 -242.188 335.938 -390.625 -7.812 929.688 -367.188 -250.000 992.188 -515.625 -54.688 929.688
-242.188 -593.750 -671.875 -804.688 -242.188 335.938 -390.625 -7.812 929.688 -367.188 -250.000 992.188 -515.625 -54.688 929.688
-226.562 -640.625 -632.812 -812.500 -234.375 328.125 -390.625 -62.500 945.312 -382.812 -289.062 960.938 -507.812 -54.688 960.938
-226.562 -640.625 -632.812 -812.500 -234.375 328.125 -390.625 -62.500 945.312 -382.812 -289.062 960.938 -507.812 -54.688 960.938
-304.688 -570.312 -789.062 -851.562 -367.188 335.938 -421.875 -132.812 890.625 -390.625 -312.500 914.062 -585.938 -93.750 843.750
-304.688 -570.312 -789.062 -851.562 -367.188 335.938 -421.875 -132.812 890.625 -390.625 -312.500 914.062 -585.938 -93.750 843.750
-265.625 -609.375 -789.062 -843.750 -375.000 343.750 -421.875 -125.000 875.000 -375.000 -312.500 890.625 -585.938 -85.938 820.312
-265.625 -609.375 -789.062 -843.750 -375.000 343.750 -421.875 -125.000 875.000 -375.000 -312.500 890.625 -585.938 -85.938 820.312
-265.625 -609.375 -789.062 -843.750 -375.000 343.750 -421.875 -125.000 875.000 -375.000 -312.500 890.625 -585.938 -85.938 820.312
-289.062 -757.812 -742.188 -843.750 -414.062 359.375 -437.500 -171.875 867.188 -421.875 -351.562 859.375 -585.938 -109.375 804.688
-289.062 -757.812 -742.188 -843.750 -414.062 359.375 -437.500 -171.875 867.188 -421.875 -351.562 859.375 -585.938 -109.375 804.688
-304.688 -679.688 -804.688 -820.312 -476.562 406.250 -421.875 -148.438 859.375 -398.438 -312.500 867.188 -593.750 -109.375 781.250
-304.688 -679.688 -804.688 -820.312 -476.562 406.250 -421.875 -148.438 859.375 -398.438 -312.500 867.188 -593.750 -109.375 781.250
-257.812 -687.500 -828.125 -796.875 -554.688 398.438 -468.750 -93.750 781.250 -382.812 -218.750 843.750 -601.562 -7.812 765.625
-257.812 -687.500 -828.125 -796.875 -554.688 398.438 -468.750 -93.750 781.250 -382.812 -218.750 843.750 -601.562 -7.812 765.625
-375.000 -773.438 -953.125 -820.312 -539.062 406.250 -460.938 -156.250 742.188 -367.188 -273.438 812.500 -515.625 -15.625 789.062
-375.000 -773.438 -953.125 -820.312 -539.062 406.250 -460.938 -156.250 742.188 -367.188 -273.438 812.500 -515.625 -15.625 789.062
-375.000 -773.438 -953.125 -820.312 -539.062 406.250 -460.938 -156.250 742.188 -367.188 -273.438 812.500 -515.625 -15.625 789.062
-429.688 -750.000 -1007.812 -882.812 -492.188 382.812 -429.688 -171.875 773.438 -335.938 -320.312 812.500 -492.188 -70.312 781.250
-429.688 -750.000 -1007.812 -882.812 -492.188 382.812 -429.688 -171.875 773.438 -335.938 -320.312 812.500 -492.188 -70.312 781.250
-398.438 -875.000 -1093.750 -1000.000 -328.125 273.438 -382.812 -210.938 820.312 -250.000 -281.250 835.938 -421.875 -46.875 828.125
-398.438 -875.000 -1093.750 -1000.000 -328.125 273.438 -382.812 -210.938 820.312 -250.000 -281.250 835.938 -421.875 -46.875 828.125
-289.062 -984.375 -1000.000 -1007.812 23.438 265.625 -359.375 -117.188 867.188 -187.500 -226.562 968.750 -320.312 46.875 1031.250
-289.062 -984.375 -1000.000 -1007.812 23.438 265.625 -359.375 -117.188 867.188 -187.500 -226.562 968.750 -320.312 46.875 1031.250
-460.938 -773.438 -1054.688 -742.188 62.500 500.000 -304.688 -101.562 968.750 -179.688 -179.688 1039.062 -343.750 62.500 1039.062
-460.938 -773.438 -1054.688 -742.188 62.500 500.000 -304.688 -101.562 968.750 -179.688 -179.688 1039.062 -343.750 62.500 1039.062
-460.938 -773.438 -1054.688 -742.188 62.500 500.000 -304.688 -101.562 968.750 -179.688 -179.688 1039.062 -343.750 62.500 1039.062
-273.438 -531.250 -828.125 -804.688 156.250 421.875 -210.938 140.625 968.750 -171.875 -101.562 1031.250 -429.688 179.688 968.750
-273.438 -531.250 -828.125 -804.688 156.250 421.875 -210.938 140.625 968.750 -171.875 -101.562 1031.250 -429.688 179.688 968.750
-390.625 -343.750 -679.688 -617.188 70.312 562.500 -210.938 -31.250 906.250 -93.750 -125.000 968.750 -304.688 93.750 984.375
-390.625 -343.750 -679.688 -617.188 70.312 562.500 -210.938 -31.250 906.250 -93.750 -125.000 968.750 -304.688 93.750 984.375
-492.188 46.875 -703.125 -414.062 -117.188 593.750 -85.938 -7.812 835.938 -54.688 -93.750 921.875 -281.250 109.375 968.750
-492.188 46.875 -703.125 -414.062 -117.188 593.750 -85.938 -7.812 835.938 -54.688 -93.750 921.875 -281.250 109.375 968.750
-492.188 46.875 -703.125 -414.062 -117.188 593.750 -85.938 -7.812 835.938 -54.688 -93.750 921.875 -281.250 109.375 968.750
-414.062 140.625 -734.375 -437.500 -156.250 500.000 -62.500 54.688 835.938 39.062 -39.062 929.688 -250.000 101.562 945.312
-414.062 140.625 -734.375 -437.500 -156.250 500.000 -62.500 54.688 835.938 39.062 -39.062 929.688 -250.000 101.562 945.312
-562.500 -117.188 -632.812 -117.188 62.500 445.312 62.500 46.875 804.688 117.188 -15.625 914.062 -109.375 257.812 1015.625
-562.500 -117.188 -632.812 -117.188 62.500 445.312 62.500 46.875 804.688 117.188 -15.625 914.062 -109.375 257.812 1015.625
-609.375 -187.500 -460.938 164.062 46.875 789.062 -101.562 -132.812 960.938 54.688 -93.750 984.375 -78.125 70.312 1062.500
-609.375 -187.500 -460.938 164.062 46.875 789.062 -101.562 -132.812 960.938 54.688 -93.750 984.375 -78.125 70.312 1062.500
-476.562 171.875 -179.688 -125.000 -1195.312 1179.688 -203.125 -406.250 1085.938 -164.062 -312.500 1125.000 -320.312 0.000 1007.812
-476.562 171.875 -179.688 -125.000 -1195.312 1179.688 -203.125 -406.250 1085.938 -164.062 -312.500 1125.000 -320.312 0.000 1007.812
-398.438 312.500 117.188 257.812 -1382.812 1179.688 -70.312 -679.688 1210.938 -125.000 -468.750 1148.438 -335.938 -140.625 1000.000
-398.438 312.500 117.188 257.812 -1382.812 1179.688 -70.312 -679.688 1210.938 -125.000 -468.750 1148.438 -335.938 -140.625 1000.000
-398.438 312.500 117.188 257.812 -1382.812 1179.688 -70.312 -679.688 1210.938 -125.000 -468.750 1148.438 -335.938 -140.625 1000.000
-765.625 203.125 -804.688 -851.562 -476.562 726.562 -453.125 -429.688 1109.375 -273.438 -265.625 1195.312 -398.438 -46.875 1148.438
-765.625 203.125 -804.688 -851.562 -476.562 726.562 -453.125 -429.688 1109.375 -273.438 -265.625 1195.312 -398.438 -46.875 1148.438
-804.688 375.000 -820.312 -828.125 -617.188 601.562 -492.188 -351.562 890.625 -296.875 -195.312 1070.312 -476.562 -39.062 1109.375
-804.688 375.000 -820.312 -828.125 -617.188 601.562 -492.188 -351.562 890.625 -296.875 -195.312 1070.312 -476.562 -39.062 1109.375
-750.000 62.500 -710.938 -781.250 -484.375 585.938 -460.938 -507.812 726.562 -343.750 -320.312 820.312 -445.312 -109.375 781.250
-750.000 62.500 -710.938 -781.250 -484.375 585.938 -460.938 -507.812 726.562 -343.750 -320.312 820.312 -445.312 -109.375 781.250
-679.688 164.062 -679.688 -468.750 -578.125 710.938 -328.125 -437.500 781.250 -296.875 -320.312 843.750 -492.188 -164.062 765.625
-679.688 164.062 -679.688 -468.750 -578.125 710.938 -328.125 -437.500 781.250 -296.875 -320.312 843.750 -492.188 -164.062 765.625
-679.688 164.062 -679.688 -468.750 -578.125 710.938 -328.125 -437.500 781.250 -296.875 -320.312 843.750 -492.188 -164.062 765.625
-648.438 85.938 -664.062 -242.188 -500.000 804.688 -125.000 -382.812 906.250 -39.062 -203.125 992.188 -250.000 15.625 1000.000
-648.438 85.938 -664.062 -242.188 -500.000 804.688 -125.000 -382.812 906.250 -39.062 -203.125 992.188 -250.000 15.625 1000.000
-664.062 85.938 -648.438 -187.500 -437.500 812.500 -46.875 -289.062 945.312 39.062 -156.250 1023.438 -179.688 46.875 1046.875
-664.062 85.938 -648.438 -187.500 -437.500 812.500 -46.875 -289.062 945.312 39.062 -156.250 1023.438 -179.688 46.875 1046.875
-664.062 -31.250 -585.938 -164.062 -398.438 796.875 -39.062 -273.438 929.688 78.125 -140.625 1015.625 -140.625 70.312 1054.688
-664.062 -31.250 -585.938 -164.062 -398.438 796.875 -39.062 -273.438 929.688 78.125 -140.625 1015.625 -140.625 70.312 1054.688
-664.062 -31.250 -585.938 -164.062 -398.438 796.875 -39.062 -273.438 929.688 78.125 -140.625 1015.625 -140.625 70.312 1054.688
-703.125 15.625 -585.938 -93.750 -367.188 867.188 31.250 -242.188 984.375 140.625 -117.188 1039.062 -117.188 93.750 1062.500
-703.125 15.625 -585.938 -93.750 -367.188 867.188 31.250 -242.188 984.375 140.625 -117.188 1039.062 -117.188 93.750 1062.500
-687.500 31.250 -617.188 -109.375 -367.188 859.375 39.062 -265.625 976.562 125.000 -140.625 1031.250 -101.562 85.938 1070.312
-687.500 31.250 -617.188 -109.375 -367.188 859.375 39.062 -265.625 976.562 125.000 -140.625 1031.250 -101.562 85.938 1070.312
-679.688 70.312 -625.000 -156.250 -398.438 835.938 31.250 -281.250 960.938 125.000 -148.438 1039.062 -117.188 78.125 1062.500
-679.688 70.312 -625.000 -156.250 -398.438 835.938 31.250 -281.250 960.938 125.000 -148.438 1039.062 -117.188 78.125 1062.500
-742.188 125.000 -648.438 -304.688 -476.562 726.562 -70.312 -351.562 851.562 31.250 -210.938 960.938 -171.875 15.625 1031.250
-742.188 125.000 -648.438 -304.688 -476.562 726.562 -70.312 -351.562 851.562 31.250 -210.938 960.938 -171.875 15.625 1031.250
-710.938 132.812 -664.062 -343.750 -507.812 757.812 -132.812 -406.250 875.000 -31.250 -273.438 960.938 -226.562 -70.312 968.750
-710.938 132.812 -664.062 -343.750 -507.812 757.812 -132.812 -406.250 875.000 -31.250 -273.438 960.938 -226.562 -70.312 968.750
-710.938 132.812 -664.062 -343.750 -507.812 757.812 -132.812 -406.250 875.000 -31.250 -273.438 960.938 -226.562 -70.312 968.750
-750.000 429.688 -757.812 -367.188 -578.125 773.438 -164.062 -500.000 875.000 -125.000 -328.125 960.938 -320.312 -117.188 937.500
-750.000 429.688 -757.812 -367.188 -578.125 773.438 -164.062 -500.000 875.000 -125.000 -328.125 960.938 -320.312 -117.188 937.500
-750.000 445.312 -765.625 -429.688 -640.625 757.812 -203.125 -515.625 851.562 -132.812 -343.750 937.500 -312.500 -132.812 937.500
-750.000 445.312 -765.625 -429.688 -640.625 757.812 -203.125 -515.625 851.562 -132.812 -343.750 937.500 -312.500 -132.812 937.500
-726.562 539.062 -773.438 -398.438 -648.438 789.062 -171.875 -562.500 859.375 -93.750 -359.375 945.312 -281.250 -156.250 929.688
-726.562 539.062 -773.438 -398.438 -648.438 789.062 -171.875 -562.500 859.375 -93.750 -359.375 945.312 -281.250 -156.250 929.688
-882.812 609.375 -992.188 -320.312 -515.625 875.000 85.938 -484.375 937.500 -15.625 -210.938 992.188 -281.250 -15.625 1007.812
-882.812 609.375 -992.188 -320.312 -515.625 875.000 85.938 -484.375 937.500 -15.625 -210.938 992.188 -281.250 -15.625 1007.812
-882.812 609.375 -992.188 -320.312 -515.625 875.000 85.938 -484.375 937.500 -15.625 -210.938 992.188 -281.250 -15.625 1007.812
-656.250 648.438 -710.938 -156.250 -648.438 734.375 -23.438 -375.000 968.750 39.062 -171.875 1007.812 -242.188 39.062 1023.438
-656.250 648.438 -710.938 -156.250 -648.438 734.375 -23.438 -375.000 968.750 39.062 -171.875 1007.812 -242.188 39.062 1023.438
-226.562 39.062 -343.750 -320.312 -585.938 742.188 7.812 -468.750 976.562 62.500 -273.438 1062.500 -179.688 7.812 1117.188
-226.562 39.062 -343.750 -320.312 -585.938 742.188 7.812 -468.750 976.562 62.500 -273.438 1062.500 -179.688 7.812 1117.188
-109.375 257.812 -31.250 -351.562 -562.500 781.250 -93.750 -398.438 890.625 -46.875 -281.250 1015.625 -234.375 15.625 1062.500
-109.375 257.812 -31.250 -351.562 -562.500 781.250 -93.750 -398.438 890.625 -46.875 -281.250 1015.625 -234.375 15.625 1062.500
-46.875 343.750 -78.125 -234.375 -539.062 734.375 -195.312 -406.250 875.000 -109.375 -257.812 960.938 -289.062 -39.062 1007.812
-46.875 343.750 -78.125 -234.375 -539.062 734.375 -195.312 -406.250 875.000 -109.375 -257.812 960.938 -289.062 -39.062 1007.812
-46.875 343.750 -78.125 -234.375 -539.062 734.375 -195.312 -406.250 875.000 -109.375 -257.812 960.938 -289.062 -39.062 1007.812
-382.812 70.312 -789.062 -54.688 -789.062 875.000 23.438 -359.375 890.625 0.000 -250.000 960.938 -257.812 54.688 929.688
-382.812 70.312 -789.062 -54.688 -789.062 875.000 23.438 -359.375 890.625 0.000 -250.000 960.938 -257.812 54.688 929.688
-632.812 -203.125 -742.188 -62.500 -578.125 812.500 -54.688 -500.000 937.500 70.312 -265.625 976.562 -85.938 7.812 1007.812
-632.812 -203.125 -742.188 -62.500 -578.125 812.500 -54.688 -500.000 937.500 70.312 -265.625 976.562 -85.938 7.812 1007.812
-632.812 -203.125 -742.188 -62.500 -578.125 812.500 -54.688 -500.000 937.500 70.312 -265.625 976.562 -85.938 7.812 1007.812
-1195.312 -453.125 -1875.000 187.500 -875.000 1070.312 179.688 -281.250 945.312 54.688 -78.125 937.500 -273.438 93.750 867.188
-1171.875 523.438 -1460.938 -710.938 -125.000 468.750 -23.438 -656.250 898.438 140.625 -437.500 914.062 23.438 -117.188 968.750
-1171.875 523.438 -1460.938 -710.938 -125.000 468.750 -23.438 -656.250 898.438 140.625 -437.500 914.062 23.438 -117.188 968.750
-1171.875 523.438 -1460.938 -710.938 -125.000 468.750 -23.438 -656.250 898.438 140.625 -437.500 914.062 23.438 -117.188 968.750
-437.500 -85.938 -1156.250 -929.688 -492.188 398.438 -281.250 -414.062 718.750 93.750 -406.250 929.688 195.312 -164.062 1109.375
-437.500 -85.938 -1156.250 -929.688 -492.188 398.438 -281.250 -414.062 718.750 93.750 -406.250 929.688 195.312 -164.062 1109.375
-718.750 -1234.375 -742.188 -257.812 -734.375 710.938 -250.000 -429.688 804.688 -375.000 -429.688 945.312 -789.062 -273.438 820.312
-718.750 -1234.375 -742.188 -257.812 -734.375 710.938 -250.000 -429.688 804.688 -375.000 -429.688 945.312 -789.062 -273.438 820.312
-570.312 -429.688 -726.562 -62.500 -664.062 828.125 -70.312 -484.375 859.375 -304.688 -375.000 875.000 -914.062 -257.812 632.812
-570.312 -429.688 -726.562 -62.500 -664.062 828.125 -70.312 -484.375 859.375 -304.688 -375.000 875.000 -914.062 -257.812 632.812
-1000.000 -531.250 -1109.375 -328.125 -609.375 765.625 -132.812 -500.000 820.312 -171.875 -320.312 875.000 -398.438 -54.688 835.938
-1000.000 -531.250 -1109.375 -328.125 -609.375 765.625 -132.812 -500.000 820.312 -171.875 -320.312 875.000 -398.438 -54.688 835.938
-1000.000 -531.250 -1109.375 -328.125 -609.375 765.625 -132.812 -500.000 820.312 -171.875 -320.312 875.000 -398.438 -54.688 835.938
-992.188 -179.688 -992.188 -429.688 -421.875 640.625 -242.188 -343.750 804.688 -62.500 -234.375 968.750 -179.688 46.875 1039.062
-992.188 -179.688 -992.188 -429.688 -421.875 640.625 -242.188 -343.750 804.688 -62.500 -234.375 968.750 -179.688 46.875 1039.062
-945.312 85.938 -820.312 -359.375 -367.188 710.938 -117.188 -320.312 921.875 70.312 -203.125 1039.062 -62.500 78.125 1093.750
-945.312 85.938 -820.312 -359.375 -367.188 710.938 -117.188 -320.312 921.875 70.312 -203.125 1039.062 -62.500 78.125 1093.750
-679.688 117.188 -476.562 -281.250 -468.750 750.000 -78.125 -375.000 921.875 140.625 -265.625 1046.875 -7.812 31.250 1140.625
-679.688 117.188 -476.562 -281.250 -468.750 750.000 -78.125 -375.000 921.875 140.625 -265.625 1046.875 -7.812 31.250 1140.625
-195.312 289.062 -39.062 -226.562 -726.562 867.188 132.812 -539.062 1007.812 242.188 -312.500 1078.125 0.000 7.812 1140.625
-195.312 289.062 -39.062 -226.562 -726.562 867.188 132.812 -539.062 1007.812 242.188 -312.500 1078.125 0.000 7.812 1140.625
-195.312 289.062 -39.062 -226.562 -726.562 867.188 132.812 -539.062 1007.812 242.188 -312.500 1078.125 0.000 7.812 1140.625
-773.438 -312.500 -546.875 -156.250 -492.188 789.062 -31.250 -351.562 890.625 -15.625 -156.250 976.562 -312.500 93.750 1015.625
-773.438 -312.500 -546.875 -156.250 -492.188 789.062 -31.250 -351.562 890.625 -15.625 -156.250 976.562 -312.500 93.750 1015.625
-656.250 -304.688 -398.438 -140.625 -562.500 828.125 46.875 -398.438 914.062 46.875 -226.562 984.375 -289.062 7.812 976.562
-656.250 -304.688 -398.438 -140.625 -562.500 828.125 46.875 -398.438 914.062 46.875 -226.562 984.375 -289.062 7.812 976.562
-570.312 -710.938 -312.500 -140.625 -570.312 804.688 -7.812 -375.000 906.250 85.938 -195.312 992.188 -156.250 7.812 1023.438
-570.312 -710.938 -312.500 -140.625 -570.312 804.688 -7.812 -375.000 906.250 85.938 -195.312 992.188 -156.250 7.812 1023.438
-812.500 -320.312 -546.875 -132.812 -523.438 804.688 39.062 -359.375 929.688 70.312 -218.750 992.188 -226.562 23.438 984.375
-812.500 -320.312 -546.875 -132.812 -523.438 804.688 39.062 -359.375 929.688 70.312 -218.750 992.188 -226.562 23.438 984.375
-812.500 -320.312 -546.875 -132.812 -523.438 804.688 39.062 -359.375 929.688 70.312 -218.750 992.188 -226.562 23.438 984.375
-796.875 -281.250 -484.375 -195.312 -515.625 773.438 0.000 -367.188 906.250 117.188 -187.500 984.375 -109.375 54.688 1039.062
-796.875 -281.250 -484.375 -195.312 -515.625 773.438 0.000 -367.188 906.250 117.188 -187.500 984.375 -109.375 54.688 1039.062
-835.938 -226.562 -507.812 -234.375 -578.125 781.250 -62.500 -406.250 882.812 31.250 -210.938 953.125 -179.688 15.625 976.562
-835.938 -226.562 -507.812 -234.375 -578.125 781.250 -62.500 -406.250 882.812 31.250 -210.938 953.125 -179.688 15.625 976.562
-820.312 -265.625 -484.375 -296.875 -609.375 789.062 -101.562 -460.938 906.250 -23.438 -250.000 960.938 -210.938 0.000 960.938
-820.312 -265.625 -484.375 -296.875 -609.375 789.062 -101.562 -460.938 906.250 -23.438 -250.000 960.938 -210.938 0.000 960.938
-804.688 -351.562 -460.938 -250.000 -718.750 828.125 -93.750 -523.438 898.438 -31.250 -265.625 937.500 -250.000 -23.438 945.312
-804.688 -351.562 -460.938 -250.000 -718.750 828.125 -93.750 -523.438 898.438 -31.250 -265.625 937.500 -250.000 -23.438 945.312
-804.688 -351.562 -460.938 -250.000 -718.750 828.125 -93.750 -523.438 898.438 -31.250 -265.625 937.500 -250.000 -23.438 945.312
-765.625 -429.688 -437.500 -226.562 -734.375 851.562 -101.562 -539.062 914.062 -46.875 -304.688 945.312 -265.625 -54.688 929.688
-765.625 -429.688 -437.500 -226.562 -734.375 851.562 -101.562 -539.062 914.062 -46.875 -304.688 945.312 -265.625 -54.688 929.688
-695.312 -734.375 -382.812 -156.250 -648.438 882.812 218.750 -539.062 945.312 85.938 -382.812 1031.250 -281.250 -54.688 937.500
-695.312 -734.375 -382.812 -156.250 -648.438 882.812 218.750 -539.062 945.312 85.938 -382.812 1031.250 -281.250 -54.688 937.500
-1046.875 109.375 -312.500 -445.312 -554.688 890.625 -78.125 -1250.000 921.875 -218.750 -320.312 734.375 -351.562 54.688 1007.812
-1046.875 109.375 -312.500 -445.312 -554.688 890.625 -78.125 -1250.000 921.875 -218.750 -320.312 734.375 -351.562 54.688 1007.812
-437.500 -390.625 -54.688 31.250 -718.750 796.875 -78.125 -523.438 1062.500 -125.000 -335.938 882.812 -421.875 -187.500 734.375
-437.500 -390.625 -54.688 31.250 -718.750 796.875 -78.125 -523.438 1062.500 -125.000 -335.938 882.812 -421.875 -187.500 734.375
-437.500 -390.625 -54.688 31.250 -718.750 796.875 -78.125 -523.438 1062.500 -125.000 -335.938 882.812 -421.875 -187.500 734.375
-554.688 367.188 -335.938 -859.375 304.688 390.625 -328.125 -546.875 843.750 -351.562 -328.125 796.875 -492.188 -54.688 921.875
-554.688 367.188 -335.938 -859.375 304.688 390.625 -328.125 -546.875 843.750 -351.562 -328.125 796.875 -492.188 -54.688 921.875
-671.875 85.938 -406.250 -406.250 -39.062 382.812 -320.312 -500.000 773.438 -281.250 -351.562 828.125 -531.250 -117.188 851.562
-671.875 85.938 -406.250 -406.250 -39.062 382.812 -320.312 -500.000 773.438 -281.250 -351.562 828.125 -531.250 -117.188 851.562
-656.250 -320.312 -484.375 -632.812 -421.875 195.312 -429.688 -437.500 718.750 -218.750 -320.312 820.312 -375.000 -140.625 859.375
-656.250 -320.312 -484.375 -632.812 -421.875 195.312 -429.688 -437.500 718.750 -218.750 -320.312 820.312 -375.000 -140.625 859.375
-929.688 -890.625 -765.625 -1070.312 -398.438 -156.250 -578.125 23.438 460.938 -218.750 -296.875 835.938 -226.562 -148.438 929.688
-929.688 -890.625 -765.625 -1070.312 -398.438 -156.250 -578.125 23.438 460.938 -218.750 -296.875 835.938 -226.562 -148.438 929.688
-929.688 -890.625 -765.625 -1070.312 -398.438 -156.250 -578.125 23.438 460.938 -218.750 -296.875 835.938 -226.562 -148.438 929.688
-804.688 -1046.875 -875.000 -1046.875 -273.438 101.562 -617.188 -7.812 492.188 -179.688 -210.938 812.500 -203.125 -109.375 945.312
-804.688 -1046.875 -875.000 -1046.875 -273.438 101.562 -617.188 -7.812 492.188 -179.688 -210.938 812.500 -203.125 -109.375 945.312
-828.125 -984.375 -992.188 -1156.250 -109.375 -171.875 -429.688 7.812 609.375 -132.812 -179.688 851.562 -242.188 -15.625 945.312
-828.125 -984.375 -992.188 -1156.250 -109.375 -171.875 -429.688 7.812 609.375 -132.812 -179.688 851.562 -242.188 -15.625 945.312
-1070.312 -312.500 -1273.438 -460.938 -78.125 617.188 46.875 140.625 1000.000 78.125 -179.688 1023.438 -164.062 62.500 976.562
-1070.312 -312.500 -1273.438 -460.938 -78.125 617.188 46.875 140.625 1000.000 78.125 -179.688 1023.438 -164.062 62.500 976.562
-750.000 757.812 -671.875 -367.188 -359.375 929.688 195.312 39.062 1156.250 218.750 -203.125 1093.750 -31.250 148.438 1062.500
-750.000 757.812 -671.875 -367.188 -359.375 929.688 195.312 39.062 1156.250 218.750 -203.125 1093.750 -31.250 148.438 1062.500
-750.000 757.812 -671.875 -367.188 -359.375 929.688 195.312 39.062 1156.250 218.750 -203.125 1093.750 -31.250 148.438 1062.500
-640.625 1281.250 -273.438 -335.938 -398.438 1000.000 265.625 -46.875 1242.188 343.750 -265.625 1156.250 132.812 -15.625 1093.750
-640.625 1281.250 -273.438 -335.938 -398.438 1000.000 265.625 -46.875 1242.188 343.750 -265.625 1156.250 132.812 -15.625 1093.750
-843.750 718.750 -382.812 -484.375 -210.938 781.250 7.812 -62.500 1195.312 242.188 -242.188 1187.500 320.312 15.625 1242.188
-843.750 718.750 -382.812 -484.375 -210.938 781.250 7.812 -62.500 1195.312 242.188 -242.188 1187.500 320.312 15.625 1242.188
-906.250 -195.312 -546.875 -929.688 250.000 195.312 -164.062 -31.250 1015.625 140.625 -187.500 1156.250 281.250 70.312 1328.125
-906.250 -195.312 -546.875 -929.688 250.000 195.312 -164.062 -31.250 1015.625 140.625 -187.500 1156.250 281.250 70.312 1328.125
-906.250 -195.312 -546.875 -929.688 250.000 195.312 -164.062 -31.250 1015.625 140.625 -187.500 1156.250 281.250 70.312 1328.125
-734.375 -335.938 -312.500 -835.938 -281.250 250.000 -250.000 39.062 945.312 31.250 -156.250 1125.000 46.875 62.500 1226.562
-734.375 -335.938 -312.500 -835.938 -281.250 250.000 -250.000 39.062 945.312 31.250 -156.250 1125.000 46.875 62.500 1226.562
-687.500 -62.500 -187.500 -640.625 -554.688 414.062 -273.438 -7.812 953.125 -7.812 -125.000 1085.938 -15.625 70.312 1164.062
-687.500 -62.500 -187.500 -640.625 -554.688 414.062 -273.438 -7.812 953.125 -7.812 -125.000 1085.938 -15.625 70.312 1164.062
-859.375 -39.062 -296.875 -460.938 -726.562 703.125 -320.312 -320.312 921.875 -187.500 -351.562 890.625 -265.625 -179.688 882.812
-859.375 -39.062 -296.875 -460.938 -726.562 703.125 -320.312 -320.312 921.875 -187.500 -351.562 890.625 -265.625 -179.688 882.812
-875.000 -15.625 -304.688 -460.938 -640.625 765.625 -320.312 -359.375 929.688 -187.500 -390.625 898.438 -304.688 -203.125 859.375
-875.000 -15.625 -304.688 -460.938 -640.625 765.625 -320.312 -359.375 929.688 -187.500 -390.625 898.438 -304.688 -203.125 859.375
-882.812 31.250 -312.500 -460.938 -851.562 718.750 -343.750 -382.812 906.250 -226.562 -367.188 882.812 -335.938 -179.688 898.438
-882.812 31.250 -312.500 -460.938 -851.562 718.750 -343.750 -382.812 906.250 -226.562 -367.188 882.812 -335.938 -179.688 898.438
-882.812 31.250 -312.500 -460.938 -851.562 718.750 -343.750 -382.812 906.250 -226.562 -367.188 882.812 -335.938 -179.688 898.438
-953.125 7.812 -382.812 -367.188 -906.250 765.625 -359.375 -398.438 875.000 -210.938 -421.875 898.438 -320.312 -210.938 906.250
-953.125 7.812 -382.812 -367.188 -906.250 765.625 -359.375 -398.438 875.000 -210.938 -421.875 898.438 -320.312 -210.938 906.250
-968.750 -39.062 -406.250 -398.438 -789.062 726.562 -335.938 -398.438 890.625 -187.500 -414.062 906.250 -312.500 -218.750 914.062
-968.750 -39.062 -406.250 -398.438 -789.062 726.562 -335.938 -398.438 890.625 -187.500 -414.062 906.250 -312.500 -218.750 914.062
-906.250 7.812 -367.188 -445.312 -750.000 648.438 -390.625 -351.562 835.938 -164.062 -382.812 898.438 -257.812 -171.875 960.938
-906.250 7.812 -367.188 -445.312 -750.000 648.438 -390.625 -351.562 835.938 -164.062 -382.812 898.438 -257.812 -171.875 960.938
-898.438 -7.812 -367.188 -445.312 -734.375 617.188 -390.625 -320.312 828.125 -179.688 -359.375 906.250 -250.000 -132.812 968.750
-898.438 -7.812 -367.188 -445.312 -734.375 617.188 -390.625 -320.312 828.125 -179.688 -359.375 906.250 -250.000 -132.812 968.750
-898.438 -7.812 -367.188 -445.312 -734.375 617.188 -390.625 -320.312 828.125 -179.688 -359.375 906.250 -250.000 -132.812 968.750
-867.188 0.000 -359.375 -515.625 -648.438 546.875 -359.375 -281.250 835.938 -164.062 -328.125 921.875 -234.375 -109.375 992.188
-867.188 0.000 -359.375 -515.625 -648.438 546.875 -359.375 -281.250 835.938 -164.062 -328.125 921.875 -234.375 -109.375 992.188
-929.688 39.062 -421.875 -585.938 -500.000 523.438 -335.938 -257.812 906.250 -101.562 -335.938 992.188 -148.438 -109.375 1039.062
-929.688 39.062 -421.875 -585.938 -500.000 523.438 -335.938 -257.812 906.250 -101.562 -335.938 992.188 -148.438 -109.375 1039.062
-914.062 62.500 -406.250 -570.312 -585.938 531.250 -351.562 -257.812 882.812 -101.562 -328.125 992.188 -125.000 -101.562 1078.125
-914.062 62.500 -406.250 -570.312 -585.938 531.250 -351.562 -257.812 882.812 -101.562 -328.125 992.188 -125.000 -101.562 1078.125
-914.062 62.500 -406.250 -570.312 -585.938 531.250 -351.562 -257.812 882.812 -101.562 -328.125 992.188 -125.000 -101.562 1078.125
-906.250 54.688 -390.625 -570.312 -609.375 523.438 -359.375 -257.812 875.000 -109.375 -328.125 976.562 -148.438 -101.562 1070.312
-906.250 54.688 -390.625 -570.312 -609.375 523.438 -359.375 -257.812 875.000 -109.375 -328.125 976.562 -148.438 -101.562 1070.312
-953.125 -39.062 -445.312 -593.750 -578.125 484.375 -343.750 -367.188 875.000 -117.188 -414.062 937.500 -171.875 -171.875 984.375
-953.125 -39.062 -445.312 -593.750 -578.125 484.375 -343.750 -367.188 875.000 -117.188 -414.062 937.500 -171.875 -171.875 984.375
-921.875 15.625 -429.688 -570.312 -664.062 515.625 -335.938 -351.562 859.375 -117.188 -406.250 937.500 -171.875 -187.500 992.188
-921.875 15.625 -429.688 -570.312 -664.062 515.625 -335.938 -351.562 859.375 -117.188 -406.250 937.500 -171.875 -187.500 992.188
-921.875 -31.250 -414.062 -531.250 -710.938 546.875 -351.562 -359.375 851.562 -156.250 -398.438 929.688 -234.375 -195.312 984.375
-921.875 -31.250 -414.062 -531.250 -710.938 546.875 -351.562 -359.375 851.562 -156.250 -398.438 929.688 -234.375 -195.312 984.375
-921.875 -31.250 -414.062 -531.250 -710.938 546.875 -351.562 -359.375 851.562 -156.250 -398.438 929.688 -234.375 -195.312 984.375
-898.438 -70.312 -398.438 -515.625 -718.750 554.688 -359.375 -367.188 843.750 -195.312 -406.250 921.875 -312.500 -203.125 945.312
-898.438 -70.312 -398.438 -515.625 -718.750 554.688 -359.375 -367.188 843.750 -195.312 -406.250 921.875 -312.500 -203.125 945.312
-898.438 -70.312 -398.438 -515.625 -718.750 554.688 -359.375 -367.188 843.750 -195.312 -406.250 921.875 -312.500 -203.125 945.312
-937.500 -140.625 -468.750 -539.062 -601.562 523.438 -375.000 -414.062 843.750 -210.938 -421.875 890.625 -265.625 -164.062 937.500
-960.938 -23.438 -453.125 -554.688 -601.562 531.250 -320.312 -406.250 859.375 -148.438 -406.250 906.250 -234.375 -195.312 945.312
-960.938 -23.438 -453.125 -554.688 -601.562 531.250 -320.312 -406.250 859.375 -148.438 -406.250 906.250 -234.375 -195.312 945.312
-937.500 46.875 -414.062 -546.875 -695.312 546.875 -343.750 -375.000 843.750 -148.438 -390.625 921.875 -226.562 -171.875 960.938
-937.500 46.875 -414.062 -546.875 -695.312 546.875 -343.750 -375.000 843.750 -148.438 -390.625 921.875 -226.562 -171.875 960.938
-937.500 46.875 -414.062 -546.875 -695.312 546.875 -343.750 -375.000 843.750 -148.438 -390.625 921.875 -226.562 -171.875 960.938
-898.438 -15.625 -367.188 -523.438 -632.812 546.875 -351.562 -304.688 851.562 -156.250 -335.938 937.500 -234.375 -132.812 992.188
-898.438 -15.625 -367.188 -523.438 -632.812 546.875 -351.562 -304.688 851.562 -156.250 -335.938 937.500 -234.375 -132.812 992.188
-898.438 -23.438 -367.188 -515.625 -632.812 554.688 -359.375 -304.688 851.562 -164.062 -328.125 945.312 -250.000 -117.188 992.188
-898.438 -23.438 -367.188 -515.625 -632.812 554.688 -359.375 -304.688 851.562 -164.062 -328.125 945.312 -250.000 -117.188 992.188
-890.625 -23.438 -367.188 -500.000 -585.938 554.688 -328.125 -289.062 843.750 -117.188 -312.500 929.688 -171.875 -93.750 1007.812
-890.625 -23.438 -367.188 -500.000 -585.938 554.688 -328.125 -289.062 843.750 -117.188 -312.500 929.688 -171.875 -93.750 1007.812
-906.250 -62.500 -390.625 -492.188 -554.688 554.688 -312.500 -289.062 851.562 -78.125 -304.688 953.125 -125.000 -85.938 1031.250
-906.250 -62.500 -390.625 -492.188 -554.688 554.688 -312.500 -289.062 851.562 -78.125 -304.688 953.125 -125.000 -85.938 1031.250
-914.062 -85.938 -375.000 -468.750 -593.750 585.938 -289.062 -289.062 882.812 -78.125 -312.500 953.125 -148.438 -101.562 1015.625
-914.062 -85.938 -375.000 -468.750 -593.750 585.938 -289.062 -289.062 882.812 -78.125 -312.500 953.125 -148.438 -101.562 1015.625
-914.062 -85.938 -375.000 -468.750 -593.750 585.938 -289.062 -289.062 882.812 -78.125 -312.500 953.125 -148.438 -101.562 1015.625
-898.438 -117.188 -359.375 -453.125 -617.188 601.562 -312.500 -289.062 875.000 -125.000 -320.312 937.500 -226.562 -117.188 984.375
-898.438 -117.188 -359.375 -453.125 -617.188 601.562 -312.500 -289.062 875.000 -125.000 -320.312 937.500 -226.562 -117.188 984.375
-898.438 -164.062 -359.375 -460.938 -601.562 593.750 -312.500 -304.688 867.188 -132.812 -335.938 937.500 -234.375 -117.188 976.562
-898.438 -164.062 -359.375 -460.938 -601.562 593.750 -312.500 -304.688 867.188 -132.812 -335.938 937.500 -234.375 -117.188 976.562
-937.500 -226.562 -390.625 -492.188 -523.438 570.312 -320.312 -343.750 882.812 -140.625 -351.562 929.688 -242.188 -132.812 968.750
-937.500 -226.562 -390.625 -492.188 -523.438 570.312 -320.312 -343.750 882.812 -140.625 -351.562 929.688 -242.188 -132.812 968.750
-921.875 -117.188 -367.188 -476.562 -664.062 601.562 -320.312 -343.750 867.188 -140.625 -343.750 929.688 -242.188 -132.812 968.750
-921.875 -117.188 -367.188 -476.562 -664.062 601.562 -320.312 -343.750 867.188 -140.625 -343.750 929.688 -242.188 -132.812 968.750
-921.875 -117.188 -367.188 -476.562 -664.062 601.562 -320.312 -343.750 867.188 -140.625 -343.750 929.688 -242.188 -132.812 968.750
-929.688 -117.188 -375.000 -484.375 -640.625 609.375 -312.500 -343.750 851.562 -148.438 -343.750 921.875 -250.000 -125.000 968.750
-929.688 -117.188 -375.000 -484.375 -640.625 609.375 -312.500 -343.750 851.562 -148.438 -343.750 921.875 -250.000 -125.000 968.750
-929.688 -85.938 -398.438 -500.000 -601.562 578.125 -312.500 -351.562 843.750 -156.250 -335.938 921.875 -187.500 -93.750 976.562
-929.688 -85.938 -398.438 -500.000 -601.562 578.125 -312.500 -351.562 843.750 -156.250 -335.938 921.875 -187.500 -93.750 976.562
-968.750 -31.250 -437.500 -531.250 -546.875 562.500 -296.875 -351.562 882.812 -70.312 -328.125 960.938 -148.438 -109.375 1000.000
-968.750 -31.250 -437.500 -531.250 -546.875 562.500 -296.875 -351.562 882.812 -70.312 -328.125 960.938 -148.438 -109.375 1000.000
-929.688 -15.625 -382.812 -523.438 -617.188 593.750 -312.500 -312.500 890.625 -85.938 -312.500 976.562 -125.000 -93.750 1046.875
-929.688 -15.625 -382.812 -523.438 -617.188 593.750 -312.500 -312.500 890.625 -85.938 -312.500 976.562 -125.000 -93.750 1046.875
-929.688 -15.625 -382.812 -523.438 -617.188 593.750 -312.500 -312.500 890.625 -85.938 -312.500 976.562 -125.000 -93.750 1046.875
-921.875 -39.062 -367.188 -523.438 -609.375 578.125 -320.312 -296.875 875.000 -93.750 -296.875 976.562 -164.062 -93.750 1046.875
-921.875 -39.062 -367.188 -523.438 -609.375 578.125 -320.312 -296.875 875.000 -93.750 -296.875 976.562 -164.062 -93.750 1046.875
-890.625 -70.312 -343.750 -507.812 -593.750 578.125 -343.750 -296.875 859.375 -140.625 -312.500 960.938 -210.938 -101.562 1007.812
-890.625 -70.312 -343.750 -507.812 -593.750 578.125 -343.750 -296.875 859.375 -140.625 -312.500 960.938 -210.938 -101.562 1007.812
-906.250 -54.688 -367.188 -484.375 -578.125 570.312 -296.875 -304.688 859.375 -93.750 -304.688 945.312 -156.250 -93.750 1000.000
-906.250 -54.688 -367.188 -484.375 -578.125 570.312 -296.875 -304.688 859.375 -93.750 -304.688 945.312 -156.250 -93.750 1000.000
-906.250 -54.688 -367.188 -484.375 -578.125 570.312 -296.875 -304.688 859.375 -93.750 -304.688 945.312 -156.250 -93.750 1000.000
-898.438 -70.312 -359.375 -476.562 -593.750 570.312 -296.875 -304.688 867.188 -78.125 -312.500 960.938 -132.812 -93.750 1023.438
