-585.938 0.000 -804.688 -312.500 -656.250 679.688 -226.562 -515.625 812.500 54.688 -445.312 906.250 148.438 -218.750 992.188
-585.938 -23.438 -804.688 -320.312 -648.438 679.688 -242.188 -515.625 804.688 39.062 -445.312 906.250 156.250 -210.938 984.375
-585.938 -23.438 -804.688 -320.312 -648.438 679.688 -242.188 -515.625 804.688 39.062 -445.312 906.250 156.250 -210.938 984.375
-578.125 -62.500 -781.250 -335.938 -648.438 671.875 -250.000 -523.438 804.688 31.250 -453.125 898.438 156.250 -218.750 984.375
-578.125 -62.500 -781.250 -335.938 -648.438 671.875 -250.000 -523.438 804.688 31.250 -453.125 898.438 156.250 -218.750 984.375
-585.938 0.000 -789.062 -335.938 -632.812 664.062 -250.000 -507.812 804.688 46.875 -445.312 906.250 171.875 -218.750 984.375
-585.938 0.000 -789.062 -335.938 -632.812 664.062 -250.000 -507.812 804.688 46.875 -445.312 906.250 171.875 -218.750 984.375
-585.938 70.312 -796.875 -343.750 -632.812 664.062 -257.812 -507.812 804.688 46.875 -445.312 914.062 179.688 -210.938 984.375
-585.938 70.312 -796.875 -343.750 -632.812 664.062 -257.812 -507.812 804.688 46.875 -445.312 914.062 179.688 -210.938 984.375
-585.938 70.312 -796.875 -343.750 -632.812 664.062 -257.812 -507.812 804.688 46.875 -445.312 914.062 179.688 -210.938 984.375
-593.750 109.375 -804.688 -343.750 -632.812 671.875 -250.000 -500.000 804.688 62.500 -437.500 914.062 179.688 -210.938 992.188
-593.750 109.375 -804.688 -343.750 -632.812 671.875 -250.000 -500.000 804.688 62.500 -437.500 914.062 179.688 -210.938 992.188
-562.500 304.688 -757.812 -367.188 -648.438 679.688 -273.438 -523.438 820.312 54.688 -468.750 921.875 171.875 -250.000 1000.000
-562.500 304.688 -757.812 -367.188 -648.438 679.688 -273.438 -523.438 820.312 54.688 -468.750 921.875 171.875 -250.000 1000.000
-554.688 359.375 -757.812 -367.188 -671.875 687.500 -273.438 -539.062 828.125 31.250 -484.375 929.688 171.875 -250.000 1000.000
-554.688 359.375 -757.812 -367.188 -671.875 687.500 -273.438 -539.062 828.125 31.250 -484.375 929.688 171.875 -250.000 1000.000
-515.625 179.688 -765.625 -351.562 -703.125 710.938 -250.000 -546.875 859.375 109.375 -460.938 984.375 218.750 -226.562 1046.875
-515.625 179.688 -765.625 -351.562 -703.125 710.938 -250.000 -546.875 859.375 109.375 -460.938 984.375 218.750 -226.562 1046.875
-515.625 179.688 -765.625 -351.562 -703.125 710.938 -250.000 -546.875 859.375 109.375 -460.938 984.375 218.750 -226.562 1046.875
-515.625 179.688 -765.625 -351.562 -703.125 710.938 -250.000 -546.875 859.375 109.375 -460.938 984.375 218.750 -226.562 1046.875
-515.625 179.688 -765.625 -351.562 -703.125 710.938 -250.000 -546.875 859.375 109.375 -460.938 984.375 218.750 -226.562 1046.875
-515.625 179.688 -765.625 -351.562 -703.125 710.938 -250.000 -546.875 859.375 109.375 -460.938 984.375 218.750 -226.562 1046.875
-539.062 15.625 -718.750 -445.312 -640.625 617.188 -351.562 -546.875 750.000 -62.500 -460.938 882.812 117.188 -250.000 976.562
-484.375 39.062 -656.250 -445.312 -578.125 617.188 -343.750 -523.438 734.375 -78.125 -468.750 859.375 70.312 -234.375 945.312
-484.375 39.062 -656.250 -445.312 -578.125 617.188 -343.750 -523.438 734.375 -78.125 -468.750 859.375 70.312 -234.375 945.312
-476.562 78.125 -625.000 -421.875 -578.125 617.188 -335.938 -500.000 742.188 -70.312 -437.500 867.188 54.688 -203.125 960.938
-476.562 78.125 -625.000 -421.875 -578.125 617.188 -335.938 -500.000 742.188 -70.312 -437.500 867.188 54.688 -203.125 960.938
-476.562 78.125 -625.000 -421.875 -578.125 617.188 -335.938 -500.000 742.188 -70.312 -437.500 867.188 54.688 -203.125 960.938
-429.688 148.438 -609.375 -367.188 -531.250 632.812 -289.062 -460.938 789.062 -23.438 -390.625 898.438 62.500 -164.062 984.375
-429.688 148.438 -609.375 -367.188 -531.250 632.812 -289.062 -460.938 789.062 -23.438 -390.625 898.438 62.500 -164.062 984.375
-437.500 390.625 -710.938 -335.938 -601.562 789.062 -265.625 -375.000 906.250 85.938 -398.438 1046.875 187.500 -187.500 1062.500
-437.500 390.625 -710.938 -335.938 -601.562 789.062 -265.625 -375.000 906.250 85.938 -398.438 1046.875 187.500 -187.500 1062.500
-429.688 328.125 -750.000 -304.688 -601.562 750.000 -242.188 -421.875 914.062 109.375 -304.688 1078.125 273.438 -93.750 1203.125
-429.688 328.125 -750.000 -304.688 -601.562 750.000 -242.188 -421.875 914.062 109.375 -304.688 1078.125 273.438 -93.750 1203.125
-429.688 328.125 -750.000 -304.688 -601.562 750.000 -242.188 -421.875 914.062 109.375 -304.688 1078.125 273.438 -93.750 1203.125
-429.688 328.125 -750.000 -304.688 -601.562 750.000 -242.188 -421.875 914.062 109.375 -304.688 1078.125 273.438 -93.750 1203.125
-429.688 328.125 -750.000 -304.688 -601.562 750.000 -242.188 -421.875 914.062 109.375 -304.688 1078.125 273.438 -93.750 1203.125
-398.438 203.125 -875.000 -304.688 -484.375 765.625 -171.875 -414.062 1000.000 171.875 -398.438 1078.125 273.438 -93.750 1101.562
-398.438 203.125 -875.000 -304.688 -484.375 765.625 -171.875 -414.062 1000.000 171.875 -398.438 1078.125 273.438 -93.750 1101.562
-382.812 140.625 -937.500 -359.375 -460.938 671.875 -265.625 -398.438 921.875 132.812 -382.812 1054.688 234.375 -101.562 1109.375
-382.812 140.625 -937.500 -359.375 -460.938 671.875 -265.625 -398.438 921.875 132.812 -382.812 1054.688 234.375 -101.562 1109.375
-578.125 46.875 -1390.625 -484.375 -335.938 468.750 -375.000 -382.812 554.688 -257.812 -132.812 703.125 -187.500 -31.250 851.562
-578.125 46.875 -1390.625 -484.375 -335.938 468.750 -375.000 -382.812 554.688 -257.812 -132.812 703.125 -187.500 -31.250 851.562
-578.125 46.875 -1390.625 -484.375 -335.938 468.750 -375.000 -382.812 554.688 -257.812 -132.812 703.125 -187.500 -31.250 851.562
-578.125 46.875 -1390.625 -484.375 -335.938 468.750 -375.000 -382.812 554.688 -257.812 -132.812 703.125 -187.500 -31.250 851.562
-578.125 46.875 -1390.625 -484.375 -335.938 468.750 -375.000 -382.812 554.688 -257.812 -132.812 703.125 -187.500 -31.250 851.562
-406.250 -93.750 -1320.312 -453.125 -398.438 546.875 -367.188 -500.000 578.125 -375.000 -320.312 609.375 -390.625 70.312 742.188
-406.250 -93.750 -1320.312 -453.125 -398.438 546.875 -367.188 -500.000 578.125 -375.000 -320.312 609.375 -390.625 70.312 742.188
-312.500 -820.312 -1250.000 -578.125 -492.188 437.500 -570.312 -507.812 421.875 -429.688 -304.688 648.438 -320.312 -234.375 703.125
-312.500 -820.312 -1250.000 -578.125 -492.188 437.500 -570.312 -507.812 421.875 -429.688 -304.688 648.438 -320.312 -234.375 703.125
-492.188 -835.938 -1312.500 -546.875 -554.688 351.562 -578.125 -476.562 375.000 -351.562 -382.812 640.625 -179.688 -328.125 757.812
-492.188 -835.938 -1312.500 -546.875 -554.688 351.562 -578.125 -476.562 375.000 -351.562 -382.812 640.625 -179.688 -328.125 757.812
-687.500 -421.875 -1296.875 -453.125 -695.312 335.938 -375.000 -453.125 390.625 -257.812 -382.812 609.375 -171.875 -281.250 742.188
-687.500 -187.500 -1281.250 -351.562 -710.938 460.938 -265.625 -531.250 492.188 -257.812 -335.938 617.188 -296.875 -210.938 718.750
-687.500 -187.500 -1281.250 -351.562 -710.938 460.938 -265.625 -531.250 492.188 -257.812 -335.938 617.188 -296.875 -210.938 718.750
-656.250 -421.875 -953.125 -390.625 -687.500 476.562 -125.000 -500.000 695.312 273.438 -414.062 875.000 218.750 70.312 1054.688
-656.250 -421.875 -953.125 -390.625 -687.500 476.562 -125.000 -500.000 695.312 273.438 -414.062 875.000 218.750 70.312 1054.688
-656.250 -421.875 -953.125 -390.625 -687.500 476.562 -125.000 -500.000 695.312 273.438 -414.062 875.000 218.750 70.312 1054.688
-656.250 -421.875 -953.125 -390.625 -687.500 476.562 -125.000 -500.000 695.312 273.438 -414.062 875.000 218.750 70.312 1054.688
-531.250 -453.125 -804.688 -421.875 -640.625 492.188 -218.750 -500.000 718.750 78.125 -335.938 960.938 109.375 -218.750 1187.500
-531.250 -453.125 -804.688 -421.875 -640.625 492.188 -218.750 -500.000 718.750 78.125 -335.938 960.938 109.375 -218.750 1187.500
-328.125 -429.688 -382.812 -429.688 -617.188 601.562 -312.500 -476.562 906.250 85.938 -554.688 1156.250 171.875 -320.312 1218.750
-328.125 -429.688 -382.812 -429.688 -617.188 601.562 -312.500 -476.562 906.250 85.938 -554.688 1156.250 171.875 -320.312 1218.750
-328.125 -429.688 -382.812 -429.688 -617.188 601.562 -312.500 -476.562 906.250 85.938 -554.688 1156.250 171.875 -320.312 1218.750
-171.875 -492.188 -117.188 -445.312 -640.625 640.625 -328.125 -531.250 929.688 54.688 -500.000 1179.688 140.625 -265.625 1242.188
-171.875 -492.188 -117.188 -445.312 -640.625 640.625 -328.125 -531.250 929.688 54.688 -500.000 1179.688 140.625 -265.625 1242.188
-750.000 62.500 -484.375 -562.500 -640.625 625.000 -414.062 -585.938 820.312 -46.875 -453.125 1023.438 62.500 -265.625 1101.562
-750.000 62.500 -484.375 -562.500 -640.625 625.000 -414.062 -585.938 820.312 -46.875 -453.125 1023.438 62.500 -265.625 1101.562
-875.000 93.750 -593.750 -515.625 -632.812 640.625 -398.438 -562.500 820.312 -15.625 -484.375 1007.812 164.062 -242.188 1039.062
-875.000 93.750 -593.750 -515.625 -632.812 640.625 -398.438 -562.500 820.312 -15.625 -484.375 1007.812 164.062 -242.188 1039.062
-687.500 62.500 -351.562 -500.000 -710.938 632.812 -234.375 -648.438 890.625 218.750 -601.562 1015.625 242.188 -351.562 1023.438
-687.500 62.500 -351.562 -500.000 -710.938 632.812 -234.375 -648.438 890.625 218.750 -601.562 1015.625 242.188 -351.562 1023.438
-687.500 62.500 -351.562 -500.000 -710.938 632.812 -234.375 -648.438 890.625 218.750 -601.562 1015.625 242.188 -351.562 1023.438
-703.125 39.062 -390.625 -421.875 -781.250 625.000 -179.688 -664.062 835.938 273.438 -523.438 976.562 382.812 -304.688 1046.875
-703.125 39.062 -390.625 -421.875 -781.250 625.000 -179.688 -664.062 835.938 273.438 -523.438 976.562 382.812 -304.688 1046.875
-851.562 -93.750 -617.188 -210.938 -757.812 648.438 -78.125 -593.750 820.312 242.188 -468.750 906.250 250.000 -273.438 976.562
-851.562 -93.750 -617.188 -210.938 -757.812 648.438 -78.125 -593.750 820.312 242.188 -468.750 906.250 250.000 -273.438 976.562
-851.562 -93.750 -617.188 -210.938 -757.812 648.438 -78.125 -593.750 820.312 242.188 -468.750 906.250 250.000 -273.438 976.562
-851.562 -93.750 -617.188 -210.938 -757.812 648.438 -78.125 -593.750 820.312 242.188 -468.750 906.250 250.000 -273.438 976.562
-796.875 -156.250 -570.312 -179.688 -804.688 687.500 -78.125 -617.188 796.875 187.500 -445.312 882.812 156.250 -257.812 945.312
-796.875 -156.250 -570.312 -179.688 -804.688 687.500 -78.125 -617.188 796.875 187.500 -445.312 882.812 156.250 -257.812 945.312
-796.875 -156.250 -570.312 -179.688 -804.688 687.500 -78.125 -617.188 796.875 187.500 -445.312 882.812 156.250 -257.812 945.312
-804.688 -117.188 -585.938 -187.500 -773.438 679.688 -101.562 -593.750 804.688 171.875 -437.500 890.625 164.062 -250.000 953.125
-804.688 -117.188 -585.938 -187.500 -773.438 679.688 -101.562 -593.750 804.688 171.875 -437.500 890.625 164.062 -250.000 953.125
-781.250 -70.312 -554.688 -234.375 -742.188 671.875 -117.188 -585.938 804.688 179.688 -429.688 898.438 203.125 -242.188 960.938
-781.250 -70.312 -554.688 -234.375 -742.188 671.875 -117.188 -585.938 804.688 179.688 -429.688 898.438 203.125 -242.188 960.938
-796.875 -7.812 -554.688 -273.438 -687.500 640.625 -156.250 -539.062 804.688 195.312 -390.625 929.688 265.625 -195.312 992.188
-796.875 -7.812 -554.688 -273.438 -687.500 640.625 -156.250 -539.062 804.688 195.312 -390.625 929.688 265.625 -195.312 992.188
-796.875 -7.812 -554.688 -273.438 -687.500 640.625 -156.250 -539.062 804.688 195.312 -390.625 929.688 265.625 -195.312 992.188
-812.500 39.062 -554.688 -312.500 -679.688 632.812 -171.875 -531.250 812.500 210.938 -382.812 945.312 304.688 -179.688 1023.438
-812.500 39.062 -554.688 -312.500 -679.688 632.812 -171.875 -531.250 812.500 210.938 -382.812 945.312 304.688 -179.688 1023.438
-835.938 31.250 -554.688 -335.938 -703.125 648.438 -195.312 -562.500 820.312 179.688 -414.062 937.500 257.812 -210.938 1015.625
-835.938 31.250 -554.688 -335.938 -703.125 648.438 -195.312 -562.500 820.312 179.688 -414.062 937.500 257.812 -210.938 1015.625
-835.938 31.250 -554.688 -335.938 -703.125 648.438 -195.312 -562.500 820.312 179.688 -414.062 937.500 257.812 -210.938 1015.625
-835.938 31.250 -554.688 -335.938 -703.125 648.438 -195.312 -562.500 820.312 179.688 -414.062 937.500 257.812 -210.938 1015.625
-828.125 7.812 -562.500 -304.688 -718.750 648.438 -171.875 -585.938 820.312 179.688 -421.875 937.500 234.375 -218.750 1000.000
-828.125 7.812 -562.500 -304.688 -718.750 648.438 -171.875 -585.938 820.312 179.688 -421.875 937.500 234.375 -218.750 1000.000
-828.125 -23.438 -585.938 -273.438 -750.000 640.625 -140.625 -593.750 804.688 187.500 -429.688 921.875 226.562 -226.562 1000.000
-828.125 -23.438 -585.938 -273.438 -750.000 640.625 -140.625 -593.750 804.688 187.500 -429.688 921.875 226.562 -226.562 1000.000
-828.125 -23.438 -585.938 -273.438 -750.000 640.625 -140.625 -593.750 804.688 187.500 -429.688 921.875 226.562 -226.562 1000.000
-820.312 -62.500 -585.938 -250.000 -765.625 648.438 -125.000 -601.562 796.875 148.438 -437.500 906.250 148.438 -234.375 984.375
-820.312 -62.500 -585.938 -250.000 -765.625 648.438 -125.000 -601.562 796.875 148.438 -437.500 906.250 148.438 -234.375 984.375
-820.312 -23.438 -593.750 -265.625 -750.000 640.625 -140.625 -601.562 812.500 171.875 -437.500 929.688 203.125 -234.375 992.188
-820.312 -23.438 -593.750 -265.625 -750.000 640.625 -140.625 -601.562 812.500 171.875 -437.500 929.688 203.125 -234.375 992.188
-820.312 -23.438 -593.750 -265.625 -750.000 640.625 -140.625 -601.562 812.500 171.875 -437.500 929.688 203.125 -234.375 992.188
-820.312 -23.438 -593.750 -265.625 -750.000 640.625 -140.625 -601.562 812.500 171.875 -437.500 929.688 203.125 -234.375 992.188
-828.125 15.625 -570.312 -296.875 -734.375 601.562 -171.875 -585.938 781.250 156.250 -429.688 906.250 210.938 -226.562 992.188
-828.125 15.625 -570.312 -296.875 -734.375 601.562 -171.875 -585.938 781.250 156.250 -429.688 906.250 210.938 -226.562 992.188
-828.125 15.625 -570.312 -296.875 -734.375 601.562 -171.875 -585.938 781.250 156.250 -429.688 906.250 210.938 -226.562 992.188
-820.312 7.812 -570.312 -312.500 -718.750 601.562 -171.875 -585.938 773.438 148.438 -421.875 898.438 210.938 -226.562 976.562
-820.312 7.812 -570.312 -312.500 -718.750 601.562 -171.875 -585.938 773.438 148.438 -421.875 898.438 210.938 -226.562 976.562
-804.688 15.625 -554.688 -312.500 -695.312 585.938 -187.500 -562.500 765.625 132.812 -406.250 898.438 210.938 -210.938 984.375
-804.688 15.625 -554.688 -312.500 -695.312 585.938 -187.500 -562.500 765.625 132.812 -406.250 898.438 210.938 -210.938 984.375
-804.688 15.625 -546.875 -312.500 -679.688 593.750 -187.500 -546.875 750.000 125.000 -398.438 898.438 195.312 -195.312 984.375
-804.688 15.625 -546.875 -312.500 -679.688 593.750 -187.500 -546.875 750.000 125.000 -398.438 898.438 195.312 -195.312 984.375
-796.875 62.500 -554.688 -320.312 -648.438 578.125 -203.125 -531.250 757.812 117.188 -382.812 914.062 179.688 -187.500 976.562
-796.875 62.500 -554.688 -320.312 -648.438 578.125 -203.125 -531.250 757.812 117.188 -382.812 914.062 179.688 -187.500 976.562
-796.875 62.500 -554.688 -320.312 -648.438 578.125 -203.125 -531.250 757.812 117.188 -382.812 914.062 179.688 -187.500 976.562
-796.875 62.500 -554.688 -320.312 -648.438 578.125 -203.125 -531.250 757.812 117.188 -382.812 914.062 179.688 -187.500 976.562
-796.875 62.500 -554.688 -320.312 -648.438 578.125 -203.125 -531.250 757.812 117.188 -382.812 914.062 179.688 -187.500 976.562
-820.312 23.438 -546.875 -312.500 -671.875 585.938 -195.312 -539.062 773.438 132.812 -382.812 921.875 203.125 -179.688 1000.000
-820.312 23.438 -546.875 -312.500 -671.875 585.938 -195.312 -539.062 773.438 132.812 -382.812 921.875 203.125 -179.688 1000.000
-820.312 7.812 -562.500 -304.688 -679.688 593.750 -187.500 -539.062 773.438 140.625 -390.625 921.875 203.125 -179.688 1000.000
-820.312 7.812 -562.500 -304.688 -679.688 593.750 -187.500 -539.062 773.438 140.625 -390.625 921.875 203.125 -179.688 1000.000
-828.125 -23.438 -578.125 -281.250 -703.125 625.000 -156.250 -554.688 796.875 164.062 -390.625 937.500 203.125 -195.312 1007.812
-828.125 -23.438 -578.125 -281.250 -703.125 625.000 -156.250 -554.688 796.875 164.062 -390.625 937.500 203.125 -195.312 1007.812
-828.125 -23.438 -578.125 -281.250 -703.125 625.000 -156.250 -554.688 796.875 164.062 -390.625 937.500 203.125 -195.312 1007.812
-812.500 -46.875 -578.125 -281.250 -726.562 625.000 -156.250 -578.125 796.875 140.625 -406.250 921.875 179.688 -203.125 984.375
-812.500 -46.875 -578.125 -281.250 -726.562 625.000 -156.250 -578.125 796.875 140.625 -406.250 921.875 179.688 -203.125 984.375
-789.062 -78.125 -593.750 -234.375 -773.438 656.250 -93.750 -593.750 835.938 171.875 -406.250 929.688 179.688 -234.375 984.375
-789.062 -78.125 -593.750 -234.375 -773.438 656.250 -93.750 -593.750 835.938 171.875 -406.250 929.688 179.688 -234.375 984.375
-718.750 -132.812 -539.062 -359.375 -812.500 539.062 -195.312 -593.750 718.750 23.438 -460.938 921.875 78.125 -335.938 953.125
-718.750 -132.812 -539.062 -359.375 -812.500 539.062 -195.312 -593.750 718.750 23.438 -460.938 921.875 78.125 -335.938 953.125
-718.750 -132.812 -539.062 -359.375 -812.500 539.062 -195.312 -593.750 718.750 23.438 -460.938 921.875 78.125 -335.938 953.125
-718.750 -132.812 -539.062 -359.375 -812.500 539.062 -195.312 -593.750 718.750 23.438 -460.938 921.875 78.125 -335.938 953.125
-718.750 -132.812 -539.062 -359.375 -812.500 539.062 -195.312 -593.750 718.750 23.438 -460.938 921.875 78.125 -335.938 953.125
-742.188 -132.812 -437.500 -335.938 -812.500 656.250 -148.438 -656.250 859.375 148.438 -445.312 968.750 179.688 -179.688 1015.625
-742.188 -132.812 -437.500 -335.938 -812.500 656.250 -148.438 -656.250 859.375 148.438 -445.312 968.750 179.688 -179.688 1015.625
-632.812 -117.188 -359.375 -250.000 -929.688 781.250 -179.688 -656.250 960.938 -7.812 -414.062 1140.625 226.562 -218.750 1210.938
-632.812 -117.188 -359.375 -250.000 -929.688 781.250 -179.688 -656.250 960.938 -7.812 -414.062 1140.625 226.562 -218.750 1210.938
-625.000 117.188 -390.625 -210.938 -1148.438 828.125 -156.250 -484.375 1015.625 -93.750 -343.750 1031.250 210.938 -109.375 1156.250
-625.000 117.188 -390.625 -210.938 -1148.438 828.125 -156.250 -484.375 1015.625 -93.750 -343.750 1031.250 210.938 -109.375 1156.250
-703.125 179.688 -203.125 -398.438 -664.062 492.188 -210.938 -476.562 851.562 -328.125 -359.375 953.125 -109.375 -218.750 1007.812
-703.125 179.688 -203.125 -398.438 -664.062 492.188 -210.938 -476.562 851.562 -328.125 -359.375 953.125 -109.375 -218.750 1007.812
-703.125 179.688 -203.125 -398.438 -664.062 492.188 -210.938 -476.562 851.562 -328.125 -359.375 953.125 -109.375 -218.750 1007.812
-703.125 179.688 -203.125 -398.438 -664.062 492.188 -210.938 -476.562 851.562 -328.125 -359.375 953.125 -109.375 -218.750 1007.812
-703.125 179.688 -203.125 -398.438 -664.062 492.188 -210.938 -476.562 851.562 -328.125 -359.375 953.125 -109.375 -218.750 1007.812
-765.625 304.688 -695.312 -820.312 -406.250 46.875 -351.562 -617.188 406.250 -54.688 -179.688 828.125 -23.438 -296.875 1062.500
-765.625 304.688 -695.312 -820.312 -406.250 46.875 -351.562 -617.188 406.250 -54.688 -179.688 828.125 -23.438 -296.875 1062.500
-867.188 46.875 -796.875 -945.312 -398.438 -62.500 -812.500 -117.188 460.938 -234.375 -429.688 1070.312 -31.250 -148.438 1093.750
-867.188 46.875 -796.875 -945.312 -398.438 -62.500 -812.500 -117.188 460.938 -234.375 -429.688 1070.312 -31.250 -148.438 1093.750
-812.500 0.000 -851.562 -812.500 -562.500 242.188 -500.000 -468.750 531.250 -242.188 -78.125 968.750 23.438 -210.938 1054.688
-812.500 0.000 -851.562 -812.500 -562.500 242.188 -500.000 -468.750 531.250 -242.188 -78.125 968.750 23.438 -210.938 1054.688
-812.500 0.000 -851.562 -812.500 -562.500 242.188 -500.000 -468.750 531.250 -242.188 -78.125 968.750 23.438 -210.938 1054.688
-843.750 -109.375 -929.688 -632.812 -460.938 281.250 -617.188 -460.938 476.562 -281.250 -242.188 921.875 -148.438 -234.375 921.875
-843.750 -109.375 -929.688 -632.812 -460.938 281.250 -617.188 -460.938 476.562 -281.250 -242.188 921.875 -148.438 -234.375 921.875
-726.562 -62.500 -789.062 -507.812 -820.312 273.438 -562.500 -343.750 414.062 -148.438 0.000 898.438 -562.500 -437.500 492.188
-726.562 -62.500 -789.062 -507.812 -820.312 273.438 -562.500 -343.750 414.062 -148.438 0.000 898.438 -562.500 -437.500 492.188
-664.062 -257.812 -632.812 -968.750 -671.875 31.250 -804.688 -687.500 125.000 -640.625 -23.438 632.812 -156.250 -54.688 945.312
-664.062 -257.812 -632.812 -968.750 -671.875 31.250 -804.688 -687.500 125.000 -640.625 -23.438 632.812 -156.250 -54.688 945.312
-710.938 -320.312 -625.000 -921.875 -742.188 7.812 -890.625 -562.500 46.875 -640.625 -140.625 593.750 -140.625 -187.500 953.125
-710.938 -320.312 -625.000 -921.875 -742.188 7.812 -890.625 -562.500 46.875 -640.625 -140.625 593.750 -140.625 -187.500 953.125
-710.938 -320.312 -625.000 -921.875 -742.188 7.812 -890.625 -562.500 46.875 -640.625 -140.625 593.750 -140.625 -187.500 953.125
-726.562 -320.312 -664.062 -835.938 -828.125 15.625 -968.750 -539.062 -39.062 -695.312 -296.875 617.188 -7.812 -242.188 960.938
-726.562 -320.312 -664.062 -835.938 -828.125 15.625 -968.750 -539.062 -39.062 -695.312 -296.875 617.188 -7.812 -242.188 960.938
-773.438 -335.938 -750.000 -742.188 -773.438 125.000 -882.812 -578.125 62.500 -679.688 -140.625 625.000 31.250 -39.062 1023.438
-773.438 -335.938 -750.000 -742.188 -773.438 125.000 -882.812 -578.125 62.500 -679.688 -140.625 625.000 31.250 -39.062 1023.438
-765.625 -23.438 -773.438 -585.938 -578.125 265.625 -710.938 -468.750 343.750 -328.125 46.875 882.812 31.250 -78.125 976.562
-765.625 -23.438 -773.438 -585.938 -578.125 265.625 -710.938 -468.750 343.750 -328.125 46.875 882.812 31.250 -78.125 976.562
-781.250 23.438 -750.000 -546.875 -554.688 296.875 -679.688 -406.250 382.812 -320.312 85.938 914.062 46.875 -15.625 1000.000
-781.250 23.438 -750.000 -546.875 -554.688 296.875 -679.688 -406.250 382.812 -320.312 85.938 914.062 46.875 -15.625 1000.000
-781.250 23.438 -750.000 -546.875 -554.688 296.875 -679.688 -406.250 382.812 -320.312 85.938 914.062 46.875 -15.625 1000.000
-765.625 0.000 -687.500 -539.062 -539.062 328.125 -656.250 -382.812 421.875 -351.562 210.938 890.625 78.125 46.875 1062.500
-765.625 0.000 -687.500 -539.062 -539.062 328.125 -656.250 -382.812 421.875 -351.562 210.938 890.625 78.125 46.875 1062.500
-773.438 -15.625 -679.688 -578.125 -539.062 296.875 -671.875 -343.750 375.000 -359.375 226.562 882.812 125.000 62.500 1078.125
-773.438 -15.625 -679.688 -578.125 -539.062 296.875 -671.875 -343.750 375.000 -359.375 226.562 882.812 125.000 62.500 1078.125
-765.625 39.062 -578.125 -687.500 -312.500 390.625 -765.625 -500.000 406.250 -539.062 132.812 835.938 31.250 -15.625 1031.250
-765.625 39.062 -578.125 -687.500 -312.500 390.625 -765.625 -500.000 406.250 -539.062 132.812 835.938 31.250 -15.625 1031.250
-765.625 39.062 -578.125 -687.500 -312.500 390.625 -765.625 -500.000 406.250 -539.062 132.812 835.938 31.250 -15.625 1031.250
-765.625 39.062 -578.125 -687.500 -312.500 390.625 -765.625 -500.000 406.250 -539.062 132.812 835.938 31.250 -15.625 1031.250
-765.625 39.062 -578.125 -687.500 -312.500 390.625 -765.625 -500.000 406.250 -539.062 132.812 835.938 31.250 -15.625 1031.250
-796.875 -46.875 -562.500 -710.938 -476.562 335.938 -742.188 -484.375 421.875 -398.438 140.625 953.125 46.875 -7.812 1054.688
-796.875 -46.875 -562.500 -710.938 -476.562 335.938 -742.188 -484.375 421.875 -398.438 140.625 953.125 46.875 -7.812 1054.688
-796.875 -117.188 -539.062 -757.812 -562.500 257.812 -773.438 -484.375 375.000 -375.000 179.688 968.750 109.375 7.812 1078.125
-796.875 -117.188 -539.062 -757.812 -562.500 257.812 -773.438 -484.375 375.000 -375.000 179.688 968.750 109.375 7.812 1078.125
-765.625 -226.562 -492.188 -742.188 -601.562 304.688 -757.812 -531.250 343.750 -414.062 132.812 953.125 117.188 -39.062 1070.312
-765.625 -226.562 -492.188 -742.188 -601.562 304.688 -757.812 -531.250 343.750 -414.062 132.812 953.125 117.188 -39.062 1070.312
-765.625 -281.250 -500.000 -718.750 -609.375 328.125 -750.000 -585.938 367.188 -437.500 93.750 929.688 54.688 -85.938 1023.438
-765.625 -281.250 -500.000 -718.750 -609.375 328.125 -750.000 -585.938 367.188 -437.500 93.750 929.688 54.688 -85.938 1023.438
-765.625 -281.250 -500.000 -718.750 -609.375 328.125 -750.000 -585.938 367.188 -437.500 93.750 929.688 54.688 -85.938 1023.438
-757.812 -273.438 -492.188 -695.312 -648.438 351.562 -734.375 -585.938 390.625 -421.875 85.938 914.062 46.875 -70.312 1023.438
-757.812 -273.438 -492.188 -695.312 -648.438 351.562 -734.375 -585.938 390.625 -421.875 85.938 914.062 46.875 -70.312 1023.438
-828.125 -195.312 -539.062 -648.438 -640.625 414.062 -703.125 -593.750 429.688 -398.438 101.562 921.875 23.438 -31.250 1023.438
-828.125 -195.312 -539.062 -648.438 -640.625 414.062 -703.125 -593.750 429.688 -398.438 101.562 921.875 23.438 -31.250 1023.438
-828.125 -195.312 -539.062 -648.438 -640.625 414.062 -703.125 -593.750 429.688 -398.438 101.562 921.875 23.438 -31.250 1023.438
-820.312 -195.312 -531.250 -640.625 -648.438 390.625 -710.938 -570.312 421.875 -398.438 117.188 929.688 0.000 -23.438 1031.250
-796.875 -156.250 -507.812 -664.062 -625.000 398.438 -718.750 -554.688 398.438 -406.250 148.438 914.062 7.812 23.438 1039.062
-796.875 -156.250 -507.812 -664.062 -625.000 398.438 -718.750 -554.688 398.438 -406.250 148.438 914.062 7.812 23.438 1039.062
-796.875 -156.250 -507.812 -664.062 -625.000 398.438 -718.750 -554.688 398.438 -406.250 148.438 914.062 7.812 23.438 1039.062
-812.500 -187.500 -523.438 -679.688 -593.750 367.188 -750.000 -531.250 367.188 -429.688 164.062 906.250 15.625 7.812 1031.250
-812.500 -187.500 -523.438 -679.688 -593.750 367.188 -750.000 -531.250 367.188 -429.688 164.062 906.250 15.625 7.812 1031.250
-789.062 -164.062 -500.000 -726.562 -562.500 304.688 -773.438 -507.812 289.062 -468.750 156.250 867.188 78.125 -15.625 1039.062
-789.062 -164.062 -500.000 -726.562 -562.500 304.688 -773.438 -507.812 289.062 -468.750 156.250 867.188 78.125 -15.625 1039.062
-781.250 -171.875 -468.750 -750.000 -546.875 265.625 -796.875 -507.812 265.625 -468.750 132.812 859.375 31.250 -31.250 1023.438
-781.250 -171.875 -468.750 -750.000 -546.875 265.625 -796.875 -507.812 265.625 -468.750 132.812 859.375 31.250 -31.250 1023.438
-765.625 -171.875 -460.938 -781.250 -539.062 234.375 -812.500 -500.000 234.375 -500.000 132.812 867.188 7.812 -46.875 1023.438
-765.625 -171.875 -460.938 -781.250 -539.062 234.375 -812.500 -500.000 234.375 -500.000 132.812 867.188 7.812 -46.875 1023.438
-765.625 -171.875 -460.938 -781.250 -539.062 234.375 -812.500 -500.000 234.375 -500.000 132.812 867.188 7.812 -46.875 1023.438
-750.000 -156.250 -429.688 -789.062 -515.625 218.750 -812.500 -500.000 234.375 -507.812 117.188 851.562 -85.938 -39.062 1007.812
-750.000 -156.250 -429.688 -789.062 -515.625 218.750 -812.500 -500.000 234.375 -507.812 117.188 851.562 -85.938 -39.062 1007.812
-750.000 -171.875 -445.312 -718.750 -585.938 273.438 -757.812 -531.250 273.438 -507.812 132.812 851.562 0.000 -39.062 1085.938
-750.000 -171.875 -445.312 -718.750 -585.938 273.438 -757.812 -531.250 273.438 -507.812 132.812 851.562 0.000 -39.062 1085.938
-742.188 -187.500 -445.312 -695.312 -570.312 281.250 -734.375 -523.438 296.875 -437.500 140.625 890.625 54.688 -39.062 1117.188
-742.188 -187.500 -445.312 -695.312 -570.312 281.250 -734.375 -523.438 296.875 -437.500 140.625 890.625 54.688 -39.062 1117.188
-742.188 -187.500 -445.312 -695.312 -570.312 281.250 -734.375 -523.438 296.875 -437.500 140.625 890.625 54.688 -39.062 1117.188
-679.688 -148.438 -437.500 -671.875 -562.500 281.250 -710.938 -500.000 273.438 -335.938 179.688 882.812 -7.812 -54.688 992.188
-679.688 -148.438 -437.500 -671.875 -562.500 281.250 -710.938 -500.000 273.438 -335.938 179.688 882.812 -7.812 -54.688 992.188
-679.688 -148.438 -437.500 -671.875 -562.500 281.250 -710.938 -500.000 273.438 -335.938 179.688 882.812 -7.812 -54.688 992.188
-679.688 -148.438 -437.500 -671.875 -562.500 281.250 -710.938 -500.000 273.438 -335.938 179.688 882.812 -7.812 -54.688 992.188
-679.688 -140.625 -468.750 -679.688 -546.875 250.000 -703.125 -507.812 257.812 -320.312 140.625 843.750 -156.250 23.438 960.938
-679.688 -140.625 -468.750 -679.688 -546.875 250.000 -703.125 -507.812 257.812 -320.312 140.625 843.750 -156.250 23.438 960.938
-679.688 -140.625 -468.750 -679.688 -546.875 250.000 -703.125 -507.812 257.812 -320.312 140.625 843.750 -156.250 23.438 960.938
-609.375 -242.188 -500.000 -593.750 -562.500 328.125 -664.062 -523.438 289.062 -390.625 85.938 843.750 -156.250 -85.938 1031.250
-609.375 -242.188 -500.000 -593.750 -562.500 328.125 -664.062 -523.438 289.062 -390.625 85.938 843.750 -156.250 -85.938 1031.250
-609.375 -242.188 -500.000 -593.750 -562.500 328.125 -664.062 -523.438 289.062 -390.625 85.938 843.750 -156.250 -85.938 1031.250
-609.375 -242.188 -500.000 -593.750 -562.500 328.125 -664.062 -523.438 289.062 -390.625 85.938 843.750 -156.250 -85.938 1031.250
-648.438 -328.125 -609.375 -617.188 -515.625 281.250 -656.250 -531.250 289.062 -289.062 78.125 921.875 -148.438 -218.750 1007.812
-648.438 -328.125 -609.375 -617.188 -515.625 281.250 -656.250 -531.250 289.062 -289.062 78.125 921.875 -148.438 -218.750 1007.812
-773.438 -429.688 -820.312 -687.500 -562.500 226.562 -679.688 -484.375 351.562 -640.625 -273.438 968.750 148.438 -23.438 1703.125
-773.438 -429.688 -820.312 -687.500 -562.500 226.562 -679.688 -484.375 351.562 -640.625 -273.438 968.750 148.438 -23.438 1703.125
-492.188 -476.562 -679.688 -664.062 -476.562 210.938 -687.500 -500.000 85.938 -828.125 109.375 687.500 -101.562 242.188 1554.688
-492.188 -476.562 -679.688 -664.062 -476.562 210.938 -687.500 -500.000 85.938 -828.125 109.375 687.500 -101.562 242.188 1554.688
-445.312 -414.062 -648.438 -671.875 -406.250 242.188 -843.750 -367.188 171.875 -757.812 320.312 718.750 -78.125 -359.375 1585.938
-445.312 -414.062 -648.438 -671.875 -406.250 242.188 -843.750 -367.188 171.875 -757.812 320.312 718.750 -78.125 -359.375 1585.938
-445.312 -414.062 -648.438 -671.875 -406.250 242.188 -843.750 -367.188 171.875 -757.812 320.312 718.750 -78.125 -359.375 1585.938
-445.312 -328.125 -632.812 -679.688 -281.250 304.688 -867.188 -437.500 164.062 -734.375 1203.125 1195.312 156.250 -296.875 1812.500
-445.312 -328.125 -632.812 -679.688 -281.250 304.688 -867.188 -437.500 164.062 -734.375 1203.125 1195.312 156.250 -296.875 1812.500
-546.875 46.875 -742.188 -507.812 -460.938 492.188 -515.625 -585.938 546.875 -468.750 -1171.875 304.688 -625.000 -187.500 -203.125
-546.875 46.875 -742.188 -507.812 -460.938 492.188 -515.625 -585.938 546.875 -468.750 -1171.875 304.688 -625.000 -187.500 -203.125
-648.438 156.250 -781.250 -468.750 -695.312 554.688 -406.250 -710.938 609.375 -476.562 -1062.500 382.812 -570.312 -460.938 -93.750
-648.438 156.250 -781.250 -468.750 -695.312 554.688 -406.250 -710.938 609.375 -476.562 -1062.500 382.812 -570.312 -460.938 -93.750
-648.438 156.250 -781.250 -468.750 -695.312 554.688 -406.250 -710.938 609.375 -476.562 -1062.500 382.812 -570.312 -460.938 -93.750
-679.688 281.250 -859.375 -359.375 -875.000 757.812 -156.250 -1023.438 671.875 -609.375 -1109.375 296.875 -546.875 -296.875 148.438
-679.688 281.250 -859.375 -359.375 -875.000 757.812 -156.250 -1023.438 671.875 -609.375 -1109.375 296.875 -546.875 -296.875 148.438
-718.750 281.250 -898.438 -242.188 -921.875 851.562 -117.188 -1156.250 625.000 -632.812 -984.375 226.562 -664.062 -328.125 132.812
-718.750 281.250 -898.438 -242.188 -921.875 851.562 -117.188 -1156.250 625.000 -632.812 -984.375 226.562 -664.062 -328.125 132.812
-679.688 179.688 -1070.312 -125.000 -906.250 812.500 -234.375 -1023.438 445.312 -773.438 -765.625 171.875 -1109.375 -429.688 -296.875
-679.688 179.688 -1070.312 -125.000 -906.250 812.500 -234.375 -1023.438 445.312 -773.438 -765.625 171.875 -1109.375 -429.688 -296.875
-679.688 179.688 -1070.312 -125.000 -906.250 812.500 -234.375 -1023.438 445.312 -773.438 -765.625 171.875 -1109.375 -429.688 -296.875
-703.125 -15.625 -1054.688 -234.375 -765.625 664.062 -328.125 -937.500 375.000 -835.938 -671.875 226.562 -1031.250 -414.062 -117.188
-703.125 -15.625 -1054.688 -234.375 -765.625 664.062 -328.125 -937.500 375.000 -835.938 -671.875 226.562 -1031.250 -414.062 -117.188
-710.938 -78.125 -1031.250 -320.312 -742.188 617.188 -359.375 -929.688 320.312 -710.938 -640.625 218.750 -1046.875 -312.500 -23.438
-710.938 -78.125 -1031.250 -320.312 -742.188 617.188 -359.375 -929.688 320.312 -710.938 -640.625 218.750 -1046.875 -312.500 -23.438
-625.000 -148.438 -929.688 -453.125 -789.062 531.250 -445.312 -804.688 273.438 -781.250 -679.688 273.438 -1046.875 -429.688 -31.250
-625.000 -148.438 -929.688 -453.125 -789.062 531.250 -445.312 -804.688 273.438 -781.250 -679.688 273.438 -1046.875 -429.688 -31.250
-562.500 -31.250 -804.688 -515.625 -781.250 531.250 -421.875 -890.625 281.250 -656.250 -656.250 390.625 -828.125 -398.438 500.000
-562.500 -31.250 -804.688 -515.625 -781.250 531.250 -421.875 -890.625 281.250 -656.250 -656.250 390.625 -828.125 -398.438 500.000
-562.500 -31.250 -804.688 -515.625 -781.250 531.250 -421.875 -890.625 281.250 -656.250 -656.250 390.625 -828.125 -398.438 500.000
-562.500 -31.250 -804.688 -515.625 -781.250 531.250 -421.875 -890.625 281.250 -656.250 -656.250 390.625 -828.125 -398.438 500.000
-570.312 7.812 -804.688 -507.812 -757.812 539.062 -406.250 -906.250 328.125 -648.438 -703.125 414.062 -828.125 -398.438 484.375
-570.312 7.812 -804.688 -507.812 -757.812 539.062 -406.250 -906.250 328.125 -648.438 -703.125 414.062 -828.125 -398.438 484.375
-570.312 7.812 -804.688 -507.812 -757.812 539.062 -406.250 -906.250 328.125 -648.438 -703.125 414.062 -828.125 -398.438 484.375
-585.938 187.500 -875.000 -359.375 -750.000 593.750 -289.062 -906.250 398.438 -578.125 -773.438 421.875 -828.125 -429.688 421.875
-585.938 187.500 -875.000 -359.375 -750.000 593.750 -289.062 -906.250 398.438 -578.125 -773.438 421.875 -828.125 -429.688 421.875
-585.938 187.500 -875.000 -359.375 -750.000 593.750 -289.062 -906.250 398.438 -578.125 -773.438 421.875 -828.125 -429.688 421.875
-585.938 187.500 -875.000 -359.375 -750.000 593.750 -289.062 -906.250 398.438 -578.125 -773.438 421.875 -828.125 -429.688 421.875
-656.250 179.688 -960.938 -343.750 -734.375 554.688 -304.688 -875.000 367.188 -625.000 -710.938 390.625 -875.000 -406.250 367.188
-656.250 179.688 -960.938 -343.750 -734.375 554.688 -304.688 -875.000 367.188 -625.000 -710.938 390.625 -875.000 -406.250 367.188
-656.250 179.688 -960.938 -343.750 -734.375 554.688 -304.688 -875.000 367.188 -625.000 -710.938 390.625 -875.000 -406.250 367.188
-656.250 312.500 -1054.688 -296.875 -742.188 601.562 -273.438 -867.188 375.000 -617.188 -710.938 375.000 -875.000 -406.250 304.688
-656.250 312.500 -1054.688 -296.875 -742.188 601.562 -273.438 -867.188 375.000 -617.188 -710.938 375.000 -875.000 -406.250 304.688
-750.000 398.438 -1109.375 -257.812 -750.000 609.375 -257.812 -867.188 390.625 -609.375 -695.312 375.000 -867.188 -382.812 296.875
-750.000 398.438 -1109.375 -257.812 -750.000 609.375 -257.812 -867.188 390.625 -609.375 -695.312 375.000 -867.188 -382.812 296.875
-703.125 -132.812 -1007.812 -343.750 -750.000 546.875 -343.750 -859.375 320.312 -664.062 -679.688 320.312 -914.062 -414.062 257.812
-703.125 -132.812 -1007.812 -343.750 -750.000 546.875 -343.750 -859.375 320.312 -664.062 -679.688 320.312 -914.062 -414.062 257.812
-625.000 -195.312 -937.500 -320.312 -789.062 593.750 -328.125 -867.188 312.500 -656.250 -664.062 296.875 -914.062 -421.875 250.000
-625.000 -195.312 -937.500 -320.312 -789.062 593.750 -328.125 -867.188 312.500 -656.250 -664.062 296.875 -914.062 -421.875 250.000
-406.250 -304.688 -531.250 -382.812 -671.875 554.688 -554.688 -828.125 179.688 -765.625 -656.250 179.688 -984.375 -476.562 164.062
-406.250 -304.688 -531.250 -382.812 -671.875 554.688 -554.688 -828.125 179.688 -765.625 -656.250 179.688 -984.375 -476.562 164.062
-406.250 -304.688 -531.250 -382.812 -671.875 554.688 -554.688 -828.125 179.688 -765.625 -656.250 179.688 -984.375 -476.562 164.062
-343.750 -218.750 -398.438 -523.438 -937.500 484.375 -421.875 -906.250 93.750 -804.688 -570.312 93.750 -968.750 -476.562 140.625
-343.750 -218.750 -398.438 -523.438 -937.500 484.375 -421.875 -906.250 93.750 -804.688 -570.312 93.750 -968.750 -476.562 140.625
-585.938 -23.438 -664.062 -460.938 -1023.438 710.938 -484.375 -976.562 78.125 -781.250 -687.500 7.812 -890.625 -648.438 31.250
-585.938 -23.438 -664.062 -460.938 -1023.438 710.938 -484.375 -976.562 78.125 -781.250 -687.500 7.812 -890.625 -648.438 31.250
-687.500 101.562 -789.062 -632.812 -453.125 703.125 -570.312 -1031.250 203.125 -757.812 -734.375 -15.625 -820.312 -679.688 -46.875
-687.500 101.562 -789.062 -632.812 -453.125 703.125 -570.312 -1031.250 203.125 -757.812 -734.375 -15.625 -820.312 -679.688 -46.875
-867.188 7.812 -1054.688 -726.562 -351.562 289.062 -351.562 -617.188 359.375 -320.312 -812.500 171.875 -445.312 -671.875 -367.188
-867.188 7.812 -1054.688 -726.562 -351.562 289.062 -351.562 -617.188 359.375 -320.312 -812.500 171.875 -445.312 -671.875 -367.188
-867.188 7.812 -1054.688 -726.562 -351.562 289.062 -351.562 -617.188 359.375 -320.312 -812.500 171.875 -445.312 -671.875 -367.188
-968.750 78.125 -1203.125 -828.125 -304.688 101.562 -304.688 -570.312 351.562 -234.375 -750.000 125.000 -46.875 -406.250 -367.188
-968.750 78.125 -1203.125 -828.125 -304.688 101.562 -304.688 -570.312 351.562 -234.375 -750.000 125.000 -46.875 -406.250 -367.188
-1015.625 -85.938 -1132.812 -773.438 -398.438 171.875 -265.625 -601.562 375.000 -250.000 -742.188 148.438 296.875 -210.938 -250.000
-1015.625 -85.938 -1132.812 -773.438 -398.438 171.875 -265.625 -601.562 375.000 -250.000 -742.188 148.438 296.875 -210.938 -250.000
-695.312 -273.438 -726.562 -531.250 -640.625 414.062 -226.562 -593.750 515.625 -156.250 -609.375 273.438 523.438 281.250 554.688
-695.312 -273.438 -726.562 -531.250 -640.625 414.062 -226.562 -593.750 515.625 -156.250 -609.375 273.438 523.438 281.250 554.688
-703.125 -148.438 -515.625 -429.688 -507.812 578.125 -210.938 -359.375 1070.312 -171.875 -70.312 1625.000 281.250 257.812 2000.000
-703.125 -148.438 -515.625 -429.688 -507.812 578.125 -210.938 -359.375 1070.312 -171.875 -70.312 1625.000 281.250 257.812 2000.000
-703.125 -148.438 -515.625 -429.688 -507.812 578.125 -210.938 -359.375 1070.312 -171.875 -70.312 1625.000 281.250 257.812 2000.000
-703.125 -148.438 -515.625 -429.688 -507.812 578.125 -210.938 -359.375 1070.312 -171.875 -70.312 1625.000 281.250 257.812 2000.000
-703.125 -148.438 -515.625 -429.688 -507.812 578.125 -210.938 -359.375 1070.312 -171.875 -70.312 1625.000 281.250 257.812 2000.000
-570.312 -101.562 -312.500 -617.188 -679.688 515.625 -148.438 31.250 1250.000 820.312 -351.562 1789.062 593.750 -109.375 1804.688
-570.312 -101.562 -312.500 -617.188 -679.688 515.625 -148.438 31.250 1250.000 820.312 -351.562 1789.062 593.750 -109.375 1804.688
-406.250 109.375 -93.750 -601.562 -710.938 531.250 -296.875 -62.500 1218.750 757.812 -468.750 1734.375 632.812 -234.375 1726.562
-406.250 109.375 -93.750 -601.562 -710.938 531.250 -296.875 -62.500 1218.750 757.812 -468.750 1734.375 632.812 -234.375 1726.562
-562.500 148.438 -171.875 -796.875 -695.312 531.250 -523.438 -367.188 984.375 62.500 -585.938 1328.125 632.812 -421.875 1500.000
-562.500 148.438 -171.875 -796.875 -695.312 531.250 -523.438 -367.188 984.375 62.500 -585.938 1328.125 632.812 -421.875 1500.000
-562.500 148.438 -171.875 -796.875 -695.312 531.250 -523.438 -367.188 984.375 62.500 -585.938 1328.125 632.812 -421.875 1500.000
-828.125 156.250 -500.000 -890.625 -789.062 429.688 -703.125 -570.312 695.312 -312.500 -406.250 875.000 15.625 -250.000 1117.188
-828.125 156.250 -500.000 -890.625 -789.062 429.688 -703.125 -570.312 695.312 -312.500 -406.250 875.000 15.625 -250.000 1117.188
-812.500 187.500 -539.062 -812.500 -882.812 398.438 -656.250 -632.812 664.062 -343.750 -640.625 828.125 -242.188 -414.062 914.062
-812.500 187.500 -539.062 -812.500 -882.812 398.438 -656.250 -632.812 664.062 -343.750 -640.625 828.125 -242.188 -414.062 914.062
-757.812 -85.938 -554.688 -437.500 -765.625 539.062 -343.750 -531.250 789.062 -296.875 -671.875 789.062 -46.875 -445.312 992.188
-757.812 -85.938 -554.688 -437.500 -765.625 539.062 -343.750 -531.250 789.062 -296.875 -671.875 789.062 -46.875 -445.312 992.188
-726.562 -132.812 -546.875 -382.812 -789.062 554.688 -250.000 -562.500 765.625 -335.938 -562.500 789.062 31.250 -343.750 1093.750
-726.562 -132.812 -546.875 -382.812 -789.062 554.688 -250.000 -562.500 765.625 -335.938 -562.500 789.062 31.250 -343.750 1093.750
-726.562 -132.812 -546.875 -382.812 -789.062 554.688 -250.000 -562.500 765.625 -335.938 -562.500 789.062 31.250 -343.750 1093.750
-695.312 -195.312 -531.250 -335.938 -804.688 546.875 -179.688 -562.500 765.625 -226.562 -515.625 789.062 15.625 -140.625 1164.062
-695.312 -195.312 -531.250 -335.938 -804.688 546.875 -179.688 -562.500 765.625 -226.562 -515.625 789.062 15.625 -140.625 1164.062
-570.312 -179.688 -437.500 -218.750 -718.750 625.000 -125.000 -507.812 914.062 31.250 -585.938 953.125 187.500 -109.375 1289.062
-570.312 -179.688 -437.500 -218.750 -718.750 625.000 -125.000 -507.812 914.062 31.250 -585.938 953.125 187.500 -109.375 1289.062
-546.875 -187.500 -265.625 -484.375 -960.938 531.250 -164.062 -500.000 804.688 125.000 -921.875 789.062 62.500 -445.312 617.188
-546.875 -187.500 -265.625 -484.375 -960.938 531.250 -164.062 -500.000 804.688 125.000 -921.875 789.062 62.500 -445.312 617.188
-484.375 -132.812 -250.000 -453.125 -828.125 578.125 -125.000 -750.000 906.250 164.062 -859.375 804.688 54.688 -515.625 804.688
-484.375 -132.812 -250.000 -453.125 -828.125 578.125 -125.000 -750.000 906.250 164.062 -859.375 804.688 54.688 -515.625 804.688
-484.375 -132.812 -250.000 -453.125 -828.125 578.125 -125.000 -750.000 906.250 164.062 -859.375 804.688 54.688 -515.625 804.688
-648.438 -39.062 -484.375 -335.938 -945.312 789.062 -335.938 -187.500 1039.062 359.375 -656.250 1953.125 -101.562 -609.375 1390.625
-648.438 -39.062 -484.375 -335.938 -945.312 789.062 -335.938 -187.500 1039.062 359.375 -656.250 1953.125 -101.562 -609.375 1390.625
-781.250 -70.312 -671.875 -414.062 -257.812 1054.688 -414.062 -117.188 2328.125 -664.062 -1257.812 1929.688 -343.750 -640.625 1671.875
-781.250 -70.312 -671.875 -414.062 -257.812 1054.688 -414.062 -117.188 2328.125 -664.062 -1257.812 1929.688 -343.750 -640.625 1671.875
-890.625 187.500 -789.062 156.250 -1234.375 742.188 46.875 -796.875 218.750 -226.562 -101.562 -171.875 1171.875 -46.875 500.000
-890.625 187.500 -789.062 156.250 -1234.375 742.188 46.875 -796.875 218.750 -226.562 -101.562 -171.875 1171.875 -46.875 500.000
-929.688 0.000 -789.062 -507.812 148.438 203.125 -468.750 -867.188 242.188 -820.312 -1039.062 -789.062 796.875 -351.562 -796.875
-929.688 0.000 -789.062 -507.812 148.438 203.125 -468.750 -867.188 242.188 -820.312 -1039.062 -789.062 796.875 -351.562 -796.875
-929.688 0.000 -789.062 -507.812 148.438 203.125 -468.750 -867.188 242.188 -820.312 -1039.062 -789.062 796.875 -351.562 -796.875
-921.875 -23.438 -710.938 -429.688 -70.312 -31.250 -398.438 -812.500 54.688 -640.625 -757.812 -710.938 -671.875 -39.062 -1203.125
-921.875 -23.438 -710.938 -429.688 -70.312 -31.250 -398.438 -812.500 54.688 -640.625 -757.812 -710.938 -671.875 -39.062 -1203.125
-1007.812 7.812 -703.125 -429.688 -851.562 -296.875 -671.875 -382.812 -304.688 -976.562 -382.812 -78.125 -2820.312 -320.312 -1640.625
-1007.812 7.812 -703.125 -429.688 -851.562 -296.875 -671.875 -382.812 -304.688 -976.562 -382.812 -78.125 -2820.312 -320.312 -1640.625
-929.688 -164.062 -742.188 -1093.750 -796.875 -304.688 -796.875 -359.375 -250.000 -648.438 -695.312 -281.250 -1390.625 -187.500 -773.438
-929.688 -164.062 -742.188 -1093.750 -796.875 -304.688 -796.875 -359.375 -250.000 -648.438 -695.312 -281.250 -1390.625 -187.500 -773.438
-718.750 -929.688 -593.750 -968.750 -906.250 -281.250 -859.375 -804.688 -570.312 -1296.875 500.000 -546.875 -617.188 -218.750 421.875
-718.750 -929.688 -593.750 -968.750 -906.250 -281.250 -859.375 -804.688 -570.312 -1296.875 500.000 -546.875 -617.188 -218.750 421.875
-718.750 -929.688 -593.750 -968.750 -906.250 -281.250 -859.375 -804.688 -570.312 -1296.875 500.000 -546.875 -617.188 -218.750 421.875
-710.938 -1031.250 -546.875 -1015.625 -804.688 -195.312 -804.688 -453.125 -562.500 -1195.312 265.625 -375.000 -757.812 -578.125 414.062
-710.938 -1031.250 -546.875 -1015.625 -804.688 -195.312 -804.688 -453.125 -562.500 -1195.312 265.625 -375.000 -757.812 -578.125 414.062
-703.125 -656.250 -453.125 -734.375 -656.250 54.688 -742.188 -648.438 31.250 -945.312 -429.688 -15.625 -921.875 -414.062 93.750
-703.125 -656.250 -453.125 -734.375 -656.250 54.688 -742.188 -648.438 31.250 -945.312 -429.688 -15.625 -921.875 -414.062 93.750
-703.125 -656.250 -453.125 -734.375 -656.250 54.688 -742.188 -648.438 31.250 -945.312 -429.688 -15.625 -921.875 -414.062 93.750
-703.125 -656.250 -453.125 -734.375 -656.250 54.688 -742.188 -648.438 31.250 -945.312 -429.688 -15.625 -921.875 -414.062 93.750
-789.062 -468.750 -476.562 -593.750 -773.438 265.625 -679.688 -687.500 140.625 -945.312 -367.188 31.250 -945.312 -359.375 -31.250
-789.062 -468.750 -476.562 -593.750 -773.438 265.625 -679.688 -687.500 140.625 -945.312 -367.188 31.250 -945.312 -359.375 -31.250
-789.062 -468.750 -476.562 -593.750 -773.438 265.625 -679.688 -687.500 140.625 -945.312 -367.188 31.250 -945.312 -359.375 -31.250
-937.500 -406.250 -578.125 -656.250 -609.375 359.375 -828.125 -593.750 140.625 -1039.062 -312.500 0.000 -1085.938 -320.312 -78.125
-937.500 -406.250 -578.125 -656.250 -609.375 359.375 -828.125 -593.750 140.625 -1039.062 -312.500 0.000 -1085.938 -320.312 -78.125
-820.312 -539.062 -500.000 -679.688 -492.188 242.188 -820.312 -414.062 109.375 -992.188 -109.375 109.375 -1054.688 -164.062 210.938
-820.312 -539.062 -500.000 -679.688 -492.188 242.188 -820.312 -414.062 109.375 -992.188 -109.375 109.375 -1054.688 -164.062 210.938
-796.875 -507.812 -453.125 -679.688 -453.125 187.500 -812.500 -375.000 101.562 -960.938 -125.000 117.188 -1031.250 -148.438 210.938
-796.875 -507.812 -453.125 -679.688 -453.125 187.500 -812.500 -375.000 101.562 -960.938 -125.000 117.188 -1031.250 -148.438 210.938
-773.438 -453.125 -414.062 -710.938 -437.500 132.812 -812.500 -351.562 62.500 -984.375 -117.188 78.125 -1039.062 -179.688 187.500
-773.438 -453.125 -414.062 -710.938 -437.500 132.812 -812.500 -351.562 62.500 -984.375 -117.188 78.125 -1039.062 -179.688 187.500
-773.438 -453.125 -414.062 -710.938 -437.500 132.812 -812.500 -351.562 62.500 -984.375 -117.188 78.125 -1039.062 -179.688 187.500
-687.500 -289.062 -281.250 -812.500 -460.938 -39.062 -867.188 -398.438 -117.188 -984.375 -140.625 -132.812 -984.375 -179.688 -23.438
-687.500 -289.062 -281.250 -812.500 -460.938 -39.062 -867.188 -398.438 -117.188 -984.375 -140.625 -132.812 -984.375 -179.688 -23.438
-687.500 -273.438 -265.625 -835.938 -476.562 -54.688 -890.625 -421.875 -148.438 -1007.812 -164.062 -164.062 -1015.625 -226.562 -78.125
-687.500 -273.438 -265.625 -835.938 -476.562 -54.688 -890.625 -421.875 -148.438 -1007.812 -164.062 -164.062 -1015.625 -226.562 -78.125
-710.938 -289.062 -273.438 -828.125 -554.688 -46.875 -882.812 -476.562 -164.062 -968.750 -210.938 -187.500 -968.750 -234.375 -101.562
-710.938 -289.062 -273.438 -828.125 -554.688 -46.875 -882.812 -476.562 -164.062 -968.750 -210.938 -187.500 -968.750 -234.375 -101.562
-710.938 -289.062 -273.438 -828.125 -554.688 -46.875 -882.812 -476.562 -164.062 -968.750 -210.938 -187.500 -968.750 -234.375 -101.562
-734.375 -320.312 -296.875 -812.500 -593.750 -15.625 -867.188 -507.812 -164.062 -976.562 -234.375 -187.500 -945.312 -273.438 -85.938
-734.375 -320.312 -296.875 -812.500 -593.750 -15.625 -867.188 -507.812 -164.062 -976.562 -234.375 -187.500 -945.312 -273.438 -85.938
-843.750 -515.625 -421.875 -812.500 -648.438 46.875 -835.938 -570.312 -101.562 -937.500 -304.688 -148.438 -890.625 -320.312 -85.938
-843.750 -515.625 -421.875 -812.500 -648.438 46.875 -835.938 -570.312 -101.562 -937.500 -304.688 -148.438 -890.625 -320.312 -85.938
-804.688 -554.688 -406.250 -796.875 -648.438 70.312 -835.938 -570.312 -78.125 -960.938 -328.125 -117.188 -914.062 -343.750 -54.688
-804.688 -554.688 -406.250 -796.875 -648.438 70.312 -835.938 -570.312 -78.125 -960.938 -328.125 -117.188 -914.062 -343.750 -54.688
-796.875 -539.062 -382.812 -781.250 -648.438 70.312 -828.125 -578.125 -70.312 -960.938 -320.312 -101.562 -921.875 -320.312 -31.250
-796.875 -539.062 -382.812 -781.250 -648.438 70.312 -828.125 -578.125 -70.312 -960.938 -320.312 -101.562 -921.875 -320.312 -31.250
-789.062 -476.562 -390.625 -773.438 -632.812 78.125 -812.500 -570.312 -39.062 -937.500 -296.875 -46.875 -937.500 -312.500 15.625
-789.062 -476.562 -390.625 -773.438 -632.812 78.125 -812.500 -570.312 -39.062 -937.500 -296.875 -46.875 -937.500 -312.500 15.625
-789.062 -476.562 -390.625 -773.438 -632.812 78.125 -812.500 -570.312 -39.062 -937.500 -296.875 -46.875 -937.500 -312.500 15.625
-890.625 -343.750 -492.188 -718.750 -546.875 125.000 -773.438 -523.438 93.750 -921.875 -296.875 101.562 -890.625 -304.688 156.250
-890.625 -343.750 -492.188 -718.750 -546.875 125.000 -773.438 -523.438 93.750 -921.875 -296.875 101.562 -890.625 -304.688 156.250
-890.625 -343.750 -492.188 -718.750 -546.875 125.000 -773.438 -523.438 93.750 -921.875 -296.875 101.562 -890.625 -304.688 156.250
-890.625 -312.500 -492.188 -726.562 -562.500 132.812 -781.250 -515.625 78.125 -945.312 -281.250 93.750 -929.688 -296.875 171.875
-882.812 -281.250 -500.000 -718.750 -554.688 132.812 -804.688 -507.812 46.875 -960.938 -250.000 62.500 -968.750 -273.438 179.688
-882.812 -281.250 -500.000 -718.750 -554.688 132.812 -804.688 -507.812 46.875 -960.938 -250.000 62.500 -968.750 -273.438 179.688
-843.750 -304.688 -476.562 -742.188 -546.875 93.750 -820.312 -507.812 0.000 -976.562 -226.562 15.625 -992.188 -242.188 140.625
-843.750 -304.688 -476.562 -742.188 -546.875 93.750 -820.312 -507.812 0.000 -976.562 -226.562 15.625 -992.188 -242.188 140.625
-843.750 -304.688 -476.562 -742.188 -546.875 93.750 -820.312 -507.812 0.000 -976.562 -226.562 15.625 -992.188 -242.188 140.625
-882.812 -304.688 -484.375 -820.312 -546.875 -31.250 -890.625 -507.812 -140.625 -1007.812 -226.562 -179.688 -984.375 -257.812 -85.938
-882.812 -304.688 -484.375 -820.312 -546.875 -31.250 -890.625 -507.812 -140.625 -1007.812 -226.562 -179.688 -984.375 -257.812 -85.938
-835.938 -265.625 -429.688 -851.562 -593.750 -31.250 -914.062 -523.438 -179.688 -1023.438 -242.188 -226.562 -1007.812 -273.438 -148.438
-835.938 -265.625 -429.688 -851.562 -593.750 -31.250 -914.062 -523.438 -179.688 -1023.438 -242.188 -226.562 -1007.812 -273.438 -148.438
-781.250 -257.812 -359.375 -843.750 -609.375 -62.500 -906.250 -531.250 -210.938 -1031.250 -273.438 -265.625 -1015.625 -304.688 -203.125
-781.250 -257.812 -359.375 -843.750 -609.375 -62.500 -906.250 -531.250 -210.938 -1031.250 -273.438 -265.625 -1015.625 -304.688 -203.125
-781.250 -257.812 -359.375 -843.750 -609.375 -62.500 -906.250 -531.250 -210.938 -1031.250 -273.438 -265.625 -1015.625 -304.688 -203.125
-765.625 -320.312 -343.750 -843.750 -601.562 -78.125 -898.438 -531.250 -218.750 -1000.000 -273.438 -257.812 -984.375 -296.875 -171.875
-765.625 -320.312 -343.750 -843.750 -601.562 -78.125 -898.438 -531.250 -218.750 -1000.000 -273.438 -257.812 -984.375 -296.875 -171.875
-796.875 -335.938 -351.562 -812.500 -640.625 -39.062 -828.125 -578.125 -117.188 -914.062 -328.125 -125.000 -890.625 -343.750 -46.875
-796.875 -335.938 -351.562 -812.500 -640.625 -39.062 -828.125 -578.125 -117.188 -914.062 -328.125 -125.000 -890.625 -343.750 -46.875
-796.875 -335.938 -351.562 -812.500 -640.625 -39.062 -828.125 -578.125 -117.188 -914.062 -328.125 -125.000 -890.625 -343.750 -46.875
-796.875 -335.938 -351.562 -812.500 -640.625 -39.062 -828.125 -578.125 -117.188 -914.062 -328.125 -125.000 -890.625 -343.750 -46.875
-835.938 -343.750 -406.250 -757.812 -632.812 54.688 -781.250 -578.125 -39.062 -898.438 -328.125 -54.688 -867.188 -320.312 31.250
-835.938 -343.750 -406.250 -757.812 -632.812 54.688 -781.250 -578.125 -39.062 -898.438 -328.125 -54.688 -867.188 -320.312 31.250
-843.750 -335.938 -398.438 -742.188 -609.375 62.500 -773.438 -554.688 -23.438 -906.250 -320.312 -15.625 -875.000 -320.312 54.688
-843.750 -335.938 -398.438 -742.188 -609.375 62.500 -773.438 -554.688 -23.438 -906.250 -320.312 -15.625 -875.000 -320.312 54.688
-843.750 -335.938 -398.438 -742.188 -609.375 62.500 -773.438 -554.688 -23.438 -906.250 -320.312 -15.625 -875.000 -320.312 54.688
-898.438 -273.438 -460.938 -750.000 -578.125 62.500 -812.500 -500.000 -15.625 -960.938 -250.000 -15.625 -945.312 -265.625 93.750
-898.438 -273.438 -460.938 -750.000 -578.125 62.500 -812.500 -500.000 -15.625 -960.938 -250.000 -15.625 -945.312 -265.625 93.750
-890.625 -273.438 -468.750 -765.625 -546.875 62.500 -828.125 -492.188 -31.250 -960.938 -234.375 -31.250 -945.312 -257.812 78.125
-890.625 -273.438 -468.750 -765.625 -546.875 62.500 -828.125 -492.188 -31.250 -960.938 -234.375 -31.250 -945.312 -257.812 78.125
-875.000 -281.250 -453.125 -773.438 -507.812 46.875 -835.938 -460.938 -46.875 -976.562 -210.938 -54.688 -984.375 -234.375 23.438
-875.000 -281.250 -453.125 -773.438 -507.812 46.875 -835.938 -460.938 -46.875 -976.562 -210.938 -54.688 -984.375 -234.375 23.438
-867.188 -281.250 -460.938 -789.062 -492.188 23.438 -851.562 -445.312 -62.500 -960.938 -195.312 -70.312 -976.562 -218.750 15.625
-867.188 -281.250 -460.938 -789.062 -492.188 23.438 -851.562 -445.312 -62.500 -960.938 -195.312 -70.312 -976.562 -218.750 15.625
-867.188 -281.250 -460.938 -789.062 -492.188 23.438 -851.562 -445.312 -62.500 -960.938 -195.312 -70.312 -976.562 -218.750 15.625
-843.750 -257.812 -382.812 -820.312 -507.812 -15.625 -859.375 -460.938 -101.562 -976.562 -218.750 -93.750 -937.500 -257.812 -15.625
-843.750 -257.812 -382.812 -820.312 -507.812 -15.625 -859.375 -460.938 -101.562 -976.562 -218.750 -93.750 -937.500 -257.812 -15.625
-843.750 -257.812 -382.812 -820.312 -507.812 -15.625 -859.375 -460.938 -101.562 -976.562 -218.750 -93.750 -937.500 -257.812 -15.625
-843.750 -257.812 -382.812 -820.312 -507.812 -15.625 -859.375 -460.938 -101.562 -976.562 -218.750 -93.750 -937.500 -257.812 -15.625
-804.688 -265.625 -328.125 -804.688 -546.875 7.812 -851.562 -500.000 -101.562 -976.562 -234.375 -140.625 -968.750 -265.625 -54.688
-804.688 -265.625 -328.125 -804.688 -546.875 7.812 -851.562 -500.000 -101.562 -976.562 -234.375 -140.625 -968.750 -265.625 -54.688
-804.688 -265.625 -328.125 -804.688 -546.875 7.812 -851.562 -500.000 -101.562 -976.562 -234.375 -140.625 -968.750 -265.625 -54.688
-804.688 -296.875 -328.125 -812.500 -546.875 15.625 -843.750 -507.812 -101.562 -976.562 -242.188 -132.812 -960.938 -257.812 -62.500
-804.688 -296.875 -328.125 -812.500 -546.875 15.625 -843.750 -507.812 -101.562 -976.562 -242.188 -132.812 -960.938 -257.812 -62.500
-851.562 -320.312 -375.000 -734.375 -593.750 93.750 -789.062 -546.875 -7.812 -921.875 -265.625 -46.875 -890.625 -265.625 39.062
-851.562 -320.312 -375.000 -734.375 -593.750 93.750 -789.062 -546.875 -7.812 -921.875 -265.625 -46.875 -890.625 -265.625 39.062
