-859.375 -484.375 78.125 -257.812 468.750 828.125 -39.062 671.875 773.438 39.062 718.750 726.562 187.500 859.375 562.500
-859.375 -492.188 85.938 -257.812 476.562 820.312 -46.875 679.688 757.812 39.062 726.562 734.375 203.125 859.375 562.500
-859.375 -492.188 85.938 -257.812 476.562 820.312 -46.875 679.688 757.812 39.062 726.562 734.375 203.125 859.375 562.500
-843.750 -484.375 109.375 -257.812 476.562 828.125 -46.875 671.875 757.812 46.875 734.375 726.562 195.312 867.188 570.312
-843.750 -484.375 109.375 -257.812 476.562 828.125 -46.875 671.875 757.812 46.875 734.375 726.562 195.312 867.188 570.312
-851.562 -484.375 101.562 -265.625 437.500 828.125 -54.688 648.438 765.625 31.250 710.938 726.562 164.062 843.750 562.500
-851.562 -484.375 101.562 -265.625 437.500 828.125 -54.688 648.438 765.625 31.250 710.938 726.562 164.062 843.750 562.500
-843.750 -406.250 78.125 -289.062 414.062 835.938 -54.688 640.625 789.062 70.312 703.125 757.812 226.562 843.750 585.938
-843.750 -406.250 78.125 -289.062 414.062 835.938 -54.688 640.625 789.062 70.312 703.125 757.812 226.562 843.750 585.938
-843.750 -406.250 78.125 -289.062 414.062 835.938 -54.688 640.625 789.062 70.312 703.125 757.812 226.562 843.750 585.938
-843.750 -406.250 78.125 -289.062 414.062 835.938 -54.688 640.625 789.062 70.312 703.125 757.812 226.562 843.750 585.938
-843.750 -406.250 78.125 -289.062 414.062 835.938 -54.688 640.625 789.062 70.312 703.125 757.812 226.562 843.750 585.938
-867.188 -226.562 23.438 -289.062 351.562 882.812 -7.812 640.625 867.188 226.562 703.125 867.188 484.375 835.938 703.125
-867.188 -226.562 23.438 -289.062 351.562 882.812 -7.812 640.625 867.188 226.562 703.125 867.188 484.375 835.938 703.125
-875.000 -242.188 31.250 -312.500 359.375 859.375 -23.438 617.188 835.938 195.312 695.312 820.312 460.938 828.125 640.625
-875.000 -242.188 31.250 -312.500 359.375 859.375 -23.438 617.188 835.938 195.312 695.312 820.312 460.938 828.125 640.625
-750.000 -273.438 -23.438 -312.500 757.812 914.062 406.250 265.625 1304.688 171.875 500.000 921.875 320.312 835.938 562.500
-750.000 -273.438 -23.438 -312.500 757.812 914.062 406.250 265.625 1304.688 171.875 500.000 921.875 320.312 835.938 562.500
-890.625 -85.938 15.625 -273.438 390.625 671.875 -203.125 804.688 679.688 132.812 734.375 828.125 554.688 757.812 726.562
-890.625 -85.938 15.625 -273.438 390.625 671.875 -203.125 804.688 679.688 132.812 734.375 828.125 554.688 757.812 726.562
-890.625 -85.938 15.625 -273.438 390.625 671.875 -203.125 804.688 679.688 132.812 734.375 828.125 554.688 757.812 726.562
-781.250 -250.000 15.625 -437.500 468.750 632.812 -265.625 703.125 585.938 62.500 921.875 695.312 460.938 1000.000 695.312
-781.250 -250.000 15.625 -437.500 468.750 632.812 -265.625 703.125 585.938 62.500 921.875 695.312 460.938 1000.000 695.312
-781.250 -156.250 -125.000 -515.625 601.562 554.688 -257.812 664.062 648.438 -62.500 726.562 632.812 148.438 890.625 453.125
-781.250 -156.250 -125.000 -515.625 601.562 554.688 -257.812 664.062 648.438 -62.500 726.562 632.812 148.438 890.625 453.125
-773.438 -164.062 -156.250 -507.812 609.375 570.312 -234.375 648.438 679.688 -31.250 687.500 648.438 171.875 882.812 445.312
-773.438 -164.062 -156.250 -507.812 609.375 570.312 -234.375 648.438 679.688 -31.250 687.500 648.438 171.875 882.812 445.312
-734.375 -304.688 -242.188 -492.188 445.312 625.000 -257.812 562.500 703.125 -85.938 664.062 703.125 125.000 820.312 546.875
-734.375 -304.688 -242.188 -492.188 445.312 625.000 -257.812 562.500 703.125 -85.938 664.062 703.125 125.000 820.312 546.875
-734.375 -304.688 -242.188 -492.188 445.312 625.000 -257.812 562.500 703.125 -85.938 664.062 703.125 125.000 820.312 546.875
-703.125 -375.000 -257.812 -484.375 437.500 625.000 -250.000 539.062 703.125 -85.938 632.812 695.312 132.812 789.062 546.875
-703.125 -375.000 -257.812 -484.375 437.500 625.000 -250.000 539.062 703.125 -85.938 632.812 695.312 132.812 789.062 546.875
-664.062 -437.500 -289.062 -476.562 398.438 617.188 -195.312 515.625 726.562 23.438 609.375 726.562 289.062 781.250 562.500
-664.062 -437.500 -289.062 -476.562 398.438 617.188 -195.312 515.625 726.562 23.438 609.375 726.562 289.062 781.250 562.500
-585.938 -429.688 -343.750 -429.688 421.875 640.625 -46.875 523.438 812.500 234.375 617.188 851.562 484.375 843.750 664.062
-585.938 -429.688 -343.750 -429.688 421.875 640.625 -46.875 523.438 812.500 234.375 617.188 851.562 484.375 843.750 664.062
-554.688 -375.000 -421.875 -375.000 453.125 617.188 -15.625 625.000 859.375 320.312 656.250 921.875 648.438 867.188 734.375
-554.688 -375.000 -421.875 -375.000 453.125 617.188 -15.625 625.000 859.375 320.312 656.250 921.875 648.438 867.188 734.375
-554.688 -375.000 -421.875 -375.000 453.125 617.188 -15.625 625.000 859.375 320.312 656.250 921.875 648.438 867.188 734.375
-476.562 -390.625 -507.812 -414.062 515.625 578.125 -7.812 656.250 859.375 398.438 718.750 953.125 695.312 968.750 765.625
-476.562 -390.625 -507.812 -414.062 515.625 578.125 -7.812 656.250 859.375 398.438 718.750 953.125 695.312 968.750 765.625
-468.750 -453.125 -531.250 -398.438 460.938 601.562 -62.500 828.125 921.875 203.125 804.688 859.375 539.062 1031.250 734.375
-468.750 -453.125 -531.250 -398.438 460.938 601.562 -62.500 828.125 921.875 203.125 804.688 859.375 539.062 1031.250 734.375
-375.000 -1078.125 -562.500 -468.750 -62.500 757.812 -335.938 406.250 773.438 -171.875 492.188 804.688 -203.125 710.938 515.625
-375.000 -1078.125 -562.500 -468.750 -62.500 757.812 -335.938 406.250 773.438 -171.875 492.188 804.688 -203.125 710.938 515.625
-375.000 -1078.125 -562.500 -468.750 -62.500 757.812 -335.938 406.250 773.438 -171.875 492.188 804.688 -203.125 710.938 515.625
-343.750 -1281.250 -546.875 -476.562 -179.688 804.688 -359.375 289.062 781.250 -250.000 484.375 742.188 -382.812 695.312 500.000
-343.750 -1281.250 -546.875 -476.562 -179.688 804.688 -359.375 289.062 781.250 -250.000 484.375 742.188 -382.812 695.312 500.000
-343.750 -1281.250 -546.875 -476.562 -179.688 804.688 -359.375 289.062 781.250 -250.000 484.375 742.188 -382.812 695.312 500.000
-343.750 -1281.250 -546.875 -476.562 -179.688 804.688 -359.375 289.062 781.250 -250.000 484.375 742.188 -382.812 695.312 500.000
-296.875 -1890.625 -351.562 -203.125 -429.688 1109.375 -117.188 0.000 890.625 -421.875 109.375 523.438 -679.688 406.250 289.062
-296.875 -1890.625 -351.562 -203.125 -429.688 1109.375 -117.188 0.000 890.625 -421.875 109.375 523.438 -679.688 406.250 289.062
-296.875 -1882.812 -210.938 -218.750 -367.188 1125.000 -39.062 -39.062 1000.000 -359.375 15.625 578.125 -429.688 335.938 320.312
-296.875 -1882.812 -210.938 -218.750 -367.188 1125.000 -39.062 -39.062 1000.000 -359.375 15.625 578.125 -429.688 335.938 320.312
-312.500 -1882.812 -148.438 -210.938 -375.000 1085.938 -54.688 -70.312 960.938 -250.000 31.250 617.188 -281.250 320.312 375.000
-312.500 -1882.812 -148.438 -210.938 -375.000 1085.938 -54.688 -70.312 960.938 -250.000 31.250 617.188 -281.250 320.312 375.000
-312.500 -1882.812 -148.438 -210.938 -375.000 1085.938 -54.688 -70.312 960.938 -250.000 31.250 617.188 -281.250 320.312 375.000
-335.938 -1843.750 -39.062 -218.750 -546.875 1078.125 -117.188 -109.375 921.875 70.312 250.000 726.562 109.375 437.500 578.125
-335.938 -1843.750 -39.062 -218.750 -546.875 1078.125 -117.188 -109.375 921.875 70.312 250.000 726.562 109.375 437.500 578.125
-343.750 -1726.562 -85.938 -226.562 -710.938 976.562 -250.000 70.312 843.750 54.688 359.375 828.125 187.500 460.938 703.125
-343.750 -1726.562 -85.938 -226.562 -710.938 976.562 -250.000 70.312 843.750 54.688 359.375 828.125 187.500 460.938 703.125
-375.000 -1484.375 -187.500 -218.750 -617.188 1015.625 -296.875 7.812 859.375 -54.688 437.500 773.438 -23.438 625.000 671.875
-375.000 -1484.375 -187.500 -218.750 -617.188 1015.625 -296.875 7.812 859.375 -54.688 437.500 773.438 -23.438 625.000 671.875
-351.562 -1500.000 -210.938 -281.250 -476.562 968.750 -296.875 23.438 820.312 -250.000 437.500 609.375 -210.938 539.062 507.812
-351.562 -1500.000 -210.938 -281.250 -476.562 968.750 -296.875 23.438 820.312 -250.000 437.500 609.375 -210.938 539.062 507.812
-351.562 -1500.000 -210.938 -281.250 -476.562 968.750 -296.875 23.438 820.312 -250.000 437.500 609.375 -210.938 539.062 507.812
-398.438 -1468.750 -328.125 -304.688 -437.500 929.688 -351.562 54.688 781.250 -312.500 476.562 523.438 -273.438 578.125 445.312
-398.438 -1468.750 -328.125 -304.688 -437.500 929.688 -351.562 54.688 781.250 -312.500 476.562 523.438 -273.438 578.125 445.312
-226.562 -1343.750 -187.500 -343.750 -187.500 843.750 -359.375 195.312 781.250 -242.188 632.812 375.000 -93.750 929.688 289.062
-226.562 -1343.750 -187.500 -343.750 -187.500 843.750 -359.375 195.312 781.250 -242.188 632.812 375.000 -93.750 929.688 289.062
-203.125 -1195.312 -164.062 -367.188 -125.000 804.688 -375.000 210.938 773.438 -195.312 703.125 367.188 -15.625 1023.438 273.438
-203.125 -1195.312 -164.062 -367.188 -125.000 804.688 -375.000 210.938 773.438 -195.312 703.125 367.188 -15.625 1023.438 273.438
-398.438 -914.062 -242.188 -375.000 156.250 679.688 -367.188 460.938 640.625 39.062 1046.875 312.500 250.000 1210.938 351.562
-398.438 -914.062 -242.188 -375.000 156.250 679.688 -367.188 460.938 640.625 39.062 1046.875 312.500 250.000 1210.938 351.562
-398.438 -914.062 -242.188 -375.000 156.250 679.688 -367.188 460.938 640.625 39.062 1046.875 312.500 250.000 1210.938 351.562
-445.312 -703.125 -187.500 -398.438 265.625 625.000 -382.812 640.625 585.938 109.375 1210.938 304.688 460.938 1289.062 414.062
-445.312 -703.125 -187.500 -398.438 265.625 625.000 -382.812 640.625 585.938 109.375 1210.938 304.688 460.938 1289.062 414.062
-601.562 -492.188 -164.062 -421.875 523.438 523.438 -351.562 867.188 656.250 273.438 1234.375 367.188 656.250 1210.938 445.312
-601.562 -492.188 -164.062 -421.875 523.438 523.438 -351.562 867.188 656.250 273.438 1234.375 367.188 656.250 1210.938 445.312
-585.938 -281.250 85.938 -289.062 656.250 687.500 -148.438 898.438 757.812 546.875 1335.938 390.625 812.500 1281.250 539.062
-585.938 -281.250 85.938 -289.062 656.250 687.500 -148.438 898.438 757.812 546.875 1335.938 390.625 812.500 1281.250 539.062
-570.312 -226.562 140.625 -320.312 632.812 617.188 -117.188 992.188 789.062 523.438 1281.250 429.688 812.500 1289.062 562.500
-570.312 -226.562 140.625 -320.312 632.812 617.188 -117.188 992.188 789.062 523.438 1281.250 429.688 812.500 1289.062 562.500
-570.312 -226.562 140.625 -320.312 632.812 617.188 -117.188 992.188 789.062 523.438 1281.250 429.688 812.500 1289.062 562.500
-570.312 -421.875 281.250 -234.375 718.750 695.312 -132.812 953.125 710.938 476.562 1242.188 390.625 757.812 1031.250 562.500
-570.312 -421.875 281.250 -234.375 718.750 695.312 -132.812 953.125 710.938 476.562 1242.188 390.625 757.812 1031.250 562.500
-539.062 -507.812 304.688 -242.188 757.812 687.500 -132.812 921.875 695.312 445.312 1226.562 343.750 687.500 1023.438 562.500
-539.062 -507.812 304.688 -242.188 757.812 687.500 -132.812 921.875 695.312 445.312 1226.562 343.750 687.500 1023.438 562.500
-476.562 -671.875 351.562 -312.500 804.688 656.250 -195.312 898.438 648.438 281.250 1140.625 281.250 476.562 976.562 492.188
-476.562 -671.875 351.562 -312.500 804.688 656.250 -195.312 898.438 648.438 281.250 1140.625 281.250 476.562 976.562 492.188
-421.875 -796.875 375.000 -312.500 742.188 679.688 -234.375 843.750 664.062 148.438 1101.562 226.562 257.812 1007.812 453.125
-421.875 -796.875 375.000 -312.500 742.188 679.688 -234.375 843.750 664.062 148.438 1101.562 226.562 257.812 1007.812 453.125
-421.875 -796.875 375.000 -312.500 742.188 679.688 -234.375 843.750 664.062 148.438 1101.562 226.562 257.812 1007.812 453.125
-421.875 -765.625 375.000 -320.312 734.375 687.500 -242.188 820.312 640.625 93.750 1070.312 195.312 164.062 992.188 445.312
-421.875 -765.625 375.000 -320.312 734.375 687.500 -242.188 820.312 640.625 93.750 1070.312 195.312 164.062 992.188 445.312
-351.562 -757.812 460.938 -343.750 664.062 664.062 -289.062 773.438 609.375 7.812 1015.625 148.438 39.062 992.188 382.812
-351.562 -757.812 460.938 -343.750 664.062 664.062 -289.062 773.438 609.375 7.812 1015.625 148.438 39.062 992.188 382.812
-304.688 -796.875 507.812 -359.375 640.625 640.625 -312.500 750.000 570.312 7.812 1000.000 125.000 85.938 960.938 367.188
-304.688 -796.875 507.812 -359.375 640.625 640.625 -312.500 750.000 570.312 7.812 1000.000 125.000 85.938 960.938 367.188
-304.688 -796.875 507.812 -359.375 640.625 640.625 -312.500 750.000 570.312 7.812 1000.000 125.000 85.938 960.938 367.188
-203.125 -828.125 632.812 -437.500 703.125 539.062 -359.375 789.062 515.625 54.688 1023.438 171.875 226.562 906.250 445.312
-203.125 -828.125 632.812 -437.500 703.125 539.062 -359.375 789.062 515.625 54.688 1023.438 171.875 226.562 906.250 445.312
-210.938 -804.688 632.812 -429.688 710.938 539.062 -359.375 796.875 523.438 39.062 1031.250 187.500 203.125 890.625 453.125
-210.938 -804.688 632.812 -429.688 710.938 539.062 -359.375 796.875 523.438 39.062 1031.250 187.500 203.125 890.625 453.125
-281.250 -726.562 578.125 -429.688 703.125 554.688 -351.562 789.062 531.250 -7.812 984.375 148.438 109.375 906.250 406.250
-281.250 -726.562 578.125 -429.688 703.125 554.688 -351.562 789.062 531.250 -7.812 984.375 148.438 109.375 906.250 406.250
-320.312 -710.938 523.438 -460.938 679.688 539.062 -406.250 742.188 476.562 -93.750 937.500 54.688 7.812 898.438 320.312
-320.312 -710.938 523.438 -460.938 679.688 539.062 -406.250 742.188 476.562 -93.750 937.500 54.688 7.812 898.438 320.312
-250.000 -812.500 593.750 -437.500 664.062 546.875 -390.625 750.000 492.188 -70.312 937.500 109.375 15.625 867.188 359.375
-250.000 -812.500 593.750 -437.500 664.062 546.875 -390.625 750.000 492.188 -70.312 937.500 109.375 15.625 867.188 359.375
-250.000 -812.500 593.750 -437.500 664.062 546.875 -390.625 750.000 492.188 -70.312 937.500 109.375 15.625 867.188 359.375
-250.000 -812.500 593.750 -437.500 664.062 546.875 -390.625 750.000 492.188 -70.312 937.500 109.375 15.625 867.188 359.375
-250.000 -812.500 593.750 -437.500 664.062 546.875 -390.625 750.000 492.188 -70.312 937.500 109.375 15.625 867.188 359.375
-351.562 -765.625 507.812 -406.250 695.312 562.500 -367.188 781.250 500.000 -93.750 984.375 54.688 -23.438 914.062 367.188
-351.562 -765.625 507.812 -406.250 695.312 562.500 -367.188 781.250 500.000 -93.750 984.375 54.688 -23.438 914.062 367.188
-351.562 -742.188 523.438 -382.812 710.938 562.500 -367.188 796.875 507.812 -85.938 992.188 70.312 0.000 929.688 375.000
-351.562 -742.188 523.438 -382.812 710.938 562.500 -367.188 796.875 507.812 -85.938 992.188 70.312 0.000 929.688 375.000
-304.688 -742.188 578.125 -406.250 718.750 554.688 -359.375 812.500 492.188 -46.875 1023.438 93.750 54.688 921.875 414.062
-304.688 -742.188 578.125 -406.250 718.750 554.688 -359.375 812.500 492.188 -46.875 1023.438 93.750 54.688 921.875 414.062
-304.688 -742.188 578.125 -406.250 718.750 554.688 -359.375 812.500 492.188 -46.875 1023.438 93.750 54.688 921.875 414.062
-289.062 -765.625 601.562 -414.062 726.562 546.875 -359.375 796.875 515.625 -62.500 1015.625 85.938 39.062 921.875 414.062
-289.062 -765.625 601.562 -414.062 726.562 546.875 -359.375 796.875 515.625 -62.500 1015.625 85.938 39.062 921.875 414.062
-296.875 -765.625 601.562 -398.438 718.750 562.500 -351.562 796.875 515.625 -54.688 1007.812 85.938 23.438 945.312 390.625
-296.875 -765.625 601.562 -398.438 718.750 562.500 -351.562 796.875 515.625 -54.688 1007.812 85.938 23.438 945.312 390.625
-273.438 -781.250 617.188 -406.250 703.125 554.688 -382.812 773.438 484.375 -117.188 937.500 7.812 -125.000 945.312 312.500
-273.438 -781.250 617.188 -406.250 703.125 554.688 -382.812 773.438 484.375 -117.188 937.500 7.812 -125.000 945.312 312.500
-250.000 -796.875 609.375 -421.875 679.688 539.062 -375.000 757.812 484.375 -156.250 937.500 15.625 -156.250 953.125 304.688
-250.000 -796.875 609.375 -421.875 679.688 539.062 -375.000 757.812 484.375 -156.250 937.500 15.625 -156.250 953.125 304.688
-250.000 -796.875 609.375 -421.875 679.688 539.062 -375.000 757.812 484.375 -156.250 937.500 15.625 -156.250 953.125 304.688
-210.938 -835.938 648.438 -429.688 687.500 539.062 -406.250 781.250 445.312 -179.688 968.750 7.812 -93.750 914.062 343.750
-210.938 -835.938 648.438 -429.688 687.500 539.062 -406.250 781.250 445.312 -179.688 968.750 7.812 -93.750 914.062 343.750
-250.000 -796.875 617.188 -437.500 718.750 515.625 -414.062 804.688 445.312 -156.250 992.188 31.250 -54.688 914.062 367.188
-250.000 -796.875 617.188 -437.500 718.750 515.625 -414.062 804.688 445.312 -156.250 992.188 31.250 -54.688 914.062 367.188
-257.812 -703.125 625.000 -437.500 757.812 507.812 -406.250 812.500 460.938 -109.375 1015.625 54.688 7.812 929.688 398.438
-257.812 -703.125 625.000 -437.500 757.812 507.812 -406.250 812.500 460.938 -109.375 1015.625 54.688 7.812 929.688 398.438
-265.625 -640.625 640.625 -429.688 734.375 507.812 -382.812 796.875 484.375 -78.125 1007.812 85.938 7.812 945.312 421.875
-265.625 -640.625 640.625 -429.688 734.375 507.812 -382.812 796.875 484.375 -78.125 1007.812 85.938 7.812 945.312 421.875
-265.625 -640.625 640.625 -429.688 734.375 507.812 -382.812 796.875 484.375 -78.125 1007.812 85.938 7.812 945.312 421.875
-257.812 -664.062 656.250 -437.500 726.562 515.625 -390.625 789.062 500.000 -93.750 984.375 85.938 -7.812 906.250 406.250
-257.812 -664.062 656.250 -437.500 726.562 515.625 -390.625 789.062 500.000 -93.750 984.375 85.938 -7.812 906.250 406.250
-203.125 -679.688 695.312 -437.500 718.750 539.062 -382.812 757.812 500.000 -125.000 890.625 46.875 -15.625 898.438 367.188
-203.125 -679.688 695.312 -437.500 718.750 539.062 -382.812 757.812 500.000 -125.000 890.625 46.875 -15.625 898.438 367.188
-226.562 -757.812 750.000 -398.438 710.938 546.875 -320.312 796.875 554.688 70.312 1070.312 203.125 265.625 898.438 507.812
-226.562 -757.812 750.000 -398.438 710.938 546.875 -320.312 796.875 554.688 70.312 1070.312 203.125 265.625 898.438 507.812
-179.688 -718.750 812.500 -351.562 750.000 539.062 -210.938 851.562 585.938 257.812 1156.250 257.812 406.250 906.250 570.312
-179.688 -718.750 812.500 -351.562 750.000 539.062 -210.938 851.562 585.938 257.812 1156.250 257.812 406.250 906.250 570.312
-179.688 -718.750 812.500 -351.562 750.000 539.062 -210.938 851.562 585.938 257.812 1156.250 257.812 406.250 906.250 570.312
-250.000 -328.125 812.500 -359.375 921.875 398.438 -242.188 1023.438 492.188 296.875 1335.938 234.375 734.375 1218.750 742.188
-250.000 -328.125 812.500 -359.375 921.875 398.438 -242.188 1023.438 492.188 296.875 1335.938 234.375 734.375 1218.750 742.188
-468.750 -15.625 585.938 -351.562 1117.188 304.688 -203.125 1117.188 476.562 531.250 1375.000 281.250 828.125 843.750 500.000
-468.750 -15.625 585.938 -351.562 1117.188 304.688 -203.125 1117.188 476.562 531.250 1375.000 281.250 828.125 843.750 500.000
-640.625 406.250 257.812 -242.188 1023.438 125.000 -335.938 1117.188 257.812 218.750 1367.188 125.000 1937.500 960.938 1078.125
-640.625 406.250 257.812 -242.188 1023.438 125.000 -335.938 1117.188 257.812 218.750 1367.188 125.000 1937.500 960.938 1078.125
-617.188 437.500 140.625 -460.938 890.625 -46.875 -398.438 867.188 62.500 -148.438 1945.312 132.812 1328.125 1937.500 1304.688
-617.188 437.500 140.625 -460.938 890.625 -46.875 -398.438 867.188 62.500 -148.438 1945.312 132.812 1328.125 1937.500 1304.688
-617.188 437.500 140.625 -460.938 890.625 -46.875 -398.438 867.188 62.500 -148.438 1945.312 132.812 1328.125 1937.500 1304.688
-625.000 554.688 -234.375 -515.625 1109.375 -195.312 -375.000 1046.875 367.188 -15.625 1625.000 85.938 1203.125 1734.375 531.250
-625.000 554.688 -234.375 -515.625 1109.375 -195.312 -375.000 1046.875 367.188 -15.625 1625.000 85.938 1203.125 1734.375 531.250
-632.812 578.125 -367.188 -367.188 781.250 -15.625 -203.125 945.312 343.750 39.062 1406.250 0.000 1132.812 2085.938 546.875
-632.812 578.125 -367.188 -367.188 781.250 -15.625 -203.125 945.312 343.750 39.062 1406.250 0.000 1132.812 2085.938 546.875
-671.875 476.562 -1195.312 -640.625 -125.000 70.312 -414.062 148.438 671.875 -203.125 1210.938 500.000 890.625 2585.938 539.062
-671.875 476.562 -1195.312 -640.625 -125.000 70.312 -414.062 148.438 671.875 -203.125 1210.938 500.000 890.625 2585.938 539.062
-656.250 359.375 -1351.562 -578.125 -406.250 304.688 -312.500 39.062 828.125 -359.375 992.188 578.125 882.812 2507.812 539.062
-656.250 359.375 -1351.562 -578.125 -406.250 304.688 -312.500 39.062 828.125 -359.375 992.188 578.125 882.812 2507.812 539.062
-656.250 359.375 -1351.562 -578.125 -406.250 304.688 -312.500 39.062 828.125 -359.375 992.188 578.125 882.812 2507.812 539.062
-562.500 109.375 -1632.812 -414.062 -781.250 757.812 -242.188 -195.312 976.562 -351.562 796.875 656.250 742.188 2476.562 429.688
-562.500 109.375 -1632.812 -414.062 -781.250 757.812 -242.188 -195.312 976.562 -351.562 796.875 656.250 742.188 2476.562 429.688
-507.812 7.812 -1781.250 -265.625 -945.312 953.125 -171.875 -242.188 1015.625 -359.375 671.875 671.875 703.125 2476.562 421.875
-507.812 7.812 -1781.250 -265.625 -945.312 953.125 -171.875 -242.188 1015.625 -359.375 671.875 671.875 703.125 2476.562 421.875
-445.312 -421.875 -2187.500 -164.062 -1046.875 1132.812 -101.562 -343.750 1039.062 -351.562 437.500 781.250 296.875 2257.812 148.438
-445.312 -421.875 -2187.500 -164.062 -1046.875 1132.812 -101.562 -343.750 1039.062 -351.562 437.500 781.250 296.875 2257.812 148.438
-445.312 -765.625 -2390.625 -62.500 -734.375 851.562 -70.312 -203.125 914.062 -281.250 125.000 726.562 23.438 1679.688 -93.750
-445.312 -765.625 -2390.625 -62.500 -734.375 851.562 -70.312 -203.125 914.062 -281.250 125.000 726.562 23.438 1679.688 -93.750
-445.312 -765.625 -2390.625 -62.500 -734.375 851.562 -70.312 -203.125 914.062 -281.250 125.000 726.562 23.438 1679.688 -93.750
-421.875 -1046.875 -2500.000 -78.125 -789.062 703.125 54.688 -359.375 726.562 -234.375 0.000 539.062 -429.688 1164.062 -398.438
-421.875 -1046.875 -2500.000 -78.125 -789.062 703.125 54.688 -359.375 726.562 -234.375 0.000 539.062 -429.688 1164.062 -398.438
-539.062 -1546.875 -2398.438 31.250 -1171.875 835.938 31.250 -726.562 632.812 -414.062 -367.188 281.250 -625.000 585.938 -453.125
-539.062 -1546.875 -2398.438 31.250 -1171.875 835.938 31.250 -726.562 632.812 -414.062 -367.188 281.250 -625.000 585.938 -453.125
-531.250 -1796.875 -2296.875 46.875 -1226.562 898.438 39.062 -820.312 648.438 -445.312 -515.625 210.938 -742.188 335.938 -593.750
-531.250 -1796.875 -2296.875 46.875 -1226.562 898.438 39.062 -820.312 648.438 -445.312 -515.625 210.938 -742.188 335.938 -593.750
-406.250 -2171.875 -1507.812 125.000 -1296.875 953.125 15.625 -1046.875 570.312 -710.938 -882.812 -62.500 -1039.062 -328.125 -1007.812
-406.250 -2171.875 -1507.812 125.000 -1296.875 953.125 15.625 -1046.875 570.312 -710.938 -882.812 -62.500 -1039.062 -328.125 -1007.812
-406.250 -2171.875 -1507.812 125.000 -1296.875 953.125 15.625 -1046.875 570.312 -710.938 -882.812 -62.500 -1039.062 -328.125 -1007.812
-359.375 -2148.438 -1273.438 85.938 -1234.375 929.688 -15.625 -1070.312 554.688 -742.188 -945.312 -85.938 -1078.125 -453.125 -968.750
-359.375 -2148.438 -1273.438 85.938 -1234.375 929.688 -15.625 -1070.312 554.688 -742.188 -945.312 -85.938 -1078.125 -453.125 -968.750
-312.500 -1765.625 -609.375 -210.938 -1195.312 796.875 -179.688 -1101.562 507.812 -671.875 -1031.250 15.625 -984.375 -640.625 -539.062
-312.500 -1765.625 -609.375 -210.938 -1195.312 796.875 -179.688 -1101.562 507.812 -671.875 -1031.250 15.625 -984.375 -640.625 -539.062
-187.500 -1476.562 -312.500 -304.688 -1054.688 718.750 -234.375 -1054.688 515.625 -617.188 -1023.438 117.188 -914.062 -679.688 -281.250
-187.500 -1476.562 -312.500 -304.688 -1054.688 718.750 -234.375 -1054.688 515.625 -617.188 -1023.438 117.188 -914.062 -679.688 -281.250
-218.750 -1062.500 -265.625 -414.062 -976.562 671.875 -289.062 -921.875 531.250 -617.188 -953.125 250.000 -851.562 -585.938 0.000
-218.750 -1062.500 -265.625 -414.062 -976.562 671.875 -289.062 -921.875 531.250 -617.188 -953.125 250.000 -851.562 -585.938 0.000
-218.750 -1062.500 -265.625 -414.062 -976.562 671.875 -289.062 -921.875 531.250 -617.188 -953.125 250.000 -851.562 -585.938 0.000
-539.062 -359.375 -570.312 -406.250 -710.938 648.438 -257.812 -757.812 562.500 -421.875 -781.250 414.062 -773.438 -398.438 343.750
-539.062 -359.375 -570.312 -406.250 -710.938 648.438 -257.812 -757.812 562.500 -421.875 -781.250 414.062 -773.438 -398.438 343.750
-578.125 -164.062 -664.062 -421.875 -625.000 625.000 -250.000 -671.875 562.500 -390.625 -718.750 437.500 -765.625 -359.375 398.438
-578.125 -164.062 -664.062 -421.875 -625.000 625.000 -250.000 -671.875 562.500 -390.625 -718.750 437.500 -765.625 -359.375 398.438
-640.625 117.188 -781.250 -367.188 -437.500 562.500 -218.750 -554.688 578.125 -367.188 -625.000 484.375 -789.062 -226.562 453.125
-640.625 117.188 -781.250 -367.188 -437.500 562.500 -218.750 -554.688 578.125 -367.188 -625.000 484.375 -789.062 -226.562 453.125
-640.625 187.500 -812.500 -226.562 -398.438 625.000 -109.375 -484.375 648.438 -265.625 -632.812 554.688 -804.688 -242.188 476.562
-640.625 187.500 -812.500 -226.562 -398.438 625.000 -109.375 -484.375 648.438 -265.625 -632.812 554.688 -804.688 -242.188 476.562
-640.625 187.500 -812.500 -226.562 -398.438 625.000 -109.375 -484.375 648.438 -265.625 -632.812 554.688 -804.688 -242.188 476.562
-609.375 54.688 -781.250 -109.375 -437.500 687.500 -7.812 -507.812 734.375 -164.062 -703.125 617.188 -773.438 -304.688 507.812
-609.375 54.688 -781.250 -109.375 -437.500 687.500 -7.812 -507.812 734.375 -164.062 -703.125 617.188 -773.438 -304.688 507.812
-570.312 -304.688 -781.250 -23.438 -578.125 765.625 46.875 -601.562 765.625 -195.312 -812.500 578.125 -750.000 -398.438 476.562
-570.312 -304.688 -781.250 -23.438 -578.125 765.625 46.875 -601.562 765.625 -195.312 -812.500 578.125 -750.000 -398.438 476.562
-515.625 -484.375 -742.188 -54.688 -640.625 765.625 46.875 -648.438 750.000 -203.125 -835.938 539.062 -781.250 -437.500 406.250
-515.625 -484.375 -742.188 -54.688 -640.625 765.625 46.875 -648.438 750.000 -203.125 -835.938 539.062 -781.250 -437.500 406.250
-484.375 -546.875 -718.750 -70.312 -664.062 750.000 23.438 -687.500 726.562 -226.562 -835.938 507.812 -789.062 -414.062 414.062
-484.375 -546.875 -718.750 -70.312 -664.062 750.000 23.438 -687.500 726.562 -226.562 -835.938 507.812 -789.062 -414.062 414.062
-484.375 -546.875 -718.750 -70.312 -664.062 750.000 23.438 -687.500 726.562 -226.562 -835.938 507.812 -789.062 -414.062 414.062
-539.062 -539.062 -757.812 -132.812 -734.375 726.562 7.812 -757.812 710.938 -226.562 -929.688 484.375 -781.250 -554.688 398.438
-539.062 -539.062 -757.812 -132.812 -734.375 726.562 7.812 -757.812 710.938 -226.562 -929.688 484.375 -781.250 -554.688 398.438
-578.125 -343.750 -820.312 -148.438 -765.625 750.000 23.438 -789.062 726.562 -242.188 -953.125 476.562 -812.500 -546.875 343.750
-578.125 -343.750 -820.312 -148.438 -765.625 750.000 23.438 -789.062 726.562 -242.188 -953.125 476.562 -812.500 -546.875 343.750
-593.750 -226.562 -890.625 -164.062 -781.250 750.000 -7.812 -820.312 703.125 -296.875 -960.938 414.062 -859.375 -578.125 218.750
-593.750 -226.562 -890.625 -164.062 -781.250 750.000 -7.812 -820.312 703.125 -296.875 -960.938 414.062 -859.375 -578.125 218.750
-593.750 -140.625 -890.625 -343.750 -804.688 632.812 -179.688 -812.500 546.875 -437.500 -875.000 328.125 -890.625 -531.250 203.125
-593.750 -140.625 -890.625 -343.750 -804.688 632.812 -179.688 -812.500 546.875 -437.500 -875.000 328.125 -890.625 -531.250 203.125
-593.750 -140.625 -890.625 -343.750 -804.688 632.812 -179.688 -812.500 546.875 -437.500 -875.000 328.125 -890.625 -531.250 203.125
-593.750 -140.625 -890.625 -343.750 -804.688 632.812 -179.688 -812.500 546.875 -437.500 -875.000 328.125 -890.625 -531.250 203.125
-500.000 -210.938 -835.938 -367.188 -773.438 570.312 -171.875 -843.750 531.250 -421.875 -914.062 281.250 -890.625 -554.688 140.625
-531.250 -210.938 -828.125 -390.625 -843.750 578.125 -164.062 -906.250 507.812 -429.688 -960.938 226.562 -890.625 -617.188 70.312
-531.250 -210.938 -828.125 -390.625 -843.750 578.125 -164.062 -906.250 507.812 -429.688 -960.938 226.562 -890.625 -617.188 70.312
-531.250 -226.562 -828.125 -351.562 -906.250 593.750 -156.250 -914.062 484.375 -414.062 -968.750 195.312 -875.000 -617.188 39.062
-531.250 -226.562 -828.125 -351.562 -906.250 593.750 -156.250 -914.062 484.375 -414.062 -968.750 195.312 -875.000 -617.188 39.062
-546.875 -335.938 -890.625 -281.250 -945.312 679.688 -78.125 -976.562 523.438 -375.000 -992.188 125.000 -882.812 -632.812 -109.375
-546.875 -335.938 -890.625 -281.250 -945.312 679.688 -78.125 -976.562 523.438 -375.000 -992.188 125.000 -882.812 -632.812 -109.375
-546.875 -335.938 -890.625 -281.250 -945.312 679.688 -78.125 -976.562 523.438 -375.000 -992.188 125.000 -882.812 -632.812 -109.375
-546.875 -335.938 -890.625 -281.250 -945.312 679.688 -78.125 -976.562 523.438 -375.000 -992.188 125.000 -882.812 -632.812 -109.375
-546.875 -335.938 -890.625 -281.250 -945.312 679.688 -78.125 -976.562 523.438 -375.000 -992.188 125.000 -882.812 -632.812 -109.375
-460.938 -1148.438 -953.125 -93.750 -1203.125 898.438 -125.000 -1109.375 406.250 -515.625 -1015.625 -320.312 -914.062 -718.750 -1210.938
-460.938 -1148.438 -953.125 -93.750 -1203.125 898.438 -125.000 -1109.375 406.250 -515.625 -1015.625 -320.312 -914.062 -718.750 -1210.938
-375.000 -1421.875 -976.562 -117.188 -1203.125 929.688 -242.188 -1179.688 460.938 -570.312 -1125.000 -421.875 -796.875 -648.438 -1804.688
-375.000 -1421.875 -976.562 -117.188 -1203.125 929.688 -242.188 -1179.688 460.938 -570.312 -1125.000 -421.875 -796.875 -648.438 -1804.688
-335.938 -1640.625 -1070.312 -414.062 -1250.000 765.625 -164.062 -1078.125 546.875 -710.938 -1023.438 -328.125 -468.750 -93.750 -2179.688
-335.938 -1640.625 -1070.312 -414.062 -1250.000 765.625 -164.062 -1078.125 546.875 -710.938 -1023.438 -328.125 -468.750 -93.750 -2179.688
-335.938 -1640.625 -1070.312 -414.062 -1250.000 765.625 -164.062 -1078.125 546.875 -710.938 -1023.438 -328.125 -468.750 -93.750 -2179.688
-304.688 -1695.312 -1351.562 -492.188 -1554.688 773.438 -171.875 -734.375 890.625 -640.625 -132.812 429.688 -429.688 1953.125 -234.375
-304.688 -1695.312 -1351.562 -492.188 -1554.688 773.438 -171.875 -734.375 890.625 -640.625 -132.812 429.688 -429.688 1953.125 -234.375
-234.375 -1609.375 -1562.500 -609.375 -1554.688 789.062 -312.500 -671.875 843.750 -1289.062 453.125 789.062 -734.375 2976.562 1468.750
-234.375 -1609.375 -1562.500 -609.375 -1554.688 789.062 -312.500 -671.875 843.750 -1289.062 453.125 789.062 -734.375 2976.562 1468.750
-226.562 -1320.312 -2023.438 -820.312 -1695.312 640.625 -1039.062 -257.812 546.875 -843.750 1312.500 1179.688 335.938 2218.750 2023.438
-226.562 -1320.312 -2023.438 -820.312 -1695.312 640.625 -1039.062 -257.812 546.875 -843.750 1312.500 1179.688 335.938 2218.750 2023.438
-273.438 -1445.312 -2273.438 -1000.000 -687.500 195.312 -453.125 0.000 718.750 -351.562 531.250 898.438 78.125 1406.250 867.188
-273.438 -1445.312 -2273.438 -1000.000 -687.500 195.312 -453.125 0.000 718.750 -351.562 531.250 898.438 78.125 1406.250 867.188
-273.438 -1445.312 -2273.438 -1000.000 -687.500 195.312 -453.125 0.000 718.750 -351.562 531.250 898.438 78.125 1406.250 867.188
-117.188 -992.188 -2390.625 -1179.688 -515.625 7.812 -398.438 117.188 601.562 -148.438 601.562 632.812 -23.438 1382.812 132.812
-117.188 -992.188 -2390.625 -1179.688 -515.625 7.812 -398.438 117.188 601.562 -148.438 601.562 632.812 -23.438 1382.812 132.812
-218.750 -531.250 -2546.875 -984.375 -601.562 23.438 -421.875 375.000 476.562 -140.625 1078.125 554.688 148.438 1890.625 148.438
-218.750 -531.250 -2546.875 -984.375 -601.562 23.438 -421.875 375.000 476.562 -140.625 1078.125 554.688 148.438 1890.625 148.438
-250.000 -398.438 -2554.688 -906.250 -437.500 0.000 -414.062 460.938 445.312 -140.625 1109.375 570.312 195.312 1875.000 179.688
-250.000 -398.438 -2554.688 -906.250 -437.500 0.000 -414.062 460.938 445.312 -140.625 1109.375 570.312 195.312 1875.000 179.688
-343.750 101.562 -2093.750 -773.438 476.562 -312.500 -210.938 1031.250 390.625 164.062 1429.688 632.812 617.188 2117.188 148.438
-343.750 101.562 -2093.750 -773.438 476.562 -312.500 -210.938 1031.250 390.625 164.062 1429.688 632.812 617.188 2117.188 148.438
-343.750 101.562 -2093.750 -773.438 476.562 -312.500 -210.938 1031.250 390.625 164.062 1429.688 632.812 617.188 2117.188 148.438
-367.188 195.312 -1851.562 -617.188 687.500 -250.000 -109.375 1171.875 445.312 320.312 1492.188 718.750 851.562 2140.625 234.375
-367.188 195.312 -1851.562 -617.188 687.500 -250.000 -109.375 1171.875 445.312 320.312 1492.188 718.750 851.562 2140.625 234.375
-351.562 539.062 -1320.312 -296.875 1250.000 -187.500 140.625 1257.812 445.312 531.250 1562.500 781.250 1242.188 2070.312 437.500
-351.562 539.062 -1320.312 -296.875 1250.000 -187.500 140.625 1257.812 445.312 531.250 1562.500 781.250 1242.188 2070.312 437.500
-414.062 1093.750 -476.562 101.562 1710.938 54.688 429.688 1492.188 500.000 867.188 1578.125 851.562 1554.688 1859.375 671.875
-414.062 1093.750 -476.562 101.562 1710.938 54.688 429.688 1492.188 500.000 867.188 1578.125 851.562 1554.688 1859.375 671.875
-484.375 1218.750 -54.688 343.750 1632.812 320.312 484.375 1515.625 515.625 992.188 1437.500 937.500 1703.125 1570.312 851.562
-484.375 1218.750 -54.688 343.750 1632.812 320.312 484.375 1515.625 515.625 992.188 1437.500 937.500 1703.125 1570.312 851.562
-484.375 1218.750 -54.688 343.750 1632.812 320.312 484.375 1515.625 515.625 992.188 1437.500 937.500 1703.125 1570.312 851.562
-656.250 789.062 328.125 218.750 1265.625 421.875 406.250 1226.562 546.875 671.875 1156.250 835.938 1132.812 1242.188 734.375
-656.250 789.062 328.125 218.750 1265.625 421.875 406.250 1226.562 546.875 671.875 1156.250 835.938 1132.812 1242.188 734.375
-625.000 531.250 398.438 117.188 1140.625 476.562 312.500 1148.438 593.750 523.438 1031.250 820.312 843.750 1148.438 625.000
-625.000 531.250 398.438 117.188 1140.625 476.562 312.500 1148.438 593.750 523.438 1031.250 820.312 843.750 1148.438 625.000
-617.188 70.312 515.625 -140.625 953.125 460.938 -39.062 960.938 484.375 70.312 906.250 632.812 296.875 992.188 476.562
-617.188 70.312 515.625 -140.625 953.125 460.938 -39.062 960.938 484.375 70.312 906.250 632.812 296.875 992.188 476.562
-585.938 -765.625 656.250 -359.375 796.875 429.688 -289.062 812.500 460.938 -265.625 765.625 539.062 -125.000 906.250 304.688
-585.938 -765.625 656.250 -359.375 796.875 429.688 -289.062 812.500 460.938 -265.625 765.625 539.062 -125.000 906.250 304.688
-585.938 -765.625 656.250 -359.375 796.875 429.688 -289.062 812.500 460.938 -265.625 765.625 539.062 -125.000 906.250 304.688
-625.000 -867.188 625.000 -414.062 789.062 390.625 -328.125 781.250 453.125 -296.875 734.375 531.250 -187.500 882.812 289.062
-625.000 -867.188 625.000 -414.062 789.062 390.625 -328.125 781.250 453.125 -296.875 734.375 531.250 -187.500 882.812 289.062
-687.500 -843.750 578.125 -421.875 789.062 382.812 -343.750 773.438 437.500 -351.562 734.375 500.000 -242.188 882.812 265.625
-687.500 -843.750 578.125 -421.875 789.062 382.812 -343.750 773.438 437.500 -351.562 734.375 500.000 -242.188 882.812 265.625
-734.375 -562.500 500.000 -343.750 898.438 304.688 -312.500 890.625 398.438 -296.875 828.125 523.438 -132.812 976.562 304.688
-734.375 -562.500 500.000 -343.750 898.438 304.688 -312.500 890.625 398.438 -296.875 828.125 523.438 -132.812 976.562 304.688
-734.375 -562.500 500.000 -343.750 898.438 304.688 -312.500 890.625 398.438 -296.875 828.125 523.438 -132.812 976.562 304.688
-734.375 -562.500 500.000 -343.750 898.438 304.688 -312.500 890.625 398.438 -296.875 828.125 523.438 -132.812 976.562 304.688
-734.375 -562.500 500.000 -343.750 898.438 304.688 -312.500 890.625 398.438 -296.875 828.125 523.438 -132.812 976.562 304.688
-765.625 -85.938 460.938 -281.250 1210.938 171.875 -242.188 1046.875 390.625 -148.438 937.500 601.562 117.188 1039.062 437.500
-765.625 -85.938 460.938 -281.250 1210.938 171.875 -242.188 1046.875 390.625 -148.438 937.500 601.562 117.188 1039.062 437.500
-773.438 0.000 453.125 -265.625 1171.875 171.875 -257.812 1039.062 382.812 -179.688 937.500 593.750 62.500 1031.250 429.688
-773.438 0.000 453.125 -265.625 1171.875 171.875 -257.812 1039.062 382.812 -179.688 937.500 593.750 62.500 1031.250 429.688
-812.500 -7.812 445.312 -289.062 1039.062 242.188 -296.875 984.375 382.812 -257.812 890.625 554.688 -78.125 1007.812 382.812
-812.500 -7.812 445.312 -289.062 1039.062 242.188 -296.875 984.375 382.812 -257.812 890.625 554.688 -78.125 1007.812 382.812
-742.188 -289.062 570.312 -343.750 921.875 304.688 -359.375 859.375 421.875 -359.375 781.250 539.062 -273.438 929.688 351.562
-742.188 -289.062 570.312 -343.750 921.875 304.688 -359.375 859.375 421.875 -359.375 781.250 539.062 -273.438 929.688 351.562
-742.188 -289.062 570.312 -343.750 921.875 304.688 -359.375 859.375 421.875 -359.375 781.250 539.062 -273.438 929.688 351.562
-750.000 -414.062 578.125 -382.812 875.000 320.312 -375.000 820.312 421.875 -398.438 742.188 531.250 -335.938 898.438 312.500
-750.000 -414.062 578.125 -382.812 875.000 320.312 -375.000 820.312 421.875 -398.438 742.188 531.250 -335.938 898.438 312.500
-835.938 -554.688 445.312 -289.062 812.500 414.062 -226.562 781.250 507.812 -234.375 687.500 578.125 -179.688 859.375 335.938
-835.938 -554.688 445.312 -289.062 812.500 414.062 -226.562 781.250 507.812 -234.375 687.500 578.125 -179.688 859.375 335.938
-851.562 -492.188 406.250 -250.000 820.312 445.312 -148.438 781.250 539.062 -148.438 710.938 601.562 -85.938 867.188 359.375
-851.562 -492.188 406.250 -250.000 820.312 445.312 -148.438 781.250 539.062 -148.438 710.938 601.562 -85.938 867.188 359.375
-898.438 -382.812 335.938 -203.125 820.312 460.938 -93.750 781.250 523.438 -78.125 757.812 601.562 54.688 898.438 406.250
-898.438 -382.812 335.938 -203.125 820.312 460.938 -93.750 781.250 523.438 -78.125 757.812 601.562 54.688 898.438 406.250
-898.438 -382.812 335.938 -203.125 820.312 460.938 -93.750 781.250 523.438 -78.125 757.812 601.562 54.688 898.438 406.250
-882.812 -382.812 304.688 -242.188 820.312 406.250 -93.750 835.938 531.250 -85.938 773.438 632.812 46.875 929.688 398.438
-882.812 -382.812 304.688 -242.188 820.312 406.250 -93.750 835.938 531.250 -85.938 773.438 632.812 46.875 929.688 398.438
-851.562 -375.000 312.500 -148.438 828.125 492.188 -15.625 851.562 562.500 31.250 804.688 687.500 148.438 937.500 500.000
-851.562 -375.000 312.500 -148.438 828.125 492.188 -15.625 851.562 562.500 31.250 804.688 687.500 148.438 937.500 500.000
-804.688 -398.438 343.750 -242.188 859.375 445.312 -85.938 773.438 554.688 -70.312 750.000 617.188 23.438 914.062 390.625
-804.688 -398.438 343.750 -242.188 859.375 445.312 -85.938 773.438 554.688 -70.312 750.000 617.188 23.438 914.062 390.625
-718.750 -343.750 343.750 -367.188 1039.062 476.562 93.750 703.125 671.875 -78.125 703.125 656.250 -218.750 906.250 226.562
-718.750 -343.750 343.750 -367.188 1039.062 476.562 93.750 703.125 671.875 -78.125 703.125 656.250 -218.750 906.250 226.562
-718.750 -343.750 343.750 -367.188 1039.062 476.562 93.750 703.125 671.875 -78.125 703.125 656.250 -218.750 906.250 226.562
-718.750 -343.750 343.750 -367.188 1039.062 476.562 93.750 703.125 671.875 -78.125 703.125 656.250 -218.750 906.250 226.562
-718.750 -343.750 343.750 -367.188 1039.062 476.562 93.750 703.125 671.875 -78.125 703.125 656.250 -218.750 906.250 226.562
-796.875 -539.062 531.250 -500.000 734.375 250.000 -617.188 968.750 226.562 -460.938 859.375 492.188 -343.750 1000.000 367.188
-796.875 -539.062 531.250 -500.000 734.375 250.000 -617.188 968.750 226.562 -460.938 859.375 492.188 -343.750 1000.000 367.188
-718.750 -710.938 546.875 -445.312 921.875 257.812 -273.438 882.812 281.250 -320.312 937.500 468.750 -304.688 1039.062 382.812
-718.750 -710.938 546.875 -445.312 921.875 257.812 -273.438 882.812 281.250 -320.312 937.500 468.750 -304.688 1039.062 382.812
-921.875 -437.500 351.562 -507.812 726.562 101.562 -765.625 1203.125 -39.062 -320.312 750.000 601.562 109.375 609.375 476.562
-921.875 -437.500 351.562 -507.812 726.562 101.562 -765.625 1203.125 -39.062 -320.312 750.000 601.562 109.375 609.375 476.562
-921.875 -437.500 351.562 -507.812 726.562 101.562 -765.625 1203.125 -39.062 -320.312 750.000 601.562 109.375 609.375 476.562
-820.312 -289.062 367.188 -773.438 757.812 -101.562 -796.875 929.688 140.625 -617.188 367.188 585.938 7.812 507.812 382.812
-820.312 -289.062 367.188 -773.438 757.812 -101.562 -796.875 929.688 140.625 -617.188 367.188 585.938 7.812 507.812 382.812
-710.938 -156.250 492.188 -1000.000 1109.375 132.812 -398.438 1148.438 1320.312 -1039.062 -46.875 906.250 -296.875 617.188 351.562
-710.938 -156.250 492.188 -1000.000 1109.375 132.812 -398.438 1148.438 1320.312 -1039.062 -46.875 906.250 -296.875 617.188 351.562
-906.250 187.500 335.938 -140.625 1851.562 1132.812 648.438 734.375 2164.062 1015.625 -445.312 765.625 -109.375 1164.062 234.375
-906.250 187.500 335.938 -140.625 1851.562 1132.812 648.438 734.375 2164.062 1015.625 -445.312 765.625 -109.375 1164.062 234.375
-906.250 187.500 335.938 -140.625 1851.562 1132.812 648.438 734.375 2164.062 1015.625 -445.312 765.625 -109.375 1164.062 234.375
-906.250 187.500 335.938 -140.625 1851.562 1132.812 648.438 734.375 2164.062 1015.625 -445.312 765.625 -109.375 1164.062 234.375
-906.250 187.500 335.938 -140.625 1851.562 1132.812 648.438 734.375 2164.062 1015.625 -445.312 765.625 -109.375 1164.062 234.375
-742.188 -375.000 156.250 -195.312 -195.312 437.500 -203.125 1750.000 -171.875 -15.625 726.562 -164.062 -429.688 625.000 -109.375
-742.188 -375.000 156.250 -195.312 -195.312 437.500 -203.125 1750.000 -171.875 -15.625 726.562 -164.062 -429.688 625.000 -109.375
-328.125 -679.688 414.062 -218.750 1039.062 578.125 -156.250 1023.438 406.250 -289.062 1093.750 148.438 -242.188 1023.438 500.000
-328.125 -679.688 414.062 -218.750 1039.062 578.125 -156.250 1023.438 406.250 -289.062 1093.750 148.438 -242.188 1023.438 500.000
-203.125 -718.750 554.688 -398.438 1195.312 320.312 -226.562 1046.875 445.312 -242.188 1125.000 125.000 -343.750 1242.188 476.562
-203.125 -718.750 554.688 -398.438 1195.312 320.312 -226.562 1046.875 445.312 -242.188 1125.000 125.000 -343.750 1242.188 476.562
-15.625 -929.688 960.938 -382.812 625.000 507.812 -382.812 773.438 226.562 -390.625 898.438 -7.812 -312.500 835.938 289.062
-15.625 -929.688 960.938 -382.812 625.000 507.812 -382.812 773.438 226.562 -390.625 898.438 -7.812 -312.500 835.938 289.062
-15.625 -929.688 960.938 -382.812 625.000 507.812 -382.812 773.438 226.562 -390.625 898.438 -7.812 -312.500 835.938 289.062
-140.625 -953.125 867.188 -445.312 718.750 414.062 -421.875 789.062 250.000 -351.562 835.938 70.312 -250.000 773.438 281.250
-140.625 -953.125 867.188 -445.312 718.750 414.062 -421.875 789.062 250.000 -351.562 835.938 70.312 -250.000 773.438 281.250
-304.688 -656.250 796.875 -421.875 734.375 492.188 -328.125 804.688 382.812 -195.312 929.688 148.438 -70.312 875.000 382.812
-304.688 -656.250 796.875 -421.875 734.375 492.188 -328.125 804.688 382.812 -195.312 929.688 148.438 -70.312 875.000 382.812
-312.500 -406.250 812.500 -359.375 757.812 554.688 -273.438 875.000 453.125 -117.188 1000.000 148.438 0.000 953.125 367.188
-312.500 -406.250 812.500 -359.375 757.812 554.688 -273.438 875.000 453.125 -117.188 1000.000 148.438 0.000 953.125 367.188
-367.188 -429.688 750.000 -375.000 820.312 539.062 -304.688 937.500 414.062 -164.062 1039.062 117.188 -23.438 968.750 382.812
-367.188 -429.688 750.000 -375.000 820.312 539.062 -304.688 937.500 414.062 -164.062 1039.062 117.188 -23.438 968.750 382.812
-367.188 -429.688 750.000 -375.000 820.312 539.062 -304.688 937.500 414.062 -164.062 1039.062 117.188 -23.438 968.750 382.812
-343.750 -585.938 718.750 -406.250 804.688 515.625 -359.375 906.250 328.125 -273.438 1000.000 54.688 -164.062 945.312 343.750
-343.750 -585.938 718.750 -406.250 804.688 515.625 -359.375 906.250 328.125 -273.438 1000.000 54.688 -164.062 945.312 343.750
-343.750 -585.938 718.750 -406.250 804.688 515.625 -359.375 906.250 328.125 -273.438 1000.000 54.688 -164.062 945.312 343.750
-343.750 -585.938 718.750 -406.250 804.688 515.625 -359.375 906.250 328.125 -273.438 1000.000 54.688 -164.062 945.312 343.750
-15.625 -882.812 921.875 -382.812 679.688 539.062 -421.875 867.188 281.250 -445.312 921.875 -31.250 -414.062 968.750 226.562
-15.625 -882.812 921.875 -382.812 679.688 539.062 -421.875 867.188 281.250 -445.312 921.875 -31.250 -414.062 968.750 226.562
-93.750 -804.688 835.938 -359.375 773.438 523.438 -421.875 921.875 273.438 -453.125 960.938 -46.875 -429.688 976.562 242.188
-93.750 -804.688 835.938 -359.375 773.438 523.438 -421.875 921.875 273.438 -453.125 960.938 -46.875 -429.688 976.562 242.188
-93.750 -804.688 835.938 -359.375 773.438 523.438 -421.875 921.875 273.438 -453.125 960.938 -46.875 -429.688 976.562 242.188
-85.938 -718.750 851.562 -351.562 906.250 468.750 -398.438 1000.000 273.438 -398.438 1023.438 15.625 -289.062 976.562 343.750
-85.938 -718.750 851.562 -351.562 906.250 468.750 -398.438 1000.000 273.438 -398.438 1023.438 15.625 -289.062 976.562 343.750
-195.312 -671.875 781.250 -335.938 882.812 484.375 -320.312 960.938 335.938 -257.812 1000.000 31.250 -179.688 984.375 320.312
-195.312 -671.875 781.250 -335.938 882.812 484.375 -320.312 960.938 335.938 -257.812 1000.000 31.250 -179.688 984.375 320.312
-265.625 -546.875 750.000 -289.062 835.938 531.250 -265.625 937.500 398.438 -210.938 1015.625 78.125 -93.750 960.938 367.188
-265.625 -546.875 750.000 -289.062 835.938 531.250 -265.625 937.500 398.438 -210.938 1015.625 78.125 -93.750 960.938 367.188
-265.625 -671.875 757.812 -257.812 789.062 562.500 -234.375 898.438 429.688 -179.688 1015.625 85.938 -85.938 960.938 367.188
-265.625 -671.875 757.812 -257.812 789.062 562.500 -234.375 898.438 429.688 -179.688 1015.625 85.938 -85.938 960.938 367.188
-265.625 -671.875 757.812 -257.812 789.062 562.500 -234.375 898.438 429.688 -179.688 1015.625 85.938 -85.938 960.938 367.188
-273.438 -687.500 734.375 -265.625 781.250 562.500 -242.188 882.812 398.438 -195.312 1007.812 70.312 -117.188 960.938 351.562
-273.438 -687.500 734.375 -265.625 781.250 562.500 -242.188 882.812 398.438 -195.312 1007.812 70.312 -117.188 960.938 351.562
-226.562 -718.750 757.812 -296.875 781.250 531.250 -289.062 875.000 375.000 -265.625 984.375 54.688 -195.312 945.312 328.125
-226.562 -718.750 757.812 -296.875 781.250 531.250 -289.062 875.000 375.000 -265.625 984.375 54.688 -195.312 945.312 328.125
-210.938 -710.938 742.188 -359.375 796.875 492.188 -351.562 851.562 343.750 -335.938 929.688 39.062 -218.750 906.250 296.875
-210.938 -710.938 742.188 -359.375 796.875 492.188 -351.562 851.562 343.750 -335.938 929.688 39.062 -218.750 906.250 296.875
-210.938 -656.250 742.188 -375.000 750.000 460.938 -375.000 835.938 335.938 -335.938 890.625 39.062 -234.375 906.250 273.438
-210.938 -656.250 742.188 -375.000 750.000 460.938 -375.000 835.938 335.938 -335.938 890.625 39.062 -234.375 906.250 273.438
-210.938 -656.250 742.188 -375.000 750.000 460.938 -375.000 835.938 335.938 -335.938 890.625 39.062 -234.375 906.250 273.438
-250.000 -695.312 734.375 -351.562 726.562 523.438 -320.312 820.312 390.625 -273.438 921.875 78.125 -171.875 914.062 335.938
-250.000 -695.312 734.375 -351.562 726.562 523.438 -320.312 820.312 390.625 -273.438 921.875 78.125 -171.875 914.062 335.938
-250.000 -687.500 726.562 -335.938 750.000 539.062 -328.125 843.750 390.625 -281.250 945.312 85.938 -179.688 914.062 343.750
-250.000 -687.500 726.562 -335.938 750.000 539.062 -328.125 843.750 390.625 -281.250 945.312 85.938 -179.688 914.062 343.750
-281.250 -625.000 703.125 -351.562 773.438 500.000 -335.938 867.188 375.000 -257.812 945.312 70.312 -156.250 929.688 328.125
-281.250 -625.000 703.125 -351.562 773.438 500.000 -335.938 867.188 375.000 -257.812 945.312 70.312 -156.250 929.688 328.125
-281.250 -625.000 703.125 -351.562 773.438 500.000 -335.938 867.188 375.000 -257.812 945.312 70.312 -156.250 929.688 328.125
-296.875 -640.625 703.125 -328.125 773.438 515.625 -312.500 851.562 398.438 -242.188 937.500 62.500 -210.938 945.312 312.500
-296.875 -640.625 703.125 -328.125 773.438 515.625 -312.500 851.562 398.438 -242.188 937.500 62.500 -210.938 945.312 312.500
-273.438 -656.250 726.562 -320.312 734.375 554.688 -296.875 843.750 429.688 -210.938 953.125 109.375 -125.000 937.500 351.562
-273.438 -656.250 726.562 -320.312 734.375 554.688 -296.875 843.750 429.688 -210.938 953.125 109.375 -125.000 937.500 351.562
-257.812 -671.875 726.562 -312.500 750.000 554.688 -304.688 851.562 414.062 -257.812 960.938 93.750 -164.062 929.688 343.750
-257.812 -671.875 726.562 -312.500 750.000 554.688 -304.688 851.562 414.062 -257.812 960.938 93.750 -164.062 929.688 343.750
-203.125 -710.938 750.000 -343.750 765.625 539.062 -343.750 851.562 375.000 -320.312 945.312 46.875 -226.562 929.688 304.688
-203.125 -710.938 750.000 -343.750 765.625 539.062 -343.750 851.562 375.000 -320.312 945.312 46.875 -226.562 929.688 304.688
-203.125 -710.938 750.000 -343.750 765.625 539.062 -343.750 851.562 375.000 -320.312 945.312 46.875 -226.562 929.688 304.688
-195.312 -726.562 750.000 -343.750 773.438 523.438 -343.750 875.000 375.000 -328.125 953.125 54.688 -234.375 937.500 304.688
-195.312 -726.562 750.000 -343.750 773.438 523.438 -343.750 875.000 375.000 -328.125 953.125 54.688 -234.375 937.500 304.688
-234.375 -710.938 742.188 -289.062 789.062 546.875 -281.250 906.250 414.062 -218.750 1007.812 70.312 -140.625 976.562 343.750
-234.375 -710.938 742.188 -289.062 789.062 546.875 -281.250 906.250 414.062 -218.750 1007.812 70.312 -140.625 976.562 343.750
-250.000 -710.938 726.562 -289.062 812.500 539.062 -281.250 906.250 406.250 -218.750 1000.000 85.938 -125.000 968.750 343.750
-250.000 -710.938 726.562 -289.062 812.500 539.062 -281.250 906.250 406.250 -218.750 1000.000 85.938 -125.000 968.750 343.750
-257.812 -687.500 718.750 -289.062 796.875 546.875 -289.062 898.438 406.250 -242.188 984.375 85.938 -117.188 945.312 328.125
-257.812 -687.500 718.750 -289.062 796.875 546.875 -289.062 898.438 406.250 -242.188 984.375 85.938 -117.188 945.312 328.125
-257.812 -687.500 718.750 -289.062 796.875 546.875 -289.062 898.438 406.250 -242.188 984.375 85.938 -117.188 945.312 328.125
-265.625 -648.438 710.938 -320.312 804.688 523.438 -296.875 898.438 398.438 -226.562 992.188 93.750 -109.375 937.500 359.375
-265.625 -648.438 710.938 -320.312 804.688 523.438 -296.875 898.438 398.438 -226.562 992.188 93.750 -109.375 937.500 359.375
-265.625 -632.812 718.750 -320.312 789.062 507.812 -304.688 875.000 406.250 -242.188 953.125 101.562 -140.625 929.688 335.938
-265.625 -632.812 718.750 -320.312 789.062 507.812 -304.688 875.000 406.250 -242.188 953.125 101.562 -140.625 929.688 335.938
-257.812 -656.250 718.750 -359.375 726.562 507.812 -343.750 812.500 390.625 -296.875 906.250 93.750 -179.688 890.625 328.125
-257.812 -656.250 718.750 -359.375 726.562 507.812 -343.750 812.500 390.625 -296.875 906.250 93.750 -179.688 890.625 328.125
-273.438 -664.062 695.312 -375.000 695.312 484.375 -367.188 765.625 359.375 -320.312 875.000 101.562 -226.562 859.375 328.125
-273.438 -664.062 695.312 -375.000 695.312 484.375 -367.188 765.625 359.375 -320.312 875.000 101.562 -226.562 859.375 328.125
-273.438 -664.062 695.312 -375.000 695.312 484.375 -367.188 765.625 359.375 -320.312 875.000 101.562 -226.562 859.375 328.125
-281.250 -632.812 695.312 -382.812 664.062 507.812 -367.188 757.812 382.812 -312.500 851.562 109.375 -218.750 843.750 335.938
-281.250 -632.812 695.312 -382.812 664.062 507.812 -367.188 757.812 382.812 -312.500 851.562 109.375 -218.750 843.750 335.938
-281.250 -625.000 695.312 -375.000 671.875 515.625 -375.000 750.000 390.625 -312.500 851.562 132.812 -210.938 843.750 343.750
-281.250 -625.000 695.312 -375.000 671.875 515.625 -375.000 750.000 390.625 -312.500 851.562 132.812 -210.938 843.750 343.750
-296.875 -609.375 679.688 -375.000 671.875 507.812 -367.188 757.812 398.438 -289.062 859.375 148.438 -164.062 828.125 359.375
-296.875 -609.375 679.688 -375.000 671.875 507.812 -367.188 757.812 398.438 -289.062 859.375 148.438 -164.062 828.125 359.375
-320.312 -617.188 671.875 -359.375 664.062 500.000 -335.938 750.000 406.250 -265.625 859.375 148.438 -156.250 851.562 359.375
-320.312 -617.188 671.875 -359.375 664.062 500.000 -335.938 750.000 406.250 -265.625 859.375 148.438 -156.250 851.562 359.375
-320.312 -617.188 671.875 -359.375 664.062 500.000 -335.938 750.000 406.250 -265.625 859.375 148.438 -156.250 851.562 359.375
-320.312 -617.188 671.875 -359.375 664.062 500.000 -335.938 750.000 406.250 -265.625 859.375 148.438 -156.250 851.562 359.375
-320.312 -617.188 671.875 -359.375 664.062 500.000 -335.938 750.000 406.250 -265.625 859.375 148.438 -156.250 851.562 359.375
-320.312 -601.562 664.062 -320.312 703.125 546.875 -296.875 789.062 453.125 -226.562 898.438 164.062 -117.188 890.625 375.000
-320.312 -601.562 664.062 -320.312 703.125 546.875 -296.875 789.062 453.125 -226.562 898.438 164.062 -117.188 890.625 375.000
-320.312 -601.562 664.062 -320.312 703.125 546.875 -296.875 789.062 453.125 -226.562 898.438 164.062 -117.188 890.625 375.000
-320.312 -640.625 664.062 -296.875 679.688 578.125 -289.062 781.250 460.938 -226.562 906.250 156.250 -148.438 890.625 367.188
-320.312 -640.625 664.062 -296.875 679.688 578.125 -289.062 781.250 460.938 -226.562 906.250 156.250 -148.438 890.625 367.188
-281.250 -710.938 679.688 -296.875 679.688 585.938 -296.875 781.250 460.938 -250.000 914.062 148.438 -156.250 898.438 343.750
-257.812 -687.500 695.312 -320.312 710.938 554.688 -312.500 812.500 406.250 -265.625 937.500 93.750 -132.812 914.062 328.125
-257.812 -687.500 695.312 -320.312 710.938 554.688 -312.500 812.500 406.250 -265.625 937.500 93.750 -132.812 914.062 328.125
-257.812 -687.500 695.312 -320.312 710.938 554.688 -312.500 812.500 406.250 -265.625 937.500 93.750 -132.812 914.062 328.125
-265.625 -679.688 687.500 -335.938 757.812 523.438 -312.500 843.750 414.062 -242.188 937.500 117.188 -117.188 921.875 328.125
-265.625 -679.688 687.500 -335.938 757.812 523.438 -312.500 843.750 414.062 -242.188 937.500 117.188 -117.188 921.875 328.125
-257.812 -695.312 695.312 -328.125 765.625 546.875 -312.500 843.750 429.688 -226.562 960.938 117.188 -93.750 929.688 351.562
-257.812 -695.312 695.312 -328.125 765.625 546.875 -312.500 843.750 429.688 -226.562 960.938 117.188 -93.750 929.688 351.562
-250.000 -703.125 703.125 -281.250 757.812 554.688 -281.250 867.188 445.312 -218.750 968.750 109.375 -101.562 960.938 328.125
-250.000 -703.125 703.125 -281.250 757.812 554.688 -281.250 867.188 445.312 -218.750 968.750 109.375 -101.562 960.938 328.125
-257.812 -710.938 695.312 -273.438 789.062 554.688 -273.438 882.812 437.500 -195.312 992.188 117.188 -70.312 960.938 343.750
-257.812 -710.938 695.312 -273.438 789.062 554.688 -273.438 882.812 437.500 -195.312 992.188 117.188 -70.312 960.938 343.750
-257.812 -710.938 695.312 -273.438 789.062 554.688 -273.438 882.812 437.500 -195.312 992.188 117.188 -70.312 960.938 343.750
-257.812 -703.125 695.312 -234.375 789.062 593.750 -226.562 890.625 476.562 -171.875 1015.625 109.375 -54.688 976.562 343.750
-257.812 -703.125 695.312 -234.375 789.062 593.750 -226.562 890.625 476.562 -171.875 1015.625 109.375 -54.688 976.562 343.750
-250.000 -703.125 695.312 -226.562 781.250 585.938 -226.562 882.812 476.562 -187.500 1000.000 101.562 -78.125 976.562 328.125
-250.000 -703.125 695.312 -226.562 781.250 585.938 -226.562 882.812 476.562 -187.500 1000.000 101.562 -78.125 976.562 328.125
