-757.812 -421.875 -484.375 -843.750 -367.188 281.250 -882.812 -187.500 414.062 -546.875 273.438 820.312 -70.312 296.875 1000.000
-765.625 -429.688 -492.188 -835.938 -375.000 296.875 -875.000 -195.312 421.875 -539.062 281.250 820.312 -62.500 296.875 1000.000
-765.625 -445.312 -484.375 -859.375 -375.000 281.250 -875.000 -187.500 414.062 -515.625 304.688 828.125 -54.688 312.500 1007.812
-765.625 -445.312 -484.375 -859.375 -375.000 281.250 -875.000 -187.500 414.062 -515.625 304.688 828.125 -54.688 312.500 1007.812
-765.625 -445.312 -484.375 -859.375 -375.000 281.250 -875.000 -187.500 414.062 -515.625 304.688 828.125 -54.688 312.500 1007.812
-765.625 -445.312 -484.375 -859.375 -375.000 281.250 -875.000 -187.500 414.062 -515.625 304.688 828.125 -54.688 312.500 1007.812
-765.625 -445.312 -484.375 -859.375 -375.000 281.250 -875.000 -187.500 414.062 -515.625 304.688 828.125 -54.688 312.500 1007.812
-773.438 -460.938 -492.188 -851.562 -382.812 273.438 -875.000 -195.312 406.250 -468.750 328.125 828.125 -46.875 382.812 1015.625
-773.438 -460.938 -492.188 -851.562 -382.812 273.438 -875.000 -195.312 406.250 -468.750 328.125 828.125 -46.875 382.812 1015.625
-804.688 -468.750 -507.812 -843.750 -406.250 289.062 -835.938 -203.125 398.438 -476.562 585.938 687.500 -156.250 531.250 976.562
-804.688 -468.750 -507.812 -843.750 -406.250 289.062 -835.938 -203.125 398.438 -476.562 585.938 687.500 -156.250 531.250 976.562
-804.688 -468.750 -507.812 -843.750 -406.250 289.062 -835.938 -203.125 398.438 -476.562 585.938 687.500 -156.250 531.250 976.562
-843.750 -476.562 -562.500 -851.562 -437.500 312.500 -875.000 -218.750 343.750 -531.250 617.188 625.000 -250.000 554.688 968.750
-882.812 -453.125 -585.938 -820.312 -476.562 335.938 -921.875 -234.375 320.312 -632.812 382.812 679.688 -234.375 546.875 984.375
-882.812 -453.125 -585.938 -820.312 -476.562 335.938 -921.875 -234.375 320.312 -632.812 382.812 679.688 -234.375 546.875 984.375
-843.750 -515.625 -523.438 -851.562 -445.312 312.500 -984.375 -62.500 382.812 -562.500 70.312 773.438 -23.438 359.375 1156.250
-843.750 -515.625 -523.438 -851.562 -445.312 312.500 -984.375 -62.500 382.812 -562.500 70.312 773.438 -23.438 359.375 1156.250
-742.188 -515.625 -398.438 -898.438 -265.625 273.438 -867.188 -117.188 468.750 -710.938 210.938 765.625 15.625 31.250 1140.625
-726.562 -523.438 -390.625 -906.250 -195.312 257.812 -828.125 -148.438 453.125 -664.062 164.062 804.688 0.000 7.812 1062.500
-726.562 -523.438 -390.625 -906.250 -195.312 257.812 -828.125 -148.438 453.125 -664.062 164.062 804.688 0.000 7.812 1062.500
-796.875 -359.375 -460.938 -929.688 -218.750 234.375 -890.625 -93.750 390.625 -726.562 187.500 726.562 -273.438 85.938 976.562
-796.875 -359.375 -460.938 -929.688 -218.750 234.375 -890.625 -93.750 390.625 -726.562 187.500 726.562 -273.438 85.938 976.562
-796.875 -359.375 -460.938 -929.688 -218.750 234.375 -890.625 -93.750 390.625 -726.562 187.500 726.562 -273.438 85.938 976.562
-796.875 -359.375 -460.938 -929.688 -218.750 234.375 -890.625 -93.750 390.625 -726.562 187.500 726.562 -273.438 85.938 976.562
-796.875 -359.375 -460.938 -929.688 -218.750 234.375 -890.625 -93.750 390.625 -726.562 187.500 726.562 -273.438 85.938 976.562
-742.188 -289.062 -359.375 -867.188 -242.188 281.250 -914.062 -195.312 406.250 -703.125 148.438 726.562 -281.250 148.438 960.938
-765.625 -257.812 -398.438 -843.750 -359.375 320.312 -828.125 -226.562 476.562 -648.438 54.688 757.812 -289.062 109.375 851.562
-765.625 -257.812 -398.438 -843.750 -359.375 320.312 -828.125 -226.562 476.562 -648.438 54.688 757.812 -289.062 109.375 851.562
-765.625 -257.812 -398.438 -843.750 -359.375 320.312 -828.125 -226.562 476.562 -648.438 54.688 757.812 -289.062 109.375 851.562
-765.625 -257.812 -398.438 -843.750 -359.375 320.312 -828.125 -226.562 476.562 -648.438 54.688 757.812 -289.062 109.375 851.562
-765.625 -257.812 -398.438 -843.750 -359.375 320.312 -828.125 -226.562 476.562 -648.438 54.688 757.812 -289.062 109.375 851.562
-812.500 -281.250 -460.938 -796.875 -359.375 406.250 -812.500 -304.688 554.688 -664.062 -117.188 734.375 -406.250 15.625 648.438
-812.500 -281.250 -460.938 -796.875 -359.375 406.250 -812.500 -304.688 554.688 -664.062 -117.188 734.375 -406.250 15.625 648.438
-851.562 -359.375 -492.188 -804.688 -421.875 484.375 -812.500 -429.688 546.875 -718.750 -156.250 648.438 -507.812 -140.625 515.625
-843.750 -406.250 -500.000 -812.500 -484.375 476.562 -828.125 -500.000 500.000 -750.000 -257.812 570.312 -500.000 -117.188 492.188
-843.750 -406.250 -500.000 -812.500 -484.375 476.562 -828.125 -500.000 500.000 -750.000 -257.812 570.312 -500.000 -117.188 492.188
-929.688 -687.500 -500.000 -960.938 -921.875 429.688 -914.062 -679.688 398.438 -796.875 -351.562 570.312 -437.500 -375.000 515.625
-929.688 -687.500 -500.000 -960.938 -921.875 429.688 -914.062 -679.688 398.438 -796.875 -351.562 570.312 -437.500 -375.000 515.625
-929.688 -687.500 -500.000 -960.938 -921.875 429.688 -914.062 -679.688 398.438 -796.875 -351.562 570.312 -437.500 -375.000 515.625
-976.562 -828.125 -523.438 -1046.875 -1046.875 406.250 -945.312 -812.500 359.375 -843.750 -429.688 507.812 -468.750 -429.688 500.000
-976.562 -828.125 -523.438 -1046.875 -1046.875 406.250 -945.312 -812.500 359.375 -843.750 -429.688 507.812 -468.750 -429.688 500.000
-1015.625 -1156.250 -546.875 -1156.250 -1351.562 335.938 -1054.688 -1015.625 164.062 -945.312 -664.062 312.500 -445.312 -421.875 437.500
-1007.812 -1265.625 -554.688 -1210.938 -1382.812 304.688 -1046.875 -1070.312 148.438 -937.500 -671.875 312.500 -421.875 -406.250 453.125
-1007.812 -1265.625 -554.688 -1210.938 -1382.812 304.688 -1046.875 -1070.312 148.438 -937.500 -671.875 312.500 -421.875 -406.250 453.125
-929.688 -1468.750 -617.188 -1257.812 -1328.125 23.438 -1023.438 -1054.688 -78.125 -796.875 109.375 187.500 -679.688 320.312 710.938
-929.688 -1468.750 -617.188 -1257.812 -1328.125 23.438 -1023.438 -1054.688 -78.125 -796.875 109.375 187.500 -679.688 320.312 710.938
-929.688 -1468.750 -617.188 -1257.812 -1328.125 23.438 -1023.438 -1054.688 -78.125 -796.875 109.375 187.500 -679.688 320.312 710.938
-929.688 -1468.750 -617.188 -1257.812 -1328.125 23.438 -1023.438 -1054.688 -78.125 -796.875 109.375 187.500 -679.688 320.312 710.938
-929.688 -1468.750 -617.188 -1257.812 -1328.125 23.438 -1023.438 -1054.688 -78.125 -796.875 109.375 187.500 -679.688 320.312 710.938
-898.438 -1515.625 -726.562 -1117.188 -1132.812 -62.500 -945.312 -671.875 -109.375 -617.188 406.250 242.188 -585.938 617.188 750.000
-890.625 -1484.375 -789.062 -1046.875 -984.375 -62.500 -921.875 -421.875 -93.750 -648.438 593.750 343.750 -570.312 601.562 687.500
-890.625 -1484.375 -789.062 -1046.875 -984.375 -62.500 -921.875 -421.875 -93.750 -648.438 593.750 343.750 -570.312 601.562 687.500
-875.000 -1453.125 -914.062 -914.062 -648.438 -164.062 -875.000 62.500 -39.062 -648.438 453.125 289.062 -687.500 632.812 421.875
-875.000 -1453.125 -914.062 -914.062 -648.438 -164.062 -875.000 62.500 -39.062 -648.438 453.125 289.062 -687.500 632.812 421.875
-835.938 -750.000 -1062.500 -789.062 -46.875 -273.438 -789.062 445.312 -296.875 -546.875 1156.250 -171.875 -210.938 1546.875 234.375
-835.938 -750.000 -1062.500 -789.062 -46.875 -273.438 -789.062 445.312 -296.875 -546.875 1156.250 -171.875 -210.938 1546.875 234.375
-835.938 -750.000 -1062.500 -789.062 -46.875 -273.438 -789.062 445.312 -296.875 -546.875 1156.250 -171.875 -210.938 1546.875 234.375
-835.938 -750.000 -1062.500 -789.062 -46.875 -273.438 -789.062 445.312 -296.875 -546.875 1156.250 -171.875 -210.938 1546.875 234.375
-898.438 -664.062 -1046.875 -734.375 23.438 -335.938 -765.625 609.375 -367.188 -484.375 1195.312 -289.062 -218.750 1609.375 179.688
-898.438 -664.062 -1046.875 -734.375 23.438 -335.938 -765.625 609.375 -367.188 -484.375 1195.312 -289.062 -218.750 1609.375 179.688
-828.125 -835.938 -1000.000 -593.750 335.938 -281.250 -664.062 742.188 -398.438 -500.000 1375.000 -515.625 -250.000 1789.062 -7.812
-828.125 -835.938 -1000.000 -593.750 335.938 -281.250 -664.062 742.188 -398.438 -500.000 1375.000 -515.625 -250.000 1789.062 -7.812
-781.250 -765.625 -906.250 -539.062 632.812 -218.750 -546.875 812.500 -382.812 -406.250 1476.562 -585.938 -171.875 1898.438 -46.875
-570.312 -539.062 -609.375 -531.250 703.125 -398.438 -539.062 1335.938 -382.812 -187.500 1742.188 -609.375 78.125 2117.188 0.000
-570.312 -539.062 -609.375 -531.250 703.125 -398.438 -539.062 1335.938 -382.812 -187.500 1742.188 -609.375 78.125 2117.188 0.000
-476.562 -359.375 -359.375 -500.000 1179.688 -359.375 -406.250 1437.500 -257.812 117.188 1843.750 -492.188 390.625 2109.375 117.188
-398.438 -281.250 -273.438 -476.562 1289.062 -437.500 -382.812 1640.625 -265.625 226.562 1859.375 -437.500 500.000 2070.312 171.875
-398.438 -281.250 -273.438 -476.562 1289.062 -437.500 -382.812 1640.625 -265.625 226.562 1859.375 -437.500 500.000 2070.312 171.875
-578.125 39.062 -195.312 -445.312 1578.125 -367.188 -375.000 1695.312 -203.125 273.438 1890.625 -359.375 664.062 1914.062 242.188
-578.125 39.062 -195.312 -445.312 1578.125 -367.188 -375.000 1695.312 -203.125 273.438 1890.625 -359.375 664.062 1914.062 242.188
-882.812 734.375 39.062 -328.125 1710.938 -140.625 -234.375 1617.188 93.750 546.875 1531.250 -85.938 1000.000 1398.438 367.188
-882.812 734.375 39.062 -328.125 1710.938 -140.625 -234.375 1617.188 93.750 546.875 1531.250 -85.938 1000.000 1398.438 367.188
-882.812 734.375 39.062 -328.125 1710.938 -140.625 -234.375 1617.188 93.750 546.875 1531.250 -85.938 1000.000 1398.438 367.188
-921.875 781.250 132.812 -257.812 1601.562 -54.688 -195.312 1531.250 164.062 640.625 1492.188 -15.625 1101.562 1312.500 453.125
-914.062 773.438 210.938 -218.750 1515.625 54.688 -179.688 1453.125 242.188 695.312 1460.938 78.125 1117.188 1195.312 531.250
-914.062 773.438 210.938 -218.750 1515.625 54.688 -179.688 1453.125 242.188 695.312 1460.938 78.125 1117.188 1195.312 531.250
-859.375 539.062 359.375 -265.625 1281.250 156.250 -203.125 1265.625 320.312 562.500 1242.188 203.125 929.688 984.375 578.125
-859.375 539.062 359.375 -265.625 1281.250 156.250 -203.125 1265.625 320.312 562.500 1242.188 203.125 929.688 984.375 578.125
-804.688 312.500 398.438 -265.625 1164.062 226.562 -234.375 1140.625 351.562 445.312 1148.438 218.750 742.188 898.438 546.875
-632.812 -507.812 484.375 -289.062 656.250 515.625 -343.750 773.438 414.062 23.438 945.312 117.188 39.062 851.562 429.688
-632.812 -507.812 484.375 -289.062 656.250 515.625 -343.750 773.438 414.062 23.438 945.312 117.188 39.062 851.562 429.688
-632.812 -507.812 484.375 -289.062 656.250 515.625 -343.750 773.438 414.062 23.438 945.312 117.188 39.062 851.562 429.688
-632.812 -507.812 484.375 -289.062 656.250 515.625 -343.750 773.438 414.062 23.438 945.312 117.188 39.062 851.562 429.688
-601.562 -664.062 500.000 -304.688 578.125 539.062 -351.562 703.125 398.438 -31.250 945.312 85.938 -54.688 851.562 429.688
-562.500 -843.750 523.438 -351.562 546.875 593.750 -406.250 640.625 414.062 -132.812 890.625 62.500 -140.625 851.562 414.062
-531.250 -867.188 562.500 -367.188 546.875 609.375 -414.062 625.000 421.875 -132.812 890.625 54.688 -164.062 843.750 398.438
-531.250 -867.188 562.500 -367.188 546.875 609.375 -414.062 625.000 421.875 -132.812 890.625 54.688 -164.062 843.750 398.438
-656.250 -679.688 460.938 -421.875 734.375 507.812 -453.125 765.625 414.062 -54.688 960.938 70.312 -85.938 898.438 414.062
-656.250 -679.688 460.938 -421.875 734.375 507.812 -453.125 765.625 414.062 -54.688 960.938 70.312 -85.938 898.438 414.062
-656.250 -679.688 460.938 -421.875 734.375 507.812 -453.125 765.625 414.062 -54.688 960.938 70.312 -85.938 898.438 414.062
-656.250 -679.688 460.938 -421.875 734.375 507.812 -453.125 765.625 414.062 -54.688 960.938 70.312 -85.938 898.438 414.062
-656.250 -679.688 460.938 -421.875 734.375 507.812 -453.125 765.625 414.062 -54.688 960.938 70.312 -85.938 898.438 414.062
-648.438 -546.875 476.562 -421.875 789.062 500.000 -460.938 812.500 414.062 -15.625 1007.812 85.938 93.750 937.500 453.125
-648.438 -546.875 476.562 -421.875 789.062 500.000 -460.938 812.500 414.062 -15.625 1007.812 85.938 93.750 937.500 453.125
-539.062 -476.562 562.500 -500.000 867.188 351.562 -523.438 851.562 335.938 15.625 1031.250 125.000 132.812 906.250 468.750
-539.062 -476.562 562.500 -500.000 867.188 351.562 -523.438 851.562 335.938 15.625 1031.250 125.000 132.812 906.250 468.750
-539.062 -476.562 562.500 -500.000 867.188 351.562 -523.438 851.562 335.938 15.625 1031.250 125.000 132.812 906.250 468.750
-539.062 -476.562 562.500 -500.000 867.188 351.562 -523.438 851.562 335.938 15.625 1031.250 125.000 132.812 906.250 468.750
-539.062 -476.562 562.500 -500.000 867.188 351.562 -523.438 851.562 335.938 15.625 1031.250 125.000 132.812 906.250 468.750
-468.750 -515.625 601.562 -515.625 828.125 375.000 -546.875 820.312 328.125 -54.688 992.188 109.375 39.062 882.812 437.500
-265.625 -617.188 710.938 -500.000 789.062 398.438 -570.312 789.062 304.688 -195.312 968.750 70.312 -132.812 898.438 421.875
-265.625 -617.188 710.938 -500.000 789.062 398.438 -570.312 789.062 304.688 -195.312 968.750 70.312 -132.812 898.438 421.875
-234.375 -687.500 742.188 -500.000 757.812 414.062 -593.750 789.062 289.062 -242.188 968.750 54.688 -195.312 898.438 406.250
-367.188 -710.938 593.750 -421.875 703.125 507.812 -523.438 742.188 320.312 -234.375 968.750 -7.812 -265.625 914.062 359.375
-367.188 -710.938 593.750 -421.875 703.125 507.812 -523.438 742.188 320.312 -234.375 968.750 -7.812 -265.625 914.062 359.375
-367.188 -710.938 593.750 -421.875 703.125 507.812 -523.438 742.188 320.312 -234.375 968.750 -7.812 -265.625 914.062 359.375
-367.188 -710.938 593.750 -421.875 703.125 507.812 -523.438 742.188 320.312 -234.375 968.750 -7.812 -265.625 914.062 359.375
-367.188 -710.938 593.750 -421.875 703.125 507.812 -523.438 742.188 320.312 -234.375 968.750 -7.812 -265.625 914.062 359.375
-351.562 -703.125 617.188 -406.250 734.375 515.625 -500.000 765.625 375.000 -171.875 992.188 46.875 -164.062 921.875 398.438
-351.562 -703.125 617.188 -406.250 734.375 515.625 -500.000 765.625 375.000 -171.875 992.188 46.875 -164.062 921.875 398.438
-328.125 -664.062 632.812 -406.250 750.000 507.812 -492.188 773.438 398.438 -101.562 1007.812 93.750 -93.750 929.688 429.688
-421.875 -585.938 593.750 -390.625 789.062 507.812 -453.125 804.688 468.750 31.250 1054.688 148.438 85.938 960.938 492.188
-421.875 -585.938 593.750 -390.625 789.062 507.812 -453.125 804.688 468.750 31.250 1054.688 148.438 85.938 960.938 492.188
-476.562 -460.938 562.500 -359.375 812.500 562.500 -406.250 828.125 570.312 140.625 1070.312 250.000 289.062 1007.812 570.312
-476.562 -460.938 562.500 -359.375 812.500 562.500 -406.250 828.125 570.312 140.625 1070.312 250.000 289.062 1007.812 570.312
-500.000 -304.688 515.625 -343.750 828.125 578.125 -398.438 835.938 585.938 203.125 1093.750 250.000 296.875 921.875 539.062
-757.812 -7.812 210.938 -351.562 851.562 523.438 -367.188 875.000 593.750 375.000 1148.438 304.688 523.438 1031.250 585.938
-757.812 -7.812 210.938 -351.562 851.562 523.438 -367.188 875.000 593.750 375.000 1148.438 304.688 523.438 1031.250 585.938
-757.812 -7.812 210.938 -351.562 851.562 523.438 -367.188 875.000 593.750 375.000 1148.438 304.688 523.438 1031.250 585.938
-765.625 -70.312 195.312 -367.188 843.750 484.375 -382.812 875.000 578.125 414.062 1117.188 320.312 601.562 1015.625 601.562
-765.625 -70.312 195.312 -367.188 843.750 484.375 -382.812 875.000 578.125 414.062 1117.188 320.312 601.562 1015.625 601.562
-750.000 -492.188 -93.750 -257.812 656.250 562.500 -328.125 851.562 648.438 531.250 1242.188 312.500 609.375 1117.188 617.188
-750.000 -492.188 -93.750 -257.812 656.250 562.500 -328.125 851.562 648.438 531.250 1242.188 312.500 609.375 1117.188 617.188
-750.000 -492.188 -93.750 -257.812 656.250 562.500 -328.125 851.562 648.438 531.250 1242.188 312.500 609.375 1117.188 617.188
-750.000 -492.188 -93.750 -257.812 656.250 562.500 -328.125 851.562 648.438 531.250 1242.188 312.500 609.375 1117.188 617.188
-750.000 -492.188 -93.750 -257.812 656.250 562.500 -328.125 851.562 648.438 531.250 1242.188 312.500 609.375 1117.188 617.188
-796.875 -484.375 -203.125 -187.500 664.062 687.500 -312.500 906.250 687.500 445.312 1156.250 265.625 625.000 1179.688 593.750
-734.375 -765.625 -382.812 -210.938 929.688 515.625 -281.250 890.625 617.188 554.688 1476.562 187.500 539.062 1296.875 554.688
-734.375 -765.625 -382.812 -210.938 929.688 515.625 -281.250 890.625 617.188 554.688 1476.562 187.500 539.062 1296.875 554.688
-968.750 -820.312 -687.500 -85.938 812.500 617.188 -312.500 1101.562 781.250 648.438 1765.625 265.625 710.938 1484.375 679.688
-968.750 -820.312 -687.500 -85.938 812.500 617.188 -312.500 1101.562 781.250 648.438 1765.625 265.625 710.938 1484.375 679.688
-968.750 -773.438 -726.562 39.062 828.125 703.125 -132.812 1234.375 945.312 703.125 1835.938 312.500 875.000 1515.625 835.938
-875.000 -687.500 -789.062 -203.125 1304.688 500.000 312.500 1960.938 1507.812 765.625 1710.938 742.188 1054.688 1757.812 1046.875
-875.000 -687.500 -789.062 -203.125 1304.688 500.000 312.500 1960.938 1507.812 765.625 1710.938 742.188 1054.688 1757.812 1046.875
-656.250 -820.312 -750.000 -281.250 2226.562 328.125 320.312 1609.375 1484.375 890.625 1578.125 867.188 1046.875 1703.125 992.188
-101.562 -640.625 -375.000 -296.875 1468.750 -54.688 523.438 1351.562 601.562 1421.875 1804.688 7.812 812.500 1687.500 578.125
-101.562 -640.625 -375.000 -296.875 1468.750 -54.688 523.438 1351.562 601.562 1421.875 1804.688 7.812 812.500 1687.500 578.125
-31.250 -554.688 -640.625 -968.750 343.750 -1265.625 -781.250 2273.438 -1648.438 1625.000 1976.562 -492.188 2953.125 2210.938 -265.625
-31.250 -554.688 -640.625 -968.750 343.750 -1265.625 -781.250 2273.438 -1648.438 1625.000 1976.562 -492.188 2953.125 2210.938 -265.625
-31.250 -554.688 -640.625 -968.750 343.750 -1265.625 -781.250 2273.438 -1648.438 1625.000 1976.562 -492.188 2953.125 2210.938 -265.625
-140.625 -695.312 -828.125 -1101.562 -7.812 -1117.188 -1250.000 2210.938 -1507.812 2070.312 2187.500 -390.625 3054.688 867.188 -226.562
-140.625 -695.312 -828.125 -1101.562 -7.812 -1117.188 -1250.000 2210.938 -1507.812 2070.312 2187.500 -390.625 3054.688 867.188 -226.562
-281.250 -976.562 -1023.438 -1101.562 -265.625 -828.125 -1593.750 1796.875 -1867.188 2695.312 2695.312 -1343.750 1671.875 2000.000 -382.812
-281.250 -976.562 -1023.438 -1101.562 -265.625 -828.125 -1593.750 1796.875 -1867.188 2695.312 2695.312 -1343.750 1671.875 2000.000 -382.812
-593.750 -1585.938 -1375.000 -1023.438 -687.500 -156.250 -914.062 1414.062 -1312.500 -1960.938 3992.188 -3343.750 -1085.938 2382.812 -46.875
39.062 -2187.500 -820.312 -1062.500 -945.312 382.812 -773.438 -710.938 -156.250 -1257.812 -765.625 -781.250 -578.125 -265.625 -640.625
39.062 -2187.500 -820.312 -1062.500 -945.312 382.812 -773.438 -710.938 -156.250 -1257.812 -765.625 -781.250 -578.125 -265.625 -640.625
39.062 -2187.500 -820.312 -1062.500 -945.312 382.812 -773.438 -710.938 -156.250 -1257.812 -765.625 -781.250 -578.125 -265.625 -640.625
39.062 -2187.500 -820.312 -1062.500 -945.312 382.812 -773.438 -710.938 -156.250 -1257.812 -765.625 -781.250 -578.125 -265.625 -640.625
39.062 -2187.500 -820.312 -1062.500 -945.312 382.812 -773.438 -710.938 -156.250 -1257.812 -765.625 -781.250 -578.125 -265.625 -640.625
39.062 -2187.500 -820.312 -1062.500 -945.312 382.812 -773.438 -710.938 -156.250 -1257.812 -765.625 -781.250 -578.125 -265.625 -640.625
39.062 -2187.500 -820.312 -1062.500 -945.312 382.812 -773.438 -710.938 -156.250 -1257.812 -765.625 -781.250 -578.125 -265.625 -640.625
39.062 -2187.500 -820.312 -1062.500 -945.312 382.812 -773.438 -710.938 -156.250 -1257.812 -765.625 -781.250 -578.125 -265.625 -640.625
335.938 -2367.188 -343.750 -953.125 -1210.938 437.500 -1023.438 -945.312 -531.250 -1085.938 -23.438 -718.750 -695.312 148.438 -179.688
335.938 -2367.188 -343.750 -953.125 -1210.938 437.500 -1023.438 -945.312 -531.250 -1085.938 -23.438 -718.750 -695.312 148.438 -179.688
406.250 -2304.688 -164.062 -1031.250 -1093.750 250.000 -1140.625 -734.375 -539.062 -1023.438 -203.125 -398.438 -953.125 -585.938 -492.188
468.750 -1992.188 46.875 -1140.625 -937.500 101.562 -1187.500 -562.500 -406.250 -960.938 -390.625 -234.375 -921.875 -468.750 -546.875
453.125 -1601.562 203.125 -1140.625 -796.875 54.688 -1039.062 -570.312 -242.188 -1015.625 -390.625 -281.250 -859.375 -156.250 -500.000
328.125 -1156.250 226.562 -1078.125 -632.812 101.562 -906.250 -593.750 -156.250 -1117.188 -359.375 -398.438 -1007.812 -85.938 -554.688
328.125 -1156.250 226.562 -1078.125 -632.812 101.562 -906.250 -593.750 -156.250 -1117.188 -359.375 -398.438 -1007.812 -85.938 -554.688
-226.562 -703.125 -226.562 -976.562 -437.500 140.625 -1000.000 -453.125 -265.625 -984.375 -101.562 -320.312 -828.125 -109.375 -226.562
-609.375 -718.750 -546.875 -968.750 -445.312 62.500 -906.250 -273.438 -164.062 -906.250 15.625 -85.938 -804.688 31.250 15.625
-609.375 -718.750 -546.875 -968.750 -445.312 62.500 -906.250 -273.438 -164.062 -906.250 15.625 -85.938 -804.688 31.250 15.625
-664.062 -625.000 -531.250 -953.125 -390.625 101.562 -921.875 -296.875 -54.688 -960.938 -7.812 0.000 -851.562 15.625 101.562
-664.062 -625.000 -531.250 -953.125 -390.625 101.562 -921.875 -296.875 -54.688 -960.938 -7.812 0.000 -851.562 15.625 101.562
-750.000 -492.188 -507.812 -804.688 -328.125 257.812 -851.562 -265.625 226.562 -929.688 62.500 359.375 -929.688 39.062 500.000
-750.000 -492.188 -507.812 -804.688 -328.125 257.812 -851.562 -265.625 226.562 -929.688 62.500 359.375 -929.688 39.062 500.000
-750.000 -492.188 -507.812 -804.688 -328.125 257.812 -851.562 -265.625 226.562 -929.688 62.500 359.375 -929.688 39.062 500.000
-750.000 -531.250 -523.438 -796.875 -312.500 312.500 -875.000 -250.000 242.188 -953.125 93.750 351.562 -960.938 78.125 507.812
-710.938 -585.938 -539.062 -781.250 -335.938 429.688 -875.000 -304.688 312.500 -914.062 85.938 328.125 -937.500 101.562 375.000
-710.938 -585.938 -539.062 -781.250 -335.938 429.688 -875.000 -304.688 312.500 -914.062 85.938 328.125 -937.500 101.562 375.000
-710.938 -671.875 -562.500 -765.625 -335.938 500.000 -859.375 -328.125 375.000 -929.688 31.250 328.125 -921.875 85.938 296.875
-710.938 -671.875 -562.500 -765.625 -335.938 500.000 -859.375 -328.125 375.000 -929.688 31.250 328.125 -921.875 85.938 296.875
-546.875 -960.938 -468.750 -875.000 -570.312 515.625 -976.562 -523.438 250.000 -1078.125 -117.188 203.125 -1023.438 -62.500 179.688
-546.875 -960.938 -468.750 -875.000 -570.312 515.625 -976.562 -523.438 250.000 -1078.125 -117.188 203.125 -1023.438 -62.500 179.688
-546.875 -960.938 -468.750 -875.000 -570.312 515.625 -976.562 -523.438 250.000 -1078.125 -117.188 203.125 -1023.438 -62.500 179.688
-546.875 -960.938 -468.750 -875.000 -570.312 515.625 -976.562 -523.438 250.000 -1078.125 -117.188 203.125 -1023.438 -62.500 179.688
-484.375 -976.562 -429.688 -843.750 -515.625 484.375 -953.125 -484.375 242.188 -1070.312 -140.625 218.750 -1039.062 -93.750 203.125
-484.375 -976.562 -429.688 -843.750 -515.625 484.375 -953.125 -484.375 242.188 -1070.312 -140.625 218.750 -1039.062 -93.750 203.125
-468.750 -843.750 -429.688 -820.312 -460.938 406.250 -921.875 -406.250 210.938 -1031.250 -78.125 210.938 -1046.875 -70.312 218.750
-468.750 -843.750 -429.688 -820.312 -460.938 406.250 -921.875 -406.250 210.938 -1031.250 -78.125 210.938 -1046.875 -70.312 218.750
-476.562 -593.750 -414.062 -882.812 -367.188 242.188 -984.375 -304.688 70.312 -1070.312 39.062 117.188 -1062.500 39.062 257.812
-507.812 -429.688 -429.688 -906.250 -320.312 85.938 -984.375 -265.625 -39.062 -1062.500 31.250 85.938 -1039.062 0.000 289.062
-507.812 -429.688 -429.688 -906.250 -320.312 85.938 -984.375 -265.625 -39.062 -1062.500 31.250 85.938 -1039.062 0.000 289.062
-507.812 -429.688 -429.688 -906.250 -320.312 85.938 -984.375 -265.625 -39.062 -1062.500 31.250 85.938 -1039.062 0.000 289.062
-507.812 -429.688 -429.688 -906.250 -320.312 85.938 -984.375 -265.625 -39.062 -1062.500 31.250 85.938 -1039.062 0.000 289.062
-492.188 -453.125 -445.312 -898.438 -312.500 109.375 -992.188 -289.062 -31.250 -1101.562 23.438 70.312 -1093.750 -23.438 281.250
-468.750 -492.188 -437.500 -890.625 -343.750 117.188 -992.188 -304.688 -46.875 -1132.812 15.625 46.875 -1125.000 -46.875 265.625
-429.688 -546.875 -445.312 -898.438 -414.062 125.000 -1023.438 -359.375 -70.312 -1179.688 -7.812 39.062 -1179.688 -85.938 234.375
-445.312 -585.938 -492.188 -914.062 -453.125 125.000 -1023.438 -367.188 -85.938 -1218.750 -70.312 23.438 -1210.938 -109.375 203.125
-460.938 -570.312 -539.062 -875.000 -531.250 164.062 -1023.438 -375.000 -109.375 -1218.750 -117.188 7.812 -1234.375 -164.062 156.250
-460.938 -570.312 -539.062 -875.000 -531.250 164.062 -1023.438 -375.000 -109.375 -1218.750 -117.188 7.812 -1234.375 -164.062 156.250
-453.125 -625.000 -679.688 -953.125 -562.500 210.938 -1109.375 -414.062 -171.875 -1421.875 -179.688 -109.375 -1390.625 -382.812 -23.438
-453.125 -625.000 -679.688 -953.125 -562.500 210.938 -1109.375 -414.062 -171.875 -1421.875 -179.688 -109.375 -1390.625 -382.812 -23.438
-398.438 -804.688 -726.562 -554.688 -726.562 625.000 -1062.500 -757.812 -320.312 -1078.125 -195.312 -500.000 -367.188 -601.562 257.812
-398.438 -804.688 -726.562 -554.688 -726.562 625.000 -1062.500 -757.812 -320.312 -1078.125 -195.312 -500.000 -367.188 -601.562 257.812
-398.438 -804.688 -726.562 -554.688 -726.562 625.000 -1062.500 -757.812 -320.312 -1078.125 -195.312 -500.000 -367.188 -601.562 257.812
-398.438 -804.688 -726.562 -554.688 -726.562 625.000 -1062.500 -757.812 -320.312 -1078.125 -195.312 -500.000 -367.188 -601.562 257.812
-437.500 -968.750 -765.625 -640.625 -640.625 601.562 -875.000 -937.500 -351.562 -1023.438 -203.125 -554.688 -468.750 -773.438 429.688
-437.500 -968.750 -765.625 -640.625 -640.625 601.562 -875.000 -937.500 -351.562 -1023.438 -203.125 -554.688 -468.750 -773.438 429.688
-273.438 -695.312 -601.562 -1101.562 -484.375 -23.438 7.812 -257.812 93.750 -218.750 -335.938 398.438 -703.125 289.062 390.625
-273.438 -695.312 -601.562 -1101.562 -484.375 -23.438 7.812 -257.812 93.750 -218.750 -335.938 398.438 -703.125 289.062 390.625
-273.438 -695.312 -601.562 -1101.562 -484.375 -23.438 7.812 -257.812 93.750 -218.750 -335.938 398.438 -703.125 289.062 390.625
-273.438 -695.312 -601.562 -1101.562 -484.375 -23.438 7.812 -257.812 93.750 -218.750 -335.938 398.438 -703.125 289.062 390.625
-273.438 -695.312 -601.562 -1101.562 -484.375 -23.438 7.812 -257.812 93.750 -218.750 -335.938 398.438 -703.125 289.062 390.625
-359.375 -773.438 -812.500 -1085.938 -898.438 -312.500 -804.688 -210.938 601.562 -125.000 -109.375 960.938 -718.750 0.000 367.188
-421.875 -656.250 -914.062 -1132.812 -554.688 -304.688 -640.625 203.125 773.438 -85.938 -242.188 1210.938 -664.062 117.188 515.625
-421.875 -656.250 -914.062 -1132.812 -554.688 -304.688 -640.625 203.125 773.438 -85.938 -242.188 1210.938 -664.062 117.188 515.625
-265.625 -437.500 -695.312 -710.938 -304.688 -54.688 -109.375 -109.375 796.875 -414.062 -351.562 1375.000 -601.562 125.000 773.438
-265.625 -437.500 -695.312 -710.938 -304.688 -54.688 -109.375 -109.375 796.875 -414.062 -351.562 1375.000 -601.562 125.000 773.438
-273.438 -281.250 -781.250 -804.688 -187.500 85.938 -515.625 132.812 960.938 -445.312 -242.188 1156.250 -570.312 70.312 859.375
-335.938 -148.438 -875.000 -718.750 -101.562 218.750 -476.562 54.688 898.438 -523.438 -187.500 984.375 -578.125 101.562 867.188
-335.938 -148.438 -875.000 -718.750 -101.562 218.750 -476.562 54.688 898.438 -523.438 -187.500 984.375 -578.125 101.562 867.188
-445.312 -7.812 -1054.688 -656.250 -320.312 507.812 -570.312 -93.750 664.062 -562.500 31.250 718.750 -648.438 257.812 718.750
-445.312 -7.812 -1054.688 -656.250 -320.312 507.812 -570.312 -93.750 664.062 -562.500 31.250 718.750 -648.438 257.812 718.750
-445.312 -7.812 -1054.688 -656.250 -320.312 507.812 -570.312 -93.750 664.062 -562.500 31.250 718.750 -648.438 257.812 718.750
-523.438 -39.062 -1054.688 -710.938 -335.938 500.000 -500.000 -70.312 718.750 -562.500 -31.250 710.938 -656.250 210.938 679.688
-523.438 -39.062 -1054.688 -710.938 -335.938 500.000 -500.000 -70.312 718.750 -562.500 -31.250 710.938 -656.250 210.938 679.688
-343.750 -671.875 -656.250 -765.625 -335.938 390.625 -500.000 -93.750 820.312 -375.000 -242.188 906.250 -453.125 -23.438 867.188
-343.750 -671.875 -656.250 -765.625 -335.938 390.625 -500.000 -93.750 820.312 -375.000 -242.188 906.250 -453.125 -23.438 867.188
-343.750 -671.875 -656.250 -765.625 -335.938 390.625 -500.000 -93.750 820.312 -375.000 -242.188 906.250 -453.125 -23.438 867.188
-343.750 -671.875 -656.250 -765.625 -335.938 390.625 -500.000 -93.750 820.312 -375.000 -242.188 906.250 -453.125 -23.438 867.188
-343.750 -671.875 -656.250 -765.625 -335.938 390.625 -500.000 -93.750 820.312 -375.000 -242.188 906.250 -453.125 -23.438 867.188
-343.750 -695.312 -671.875 -812.500 -343.750 367.188 -492.188 -117.188 820.312 -406.250 -226.562 890.625 -453.125 23.438 906.250
-359.375 -695.312 -718.750 -789.062 -421.875 414.062 -507.812 -140.625 843.750 -398.438 -164.062 898.438 -500.000 101.562 843.750
-359.375 -695.312 -718.750 -789.062 -421.875 414.062 -507.812 -140.625 843.750 -398.438 -164.062 898.438 -500.000 101.562 843.750
-343.750 -656.250 -742.188 -796.875 -359.375 390.625 -531.250 -125.000 914.062 -429.688 -218.750 976.562 -578.125 23.438 804.688
-289.062 -593.750 -750.000 -859.375 -343.750 320.312 -570.312 -148.438 859.375 -460.938 -273.438 945.312 -484.375 31.250 976.562
-289.062 -593.750 -750.000 -859.375 -343.750 320.312 -570.312 -148.438 859.375 -460.938 -273.438 945.312 -484.375 31.250 976.562
-289.062 -593.750 -750.000 -859.375 -343.750 320.312 -570.312 -148.438 859.375 -460.938 -273.438 945.312 -484.375 31.250 976.562
-289.062 -593.750 -750.000 -859.375 -343.750 320.312 -570.312 -148.438 859.375 -460.938 -273.438 945.312 -484.375 31.250 976.562
-289.062 -593.750 -750.000 -859.375 -343.750 320.312 -570.312 -148.438 859.375 -460.938 -273.438 945.312 -484.375 31.250 976.562
-304.688 -609.375 -812.500 -835.938 -367.188 375.000 -515.625 -148.438 882.812 -406.250 -289.062 960.938 -429.688 0.000 1031.250
-304.688 -609.375 -812.500 -835.938 -367.188 375.000 -515.625 -148.438 882.812 -406.250 -289.062 960.938 -429.688 0.000 1031.250
-320.312 -578.125 -867.188 -789.062 -375.000 445.312 -476.562 -85.938 914.062 -367.188 -250.000 1000.000 -437.500 54.688 1039.062
-296.875 -523.438 -859.375 -773.438 -351.562 492.188 -445.312 -70.312 937.500 -367.188 -234.375 1000.000 -460.938 78.125 1015.625
-296.875 -523.438 -859.375 -773.438 -351.562 492.188 -445.312 -70.312 937.500 -367.188 -234.375 1000.000 -460.938 78.125 1015.625
-296.875 -476.562 -859.375 -781.250 -335.938 531.250 -445.312 -62.500 945.312 -382.812 -242.188 984.375 -507.812 46.875 960.938
-296.875 -476.562 -859.375 -781.250 -335.938 531.250 -445.312 -62.500 945.312 -382.812 -242.188 984.375 -507.812 46.875 960.938
-304.688 -492.188 -851.562 -750.000 -312.500 507.812 -421.875 -54.688 945.312 -351.562 -281.250 984.375 -492.188 0.000 937.500
-335.938 -539.062 -859.375 -789.062 -414.062 460.938 -429.688 -109.375 937.500 -335.938 -304.688 1007.812 -421.875 -15.625 1007.812
-335.938 -539.062 -859.375 -789.062 -414.062 460.938 -429.688 -109.375 937.500 -335.938 -304.688 1007.812 -421.875 -15.625 1007.812
-335.938 -539.062 -859.375 -789.062 -414.062 460.938 -429.688 -109.375 937.500 -335.938 -304.688 1007.812 -421.875 -15.625 1007.812
-320.312 -554.688 -859.375 -796.875 -445.312 445.312 -453.125 -109.375 898.438 -343.750 -289.062 992.188 -445.312 23.438 1015.625
-320.312 -554.688 -859.375 -796.875 -445.312 445.312 -453.125 -109.375 898.438 -343.750 -289.062 992.188 -445.312 23.438 1015.625
-312.500 -578.125 -851.562 -812.500 -445.312 421.875 -460.938 -117.188 882.812 -398.438 -273.438 953.125 -484.375 23.438 937.500
-312.500 -578.125 -851.562 -812.500 -445.312 421.875 -460.938 -117.188 882.812 -398.438 -273.438 953.125 -484.375 23.438 937.500
-320.312 -570.312 -843.750 -804.688 -445.312 429.688 -468.750 -109.375 859.375 -398.438 -265.625 921.875 -515.625 23.438 906.250
-398.438 -664.062 -1078.125 -789.062 -632.812 500.000 -500.000 -85.938 703.125 -468.750 -101.562 773.438 -609.375 148.438 765.625
-398.438 -664.062 -1078.125 -789.062 -632.812 500.000 -500.000 -85.938 703.125 -468.750 -101.562 773.438 -609.375 148.438 765.625
-398.438 -664.062 -1078.125 -789.062 -632.812 500.000 -500.000 -85.938 703.125 -468.750 -101.562 773.438 -609.375 148.438 765.625
-398.438 -664.062 -1078.125 -789.062 -632.812 500.000 -500.000 -85.938 703.125 -468.750 -101.562 773.438 -609.375 148.438 765.625
-398.438 -664.062 -1078.125 -789.062 -632.812 500.000 -500.000 -85.938 703.125 -468.750 -101.562 773.438 -609.375 148.438 765.625
-390.625 -734.375 -1101.562 -695.312 -578.125 593.750 -460.938 -250.000 742.188 -484.375 -140.625 750.000 -609.375 156.250 750.000
-390.625 -734.375 -1101.562 -695.312 -578.125 593.750 -460.938 -250.000 742.188 -484.375 -140.625 750.000 -609.375 156.250 750.000
-414.062 -718.750 -1109.375 -664.062 -585.938 617.188 -445.312 -210.938 750.000 -492.188 -203.125 765.625 -632.812 93.750 695.312
-375.000 -921.875 -1093.750 -679.688 -460.938 617.188 -476.562 -156.250 750.000 -468.750 -179.688 765.625 -656.250 85.938 640.625
-375.000 -921.875 -1093.750 -679.688 -460.938 617.188 -476.562 -156.250 750.000 -468.750 -179.688 765.625 -656.250 85.938 640.625
-304.688 -1000.000 -851.562 -593.750 -226.562 687.500 -476.562 -265.625 828.125 -546.875 -289.062 765.625 -734.375 62.500 546.875
-304.688 -1000.000 -851.562 -593.750 -226.562 687.500 -476.562 -265.625 828.125 -546.875 -289.062 765.625 -734.375 62.500 546.875
-250.000 -1031.250 -734.375 -625.000 -148.438 648.438 -476.562 -203.125 835.938 -539.062 -273.438 757.812 -796.875 85.938 460.938
-156.250 -1117.188 -476.562 -781.250 -125.000 531.250 -625.000 -250.000 726.562 -679.688 -335.938 585.938 -781.250 281.250 -148.438
-156.250 -1117.188 -476.562 -781.250 -125.000 531.250 -625.000 -250.000 726.562 -679.688 -335.938 585.938 -781.250 281.250 -148.438
-156.250 -1117.188 -476.562 -781.250 -125.000 531.250 -625.000 -250.000 726.562 -679.688 -335.938 585.938 -781.250 281.250 -148.438
-156.250 -1117.188 -476.562 -781.250 -125.000 531.250 -625.000 -250.000 726.562 -679.688 -335.938 585.938 -781.250 281.250 -148.438
-156.250 -1117.188 -476.562 -781.250 -125.000 531.250 -625.000 -250.000 726.562 -679.688 -335.938 585.938 -781.250 281.250 -148.438
-187.500 -882.812 -515.625 -960.938 -265.625 406.250 -718.750 -343.750 507.812 -781.250 -367.188 242.188 -585.938 -164.062 -156.250
-187.500 -882.812 -515.625 -960.938 -265.625 406.250 -718.750 -343.750 507.812 -781.250 -367.188 242.188 -585.938 -164.062 -156.250
-304.688 -906.250 -617.188 -929.688 -320.312 382.812 -734.375 -367.188 390.625 -914.062 -468.750 0.000 -328.125 -296.875 -62.500
-460.938 -1187.500 -765.625 -984.375 -406.250 320.312 -695.312 -429.688 335.938 -1015.625 -257.812 -164.062 296.875 -218.750 593.750
-460.938 -1187.500 -765.625 -984.375 -406.250 320.312 -695.312 -429.688 335.938 -1015.625 -257.812 -164.062 296.875 -218.750 593.750
-421.875 -1093.750 -835.938 -976.562 -437.500 281.250 -617.188 -500.000 351.562 -945.312 -171.875 -85.938 539.062 7.812 984.375
-632.812 -484.375 -929.688 -1023.438 -625.000 296.875 -515.625 -500.000 507.812 -421.875 31.250 429.688 484.375 70.312 1281.250
-632.812 -484.375 -929.688 -1023.438 -625.000 296.875 -515.625 -500.000 507.812 -421.875 31.250 429.688 484.375 70.312 1281.250
-515.625 -679.688 -742.188 -687.500 -671.875 375.000 -351.562 -179.688 656.250 554.688 0.000 804.688 234.375 0.000 445.312
-515.625 -679.688 -742.188 -687.500 -671.875 375.000 -351.562 -179.688 656.250 554.688 0.000 804.688 234.375 0.000 445.312
-515.625 -679.688 -742.188 -687.500 -671.875 375.000 -351.562 -179.688 656.250 554.688 0.000 804.688 234.375 0.000 445.312
-398.438 -429.688 -726.562 -507.812 -578.125 453.125 -343.750 -78.125 671.875 484.375 -54.688 812.500 234.375 109.375 281.250
-398.438 -429.688 -726.562 -507.812 -578.125 453.125 -343.750 -78.125 671.875 484.375 -54.688 812.500 234.375 109.375 281.250
-406.250 -85.938 -726.562 -289.062 -460.938 562.500 -289.062 46.875 617.188 421.875 15.625 695.312 265.625 203.125 265.625
-468.750 390.625 -570.312 132.812 -242.188 835.938 -171.875 125.000 507.812 132.812 460.938 382.812 515.625 640.625 375.000
-468.750 390.625 -570.312 132.812 -242.188 835.938 -171.875 125.000 507.812 132.812 460.938 382.812 515.625 640.625 375.000
62.500 289.062 250.000 281.250 453.125 687.500 406.250 625.000 445.312 1023.438 656.250 234.375 1148.438 781.250 -62.500
62.500 289.062 250.000 281.250 453.125 687.500 406.250 625.000 445.312 1023.438 656.250 234.375 1148.438 781.250 -62.500
62.500 289.062 250.000 281.250 453.125 687.500 406.250 625.000 445.312 1023.438 656.250 234.375 1148.438 781.250 -62.500
62.500 289.062 250.000 281.250 453.125 687.500 406.250 625.000 445.312 1023.438 656.250 234.375 1148.438 781.250 -62.500
62.500 289.062 250.000 281.250 453.125 687.500 406.250 625.000 445.312 1023.438 656.250 234.375 1148.438 781.250 -62.500
109.375 54.688 296.875 156.250 484.375 570.312 601.562 671.875 445.312 1171.875 625.000 257.812 1382.812 765.625 -54.688
-54.688 -554.688 101.562 156.250 515.625 437.500 664.062 789.062 492.188 1359.375 609.375 406.250 1523.438 804.688 109.375
-54.688 -554.688 101.562 156.250 515.625 437.500 664.062 789.062 492.188 1359.375 609.375 406.250 1523.438 804.688 109.375
-226.562 -953.125 -15.625 117.188 601.562 429.688 734.375 953.125 546.875 1406.250 601.562 523.438 1609.375 695.312 265.625
-226.562 -953.125 -15.625 117.188 601.562 429.688 734.375 953.125 546.875 1406.250 601.562 523.438 1609.375 695.312 265.625
-398.438 -1210.938 -187.500 195.312 789.062 812.500 820.312 843.750 812.500 1281.250 476.562 562.500 1257.812 664.062 273.438
-398.438 -1210.938 -187.500 195.312 789.062 812.500 820.312 843.750 812.500 1281.250 476.562 562.500 1257.812 664.062 273.438
-398.438 -1210.938 -187.500 195.312 789.062 812.500 820.312 843.750 812.500 1281.250 476.562 562.500 1257.812 664.062 273.438
-398.438 -1210.938 -187.500 195.312 789.062 812.500 820.312 843.750 812.500 1281.250 476.562 562.500 1257.812 664.062 273.438
-445.312 -1203.125 -195.312 218.750 703.125 1007.812 789.062 851.562 914.062 1257.812 460.938 625.000 1257.812 671.875 304.688
-445.312 -1203.125 -195.312 218.750 703.125 1007.812 789.062 851.562 914.062 1257.812 460.938 625.000 1257.812 671.875 304.688
-460.938 -1250.000 -203.125 171.875 601.562 1070.312 703.125 835.938 882.812 1226.562 515.625 664.062 1242.188 687.500 406.250
-460.938 -1250.000 -234.375 156.250 593.750 1085.938 695.312 867.188 906.250 1210.938 515.625 687.500 1250.000 695.312 445.312
-460.938 -1250.000 -234.375 156.250 593.750 1085.938 695.312 867.188 906.250 1210.938 515.625 687.500 1250.000 695.312 445.312
-437.500 -1289.062 -289.062 171.875 601.562 1195.312 695.312 789.062 929.688 1125.000 468.750 632.812 1109.375 640.625 375.000
-437.500 -1289.062 -289.062 171.875 601.562 1195.312 695.312 789.062 929.688 1125.000 468.750 632.812 1109.375 640.625 375.000
-437.500 -1289.062 -289.062 171.875 601.562 1195.312 695.312 789.062 929.688 1125.000 468.750 632.812 1109.375 640.625 375.000
-437.500 -1289.062 -289.062 171.875 601.562 1195.312 695.312 789.062 929.688 1125.000 468.750 632.812 1109.375 640.625 375.000
-437.500 -1289.062 -289.062 171.875 601.562 1195.312 695.312 789.062 929.688 1125.000 468.750 632.812 1109.375 640.625 375.000
-507.812 -1171.875 -359.375 156.250 570.312 1179.688 687.500 773.438 937.500 1125.000 468.750 625.000 1093.750 664.062 351.562
-507.812 -1171.875 -359.375 156.250 570.312 1179.688 687.500 773.438 937.500 1125.000 468.750 625.000 1093.750 664.062 351.562
-460.938 -968.750 -296.875 101.562 539.062 1062.500 585.938 718.750 828.125 992.188 453.125 531.250 976.562 617.188 281.250
-460.938 -968.750 -296.875 101.562 539.062 1062.500 585.938 718.750 828.125 992.188 453.125 531.250 976.562 617.188 281.250
-460.938 -968.750 -296.875 101.562 539.062 1062.500 585.938 718.750 828.125 992.188 453.125 531.250 976.562 617.188 281.250
-460.938 -968.750 -296.875 101.562 539.062 1062.500 585.938 718.750 828.125 992.188 453.125 531.250 976.562 617.188 281.250
-382.812 -1007.812 -250.000 85.938 531.250 1031.250 562.500 671.875 812.500 968.750 429.688 546.875 968.750 601.562 289.062
-343.750 -1023.438 -218.750 70.312 500.000 1000.000 523.438 648.438 789.062 953.125 398.438 539.062 968.750 562.500 289.062
-312.500 -835.938 -234.375 46.875 429.688 859.375 484.375 578.125 687.500 875.000 343.750 453.125 921.875 500.000 210.938
-312.500 -835.938 -234.375 46.875 429.688 859.375 484.375 578.125 687.500 875.000 343.750 453.125 921.875 500.000 210.938
-312.500 -835.938 -234.375 46.875 429.688 859.375 484.375 578.125 687.500 875.000 343.750 453.125 921.875 500.000 210.938
-312.500 -835.938 -234.375 46.875 429.688 859.375 484.375 578.125 687.500 875.000 343.750 453.125 921.875 500.000 210.938
-296.875 -812.500 -226.562 54.688 414.062 835.938 476.562 539.062 656.250 867.188 328.125 421.875 914.062 476.562 187.500
-281.250 -820.312 -218.750 70.312 429.688 820.312 484.375 546.875 648.438 851.562 312.500 406.250 906.250 460.938 171.875
-281.250 -820.312 -218.750 70.312 429.688 820.312 484.375 546.875 648.438 851.562 312.500 406.250 906.250 460.938 171.875
-187.500 -859.375 -203.125 85.938 421.875 820.312 492.188 539.062 640.625 859.375 296.875 398.438 929.688 445.312 148.438
-187.500 -859.375 -203.125 85.938 421.875 820.312 492.188 539.062 640.625 859.375 296.875 398.438 929.688 445.312 148.438
-187.500 -859.375 -203.125 85.938 421.875 820.312 492.188 539.062 640.625 859.375 296.875 398.438 929.688 445.312 148.438
-234.375 -867.188 -226.562 85.938 421.875 820.312 492.188 531.250 648.438 867.188 304.688 390.625 914.062 445.312 164.062
-242.188 -898.438 -250.000 78.125 414.062 828.125 507.812 515.625 648.438 867.188 304.688 398.438 898.438 445.312 164.062
-242.188 -898.438 -250.000 78.125 414.062 828.125 507.812 515.625 648.438 867.188 304.688 398.438 898.438 445.312 164.062
-242.188 -882.812 -242.188 78.125 398.438 835.938 507.812 531.250 640.625 851.562 312.500 382.812 898.438 453.125 156.250
-242.188 -882.812 -242.188 78.125 398.438 835.938 507.812 531.250 640.625 851.562 312.500 382.812 898.438 453.125 156.250
-187.500 -1015.625 -171.875 85.938 429.688 843.750 468.750 554.688 609.375 773.438 351.562 375.000 773.438 476.562 156.250
-187.500 -1015.625 -171.875 85.938 429.688 843.750 468.750 554.688 609.375 773.438 351.562 375.000 773.438 476.562 156.250
-187.500 -1015.625 -171.875 85.938 429.688 843.750 468.750 554.688 609.375 773.438 351.562 375.000 773.438 476.562 156.250
-187.500 -1015.625 -171.875 85.938 429.688 843.750 468.750 554.688 609.375 773.438 351.562 375.000 773.438 476.562 156.250
-179.688 -976.562 -148.438 109.375 468.750 820.312 468.750 609.375 593.750 789.062 398.438 375.000 757.812 523.438 156.250
-179.688 -976.562 -148.438 109.375 468.750 820.312 468.750 609.375 593.750 789.062 398.438 375.000 757.812 523.438 156.250
-156.250 -953.125 -148.438 125.000 484.375 820.312 460.938 625.000 570.312 773.438 429.688 367.188 757.812 554.688 171.875
-156.250 -953.125 -148.438 125.000 484.375 820.312 460.938 625.000 570.312 773.438 429.688 367.188 757.812 554.688 171.875
-195.312 -968.750 -148.438 125.000 507.812 804.688 460.938 632.812 562.500 773.438 429.688 343.750 773.438 554.688 148.438
-171.875 -976.562 -117.188 125.000 523.438 820.312 500.000 632.812 593.750 820.312 421.875 375.000 828.125 554.688 156.250
-171.875 -976.562 -117.188 125.000 523.438 820.312 500.000 632.812 593.750 820.312 421.875 375.000 828.125 554.688 156.250
-187.500 -992.188 -125.000 132.812 531.250 835.938 500.000 632.812 609.375 843.750 429.688 406.250 875.000 562.500 171.875
-187.500 -992.188 -125.000 132.812 531.250 835.938 500.000 632.812 609.375 843.750 429.688 406.250 875.000 562.500 171.875
-257.812 -984.375 -156.250 132.812 539.062 820.312 523.438 648.438 632.812 882.812 421.875 421.875 914.062 554.688 164.062
-257.812 -968.750 -164.062 140.625 539.062 835.938 523.438 640.625 640.625 882.812 421.875 398.438 906.250 578.125 156.250
-257.812 -968.750 -164.062 140.625 539.062 835.938 523.438 640.625 640.625 882.812 421.875 398.438 906.250 578.125 156.250
-250.000 -960.938 -156.250 109.375 515.625 851.562 484.375 648.438 640.625 835.938 414.062 437.500 843.750 554.688 195.312
-250.000 -960.938 -156.250 109.375 515.625 851.562 484.375 648.438 640.625 835.938 414.062 437.500 843.750 554.688 195.312
-250.000 -960.938 -156.250 109.375 515.625 851.562 484.375 648.438 640.625 835.938 414.062 437.500 843.750 554.688 195.312
-250.000 -960.938 -156.250 109.375 515.625 851.562 484.375 648.438 640.625 835.938 414.062 437.500 843.750 554.688 195.312
-250.000 -960.938 -156.250 109.375 515.625 851.562 484.375 648.438 640.625 835.938 414.062 437.500 843.750 554.688 195.312
-250.000 -960.938 -156.250 109.375 515.625 851.562 484.375 648.438 640.625 835.938 414.062 437.500 843.750 554.688 195.312
-242.188 -976.562 -164.062 93.750 492.188 828.125 453.125 640.625 593.750 796.875 437.500 414.062 804.688 562.500 195.312
-242.188 -976.562 -164.062 93.750 492.188 828.125 453.125 640.625 593.750 796.875 437.500 414.062 804.688 562.500 195.312
-218.750 -992.188 -132.812 85.938 445.312 828.125 445.312 617.188 562.500 734.375 437.500 359.375 726.562 562.500 156.250
-195.312 -1046.875 -117.188 78.125 453.125 812.500 429.688 593.750 585.938 734.375 406.250 359.375 695.312 523.438 148.438
-195.312 -1046.875 -117.188 78.125 453.125 812.500 429.688 593.750 585.938 734.375 406.250 359.375 695.312 523.438 148.438
-179.688 -1062.500 -101.562 70.312 460.938 804.688 437.500 585.938 570.312 750.000 390.625 375.000 726.562 507.812 148.438
-179.688 -1062.500 -101.562 70.312 460.938 804.688 437.500 585.938 570.312 750.000 390.625 375.000 726.562 507.812 148.438
-109.375 -1007.812 -62.500 93.750 507.812 757.812 414.062 609.375 554.688 750.000 421.875 382.812 757.812 546.875 187.500
-54.688 -882.812 -23.438 85.938 531.250 703.125 390.625 617.188 507.812 687.500 421.875 335.938 687.500 546.875 132.812
-54.688 -882.812 -23.438 85.938 531.250 703.125 390.625 617.188 507.812 687.500 421.875 335.938 687.500 546.875 132.812
-54.688 -882.812 -23.438 85.938 531.250 703.125 390.625 617.188 507.812 687.500 421.875 335.938 687.500 546.875 132.812
-54.688 -882.812 -23.438 85.938 531.250 703.125 390.625 617.188 507.812 687.500 421.875 335.938 687.500 546.875 132.812
-85.938 -929.688 -39.062 78.125 507.812 718.750 398.438 593.750 500.000 679.688 406.250 328.125 671.875 523.438 117.188
-109.375 -976.562 -54.688 93.750 476.562 726.562 406.250 578.125 515.625 671.875 390.625 320.312 671.875 500.000 117.188
-109.375 -976.562 -54.688 93.750 476.562 726.562 406.250 578.125 515.625 671.875 390.625 320.312 671.875 500.000 117.188
-125.000 -1023.438 -62.500 78.125 429.688 757.812 429.688 554.688 539.062 718.750 351.562 328.125 718.750 484.375 101.562
-210.938 -1062.500 -85.938 85.938 445.312 789.062 460.938 554.688 546.875 757.812 382.812 320.312 757.812 515.625 101.562
-210.938 -1062.500 -85.938 85.938 445.312 789.062 460.938 554.688 546.875 757.812 382.812 320.312 757.812 515.625 101.562
-265.625 -1062.500 -125.000 132.812 507.812 843.750 515.625 640.625 617.188 835.938 437.500 390.625 828.125 585.938 156.250
-265.625 -1062.500 -125.000 132.812 507.812 843.750 515.625 640.625 617.188 835.938 437.500 390.625 828.125 585.938 156.250
-265.625 -1062.500 -125.000 132.812 507.812 843.750 515.625 640.625 617.188 835.938 437.500 390.625 828.125 585.938 156.250
-265.625 -1039.062 -109.375 148.438 500.000 875.000 523.438 648.438 632.812 843.750 445.312 406.250 875.000 593.750 164.062
-265.625 -1039.062 -109.375 148.438 500.000 875.000 523.438 648.438 632.812 843.750 445.312 406.250 875.000 593.750 164.062
-257.812 -1070.312 -101.562 164.062 492.188 898.438 531.250 671.875 656.250 906.250 453.125 437.500 929.688 593.750 195.312
-273.438 -1046.875 -109.375 164.062 500.000 906.250 531.250 687.500 671.875 906.250 468.750 453.125 945.312 617.188 195.312
-273.438 -1046.875 -109.375 164.062 500.000 906.250 531.250 687.500 671.875 906.250 468.750 453.125 945.312 617.188 195.312
-281.250 -992.188 -132.812 179.688 554.688 906.250 554.688 710.938 671.875 898.438 492.188 437.500 820.312 617.188 195.312
-281.250 -992.188 -132.812 179.688 554.688 906.250 554.688 710.938 671.875 898.438 492.188 437.500 820.312 617.188 195.312
-250.000 -1007.812 -117.188 179.688 546.875 906.250 507.812 703.125 648.438 843.750 492.188 429.688 859.375 632.812 195.312
-226.562 -953.125 -93.750 171.875 507.812 898.438 515.625 664.062 625.000 789.062 460.938 390.625 789.062 601.562 132.812
-226.562 -953.125 -93.750 171.875 507.812 898.438 515.625 664.062 625.000 789.062 460.938 390.625 789.062 601.562 132.812
-226.562 -953.125 -93.750 171.875 507.812 898.438 515.625 664.062 625.000 789.062 460.938 390.625 789.062 601.562 132.812
-226.562 -953.125 -93.750 171.875 507.812 898.438 515.625 664.062 625.000 789.062 460.938 390.625 789.062 601.562 132.812
-226.562 -953.125 -93.750 171.875 507.812 898.438 515.625 664.062 625.000 789.062 460.938 390.625 789.062 601.562 132.812
-179.688 -976.562 -62.500 164.062 492.188 882.812 492.188 625.000 617.188 804.688 437.500 382.812 804.688 570.312 125.000
-179.688 -976.562 -62.500 164.062 492.188 882.812 492.188 625.000 617.188 804.688 437.500 382.812 804.688 570.312 125.000
-195.312 -1031.250 -46.875 132.812 460.938 851.562 484.375 609.375 585.938 796.875 437.500 367.188 851.562 570.312 148.438
-195.312 -1031.250 -46.875 125.000 445.312 828.125 484.375 617.188 601.562 820.312 429.688 390.625 867.188 554.688 148.438
-195.312 -1031.250 -46.875 125.000 445.312 828.125 484.375 617.188 601.562 820.312 429.688 390.625 867.188 554.688 148.438
-203.125 -968.750 -85.938 140.625 476.562 820.312 500.000 609.375 625.000 859.375 421.875 398.438 914.062 554.688 156.250
-203.125 -968.750 -85.938 140.625 476.562 820.312 500.000 609.375 625.000 859.375 421.875 398.438 914.062 554.688 156.250
-203.125 -968.750 -85.938 140.625 476.562 820.312 500.000 609.375 625.000 859.375 421.875 398.438 914.062 554.688 156.250
-203.125 -929.688 -85.938 156.250 484.375 828.125 500.000 601.562 640.625 867.188 406.250 398.438 914.062 546.875 148.438
-203.125 -929.688 -85.938 156.250 484.375 828.125 500.000 601.562 640.625 867.188 406.250 398.438 914.062 546.875 148.438
-195.312 -929.688 -78.125 156.250 492.188 843.750 500.000 609.375 640.625 851.562 406.250 406.250 898.438 531.250 148.438
-195.312 -953.125 -70.312 148.438 484.375 851.562 507.812 609.375 640.625 843.750 398.438 398.438 882.812 539.062 140.625
-195.312 -953.125 -70.312 148.438 484.375 851.562 507.812 609.375 640.625 843.750 398.438 398.438 882.812 539.062 140.625
-187.500 -992.188 -70.312 164.062 492.188 867.188 500.000 632.812 640.625 851.562 437.500 406.250 843.750 562.500 164.062
-187.500 -992.188 -70.312 164.062 492.188 867.188 500.000 632.812 640.625 851.562 437.500 406.250 843.750 562.500 164.062
-187.500 -992.188 -70.312 164.062 492.188 867.188 500.000 632.812 640.625 851.562 437.500 406.250 843.750 562.500 164.062
-187.500 -992.188 -70.312 164.062 492.188 867.188 500.000 632.812 640.625 851.562 437.500 406.250 843.750 562.500 164.062
-187.500 -992.188 -70.312 164.062 492.188 867.188 500.000 632.812 640.625 851.562 437.500 406.250 843.750 562.500 164.062
-195.312 -1007.812 -78.125 164.062 492.188 875.000 492.188 632.812 632.812 835.938 453.125 414.062 851.562 578.125 171.875
-242.188 -1046.875 -93.750 132.812 414.062 867.188 468.750 625.000 593.750 757.812 453.125 343.750 734.375 593.750 117.188
-242.188 -1046.875 -93.750 132.812 414.062 867.188 468.750 625.000 593.750 757.812 453.125 343.750 734.375 593.750 117.188
-242.188 -1046.875 -93.750 132.812 414.062 867.188 468.750 625.000 593.750 757.812 453.125 343.750 734.375 593.750 117.188
-242.188 -1046.875 -93.750 132.812 414.062 867.188 468.750 625.000 593.750 757.812 453.125 343.750 734.375 593.750 117.188
-242.188 -1046.875 -93.750 132.812 414.062 867.188 468.750 625.000 593.750 757.812 453.125 343.750 734.375 593.750 117.188
-179.688 -1093.750 -46.875 148.438 468.750 867.188 492.188 625.000 625.000 796.875 429.688 375.000 742.188 554.688 140.625
-179.688 -1093.750 -46.875 148.438 468.750 867.188 492.188 625.000 625.000 796.875 429.688 375.000 742.188 554.688 140.625
-187.500 -1093.750 -46.875 132.812 492.188 859.375 484.375 625.000 625.000 820.312 421.875 414.062 828.125 554.688 171.875
-187.500 -1046.875 -46.875 148.438 507.812 851.562 476.562 632.812 632.812 828.125 429.688 421.875 843.750 554.688 187.500
-187.500 -1046.875 -46.875 148.438 507.812 851.562 476.562 632.812 632.812 828.125 429.688 421.875 843.750 554.688 187.500
-242.188 -929.688 -109.375 125.000 492.188 812.500 445.312 640.625 601.562 781.250 437.500 367.188 796.875 578.125 148.438
-242.188 -929.688 -109.375 125.000 492.188 812.500 445.312 640.625 601.562 781.250 437.500 367.188 796.875 578.125 148.438
-242.188 -929.688 -109.375 125.000 492.188 812.500 445.312 640.625 601.562 781.250 437.500 367.188 796.875 578.125 148.438
-273.438 -914.062 -117.188 125.000 484.375 828.125 453.125 609.375 601.562 757.812 414.062 367.188 773.438 539.062 132.812
-273.438 -914.062 -117.188 125.000 484.375 828.125 453.125 609.375 601.562 757.812 414.062 367.188 773.438 539.062 132.812
-226.562 -953.125 -70.312 125.000 460.938 843.750 476.562 585.938 632.812 812.500 406.250 382.812 789.062 546.875 148.438
-226.562 -953.125 -70.312 125.000 460.938 843.750 476.562 585.938 632.812 812.500 406.250 382.812 789.062 546.875 148.438
-218.750 -984.375 -70.312 109.375 460.938 843.750 460.938 585.938 632.812 812.500 390.625 406.250 828.125 523.438 156.250
-187.500 -929.688 -46.875 117.188 468.750 804.688 445.312 609.375 609.375 796.875 421.875 398.438 812.500 554.688 171.875
-187.500 -929.688 -46.875 117.188 468.750 804.688 445.312 609.375 609.375 796.875 421.875 398.438 812.500 554.688 171.875
-187.500 -929.688 -46.875 117.188 468.750 804.688 445.312 609.375 609.375 796.875 421.875 398.438 812.500 554.688 171.875
-187.500 -929.688 -46.875 117.188 468.750 804.688 445.312 609.375 609.375 796.875 421.875 398.438 812.500 554.688 171.875
-187.500 -929.688 -46.875 117.188 468.750 804.688 445.312 609.375 609.375 796.875 421.875 398.438 812.500 554.688 171.875
-226.562 -906.250 -78.125 109.375 476.562 804.688 445.312 617.188 609.375 773.438 421.875 398.438 773.438 546.875 156.250
-226.562 -906.250 -78.125 109.375 476.562 804.688 445.312 617.188 609.375 773.438 421.875 398.438 773.438 546.875 156.250
-218.750 -968.750 -70.312 109.375 492.188 812.500 445.312 617.188 617.188 789.062 414.062 414.062 812.500 539.062 179.688
-218.750 -968.750 -70.312 109.375 492.188 812.500 445.312 617.188 617.188 789.062 414.062 414.062 812.500 539.062 179.688
-218.750 -968.750 -70.312 109.375 492.188 812.500 445.312 617.188 617.188 789.062 414.062 414.062 812.500 539.062 179.688
-218.750 -968.750 -70.312 109.375 492.188 812.500 445.312 617.188 617.188 789.062 414.062 414.062 812.500 539.062 179.688
-234.375 -960.938 -85.938 93.750 484.375 820.312 429.688 617.188 609.375 773.438 429.688 382.812 796.875 570.312 179.688
-234.375 -960.938 -85.938 93.750 484.375 820.312 429.688 617.188 609.375 773.438 429.688 382.812 796.875 570.312 179.688
-250.000 -960.938 -101.562 117.188 468.750 828.125 445.312 632.812 609.375 781.250 445.312 406.250 781.250 570.312 179.688
-250.000 -960.938 -101.562 117.188 468.750 828.125 445.312 632.812 609.375 781.250 445.312 406.250 781.250 570.312 179.688
-257.812 -960.938 -101.562 109.375 460.938 828.125 445.312 625.000 625.000 796.875 453.125 414.062 820.312 578.125 195.312
-250.000 -1000.000 -93.750 117.188 492.188 843.750 460.938 640.625 648.438 820.312 414.062 437.500 835.938 546.875 203.125
-250.000 -1000.000 -93.750 117.188 492.188 843.750 460.938 640.625 648.438 820.312 414.062 437.500 835.938 546.875 203.125
-218.750 -1007.812 -70.312 117.188 507.812 835.938 468.750 640.625 656.250 828.125 414.062 437.500 851.562 554.688 203.125
