-585.938 -843.750 -117.188 -804.688 -39.062 523.438 -867.188 54.688 453.125 -328.125 703.125 617.188 210.938 359.375 921.875
-570.312 -820.312 -117.188 -835.938 -15.625 460.938 -890.625 93.750 398.438 -328.125 734.375 609.375 257.812 382.812 937.500
-570.312 -820.312 -117.188 -835.938 -15.625 460.938 -890.625 93.750 398.438 -328.125 734.375 609.375 257.812 382.812 937.500
-570.312 -820.312 -117.188 -835.938 -15.625 460.938 -890.625 93.750 398.438 -328.125 734.375 609.375 257.812 382.812 937.500
-570.312 -820.312 -117.188 -835.938 -15.625 460.938 -890.625 93.750 398.438 -328.125 734.375 609.375 257.812 382.812 937.500
-554.688 -804.688 -125.000 -835.938 -15.625 437.500 -890.625 101.562 375.000 -343.750 726.562 585.938 234.375 375.000 914.062
-554.688 -804.688 -125.000 -835.938 -15.625 437.500 -890.625 101.562 375.000 -343.750 726.562 585.938 234.375 375.000 914.062
-554.688 -734.375 -125.000 -851.562 -31.250 382.812 -898.438 85.938 335.938 -359.375 695.312 562.500 195.312 343.750 875.000
-554.688 -734.375 -125.000 -851.562 -31.250 382.812 -898.438 85.938 335.938 -359.375 695.312 562.500 195.312 343.750 875.000
-593.750 -765.625 -140.625 -867.188 -31.250 351.562 -906.250 78.125 296.875 -382.812 679.688 554.688 203.125 343.750 882.812
-585.938 -765.625 -140.625 -875.000 -39.062 359.375 -906.250 70.312 312.500 -390.625 687.500 554.688 195.312 335.938 898.438
-585.938 -765.625 -140.625 -875.000 -39.062 359.375 -906.250 70.312 312.500 -390.625 687.500 554.688 195.312 335.938 898.438
-539.062 -781.250 -93.750 -867.188 -62.500 375.000 -914.062 62.500 296.875 -390.625 671.875 562.500 195.312 351.562 906.250
-531.250 -789.062 -78.125 -875.000 -54.688 359.375 -921.875 70.312 289.062 -398.438 664.062 554.688 187.500 343.750 898.438
-531.250 -789.062 -78.125 -875.000 -54.688 359.375 -921.875 70.312 289.062 -398.438 664.062 554.688 187.500 343.750 898.438
-539.062 -804.688 -78.125 -851.562 -46.875 390.625 -898.438 62.500 335.938 -375.000 687.500 554.688 218.750 343.750 906.250
-539.062 -804.688 -78.125 -851.562 -46.875 390.625 -898.438 62.500 335.938 -375.000 687.500 554.688 218.750 343.750 906.250
-593.750 -804.688 -125.000 -789.062 -46.875 515.625 -851.562 62.500 468.750 -296.875 726.562 625.000 242.188 382.812 937.500
-617.188 -828.125 -148.438 -796.875 -31.250 562.500 -859.375 78.125 531.250 -250.000 742.188 656.250 273.438 414.062 929.688
-617.188 -828.125 -148.438 -796.875 -31.250 562.500 -859.375 78.125 531.250 -250.000 742.188 656.250 273.438 414.062 929.688
-640.625 -875.000 -164.062 -804.688 0.000 593.750 -867.188 117.188 546.875 -226.562 789.062 671.875 320.312 414.062 945.312
-593.750 -890.625 -148.438 -820.312 0.000 585.938 -882.812 125.000 523.438 -257.812 796.875 656.250 320.312 437.500 960.938
-593.750 -890.625 -148.438 -820.312 0.000 585.938 -882.812 125.000 523.438 -257.812 796.875 656.250 320.312 437.500 960.938
-546.875 -929.688 -85.938 -843.750 0.000 539.062 -898.438 125.000 476.562 -296.875 781.250 632.812 328.125 429.688 953.125
-546.875 -929.688 -85.938 -843.750 0.000 539.062 -898.438 125.000 476.562 -296.875 781.250 632.812 328.125 429.688 953.125
-531.250 -906.250 -85.938 -843.750 -31.250 500.000 -890.625 85.938 437.500 -312.500 750.000 640.625 265.625 375.000 937.500
-539.062 -859.375 -93.750 -851.562 -46.875 492.188 -914.062 70.312 421.875 -328.125 726.562 625.000 250.000 359.375 921.875
-539.062 -859.375 -93.750 -851.562 -46.875 492.188 -914.062 70.312 421.875 -328.125 726.562 625.000 250.000 359.375 921.875
-570.312 -859.375 -132.812 -859.375 -70.312 460.938 -921.875 46.875 390.625 -359.375 695.312 593.750 242.188 359.375 914.062
-578.125 -835.938 -148.438 -875.000 -70.312 445.312 -921.875 46.875 359.375 -375.000 679.688 585.938 226.562 367.188 898.438
-578.125 -835.938 -148.438 -875.000 -70.312 445.312 -921.875 46.875 359.375 -375.000 679.688 585.938 226.562 367.188 898.438
-546.875 -804.688 -132.812 -875.000 -62.500 398.438 -929.688 54.688 335.938 -367.188 687.500 585.938 234.375 335.938 898.438
-546.875 -804.688 -132.812 -875.000 -62.500 398.438 -929.688 54.688 335.938 -367.188 687.500 585.938 234.375 335.938 898.438
-570.312 -804.688 -125.000 -867.188 -54.688 406.250 -914.062 62.500 351.562 -351.562 695.312 609.375 234.375 335.938 921.875
-570.312 -789.062 -117.188 -859.375 -46.875 421.875 -906.250 70.312 375.000 -351.562 703.125 617.188 257.812 343.750 929.688
-570.312 -789.062 -117.188 -859.375 -46.875 421.875 -906.250 70.312 375.000 -351.562 703.125 617.188 257.812 343.750 929.688
-570.312 -773.438 -101.562 -843.750 -39.062 460.938 -890.625 70.312 406.250 -328.125 726.562 617.188 257.812 375.000 937.500
-578.125 -789.062 -109.375 -843.750 -39.062 468.750 -890.625 78.125 414.062 -328.125 718.750 609.375 257.812 375.000 929.688
-578.125 -789.062 -109.375 -843.750 -39.062 468.750 -890.625 78.125 414.062 -328.125 718.750 609.375 257.812 375.000 929.688
-578.125 -828.125 -93.750 -835.938 -23.438 476.562 -882.812 93.750 421.875 -320.312 734.375 609.375 242.188 382.812 921.875
-578.125 -828.125 -93.750 -835.938 -23.438 476.562 -882.812 93.750 421.875 -320.312 734.375 609.375 242.188 382.812 921.875
-570.312 -843.750 -101.562 -828.125 -23.438 507.812 -875.000 93.750 437.500 -328.125 734.375 601.562 226.562 398.438 914.062
-578.125 -859.375 -101.562 -820.312 -15.625 507.812 -867.188 93.750 437.500 -312.500 742.188 601.562 234.375 390.625 914.062
-578.125 -859.375 -101.562 -820.312 -15.625 507.812 -867.188 93.750 437.500 -312.500 742.188 601.562 234.375 390.625 914.062
-609.375 -867.188 -125.000 -828.125 -7.812 507.812 -875.000 101.562 445.312 -304.688 750.000 609.375 250.000 414.062 929.688
-609.375 -867.188 -125.000 -828.125 -7.812 507.812 -875.000 101.562 445.312 -304.688 750.000 609.375 250.000 414.062 929.688
-601.562 -835.938 -109.375 -828.125 -15.625 507.812 -875.000 109.375 445.312 -304.688 750.000 601.562 265.625 414.062 937.500
-578.125 -812.500 -109.375 -835.938 0.000 468.750 -882.812 117.188 414.062 -304.688 750.000 601.562 281.250 398.438 914.062
-578.125 -812.500 -109.375 -835.938 0.000 468.750 -882.812 117.188 414.062 -304.688 750.000 601.562 281.250 398.438 914.062
-578.125 -789.062 -117.188 -835.938 -7.812 429.688 -890.625 109.375 390.625 -320.312 734.375 585.938 250.000 382.812 906.250
-578.125 -781.250 -125.000 -835.938 0.000 414.062 -882.812 117.188 367.188 -335.938 726.562 585.938 242.188 367.188 890.625
-578.125 -781.250 -125.000 -835.938 0.000 414.062 -882.812 117.188 367.188 -335.938 726.562 585.938 242.188 367.188 890.625
-593.750 -750.000 -140.625 -851.562 0.000 390.625 -890.625 109.375 351.562 -343.750 718.750 570.312 242.188 367.188 914.062
-593.750 -750.000 -140.625 -851.562 0.000 390.625 -890.625 109.375 351.562 -343.750 718.750 570.312 242.188 367.188 914.062
-593.750 -734.375 -140.625 -851.562 -7.812 382.812 -890.625 109.375 343.750 -343.750 718.750 578.125 250.000 375.000 921.875
-578.125 -742.188 -140.625 -859.375 -15.625 390.625 -898.438 101.562 351.562 -335.938 718.750 585.938 257.812 359.375 929.688
-578.125 -742.188 -140.625 -859.375 -15.625 390.625 -898.438 101.562 351.562 -335.938 718.750 585.938 257.812 359.375 929.688
-585.938 -773.438 -125.000 -851.562 -31.250 421.875 -898.438 78.125 375.000 -335.938 710.938 593.750 250.000 351.562 898.438
-585.938 -773.438 -125.000 -851.562 -31.250 421.875 -898.438 78.125 375.000 -335.938 710.938 593.750 250.000 351.562 898.438
-585.938 -812.500 -132.812 -843.750 -46.875 437.500 -898.438 70.312 390.625 -335.938 703.125 601.562 234.375 351.562 906.250
-593.750 -828.125 -125.000 -843.750 -31.250 460.938 -890.625 78.125 414.062 -328.125 710.938 601.562 250.000 367.188 906.250
-593.750 -828.125 -125.000 -843.750 -31.250 460.938 -890.625 78.125 414.062 -328.125 710.938 601.562 250.000 367.188 906.250
-578.125 -820.312 -117.188 -843.750 -31.250 468.750 -890.625 85.938 414.062 -320.312 718.750 609.375 250.000 382.812 914.062
-578.125 -835.938 -101.562 -843.750 -31.250 484.375 -898.438 78.125 429.688 -320.312 726.562 609.375 257.812 390.625 921.875
-578.125 -835.938 -101.562 -843.750 -31.250 484.375 -898.438 78.125 429.688 -320.312 726.562 609.375 257.812 390.625 921.875
-570.312 -835.938 -101.562 -828.125 -39.062 484.375 -882.812 101.562 429.688 -312.500 734.375 609.375 250.000 390.625 914.062
-570.312 -835.938 -101.562 -828.125 -39.062 484.375 -882.812 101.562 429.688 -312.500 734.375 609.375 250.000 390.625 914.062
-578.125 -851.562 -132.812 -835.938 -23.438 484.375 -875.000 101.562 437.500 -312.500 734.375 609.375 242.188 398.438 914.062
-578.125 -804.688 -125.000 -835.938 -7.812 468.750 -890.625 109.375 414.062 -312.500 742.188 609.375 273.438 390.625 921.875
-578.125 -804.688 -125.000 -835.938 -7.812 468.750 -890.625 109.375 414.062 -312.500 742.188 609.375 273.438 390.625 921.875
-578.125 -804.688 -125.000 -835.938 -7.812 468.750 -890.625 109.375 414.062 -312.500 742.188 609.375 273.438 390.625 921.875
-578.125 -804.688 -125.000 -835.938 -7.812 468.750 -890.625 109.375 414.062 -312.500 742.188 609.375 273.438 390.625 921.875
-578.125 -804.688 -125.000 -835.938 -7.812 468.750 -890.625 109.375 414.062 -312.500 742.188 609.375 273.438 390.625 921.875
-578.125 -796.875 -117.188 -843.750 -7.812 453.125 -890.625 101.562 390.625 -328.125 734.375 578.125 257.812 382.812 906.250
-578.125 -796.875 -117.188 -843.750 -7.812 453.125 -890.625 101.562 390.625 -328.125 734.375 578.125 257.812 382.812 906.250
-578.125 -796.875 -125.000 -843.750 -23.438 437.500 -890.625 109.375 375.000 -335.938 726.562 585.938 257.812 382.812 906.250
-593.750 -804.688 -125.000 -851.562 -15.625 429.688 -890.625 101.562 375.000 -328.125 718.750 585.938 257.812 375.000 914.062
-593.750 -804.688 -125.000 -851.562 -15.625 429.688 -890.625 101.562 375.000 -328.125 718.750 585.938 257.812 375.000 914.062
-578.125 -796.875 -117.188 -843.750 -31.250 437.500 -890.625 93.750 390.625 -328.125 726.562 601.562 265.625 367.188 914.062
-585.938 -765.625 -117.188 -843.750 -46.875 453.125 -882.812 70.312 406.250 -328.125 710.938 609.375 265.625 375.000 914.062
-585.938 -765.625 -117.188 -843.750 -46.875 453.125 -882.812 70.312 406.250 -328.125 710.938 609.375 265.625 375.000 914.062
-593.750 -796.875 -140.625 -843.750 -39.062 460.938 -882.812 70.312 406.250 -335.938 695.312 601.562 226.562 367.188 898.438
-593.750 -796.875 -140.625 -843.750 -39.062 460.938 -882.812 70.312 406.250 -335.938 695.312 601.562 226.562 367.188 898.438
-601.562 -828.125 -140.625 -835.938 -46.875 460.938 -890.625 70.312 398.438 -335.938 710.938 585.938 234.375 367.188 898.438
-570.312 -851.562 -125.000 -843.750 -54.688 453.125 -890.625 78.125 382.812 -335.938 695.312 593.750 226.562 375.000 898.438
-570.312 -851.562 -125.000 -843.750 -54.688 453.125 -890.625 78.125 382.812 -335.938 695.312 593.750 226.562 375.000 898.438
-570.312 -859.375 -125.000 -851.562 -46.875 453.125 -890.625 70.312 398.438 -335.938 695.312 585.938 234.375 367.188 906.250
-562.500 -843.750 -117.188 -843.750 -39.062 437.500 -890.625 78.125 390.625 -335.938 710.938 601.562 242.188 359.375 898.438
-562.500 -843.750 -117.188 -843.750 -39.062 437.500 -890.625 78.125 390.625 -335.938 710.938 601.562 242.188 359.375 898.438
-554.688 -812.500 -117.188 -835.938 -39.062 453.125 -882.812 78.125 398.438 -320.312 710.938 601.562 257.812 367.188 914.062
-554.688 -812.500 -117.188 -835.938 -39.062 453.125 -882.812 78.125 398.438 -320.312 710.938 601.562 257.812 367.188 914.062
-585.938 -835.938 -140.625 -843.750 -31.250 460.938 -890.625 85.938 414.062 -312.500 726.562 601.562 273.438 382.812 914.062
-578.125 -773.438 -140.625 -828.125 -31.250 460.938 -882.812 93.750 421.875 -320.312 726.562 593.750 265.625 375.000 898.438
-578.125 -773.438 -140.625 -828.125 -31.250 460.938 -882.812 93.750 421.875 -320.312 726.562 593.750 265.625 375.000 898.438
-578.125 -773.438 -140.625 -828.125 -31.250 460.938 -882.812 93.750 421.875 -320.312 726.562 593.750 265.625 375.000 898.438
-578.125 -773.438 -140.625 -828.125 -31.250 460.938 -882.812 93.750 421.875 -320.312 726.562 593.750 265.625 375.000 898.438
-578.125 -773.438 -140.625 -828.125 -31.250 460.938 -882.812 93.750 421.875 -320.312 726.562 593.750 265.625 375.000 898.438
-585.938 -796.875 -148.438 -828.125 -23.438 476.562 -882.812 93.750 437.500 -296.875 726.562 625.000 289.062 375.000 921.875
-585.938 -796.875 -148.438 -828.125 -23.438 476.562 -882.812 93.750 437.500 -296.875 726.562 625.000 289.062 375.000 921.875
-585.938 -812.500 -156.250 -835.938 -23.438 476.562 -882.812 101.562 445.312 -289.062 734.375 625.000 296.875 382.812 929.688
-593.750 -828.125 -140.625 -843.750 -23.438 476.562 -898.438 93.750 429.688 -312.500 742.188 609.375 273.438 390.625 921.875
-593.750 -828.125 -140.625 -843.750 -23.438 476.562 -898.438 93.750 429.688 -312.500 742.188 609.375 273.438 390.625 921.875
-570.312 -820.312 -125.000 -843.750 -23.438 484.375 -890.625 101.562 429.688 -304.688 734.375 593.750 265.625 398.438 906.250
-562.500 -835.938 -117.188 -843.750 -23.438 484.375 -906.250 93.750 421.875 -335.938 734.375 585.938 257.812 398.438 898.438
-546.875 -843.750 -101.562 -843.750 -23.438 468.750 -890.625 101.562 414.062 -320.312 734.375 593.750 250.000 398.438 914.062
-554.688 -828.125 -101.562 -843.750 -31.250 445.312 -898.438 101.562 390.625 -335.938 718.750 585.938 234.375 390.625 898.438
-554.688 -828.125 -101.562 -843.750 -31.250 445.312 -898.438 101.562 390.625 -335.938 718.750 585.938 234.375 390.625 898.438
-554.688 -835.938 -117.188 -851.562 -31.250 445.312 -906.250 93.750 375.000 -335.938 718.750 585.938 234.375 382.812 906.250
-570.312 -773.438 -117.188 -843.750 -15.625 453.125 -890.625 101.562 414.062 -328.125 734.375 601.562 265.625 382.812 921.875
-570.312 -773.438 -117.188 -843.750 -15.625 453.125 -890.625 101.562 414.062 -328.125 734.375 601.562 265.625 382.812 921.875
-570.312 -773.438 -117.188 -843.750 -15.625 453.125 -890.625 101.562 414.062 -328.125 734.375 601.562 265.625 382.812 921.875
-570.312 -773.438 -117.188 -843.750 -15.625 453.125 -890.625 101.562 414.062 -328.125 734.375 601.562 265.625 382.812 921.875
-570.312 -773.438 -117.188 -843.750 -15.625 453.125 -890.625 101.562 414.062 -328.125 734.375 601.562 265.625 382.812 921.875
-593.750 -773.438 -140.625 -804.688 -15.625 492.188 -867.188 101.562 445.312 -296.875 734.375 632.812 281.250 382.812 937.500
-593.750 -773.438 -140.625 -804.688 -15.625 492.188 -867.188 101.562 445.312 -296.875 734.375 632.812 281.250 382.812 937.500
-609.375 -796.875 -156.250 -820.312 -7.812 507.812 -859.375 101.562 468.750 -289.062 734.375 632.812 257.812 390.625 921.875
-609.375 -789.062 -164.062 -820.312 0.000 515.625 -875.000 101.562 476.562 -273.438 742.188 632.812 281.250 382.812 921.875
-601.562 -789.062 -148.438 -828.125 -15.625 507.812 -890.625 109.375 460.938 -265.625 757.812 632.812 304.688 390.625 929.688
-585.938 -757.812 -148.438 -843.750 -15.625 492.188 -890.625 125.000 445.312 -289.062 765.625 625.000 312.500 390.625 945.312
-585.938 -757.812 -148.438 -843.750 -15.625 492.188 -890.625 125.000 445.312 -289.062 765.625 625.000 312.500 390.625 945.312
-585.938 -703.125 -164.062 -843.750 -7.812 476.562 -890.625 109.375 421.875 -304.688 750.000 625.000 312.500 390.625 960.938
-625.000 -554.688 -242.188 -851.562 -23.438 460.938 -906.250 101.562 406.250 -312.500 757.812 617.188 328.125 414.062 976.562
-625.000 -554.688 -242.188 -851.562 -23.438 460.938 -906.250 101.562 406.250 -312.500 757.812 617.188 328.125 414.062 976.562
-632.812 -484.375 -250.000 -851.562 -39.062 460.938 -898.438 93.750 414.062 -320.312 757.812 617.188 320.312 421.875 984.375
-648.438 -445.312 -250.000 -843.750 -46.875 484.375 -890.625 78.125 445.312 -304.688 742.188 632.812 296.875 398.438 976.562
-593.750 -507.812 -210.938 -835.938 -46.875 507.812 -882.812 62.500 460.938 -312.500 718.750 640.625 281.250 359.375 953.125
-523.438 -562.500 -156.250 -828.125 -23.438 531.250 -890.625 62.500 492.188 -296.875 718.750 671.875 281.250 328.125 945.312
-523.438 -562.500 -156.250 -828.125 -23.438 531.250 -890.625 62.500 492.188 -296.875 718.750 671.875 281.250 328.125 945.312
-437.500 -554.688 -117.188 -851.562 -78.125 585.938 -929.688 46.875 484.375 -273.438 734.375 679.688 382.812 335.938 992.188
-429.688 -664.062 -156.250 -843.750 -226.562 648.438 -1015.625 -23.438 382.812 -367.188 726.562 617.188 492.188 437.500 1085.938
-429.688 -664.062 -156.250 -843.750 -226.562 648.438 -1015.625 -23.438 382.812 -367.188 726.562 617.188 492.188 437.500 1085.938
-437.500 -843.750 -226.562 -750.000 -289.062 757.812 -992.188 -132.812 414.062 -382.812 710.938 609.375 476.562 414.062 1093.750
-468.750 -1000.000 -289.062 -539.062 -437.500 968.750 -1031.250 -171.875 492.188 -406.250 679.688 656.250 445.312 390.625 1078.125
-523.438 -976.562 -382.812 -695.312 -492.188 992.188 -773.438 -7.812 570.312 -351.562 687.500 750.000 367.188 335.938 1062.500
-578.125 -992.188 -515.625 -820.312 -46.875 781.250 -703.125 -101.562 929.688 -187.500 656.250 859.375 226.562 343.750 1062.500
-578.125 -992.188 -515.625 -820.312 -46.875 781.250 -703.125 -101.562 929.688 -187.500 656.250 859.375 226.562 343.750 1062.500
-726.562 -1421.875 -593.750 -218.750 195.312 1921.875 -335.938 -656.250 2203.125 -250.000 257.812 1304.688 -93.750 367.188 1062.500
-812.500 -1671.875 -882.812 -812.500 7.812 625.000 -1421.875 -226.562 148.438 -70.312 734.375 515.625 210.938 414.062 718.750
-812.500 -1671.875 -882.812 -812.500 7.812 625.000 -1421.875 -226.562 148.438 -70.312 734.375 515.625 210.938 414.062 718.750
-750.000 -1531.250 -984.375 -523.438 515.625 718.750 -742.188 -78.125 437.500 -625.000 132.812 343.750 23.438 148.438 679.688
-750.000 -1531.250 -984.375 -523.438 515.625 718.750 -742.188 -78.125 437.500 -625.000 132.812 343.750 23.438 148.438 679.688
-570.312 -898.438 -851.562 -929.688 539.062 117.188 -468.750 523.438 179.688 -78.125 1093.750 367.188 992.188 1125.000 1179.688
-570.312 -898.438 -851.562 -929.688 539.062 117.188 -468.750 523.438 179.688 -78.125 1093.750 367.188 992.188 1125.000 1179.688
-570.312 -898.438 -851.562 -929.688 539.062 117.188 -468.750 523.438 179.688 -78.125 1093.750 367.188 992.188 1125.000 1179.688
-570.312 -898.438 -851.562 -929.688 539.062 117.188 -468.750 523.438 179.688 -78.125 1093.750 367.188 992.188 1125.000 1179.688
-289.062 -671.875 -570.312 -765.625 695.312 -101.562 -343.750 570.312 -117.188 -218.750 851.562 -39.062 617.188 273.438 796.875
-289.062 -671.875 -570.312 -765.625 695.312 -101.562 -343.750 570.312 -117.188 -218.750 851.562 -39.062 617.188 273.438 796.875
-226.562 -765.625 -382.812 -710.938 929.688 -210.938 390.625 687.500 312.500 -460.938 507.812 187.500 625.000 218.750 648.438
-226.562 -765.625 -382.812 -710.938 929.688 -210.938 390.625 687.500 312.500 -460.938 507.812 187.500 625.000 218.750 648.438
-179.688 -773.438 54.688 -570.312 1257.812 -273.438 -78.125 15.625 562.500 359.375 382.812 -31.250 375.000 625.000 335.938
-187.500 -617.188 70.312 -531.250 820.312 -234.375 -320.312 523.438 937.500 593.750 367.188 406.250 210.938 421.875 117.188
-187.500 -617.188 70.312 -531.250 820.312 -234.375 -320.312 523.438 937.500 593.750 367.188 406.250 210.938 421.875 117.188
-429.688 -828.125 -257.812 -429.688 140.625 -218.750 -78.125 625.000 382.812 476.562 1148.438 734.375 257.812 453.125 1093.750
-664.062 -1015.625 -437.500 -117.188 -15.625 445.312 -257.812 320.312 617.188 -445.312 1460.938 1242.188 828.125 -390.625 2226.562
-664.062 -1015.625 -437.500 -117.188 -15.625 445.312 -257.812 320.312 617.188 -445.312 1460.938 1242.188 828.125 -390.625 2226.562
-609.375 -890.625 -390.625 93.750 -101.562 828.125 -562.500 296.875 953.125 -578.125 1234.375 1406.250 0.000 -1054.688 1375.000
-710.938 -757.812 289.062 -39.062 -414.062 2125.000 -703.125 -468.750 1710.938 -289.062 179.688 1210.938 -750.000 -250.000 789.062
-710.938 -757.812 289.062 -39.062 -414.062 2125.000 -703.125 -468.750 1710.938 -289.062 179.688 1210.938 -750.000 -250.000 789.062
85.938 85.938 648.438 -125.000 -851.562 2367.188 -523.438 -804.688 2039.062 -445.312 -562.500 1304.688 -546.875 -195.312 726.562
85.938 85.938 648.438 -125.000 -851.562 2367.188 -523.438 -804.688 2039.062 -445.312 -562.500 1304.688 -546.875 -195.312 726.562
-679.688 -1101.562 -226.562 -1179.688 -492.188 640.625 -1054.688 -453.125 656.250 -367.188 39.062 796.875 -210.938 -468.750 617.188
-820.312 -718.750 -312.500 -1007.812 -421.875 585.938 -1007.812 -156.250 515.625 -742.188 187.500 773.438 -148.438 -343.750 820.312
-820.312 -718.750 -312.500 -1007.812 -421.875 585.938 -1007.812 -156.250 515.625 -742.188 187.500 773.438 -148.438 -343.750 820.312
-718.750 -609.375 -250.000 -695.312 -156.250 781.250 -687.500 -70.312 773.438 -414.062 281.250 828.125 -203.125 -171.875 906.250
-718.750 -609.375 -250.000 -695.312 -156.250 781.250 -687.500 -70.312 773.438 -414.062 281.250 828.125 -203.125 -171.875 906.250
-914.062 -281.250 -390.625 -328.125 187.500 796.875 -250.000 281.250 890.625 140.625 562.500 812.500 421.875 101.562 937.500
-914.062 -281.250 -390.625 -328.125 187.500 796.875 -250.000 281.250 890.625 140.625 562.500 812.500 421.875 101.562 937.500
-914.062 -281.250 -390.625 -328.125 187.500 796.875 -250.000 281.250 890.625 140.625 562.500 812.500 421.875 101.562 937.500
-914.062 -281.250 -390.625 -328.125 187.500 796.875 -250.000 281.250 890.625 140.625 562.500 812.500 421.875 101.562 937.500
-750.000 -210.938 -265.625 -273.438 117.188 796.875 -210.938 398.438 898.438 257.812 750.000 843.750 593.750 148.438 1054.688
-750.000 -210.938 -265.625 -273.438 117.188 796.875 -210.938 398.438 898.438 257.812 750.000 843.750 593.750 148.438 1054.688
-742.188 -343.750 -218.750 -265.625 148.438 796.875 -210.938 367.188 875.000 226.562 750.000 820.312 593.750 156.250 1039.062
-742.188 -343.750 -218.750 -265.625 148.438 796.875 -210.938 367.188 875.000 226.562 750.000 820.312 593.750 156.250 1039.062
-695.312 -382.812 -210.938 -250.000 179.688 796.875 -218.750 359.375 867.188 117.188 695.312 789.062 429.688 117.188 1015.625
-664.062 -390.625 -187.500 -210.938 140.625 843.750 -226.562 312.500 898.438 117.188 671.875 812.500 460.938 101.562 1007.812
-664.062 -390.625 -187.500 -210.938 140.625 843.750 -226.562 312.500 898.438 117.188 671.875 812.500 460.938 101.562 1007.812
-710.938 -578.125 -210.938 -218.750 -23.438 921.875 -218.750 187.500 937.500 148.438 562.500 828.125 453.125 46.875 937.500
-710.938 -578.125 -210.938 -218.750 -23.438 921.875 -218.750 187.500 937.500 148.438 562.500 828.125 453.125 46.875 937.500
-789.062 -546.875 -289.062 -281.250 -109.375 945.312 -273.438 78.125 929.688 78.125 445.312 843.750 375.000 -31.250 882.812
-789.062 -578.125 -296.875 -304.688 -148.438 945.312 -289.062 39.062 929.688 78.125 437.500 851.562 398.438 -62.500 882.812
-789.062 -578.125 -296.875 -304.688 -148.438 945.312 -289.062 39.062 929.688 78.125 437.500 851.562 398.438 -62.500 882.812
-796.875 -554.688 -289.062 -320.312 -218.750 1023.438 -335.938 15.625 992.188 179.688 429.688 898.438 429.688 -54.688 914.062
-804.688 -562.500 -289.062 -320.312 -218.750 1039.062 -289.062 23.438 1000.000 101.562 437.500 898.438 406.250 -93.750 890.625
-804.688 -562.500 -289.062 -320.312 -218.750 1039.062 -289.062 23.438 1000.000 101.562 437.500 898.438 406.250 -93.750 890.625
-828.125 -515.625 -296.875 -328.125 -125.000 992.188 -312.500 62.500 992.188 125.000 460.938 882.812 437.500 -54.688 906.250
-828.125 -515.625 -296.875 -328.125 -125.000 992.188 -312.500 62.500 992.188 125.000 460.938 882.812 437.500 -54.688 906.250
-812.500 -554.688 -304.688 -273.438 -46.875 984.375 -242.188 148.438 1000.000 187.500 570.312 882.812 507.812 15.625 953.125
-835.938 -539.062 -289.062 -234.375 -31.250 1000.000 -195.312 171.875 1007.812 218.750 578.125 867.188 523.438 46.875 953.125
-835.938 -539.062 -289.062 -234.375 -31.250 1000.000 -195.312 171.875 1007.812 218.750 578.125 867.188 523.438 46.875 953.125
-820.312 -546.875 -289.062 -187.500 39.062 968.750 -164.062 234.375 1000.000 265.625 640.625 851.562 585.938 101.562 953.125
-828.125 -609.375 -289.062 -164.062 62.500 953.125 -148.438 265.625 984.375 250.000 648.438 828.125 578.125 109.375 953.125
-828.125 -609.375 -289.062 -164.062 62.500 953.125 -148.438 265.625 984.375 250.000 648.438 828.125 578.125 109.375 953.125
-773.438 -632.812 -265.625 -109.375 125.000 960.938 -117.188 289.062 968.750 203.125 679.688 789.062 523.438 164.062 953.125
-773.438 -632.812 -265.625 -109.375 125.000 960.938 -117.188 289.062 968.750 203.125 679.688 789.062 523.438 164.062 953.125
-789.062 -656.250 -242.188 -62.500 140.625 976.562 -85.938 320.312 992.188 273.438 718.750 796.875 570.312 179.688 968.750
-796.875 -664.062 -250.000 -62.500 125.000 976.562 -70.312 304.688 984.375 265.625 695.312 789.062 562.500 171.875 953.125
-796.875 -664.062 -250.000 -62.500 125.000 976.562 -70.312 304.688 984.375 265.625 695.312 789.062 562.500 171.875 953.125
-796.875 -632.812 -257.812 -101.562 85.938 992.188 -125.000 265.625 984.375 234.375 648.438 789.062 523.438 140.625 929.688
-789.062 -617.188 -250.000 -148.438 62.500 976.562 -164.062 250.000 976.562 203.125 632.812 796.875 484.375 117.188 921.875
-789.062 -617.188 -250.000 -148.438 62.500 976.562 -164.062 250.000 976.562 203.125 632.812 796.875 484.375 117.188 921.875
-757.812 -617.188 -210.938 -226.562 39.062 945.312 -234.375 218.750 937.500 125.000 578.125 796.875 421.875 85.938 898.438
-757.812 -617.188 -210.938 -226.562 39.062 945.312 -234.375 218.750 937.500 125.000 578.125 796.875 421.875 85.938 898.438
-757.812 -562.500 -210.938 -296.875 -7.812 929.688 -289.062 187.500 890.625 85.938 546.875 781.250 382.812 62.500 906.250
-750.000 -539.062 -195.312 -304.688 7.812 929.688 -304.688 187.500 914.062 93.750 546.875 812.500 421.875 46.875 906.250
-750.000 -539.062 -195.312 -304.688 7.812 929.688 -304.688 187.500 914.062 93.750 546.875 812.500 421.875 46.875 906.250
-781.250 -546.875 -218.750 -281.250 23.438 937.500 -273.438 187.500 937.500 125.000 562.500 812.500 445.312 54.688 914.062
-789.062 -546.875 -226.562 -265.625 31.250 929.688 -242.188 195.312 945.312 148.438 570.312 820.312 460.938 62.500 914.062
-789.062 -546.875 -226.562 -265.625 31.250 929.688 -242.188 195.312 945.312 148.438 570.312 820.312 460.938 62.500 914.062
-796.875 -585.938 -210.938 -218.750 23.438 953.125 -218.750 195.312 960.938 164.062 570.312 812.500 460.938 70.312 914.062
-796.875 -585.938 -210.938 -218.750 23.438 953.125 -218.750 195.312 960.938 164.062 570.312 812.500 460.938 70.312 914.062
-773.438 -601.562 -242.188 -148.438 39.062 945.312 -164.062 234.375 945.312 179.688 593.750 789.062 460.938 109.375 914.062
-773.438 -625.000 -250.000 -117.188 70.312 937.500 -109.375 242.188 953.125 210.938 617.188 773.438 476.562 125.000 921.875
-773.438 -625.000 -250.000 -117.188 70.312 937.500 -109.375 242.188 953.125 210.938 617.188 773.438 476.562 125.000 921.875
-796.875 -664.062 -257.812 -70.312 78.125 960.938 -85.938 265.625 976.562 281.250 648.438 781.250 539.062 148.438 937.500
-796.875 -664.062 -257.812 -70.312 78.125 960.938 -85.938 265.625 976.562 281.250 648.438 781.250 539.062 148.438 937.500
-796.875 -664.062 -242.188 -62.500 78.125 968.750 -85.938 265.625 976.562 265.625 656.250 789.062 531.250 132.812 929.688
-781.250 -640.625 -226.562 -117.188 85.938 960.938 -132.812 265.625 968.750 226.562 640.625 789.062 507.812 132.812 937.500
-781.250 -640.625 -226.562 -117.188 85.938 960.938 -132.812 265.625 968.750 226.562 640.625 789.062 507.812 132.812 937.500
-765.625 -609.375 -210.938 -171.875 93.750 945.312 -179.688 257.812 945.312 179.688 625.000 796.875 476.562 109.375 929.688
-773.438 -578.125 -210.938 -203.125 78.125 945.312 -203.125 242.188 937.500 171.875 601.562 789.062 476.562 101.562 906.250
-773.438 -578.125 -210.938 -203.125 78.125 945.312 -203.125 242.188 937.500 171.875 601.562 789.062 476.562 101.562 906.250
-789.062 -507.812 -203.125 -335.938 15.625 921.875 -320.312 187.500 921.875 85.938 539.062 828.125 421.875 23.438 914.062
-789.062 -507.812 -203.125 -335.938 15.625 921.875 -320.312 187.500 921.875 85.938 539.062 828.125 421.875 23.438 914.062
-789.062 -507.812 -203.125 -335.938 15.625 921.875 -320.312 187.500 921.875 85.938 539.062 828.125 421.875 23.438 914.062
-789.062 -507.812 -203.125 -335.938 15.625 921.875 -320.312 187.500 921.875 85.938 539.062 828.125 421.875 23.438 914.062
-789.062 -507.812 -203.125 -335.938 15.625 921.875 -320.312 187.500 921.875 85.938 539.062 828.125 421.875 23.438 914.062
-781.250 -523.438 -203.125 -351.562 -7.812 929.688 -335.938 148.438 921.875 70.312 507.812 828.125 390.625 7.812 906.250
-781.250 -523.438 -203.125 -351.562 -7.812 929.688 -335.938 148.438 921.875 70.312 507.812 828.125 390.625 7.812 906.250
-789.062 -531.250 -195.312 -351.562 -15.625 929.688 -335.938 132.812 921.875 54.688 500.000 812.500 351.562 15.625 898.438
-789.062 -523.438 -218.750 -304.688 -15.625 929.688 -281.250 164.062 929.688 93.750 523.438 820.312 375.000 23.438 906.250
-789.062 -523.438 -218.750 -304.688 -15.625 929.688 -281.250 164.062 929.688 93.750 523.438 820.312 375.000 23.438 906.250
-781.250 -554.688 -210.938 -257.812 0.000 929.688 -257.812 179.688 929.688 109.375 546.875 820.312 421.875 54.688 914.062
-781.250 -617.188 -210.938 -179.688 31.250 945.312 -195.312 210.938 945.312 164.062 585.938 796.875 445.312 85.938 921.875
-781.250 -617.188 -210.938 -179.688 31.250 945.312 -195.312 210.938 945.312 164.062 585.938 796.875 445.312 85.938 921.875
-781.250 -648.438 -210.938 -132.812 54.688 960.938 -156.250 218.750 945.312 187.500 601.562 796.875 460.938 101.562 937.500
-781.250 -648.438 -210.938 -132.812 54.688 960.938 -156.250 218.750 945.312 187.500 601.562 796.875 460.938 101.562 937.500
-765.625 -656.250 -210.938 -140.625 54.688 953.125 -156.250 226.562 945.312 187.500 593.750 789.062 453.125 109.375 921.875
-773.438 -640.625 -226.562 -132.812 54.688 937.500 -148.438 234.375 937.500 195.312 593.750 773.438 468.750 109.375 898.438
-773.438 -640.625 -226.562 -132.812 54.688 937.500 -148.438 234.375 937.500 195.312 593.750 773.438 468.750 109.375 898.438
-789.062 -617.188 -234.375 -125.000 54.688 929.688 -125.000 250.000 945.312 226.562 625.000 781.250 492.188 117.188 921.875
-804.688 -476.562 -296.875 -148.438 93.750 906.250 -132.812 273.438 945.312 226.562 625.000 804.688 523.438 117.188 921.875
-804.688 -476.562 -296.875 -148.438 93.750 906.250 -132.812 273.438 945.312 226.562 625.000 804.688 523.438 117.188 921.875
-804.688 -523.438 -257.812 -218.750 54.688 906.250 -195.312 242.188 937.500 226.562 593.750 812.500 531.250 85.938 914.062
-804.688 -523.438 -257.812 -218.750 54.688 906.250 -195.312 242.188 937.500 226.562 593.750 812.500 531.250 85.938 914.062
-781.250 -507.812 -242.188 -234.375 54.688 906.250 -218.750 226.562 945.312 179.688 593.750 812.500 507.812 78.125 921.875
-765.625 -554.688 -218.750 -250.000 23.438 921.875 -242.188 203.125 921.875 125.000 562.500 804.688 437.500 54.688 906.250
-765.625 -554.688 -218.750 -250.000 23.438 921.875 -242.188 203.125 921.875 125.000 562.500 804.688 437.500 54.688 906.250
-765.625 -585.938 -218.750 -250.000 7.812 929.688 -234.375 179.688 921.875 132.812 554.688 796.875 421.875 62.500 906.250
-773.438 -593.750 -226.562 -257.812 -23.438 945.312 -242.188 156.250 929.688 117.188 523.438 804.688 406.250 46.875 882.812
-773.438 -593.750 -226.562 -257.812 -23.438 945.312 -242.188 156.250 929.688 117.188 523.438 804.688 406.250 46.875 882.812
-773.438 -601.562 -226.562 -250.000 -23.438 953.125 -250.000 156.250 945.312 132.812 523.438 812.500 421.875 46.875 890.625
-773.438 -601.562 -226.562 -250.000 -23.438 953.125 -250.000 156.250 945.312 132.812 523.438 812.500 421.875 46.875 890.625
-773.438 -617.188 -226.562 -226.562 -23.438 960.938 -234.375 164.062 945.312 140.625 531.250 804.688 429.688 46.875 898.438
-773.438 -578.125 -234.375 -210.938 31.250 921.875 -203.125 226.562 937.500 179.688 593.750 796.875 476.562 93.750 914.062
-773.438 -578.125 -234.375 -210.938 31.250 921.875 -203.125 226.562 937.500 179.688 593.750 796.875 476.562 93.750 914.062
-773.438 -578.125 -234.375 -210.938 31.250 921.875 -203.125 226.562 937.500 179.688 593.750 796.875 476.562 93.750 914.062
-773.438 -578.125 -234.375 -210.938 31.250 921.875 -203.125 226.562 937.500 179.688 593.750 796.875 476.562 93.750 914.062
-773.438 -578.125 -234.375 -210.938 31.250 921.875 -203.125 226.562 937.500 179.688 593.750 796.875 476.562 93.750 914.062
-773.438 -585.938 -226.562 -187.500 62.500 921.875 -187.500 234.375 937.500 171.875 593.750 796.875 476.562 101.562 929.688
-773.438 -585.938 -226.562 -187.500 62.500 921.875 -187.500 234.375 937.500 171.875 593.750 796.875 476.562 101.562 929.688
-773.438 -593.750 -218.750 -187.500 54.688 929.688 -187.500 234.375 929.688 171.875 593.750 789.062 460.938 93.750 906.250
-773.438 -585.938 -210.938 -218.750 54.688 929.688 -218.750 234.375 937.500 156.250 593.750 804.688 453.125 93.750 929.688
-773.438 -585.938 -210.938 -218.750 54.688 929.688 -218.750 234.375 937.500 156.250 593.750 804.688 453.125 93.750 929.688
-773.438 -593.750 -226.562 -226.562 54.688 914.062 -226.562 226.562 921.875 148.438 585.938 796.875 453.125 93.750 914.062
-781.250 -562.500 -226.562 -234.375 54.688 906.250 -234.375 226.562 921.875 140.625 585.938 789.062 445.312 93.750 914.062
-765.625 -554.688 -218.750 -234.375 62.500 914.062 -234.375 226.562 921.875 148.438 585.938 796.875 460.938 85.938 921.875
-765.625 -554.688 -218.750 -234.375 62.500 914.062 -234.375 226.562 921.875 148.438 585.938 796.875 460.938 85.938 921.875
-765.625 -554.688 -218.750 -234.375 62.500 914.062 -234.375 226.562 921.875 148.438 585.938 796.875 460.938 85.938 921.875
-765.625 -554.688 -218.750 -234.375 62.500 914.062 -234.375 226.562 921.875 148.438 585.938 796.875 460.938 85.938 921.875
-765.625 -562.500 -218.750 -242.188 46.875 921.875 -234.375 218.750 929.688 148.438 585.938 812.500 445.312 70.312 929.688
-765.625 -562.500 -218.750 -242.188 46.875 921.875 -234.375 218.750 929.688 148.438 585.938 812.500 445.312 70.312 929.688
-765.625 -570.312 -210.938 -226.562 39.062 921.875 -234.375 210.938 921.875 132.812 585.938 812.500 437.500 70.312 929.688
-765.625 -570.312 -210.938 -226.562 39.062 921.875 -234.375 210.938 921.875 132.812 585.938 812.500 437.500 70.312 929.688
-773.438 -593.750 -226.562 -226.562 15.625 937.500 -226.562 187.500 929.688 156.250 546.875 812.500 453.125 54.688 906.250
-796.875 -554.688 -281.250 -250.000 -15.625 929.688 -203.125 148.438 929.688 156.250 531.250 804.688 437.500 54.688 890.625
-796.875 -554.688 -281.250 -250.000 -15.625 929.688 -203.125 148.438 929.688 156.250 531.250 804.688 437.500 54.688 890.625
-812.500 -546.875 -289.062 -226.562 -15.625 945.312 -195.312 132.812 929.688 140.625 531.250 804.688 414.062 46.875 898.438
-796.875 -554.688 -273.438 -226.562 -15.625 953.125 -218.750 156.250 953.125 156.250 531.250 820.312 429.688 39.062 898.438
-781.250 -585.938 -257.812 -234.375 -15.625 953.125 -234.375 164.062 960.938 156.250 546.875 820.312 453.125 46.875 914.062
-773.438 -601.562 -257.812 -234.375 -7.812 960.938 -218.750 164.062 953.125 156.250 546.875 828.125 445.312 39.062 921.875
-773.438 -601.562 -257.812 -234.375 -7.812 960.938 -218.750 164.062 953.125 156.250 546.875 828.125 445.312 39.062 921.875
-789.062 -593.750 -257.812 -218.750 -15.625 960.938 -218.750 171.875 960.938 171.875 546.875 835.938 453.125 46.875 914.062
