-554.688 -664.062 -585.938 -687.500 -117.188 656.250 -242.188 -117.188 937.500 54.688 210.938 968.750 -7.812 54.688 1023.438
-500.000 -679.688 -492.188 -695.312 -109.375 640.625 -265.625 -132.812 921.875 15.625 187.500 976.562 -31.250 31.250 1015.625
-500.000 -679.688 -492.188 -695.312 -109.375 640.625 -265.625 -132.812 921.875 15.625 187.500 976.562 -31.250 31.250 1015.625
-500.000 -679.688 -492.188 -695.312 -109.375 640.625 -265.625 -132.812 921.875 15.625 187.500 976.562 -31.250 31.250 1015.625
-507.812 -679.688 -484.375 -710.938 -93.750 648.438 -273.438 -132.812 929.688 23.438 187.500 984.375 -31.250 23.438 1015.625
-531.250 -687.500 -500.000 -734.375 -85.938 625.000 -273.438 -132.812 937.500 23.438 195.312 976.562 -15.625 23.438 1007.812
-531.250 -687.500 -500.000 -734.375 -85.938 625.000 -273.438 -132.812 937.500 23.438 195.312 976.562 -15.625 23.438 1007.812
-562.500 -656.250 -554.688 -726.562 -93.750 632.812 -273.438 -117.188 929.688 31.250 203.125 984.375 0.000 39.062 1023.438
-562.500 -656.250 -554.688 -726.562 -93.750 632.812 -273.438 -117.188 929.688 31.250 203.125 984.375 0.000 39.062 1023.438
-562.500 -656.250 -554.688 -726.562 -93.750 632.812 -273.438 -117.188 929.688 31.250 203.125 984.375 0.000 39.062 1023.438
-546.875 -625.000 -570.312 -718.750 -93.750 632.812 -281.250 -117.188 929.688 23.438 210.938 984.375 -23.438 54.688 1015.625
-546.875 -625.000 -570.312 -718.750 -93.750 632.812 -281.250 -117.188 929.688 23.438 210.938 984.375 -23.438 54.688 1015.625
-554.688 -617.188 -570.312 -726.562 -85.938 625.000 -289.062 -117.188 937.500 23.438 203.125 976.562 -15.625 54.688 1023.438
-554.688 -617.188 -570.312 -726.562 -85.938 625.000 -289.062 -117.188 937.500 23.438 203.125 976.562 -15.625 54.688 1023.438
-554.688 -585.938 -570.312 -710.938 -62.500 625.000 -273.438 -125.000 921.875 31.250 203.125 976.562 -7.812 46.875 1015.625
-554.688 -585.938 -570.312 -710.938 -62.500 625.000 -273.438 -125.000 921.875 31.250 203.125 976.562 -7.812 46.875 1015.625
-585.938 -585.938 -578.125 -703.125 -70.312 640.625 -281.250 -117.188 929.688 31.250 203.125 984.375 7.812 46.875 1015.625
-585.938 -585.938 -578.125 -703.125 -70.312 640.625 -281.250 -117.188 929.688 31.250 203.125 984.375 7.812 46.875 1015.625
-585.938 -585.938 -578.125 -703.125 -70.312 640.625 -281.250 -117.188 929.688 31.250 203.125 984.375 7.812 46.875 1015.625
-593.750 -578.125 -601.562 -695.312 -85.938 656.250 -265.625 -117.188 937.500 31.250 210.938 984.375 7.812 46.875 1015.625
-593.750 -578.125 -601.562 -695.312 -85.938 656.250 -265.625 -117.188 937.500 31.250 210.938 984.375 7.812 46.875 1015.625
-578.125 -601.562 -609.375 -671.875 -117.188 679.688 -257.812 -117.188 945.312 39.062 218.750 968.750 7.812 62.500 1023.438
-578.125 -601.562 -609.375 -671.875 -117.188 679.688 -257.812 -117.188 945.312 39.062 218.750 968.750 7.812 62.500 1023.438
-546.875 -617.188 -546.875 -656.250 -117.188 671.875 -257.812 -101.562 929.688 39.062 226.562 968.750 7.812 70.312 1023.438
-546.875 -617.188 -546.875 -656.250 -117.188 671.875 -257.812 -101.562 929.688 39.062 226.562 968.750 7.812 70.312 1023.438
-531.250 -601.562 -507.812 -664.062 -117.188 664.062 -257.812 -101.562 914.062 39.062 226.562 968.750 7.812 70.312 1031.250
-531.250 -601.562 -507.812 -664.062 -117.188 664.062 -257.812 -101.562 914.062 39.062 226.562 968.750 7.812 70.312 1031.250
-554.688 -617.188 -492.188 -679.688 -85.938 671.875 -226.562 -117.188 937.500 15.625 226.562 960.938 -85.938 85.938 1000.000
-554.688 -617.188 -492.188 -679.688 -85.938 671.875 -226.562 -117.188 937.500 15.625 226.562 960.938 -85.938 85.938 1000.000
-554.688 -617.188 -492.188 -679.688 -85.938 671.875 -226.562 -117.188 937.500 15.625 226.562 960.938 -85.938 85.938 1000.000
-570.312 -632.812 -523.438 -640.625 -93.750 718.750 -203.125 -101.562 953.125 -15.625 250.000 953.125 -171.875 132.812 976.562
-570.312 -632.812 -523.438 -640.625 -93.750 718.750 -203.125 -101.562 953.125 -15.625 250.000 953.125 -171.875 132.812 976.562
-617.188 -703.125 -570.312 -570.312 -46.875 781.250 -132.812 -85.938 1031.250 109.375 281.250 1054.688 31.250 85.938 1085.938
-617.188 -703.125 -570.312 -570.312 -46.875 781.250 -132.812 -85.938 1031.250 109.375 281.250 1054.688 31.250 85.938 1085.938
-648.438 -671.875 -570.312 -585.938 -23.438 789.062 -109.375 -101.562 1046.875 164.062 320.312 1062.500 54.688 156.250 1148.438
-648.438 -671.875 -570.312 -585.938 -23.438 789.062 -109.375 -101.562 1046.875 164.062 320.312 1062.500 54.688 156.250 1148.438
-648.438 -671.875 -570.312 -585.938 -23.438 789.062 -109.375 -101.562 1046.875 164.062 320.312 1062.500 54.688 156.250 1148.438
-718.750 -726.562 -625.000 -570.312 -31.250 812.500 -101.562 -31.250 1132.812 187.500 375.000 1164.062 203.125 171.875 1242.188
-718.750 -726.562 -625.000 -570.312 -31.250 812.500 -101.562 -31.250 1132.812 187.500 375.000 1164.062 203.125 171.875 1242.188
-750.000 -781.250 -617.188 -648.438 -15.625 765.625 -179.688 -85.938 1140.625 101.562 273.438 1156.250 78.125 93.750 1171.875
-750.000 -781.250 -617.188 -648.438 -15.625 765.625 -179.688 -85.938 1140.625 101.562 273.438 1156.250 78.125 93.750 1171.875
-781.250 -828.125 -625.000 -773.438 0.000 726.562 -312.500 -140.625 1125.000 -46.875 234.375 1156.250 -70.312 15.625 1109.375
-781.250 -828.125 -625.000 -773.438 0.000 726.562 -312.500 -140.625 1125.000 -46.875 234.375 1156.250 -70.312 15.625 1109.375
-781.250 -828.125 -625.000 -773.438 0.000 726.562 -312.500 -140.625 1125.000 -46.875 234.375 1156.250 -70.312 15.625 1109.375
-851.562 -960.938 -804.688 -921.875 23.438 593.750 -476.562 -234.375 992.188 -296.875 148.438 1085.938 -296.875 -46.875 1031.250
-851.562 -960.938 -804.688 -921.875 23.438 593.750 -476.562 -234.375 992.188 -296.875 148.438 1085.938 -296.875 -46.875 1031.250
-906.250 -898.438 -914.062 -875.000 -78.125 546.875 -492.188 -171.875 960.938 -257.812 164.062 1054.688 -203.125 46.875 1046.875
-906.250 -898.438 -914.062 -875.000 -78.125 546.875 -492.188 -171.875 960.938 -257.812 164.062 1054.688 -203.125 46.875 1046.875
-765.625 -695.312 -898.438 -812.500 -101.562 492.188 -414.062 -179.688 929.688 -117.188 343.750 1140.625 -101.562 7.812 1164.062
-765.625 -695.312 -898.438 -812.500 -101.562 492.188 -414.062 -179.688 929.688 -117.188 343.750 1140.625 -101.562 7.812 1164.062
-851.562 -453.125 -781.250 -960.938 -179.688 375.000 -390.625 -93.750 867.188 -421.875 7.812 1015.625 -484.375 156.250 890.625
-851.562 -453.125 -781.250 -960.938 -179.688 375.000 -390.625 -93.750 867.188 -421.875 7.812 1015.625 -484.375 156.250 890.625
-851.562 -453.125 -781.250 -960.938 -179.688 375.000 -390.625 -93.750 867.188 -421.875 7.812 1015.625 -484.375 156.250 890.625
-859.375 -320.312 -718.750 -828.125 -70.312 468.750 -546.875 -351.562 742.188 -328.125 179.688 992.188 -375.000 156.250 1000.000
-695.312 -70.312 -421.875 -1078.125 -31.250 226.562 -585.938 -343.750 640.625 -406.250 242.188 1195.312 -1203.125 1148.438 390.625
-695.312 -70.312 -421.875 -1078.125 -31.250 226.562 -585.938 -343.750 640.625 -406.250 242.188 1195.312 -1203.125 1148.438 390.625
-695.312 -70.312 -421.875 -1078.125 -31.250 226.562 -585.938 -343.750 640.625 -406.250 242.188 1195.312 -1203.125 1148.438 390.625
-718.750 15.625 -421.875 -1031.250 -78.125 46.875 -679.688 -234.375 445.312 -171.875 148.438 960.938 -312.500 484.375 179.688
-718.750 15.625 -421.875 -1031.250 -78.125 46.875 -679.688 -234.375 445.312 -171.875 148.438 960.938 -312.500 484.375 179.688
-765.625 85.938 -390.625 -1031.250 -218.750 156.250 -671.875 -406.250 7.812 -296.875 375.000 320.312 -710.938 -117.188 937.500
-765.625 85.938 -390.625 -1031.250 -218.750 156.250 -671.875 -406.250 7.812 -296.875 375.000 320.312 -710.938 -117.188 937.500
-757.812 187.500 -242.188 -773.438 -437.500 281.250 -992.188 -375.000 -7.812 -585.938 -156.250 -140.625 234.375 23.438 1390.625
-757.812 187.500 -242.188 -773.438 -437.500 281.250 -992.188 -375.000 -7.812 -585.938 -156.250 -140.625 234.375 23.438 1390.625
-757.812 187.500 -242.188 -773.438 -437.500 281.250 -992.188 -375.000 -7.812 -585.938 -156.250 -140.625 234.375 23.438 1390.625
-515.625 -343.750 15.625 -679.688 -203.125 398.438 -742.188 -523.438 195.312 -898.438 296.875 -7.812 859.375 1210.938 1921.875
-515.625 -343.750 15.625 -679.688 -203.125 398.438 -742.188 -523.438 195.312 -898.438 296.875 -7.812 859.375 1210.938 1921.875
-460.938 -851.562 398.438 -570.312 -210.938 562.500 -726.562 -54.688 367.188 -656.250 593.750 531.250 -695.312 -640.625 156.250
-460.938 -851.562 398.438 -570.312 -210.938 562.500 -726.562 -54.688 367.188 -656.250 593.750 531.250 -695.312 -640.625 156.250
-406.250 -960.938 523.438 -578.125 -281.250 601.562 -734.375 -62.500 390.625 -718.750 195.312 328.125 -1046.875 -578.125 -125.000
-406.250 -960.938 523.438 -578.125 -281.250 601.562 -734.375 -62.500 390.625 -718.750 195.312 328.125 -1046.875 -578.125 -125.000
-523.438 -1101.562 695.312 -593.750 -390.625 867.188 -664.062 -718.750 414.062 -945.312 0.000 46.875 -1062.500 265.625 -39.062
-523.438 -1101.562 695.312 -593.750 -390.625 867.188 -664.062 -718.750 414.062 -945.312 0.000 46.875 -1062.500 265.625 -39.062
-523.438 -1101.562 695.312 -593.750 -390.625 867.188 -664.062 -718.750 414.062 -945.312 0.000 46.875 -1062.500 265.625 -39.062
-554.688 -984.375 695.312 -531.250 -585.938 953.125 -710.938 -734.375 382.812 -921.875 93.750 62.500 -984.375 78.125 70.312
-554.688 -984.375 695.312 -531.250 -585.938 953.125 -710.938 -734.375 382.812 -921.875 93.750 62.500 -984.375 78.125 70.312
-601.562 -664.062 656.250 -617.188 -578.125 781.250 -765.625 -484.375 398.438 -882.812 117.188 328.125 -851.562 31.250 359.375
-601.562 -664.062 656.250 -617.188 -578.125 781.250 -765.625 -484.375 398.438 -882.812 117.188 328.125 -851.562 31.250 359.375
-789.062 -437.500 328.125 -851.562 -78.125 398.438 -851.562 -210.938 468.750 -804.688 281.250 585.938 -828.125 -70.312 593.750
-789.062 -437.500 328.125 -851.562 -78.125 398.438 -851.562 -210.938 468.750 -804.688 281.250 585.938 -828.125 -70.312 593.750
-859.375 -62.500 210.938 -882.812 -46.875 343.750 -898.438 -70.312 429.688 -804.688 382.812 593.750 -804.688 -85.938 703.125
-859.375 -62.500 210.938 -882.812 -46.875 343.750 -898.438 -70.312 429.688 -804.688 382.812 593.750 -804.688 -85.938 703.125
-898.438 -15.625 148.438 -851.562 -7.812 328.125 -921.875 -85.938 367.188 -820.312 476.562 523.438 -765.625 -31.250 765.625
-898.438 -15.625 148.438 -851.562 -7.812 328.125 -921.875 -85.938 367.188 -820.312 476.562 523.438 -765.625 -31.250 765.625
-898.438 -15.625 148.438 -851.562 -7.812 328.125 -921.875 -85.938 367.188 -820.312 476.562 523.438 -765.625 -31.250 765.625
-1007.812 -234.375 62.500 -882.812 7.812 265.625 -906.250 -93.750 343.750 -875.000 359.375 359.375 -867.188 140.625 593.750
-1007.812 -234.375 62.500 -882.812 7.812 265.625 -906.250 -93.750 343.750 -875.000 359.375 359.375 -867.188 140.625 593.750
-914.062 -187.500 203.125 -875.000 -70.312 367.188 -898.438 -156.250 351.562 -898.438 273.438 343.750 -906.250 -7.812 437.500
-914.062 -187.500 203.125 -875.000 -70.312 367.188 -898.438 -156.250 351.562 -898.438 273.438 343.750 -906.250 -7.812 437.500
-812.500 -468.750 390.625 -843.750 -289.062 468.750 -875.000 -359.375 312.500 -906.250 171.875 328.125 -898.438 -78.125 382.812
-812.500 -468.750 390.625 -843.750 -289.062 468.750 -875.000 -359.375 312.500 -906.250 171.875 328.125 -898.438 -78.125 382.812
-812.500 -468.750 390.625 -843.750 -289.062 468.750 -875.000 -359.375 312.500 -906.250 171.875 328.125 -898.438 -78.125 382.812
-812.500 -468.750 390.625 -843.750 -289.062 468.750 -875.000 -359.375 312.500 -906.250 171.875 328.125 -898.438 -78.125 382.812
-812.500 -468.750 390.625 -843.750 -289.062 468.750 -875.000 -359.375 312.500 -906.250 171.875 328.125 -898.438 -78.125 382.812
-820.312 -500.000 390.625 -835.938 -312.500 476.562 -875.000 -351.562 312.500 -914.062 140.625 335.938 -875.000 -85.938 382.812
-820.312 -500.000 390.625 -835.938 -312.500 476.562 -875.000 -351.562 312.500 -914.062 140.625 335.938 -875.000 -85.938 382.812
-804.688 -367.188 320.312 -843.750 -250.000 406.250 -867.188 -281.250 320.312 -875.000 226.562 421.875 -843.750 -93.750 515.625
-804.688 -367.188 320.312 -843.750 -250.000 406.250 -867.188 -281.250 320.312 -875.000 226.562 421.875 -843.750 -93.750 515.625
-804.688 -312.500 304.688 -843.750 -242.188 398.438 -851.562 -257.812 351.562 -859.375 218.750 476.562 -835.938 -140.625 546.875
-804.688 -312.500 304.688 -843.750 -242.188 398.438 -851.562 -257.812 351.562 -859.375 218.750 476.562 -835.938 -140.625 546.875
-773.438 -218.750 289.062 -812.500 -179.688 398.438 -835.938 -273.438 398.438 -859.375 195.312 500.000 -843.750 -125.000 578.125
-773.438 -218.750 289.062 -812.500 -179.688 398.438 -835.938 -273.438 398.438 -859.375 195.312 500.000 -843.750 -125.000 578.125
-773.438 -218.750 289.062 -812.500 -179.688 398.438 -835.938 -273.438 398.438 -859.375 195.312 500.000 -843.750 -125.000 578.125
-687.500 -226.562 328.125 -789.062 -187.500 437.500 -828.125 -281.250 390.625 -867.188 195.312 468.750 -843.750 -109.375 546.875
-687.500 -226.562 328.125 -789.062 -187.500 437.500 -828.125 -281.250 390.625 -867.188 195.312 468.750 -843.750 -109.375 546.875
-398.438 -343.750 585.938 -796.875 -226.562 453.125 -804.688 -273.438 382.812 -828.125 242.188 515.625 -820.312 -125.000 640.625
-398.438 -343.750 585.938 -796.875 -226.562 453.125 -804.688 -273.438 382.812 -828.125 242.188 515.625 -820.312 -125.000 640.625
-398.438 -343.750 585.938 -796.875 -226.562 453.125 -804.688 -273.438 382.812 -828.125 242.188 515.625 -820.312 -125.000 640.625
-437.500 -250.000 554.688 -773.438 -210.938 453.125 -750.000 -296.875 414.062 -828.125 187.500 585.938 -804.688 -171.875 640.625
-453.125 -273.438 476.562 -710.938 -226.562 476.562 -828.125 -335.938 437.500 -687.500 203.125 695.312 -703.125 -164.062 710.938
-453.125 -273.438 476.562 -710.938 -226.562 476.562 -828.125 -335.938 437.500 -687.500 203.125 695.312 -703.125 -164.062 710.938
-453.125 -273.438 476.562 -710.938 -226.562 476.562 -828.125 -335.938 437.500 -687.500 203.125 695.312 -703.125 -164.062 710.938
-695.312 -554.688 171.875 -789.062 -304.688 460.938 -828.125 -296.875 304.688 -765.625 226.562 539.062 -703.125 -132.812 750.000
-695.312 -554.688 171.875 -789.062 -304.688 460.938 -828.125 -296.875 304.688 -765.625 226.562 539.062 -703.125 -132.812 750.000
-734.375 -656.250 23.438 -750.000 -234.375 484.375 -773.438 -289.062 351.562 -812.500 234.375 539.062 -726.562 -171.875 773.438
-734.375 -656.250 23.438 -750.000 -234.375 484.375 -773.438 -289.062 351.562 -812.500 234.375 539.062 -726.562 -171.875 773.438
-757.812 -906.250 -218.750 -687.500 -179.688 492.188 -742.188 -281.250 351.562 -843.750 210.938 492.188 -835.938 -117.188 562.500
-757.812 -906.250 -218.750 -687.500 -179.688 492.188 -742.188 -281.250 351.562 -843.750 210.938 492.188 -835.938 -117.188 562.500
-789.062 -804.688 -390.625 -742.188 -62.500 312.500 -781.250 -250.000 156.250 -859.375 187.500 359.375 -1000.000 -210.938 312.500
-789.062 -804.688 -390.625 -742.188 -62.500 312.500 -781.250 -250.000 156.250 -859.375 187.500 359.375 -1000.000 -210.938 312.500
-789.062 -804.688 -390.625 -742.188 -62.500 312.500 -781.250 -250.000 156.250 -859.375 187.500 359.375 -1000.000 -210.938 312.500
-859.375 -656.250 -492.188 -835.938 242.188 -31.250 -812.500 -54.688 -15.625 -976.562 273.438 171.875 -976.562 -335.938 296.875
-859.375 -656.250 -492.188 -835.938 242.188 -31.250 -812.500 -54.688 -15.625 -976.562 273.438 171.875 -976.562 -335.938 296.875
-742.188 -648.438 -687.500 -523.438 132.812 54.688 -570.312 -156.250 148.438 -843.750 39.062 195.312 -976.562 -140.625 187.500
-742.188 -648.438 -687.500 -523.438 132.812 54.688 -570.312 -156.250 148.438 -843.750 39.062 195.312 -976.562 -140.625 187.500
-710.938 -585.938 -703.125 -375.000 -132.812 210.938 -367.188 -281.250 250.000 -843.750 -109.375 117.188 -921.875 460.938 382.812
-710.938 -585.938 -703.125 -375.000 -132.812 210.938 -367.188 -281.250 250.000 -843.750 -109.375 117.188 -921.875 460.938 382.812
-710.938 -585.938 -703.125 -375.000 -132.812 210.938 -367.188 -281.250 250.000 -843.750 -109.375 117.188 -921.875 460.938 382.812
-726.562 -429.688 -781.250 -281.250 -328.125 726.562 -85.938 -656.250 640.625 -609.375 -257.812 320.312 -945.312 765.625 265.625
-726.562 -429.688 -781.250 -281.250 -328.125 726.562 -85.938 -656.250 640.625 -609.375 -257.812 320.312 -945.312 765.625 265.625
-851.562 -250.000 -890.625 -39.062 -625.000 1578.125 -31.250 -1164.062 1109.375 -460.938 -742.188 687.500 -960.938 0.000 0.000
-851.562 -250.000 -890.625 -39.062 -625.000 1578.125 -31.250 -1164.062 1109.375 -460.938 -742.188 687.500 -960.938 0.000 0.000
-851.562 -171.875 -773.438 -23.438 -664.062 1750.000 62.500 -1328.125 1265.625 -304.688 -1062.500 875.000 -835.938 -257.812 85.938
-851.562 -171.875 -773.438 -23.438 -664.062 1750.000 62.500 -1328.125 1265.625 -304.688 -1062.500 875.000 -835.938 -257.812 85.938
-796.875 -218.750 -718.750 7.812 -578.125 1570.312 132.812 -1195.312 1242.188 -281.250 -1078.125 929.688 -859.375 -304.688 148.438
-796.875 -218.750 -718.750 7.812 -578.125 1570.312 132.812 -1195.312 1242.188 -281.250 -1078.125 929.688 -859.375 -304.688 148.438
-664.062 -718.750 -570.312 -226.562 -367.188 960.938 -296.875 -640.625 773.438 -453.125 -585.938 859.375 -898.438 -210.938 484.375
-664.062 -718.750 -570.312 -226.562 -367.188 960.938 -296.875 -640.625 773.438 -453.125 -585.938 859.375 -898.438 -210.938 484.375
-664.062 -718.750 -570.312 -226.562 -367.188 960.938 -296.875 -640.625 773.438 -453.125 -585.938 859.375 -898.438 -210.938 484.375
-625.000 -789.062 -546.875 -328.125 -289.062 859.375 -398.438 -562.500 703.125 -523.438 -515.625 796.875 -937.500 -187.500 484.375
-625.000 -789.062 -546.875 -328.125 -289.062 859.375 -398.438 -562.500 703.125 -523.438 -515.625 796.875 -937.500 -187.500 484.375
-656.250 -828.125 -609.375 -445.312 -203.125 757.812 -421.875 -609.375 601.562 -664.062 -492.188 617.188 -1015.625 -156.250 312.500
-656.250 -828.125 -609.375 -445.312 -203.125 757.812 -421.875 -609.375 601.562 -664.062 -492.188 617.188 -1015.625 -156.250 312.500
-656.250 -757.812 -687.500 -359.375 -328.125 875.000 -359.375 -687.500 640.625 -656.250 -531.250 593.750 -992.188 7.812 257.812
-656.250 -757.812 -687.500 -359.375 -328.125 875.000 -359.375 -687.500 640.625 -656.250 -531.250 593.750 -992.188 7.812 257.812
-617.188 -679.688 -710.938 -250.000 -320.312 906.250 -257.812 -671.875 671.875 -570.312 -523.438 640.625 -976.562 -164.062 234.375
-617.188 -679.688 -710.938 -250.000 -320.312 906.250 -257.812 -671.875 671.875 -570.312 -523.438 640.625 -976.562 -164.062 234.375
-617.188 -679.688 -710.938 -250.000 -320.312 906.250 -257.812 -671.875 671.875 -570.312 -523.438 640.625 -976.562 -164.062 234.375
-570.312 -632.812 -625.000 -265.625 -296.875 859.375 -250.000 -640.625 679.688 -531.250 -531.250 679.688 -945.312 -187.500 343.750
-570.312 -632.812 -625.000 -265.625 -296.875 859.375 -250.000 -640.625 679.688 -531.250 -531.250 679.688 -945.312 -187.500 343.750
-554.688 -632.812 -585.938 -265.625 -289.062 851.562 -257.812 -648.438 679.688 -507.812 -546.875 695.312 -929.688 -210.938 375.000
-554.688 -632.812 -585.938 -265.625 -289.062 851.562 -257.812 -648.438 679.688 -507.812 -546.875 695.312 -929.688 -210.938 375.000
-570.312 -601.562 -593.750 -234.375 -335.938 906.250 -179.688 -671.875 718.750 -429.688 -593.750 734.375 -859.375 -218.750 398.438
-570.312 -601.562 -593.750 -234.375 -335.938 906.250 -179.688 -671.875 718.750 -429.688 -593.750 734.375 -859.375 -218.750 398.438
-578.125 -585.938 -601.562 -203.125 -312.500 906.250 -171.875 -664.062 742.188 -429.688 -593.750 734.375 -890.625 -218.750 390.625
-578.125 -585.938 -601.562 -203.125 -312.500 906.250 -171.875 -664.062 742.188 -429.688 -593.750 734.375 -890.625 -218.750 390.625
-578.125 -585.938 -601.562 -203.125 -312.500 906.250 -171.875 -664.062 742.188 -429.688 -593.750 734.375 -890.625 -218.750 390.625
-593.750 -578.125 -632.812 -164.062 -304.688 914.062 -156.250 -640.625 742.188 -429.688 -570.312 742.188 -906.250 -226.562 367.188
-593.750 -578.125 -632.812 -164.062 -304.688 914.062 -156.250 -640.625 742.188 -429.688 -570.312 742.188 -906.250 -226.562 367.188
-593.750 -601.562 -625.000 -156.250 -289.062 929.688 -179.688 -617.188 750.000 -476.562 -500.000 718.750 -898.438 -78.125 382.812
-593.750 -601.562 -625.000 -156.250 -289.062 929.688 -179.688 -617.188 750.000 -476.562 -500.000 718.750 -898.438 -78.125 382.812
-562.500 -601.562 -570.312 -187.500 -250.000 898.438 -203.125 -585.938 742.188 -484.375 -492.188 726.562 -921.875 -164.062 351.562
-562.500 -601.562 -570.312 -187.500 -250.000 898.438 -203.125 -585.938 742.188 -484.375 -492.188 726.562 -921.875 -164.062 351.562
-562.500 -601.562 -570.312 -187.500 -250.000 898.438 -203.125 -585.938 742.188 -484.375 -492.188 726.562 -921.875 -164.062 351.562
-578.125 -625.000 -523.438 -250.000 -265.625 867.188 -242.188 -601.562 703.125 -515.625 -500.000 703.125 -929.688 -125.000 328.125
-578.125 -625.000 -523.438 -250.000 -265.625 867.188 -242.188 -601.562 703.125 -515.625 -500.000 703.125 -929.688 -125.000 328.125
-585.938 -609.375 -546.875 -250.000 -257.812 875.000 -257.812 -601.562 710.938 -523.438 -492.188 679.688 -929.688 -109.375 320.312
-585.938 -609.375 -546.875 -250.000 -257.812 875.000 -257.812 -601.562 710.938 -523.438 -492.188 679.688 -929.688 -109.375 320.312
-593.750 -593.750 -562.500 -250.000 -265.625 898.438 -257.812 -601.562 710.938 -531.250 -523.438 664.062 -953.125 -156.250 257.812
-593.750 -593.750 -562.500 -250.000 -265.625 898.438 -257.812 -601.562 710.938 -531.250 -523.438 664.062 -953.125 -156.250 257.812
-609.375 -593.750 -562.500 -257.812 -257.812 890.625 -257.812 -617.188 710.938 -531.250 -515.625 687.500 -937.500 -171.875 273.438
-609.375 -593.750 -562.500 -257.812 -257.812 890.625 -257.812 -617.188 710.938 -531.250 -515.625 687.500 -937.500 -171.875 273.438
-609.375 -593.750 -562.500 -257.812 -257.812 890.625 -257.812 -617.188 710.938 -531.250 -515.625 687.500 -937.500 -171.875 273.438
-609.375 -601.562 -578.125 -265.625 -265.625 890.625 -242.188 -632.812 718.750 -507.812 -515.625 687.500 -914.062 -164.062 304.688
-609.375 -601.562 -578.125 -265.625 -265.625 890.625 -242.188 -632.812 718.750 -507.812 -515.625 687.500 -914.062 -164.062 304.688
-625.000 -585.938 -593.750 -234.375 -250.000 906.250 -226.562 -609.375 742.188 -500.000 -531.250 710.938 -929.688 -195.312 289.062
-625.000 -585.938 -593.750 -234.375 -250.000 906.250 -226.562 -609.375 742.188 -500.000 -531.250 710.938 -929.688 -195.312 289.062
-656.250 -585.938 -632.812 -203.125 -250.000 929.688 -210.938 -617.188 773.438 -484.375 -531.250 726.562 -929.688 -179.688 304.688
-656.250 -585.938 -632.812 -203.125 -250.000 929.688 -210.938 -617.188 773.438 -484.375 -531.250 726.562 -929.688 -179.688 304.688
-710.938 -585.938 -695.312 -203.125 -257.812 929.688 -203.125 -601.562 773.438 -476.562 -523.438 742.188 -921.875 -203.125 304.688
-710.938 -585.938 -695.312 -203.125 -257.812 929.688 -203.125 -601.562 773.438 -476.562 -523.438 742.188 -921.875 -203.125 304.688
-710.938 -585.938 -695.312 -203.125 -257.812 929.688 -203.125 -601.562 773.438 -476.562 -523.438 742.188 -921.875 -203.125 304.688
-710.938 -578.125 -703.125 -226.562 -257.812 921.875 -218.750 -593.750 765.625 -484.375 -507.812 734.375 -921.875 -171.875 296.875
-710.938 -578.125 -703.125 -226.562 -257.812 921.875 -218.750 -593.750 765.625 -484.375 -507.812 734.375 -921.875 -171.875 296.875
-726.562 -585.938 -718.750 -234.375 -250.000 914.062 -234.375 -601.562 757.812 -500.000 -492.188 718.750 -914.062 -101.562 328.125
-726.562 -585.938 -718.750 -234.375 -250.000 914.062 -234.375 -601.562 757.812 -500.000 -492.188 718.750 -914.062 -101.562 328.125
-671.875 -593.750 -640.625 -226.562 -250.000 914.062 -242.188 -593.750 750.000 -515.625 -500.000 726.562 -929.688 -187.500 304.688
-671.875 -593.750 -640.625 -226.562 -250.000 914.062 -242.188 -593.750 750.000 -515.625 -500.000 726.562 -929.688 -187.500 304.688
-671.875 -593.750 -601.562 -257.812 -250.000 875.000 -265.625 -601.562 726.562 -515.625 -500.000 726.562 -914.062 -164.062 335.938
-671.875 -593.750 -601.562 -257.812 -250.000 875.000 -265.625 -601.562 726.562 -515.625 -500.000 726.562 -914.062 -164.062 335.938
-671.875 -570.312 -523.438 -335.938 -273.438 914.062 -320.312 -648.438 757.812 -570.312 -523.438 718.750 -937.500 -203.125 273.438
-671.875 -570.312 -523.438 -335.938 -273.438 914.062 -320.312 -648.438 757.812 -570.312 -523.438 718.750 -937.500 -203.125 273.438
-671.875 -570.312 -523.438 -335.938 -273.438 914.062 -320.312 -648.438 757.812 -570.312 -523.438 718.750 -937.500 -203.125 273.438
-671.875 -593.750 -492.188 -343.750 -304.688 929.688 -335.938 -656.250 750.000 -585.938 -539.062 687.500 -953.125 -195.312 234.375
-671.875 -593.750 -492.188 -343.750 -304.688 929.688 -335.938 -656.250 750.000 -585.938 -539.062 687.500 -953.125 -195.312 234.375
-656.250 -585.938 -476.562 -367.188 -304.688 921.875 -359.375 -679.688 718.750 -609.375 -523.438 664.062 -960.938 -171.875 179.688
-656.250 -585.938 -476.562 -367.188 -304.688 921.875 -359.375 -679.688 718.750 -609.375 -523.438 664.062 -960.938 -171.875 179.688
-625.000 -578.125 -375.000 -507.812 -250.000 851.562 -515.625 -640.625 656.250 -773.438 -437.500 593.750 -1007.812 -117.188 171.875
-625.000 -578.125 -375.000 -507.812 -250.000 851.562 -515.625 -640.625 656.250 -773.438 -437.500 593.750 -1007.812 -117.188 171.875
-625.000 -578.125 -375.000 -507.812 -250.000 851.562 -515.625 -640.625 656.250 -773.438 -437.500 593.750 -1007.812 -117.188 171.875
-648.438 -554.688 -343.750 -539.062 -203.125 820.312 -554.688 -625.000 625.000 -812.500 -437.500 539.062 -1023.438 -109.375 101.562
-648.438 -554.688 -343.750 -539.062 -203.125 820.312 -554.688 -625.000 625.000 -812.500 -437.500 539.062 -1023.438 -109.375 101.562
-617.188 -562.500 -296.875 -554.688 -250.000 789.062 -539.062 -601.562 585.938 -789.062 -429.688 507.812 -1031.250 -109.375 39.062
-617.188 -562.500 -296.875 -554.688 -250.000 789.062 -539.062 -601.562 585.938 -789.062 -429.688 507.812 -1031.250 -109.375 39.062
-617.188 -562.500 -296.875 -554.688 -250.000 789.062 -539.062 -601.562 585.938 -789.062 -429.688 507.812 -1031.250 -109.375 39.062
-562.500 -507.812 -234.375 -500.000 -250.000 781.250 -523.438 -617.188 593.750 -765.625 -453.125 484.375 -1007.812 -140.625 31.250
-546.875 -484.375 -179.688 -492.188 -296.875 796.875 -484.375 -632.812 578.125 -726.562 -476.562 484.375 -968.750 -179.688 39.062
-546.875 -484.375 -179.688 -492.188 -296.875 796.875 -484.375 -632.812 578.125 -726.562 -476.562 484.375 -968.750 -179.688 39.062
-546.875 -484.375 -179.688 -492.188 -296.875 796.875 -484.375 -632.812 578.125 -726.562 -476.562 484.375 -968.750 -179.688 39.062
-710.938 -671.875 -109.375 -429.688 -625.000 867.188 -273.438 -867.188 539.062 -476.562 -664.062 507.812 -789.062 -429.688 46.875
-710.938 -671.875 -109.375 -429.688 -625.000 867.188 -273.438 -867.188 539.062 -476.562 -664.062 507.812 -789.062 -429.688 46.875
-781.250 -828.125 -132.812 -398.438 -695.312 898.438 -257.812 -929.688 554.688 -492.188 -703.125 507.812 -781.250 -500.000 -7.812
-781.250 -828.125 -132.812 -398.438 -695.312 898.438 -257.812 -929.688 554.688 -492.188 -703.125 507.812 -781.250 -500.000 -7.812
-929.688 -1234.375 -203.125 -335.938 -828.125 968.750 -234.375 -1015.625 546.875 -562.500 -828.125 335.938 -804.688 -617.188 -390.625
-929.688 -1234.375 -203.125 -335.938 -828.125 968.750 -234.375 -1015.625 546.875 -562.500 -828.125 335.938 -804.688 -617.188 -390.625
-953.125 -1875.000 -234.375 -500.000 -859.375 890.625 -382.812 -1164.062 242.188 -648.438 -945.312 -460.938 -437.500 -39.062 -1242.188
-953.125 -1875.000 -234.375 -500.000 -859.375 890.625 -382.812 -1164.062 242.188 -648.438 -945.312 -460.938 -437.500 -39.062 -1242.188
-953.125 -1875.000 -234.375 -500.000 -859.375 890.625 -382.812 -1164.062 242.188 -648.438 -945.312 -460.938 -437.500 -39.062 -1242.188
-796.875 -1898.438 -140.625 -562.500 -968.750 726.562 -437.500 -1015.625 -179.688 -710.938 -781.250 -1257.812 -195.312 453.125 -2093.750
-796.875 -1898.438 -140.625 -562.500 -968.750 726.562 -437.500 -1015.625 -179.688 -710.938 -781.250 -1257.812 -195.312 453.125 -2093.750
-367.188 -1523.438 179.688 -210.938 -359.375 367.188 -828.125 -335.938 -679.688 117.188 398.438 -1648.438 1835.938 898.438 -1867.188
-367.188 -1523.438 179.688 -210.938 -359.375 367.188 -828.125 -335.938 -679.688 117.188 398.438 -1648.438 1835.938 898.438 -1867.188
-312.500 -1593.750 171.875 -617.188 -726.562 382.812 -1000.000 -226.562 -1140.625 250.000 929.688 -1812.500 2242.188 1507.812 -1171.875
-312.500 -1593.750 171.875 -617.188 -726.562 382.812 -1000.000 -226.562 -1140.625 250.000 929.688 -1812.500 2242.188 1507.812 -1171.875
-281.250 -382.812 39.062 -640.625 210.938 -460.938 -460.938 1414.062 -726.562 710.938 1914.062 54.688 1265.625 2343.750 2031.250
-281.250 -382.812 39.062 -640.625 210.938 -460.938 -460.938 1414.062 -726.562 710.938 1914.062 54.688 1265.625 2343.750 2031.250
-281.250 -382.812 39.062 -640.625 210.938 -460.938 -460.938 1414.062 -726.562 710.938 1914.062 54.688 1265.625 2343.750 2031.250
-320.312 -164.062 -70.312 -562.500 421.875 -617.188 15.625 1757.812 -234.375 1203.125 2171.875 328.125 1070.312 1812.500 1484.375
-320.312 -164.062 -70.312 -562.500 421.875 -617.188 15.625 1757.812 -234.375 1203.125 2171.875 328.125 1070.312 1812.500 1484.375
-625.000 164.062 -468.750 -187.500 796.875 -796.875 343.750 1984.375 507.812 1335.938 1406.250 828.125 1375.000 867.188 812.500
-625.000 164.062 -468.750 -187.500 796.875 -796.875 343.750 1984.375 507.812 1335.938 1406.250 828.125 1375.000 867.188 812.500
-671.875 1109.375 -507.812 937.500 1531.250 -46.875 937.500 1562.500 85.938 1093.750 1601.562 54.688 1554.688 867.188 679.688
-671.875 1109.375 -507.812 937.500 1531.250 -46.875 937.500 1562.500 85.938 1093.750 1601.562 54.688 1554.688 867.188 679.688
-273.438 1304.688 -78.125 1007.812 1742.188 132.812 1500.000 1445.312 312.500 1015.625 1476.562 -273.438 1218.750 1382.812 351.562
-273.438 1304.688 -78.125 1007.812 1742.188 132.812 1500.000 1445.312 312.500 1015.625 1476.562 -273.438 1218.750 1382.812 351.562
-273.438 1304.688 -78.125 1007.812 1742.188 132.812 1500.000 1445.312 312.500 1015.625 1476.562 -273.438 1218.750 1382.812 351.562
23.438 234.375 382.812 757.812 1570.312 429.688 1164.062 1320.312 664.062 1265.625 1007.812 148.438 992.188 1289.062 101.562
23.438 234.375 382.812 757.812 1570.312 429.688 1164.062 1320.312 664.062 1265.625 1007.812 148.438 992.188 1289.062 101.562
-62.500 -78.125 687.500 757.812 1359.375 664.062 1015.625 1289.062 710.938 1265.625 1085.938 335.938 1203.125 1101.562 289.062
-62.500 -78.125 687.500 757.812 1359.375 664.062 1015.625 1289.062 710.938 1265.625 1085.938 335.938 1203.125 1101.562 289.062
-70.312 -617.188 1101.562 710.938 1117.188 1156.250 1007.812 1039.062 960.938 1195.312 1101.562 664.062 1351.562 835.938 773.438
-70.312 -617.188 1101.562 710.938 1117.188 1156.250 1007.812 1039.062 960.938 1195.312 1101.562 664.062 1351.562 835.938 773.438
-78.125 -1500.000 1546.875 492.188 882.812 1414.062 1195.312 796.875 1125.000 1390.625 953.125 609.375 1226.562 875.000 632.812
-78.125 -1500.000 1546.875 492.188 882.812 1414.062 1195.312 796.875 1125.000 1390.625 953.125 609.375 1226.562 875.000 632.812
-187.500 -1796.875 1539.062 390.625 820.312 1539.062 1242.188 703.125 1265.625 1367.188 710.938 625.000 1078.125 929.688 460.938
-187.500 -1796.875 1539.062 390.625 820.312 1539.062 1242.188 703.125 1265.625 1367.188 710.938 625.000 1078.125 929.688 460.938
-187.500 -1796.875 1539.062 390.625 820.312 1539.062 1242.188 703.125 1265.625 1367.188 710.938 625.000 1078.125 929.688 460.938
-257.812 -1742.188 1484.375 343.750 757.812 1570.312 1218.750 695.312 1250.000 1351.562 703.125 609.375 1046.875 867.188 390.625
-257.812 -1742.188 1484.375 343.750 757.812 1570.312 1218.750 695.312 1250.000 1351.562 703.125 609.375 1046.875 867.188 390.625
-328.125 -1101.562 976.562 343.750 835.938 1390.625 1031.250 750.000 1140.625 1234.375 812.500 625.000 1117.188 875.000 570.312
-328.125 -1101.562 976.562 343.750 835.938 1390.625 1031.250 750.000 1140.625 1234.375 812.500 625.000 1117.188 875.000 570.312
-343.750 -984.375 859.375 296.875 906.250 1195.312 921.875 796.875 1054.688 1203.125 796.875 617.188 1140.625 835.938 562.500
-343.750 -984.375 859.375 296.875 906.250 1195.312 921.875 796.875 1054.688 1203.125 796.875 617.188 1140.625 835.938 562.500
-343.750 -984.375 859.375 296.875 906.250 1195.312 921.875 796.875 1054.688 1203.125 796.875 617.188 1140.625 835.938 562.500
-257.812 -851.562 718.750 187.500 906.250 843.750 757.812 742.188 843.750 1046.875 703.125 523.438 1132.812 679.688 468.750
-257.812 -851.562 718.750 187.500 906.250 843.750 757.812 742.188 843.750 1046.875 703.125 523.438 1132.812 679.688 468.750
-164.062 -773.438 757.812 140.625 765.625 765.625 617.188 664.062 710.938 953.125 664.062 421.875 1031.250 617.188 406.250
-164.062 -773.438 757.812 140.625 765.625 765.625 617.188 664.062 710.938 953.125 664.062 421.875 1031.250 617.188 406.250
-171.875 -656.250 734.375 109.375 695.312 703.125 570.312 609.375 632.812 843.750 593.750 343.750 890.625 585.938 312.500
-171.875 -656.250 734.375 109.375 695.312 703.125 570.312 609.375 632.812 843.750 593.750 343.750 890.625 585.938 312.500
-171.875 -656.250 734.375 109.375 695.312 703.125 570.312 609.375 632.812 843.750 593.750 343.750 890.625 585.938 312.500
-125.000 -703.125 757.812 85.938 710.938 648.438 523.438 617.188 632.812 812.500 570.312 351.562 851.562 601.562 296.875
-125.000 -703.125 757.812 85.938 710.938 648.438 523.438 617.188 632.812 812.500 570.312 351.562 851.562 601.562 296.875
-132.812 -656.250 781.250 85.938 718.750 648.438 531.250 617.188 632.812 812.500 570.312 359.375 859.375 570.312 312.500
-132.812 -656.250 781.250 85.938 718.750 648.438 531.250 617.188 632.812 812.500 570.312 359.375 859.375 570.312 312.500
-109.375 -718.750 898.438 125.000 781.250 695.312 640.625 671.875 695.312 929.688 632.812 437.500 1031.250 601.562 406.250
-109.375 -718.750 898.438 125.000 781.250 695.312 640.625 671.875 695.312 929.688 632.812 437.500 1031.250 601.562 406.250
-85.938 -593.750 953.125 46.875 804.688 734.375 648.438 648.438 757.812 1015.625 671.875 492.188 1109.375 625.000 468.750
-85.938 -593.750 953.125 46.875 804.688 734.375 648.438 648.438 757.812 1015.625 671.875 492.188 1109.375 625.000 468.750
-226.562 -468.750 898.438 171.875 757.812 906.250 742.188 687.500 843.750 1125.000 695.312 578.125 1218.750 625.000 531.250
-226.562 -468.750 898.438 171.875 757.812 906.250 742.188 687.500 843.750 1125.000 695.312 578.125 1218.750 625.000 531.250
-335.938 -406.250 742.188 171.875 750.000 890.625 914.062 796.875 906.250 1328.125 773.438 664.062 1335.938 718.750 601.562
-335.938 -406.250 742.188 171.875 750.000 890.625 914.062 796.875 906.250 1328.125 773.438 664.062 1335.938 718.750 601.562
-335.938 -406.250 742.188 171.875 750.000 890.625 914.062 796.875 906.250 1328.125 773.438 664.062 1335.938 718.750 601.562
-335.938 -437.500 796.875 421.875 757.812 1148.438 898.438 656.250 1000.000 1296.875 648.438 664.062 1367.188 812.500 656.250
-335.938 -437.500 796.875 421.875 757.812 1148.438 898.438 656.250 1000.000 1296.875 648.438 664.062 1367.188 812.500 656.250
-671.875 -375.000 421.875 -257.812 1093.750 359.375 554.688 531.250 695.312 1234.375 593.750 492.188 1437.500 992.188 703.125
-671.875 -375.000 421.875 -257.812 1093.750 359.375 554.688 531.250 695.312 1234.375 593.750 492.188 1437.500 992.188 703.125
-750.000 -671.875 164.062 -414.062 1023.438 171.875 468.750 578.125 570.312 1382.812 585.938 476.562 1320.312 898.438 539.062
-750.000 -671.875 164.062 -414.062 1023.438 171.875 468.750 578.125 570.312 1382.812 585.938 476.562 1320.312 898.438 539.062
-609.375 -304.688 31.250 46.875 734.375 273.438 375.000 867.188 578.125 757.812 468.750 265.625 820.312 289.062 -367.188
-609.375 -304.688 31.250 46.875 734.375 273.438 375.000 867.188 578.125 757.812 468.750 265.625 820.312 289.062 -367.188
-609.375 -304.688 31.250 46.875 734.375 273.438 375.000 867.188 578.125 757.812 468.750 265.625 820.312 289.062 -367.188
-648.438 -304.688 7.812 -54.688 804.688 429.688 460.938 750.000 625.000 632.812 406.250 226.562 710.938 601.562 -195.312
-648.438 -304.688 7.812 -54.688 804.688 429.688 460.938 750.000 625.000 632.812 406.250 226.562 710.938 601.562 -195.312
-656.250 -54.688 -39.062 242.188 757.812 500.000 531.250 710.938 726.562 468.750 765.625 281.250 453.125 906.250 375.000
-656.250 -54.688 -39.062 242.188 757.812 500.000 531.250 710.938 726.562 468.750 765.625 281.250 453.125 906.250 375.000
-648.438 -164.062 164.062 367.188 312.500 726.562 179.688 460.938 578.125 351.562 679.688 210.938 500.000 875.000 171.875
-648.438 -164.062 164.062 367.188 312.500 726.562 179.688 460.938 578.125 351.562 679.688 210.938 500.000 875.000 171.875
-648.438 -164.062 164.062 367.188 312.500 726.562 179.688 460.938 578.125 351.562 679.688 210.938 500.000 875.000 171.875
-687.500 -265.625 117.188 85.938 312.500 460.938 -140.625 484.375 367.188 179.688 734.375 242.188 164.062 640.625 250.000
-687.500 -265.625 117.188 85.938 312.500 460.938 -140.625 484.375 367.188 179.688 734.375 242.188 164.062 640.625 250.000
-773.438 -273.438 85.938 -78.125 289.062 414.062 -296.875 421.875 343.750 7.812 828.125 148.438 62.500 703.125 273.438
-773.438 -273.438 85.938 -78.125 289.062 414.062 -296.875 421.875 343.750 7.812 828.125 148.438 62.500 703.125 273.438
-835.938 -476.562 164.062 -445.312 296.875 390.625 -343.750 281.250 468.750 -289.062 578.125 257.812 -390.625 679.688 265.625
-835.938 -476.562 164.062 -445.312 296.875 390.625 -343.750 281.250 468.750 -289.062 578.125 257.812 -390.625 679.688 265.625
-843.750 -593.750 179.688 -296.875 132.812 570.312 -273.438 109.375 578.125 -453.125 382.812 414.062 -468.750 429.688 406.250
-843.750 -593.750 179.688 -296.875 132.812 570.312 -273.438 109.375 578.125 -453.125 382.812 414.062 -468.750 429.688 406.250
-843.750 -593.750 179.688 -296.875 132.812 570.312 -273.438 109.375 578.125 -453.125 382.812 414.062 -468.750 429.688 406.250
-843.750 -492.188 15.625 -398.438 -289.062 921.875 -179.688 -234.375 843.750 -140.625 210.938 781.250 -281.250 242.188 687.500
-843.750 -492.188 15.625 -398.438 -289.062 921.875 -179.688 -234.375 843.750 -140.625 210.938 781.250 -281.250 242.188 687.500
-796.875 -507.812 -31.250 -218.750 -406.250 1164.062 0.000 -390.625 960.938 -62.500 62.500 906.250 -78.125 23.438 796.875
-796.875 -507.812 -31.250 -218.750 -406.250 1164.062 0.000 -390.625 960.938 -62.500 62.500 906.250 -78.125 23.438 796.875
-890.625 -281.250 -320.312 31.250 -507.812 1257.812 226.562 -531.250 1039.062 101.562 -78.125 1031.250 7.812 -46.875 898.438
-890.625 -281.250 -320.312 31.250 -507.812 1257.812 226.562 -531.250 1039.062 101.562 -78.125 1031.250 7.812 -46.875 898.438
-664.062 -125.000 -125.000 -93.750 -242.188 1195.312 281.250 -609.375 1117.188 242.188 -101.562 1140.625 -23.438 -125.000 875.000
-664.062 -125.000 -125.000 -93.750 -242.188 1195.312 281.250 -609.375 1117.188 242.188 -101.562 1140.625 -23.438 -125.000 875.000
-664.062 -125.000 -125.000 -93.750 -242.188 1195.312 281.250 -609.375 1117.188 242.188 -101.562 1140.625 -23.438 -125.000 875.000
-593.750 -23.438 -125.000 -203.125 -281.250 1015.625 179.688 -453.125 984.375 93.750 -70.312 1109.375 85.938 -46.875 960.938
-593.750 -23.438 -125.000 -203.125 -281.250 1015.625 179.688 -453.125 984.375 93.750 -70.312 1109.375 85.938 -46.875 960.938
-289.062 -617.188 -226.562 85.938 -164.062 1085.938 257.812 -460.938 976.562 70.312 203.125 929.688 125.000 148.438 1000.000
-289.062 -617.188 -226.562 85.938 -164.062 1085.938 257.812 -460.938 976.562 70.312 203.125 929.688 125.000 148.438 1000.000
-523.438 -648.438 -429.688 -54.688 -250.000 1164.062 171.875 -484.375 960.938 -46.875 70.312 875.000 -70.312 242.188 867.188
-523.438 -648.438 -429.688 -54.688 -250.000 1164.062 171.875 -484.375 960.938 -46.875 70.312 875.000 -70.312 242.188 867.188
-851.562 -1625.000 -1554.688 54.688 -351.562 1226.562 281.250 -218.750 976.562 -101.562 265.625 843.750 -78.125 210.938 851.562
-851.562 -1625.000 -1554.688 54.688 -351.562 1226.562 281.250 -218.750 976.562 -101.562 265.625 843.750 -78.125 210.938 851.562
-851.562 -1625.000 -1554.688 54.688 -351.562 1226.562 281.250 -218.750 976.562 -101.562 265.625 843.750 -78.125 210.938 851.562
-851.562 -750.000 -953.125 -781.250 304.688 257.812 -406.250 164.062 687.500 -195.312 -117.188 960.938 -70.312 15.625 757.812
-851.562 -750.000 -953.125 -781.250 304.688 257.812 -406.250 164.062 687.500 -195.312 -117.188 960.938 -70.312 15.625 757.812
-585.938 -906.250 -718.750 -976.562 281.250 187.500 -531.250 -117.188 492.188 15.625 101.562 890.625 7.812 312.500 1023.438
-585.938 -906.250 -718.750 -976.562 281.250 187.500 -531.250 -117.188 492.188 15.625 101.562 890.625 7.812 312.500 1023.438
-390.625 -1929.688 -273.438 -226.562 -164.062 781.250 -179.688 -226.562 781.250 -406.250 164.062 851.562 -304.688 156.250 1007.812
-390.625 -1929.688 -273.438 -226.562 -164.062 781.250 -179.688 -226.562 781.250 -406.250 164.062 851.562 -304.688 156.250 1007.812
-390.625 -1929.688 -273.438 -226.562 -164.062 781.250 -179.688 -226.562 781.250 -406.250 164.062 851.562 -304.688 156.250 1007.812
-523.438 -1507.812 -265.625 -187.500 -203.125 898.438 39.062 -382.812 859.375 -296.875 7.812 835.938 -570.312 101.562 796.875
-523.438 -1507.812 -265.625 -187.500 -203.125 898.438 39.062 -382.812 859.375 -296.875 7.812 835.938 -570.312 101.562 796.875
-507.812 -1242.188 -140.625 -265.625 -617.188 984.375 54.688 -710.938 804.688 -31.250 -195.312 921.875 -54.688 -156.250 835.938
-507.812 -1242.188 -140.625 -265.625 -617.188 984.375 54.688 -710.938 804.688 -31.250 -195.312 921.875 -54.688 -156.250 835.938
-460.938 -1156.250 -156.250 -351.562 -593.750 914.062 -46.875 -640.625 812.500 -140.625 -234.375 968.750 -7.812 -179.688 929.688
-460.938 -1156.250 -156.250 -351.562 -593.750 914.062 -46.875 -640.625 812.500 -140.625 -234.375 968.750 -7.812 -179.688 929.688
-648.438 -968.750 -437.500 -359.375 -414.062 867.188 -54.688 -484.375 828.125 -132.812 -70.312 976.562 -70.312 -140.625 921.875
-648.438 -968.750 -437.500 -359.375 -414.062 867.188 -54.688 -484.375 828.125 -132.812 -70.312 976.562 -70.312 -140.625 921.875
-859.375 -820.312 -664.062 -218.750 -140.625 843.750 46.875 -273.438 898.438 15.625 156.250 976.562 -15.625 125.000 1031.250
-859.375 -820.312 -664.062 -218.750 -140.625 843.750 46.875 -273.438 898.438 15.625 156.250 976.562 -15.625 125.000 1031.250
-859.375 -820.312 -664.062 -218.750 -140.625 843.750 46.875 -273.438 898.438 15.625 156.250 976.562 -15.625 125.000 1031.250
-937.500 -929.688 -703.125 -140.625 -109.375 859.375 148.438 -218.750 960.938 117.188 187.500 1046.875 101.562 195.312 1101.562
-937.500 -929.688 -703.125 -140.625 -109.375 859.375 148.438 -218.750 960.938 117.188 187.500 1046.875 101.562 195.312 1101.562
-367.188 -796.875 78.125 -101.562 -203.125 960.938 250.000 -320.312 1078.125 382.812 187.500 1265.625 515.625 39.062 1335.938
-367.188 -796.875 78.125 -101.562 -203.125 960.938 250.000 -320.312 1078.125 382.812 187.500 1265.625 515.625 39.062 1335.938
-335.938 -820.312 109.375 -117.188 -289.062 992.188 218.750 -335.938 1062.500 335.938 171.875 1257.812 523.438 85.938 1343.750
-335.938 -820.312 109.375 -117.188 -289.062 992.188 218.750 -335.938 1062.500 335.938 171.875 1257.812 523.438 85.938 1343.750
-335.938 -453.125 125.000 -101.562 -437.500 1109.375 250.000 -484.375 1085.938 273.438 70.312 1218.750 351.562 23.438 1226.562
-335.938 -453.125 125.000 -101.562 -437.500 1109.375 250.000 -484.375 1085.938 273.438 70.312 1218.750 351.562 23.438 1226.562
-335.938 -453.125 125.000 -101.562 -437.500 1109.375 250.000 -484.375 1085.938 273.438 70.312 1218.750 351.562 23.438 1226.562
-882.812 -742.188 -421.875 -296.875 -320.312 945.312 46.875 -531.250 968.750 -23.438 -39.062 1070.312 140.625 -15.625 1101.562
-882.812 -742.188 -421.875 -296.875 -320.312 945.312 46.875 -531.250 968.750 -23.438 -39.062 1070.312 140.625 -15.625 1101.562
-726.562 -578.125 -257.812 -320.312 -562.500 984.375 15.625 -601.562 968.750 31.250 -93.750 1109.375 132.812 -109.375 1054.688
-726.562 -578.125 -257.812 -320.312 -562.500 984.375 15.625 -601.562 968.750 31.250 -93.750 1109.375 132.812 -109.375 1054.688
-773.438 -640.625 -273.438 -351.562 -570.312 960.938 -15.625 -593.750 937.500 -7.812 -101.562 1085.938 148.438 -132.812 1062.500
-773.438 -640.625 -273.438 -351.562 -570.312 960.938 -15.625 -593.750 937.500 -7.812 -101.562 1085.938 148.438 -132.812 1062.500
-804.688 -601.562 -320.312 -320.312 -507.812 906.250 -7.812 -554.688 890.625 -54.688 -109.375 1023.438 0.000 -125.000 1000.000
-804.688 -601.562 -320.312 -320.312 -507.812 906.250 -7.812 -554.688 890.625 -54.688 -109.375 1023.438 0.000 -125.000 1000.000
-804.688 -601.562 -320.312 -320.312 -507.812 906.250 -7.812 -554.688 890.625 -54.688 -109.375 1023.438 0.000 -125.000 1000.000
-789.062 -617.188 -273.438 -320.312 -468.750 875.000 -31.250 -492.188 882.812 -54.688 -78.125 1015.625 23.438 -109.375 984.375
-789.062 -617.188 -273.438 -320.312 -468.750 875.000 -31.250 -492.188 882.812 -54.688 -78.125 1015.625 23.438 -109.375 984.375
-796.875 -562.500 -265.625 -351.562 -421.875 835.938 -46.875 -460.938 882.812 -7.812 -31.250 1015.625 132.812 -93.750 1023.438
-796.875 -562.500 -265.625 -351.562 -421.875 835.938 -46.875 -460.938 882.812 -7.812 -31.250 1015.625 132.812 -93.750 1023.438
-882.812 -476.562 -312.500 -445.312 -421.875 796.875 -93.750 -484.375 867.188 31.250 -62.500 1007.812 187.500 -93.750 1007.812
-882.812 -476.562 -312.500 -445.312 -421.875 796.875 -93.750 -484.375 867.188 31.250 -62.500 1007.812 187.500 -93.750 1007.812
-906.250 -468.750 -312.500 -492.188 -445.312 804.688 -101.562 -515.625 859.375 15.625 -78.125 1000.000 203.125 -109.375 984.375
-906.250 -468.750 -312.500 -492.188 -445.312 804.688 -101.562 -515.625 859.375 15.625 -78.125 1000.000 203.125 -109.375 984.375
-882.812 -453.125 -257.812 -476.562 -367.188 812.500 -125.000 -429.688 898.438 -39.062 0.000 1015.625 109.375 -54.688 1015.625
-882.812 -453.125 -257.812 -476.562 -367.188 812.500 -125.000 -429.688 898.438 -39.062 0.000 1015.625 109.375 -54.688 1015.625
-882.812 -453.125 -257.812 -476.562 -367.188 812.500 -125.000 -429.688 898.438 -39.062 0.000 1015.625 109.375 -54.688 1015.625
-851.562 -468.750 -234.375 -460.938 -335.938 820.312 -132.812 -398.438 906.250 -39.062 31.250 1015.625 101.562 -15.625 1023.438
-851.562 -468.750 -234.375 -460.938 -335.938 820.312 -132.812 -398.438 906.250 -39.062 31.250 1015.625 101.562 -15.625 1023.438
-796.875 -539.062 -125.000 -445.312 -296.875 789.062 -148.438 -359.375 851.562 -117.188 54.688 929.688 7.812 23.438 960.938
-796.875 -539.062 -125.000 -445.312 -296.875 789.062 -148.438 -359.375 851.562 -117.188 54.688 929.688 7.812 23.438 960.938
-796.875 -507.812 -93.750 -429.688 -289.062 820.312 -156.250 -343.750 875.000 -140.625 70.312 929.688 -46.875 23.438 937.500
-796.875 -507.812 -93.750 -429.688 -289.062 820.312 -156.250 -343.750 875.000 -140.625 70.312 929.688 -46.875 23.438 937.500
-796.875 -507.812 -93.750 -429.688 -289.062 820.312 -156.250 -343.750 875.000 -140.625 70.312 929.688 -46.875 23.438 937.500
-812.500 -507.812 -78.125 -414.062 -250.000 828.125 -148.438 -320.312 898.438 -140.625 85.938 937.500 -62.500 46.875 953.125
-812.500 -507.812 -78.125 -414.062 -250.000 828.125 -148.438 -320.312 898.438 -140.625 85.938 937.500 -62.500 46.875 953.125
-796.875 -468.750 -46.875 -414.062 -164.062 796.875 -156.250 -234.375 890.625 -125.000 156.250 929.688 -23.438 109.375 953.125
-796.875 -468.750 -46.875 -414.062 -164.062 796.875 -156.250 -234.375 890.625 -125.000 156.250 929.688 -23.438 109.375 953.125
-812.500 -453.125 -46.875 -398.438 -140.625 796.875 -156.250 -234.375 898.438 -125.000 171.875 929.688 -15.625 117.188 953.125
-812.500 -453.125 -46.875 -398.438 -140.625 796.875 -156.250 -234.375 898.438 -125.000 171.875 929.688 -15.625 117.188 953.125
-820.312 -468.750 0.000 -429.688 -125.000 789.062 -187.500 -210.938 898.438 -125.000 203.125 937.500 7.812 148.438 968.750
-820.312 -468.750 0.000 -429.688 -125.000 789.062 -187.500 -210.938 898.438 -125.000 203.125 937.500 7.812 148.438 968.750
-812.500 -484.375 7.812 -429.688 -117.188 789.062 -179.688 -210.938 898.438 -125.000 203.125 937.500 0.000 148.438 976.562
-812.500 -484.375 7.812 -429.688 -117.188 789.062 -179.688 -210.938 898.438 -125.000 203.125 937.500 0.000 148.438 976.562
-812.500 -484.375 7.812 -429.688 -117.188 789.062 -179.688 -210.938 898.438 -125.000 203.125 937.500 0.000 148.438 976.562
-820.312 -476.562 0.000 -375.000 -85.938 804.688 -148.438 -171.875 898.438 -109.375 226.562 929.688 -7.812 171.875 968.750
-820.312 -476.562 0.000 -375.000 -85.938 804.688 -148.438 -171.875 898.438 -109.375 226.562 929.688 -7.812 171.875 968.750
-812.500 -539.062 7.812 -320.312 -93.750 828.125 -93.750 -164.062 906.250 -62.500 242.188 921.875 0.000 195.312 968.750
-812.500 -539.062 7.812 -320.312 -93.750 828.125 -93.750 -164.062 906.250 -62.500 242.188 921.875 0.000 195.312 968.750
-781.250 -617.188 39.062 -320.312 -132.812 835.938 -101.562 -179.688 898.438 -93.750 226.562 921.875 -7.812 179.688 968.750
-781.250 -617.188 39.062 -320.312 -132.812 835.938 -101.562 -179.688 898.438 -93.750 226.562 921.875 -7.812 179.688 968.750
-796.875 -625.000 31.250 -359.375 -171.875 859.375 -125.000 -226.562 921.875 -140.625 179.688 945.312 -62.500 132.812 968.750
-796.875 -625.000 31.250 -359.375 -171.875 859.375 -125.000 -226.562 921.875 -140.625 179.688 945.312 -62.500 132.812 968.750
-796.875 -625.000 31.250 -359.375 -171.875 859.375 -125.000 -226.562 921.875 -140.625 179.688 945.312 -62.500 132.812 968.750
-796.875 -601.562 15.625 -375.000 -171.875 851.562 -140.625 -242.188 921.875 -140.625 179.688 945.312 -62.500 132.812 976.562
-796.875 -601.562 15.625 -375.000 -171.875 851.562 -140.625 -242.188 921.875 -140.625 179.688 945.312 -62.500 132.812 976.562
-828.125 -445.312 -54.688 -421.875 -132.812 828.125 -156.250 -218.750 929.688 -109.375 210.938 960.938 -15.625 140.625 1007.812
-828.125 -445.312 -54.688 -421.875 -132.812 828.125 -156.250 -218.750 929.688 -109.375 210.938 960.938 -15.625 140.625 1007.812
-843.750 -476.562 -62.500 -437.500 -148.438 820.312 -171.875 -250.000 921.875 -117.188 171.875 976.562 15.625 117.188 1007.812
-843.750 -476.562 -62.500 -437.500 -148.438 820.312 -171.875 -250.000 921.875 -117.188 171.875 976.562 15.625 117.188 1007.812
-843.750 -476.562 -62.500 -437.500 -148.438 820.312 -171.875 -250.000 921.875 -117.188 171.875 976.562 15.625 117.188 1007.812
-820.312 -484.375 -39.062 -460.938 -187.500 812.500 -179.688 -273.438 898.438 -140.625 148.438 960.938 -7.812 93.750 1000.000
-820.312 -484.375 -39.062 -460.938 -187.500 812.500 -179.688 -273.438 898.438 -140.625 148.438 960.938 -7.812 93.750 1000.000
-820.312 -492.188 -70.312 -437.500 -210.938 804.688 -164.062 -296.875 898.438 -132.812 125.000 968.750 -15.625 54.688 1007.812
-820.312 -492.188 -70.312 -437.500 -210.938 804.688 -164.062 -296.875 898.438 -132.812 125.000 968.750 -15.625 54.688 1007.812
-835.938 -492.188 -109.375 -359.375 -195.312 812.500 -85.938 -265.625 906.250 -46.875 148.438 968.750 62.500 93.750 1015.625
-835.938 -492.188 -109.375 -359.375 -195.312 812.500 -85.938 -265.625 906.250 -46.875 148.438 968.750 62.500 93.750 1015.625
-835.938 -492.188 -109.375 -359.375 -195.312 812.500 -85.938 -265.625 906.250 -46.875 148.438 968.750 62.500 93.750 1015.625
-843.750 -546.875 -140.625 -304.688 -234.375 859.375 -31.250 -289.062 921.875 7.812 132.812 992.188 101.562 78.125 1031.250
-843.750 -546.875 -140.625 -304.688 -234.375 859.375 -31.250 -289.062 921.875 7.812 132.812 992.188 101.562 78.125 1031.250
-851.562 -570.312 -125.000 -304.688 -257.812 859.375 -46.875 -312.500 929.688 -7.812 109.375 1000.000 101.562 62.500 1023.438
-851.562 -570.312 -125.000 -304.688 -257.812 859.375 -46.875 -312.500 929.688 -7.812 109.375 1000.000 101.562 62.500 1023.438
-843.750 -609.375 -109.375 -328.125 -304.688 867.188 -54.688 -359.375 921.875 -39.062 70.312 992.188 46.875 23.438 1007.812
-843.750 -609.375 -109.375 -328.125 -304.688 867.188 -54.688 -359.375 921.875 -39.062 70.312 992.188 46.875 23.438 1007.812
-843.750 -554.688 -125.000 -390.625 -304.688 843.750 -117.188 -375.000 906.250 -78.125 54.688 992.188 31.250 15.625 1007.812
-843.750 -554.688 -125.000 -390.625 -304.688 843.750 -117.188 -375.000 906.250 -78.125 54.688 992.188 31.250 15.625 1007.812
-843.750 -554.688 -125.000 -390.625 -304.688 843.750 -117.188 -375.000 906.250 -78.125 54.688 992.188 31.250 15.625 1007.812
-843.750 -554.688 -125.000 -390.625 -304.688 843.750 -117.188 -375.000 906.250 -78.125 54.688 992.188 31.250 15.625 1007.812
-843.750 -531.250 -140.625 -406.250 -296.875 835.938 -117.188 -367.188 898.438 -85.938 54.688 992.188 23.438 7.812 1007.812
-843.750 -531.250 -140.625 -406.250 -296.875 835.938 -117.188 -367.188 898.438 -85.938 54.688 992.188 23.438 7.812 1007.812
-843.750 -531.250 -140.625 -406.250 -296.875 835.938 -117.188 -367.188 898.438 -85.938 54.688 992.188 23.438 7.812 1007.812
-843.750 -468.750 -164.062 -460.938 -304.688 804.688 -164.062 -390.625 898.438 -125.000 39.062 992.188 23.438 -15.625 1015.625
-843.750 -468.750 -164.062 -460.938 -304.688 804.688 -164.062 -390.625 898.438 -125.000 39.062 992.188 23.438 -15.625 1015.625
-835.938 -484.375 -156.250 -453.125 -312.500 812.500 -156.250 -382.812 898.438 -117.188 39.062 992.188 7.812 -15.625 1007.812
-835.938 -484.375 -156.250 -453.125 -312.500 812.500 -156.250 -382.812 898.438 -117.188 39.062 992.188 7.812 -15.625 1007.812
-828.125 -492.188 -148.438 -367.188 -234.375 796.875 -78.125 -296.875 890.625 -23.438 109.375 976.562 93.750 54.688 1015.625
-828.125 -492.188 -148.438 -367.188 -234.375 796.875 -78.125 -296.875 890.625 -23.438 109.375 976.562 93.750 54.688 1015.625
-820.312 -531.250 -156.250 -320.312 -218.750 820.312 -46.875 -281.250 914.062 15.625 140.625 984.375 125.000 78.125 1031.250
-820.312 -531.250 -156.250 -320.312 -218.750 820.312 -46.875 -281.250 914.062 15.625 140.625 984.375 125.000 78.125 1031.250
-820.312 -531.250 -156.250 -320.312 -218.750 820.312 -46.875 -281.250 914.062 15.625 140.625 984.375 125.000 78.125 1031.250
-859.375 -500.000 -195.312 -335.938 -234.375 851.562 -31.250 -320.312 945.312 23.438 117.188 1031.250 148.438 54.688 1054.688
-859.375 -500.000 -195.312 -335.938 -234.375 851.562 -31.250 -320.312 945.312 23.438 117.188 1031.250 148.438 54.688 1054.688
-859.375 -539.062 -171.875 -359.375 -273.438 851.562 -62.500 -343.750 921.875 7.812 85.938 1039.062 156.250 39.062 1062.500
-859.375 -539.062 -171.875 -359.375 -273.438 851.562 -62.500 -343.750 921.875 7.812 85.938 1039.062 156.250 39.062 1062.500
-843.750 -539.062 -164.062 -367.188 -281.250 851.562 -78.125 -343.750 937.500 -15.625 85.938 1015.625 117.188 31.250 1046.875
-843.750 -539.062 -164.062 -367.188 -281.250 851.562 -78.125 -343.750 937.500 -15.625 85.938 1015.625 117.188 31.250 1046.875
-843.750 -539.062 -164.062 -367.188 -281.250 851.562 -78.125 -343.750 937.500 -15.625 85.938 1015.625 117.188 31.250 1046.875
-835.938 -562.500 -148.438 -382.812 -312.500 859.375 -85.938 -375.000 914.062 -70.312 62.500 1000.000 39.062 0.000 1015.625
-835.938 -562.500 -148.438 -382.812 -312.500 859.375 -85.938 -375.000 914.062 -70.312 62.500 1000.000 39.062 0.000 1015.625
-851.562 -562.500 -156.250 -382.812 -320.312 867.188 -78.125 -382.812 929.688 -54.688 54.688 1015.625 39.062 0.000 1015.625
-851.562 -562.500 -156.250 -382.812 -320.312 867.188 -78.125 -382.812 929.688 -54.688 54.688 1015.625 39.062 0.000 1015.625
-843.750 -562.500 -164.062 -367.188 -328.125 867.188 -78.125 -390.625 914.062 -46.875 46.875 1000.000 62.500 -15.625 1023.438
-843.750 -562.500 -164.062 -367.188 -328.125 867.188 -78.125 -390.625 914.062 -46.875 46.875 1000.000 62.500 -15.625 1023.438
-843.750 -554.688 -164.062 -367.188 -320.312 851.562 -85.938 -367.188 906.250 -46.875 54.688 1000.000 62.500 0.000 1015.625
-843.750 -554.688 -164.062 -367.188 -320.312 851.562 -85.938 -367.188 906.250 -46.875 54.688 1000.000 62.500 0.000 1015.625
-843.750 -554.688 -164.062 -367.188 -320.312 851.562 -85.938 -367.188 906.250 -46.875 54.688 1000.000 62.500 0.000 1015.625
-835.938 -554.688 -164.062 -359.375 -296.875 851.562 -62.500 -359.375 906.250 -23.438 78.125 1000.000 93.750 23.438 1023.438
-835.938 -554.688 -164.062 -359.375 -296.875 851.562 -62.500 -359.375 906.250 -23.438 78.125 1000.000 93.750 23.438 1023.438
-859.375 -546.875 -156.250 -335.938 -281.250 867.188 -46.875 -335.938 937.500 -15.625 78.125 1007.812 70.312 31.250 1031.250
-859.375 -546.875 -156.250 -335.938 -281.250 867.188 -46.875 -335.938 937.500 -15.625 78.125 1007.812 70.312 31.250 1031.250
-843.750 -562.500 -164.062 -335.938 -289.062 875.000 -54.688 -343.750 929.688 -23.438 78.125 1007.812 62.500 31.250 1031.250
-843.750 -562.500 -164.062 -335.938 -289.062 875.000 -54.688 -343.750 929.688 -23.438 78.125 1007.812 62.500 31.250 1031.250
-835.938 -570.312 -140.625 -367.188 -281.250 859.375 -70.312 -343.750 921.875 -46.875 78.125 1007.812 62.500 31.250 1023.438
-835.938 -570.312 -140.625 -367.188 -281.250 859.375 -70.312 -343.750 921.875 -46.875 78.125 1007.812 62.500 31.250 1023.438
