-765.625 -304.688 -500.000 -679.688 -445.312 507.812 -867.188 -468.750 164.062 -656.250 156.250 695.312 -54.688 85.938 953.125
-757.812 -351.562 -476.562 -695.312 -445.312 507.812 -867.188 -453.125 171.875 -640.625 179.688 734.375 -39.062 70.312 945.312
-765.625 -312.500 -484.375 -695.312 -421.875 476.562 -851.562 -406.250 171.875 -601.562 226.562 765.625 31.250 85.938 1007.812
-765.625 -312.500 -484.375 -695.312 -421.875 476.562 -851.562 -406.250 171.875 -601.562 226.562 765.625 31.250 85.938 1007.812
-781.250 -296.875 -500.000 -687.500 -429.688 476.562 -843.750 -406.250 171.875 -601.562 234.375 757.812 62.500 109.375 1023.438
-796.875 -281.250 -531.250 -664.062 -429.688 500.000 -851.562 -429.688 195.312 -609.375 234.375 726.562 70.312 140.625 1023.438
-796.875 -281.250 -531.250 -664.062 -429.688 500.000 -851.562 -429.688 195.312 -609.375 234.375 726.562 70.312 140.625 1023.438
-789.062 -265.625 -531.250 -656.250 -406.250 523.438 -820.312 -414.062 226.562 -585.938 242.188 742.188 46.875 132.812 1007.812
-789.062 -265.625 -531.250 -656.250 -406.250 523.438 -820.312 -414.062 226.562 -585.938 242.188 742.188 46.875 132.812 1007.812
-789.062 -257.812 -515.625 -648.438 -406.250 523.438 -820.312 -398.438 242.188 -562.500 281.250 765.625 62.500 156.250 1031.250
-781.250 -281.250 -492.188 -625.000 -398.438 531.250 -804.688 -382.812 281.250 -507.812 335.938 859.375 148.438 195.312 1109.375
-781.250 -281.250 -492.188 -625.000 -398.438 531.250 -804.688 -382.812 281.250 -507.812 335.938 859.375 148.438 195.312 1109.375
-781.250 -296.875 -492.188 -617.188 -390.625 539.062 -789.062 -375.000 304.688 -507.812 312.500 875.000 148.438 179.688 1125.000
-773.438 -281.250 -484.375 -562.500 -375.000 578.125 -828.125 -429.688 289.062 -500.000 250.000 796.875 101.562 156.250 1070.312
-773.438 -281.250 -484.375 -562.500 -375.000 578.125 -828.125 -429.688 289.062 -500.000 250.000 796.875 101.562 156.250 1070.312
-773.438 -289.062 -484.375 -585.938 -398.438 585.938 -796.875 -429.688 304.688 -554.688 242.188 765.625 -23.438 125.000 976.562
-773.438 -296.875 -476.562 -570.312 -421.875 617.188 -773.438 -453.125 328.125 -539.062 242.188 789.062 -46.875 125.000 968.750
-773.438 -296.875 -476.562 -570.312 -421.875 617.188 -773.438 -453.125 328.125 -539.062 242.188 789.062 -46.875 125.000 968.750
-773.438 -273.438 -484.375 -484.375 -429.688 664.062 -765.625 -468.750 367.188 -468.750 328.125 867.188 70.312 250.000 1062.500
-773.438 -273.438 -484.375 -484.375 -429.688 664.062 -765.625 -468.750 367.188 -468.750 328.125 867.188 70.312 250.000 1062.500
-781.250 -242.188 -484.375 -343.750 -281.250 750.000 -726.562 -304.688 406.250 -406.250 320.312 953.125 109.375 226.562 1109.375
-796.875 -62.500 -531.250 -289.062 -1007.812 984.375 -992.188 -742.188 117.188 -671.875 648.438 710.938 218.750 164.062 1179.688
-796.875 -62.500 -531.250 -289.062 -1007.812 984.375 -992.188 -742.188 117.188 -671.875 648.438 710.938 218.750 164.062 1179.688
-812.500 -7.812 -578.125 -859.375 -320.312 453.125 -492.188 -359.375 859.375 -328.125 156.250 1140.625 -78.125 281.250 1257.812
-812.500 -7.812 -578.125 -859.375 -320.312 453.125 -492.188 -359.375 859.375 -328.125 156.250 1140.625 -78.125 281.250 1257.812
-820.312 -140.625 -593.750 -593.750 -195.312 453.125 -578.125 -398.438 742.188 -210.938 0.000 1179.688 -203.125 265.625 1226.562
-765.625 -78.125 -539.062 -554.688 -710.938 867.188 -843.750 -773.438 273.438 -414.062 226.562 960.938 218.750 117.188 1070.312
-765.625 -78.125 -539.062 -554.688 -710.938 867.188 -843.750 -773.438 273.438 -414.062 226.562 960.938 218.750 117.188 1070.312
-710.938 0.000 -476.562 -578.125 -679.688 773.438 -742.188 -765.625 320.312 -476.562 156.250 851.562 117.188 242.188 1351.562
-640.625 -85.938 -421.875 -679.688 -453.125 609.375 -750.000 -703.125 335.938 -687.500 7.812 796.875 132.812 -218.750 1406.250
-640.625 -85.938 -421.875 -679.688 -453.125 609.375 -750.000 -703.125 335.938 -687.500 7.812 796.875 132.812 -218.750 1406.250
-476.562 -148.438 -281.250 -789.062 -429.688 515.625 -812.500 -648.438 85.938 -1148.438 -125.000 234.375 390.625 -117.188 1773.438
-476.562 -148.438 -281.250 -789.062 -429.688 515.625 -812.500 -648.438 85.938 -1148.438 -125.000 234.375 390.625 -117.188 1773.438
-351.562 0.000 -164.062 -890.625 -328.125 445.312 -984.375 -437.500 70.312 -1093.750 -140.625 726.562 476.562 -15.625 1281.250
-429.688 0.000 -210.938 -1054.688 -210.938 250.000 -937.500 -296.875 -7.812 -726.562 -101.562 164.062 -31.250 -109.375 250.000
-429.688 0.000 -210.938 -1054.688 -210.938 250.000 -937.500 -296.875 -7.812 -726.562 -101.562 164.062 -31.250 -109.375 250.000
-476.562 -85.938 -367.188 -992.188 -171.875 234.375 -867.188 -437.500 -62.500 -1046.875 -187.500 -54.688 -39.062 -23.438 125.000
-515.625 -46.875 -750.000 -1062.500 -382.812 140.625 -1148.438 -70.312 -375.000 -1109.375 156.250 -187.500 -257.812 0.000 -359.375
-515.625 -46.875 -750.000 -1062.500 -382.812 140.625 -1148.438 -70.312 -375.000 -1109.375 156.250 -187.500 -257.812 0.000 -359.375
-726.562 -335.938 -992.188 -1054.688 -179.688 7.812 -960.938 -265.625 -406.250 -835.938 312.500 -7.812 -1289.062 -54.688 -46.875
-726.562 -335.938 -992.188 -1054.688 -179.688 7.812 -960.938 -265.625 -406.250 -835.938 312.500 -7.812 -1289.062 -54.688 -46.875
-773.438 -648.438 -1109.375 -835.938 -101.562 117.188 -945.312 -320.312 -273.438 -1054.688 -164.062 31.250 -1484.375 -203.125 7.812
-804.688 -750.000 -1171.875 -476.562 -304.688 320.312 -906.250 -414.062 -132.812 -1125.000 -156.250 -132.812 -1179.688 -289.062 -23.438
-796.875 -648.438 -1234.375 -148.438 -742.188 531.250 -796.875 -546.875 -23.438 -1117.188 359.375 -156.250 -1062.500 -250.000 -140.625
-789.062 -609.375 -1273.438 23.438 -1125.000 687.500 -765.625 -625.000 -31.250 -1093.750 250.000 -492.188 -1031.250 164.062 -171.875
-789.062 -609.375 -1273.438 23.438 -1125.000 687.500 -765.625 -625.000 -31.250 -1093.750 250.000 -492.188 -1031.250 164.062 -171.875
-726.562 -992.188 -1226.562 -39.062 -1343.750 750.000 -742.188 -601.562 31.250 -1039.062 -179.688 -414.062 -820.312 460.938 -218.750
-664.062 -1039.062 -976.562 -304.688 -773.438 664.062 -640.625 -726.562 242.188 -773.438 -335.938 -39.062 -1203.125 85.938 -398.438
-664.062 -1039.062 -976.562 -304.688 -773.438 664.062 -640.625 -726.562 242.188 -773.438 -335.938 -39.062 -1203.125 85.938 -398.438
-601.562 -921.875 -820.312 -382.812 -585.938 609.375 -648.438 -757.812 312.500 -1164.062 -492.188 140.625 -1125.000 0.000 -335.938
-500.000 -664.062 -664.062 -453.125 -570.312 523.438 -703.125 -710.938 257.812 -937.500 -429.688 187.500 -1031.250 93.750 15.625
-500.000 -664.062 -664.062 -453.125 -570.312 523.438 -703.125 -710.938 257.812 -937.500 -429.688 187.500 -1031.250 93.750 15.625
-539.062 -609.375 -656.250 -531.250 -578.125 453.125 -765.625 -625.000 140.625 -898.438 -250.000 234.375 -953.125 117.188 164.062
-539.062 -609.375 -656.250 -531.250 -578.125 453.125 -765.625 -625.000 140.625 -898.438 -250.000 234.375 -953.125 117.188 164.062
-554.688 -429.688 -648.438 -640.625 -679.688 421.875 -835.938 -492.188 46.875 -937.500 0.000 328.125 -914.062 109.375 351.562
-632.812 -218.750 -656.250 -664.062 -664.062 437.500 -890.625 -414.062 23.438 -960.938 140.625 257.812 -968.750 164.062 390.625
-632.812 -218.750 -656.250 -664.062 -664.062 437.500 -890.625 -414.062 23.438 -960.938 140.625 257.812 -968.750 164.062 390.625
-664.062 -125.000 -664.062 -640.625 -679.688 453.125 -898.438 -390.625 54.688 -945.312 164.062 234.375 -937.500 234.375 382.812
-585.938 -117.188 -531.250 -531.250 -632.812 484.375 -851.562 -398.438 156.250 -968.750 148.438 250.000 -960.938 281.250 398.438
-679.688 -93.750 -617.188 -593.750 -742.188 492.188 -851.562 -421.875 156.250 -1000.000 93.750 250.000 -960.938 296.875 421.875
-632.812 -132.812 -593.750 -648.438 -742.188 500.000 -859.375 -398.438 125.000 -1015.625 78.125 242.188 -984.375 281.250 414.062
-632.812 -132.812 -593.750 -648.438 -742.188 500.000 -859.375 -398.438 125.000 -1015.625 78.125 242.188 -984.375 281.250 414.062
-593.750 -515.625 -656.250 -445.312 -812.500 562.500 -781.250 -585.938 132.812 -968.750 -109.375 132.812 -960.938 85.938 117.188
-593.750 -515.625 -656.250 -445.312 -812.500 562.500 -781.250 -585.938 132.812 -968.750 -109.375 132.812 -960.938 85.938 117.188
-593.750 -515.625 -656.250 -445.312 -812.500 562.500 -781.250 -585.938 132.812 -968.750 -109.375 132.812 -960.938 85.938 117.188
-593.750 -515.625 -656.250 -445.312 -812.500 562.500 -781.250 -585.938 132.812 -968.750 -109.375 132.812 -960.938 85.938 117.188
-593.750 -515.625 -656.250 -445.312 -812.500 562.500 -781.250 -585.938 132.812 -968.750 -109.375 132.812 -960.938 85.938 117.188
-593.750 -531.250 -648.438 -460.938 -734.375 562.500 -781.250 -625.000 148.438 -976.562 -125.000 85.938 -968.750 62.500 78.125
-585.938 -539.062 -656.250 -429.688 -703.125 578.125 -757.812 -671.875 156.250 -992.188 -156.250 39.062 -984.375 62.500 31.250
-585.938 -539.062 -656.250 -429.688 -703.125 578.125 -757.812 -671.875 156.250 -992.188 -156.250 39.062 -984.375 62.500 31.250
-578.125 -437.500 -656.250 -437.500 -734.375 546.875 -773.438 -656.250 140.625 -1007.812 -171.875 0.000 -1000.000 78.125 46.875
-585.938 -414.062 -664.062 -523.438 -726.562 445.312 -812.500 -609.375 31.250 -1031.250 -117.188 -7.812 -1015.625 132.812 54.688
-585.938 -414.062 -664.062 -523.438 -726.562 445.312 -812.500 -609.375 31.250 -1031.250 -117.188 -7.812 -1015.625 132.812 54.688
-578.125 -390.625 -671.875 -500.000 -734.375 460.938 -828.125 -609.375 -23.438 -1023.438 -109.375 -15.625 -1000.000 156.250 62.500
-578.125 -390.625 -671.875 -500.000 -734.375 460.938 -828.125 -609.375 -23.438 -1023.438 -109.375 -15.625 -1000.000 156.250 62.500
-625.000 -203.125 -687.500 -570.312 -648.438 429.688 -796.875 -578.125 62.500 -1000.000 -109.375 70.312 -976.562 109.375 164.062
-625.000 -203.125 -687.500 -570.312 -648.438 429.688 -796.875 -578.125 62.500 -1000.000 -109.375 70.312 -976.562 109.375 164.062
-625.000 -203.125 -687.500 -570.312 -648.438 429.688 -796.875 -578.125 62.500 -1000.000 -109.375 70.312 -976.562 109.375 164.062
-625.000 -203.125 -687.500 -570.312 -648.438 429.688 -796.875 -578.125 62.500 -1000.000 -109.375 70.312 -976.562 109.375 164.062
-664.062 -210.938 -734.375 -546.875 -671.875 460.938 -781.250 -578.125 93.750 -984.375 -117.188 148.438 -984.375 109.375 203.125
-664.062 -210.938 -734.375 -546.875 -671.875 460.938 -781.250 -578.125 93.750 -984.375 -117.188 148.438 -984.375 109.375 203.125
-687.500 -226.562 -750.000 -515.625 -671.875 468.750 -781.250 -593.750 101.562 -976.562 -101.562 156.250 -984.375 109.375 203.125
-687.500 -226.562 -750.000 -515.625 -671.875 468.750 -781.250 -593.750 101.562 -976.562 -101.562 156.250 -984.375 109.375 203.125
-664.062 -265.625 -750.000 -484.375 -695.312 484.375 -765.625 -593.750 132.812 -976.562 -93.750 164.062 -976.562 125.000 210.938
-656.250 -281.250 -750.000 -484.375 -703.125 492.188 -773.438 -578.125 140.625 -976.562 -78.125 156.250 -992.188 140.625 210.938
-656.250 -281.250 -750.000 -484.375 -703.125 492.188 -773.438 -578.125 140.625 -976.562 -78.125 156.250 -992.188 140.625 210.938
-609.375 -296.875 -718.750 -500.000 -906.250 406.250 -781.250 -476.562 117.188 -984.375 -70.312 164.062 -984.375 164.062 203.125
-656.250 -390.625 -710.938 -484.375 -664.062 515.625 -765.625 -609.375 109.375 -976.562 -70.312 164.062 -984.375 125.000 203.125
-656.250 -390.625 -710.938 -484.375 -664.062 515.625 -765.625 -609.375 109.375 -976.562 -70.312 164.062 -984.375 125.000 203.125
-640.625 -335.938 -718.750 -453.125 -648.438 546.875 -773.438 -625.000 109.375 -968.750 -46.875 125.000 -992.188 101.562 210.938
-640.625 -335.938 -718.750 -453.125 -648.438 546.875 -773.438 -625.000 109.375 -968.750 -46.875 125.000 -992.188 101.562 210.938
-601.562 -296.875 -703.125 -531.250 -687.500 460.938 -796.875 -523.438 101.562 -968.750 -70.312 117.188 -984.375 125.000 187.500
-601.562 -312.500 -679.688 -585.938 -601.562 453.125 -789.062 -539.062 93.750 -984.375 -62.500 101.562 -992.188 125.000 171.875
-601.562 -312.500 -679.688 -585.938 -601.562 453.125 -789.062 -539.062 93.750 -984.375 -62.500 101.562 -992.188 125.000 171.875
-585.938 -296.875 -648.438 -578.125 -625.000 468.750 -796.875 -500.000 78.125 -984.375 -46.875 85.938 -1023.438 140.625 164.062
-562.500 -312.500 -640.625 -648.438 -617.188 468.750 -796.875 -515.625 54.688 -953.125 -46.875 85.938 -1000.000 140.625 148.438
-562.500 -312.500 -640.625 -648.438 -617.188 468.750 -796.875 -515.625 54.688 -953.125 -46.875 85.938 -1000.000 140.625 148.438
-601.562 -335.938 -640.625 -546.875 -531.250 523.438 -773.438 -562.500 31.250 -968.750 -54.688 93.750 -1007.812 140.625 179.688
-601.562 -335.938 -640.625 -546.875 -531.250 523.438 -773.438 -562.500 31.250 -968.750 -54.688 93.750 -1007.812 140.625 179.688
-562.500 -304.688 -679.688 -539.062 -640.625 468.750 -781.250 -492.188 -15.625 -929.688 -7.812 54.688 -1023.438 195.312 203.125
-617.188 -359.375 -750.000 -687.500 -718.750 367.188 -804.688 -414.062 -101.562 -929.688 -7.812 39.062 -953.125 187.500 234.375
-617.188 -359.375 -750.000 -687.500 -718.750 367.188 -804.688 -414.062 -101.562 -929.688 -7.812 39.062 -953.125 187.500 234.375
-562.500 -796.875 -789.062 -500.000 -945.312 1046.875 -789.062 -476.562 -101.562 -906.250 62.500 54.688 -882.812 101.562 359.375
-562.500 -796.875 -789.062 -500.000 -945.312 1046.875 -789.062 -476.562 -101.562 -906.250 62.500 54.688 -882.812 101.562 359.375
-953.125 54.688 -765.625 -687.500 39.062 132.812 -781.250 -500.000 7.812 -726.562 164.062 93.750 -796.875 132.812 78.125
-453.125 265.625 -351.562 -1000.000 -726.562 414.062 -859.375 -398.438 -78.125 -679.688 31.250 140.625 -859.375 437.500 -39.062
-453.125 265.625 -351.562 -1000.000 -726.562 414.062 -859.375 -398.438 -78.125 -679.688 31.250 140.625 -859.375 437.500 -39.062
-390.625 671.875 -171.875 -500.000 -1382.812 812.500 -914.062 -695.312 -156.250 -695.312 -7.812 -179.688 -1070.312 414.062 -85.938
-453.125 546.875 -351.562 -531.250 -1406.250 671.875 -757.812 -554.688 -210.938 -890.625 -218.750 -468.750 -1070.312 406.250 -70.312
-453.125 546.875 -351.562 -531.250 -1406.250 671.875 -757.812 -554.688 -210.938 -890.625 -218.750 -468.750 -1070.312 406.250 -70.312
-726.562 -210.938 -859.375 -421.875 -1187.500 828.125 -789.062 -601.562 -93.750 -1476.562 -875.000 -351.562 -992.188 -54.688 -140.625
-726.562 -210.938 -859.375 -421.875 -1187.500 828.125 -789.062 -601.562 -93.750 -1476.562 -875.000 -351.562 -992.188 -54.688 -140.625
-812.500 -1000.000 -1117.188 -921.875 70.312 179.688 -882.812 -820.312 -203.125 -1226.562 -1132.812 -132.812 -1148.438 -484.375 -226.562
-742.188 -1101.562 -1015.625 -554.688 -437.500 289.062 -726.562 -695.312 -320.312 -1171.875 -781.250 -171.875 -1195.312 -773.438 -226.562
-742.188 -1101.562 -1015.625 -554.688 -437.500 289.062 -726.562 -695.312 -320.312 -1171.875 -781.250 -171.875 -1195.312 -773.438 -226.562
-570.312 -414.062 -734.375 -390.625 -570.312 687.500 -703.125 -781.250 7.812 -1367.188 -234.375 -382.812 -773.438 -85.938 359.375
-570.312 -414.062 -734.375 -390.625 -570.312 687.500 -703.125 -781.250 7.812 -1367.188 -234.375 -382.812 -773.438 -85.938 359.375
-570.312 -414.062 -734.375 -390.625 -570.312 687.500 -703.125 -781.250 7.812 -1367.188 -234.375 -382.812 -773.438 -85.938 359.375
-570.312 -414.062 -734.375 -390.625 -570.312 687.500 -703.125 -781.250 7.812 -1367.188 -234.375 -382.812 -773.438 -85.938 359.375
-570.312 -414.062 -734.375 -390.625 -570.312 687.500 -703.125 -781.250 7.812 -1367.188 -234.375 -382.812 -773.438 -85.938 359.375
-617.188 -296.875 -812.500 -640.625 -398.438 445.312 -828.125 -460.938 -39.062 -1492.188 -226.562 -179.688 -1070.312 -101.562 312.500
-625.000 -265.625 -796.875 -609.375 -406.250 492.188 -835.938 -523.438 -109.375 -1304.688 -171.875 -179.688 -1000.000 -93.750 367.188
-625.000 -265.625 -796.875 -609.375 -406.250 492.188 -835.938 -523.438 -109.375 -1304.688 -171.875 -179.688 -1000.000 -93.750 367.188
-546.875 -156.250 -726.562 -625.000 -468.750 546.875 -843.750 -554.688 -156.250 -859.375 -187.500 -54.688 -789.062 -23.438 531.250
-546.875 -156.250 -656.250 -648.438 -460.938 539.062 -828.125 -601.562 -140.625 -789.062 -93.750 -39.062 -781.250 31.250 531.250
-546.875 -156.250 -656.250 -648.438 -460.938 539.062 -828.125 -601.562 -140.625 -789.062 -93.750 -39.062 -781.250 31.250 531.250
-500.000 -148.438 -570.312 -687.500 -500.000 554.688 -796.875 -593.750 -85.938 -648.438 -15.625 210.938 -718.750 250.000 570.312
-500.000 -148.438 -570.312 -687.500 -500.000 554.688 -796.875 -593.750 -85.938 -648.438 -15.625 210.938 -718.750 250.000 570.312
-546.875 -265.625 -625.000 -851.562 -414.062 304.688 -851.562 -351.562 -7.812 -375.000 132.812 726.562 -562.500 171.875 656.250
-585.938 -351.562 -648.438 -679.688 -539.062 476.562 -820.312 -593.750 -140.625 -289.062 539.062 757.812 -468.750 7.812 796.875
-585.938 -351.562 -648.438 -679.688 -539.062 476.562 -820.312 -593.750 -140.625 -289.062 539.062 757.812 -468.750 7.812 796.875
-625.000 -359.375 -726.562 -695.312 -492.188 437.500 -820.312 -437.500 -39.062 -328.125 312.500 976.562 -179.688 -164.062 1203.125
-625.000 -359.375 -726.562 -695.312 -492.188 437.500 -820.312 -437.500 -39.062 -328.125 312.500 976.562 -179.688 -164.062 1203.125
-656.250 -429.688 -734.375 -648.438 -476.562 476.562 -796.875 -468.750 7.812 -671.875 218.750 898.438 -179.688 -148.438 1320.312
-609.375 -382.812 -726.562 -601.562 -476.562 562.500 -796.875 -546.875 62.500 -937.500 78.125 593.750 -375.000 -31.250 1203.125
-609.375 -382.812 -726.562 -601.562 -476.562 562.500 -796.875 -546.875 62.500 -937.500 78.125 593.750 -375.000 -31.250 1203.125
-601.562 -390.625 -812.500 -625.000 -414.062 507.812 -835.938 -437.500 -7.812 -1015.625 70.312 406.250 -593.750 62.500 929.688
-601.562 -367.188 -875.000 -656.250 -414.062 492.188 -898.438 -421.875 -62.500 -984.375 70.312 335.938 -687.500 46.875 796.875
-601.562 -367.188 -875.000 -656.250 -414.062 492.188 -898.438 -421.875 -62.500 -984.375 70.312 335.938 -687.500 46.875 796.875
-640.625 -359.375 -914.062 -664.062 -468.750 500.000 -898.438 -484.375 -78.125 -992.188 -15.625 312.500 -757.812 93.750 687.500
-640.625 -359.375 -914.062 -664.062 -468.750 500.000 -898.438 -484.375 -78.125 -992.188 -15.625 312.500 -757.812 93.750 687.500
-609.375 -390.625 -875.000 -679.688 -500.000 500.000 -890.625 -523.438 -78.125 -984.375 -46.875 343.750 -765.625 70.312 679.688
-554.688 -445.312 -796.875 -703.125 -539.062 515.625 -906.250 -546.875 -93.750 -960.938 -46.875 437.500 -687.500 -70.312 750.000
-554.688 -445.312 -796.875 -703.125 -539.062 515.625 -906.250 -546.875 -93.750 -960.938 -46.875 437.500 -687.500 -70.312 750.000
-531.250 -460.938 -750.000 -718.750 -523.438 476.562 -882.812 -515.625 -93.750 -890.625 -7.812 500.000 -625.000 -62.500 851.562
-531.250 -445.312 -726.562 -710.938 -515.625 460.938 -890.625 -507.812 -93.750 -898.438 0.000 492.188 -601.562 -23.438 859.375
-531.250 -445.312 -726.562 -710.938 -515.625 460.938 -890.625 -507.812 -93.750 -898.438 0.000 492.188 -601.562 -23.438 859.375
-531.250 -367.188 -726.562 -703.125 -523.438 468.750 -859.375 -523.438 -85.938 -929.688 -23.438 445.312 -617.188 -15.625 828.125
-562.500 -375.000 -742.188 -679.688 -531.250 507.812 -835.938 -554.688 -62.500 -898.438 -46.875 445.312 -617.188 0.000 804.688
-562.500 -375.000 -742.188 -679.688 -531.250 507.812 -835.938 -554.688 -62.500 -898.438 -46.875 445.312 -617.188 0.000 804.688
-578.125 -375.000 -734.375 -656.250 -523.438 523.438 -835.938 -554.688 -15.625 -851.562 -39.062 500.000 -632.812 -70.312 781.250
-578.125 -375.000 -734.375 -656.250 -523.438 523.438 -835.938 -554.688 -15.625 -851.562 -39.062 500.000 -632.812 -70.312 781.250
-578.125 -406.250 -734.375 -679.688 -531.250 507.812 -851.562 -531.250 -46.875 -835.938 7.812 539.062 -617.188 -70.312 796.875
-570.312 -390.625 -726.562 -664.062 -531.250 515.625 -843.750 -539.062 -23.438 -843.750 -7.812 523.438 -625.000 -39.062 789.062
-570.312 -390.625 -726.562 -664.062 -531.250 515.625 -843.750 -539.062 -23.438 -843.750 -7.812 523.438 -625.000 -39.062 789.062
-593.750 -421.875 -750.000 -648.438 -507.812 539.062 -828.125 -539.062 -7.812 -882.812 -31.250 453.125 -664.062 0.000 742.188
-593.750 -421.875 -750.000 -648.438 -507.812 539.062 -828.125 -539.062 -7.812 -882.812 -31.250 453.125 -664.062 0.000 742.188
-578.125 -421.875 -742.188 -648.438 -484.375 523.438 -835.938 -523.438 -15.625 -890.625 -31.250 421.875 -710.938 -31.250 695.312
-578.125 -406.250 -750.000 -695.312 -460.938 484.375 -867.188 -468.750 -54.688 -906.250 7.812 390.625 -710.938 -54.688 695.312
-578.125 -406.250 -750.000 -695.312 -460.938 484.375 -867.188 -468.750 -54.688 -906.250 7.812 390.625 -710.938 -54.688 695.312
-570.312 -437.500 -718.750 -679.688 -453.125 468.750 -882.812 -468.750 -54.688 -929.688 7.812 367.188 -679.688 164.062 726.562
-546.875 -445.312 -703.125 -671.875 -476.562 484.375 -875.000 -492.188 -70.312 -953.125 0.000 367.188 -726.562 203.125 726.562
-546.875 -445.312 -703.125 -671.875 -476.562 484.375 -875.000 -492.188 -70.312 -953.125 0.000 367.188 -726.562 203.125 726.562
-539.062 -500.000 -687.500 -664.062 -476.562 484.375 -882.812 -507.812 -54.688 -960.938 7.812 351.562 -765.625 62.500 671.875
-539.062 -500.000 -687.500 -664.062 -476.562 484.375 -882.812 -507.812 -54.688 -960.938 7.812 351.562 -765.625 62.500 671.875
-570.312 -492.188 -695.312 -640.625 -460.938 515.625 -867.188 -515.625 -31.250 -992.188 7.812 375.000 -718.750 -171.875 664.062
-609.375 -445.312 -757.812 -632.812 -500.000 531.250 -875.000 -546.875 0.000 -890.625 7.812 453.125 -648.438 -31.250 734.375
-609.375 -445.312 -757.812 -632.812 -500.000 531.250 -875.000 -546.875 0.000 -890.625 7.812 453.125 -648.438 -31.250 734.375
-625.000 -515.625 -804.688 -695.312 -609.375 492.188 -937.500 -546.875 -70.312 -937.500 31.250 515.625 -632.812 31.250 796.875
-617.188 -562.500 -789.062 -710.938 -632.812 460.938 -953.125 -570.312 -70.312 -937.500 15.625 523.438 -664.062 -15.625 750.000
-617.188 -562.500 -789.062 -710.938 -632.812 460.938 -953.125 -570.312 -70.312 -937.500 15.625 523.438 -664.062 -15.625 750.000
-375.000 -937.500 -640.625 -781.250 -687.500 250.000 -1000.000 -640.625 -367.188 -1000.000 23.438 351.562 -765.625 -93.750 671.875
-375.000 -937.500 -640.625 -781.250 -687.500 250.000 -1000.000 -640.625 -367.188 -1000.000 23.438 351.562 -765.625 -93.750 671.875
-375.000 -937.500 -640.625 -781.250 -687.500 250.000 -1000.000 -640.625 -367.188 -1000.000 23.438 351.562 -765.625 -93.750 671.875
-375.000 -937.500 -640.625 -781.250 -687.500 250.000 -1000.000 -640.625 -367.188 -1000.000 23.438 351.562 -765.625 -93.750 671.875
-375.000 -937.500 -640.625 -781.250 -687.500 250.000 -1000.000 -640.625 -367.188 -1000.000 23.438 351.562 -765.625 -93.750 671.875
-429.688 -1070.312 -726.562 -656.250 -640.625 210.938 -820.312 -664.062 -406.250 -960.938 109.375 265.625 -679.688 -375.000 750.000
-390.625 -1015.625 -703.125 -531.250 -593.750 210.938 -710.938 -703.125 -460.938 -898.438 210.938 273.438 -664.062 -281.250 820.312
-390.625 -1015.625 -703.125 -531.250 -593.750 210.938 -710.938 -703.125 -460.938 -898.438 210.938 273.438 -664.062 -281.250 820.312
-304.688 -992.188 -546.875 1125.000 726.562 898.438 -1578.125 -1328.125 -781.250 -250.000 468.750 335.938 -601.562 -585.938 875.000
-304.688 -992.188 -546.875 1125.000 726.562 898.438 -1578.125 -1328.125 -781.250 -250.000 468.750 335.938 -601.562 -585.938 875.000
-156.250 -828.125 -664.062 -101.562 -1156.250 1000.000 -484.375 -429.688 -992.188 -804.688 1515.625 78.125 -539.062 -742.188 867.188
-343.750 -414.062 -789.062 -1054.688 -179.688 148.438 -210.938 -93.750 39.062 -445.312 617.188 164.062 -625.000 -312.500 1000.000
-343.750 -414.062 -789.062 -1054.688 -179.688 148.438 -210.938 -93.750 39.062 -445.312 617.188 164.062 -625.000 -312.500 1000.000
-398.438 -125.000 -914.062 -914.062 531.250 -437.500 -484.375 562.500 351.562 -453.125 -164.062 460.938 -500.000 312.500 1289.062
-398.438 -125.000 -914.062 -914.062 531.250 -437.500 -484.375 562.500 351.562 -453.125 -164.062 460.938 -500.000 312.500 1289.062
-421.875 140.625 -906.250 -585.938 375.000 -148.438 -914.062 1398.438 859.375 -671.875 -1296.875 843.750 -585.938 406.250 1070.312
-437.500 421.875 -781.250 -226.562 125.000 562.500 -70.312 -31.250 875.000 -468.750 -281.250 828.125 -757.812 359.375 984.375
-437.500 421.875 -781.250 -226.562 125.000 562.500 -70.312 -31.250 875.000 -468.750 -281.250 828.125 -757.812 359.375 984.375
-460.938 468.750 -726.562 15.625 -273.438 914.062 93.750 -804.688 828.125 -187.500 -148.438 492.188 -742.188 453.125 351.562
-421.875 671.875 -664.062 -148.438 -1265.625 1835.938 -85.938 -1429.688 1273.438 -515.625 -929.688 476.562 -921.875 117.188 -187.500
-421.875 671.875 -664.062 -148.438 -1265.625 1835.938 -85.938 -1429.688 1273.438 -515.625 -929.688 476.562 -921.875 117.188 -187.500
-664.062 835.938 -648.438 -78.125 -500.000 1468.750 -31.250 -1171.875 1343.750 -367.188 -1546.875 531.250 -773.438 -734.375 -187.500
-664.062 835.938 -648.438 -78.125 -500.000 1468.750 -31.250 -1171.875 1343.750 -367.188 -1546.875 531.250 -773.438 -734.375 -187.500
-664.062 812.500 -726.562 7.812 -546.875 1312.500 -156.250 -898.438 1117.188 -210.938 -1273.438 492.188 -742.188 -726.562 -46.875
-695.312 453.125 -1000.000 -367.188 -656.250 1007.812 -578.125 -851.562 601.562 -656.250 -820.312 343.750 -890.625 -351.562 148.438
-695.312 453.125 -1000.000 -367.188 -656.250 1007.812 -578.125 -851.562 601.562 -656.250 -820.312 343.750 -890.625 -351.562 148.438
-781.250 203.125 -1070.312 -539.062 -625.000 843.750 -578.125 -695.312 515.625 -851.562 -679.688 273.438 -984.375 -148.438 23.438
-773.438 -62.500 -984.375 -617.188 -335.938 625.000 -718.750 -625.000 468.750 -859.375 -703.125 171.875 -1117.188 -281.250 -195.312
-773.438 -62.500 -984.375 -617.188 -335.938 625.000 -718.750 -625.000 468.750 -859.375 -703.125 171.875 -1117.188 -281.250 -195.312
-648.438 -164.062 -757.812 -710.938 -570.312 695.312 -679.688 -703.125 476.562 -859.375 -812.500 179.688 -1078.125 -343.750 -226.562
-648.438 -164.062 -757.812 -710.938 -570.312 695.312 -679.688 -703.125 476.562 -859.375 -812.500 179.688 -1078.125 -343.750 -226.562
-570.312 -187.500 -687.500 -640.625 -625.000 742.188 -687.500 -742.188 476.562 -882.812 -812.500 164.062 -1085.938 -328.125 -218.750
-562.500 -85.938 -671.875 -562.500 -632.812 828.125 -664.062 -835.938 523.438 -867.188 -843.750 101.562 -1101.562 -367.188 -343.750
-562.500 -85.938 -671.875 -562.500 -632.812 828.125 -664.062 -835.938 523.438 -867.188 -843.750 101.562 -1101.562 -367.188 -343.750
-601.562 -23.438 -742.188 -562.500 -640.625 828.125 -632.812 -859.375 492.188 -851.562 -859.375 85.938 -1078.125 -406.250 -320.312
-656.250 -15.625 -796.875 -562.500 -632.812 796.875 -609.375 -867.188 492.188 -804.688 -867.188 78.125 -1031.250 -414.062 -250.000
-687.500 -23.438 -828.125 -546.875 -656.250 789.062 -554.688 -867.188 476.562 -742.188 -867.188 109.375 -976.562 -414.062 -164.062
-671.875 46.875 -835.938 -468.750 -656.250 757.812 -453.125 -851.562 523.438 -609.375 -882.812 187.500 -914.062 -476.562 -31.250
-671.875 46.875 -835.938 -468.750 -656.250 757.812 -453.125 -851.562 523.438 -609.375 -882.812 187.500 -914.062 -476.562 -31.250
-640.625 117.188 -835.938 -414.062 -648.438 750.000 -398.438 -828.125 546.875 -570.312 -898.438 218.750 -898.438 -484.375 -7.812
-601.562 148.438 -835.938 -343.750 -585.938 726.562 -328.125 -750.000 570.312 -507.812 -835.938 273.438 -890.625 -421.875 46.875
-601.562 148.438 -835.938 -343.750 -585.938 726.562 -328.125 -750.000 570.312 -507.812 -835.938 273.438 -890.625 -421.875 46.875
-578.125 148.438 -835.938 -304.688 -546.875 710.938 -320.312 -703.125 570.312 -515.625 -796.875 289.062 -906.250 -398.438 54.688
-578.125 148.438 -835.938 -304.688 -546.875 710.938 -320.312 -703.125 570.312 -515.625 -796.875 289.062 -906.250 -398.438 54.688
-515.625 93.750 -804.688 -273.438 -453.125 687.500 -359.375 -625.000 546.875 -562.500 -710.938 289.062 -937.500 -296.875 39.062
-515.625 93.750 -804.688 -273.438 -453.125 687.500 -359.375 -625.000 546.875 -562.500 -710.938 289.062 -937.500 -296.875 39.062
-515.625 93.750 -804.688 -273.438 -453.125 687.500 -359.375 -625.000 546.875 -562.500 -710.938 289.062 -937.500 -296.875 39.062
-515.625 93.750 -804.688 -273.438 -453.125 687.500 -359.375 -625.000 546.875 -562.500 -710.938 289.062 -937.500 -296.875 39.062
-484.375 23.438 -773.438 -343.750 -500.000 679.688 -421.875 -656.250 507.812 -609.375 -695.312 234.375 -960.938 -273.438 -54.688
-484.375 23.438 -773.438 -343.750 -500.000 679.688 -421.875 -656.250 507.812 -609.375 -695.312 234.375 -960.938 -273.438 -54.688
-476.562 -23.438 -750.000 -367.188 -507.812 671.875 -453.125 -648.438 476.562 -656.250 -710.938 210.938 -984.375 -289.062 -101.562
-476.562 -23.438 -750.000 -367.188 -507.812 671.875 -453.125 -648.438 476.562 -656.250 -710.938 210.938 -984.375 -289.062 -101.562
-484.375 -39.062 -773.438 -367.188 -578.125 695.312 -500.000 -726.562 437.500 -671.875 -718.750 164.062 -937.500 -250.000 -101.562
-507.812 -109.375 -820.312 -390.625 -625.000 734.375 -500.000 -789.062 453.125 -664.062 -773.438 164.062 -898.438 -351.562 -31.250
-507.812 -109.375 -820.312 -390.625 -625.000 734.375 -500.000 -789.062 453.125 -664.062 -773.438 164.062 -898.438 -351.562 -31.250
-523.438 -117.188 -812.500 -390.625 -656.250 757.812 -460.938 -789.062 492.188 -625.000 -804.688 195.312 -906.250 -406.250 -7.812
-523.438 -117.188 -812.500 -390.625 -656.250 757.812 -460.938 -789.062 492.188 -625.000 -804.688 195.312 -906.250 -406.250 -7.812
-531.250 15.625 -843.750 -367.188 -640.625 773.438 -398.438 -812.500 585.938 -578.125 -875.000 265.625 -882.812 -445.312 31.250
-554.688 39.062 -867.188 -359.375 -632.812 773.438 -375.000 -796.875 632.812 -515.625 -898.438 328.125 -875.000 -460.938 46.875
-554.688 39.062 -867.188 -359.375 -632.812 773.438 -375.000 -796.875 632.812 -515.625 -898.438 328.125 -875.000 -460.938 46.875
-539.062 -85.938 -890.625 -281.250 -640.625 835.938 -343.750 -765.625 687.500 -539.062 -906.250 375.000 -882.812 -460.938 101.562
-523.438 -109.375 -851.562 -359.375 -562.500 828.125 -406.250 -695.312 671.875 -570.312 -820.312 437.500 -906.250 -382.812 171.875
-523.438 -109.375 -851.562 -359.375 -562.500 828.125 -406.250 -695.312 671.875 -570.312 -820.312 437.500 -906.250 -382.812 171.875
-515.625 -125.000 -820.312 -398.438 -507.812 765.625 -437.500 -648.438 671.875 -570.312 -789.062 453.125 -906.250 -359.375 218.750
-539.062 -156.250 -781.250 -468.750 -445.312 695.312 -453.125 -570.312 656.250 -585.938 -757.812 500.000 -929.688 -351.562 257.812
-546.875 -203.125 -710.938 -523.438 -390.625 648.438 -546.875 -484.375 617.188 -679.688 -687.500 500.000 -953.125 -304.688 296.875
-601.562 -140.625 -773.438 -562.500 -335.938 632.812 -648.438 -492.188 562.500 -710.938 -593.750 476.562 -976.562 -210.938 343.750
-601.562 -140.625 -773.438 -562.500 -335.938 632.812 -648.438 -492.188 562.500 -710.938 -593.750 476.562 -976.562 -210.938 343.750
-687.500 164.062 -929.688 -484.375 -359.375 750.000 -679.688 -539.062 585.938 -664.062 -460.938 445.312 -867.188 -78.125 414.062
-539.062 179.688 -820.312 -523.438 -617.188 937.500 -578.125 -578.125 765.625 -484.375 -523.438 679.688 -718.750 -62.500 554.688
-539.062 179.688 -820.312 -523.438 -617.188 937.500 -578.125 -578.125 765.625 -484.375 -523.438 679.688 -718.750 -62.500 554.688
-625.000 156.250 -828.125 -203.125 -898.438 1578.125 -578.125 -1062.500 1078.125 -460.938 -632.812 773.438 -671.875 -109.375 515.625
-625.000 156.250 -828.125 -203.125 -898.438 1578.125 -578.125 -1062.500 1078.125 -460.938 -632.812 773.438 -671.875 -109.375 515.625
-492.188 281.250 -531.250 -437.500 -1250.000 1351.562 -265.625 -234.375 1117.188 -515.625 -1023.438 976.562 -593.750 -218.750 546.875
-265.625 78.125 -382.812 -54.688 -156.250 218.750 210.938 -164.062 1468.750 390.625 -1039.062 1500.000 -531.250 -398.438 718.750
-265.625 78.125 -382.812 -54.688 -156.250 218.750 210.938 -164.062 1468.750 390.625 -1039.062 1500.000 -531.250 -398.438 718.750
-421.875 -359.375 -257.812 109.375 54.688 703.125 -39.062 -765.625 1023.438 -476.562 -562.500 460.938 -429.688 -31.250 1000.000
-617.188 -343.750 -523.438 257.812 -343.750 148.438 117.188 23.438 273.438 804.688 78.125 1375.000 -539.062 -1460.938 1625.000
-617.188 -343.750 -523.438 257.812 -343.750 148.438 117.188 23.438 273.438 804.688 78.125 1375.000 -539.062 -1460.938 1625.000
-812.500 -742.188 -687.500 70.312 1015.625 -187.500 -296.875 -312.500 351.562 -109.375 -203.125 195.312 70.312 -343.750 2015.625
-812.500 -742.188 -687.500 70.312 1015.625 -187.500 -296.875 -312.500 351.562 -109.375 -203.125 195.312 70.312 -343.750 2015.625
-515.625 -1164.062 -1007.812 -531.250 -156.250 -234.375 -203.125 195.312 -117.188 54.688 -1046.875 -171.875 804.688 -7.812 1085.938
-648.438 -1390.625 -1085.938 -1156.250 -500.000 -1023.438 179.688 585.938 -546.875 -828.125 -468.750 0.000 179.688 -632.812 898.438
-648.438 -1390.625 -1085.938 -1156.250 -500.000 -1023.438 179.688 585.938 -546.875 -828.125 -468.750 0.000 179.688 -632.812 898.438
-687.500 -1031.250 -992.188 -1421.875 -1500.000 -820.312 -1312.500 421.875 -1140.625 -1328.125 1843.750 -726.562 -453.125 -210.938 -179.688
-523.438 -492.188 -929.688 -554.688 -617.188 546.875 -1304.688 -1367.188 -1062.500 -1640.625 1000.000 -1742.188 -1742.188 1023.438 -1140.625
-523.438 -492.188 -929.688 -554.688 -617.188 546.875 -1304.688 -1367.188 -1062.500 -1640.625 1000.000 -1742.188 -1742.188 1023.438 -1140.625
-554.688 -289.062 -929.688 -507.812 -1078.125 695.312 -1039.062 -1320.312 -718.750 -1070.312 -85.938 -1703.125 -1734.375 1593.750 -1843.750
-554.688 -289.062 -929.688 -507.812 -1078.125 695.312 -1039.062 -1320.312 -718.750 -1070.312 -85.938 -1703.125 -1734.375 1593.750 -1843.750
-687.500 -445.312 -835.938 -976.562 -328.125 109.375 -945.312 -320.312 117.188 -1125.000 -1109.375 -531.250 -1703.125 664.062 -2179.688
-648.438 -273.438 -609.375 -1007.812 -390.625 78.125 -1085.938 -335.938 62.500 -992.188 -812.500 -179.688 -1328.125 234.375 -1406.250
-648.438 -273.438 -609.375 -1007.812 -390.625 78.125 -1085.938 -335.938 62.500 -992.188 -812.500 -179.688 -1328.125 234.375 -1406.250
-562.500 -62.500 -289.062 -1054.688 -515.625 117.188 -1195.312 -507.812 -203.125 -1476.562 -85.938 -523.438 -882.812 -343.750 -140.625
-578.125 -414.062 -367.188 -921.875 -492.188 -70.312 -937.500 -296.875 -242.188 -843.750 101.562 -218.750 -718.750 -242.188 39.062
-578.125 -414.062 -367.188 -921.875 -492.188 -70.312 -937.500 -296.875 -242.188 -843.750 101.562 -218.750 -718.750 -242.188 39.062
-617.188 -460.938 -414.062 -867.188 -382.812 -117.188 -875.000 -179.688 -62.500 -867.188 -164.062 -93.750 -1000.000 -54.688 -117.188
-617.188 -460.938 -414.062 -867.188 -382.812 -117.188 -875.000 -179.688 -62.500 -867.188 -164.062 -93.750 -1000.000 -54.688 -117.188
-773.438 -101.562 -437.500 -773.438 -507.812 203.125 -820.312 -515.625 140.625 -976.562 -250.000 -132.812 -1054.688 234.375 -171.875
-851.562 -70.312 -523.438 -773.438 -546.875 281.250 -859.375 -515.625 125.000 -1000.000 -179.688 -148.438 -1062.500 218.750 -125.000
-851.562 -70.312 -523.438 -773.438 -546.875 281.250 -859.375 -515.625 125.000 -1000.000 -179.688 -148.438 -1062.500 218.750 -125.000
-656.250 -546.875 -539.062 -789.062 -531.250 328.125 -937.500 -437.500 148.438 -1070.312 -101.562 -101.562 -1070.312 7.812 -23.438
-656.250 -546.875 -539.062 -789.062 -531.250 328.125 -937.500 -437.500 148.438 -1070.312 -101.562 -101.562 -1070.312 7.812 -23.438
-656.250 -546.875 -539.062 -789.062 -531.250 328.125 -937.500 -437.500 148.438 -1070.312 -101.562 -101.562 -1070.312 7.812 -23.438
-656.250 -546.875 -539.062 -789.062 -531.250 328.125 -937.500 -437.500 148.438 -1070.312 -101.562 -101.562 -1070.312 7.812 -23.438
-656.250 -546.875 -539.062 -789.062 -531.250 328.125 -937.500 -437.500 148.438 -1070.312 -101.562 -101.562 -1070.312 7.812 -23.438
-648.438 -671.875 -554.688 -789.062 -570.312 375.000 -921.875 -515.625 203.125 -1093.750 -187.500 -70.312 -1132.812 -78.125 -46.875
-664.062 -726.562 -585.938 -812.500 -585.938 398.438 -945.312 -523.438 195.312 -1140.625 -242.188 -62.500 -1140.625 -85.938 -39.062
-664.062 -726.562 -585.938 -812.500 -585.938 398.438 -945.312 -523.438 195.312 -1140.625 -242.188 -62.500 -1140.625 -85.938 -39.062
-695.312 -726.562 -671.875 -812.500 -593.750 375.000 -945.312 -507.812 171.875 -1078.125 -210.938 -70.312 -1117.188 -101.562 -31.250
-687.500 -656.250 -695.312 -812.500 -562.500 312.500 -929.688 -500.000 140.625 -1054.688 -203.125 -93.750 -1062.500 -109.375 -31.250
-687.500 -656.250 -695.312 -812.500 -562.500 312.500 -929.688 -500.000 140.625 -1054.688 -203.125 -93.750 -1062.500 -109.375 -31.250
-671.875 -601.562 -664.062 -804.688 -546.875 281.250 -914.062 -460.938 117.188 -1046.875 -203.125 -93.750 -1070.312 -125.000 -15.625
-671.875 -601.562 -664.062 -804.688 -546.875 281.250 -914.062 -460.938 117.188 -1046.875 -203.125 -93.750 -1070.312 -125.000 -15.625
-671.875 -500.000 -648.438 -859.375 -531.250 164.062 -945.312 -429.688 31.250 -1039.062 -179.688 -132.812 -1054.688 -101.562 -15.625
-703.125 -460.938 -664.062 -867.188 -531.250 132.812 -953.125 -421.875 -23.438 -1039.062 -171.875 -179.688 -1039.062 -109.375 -7.812
-703.125 -460.938 -664.062 -867.188 -531.250 132.812 -953.125 -421.875 -23.438 -1039.062 -171.875 -179.688 -1039.062 -109.375 -7.812
-734.375 -343.750 -687.500 -914.062 -531.250 46.875 -890.625 -421.875 -46.875 -1000.000 -195.312 -218.750 -945.312 -164.062 -62.500
-757.812 -320.312 -695.312 -835.938 -539.062 132.812 -906.250 -445.312 -7.812 -992.188 -218.750 -203.125 -945.312 -156.250 -70.312
-757.812 -320.312 -695.312 -835.938 -539.062 132.812 -906.250 -445.312 -7.812 -992.188 -218.750 -203.125 -945.312 -156.250 -70.312
-757.812 -343.750 -695.312 -843.750 -546.875 132.812 -914.062 -414.062 -7.812 -1031.250 -226.562 -187.500 -1015.625 -164.062 -54.688
-757.812 -343.750 -695.312 -843.750 -546.875 132.812 -914.062 -414.062 -7.812 -1031.250 -226.562 -187.500 -1015.625 -164.062 -54.688
-812.500 -289.062 -773.438 -875.000 -546.875 156.250 -929.688 -429.688 -7.812 -1031.250 -187.500 -132.812 -1078.125 -179.688 0.000
-890.625 -273.438 -796.875 -835.938 -554.688 179.688 -906.250 -414.062 39.062 -1046.875 -203.125 -93.750 -1078.125 -125.000 31.250
-890.625 -273.438 -796.875 -835.938 -554.688 179.688 -906.250 -414.062 39.062 -1046.875 -203.125 -93.750 -1078.125 -125.000 31.250
-914.062 -453.125 -812.500 -789.062 -554.688 218.750 -898.438 -359.375 101.562 -1062.500 -242.188 -54.688 -1148.438 -117.188 7.812
-914.062 -453.125 -812.500 -789.062 -554.688 218.750 -898.438 -359.375 101.562 -1062.500 -242.188 -54.688 -1148.438 -117.188 7.812
-859.375 -578.125 -781.250 -742.188 -515.625 265.625 -914.062 -492.188 109.375 -1132.812 -304.688 -70.312 -1250.000 -171.875 -109.375
-820.312 -585.938 -757.812 -757.812 -546.875 257.812 -875.000 -445.312 85.938 -1164.062 -273.438 -171.875 -1265.625 -312.500 -265.625
-820.312 -585.938 -757.812 -757.812 -546.875 257.812 -875.000 -445.312 85.938 -1164.062 -273.438 -171.875 -1265.625 -312.500 -265.625
-843.750 -679.688 -781.250 -781.250 -531.250 226.562 -882.812 -398.438 62.500 -1093.750 -500.000 -195.312 -1148.438 -343.750 -414.062
-843.750 -679.688 -781.250 -781.250 -531.250 226.562 -882.812 -398.438 62.500 -1093.750 -500.000 -195.312 -1148.438 -343.750 -414.062
-812.500 -687.500 -742.188 -757.812 -500.000 234.375 -875.000 -359.375 70.312 -1054.688 -437.500 -351.562 -945.312 -320.312 -367.188
-695.312 -664.062 -617.188 -703.125 -390.625 210.938 -765.625 -335.938 78.125 -1289.062 -437.500 -242.188 -750.000 -78.125 -15.625
-695.312 -664.062 -617.188 -703.125 -390.625 210.938 -765.625 -335.938 78.125 -1289.062 -437.500 -242.188 -750.000 -78.125 -15.625
-812.500 -679.688 -718.750 -695.312 -289.062 117.188 -664.062 -140.625 156.250 -1562.500 -414.062 -492.188 -289.062 -31.250 218.750
-906.250 -664.062 -710.938 -640.625 -265.625 101.562 -640.625 -367.188 101.562 -1601.562 -85.938 -734.375 -343.750 -343.750 273.438
-906.250 -664.062 -710.938 -640.625 -265.625 101.562 -640.625 -367.188 101.562 -1601.562 -85.938 -734.375 -343.750 -343.750 273.438
-750.000 -414.062 -523.438 -671.875 -523.438 250.000 -578.125 -945.312 -31.250 -195.312 -367.188 -492.188 -539.062 -437.500 -93.750
-750.000 -414.062 -523.438 -671.875 -523.438 250.000 -578.125 -945.312 -31.250 -195.312 -367.188 -492.188 -539.062 -437.500 -93.750
-679.688 -312.500 -429.688 -656.250 -695.312 328.125 -578.125 -1164.062 -70.312 -7.812 -351.562 -421.875 -437.500 -546.875 -539.062
-648.438 -164.062 -328.125 -632.812 -867.188 468.750 -789.062 -1171.875 -101.562 437.500 484.375 54.688 414.062 -453.125 -843.750
-648.438 -164.062 -328.125 -632.812 -867.188 468.750 -789.062 -1171.875 -101.562 437.500 484.375 54.688 414.062 -453.125 -843.750
-687.500 -218.750 -304.688 -601.562 -828.125 351.562 -781.250 -617.188 -54.688 250.000 179.688 570.312 1460.938 164.062 -203.125
-671.875 -210.938 -289.062 -664.062 -781.250 273.438 -750.000 -562.500 70.312 -85.938 164.062 703.125 1476.562 640.625 609.375
-671.875 -210.938 -289.062 -664.062 -781.250 273.438 -750.000 -562.500 70.312 -85.938 164.062 703.125 1476.562 640.625 609.375
-835.938 -257.812 -445.312 -609.375 -453.125 117.188 -570.312 -296.875 210.938 15.625 328.125 820.312 1523.438 1046.875 2382.812
-960.938 -257.812 -546.875 -625.000 -328.125 62.500 -539.062 -226.562 273.438 -7.812 531.250 937.500 1367.188 859.375 2859.375
-960.938 -257.812 -546.875 -625.000 -328.125 62.500 -539.062 -226.562 273.438 -7.812 531.250 937.500 1367.188 859.375 2859.375
-93.750 -31.250 156.250 -484.375 -625.000 281.250 -429.688 7.812 718.750 -70.312 1007.812 1820.312 -140.625 -710.938 679.688
-93.750 -31.250 156.250 -484.375 -625.000 281.250 -429.688 7.812 718.750 -70.312 1007.812 1820.312 -140.625 -710.938 679.688
-93.750 -31.250 156.250 -484.375 -625.000 281.250 -429.688 7.812 718.750 -70.312 1007.812 1820.312 -140.625 -710.938 679.688
-93.750 -31.250 156.250 -484.375 -625.000 281.250 -429.688 7.812 718.750 -70.312 1007.812 1820.312 -140.625 -710.938 679.688
-93.750 -31.250 156.250 -484.375 -625.000 281.250 -429.688 7.812 718.750 -70.312 1007.812 1820.312 -140.625 -710.938 679.688
-914.062 -101.562 -218.750 -757.812 -546.875 445.312 -687.500 -453.125 828.125 148.438 7.812 1218.750 -343.750 -171.875 1195.312
-914.062 -101.562 -218.750 -757.812 -546.875 445.312 -687.500 -453.125 828.125 148.438 7.812 1218.750 -343.750 -171.875 1195.312
-742.188 -132.812 -195.312 -734.375 -632.812 585.938 -757.812 -718.750 750.000 -882.812 -539.062 929.688 -156.250 -132.812 1265.625
-476.562 406.250 187.500 -960.938 -960.938 789.062 -1203.125 -1062.500 570.312 -718.750 -187.500 804.688 -117.188 -265.625 906.250
-476.562 406.250 187.500 -960.938 -960.938 789.062 -1203.125 -1062.500 570.312 -718.750 -187.500 804.688 -117.188 -265.625 906.250
-875.000 406.250 -109.375 -859.375 -960.938 617.188 -992.188 -734.375 617.188 -632.812 -164.062 1093.750 101.562 -281.250 1117.188
-1007.812 414.062 -171.875 -898.438 -812.500 539.062 -976.562 -648.438 585.938 -484.375 -148.438 1148.438 218.750 -351.562 1093.750
-1007.812 414.062 -171.875 -898.438 -812.500 539.062 -976.562 -648.438 585.938 -484.375 -148.438 1148.438 218.750 -351.562 1093.750
-1039.062 296.875 -226.562 -898.438 -671.875 359.375 -851.562 -570.312 445.312 -304.688 -70.312 1039.062 390.625 -234.375 1039.062
-1039.062 296.875 -226.562 -898.438 -671.875 359.375 -851.562 -570.312 445.312 -304.688 -70.312 1039.062 390.625 -234.375 1039.062
-1000.000 195.312 -226.562 -773.438 -609.375 375.000 -781.250 -539.062 476.562 -218.750 -23.438 1054.688 515.625 -210.938 1023.438
-1000.000 187.500 -257.812 -546.875 -625.000 460.938 -585.938 -460.938 546.875 -78.125 78.125 1062.500 601.562 -148.438 1023.438
-1000.000 187.500 -257.812 -546.875 -625.000 460.938 -585.938 -460.938 546.875 -78.125 78.125 1062.500 601.562 -148.438 1023.438
-1000.000 46.875 -296.875 -437.500 -531.250 468.750 -484.375 -445.312 609.375 -46.875 132.812 1031.250 570.312 -54.688 1000.000
-960.938 -7.812 -273.438 -351.562 -562.500 515.625 -445.312 -429.688 656.250 -62.500 179.688 1039.062 609.375 -15.625 1039.062
-960.938 -7.812 -273.438 -351.562 -562.500 515.625 -445.312 -429.688 656.250 -62.500 179.688 1039.062 609.375 -15.625 1039.062
-921.875 -117.188 -273.438 -281.250 -617.188 585.938 -414.062 -468.750 679.688 -23.438 226.562 1070.312 632.812 -7.812 1101.562
-921.875 -117.188 -273.438 -281.250 -617.188 585.938 -414.062 -468.750 679.688 -23.438 226.562 1070.312 632.812 -7.812 1101.562
-937.500 -164.062 -273.438 -304.688 -656.250 609.375 -445.312 -507.812 679.688 -54.688 195.312 1085.938 570.312 -70.312 1117.188
-937.500 -164.062 -281.250 -359.375 -757.812 632.812 -500.000 -640.625 625.000 -242.188 31.250 1023.438 281.250 -117.188 1023.438
-937.500 -164.062 -281.250 -359.375 -757.812 632.812 -500.000 -640.625 625.000 -242.188 31.250 1023.438 281.250 -117.188 1023.438
-898.438 -156.250 -257.812 -492.188 -851.562 617.188 -687.500 -742.188 546.875 -406.250 7.812 1125.000 101.562 -140.625 1070.312
-890.625 70.312 -304.688 -578.125 -890.625 593.750 -765.625 -757.812 531.250 -460.938 -70.312 1054.688 0.000 -218.750 1125.000
-890.625 70.312 -304.688 -578.125 -890.625 593.750 -765.625 -757.812 531.250 -460.938 -70.312 1054.688 0.000 -218.750 1125.000
-851.562 101.562 -210.938 -703.125 -929.688 585.938 -851.562 -921.875 367.188 -726.562 -132.812 960.938 62.500 -531.250 1125.000
-851.562 101.562 -210.938 -703.125 -929.688 585.938 -851.562 -921.875 367.188 -726.562 -132.812 960.938 62.500 -531.250 1125.000
-812.500 312.500 -179.688 -750.000 -937.500 585.938 -875.000 -929.688 382.812 -531.250 -156.250 945.312 -31.250 -390.625 1164.062
-773.438 375.000 -117.188 -671.875 -968.750 664.062 -828.125 -898.438 453.125 -195.312 -187.500 968.750 15.625 -335.938 1093.750
-718.750 671.875 -85.938 -632.812 -875.000 742.188 -703.125 -812.500 648.438 -101.562 -296.875 1039.062 265.625 -265.625 1070.312
-562.500 1023.438 -15.625 -312.500 -804.688 1078.125 -492.188 -984.375 937.500 -257.812 -132.812 1046.875 -125.000 -296.875 976.562
-656.250 992.188 -39.062 -343.750 -328.125 867.188 -617.188 -664.062 1125.000 -359.375 -351.562 1289.062 -343.750 -343.750 625.000
-656.250 992.188 -39.062 -343.750 -328.125 867.188 -617.188 -664.062 1125.000 -359.375 -351.562 1289.062 -343.750 -343.750 625.000
-640.625 328.125 -54.688 -703.125 218.750 351.562 -929.688 367.188 578.125 -304.688 -156.250 1304.688 -195.312 -648.438 914.062
-640.625 328.125 -54.688 -703.125 218.750 351.562 -929.688 367.188 578.125 -304.688 -156.250 1304.688 -195.312 -648.438 914.062
-328.125 281.250 7.812 554.688 -789.062 1710.938 -1390.625 -1484.375 -23.438 -570.312 250.000 414.062 78.125 -250.000 1101.562
-328.125 281.250 7.812 554.688 -789.062 1710.938 -1390.625 -1484.375 -23.438 -570.312 250.000 414.062 78.125 -250.000 1101.562
-398.438 179.688 -148.438 -210.938 -710.938 531.250 -1625.000 -585.938 0.000 -570.312 -242.188 375.000 148.438 -7.812 1437.500
-398.438 179.688 -148.438 -210.938 -710.938 531.250 -1625.000 -585.938 0.000 -570.312 -242.188 375.000 148.438 -7.812 1437.500
-515.625 -593.750 -531.250 -1109.375 -914.062 -562.500 -257.812 -695.312 179.688 -1250.000 125.000 390.625 265.625 -210.938 1546.875
-1148.438 -507.812 -1453.125 -671.875 140.625 78.125 -312.500 -500.000 218.750 -750.000 -710.938 140.625 -117.188 210.938 85.938
-1148.438 -507.812 -1453.125 -671.875 140.625 78.125 -312.500 -500.000 218.750 -750.000 -710.938 140.625 -117.188 210.938 85.938
-1148.438 -507.812 -1453.125 -671.875 140.625 78.125 -312.500 -500.000 218.750 -750.000 -710.938 140.625 -117.188 210.938 85.938
-1148.438 -507.812 -1453.125 -671.875 140.625 78.125 -312.500 -500.000 218.750 -750.000 -710.938 140.625 -117.188 210.938 85.938
-1148.438 -507.812 -1453.125 -671.875 140.625 78.125 -312.500 -500.000 218.750 -750.000 -710.938 140.625 -117.188 210.938 85.938
-1210.938 -695.312 -1625.000 -679.688 -7.812 164.062 -406.250 -367.188 234.375 -617.188 -265.625 312.500 -757.812 70.312 -93.750
-1210.938 -695.312 -1625.000 -679.688 -7.812 164.062 -406.250 -367.188 234.375 -617.188 -265.625 312.500 -757.812 70.312 -93.750
-1171.875 -507.812 -1609.375 -726.562 -500.000 234.375 -671.875 -125.000 132.812 -398.438 375.000 265.625 -1320.312 -398.438 -296.875
-898.438 -531.250 -1265.625 -664.062 -656.250 375.000 -687.500 -78.125 226.562 -781.250 -164.062 109.375 -1148.438 125.000 -54.688
-898.438 -531.250 -1265.625 -664.062 -656.250 375.000 -687.500 -78.125 226.562 -781.250 -164.062 109.375 -1148.438 125.000 -54.688
-742.188 -695.312 -1046.875 -765.625 -632.812 304.688 -500.000 -296.875 304.688 -898.438 -218.750 187.500 -1054.688 179.688 148.438
-617.188 -750.000 -679.688 -867.188 -476.562 226.562 -429.688 281.250 226.562 -742.188 -234.375 382.812 -695.312 7.812 500.000
-617.188 -750.000 -679.688 -867.188 -476.562 226.562 -429.688 281.250 226.562 -742.188 -234.375 382.812 -695.312 7.812 500.000
-578.125 -710.938 -601.562 -789.062 -820.312 93.750 -828.125 -578.125 601.562 -679.688 -164.062 507.812 -562.500 -78.125 664.062
-578.125 -710.938 -601.562 -789.062 -820.312 93.750 -828.125 -578.125 601.562 -679.688 -164.062 507.812 -562.500 -78.125 664.062
-539.062 -546.875 -390.625 -968.750 -453.125 -148.438 -640.625 7.812 804.688 -531.250 -335.938 898.438 -398.438 -203.125 875.000
-273.438 -125.000 78.125 -1007.812 54.688 -320.312 -429.688 -46.875 1382.812 -453.125 -617.188 1304.688 -312.500 -179.688 1031.250
-273.438 -125.000 78.125 -1007.812 54.688 -320.312 -429.688 -46.875 1382.812 -453.125 -617.188 1304.688 -312.500 -179.688 1031.250
-640.625 85.938 -335.938 -945.312 0.000 -117.188 -539.062 -171.875 914.062 -304.688 -367.188 1140.625 -296.875 -187.500 1085.938
-992.188 -429.688 -843.750 -968.750 -367.188 7.812 -929.688 226.562 484.375 -789.062 132.812 968.750 -203.125 -109.375 1265.625
-992.188 -429.688 -843.750 -968.750 -367.188 7.812 -929.688 226.562 484.375 -789.062 132.812 968.750 -203.125 -109.375 1265.625
-843.750 -359.375 -648.438 -992.188 -226.562 0.000 -796.875 -7.812 640.625 -648.438 117.188 859.375 -234.375 15.625 1273.438
-843.750 -359.375 -648.438 -992.188 -226.562 0.000 -796.875 -7.812 640.625 -648.438 117.188 859.375 -234.375 15.625 1273.438
-687.500 -304.688 -539.062 -960.938 -148.438 54.688 -726.562 0.000 656.250 -781.250 -85.938 742.188 -382.812 46.875 1117.188
-734.375 -382.812 -609.375 -960.938 -148.438 78.125 -820.312 62.500 609.375 -742.188 -7.812 757.812 -531.250 -15.625 914.062
-734.375 -382.812 -609.375 -960.938 -148.438 78.125 -820.312 62.500 609.375 -742.188 -7.812 757.812 -531.250 -15.625 914.062
-718.750 -281.250 -562.500 -937.500 -156.250 85.938 -781.250 46.875 640.625 -710.938 -15.625 765.625 -562.500 15.625 882.812
-718.750 -367.188 -570.312 -921.875 -187.500 109.375 -765.625 31.250 648.438 -703.125 -62.500 757.812 -546.875 46.875 875.000
-718.750 -367.188 -570.312 -921.875 -187.500 109.375 -765.625 31.250 648.438 -703.125 -62.500 757.812 -546.875 46.875 875.000
-703.125 -390.625 -578.125 -914.062 -210.938 109.375 -757.812 7.812 640.625 -695.312 -78.125 742.188 -546.875 39.062 882.812
-703.125 -390.625 -578.125 -914.062 -210.938 109.375 -757.812 7.812 640.625 -695.312 -78.125 742.188 -546.875 39.062 882.812
-671.875 -398.438 -539.062 -906.250 -289.062 132.812 -757.812 -46.875 625.000 -710.938 -70.312 703.125 -515.625 23.438 890.625
-671.875 -429.688 -578.125 -906.250 -343.750 117.188 -734.375 -78.125 625.000 -726.562 -101.562 695.312 -531.250 7.812 859.375
-671.875 -429.688 -578.125 -906.250 -343.750 117.188 -734.375 -78.125 625.000 -726.562 -101.562 695.312 -531.250 7.812 859.375
-687.500 -421.875 -585.938 -906.250 -359.375 109.375 -718.750 -70.312 625.000 -726.562 -140.625 695.312 -546.875 -23.438 828.125
-687.500 -421.875 -585.938 -906.250 -359.375 109.375 -718.750 -70.312 625.000 -726.562 -140.625 695.312 -546.875 -23.438 828.125
-703.125 -382.812 -601.562 -898.438 -382.812 109.375 -710.938 -109.375 664.062 -664.062 -171.875 703.125 -500.000 -70.312 851.562
-703.125 -375.000 -593.750 -914.062 -382.812 93.750 -679.688 -93.750 664.062 -664.062 -179.688 718.750 -476.562 -78.125 867.188
-703.125 -375.000 -593.750 -914.062 -382.812 93.750 -679.688 -93.750 664.062 -664.062 -179.688 718.750 -476.562 -78.125 867.188
-734.375 -320.312 -632.812 -914.062 -398.438 62.500 -695.312 -101.562 664.062 -632.812 -171.875 757.812 -421.875 -78.125 921.875
-726.562 -250.000 -656.250 -914.062 -328.125 39.062 -734.375 -109.375 664.062 -671.875 -195.312 742.188 -453.125 -101.562 898.438
-726.562 -250.000 -656.250 -914.062 -328.125 39.062 -734.375 -109.375 664.062 -671.875 -195.312 742.188 -453.125 -101.562 898.438
-726.562 -250.000 -656.250 -914.062 -328.125 39.062 -734.375 -109.375 664.062 -671.875 -195.312 742.188 -453.125 -101.562 898.438
-726.562 -250.000 -656.250 -914.062 -328.125 39.062 -734.375 -109.375 664.062 -671.875 -195.312 742.188 -453.125 -101.562 898.438
-726.562 -250.000 -656.250 -914.062 -328.125 39.062 -734.375 -109.375 664.062 -671.875 -195.312 742.188 -453.125 -101.562 898.438
-710.938 -250.000 -625.000 -898.438 -343.750 23.438 -750.000 -117.188 632.812 -687.500 -187.500 726.562 -484.375 -93.750 898.438
-710.938 -250.000 -625.000 -898.438 -343.750 23.438 -750.000 -117.188 632.812 -687.500 -187.500 726.562 -484.375 -93.750 898.438
-742.188 -226.562 -625.000 -898.438 -343.750 46.875 -742.188 -148.438 625.000 -710.938 -179.688 695.312 -500.000 -70.312 906.250
-734.375 -218.750 -625.000 -914.062 -320.312 31.250 -742.188 -140.625 625.000 -710.938 -195.312 687.500 -500.000 -93.750 906.250
-726.562 -234.375 -632.812 -937.500 -320.312 7.812 -765.625 -132.812 609.375 -718.750 -203.125 687.500 -492.188 -101.562 906.250
-726.562 -242.188 -617.188 -937.500 -320.312 -7.812 -781.250 -132.812 617.188 -718.750 -203.125 703.125 -492.188 -101.562 906.250
-726.562 -242.188 -617.188 -937.500 -320.312 -7.812 -781.250 -132.812 617.188 -718.750 -203.125 703.125 -492.188 -101.562 906.250
-710.938 -273.438 -585.938 -937.500 -320.312 -7.812 -773.438 -132.812 609.375 -726.562 -210.938 703.125 -500.000 -109.375 929.688
-703.125 -250.000 -578.125 -929.688 -273.438 -23.438 -781.250 -125.000 617.188 -726.562 -203.125 710.938 -484.375 -109.375 953.125
-703.125 -250.000 -578.125 -929.688 -273.438 -23.438 -781.250 -125.000 617.188 -726.562 -203.125 710.938 -484.375 -109.375 953.125
-796.875 62.500 -656.250 -875.000 -296.875 7.812 -718.750 -125.000 648.438 -695.312 -187.500 703.125 -531.250 -39.062 851.562
-828.125 -187.500 -726.562 -898.438 -335.938 31.250 -734.375 -132.812 656.250 -710.938 -210.938 679.688 -539.062 -54.688 851.562
-828.125 -187.500 -726.562 -898.438 -335.938 31.250 -734.375 -132.812 656.250 -710.938 -210.938 679.688 -539.062 -54.688 851.562
-781.250 -226.562 -664.062 -906.250 -335.938 31.250 -742.188 -125.000 640.625 -710.938 -234.375 687.500 -531.250 -109.375 851.562
-781.250 -226.562 -664.062 -906.250 -335.938 31.250 -742.188 -125.000 640.625 -710.938 -234.375 687.500 -531.250 -109.375 851.562
-695.312 -328.125 -570.312 -921.875 -359.375 23.438 -757.812 -148.438 617.188 -710.938 -218.750 695.312 -507.812 -109.375 875.000
-703.125 -328.125 -578.125 -914.062 -367.188 15.625 -757.812 -156.250 609.375 -726.562 -195.312 687.500 -507.812 -85.938 882.812
-734.375 -242.188 -617.188 -929.688 -320.312 7.812 -757.812 -132.812 601.562 -718.750 -187.500 695.312 -484.375 -85.938 906.250
-734.375 -242.188 -617.188 -929.688 -320.312 7.812 -757.812 -132.812 601.562 -718.750 -187.500 695.312 -484.375 -85.938 906.250
-734.375 -242.188 -617.188 -929.688 -320.312 7.812 -757.812 -132.812 601.562 -718.750 -187.500 695.312 -484.375 -85.938 906.250
-757.812 -164.062 -632.812 -914.062 -265.625 7.812 -742.188 -93.750 601.562 -695.312 -179.688 718.750 -460.938 -101.562 914.062
-765.625 -85.938 -625.000 -906.250 -281.250 0.000 -750.000 -93.750 617.188 -703.125 -156.250 718.750 -453.125 -85.938 921.875
-765.625 -85.938 -625.000 -906.250 -281.250 0.000 -750.000 -93.750 617.188 -703.125 -156.250 718.750 -453.125 -85.938 921.875
-703.125 -335.938 -617.188 -914.062 -335.938 70.312 -726.562 -109.375 632.812 -695.312 -171.875 703.125 -500.000 -70.312 867.188
-703.125 -335.938 -617.188 -914.062 -335.938 70.312 -726.562 -109.375 632.812 -695.312 -171.875 703.125 -500.000 -70.312 867.188
-703.125 -335.938 -617.188 -914.062 -335.938 70.312 -726.562 -109.375 632.812 -695.312 -171.875 703.125 -500.000 -70.312 867.188
-703.125 -335.938 -617.188 -914.062 -335.938 70.312 -726.562 -109.375 632.812 -695.312 -171.875 703.125 -500.000 -70.312 867.188
-703.125 -335.938 -617.188 -914.062 -335.938 70.312 -726.562 -109.375 632.812 -695.312 -171.875 703.125 -500.000 -70.312 867.188
-695.312 -382.812 -585.938 -914.062 -351.562 78.125 -726.562 -117.188 632.812 -671.875 -164.062 703.125 -484.375 -62.500 867.188
-703.125 -382.812 -578.125 -906.250 -343.750 78.125 -718.750 -117.188 640.625 -679.688 -164.062 710.938 -476.562 -70.312 875.000
-703.125 -382.812 -578.125 -906.250 -343.750 78.125 -718.750 -117.188 640.625 -679.688 -164.062 710.938 -476.562 -70.312 875.000
-710.938 -304.688 -625.000 -890.625 -351.562 101.562 -710.938 -85.938 648.438 -679.688 -156.250 726.562 -484.375 -54.688 875.000
-757.812 -257.812 -648.438 -875.000 -343.750 109.375 -703.125 -93.750 656.250 -671.875 -148.438 710.938 -500.000 -31.250 851.562
-757.812 -257.812 -648.438 -875.000 -343.750 109.375 -703.125 -93.750 656.250 -671.875 -148.438 710.938 -500.000 -31.250 851.562
-742.188 -296.875 -625.000 -890.625 -304.688 117.188 -695.312 -93.750 664.062 -664.062 -132.812 718.750 -492.188 7.812 875.000
-726.562 -320.312 -601.562 -898.438 -281.250 109.375 -718.750 -62.500 656.250 -671.875 -132.812 734.375 -484.375 -23.438 890.625
-726.562 -320.312 -601.562 -898.438 -281.250 109.375 -718.750 -62.500 656.250 -671.875 -132.812 734.375 -484.375 -23.438 890.625
-726.562 -320.312 -601.562 -898.438 -281.250 101.562 -718.750 -54.688 640.625 -656.250 -125.000 734.375 -460.938 -15.625 898.438
-726.562 -320.312 -601.562 -898.438 -281.250 101.562 -718.750 -54.688 640.625 -656.250 -125.000 734.375 -460.938 -15.625 898.438
-742.188 -242.188 -609.375 -890.625 -304.688 101.562 -695.312 -70.312 656.250 -648.438 -101.562 734.375 -484.375 31.250 875.000
-750.000 -226.562 -625.000 -898.438 -343.750 109.375 -710.938 -101.562 648.438 -664.062 -78.125 734.375 -476.562 62.500 890.625
-750.000 -226.562 -625.000 -898.438 -343.750 109.375 -710.938 -101.562 648.438 -664.062 -78.125 734.375 -476.562 62.500 890.625
-734.375 -335.938 -609.375 -914.062 -312.500 93.750 -742.188 -78.125 640.625 -703.125 -132.812 718.750 -500.000 -23.438 867.188
-734.375 -335.938 -609.375 -914.062 -312.500 93.750 -742.188 -78.125 640.625 -703.125 -132.812 718.750 -500.000 -23.438 867.188
-695.312 -382.812 -578.125 -937.500 -312.500 85.938 -757.812 -78.125 625.000 -703.125 -148.438 710.938 -492.188 -54.688 875.000
-687.500 -390.625 -554.688 -929.688 -312.500 78.125 -773.438 -85.938 617.188 -710.938 -132.812 710.938 -492.188 -39.062 890.625
-687.500 -390.625 -554.688 -929.688 -312.500 78.125 -773.438 -85.938 617.188 -710.938 -132.812 710.938 -492.188 -39.062 890.625
