-609.375 -687.500 -164.062 -718.750 359.375 507.812 -375.000 625.000 742.188 31.250 656.250 882.812 273.438 726.562 867.188
-648.438 -921.875 -304.688 -726.562 398.438 539.062 -304.688 585.938 828.125 -93.750 671.875 859.375 250.000 750.000 875.000
-601.562 -398.438 -156.250 -664.062 312.500 554.688 -343.750 546.875 781.250 132.812 593.750 984.375 398.438 640.625 984.375
-601.562 -398.438 -156.250 -664.062 312.500 554.688 -343.750 546.875 781.250 132.812 593.750 984.375 398.438 640.625 984.375
-562.500 -710.938 -171.875 -695.312 304.688 562.500 -320.312 554.688 851.562 39.062 554.688 984.375 367.188 601.562 1007.812
-531.250 -742.188 -203.125 -687.500 179.688 578.125 -351.562 523.438 781.250 23.438 578.125 953.125 320.312 625.000 968.750
-531.250 -742.188 -203.125 -687.500 179.688 578.125 -351.562 523.438 781.250 23.438 578.125 953.125 320.312 625.000 968.750
-539.062 -640.625 -226.562 -656.250 179.688 617.188 -375.000 492.188 796.875 -7.812 585.938 921.875 234.375 687.500 898.438
-539.062 -640.625 -226.562 -656.250 179.688 617.188 -375.000 492.188 796.875 -7.812 585.938 921.875 234.375 687.500 898.438
-515.625 -695.312 -218.750 -632.812 218.750 617.188 -328.125 492.188 804.688 7.812 554.688 914.062 226.562 703.125 906.250
-445.312 -632.812 -203.125 -601.562 226.562 601.562 -328.125 414.062 773.438 -132.812 484.375 882.812 125.000 796.875 992.188
-445.312 -632.812 -203.125 -601.562 226.562 601.562 -328.125 414.062 773.438 -132.812 484.375 882.812 125.000 796.875 992.188
-453.125 -562.500 -250.000 -601.562 171.875 593.750 -359.375 437.500 820.312 -54.688 539.062 898.438 132.812 632.812 875.000
-562.500 -539.062 -406.250 -609.375 109.375 578.125 -390.625 460.938 804.688 -15.625 460.938 929.688 203.125 648.438 914.062
-562.500 -539.062 -406.250 -609.375 109.375 578.125 -390.625 460.938 804.688 -15.625 460.938 929.688 203.125 648.438 914.062
-648.438 -554.688 -562.500 -609.375 62.500 546.875 -351.562 468.750 796.875 15.625 453.125 1007.812 226.562 625.000 976.562
-648.438 -554.688 -562.500 -609.375 62.500 546.875 -351.562 468.750 796.875 15.625 453.125 1007.812 226.562 625.000 976.562
-671.875 -640.625 -601.562 -593.750 62.500 539.062 -445.312 492.188 773.438 -101.562 414.062 953.125 242.188 664.062 976.562
-656.250 -585.938 -687.500 -609.375 62.500 531.250 -265.625 335.938 851.562 -101.562 328.125 898.438 210.938 585.938 929.688
-640.625 -406.250 -742.188 -570.312 -31.250 554.688 -265.625 304.688 835.938 -140.625 304.688 875.000 187.500 625.000 898.438
-640.625 -406.250 -742.188 -570.312 -31.250 554.688 -265.625 304.688 835.938 -140.625 304.688 875.000 187.500 625.000 898.438
-687.500 -375.000 -882.812 -507.812 -187.500 578.125 -351.562 257.812 789.062 -171.875 390.625 851.562 31.250 718.750 812.500
-687.500 -375.000 -882.812 -507.812 -187.500 578.125 -351.562 257.812 789.062 -171.875 390.625 851.562 31.250 718.750 812.500
-710.938 -648.438 -953.125 -523.438 -335.938 546.875 -421.875 187.500 664.062 -203.125 335.938 804.688 -39.062 593.750 710.938
-710.938 -648.438 -953.125 -523.438 -335.938 546.875 -421.875 187.500 664.062 -203.125 335.938 804.688 -39.062 593.750 710.938
-679.688 -703.125 -968.750 -539.062 -406.250 554.688 -500.000 148.438 632.812 -289.062 273.438 765.625 -117.188 562.500 679.688
-664.062 -804.688 -1039.062 -421.875 -359.375 632.812 -476.562 31.250 625.000 -289.062 156.250 703.125 -125.000 429.688 648.438
-664.062 -804.688 -1039.062 -421.875 -359.375 632.812 -476.562 31.250 625.000 -289.062 156.250 703.125 -125.000 429.688 648.438
-656.250 -859.375 -1070.312 -390.625 -335.938 617.188 -398.438 15.625 664.062 -234.375 109.375 703.125 -46.875 359.375 648.438
-625.000 -1007.812 -1031.250 -296.875 -500.000 640.625 -164.062 -117.188 742.188 -171.875 15.625 710.938 -187.500 351.562 554.688
-625.000 -1007.812 -1031.250 -296.875 -500.000 640.625 -164.062 -117.188 742.188 -171.875 15.625 710.938 -187.500 351.562 554.688
-585.938 -1070.312 -914.062 -359.375 -664.062 625.000 -437.500 -226.562 664.062 -281.250 -242.188 640.625 -148.438 39.062 515.625
-585.938 -1070.312 -914.062 -359.375 -664.062 625.000 -437.500 -226.562 664.062 -281.250 -242.188 640.625 -148.438 39.062 515.625
-523.438 -1117.188 -859.375 -312.500 -656.250 578.125 -335.938 -359.375 593.750 -171.875 -242.188 539.062 -85.938 -23.438 453.125
-468.750 -968.750 -890.625 -195.312 -789.062 585.938 -234.375 -476.562 500.000 -140.625 -179.688 421.875 -109.375 -15.625 359.375
-468.750 -968.750 -890.625 -195.312 -789.062 585.938 -234.375 -476.562 500.000 -140.625 -179.688 421.875 -109.375 -15.625 359.375
-539.062 -765.625 -976.562 -171.875 -765.625 625.000 -226.562 -476.562 492.188 -210.938 -164.062 406.250 -226.562 15.625 343.750
-687.500 -906.250 -1101.562 -195.312 -523.438 531.250 -70.312 -390.625 554.688 -195.312 -93.750 539.062 -375.000 171.875 640.625
-687.500 -906.250 -1101.562 -195.312 -523.438 531.250 -70.312 -390.625 554.688 -195.312 -93.750 539.062 -375.000 171.875 640.625
-656.250 -765.625 -953.125 -62.500 -382.812 625.000 -140.625 -171.875 812.500 -85.938 54.688 1093.750 -312.500 242.188 1312.500
-656.250 -765.625 -953.125 -62.500 -382.812 625.000 -140.625 -171.875 812.500 -85.938 54.688 1093.750 -312.500 242.188 1312.500
-539.062 -546.875 -718.750 -257.812 -507.812 585.938 -101.562 -54.688 1085.938 -15.625 7.812 1523.438 -101.562 257.812 1687.500
-195.312 -937.500 -164.062 -453.125 -664.062 937.500 -367.188 -359.375 1375.000 -203.125 -250.000 1570.312 -101.562 -312.500 1343.750
-195.312 -937.500 -164.062 -453.125 -664.062 937.500 -367.188 -359.375 1375.000 -203.125 -250.000 1570.312 -101.562 -312.500 1343.750
156.250 -703.125 367.188 -132.812 -1132.812 1328.125 -562.500 -703.125 1320.312 -234.375 -351.562 1257.812 -171.875 -62.500 1093.750
718.750 117.188 750.000 -281.250 -1671.875 1765.625 -203.125 -1523.438 1593.750 -265.625 -679.688 1132.812 -406.250 -101.562 882.812
-390.625 -382.812 265.625 -1078.125 -789.062 562.500 -585.938 -539.062 953.125 -328.125 -429.688 1015.625 -351.562 -382.812 765.625
-609.375 171.875 -343.750 -773.438 -945.312 789.062 -796.875 -757.812 789.062 -531.250 -437.500 984.375 -328.125 -234.375 1015.625
-609.375 171.875 -343.750 -773.438 -945.312 789.062 -796.875 -757.812 789.062 -531.250 -437.500 984.375 -328.125 -234.375 1015.625
-640.625 31.250 -328.125 -460.938 -1062.500 914.062 -460.938 -679.688 929.688 -195.312 -382.812 1023.438 -187.500 -234.375 929.688
-671.875 -460.938 -429.688 -164.062 -695.312 687.500 -85.938 -445.312 953.125 203.125 -296.875 1007.812 218.750 -195.312 984.375
-671.875 -460.938 -429.688 -164.062 -695.312 687.500 -85.938 -445.312 953.125 203.125 -296.875 1007.812 218.750 -195.312 984.375
-710.938 -531.250 -546.875 23.438 -789.062 742.188 46.875 -445.312 875.000 328.125 -156.250 953.125 375.000 -39.062 1070.312
-710.938 -531.250 -546.875 23.438 -789.062 742.188 46.875 -445.312 875.000 328.125 -156.250 953.125 375.000 -39.062 1070.312
-875.000 -578.125 -710.938 320.312 -687.500 835.938 398.438 -320.312 1007.812 671.875 -156.250 968.750 429.688 46.875 882.812
-914.062 -523.438 -757.812 390.625 -507.812 859.375 468.750 -148.438 1039.062 664.062 62.500 1054.688 585.938 210.938 1093.750
-914.062 -523.438 -757.812 390.625 -507.812 859.375 468.750 -148.438 1039.062 664.062 62.500 1054.688 585.938 210.938 1093.750
-843.750 -617.188 -710.938 398.438 -421.875 867.188 453.125 -54.688 1085.938 687.500 101.562 1109.375 593.750 234.375 1140.625
-851.562 -500.000 -710.938 304.688 -453.125 875.000 390.625 -54.688 1062.500 554.688 85.938 1054.688 484.375 218.750 1101.562
-851.562 -500.000 -710.938 304.688 -453.125 875.000 390.625 -54.688 1062.500 554.688 85.938 1054.688 484.375 218.750 1101.562
-835.938 -414.062 -664.062 210.938 -500.000 859.375 304.688 -125.000 1000.000 460.938 31.250 984.375 445.312 171.875 1031.250
-835.938 -414.062 -664.062 210.938 -500.000 859.375 304.688 -125.000 1000.000 460.938 31.250 984.375 445.312 171.875 1031.250
-773.438 -265.625 -578.125 -46.875 -554.688 789.062 109.375 -242.188 937.500 328.125 -93.750 945.312 367.188 62.500 984.375
-757.812 -140.625 -531.250 -210.938 -609.375 742.188 -46.875 -335.938 906.250 156.250 -179.688 945.312 257.812 -15.625 960.938
-757.812 -140.625 -531.250 -210.938 -609.375 742.188 -46.875 -335.938 906.250 156.250 -179.688 945.312 257.812 -15.625 960.938
-742.188 -132.812 -507.812 -250.000 -648.438 718.750 -62.500 -398.438 882.812 109.375 -203.125 921.875 195.312 -46.875 937.500
-718.750 -187.500 -492.188 -281.250 -679.688 726.562 -117.188 -414.062 875.000 85.938 -234.375 921.875 179.688 -85.938 945.312
-726.562 -179.688 -500.000 -257.812 -703.125 726.562 -125.000 -437.500 875.000 78.125 -257.812 937.500 156.250 -101.562 945.312
-742.188 -187.500 -523.438 -250.000 -718.750 726.562 -117.188 -437.500 890.625 109.375 -273.438 945.312 140.625 -117.188 953.125
-742.188 -187.500 -523.438 -250.000 -718.750 726.562 -117.188 -437.500 890.625 109.375 -273.438 945.312 140.625 -117.188 953.125
-781.250 -187.500 -554.688 -218.750 -789.062 742.188 -78.125 -484.375 906.250 132.812 -320.312 945.312 164.062 -156.250 945.312
-781.250 -187.500 -562.500 -218.750 -804.688 742.188 -62.500 -500.000 914.062 156.250 -320.312 953.125 203.125 -164.062 953.125
-781.250 -187.500 -562.500 -218.750 -804.688 742.188 -62.500 -500.000 914.062 156.250 -320.312 953.125 203.125 -164.062 953.125
-804.688 -203.125 -578.125 -195.312 -796.875 750.000 -54.688 -492.188 929.688 179.688 -304.688 976.562 203.125 -148.438 976.562
-804.688 -203.125 -578.125 -195.312 -796.875 750.000 -54.688 -492.188 929.688 179.688 -304.688 976.562 203.125 -148.438 976.562
-812.500 -226.562 -578.125 -117.188 -742.188 765.625 0.000 -445.312 945.312 218.750 -257.812 976.562 242.188 -109.375 1007.812
-828.125 -218.750 -601.562 -93.750 -710.938 765.625 23.438 -406.250 945.312 242.188 -242.188 992.188 257.812 -93.750 1000.000
-828.125 -218.750 -601.562 -93.750 -710.938 765.625 23.438 -406.250 945.312 242.188 -242.188 992.188 257.812 -93.750 1000.000
-828.125 -250.000 -601.562 -85.938 -695.312 765.625 39.062 -390.625 953.125 250.000 -242.188 992.188 257.812 -78.125 1007.812
-828.125 -242.188 -601.562 -85.938 -648.438 765.625 54.688 -359.375 960.938 289.062 -210.938 1000.000 296.875 -46.875 1023.438
-828.125 -242.188 -601.562 -85.938 -648.438 765.625 54.688 -359.375 960.938 289.062 -210.938 1000.000 296.875 -46.875 1023.438
-835.938 -203.125 -593.750 -93.750 -632.812 750.000 39.062 -343.750 953.125 289.062 -195.312 992.188 312.500 -46.875 1031.250
-835.938 -203.125 -593.750 -93.750 -632.812 750.000 39.062 -343.750 953.125 289.062 -195.312 992.188 312.500 -46.875 1031.250
-820.312 -171.875 -570.312 -140.625 -625.000 734.375 0.000 -343.750 921.875 226.562 -218.750 960.938 281.250 -62.500 1000.000
-804.688 -140.625 -562.500 -179.688 -632.812 710.938 -31.250 -367.188 906.250 195.312 -234.375 945.312 273.438 -85.938 984.375
-804.688 -140.625 -562.500 -179.688 -632.812 710.938 -31.250 -367.188 906.250 195.312 -234.375 945.312 273.438 -85.938 984.375
-804.688 -93.750 -523.438 -218.750 -632.812 710.938 -70.312 -382.812 906.250 171.875 -242.188 960.938 234.375 -93.750 992.188
-796.875 -85.938 -531.250 -210.938 -625.000 703.125 -70.312 -382.812 906.250 171.875 -234.375 960.938 234.375 -85.938 1000.000
-796.875 -85.938 -531.250 -210.938 -625.000 703.125 -70.312 -382.812 906.250 171.875 -234.375 960.938 234.375 -85.938 1000.000
-828.125 -78.125 -539.062 -210.938 -625.000 695.312 -54.688 -375.000 898.438 203.125 -234.375 960.938 265.625 -85.938 992.188
-828.125 -78.125 -539.062 -210.938 -625.000 695.312 -54.688 -375.000 898.438 203.125 -234.375 960.938 265.625 -85.938 992.188
-828.125 -109.375 -546.875 -195.312 -640.625 718.750 -39.062 -375.000 906.250 210.938 -242.188 968.750 265.625 -93.750 1007.812
-828.125 -132.812 -539.062 -187.500 -656.250 710.938 -46.875 -382.812 914.062 187.500 -242.188 968.750 218.750 -93.750 992.188
-828.125 -132.812 -539.062 -187.500 -656.250 710.938 -46.875 -382.812 914.062 187.500 -242.188 968.750 218.750 -93.750 992.188
-820.312 -179.688 -531.250 -164.062 -640.625 718.750 -23.438 -367.188 898.438 187.500 -226.562 960.938 203.125 -78.125 1000.000
-812.500 -203.125 -531.250 -148.438 -640.625 726.562 -23.438 -367.188 906.250 195.312 -218.750 953.125 218.750 -70.312 992.188
-812.500 -203.125 -531.250 -148.438 -640.625 726.562 -23.438 -367.188 906.250 195.312 -218.750 953.125 218.750 -70.312 992.188
-820.312 -218.750 -531.250 -132.812 -640.625 726.562 0.000 -359.375 914.062 210.938 -203.125 968.750 218.750 -54.688 1000.000
-820.312 -218.750 -531.250 -132.812 -640.625 726.562 0.000 -359.375 914.062 210.938 -203.125 968.750 218.750 -54.688 1000.000
-828.125 -218.750 -546.875 -117.188 -632.812 742.188 7.812 -351.562 929.688 226.562 -210.938 960.938 242.188 -54.688 992.188
-835.938 -210.938 -554.688 -125.000 -640.625 734.375 15.625 -359.375 929.688 226.562 -203.125 968.750 250.000 -46.875 992.188
-835.938 -210.938 -554.688 -125.000 -640.625 734.375 15.625 -359.375 929.688 226.562 -203.125 968.750 250.000 -46.875 992.188
-828.125 -171.875 -554.688 -148.438 -632.812 726.562 -7.812 -359.375 914.062 226.562 -203.125 968.750 250.000 -54.688 1000.000
-835.938 -179.688 -546.875 -164.062 -632.812 726.562 -7.812 -351.562 921.875 210.938 -203.125 984.375 226.562 -54.688 1007.812
-835.938 -179.688 -546.875 -164.062 -632.812 726.562 -7.812 -351.562 921.875 210.938 -203.125 984.375 226.562 -54.688 1007.812
-828.125 -179.688 -539.062 -156.250 -625.000 726.562 -23.438 -359.375 921.875 203.125 -203.125 984.375 250.000 -54.688 1007.812
-828.125 -179.688 -539.062 -156.250 -625.000 726.562 -23.438 -359.375 921.875 203.125 -203.125 984.375 250.000 -54.688 1007.812
-820.312 -195.312 -539.062 -164.062 -632.812 718.750 -23.438 -351.562 906.250 218.750 -195.312 976.562 265.625 -39.062 1007.812
-820.312 -148.438 -539.062 -156.250 -617.188 726.562 -15.625 -351.562 914.062 218.750 -195.312 976.562 257.812 -39.062 1007.812
-820.312 -148.438 -539.062 -156.250 -617.188 726.562 -15.625 -351.562 914.062 218.750 -195.312 976.562 257.812 -39.062 1007.812
-828.125 -140.625 -546.875 -164.062 -617.188 726.562 -7.812 -351.562 921.875 195.312 -187.500 992.188 296.875 -39.062 1015.625
-828.125 -164.062 -554.688 -164.062 -609.375 726.562 -15.625 -335.938 929.688 242.188 -179.688 1000.000 281.250 -31.250 1015.625
-828.125 -164.062 -554.688 -164.062 -609.375 726.562 -15.625 -335.938 929.688 242.188 -179.688 1000.000 281.250 -31.250 1015.625
-843.750 -125.000 -562.500 -148.438 -601.562 726.562 -7.812 -328.125 937.500 226.562 -171.875 992.188 289.062 -15.625 1007.812
-843.750 -125.000 -562.500 -148.438 -601.562 726.562 -7.812 -328.125 937.500 226.562 -171.875 992.188 289.062 -15.625 1007.812
-835.938 -117.188 -562.500 -187.500 -625.000 726.562 -31.250 -343.750 945.312 250.000 -187.500 1007.812 265.625 -46.875 1023.438
-851.562 -85.938 -562.500 -203.125 -648.438 718.750 -23.438 -359.375 945.312 210.938 -203.125 1015.625 164.062 -54.688 1007.812
-851.562 -85.938 -562.500 -203.125 -648.438 718.750 -23.438 -359.375 945.312 210.938 -203.125 1015.625 164.062 -54.688 1007.812
-781.250 -148.438 -507.812 -234.375 -640.625 726.562 -109.375 -382.812 937.500 132.812 -218.750 1007.812 171.875 -85.938 1015.625
-757.812 -203.125 -484.375 -257.812 -648.438 710.938 -109.375 -375.000 914.062 125.000 -179.688 1023.438 203.125 -39.062 1054.688
-781.250 -156.250 -523.438 -234.375 -656.250 710.938 -78.125 -375.000 937.500 171.875 -164.062 1015.625 125.000 54.688 1054.688
-804.688 -23.438 -531.250 -250.000 -671.875 734.375 -62.500 -375.000 984.375 179.688 -242.188 1101.562 187.500 -109.375 1085.938
-804.688 -23.438 -531.250 -250.000 -671.875 734.375 -62.500 -375.000 984.375 179.688 -242.188 1101.562 187.500 -109.375 1085.938
-726.562 -85.938 -500.000 -390.625 -789.062 703.125 -70.312 -500.000 984.375 273.438 -343.750 1179.688 148.438 -101.562 1125.000
-468.750 15.625 -390.625 -359.375 -960.938 789.062 -507.812 -562.500 1093.750 78.125 -320.312 1226.562 156.250 -234.375 1187.500
-468.750 15.625 -390.625 -359.375 -960.938 789.062 -507.812 -562.500 1093.750 78.125 -320.312 1226.562 156.250 -234.375 1187.500
-1132.812 -648.438 -648.438 132.812 -1226.562 1000.000 -226.562 -585.938 1007.812 15.625 -250.000 1171.875 312.500 70.312 1375.000
-539.062 187.500 -312.500 -210.938 -718.750 906.250 -164.062 -609.375 1031.250 -31.250 -304.688 1148.438 164.062 -250.000 1117.188
-539.062 187.500 -312.500 -210.938 -718.750 906.250 -164.062 -609.375 1031.250 -31.250 -304.688 1148.438 164.062 -250.000 1117.188
-531.250 117.188 -218.750 -250.000 -906.250 703.125 -101.562 -531.250 1031.250 125.000 -226.562 1195.312 187.500 -164.062 1164.062
-531.250 117.188 -218.750 -250.000 -906.250 703.125 -101.562 -531.250 1031.250 125.000 -226.562 1195.312 187.500 -164.062 1164.062
-718.750 46.875 -882.812 -1367.188 -460.938 281.250 -242.188 -351.562 664.062 0.000 -148.438 1039.062 265.625 -7.812 1359.375
-507.812 -312.500 -398.438 218.750 -609.375 914.062 62.500 -171.875 1023.438 125.000 15.625 1109.375 85.938 -93.750 1101.562
-507.812 -312.500 -398.438 218.750 -609.375 914.062 62.500 -171.875 1023.438 125.000 15.625 1109.375 85.938 -93.750 1101.562
-1000.000 -734.375 -843.750 -7.812 -593.750 765.625 46.875 -328.125 1000.000 164.062 -242.188 1078.125 23.438 101.562 1093.750
-1000.000 -734.375 -843.750 -7.812 -593.750 765.625 46.875 -328.125 1000.000 164.062 -242.188 1078.125 23.438 101.562 1093.750
-625.000 -210.938 -539.062 -421.875 140.625 414.062 -62.500 -132.812 1000.000 46.875 -296.875 1109.375 23.438 -148.438 1085.938
-789.062 -429.688 -750.000 -210.938 -187.500 507.812 -187.500 -257.812 875.000 23.438 -148.438 1054.688 93.750 -171.875 1070.312
-789.062 -429.688 -750.000 -210.938 -187.500 507.812 -187.500 -257.812 875.000 23.438 -148.438 1054.688 93.750 -171.875 1070.312
-781.250 -109.375 -718.750 -546.875 -500.000 367.188 -351.562 -273.438 500.000 -109.375 -54.688 726.562 -15.625 46.875 945.312
-757.812 -62.500 -765.625 -445.312 -632.812 367.188 -609.375 -382.812 335.938 -281.250 -23.438 531.250 -117.188 54.688 828.125
-757.812 -62.500 -765.625 -445.312 -632.812 367.188 -609.375 -382.812 335.938 -281.250 -23.438 531.250 -117.188 54.688 828.125
-710.938 -281.250 -804.688 -531.250 -742.188 257.812 -882.812 -164.062 226.562 -281.250 171.875 585.938 -265.625 -187.500 640.625
-710.938 -281.250 -804.688 -531.250 -742.188 257.812 -882.812 -164.062 226.562 -281.250 171.875 585.938 -265.625 -187.500 640.625
-851.562 -453.125 -1046.875 -695.312 -515.625 304.688 -687.500 -359.375 375.000 -898.438 -179.688 320.312 -453.125 85.938 703.125
-867.188 -398.438 -1085.938 -664.062 -500.000 375.000 -648.438 -515.625 382.812 -1007.812 -242.188 148.438 -23.438 -62.500 992.188
-867.188 -398.438 -1085.938 -664.062 -500.000 375.000 -648.438 -515.625 382.812 -1007.812 -242.188 148.438 -23.438 -62.500 992.188
-851.562 -328.125 -1078.125 -492.188 -632.812 476.562 -515.625 -429.688 437.500 -750.000 -210.938 351.562 -640.625 -140.625 406.250
-851.562 -328.125 -1078.125 -492.188 -632.812 476.562 -515.625 -429.688 437.500 -750.000 -210.938 351.562 -640.625 -140.625 406.250
-781.250 -328.125 -953.125 -445.312 -648.438 460.938 -593.750 -359.375 468.750 -695.312 -210.938 531.250 -773.438 -109.375 375.000
-515.625 -476.562 -593.750 -382.812 -726.562 507.812 -437.500 -437.500 554.688 -539.062 -328.125 593.750 -742.188 -85.938 382.812
-515.625 -476.562 -593.750 -382.812 -726.562 507.812 -437.500 -437.500 554.688 -539.062 -328.125 593.750 -742.188 -85.938 382.812
-585.938 -601.562 -609.375 -398.438 -781.250 570.312 -453.125 -476.562 601.562 -570.312 -273.438 632.812 -687.500 -93.750 546.875
-593.750 -492.188 -648.438 -335.938 -726.562 609.375 -476.562 -507.812 640.625 -625.000 -289.062 656.250 -648.438 -62.500 632.812
-593.750 -492.188 -648.438 -335.938 -726.562 609.375 -476.562 -507.812 640.625 -625.000 -289.062 656.250 -648.438 -62.500 632.812
-601.562 -359.375 -648.438 -335.938 -687.500 617.188 -500.000 -460.938 664.062 -601.562 -234.375 695.312 -625.000 -46.875 710.938
-601.562 -375.000 -617.188 -390.625 -601.562 609.375 -500.000 -460.938 695.312 -585.938 -226.562 742.188 -632.812 -70.312 726.562
-601.562 -375.000 -617.188 -390.625 -601.562 609.375 -500.000 -460.938 695.312 -585.938 -226.562 742.188 -632.812 -70.312 726.562
-632.812 -148.438 -648.438 -484.375 -531.250 546.875 -531.250 -460.938 703.125 -593.750 -257.812 781.250 -609.375 -62.500 781.250
-632.812 -148.438 -648.438 -484.375 -531.250 546.875 -531.250 -460.938 703.125 -593.750 -257.812 781.250 -609.375 -62.500 781.250
-687.500 -101.562 -664.062 -617.188 -593.750 484.375 -609.375 -453.125 648.438 -656.250 -281.250 765.625 -593.750 -78.125 828.125
-679.688 -101.562 -640.625 -671.875 -585.938 437.500 -671.875 -484.375 578.125 -671.875 -289.062 734.375 -578.125 -85.938 867.188
-679.688 -101.562 -640.625 -671.875 -585.938 437.500 -671.875 -484.375 578.125 -671.875 -289.062 734.375 -578.125 -85.938 867.188
-671.875 -125.000 -617.188 -726.562 -593.750 390.625 -710.938 -507.812 515.625 -703.125 -304.688 671.875 -601.562 -109.375 835.938
-671.875 -125.000 -617.188 -726.562 -593.750 390.625 -710.938 -507.812 515.625 -703.125 -304.688 671.875 -601.562 -109.375 835.938
-664.062 -117.188 -625.000 -726.562 -640.625 382.812 -718.750 -531.250 492.188 -726.562 -335.938 617.188 -632.812 -117.188 765.625
-664.062 -148.438 -648.438 -718.750 -703.125 390.625 -726.562 -578.125 476.562 -757.812 -390.625 585.938 -671.875 -195.312 687.500
-664.062 -148.438 -648.438 -718.750 -703.125 390.625 -726.562 -578.125 476.562 -757.812 -390.625 585.938 -671.875 -195.312 687.500
-640.625 -242.188 -648.438 -695.312 -750.000 382.812 -687.500 -593.750 515.625 -710.938 -437.500 625.000 -664.062 -187.500 710.938
-640.625 -218.750 -687.500 -656.250 -789.062 406.250 -679.688 -578.125 531.250 -710.938 -429.688 648.438 -679.688 -195.312 726.562
-640.625 -218.750 -687.500 -656.250 -789.062 406.250 -679.688 -578.125 531.250 -710.938 -429.688 648.438 -679.688 -195.312 726.562
-656.250 -210.938 -726.562 -593.750 -773.438 453.125 -640.625 -625.000 562.500 -695.312 -445.312 664.062 -640.625 -210.938 742.188
-656.250 -210.938 -726.562 -593.750 -773.438 453.125 -640.625 -625.000 562.500 -695.312 -445.312 664.062 -640.625 -210.938 742.188
-679.688 -226.562 -734.375 -578.125 -781.250 460.938 -609.375 -617.188 578.125 -671.875 -445.312 671.875 -664.062 -171.875 734.375
-664.062 -281.250 -734.375 -500.000 -750.000 484.375 -562.500 -578.125 617.188 -632.812 -390.625 710.938 -640.625 -164.062 781.250
-664.062 -281.250 -734.375 -500.000 -750.000 484.375 -562.500 -578.125 617.188 -632.812 -390.625 710.938 -640.625 -164.062 781.250
-671.875 -281.250 -742.188 -460.938 -734.375 500.000 -539.062 -546.875 625.000 -609.375 -351.562 742.188 -617.188 -117.188 843.750
-679.688 -273.438 -750.000 -460.938 -718.750 484.375 -523.438 -554.688 632.812 -601.562 -343.750 750.000 -601.562 -109.375 843.750
-679.688 -273.438 -750.000 -460.938 -718.750 484.375 -523.438 -554.688 632.812 -601.562 -343.750 750.000 -601.562 -109.375 843.750
-703.125 -179.688 -765.625 -484.375 -687.500 484.375 -531.250 -523.438 640.625 -609.375 -335.938 757.812 -593.750 -101.562 835.938
-703.125 -179.688 -765.625 -484.375 -687.500 484.375 -531.250 -523.438 640.625 -609.375 -335.938 757.812 -593.750 -101.562 835.938
-703.125 -171.875 -734.375 -500.000 -664.062 476.562 -546.875 -531.250 632.812 -617.188 -320.312 757.812 -578.125 -85.938 890.625
-703.125 -109.375 -726.562 -539.062 -625.000 445.312 -570.312 -484.375 609.375 -625.000 -273.438 765.625 -578.125 -54.688 914.062
-703.125 -109.375 -726.562 -539.062 -625.000 445.312 -570.312 -484.375 609.375 -625.000 -273.438 765.625 -578.125 -54.688 914.062
-687.500 -46.875 -718.750 -554.688 -585.938 429.688 -578.125 -468.750 601.562 -632.812 -273.438 750.000 -593.750 -46.875 867.188
-687.500 -46.875 -718.750 -554.688 -585.938 429.688 -578.125 -468.750 601.562 -632.812 -273.438 750.000 -593.750 -46.875 867.188
-695.312 -70.312 -726.562 -570.312 -601.562 421.875 -593.750 -468.750 593.750 -640.625 -281.250 726.562 -601.562 -54.688 859.375
-695.312 -85.938 -718.750 -593.750 -609.375 429.688 -601.562 -484.375 578.125 -640.625 -304.688 710.938 -625.000 -70.312 820.312
-695.312 -85.938 -718.750 -593.750 -609.375 429.688 -601.562 -484.375 578.125 -640.625 -304.688 710.938 -625.000 -70.312 820.312
-687.500 -85.938 -734.375 -578.125 -625.000 429.688 -609.375 -492.188 585.938 -656.250 -312.500 710.938 -648.438 -70.312 804.688
-695.312 -148.438 -710.938 -593.750 -679.688 437.500 -617.188 -523.438 578.125 -671.875 -335.938 703.125 -632.812 -109.375 804.688
-695.312 -148.438 -710.938 -593.750 -679.688 437.500 -617.188 -523.438 578.125 -671.875 -335.938 703.125 -632.812 -109.375 804.688
-687.500 -187.500 -703.125 -609.375 -726.562 421.875 -609.375 -554.688 570.312 -656.250 -375.000 695.312 -632.812 -125.000 789.062
-687.500 -187.500 -703.125 -609.375 -726.562 421.875 -609.375 -554.688 570.312 -656.250 -375.000 695.312 -632.812 -125.000 789.062
-687.500 -171.875 -718.750 -585.938 -718.750 429.688 -601.562 -570.312 570.312 -656.250 -382.812 687.500 -625.000 -132.812 781.250
-687.500 -171.875 -718.750 -570.312 -703.125 437.500 -593.750 -554.688 578.125 -656.250 -367.188 687.500 -640.625 -125.000 750.000
-687.500 -171.875 -718.750 -570.312 -703.125 437.500 -593.750 -554.688 578.125 -656.250 -367.188 687.500 -640.625 -125.000 750.000
-695.312 -179.688 -718.750 -578.125 -710.938 437.500 -593.750 -562.500 578.125 -656.250 -351.562 687.500 -640.625 -117.188 773.438
-671.875 -195.312 -687.500 -562.500 -687.500 421.875 -593.750 -601.562 507.812 -648.438 -335.938 648.438 -617.188 -117.188 742.188
-671.875 -195.312 -687.500 -562.500 -687.500 421.875 -593.750 -601.562 507.812 -648.438 -335.938 648.438 -617.188 -117.188 742.188
-687.500 -171.875 -695.312 -578.125 -648.438 445.312 -601.562 -554.688 546.875 -671.875 -343.750 648.438 -640.625 -109.375 734.375
-687.500 -171.875 -695.312 -578.125 -648.438 445.312 -601.562 -554.688 546.875 -671.875 -343.750 648.438 -640.625 -109.375 734.375
-679.688 -171.875 -695.312 -562.500 -648.438 445.312 -601.562 -546.875 546.875 -671.875 -320.312 664.062 -648.438 -93.750 757.812
-703.125 -164.062 -695.312 -562.500 -648.438 437.500 -585.938 -500.000 554.688 -664.062 -289.062 679.688 -648.438 -78.125 765.625
-703.125 -164.062 -695.312 -562.500 -648.438 437.500 -585.938 -500.000 554.688 -664.062 -289.062 679.688 -648.438 -78.125 765.625
-695.312 -164.062 -687.500 -562.500 -617.188 437.500 -601.562 -507.812 562.500 -656.250 -289.062 679.688 -632.812 -70.312 789.062
-710.938 -164.062 -710.938 -539.062 -640.625 437.500 -562.500 -500.000 570.312 -625.000 -312.500 695.312 -609.375 -62.500 773.438
-710.938 -164.062 -710.938 -539.062 -640.625 437.500 -562.500 -500.000 570.312 -625.000 -312.500 695.312 -609.375 -62.500 773.438
-718.750 -109.375 -726.562 -554.688 -671.875 445.312 -578.125 -515.625 562.500 -648.438 -312.500 687.500 -640.625 -93.750 757.812
-718.750 -109.375 -726.562 -554.688 -671.875 445.312 -578.125 -515.625 562.500 -648.438 -312.500 687.500 -640.625 -93.750 757.812
-710.938 -164.062 -710.938 -562.500 -671.875 445.312 -593.750 -539.062 578.125 -656.250 -335.938 687.500 -632.812 -93.750 765.625
-710.938 -148.438 -726.562 -570.312 -687.500 445.312 -578.125 -546.875 601.562 -625.000 -335.938 710.938 -625.000 -101.562 781.250
-710.938 -148.438 -726.562 -570.312 -687.500 445.312 -578.125 -546.875 601.562 -625.000 -335.938 710.938 -625.000 -101.562 781.250
-750.000 -85.938 -781.250 -546.875 -781.250 437.500 -554.688 -585.938 585.938 -617.188 -335.938 718.750 -593.750 -109.375 796.875
-757.812 -195.312 -726.562 -609.375 -804.688 468.750 -609.375 -648.438 578.125 -671.875 -406.250 726.562 -609.375 -164.062 789.062
-757.812 -195.312 -726.562 -609.375 -804.688 468.750 -609.375 -648.438 578.125 -671.875 -406.250 726.562 -609.375 -164.062 789.062
-625.000 -328.125 -617.188 -726.562 -687.500 406.250 -648.438 -648.438 515.625 -648.438 -382.812 710.938 -687.500 -156.250 710.938
-625.000 -328.125 -617.188 -726.562 -687.500 406.250 -648.438 -648.438 515.625 -648.438 -382.812 710.938 -687.500 -156.250 710.938
-453.125 -460.938 -476.562 -695.312 -648.438 484.375 -648.438 -476.562 664.062 -453.125 -507.812 906.250 -1304.688 -93.750 85.938
-515.625 -343.750 -320.312 -1148.438 -531.250 304.688 -820.312 -406.250 648.438 -953.125 -718.750 570.312 -656.250 -70.312 601.562
-515.625 -343.750 -320.312 -1148.438 -531.250 304.688 -820.312 -406.250 648.438 -953.125 -718.750 570.312 -656.250 -70.312 601.562
-359.375 -109.375 -351.562 -859.375 -843.750 375.000 -812.500 -382.812 406.250 -1171.875 -546.875 101.562 -593.750 -109.375 726.562
-1125.000 148.438 -781.250 -554.688 -1093.750 562.500 -1117.188 -742.188 132.812 -1585.938 -7.812 62.500 -648.438 -132.812 710.938
-1265.625 312.500 -937.500 -804.688 -882.812 765.625 -1312.500 -1000.000 304.688 -1007.812 -203.125 156.250 -890.625 -195.312 640.625
-617.188 -109.375 -445.312 -929.688 -382.812 31.250 -796.875 -492.188 304.688 -1000.000 -179.688 562.500 -476.562 -453.125 640.625
-617.188 -109.375 -445.312 -929.688 -382.812 31.250 -796.875 -492.188 304.688 -1000.000 -179.688 562.500 -476.562 -453.125 640.625
-726.562 -226.562 -507.812 -921.875 -515.625 -70.312 -976.562 -359.375 179.688 -789.062 -226.562 734.375 -398.438 -375.000 671.875
-726.562 -304.688 -578.125 -867.188 -554.688 93.750 -812.500 -390.625 312.500 -656.250 -421.875 679.688 -320.312 -242.188 703.125
-765.625 -335.938 -703.125 -687.500 -601.562 250.000 -718.750 -500.000 390.625 -507.812 -289.062 632.812 -406.250 -78.125 671.875
-882.812 -312.500 -906.250 -570.312 -679.688 257.812 -671.875 -437.500 382.812 -546.875 70.312 679.688 -703.125 -117.188 609.375
-882.812 -312.500 -906.250 -570.312 -679.688 257.812 -671.875 -437.500 382.812 -546.875 70.312 679.688 -703.125 -117.188 609.375
-929.688 -375.000 -1085.938 -632.812 -656.250 203.125 -671.875 -234.375 242.188 -609.375 132.812 593.750 -351.562 257.812 781.250
-945.312 -500.000 -1078.125 -351.562 -703.125 468.750 -656.250 -328.125 335.938 -593.750 195.312 484.375 -453.125 210.938 984.375
-945.312 -500.000 -1078.125 -351.562 -703.125 468.750 -656.250 -328.125 335.938 -593.750 195.312 484.375 -453.125 210.938 984.375
-992.188 -460.938 -1117.188 -375.000 -640.625 500.000 -671.875 -390.625 382.812 -679.688 273.438 554.688 -257.812 406.250 1062.500
-992.188 -460.938 -1117.188 -375.000 -640.625 500.000 -671.875 -390.625 382.812 -679.688 273.438 554.688 -257.812 406.250 1062.500
-757.812 -523.438 -781.250 -468.750 -539.062 507.812 -671.875 -351.562 484.375 -601.562 390.625 734.375 -62.500 335.938 1289.062
-656.250 -460.938 -554.688 -476.562 -507.812 492.188 -695.312 -296.875 523.438 -570.312 414.062 812.500 -15.625 250.000 1304.688
-523.438 -210.938 -281.250 -640.625 -281.250 445.312 -687.500 -328.125 546.875 -453.125 460.938 890.625 7.812 234.375 1242.188
-523.438 -210.938 -281.250 -640.625 -281.250 445.312 -687.500 -328.125 546.875 -453.125 460.938 890.625 7.812 234.375 1242.188
-625.000 -109.375 -242.188 -726.562 -210.938 398.438 -742.188 -289.062 531.250 -476.562 414.062 867.188 -7.812 203.125 1148.438
-625.000 -109.375 -242.188 -726.562 -210.938 398.438 -742.188 -289.062 531.250 -476.562 414.062 867.188 -7.812 203.125 1148.438
-687.500 -70.312 -250.000 -757.812 -210.938 382.812 -765.625 -242.188 515.625 -562.500 398.438 828.125 15.625 109.375 1132.812
-687.500 -70.312 -250.000 -757.812 -210.938 382.812 -765.625 -242.188 515.625 -562.500 398.438 828.125 15.625 109.375 1132.812
-710.938 -23.438 -242.188 -796.875 -257.812 367.188 -828.125 -289.062 429.688 -671.875 375.000 734.375 23.438 70.312 1109.375
-695.312 0.000 -203.125 -812.500 -296.875 367.188 -867.188 -312.500 375.000 -679.688 359.375 695.312 -7.812 70.312 1093.750
-695.312 0.000 -203.125 -812.500 -296.875 367.188 -867.188 -312.500 375.000 -679.688 359.375 695.312 -7.812 70.312 1093.750
-695.312 -62.500 -187.500 -882.812 -351.562 296.875 -898.438 -359.375 304.688 -710.938 281.250 687.500 -54.688 46.875 1039.062
-734.375 -164.062 -234.375 -898.438 -398.438 304.688 -875.000 -398.438 328.125 -679.688 226.562 734.375 -101.562 15.625 1039.062
-734.375 -164.062 -234.375 -898.438 -398.438 304.688 -875.000 -398.438 328.125 -679.688 226.562 734.375 -101.562 15.625 1039.062
-781.250 -210.938 -273.438 -890.625 -398.438 304.688 -859.375 -398.438 367.188 -632.812 187.500 765.625 -296.875 78.125 992.188
-781.250 -210.938 -273.438 -890.625 -398.438 304.688 -859.375 -398.438 367.188 -632.812 187.500 765.625 -296.875 78.125 992.188
-843.750 -187.500 -406.250 -898.438 -421.875 359.375 -820.312 -382.812 421.875 -648.438 148.438 726.562 -617.188 210.938 898.438
-882.812 -171.875 -453.125 -859.375 -437.500 390.625 -851.562 -429.688 414.062 -734.375 140.625 679.688 -546.875 179.688 914.062
-882.812 -171.875 -453.125 -859.375 -437.500 390.625 -851.562 -429.688 414.062 -734.375 140.625 679.688 -546.875 179.688 914.062
-890.625 -242.188 -445.312 -843.750 -398.438 406.250 -843.750 -453.125 351.562 -781.250 187.500 632.812 -242.188 39.062 960.938
-843.750 -226.562 -398.438 -804.688 -414.062 351.562 -843.750 -414.062 289.062 -671.875 273.438 648.438 -257.812 39.062 953.125
-843.750 -226.562 -398.438 -804.688 -414.062 351.562 -843.750 -414.062 289.062 -671.875 273.438 648.438 -257.812 39.062 953.125
-851.562 -140.625 -437.500 -742.188 -445.312 343.750 -835.938 -382.812 273.438 -632.812 304.688 656.250 -250.000 148.438 960.938
-921.875 -85.938 -507.812 -789.062 -375.000 296.875 -820.312 -296.875 289.062 -570.312 343.750 687.500 -179.688 242.188 1015.625
-921.875 -85.938 -507.812 -789.062 -375.000 296.875 -820.312 -296.875 289.062 -570.312 343.750 687.500 -179.688 242.188 1015.625
-929.688 -101.562 -531.250 -789.062 -343.750 304.688 -835.938 -289.062 273.438 -585.938 375.000 695.312 -101.562 195.312 1046.875
-906.250 -125.000 -507.812 -757.812 -320.312 312.500 -828.125 -273.438 273.438 -593.750 367.188 710.938 -62.500 148.438 1070.312
-882.812 -148.438 -484.375 -734.375 -343.750 328.125 -812.500 -273.438 289.062 -546.875 320.312 734.375 -62.500 171.875 1046.875
-898.438 -226.562 -476.562 -656.250 -390.625 429.688 -750.000 -406.250 398.438 -539.062 171.875 687.500 -156.250 257.812 937.500
-898.438 -226.562 -476.562 -656.250 -390.625 429.688 -750.000 -406.250 398.438 -539.062 171.875 687.500 -156.250 257.812 937.500
-921.875 -257.812 -484.375 -632.812 -453.125 492.188 -726.562 -460.938 406.250 -593.750 242.188 656.250 -140.625 -46.875 835.938
-921.875 -257.812 -484.375 -632.812 -453.125 492.188 -726.562 -460.938 406.250 -593.750 242.188 656.250 -140.625 -46.875 835.938
-906.250 -257.812 -492.188 -617.188 -500.000 523.438 -750.000 -468.750 351.562 -539.062 171.875 617.188 -93.750 -15.625 812.500
-921.875 -257.812 -492.188 -640.625 -492.188 492.188 -757.812 -445.312 343.750 -460.938 156.250 625.000 -54.688 46.875 851.562
-921.875 -257.812 -492.188 -640.625 -492.188 492.188 -757.812 -445.312 343.750 -460.938 156.250 625.000 -54.688 46.875 851.562
-929.688 -335.938 -507.812 -710.938 -429.688 468.750 -757.812 -492.188 320.312 -664.062 320.312 625.000 54.688 7.812 945.312
-914.062 -406.250 -492.188 -703.125 -421.875 421.875 -789.062 -398.438 351.562 -539.062 343.750 664.062 0.000 78.125 1015.625
-914.062 -406.250 -492.188 -703.125 -421.875 421.875 -789.062 -398.438 351.562 -539.062 343.750 664.062 0.000 78.125 1015.625
-921.875 -429.688 -492.188 -695.312 -382.812 414.062 -773.438 -335.938 367.188 -453.125 335.938 664.062 39.062 31.250 1023.438
-921.875 -429.688 -492.188 -695.312 -382.812 414.062 -773.438 -335.938 367.188 -453.125 335.938 664.062 39.062 31.250 1023.438
-937.500 -492.188 -515.625 -632.812 -351.562 453.125 -765.625 -320.312 328.125 -500.000 328.125 539.062 62.500 164.062 1046.875
-960.938 -625.000 -640.625 -625.000 -312.500 437.500 -750.000 -281.250 289.062 -562.500 359.375 437.500 23.438 250.000 1054.688
-960.938 -625.000 -640.625 -625.000 -312.500 437.500 -750.000 -281.250 289.062 -562.500 359.375 437.500 23.438 250.000 1054.688
-1234.375 -734.375 -992.188 -640.625 -250.000 312.500 -765.625 -93.750 148.438 -593.750 414.062 390.625 -93.750 250.000 1039.062
-1125.000 -664.062 -984.375 -507.812 -109.375 359.375 -671.875 93.750 218.750 -757.812 648.438 617.188 -304.688 375.000 976.562
-1125.000 -664.062 -984.375 -507.812 -109.375 359.375 -671.875 93.750 218.750 -757.812 648.438 617.188 -304.688 375.000 976.562
-1093.750 -734.375 -937.500 -453.125 -39.062 359.375 -570.312 85.938 257.812 -531.250 632.812 578.125 -351.562 507.812 960.938
-1093.750 -734.375 -937.500 -453.125 -39.062 359.375 -570.312 85.938 257.812 -531.250 632.812 578.125 -351.562 507.812 960.938
-976.562 -320.312 -835.938 -421.875 -156.250 296.875 -476.562 85.938 203.125 -500.000 992.188 507.812 -187.500 320.312 984.375
-1015.625 -351.562 -710.938 -382.812 -210.938 328.125 -421.875 54.688 218.750 -281.250 1179.688 593.750 -132.812 429.688 1070.312
-1015.625 -351.562 -710.938 -382.812 -210.938 328.125 -421.875 54.688 218.750 -281.250 1179.688 593.750 -132.812 429.688 1070.312
-179.688 -609.375 390.625 -578.125 -226.562 210.938 -429.688 31.250 351.562 609.375 234.375 1179.688 312.500 -70.312 1234.375
250.000 234.375 828.125 -953.125 78.125 312.500 -804.688 257.812 1140.625 -39.062 -632.812 1765.625 351.562 335.938 1281.250
250.000 234.375 828.125 -953.125 78.125 312.500 -804.688 257.812 1140.625 -39.062 -632.812 1765.625 351.562 335.938 1281.250
-117.188 695.312 570.312 -765.625 445.312 507.812 -195.312 31.250 2078.125 156.250 -328.125 1656.250 289.062 226.562 1156.250
-117.188 695.312 570.312 -765.625 445.312 507.812 -195.312 31.250 2078.125 156.250 -328.125 1656.250 289.062 226.562 1156.250
-1179.688 539.062 -203.125 -781.250 -945.312 593.750 -601.562 -640.625 703.125 23.438 70.312 1062.500 617.188 0.000 1140.625
-992.188 367.188 -54.688 -515.625 -1203.125 820.312 -546.875 -484.375 609.375 -117.188 -117.188 890.625 265.625 -62.500 1000.000
-992.188 367.188 -54.688 -515.625 -1203.125 820.312 -546.875 -484.375 609.375 -117.188 -117.188 890.625 265.625 -62.500 1000.000
-796.875 93.750 -7.812 -398.438 -1039.062 867.188 -718.750 -953.125 671.875 -500.000 -226.562 953.125 -117.188 -531.250 718.750
-984.375 210.938 -132.812 -562.500 -976.562 835.938 -656.250 -929.688 718.750 -367.188 -343.750 984.375 -203.125 -273.438 960.938
-984.375 210.938 -132.812 -562.500 -976.562 835.938 -656.250 -929.688 718.750 -367.188 -343.750 984.375 -203.125 -273.438 960.938
-929.688 226.562 -54.688 -437.500 -1070.312 859.375 -648.438 -976.562 734.375 -375.000 -242.188 1015.625 -109.375 -312.500 992.188
-929.688 226.562 -54.688 -437.500 -1070.312 859.375 -648.438 -976.562 734.375 -375.000 -242.188 1015.625 -109.375 -312.500 992.188
-1093.750 218.750 -93.750 -648.438 -1117.188 750.000 -648.438 -781.250 570.312 -320.312 -281.250 1023.438 -31.250 -328.125 968.750
-1078.125 273.438 -101.562 -789.062 -710.938 578.125 -750.000 -773.438 562.500 -312.500 -281.250 1078.125 31.250 -328.125 1007.812
-1078.125 273.438 -101.562 -789.062 -710.938 578.125 -750.000 -773.438 562.500 -312.500 -281.250 1078.125 31.250 -328.125 1007.812
-1007.812 289.062 -70.312 -890.625 -484.375 429.688 -828.125 -601.562 554.688 -343.750 -187.500 1132.812 31.250 -281.250 1117.188
-1007.812 289.062 -70.312 -890.625 -484.375 429.688 -828.125 -601.562 554.688 -343.750 -187.500 1132.812 31.250 -281.250 1117.188
-929.688 328.125 -23.438 -781.250 -484.375 460.938 -789.062 -554.688 460.938 -398.438 -62.500 1015.625 31.250 -210.938 1117.188
-929.688 312.500 -7.812 -773.438 -531.250 507.812 -789.062 -585.938 437.500 -390.625 -78.125 984.375 31.250 -210.938 1062.500
-929.688 312.500 -7.812 -773.438 -531.250 507.812 -789.062 -585.938 437.500 -390.625 -78.125 984.375 31.250 -210.938 1062.500
-945.312 328.125 -15.625 -781.250 -539.062 484.375 -757.812 -585.938 468.750 -382.812 -93.750 984.375 31.250 -210.938 1062.500
-960.938 320.312 -15.625 -781.250 -531.250 476.562 -750.000 -593.750 468.750 -359.375 -85.938 992.188 -23.438 -203.125 1078.125
-960.938 320.312 -15.625 -781.250 -531.250 476.562 -750.000 -593.750 468.750 -359.375 -85.938 992.188 -23.438 -203.125 1078.125
-992.188 203.125 -93.750 -718.750 -601.562 468.750 -726.562 -601.562 468.750 -351.562 -156.250 1007.812 -23.438 -250.000 1078.125
-992.188 203.125 -93.750 -718.750 -601.562 468.750 -726.562 -601.562 468.750 -351.562 -156.250 1007.812 -23.438 -250.000 1078.125
-1031.250 281.250 -117.188 -734.375 -640.625 476.562 -687.500 -648.438 468.750 -289.062 -218.750 1031.250 15.625 -281.250 1039.062
-1023.438 242.188 -132.812 -703.125 -687.500 484.375 -664.062 -687.500 468.750 -281.250 -210.938 1000.000 46.875 -281.250 1023.438
-1023.438 242.188 -132.812 -703.125 -687.500 484.375 -664.062 -687.500 468.750 -281.250 -210.938 1000.000 46.875 -281.250 1023.438
-1023.438 140.625 -132.812 -554.688 -718.750 500.000 -531.250 -726.562 468.750 -210.938 -210.938 960.938 -39.062 -218.750 1023.438
-1023.438 140.625 -132.812 -554.688 -718.750 500.000 -531.250 -726.562 468.750 -210.938 -210.938 960.938 -39.062 -218.750 1023.438
-1015.625 54.688 -148.438 -500.000 -742.188 546.875 -500.000 -757.812 492.188 -226.562 -210.938 968.750 -54.688 -281.250 1023.438
-1015.625 -15.625 -164.062 -437.500 -765.625 570.312 -468.750 -750.000 539.062 -226.562 -218.750 984.375 -117.188 -265.625 1031.250
-1015.625 -15.625 -164.062 -437.500 -765.625 570.312 -468.750 -750.000 539.062 -226.562 -218.750 984.375 -117.188 -265.625 1031.250
-1015.625 7.812 -156.250 -453.125 -726.562 554.688 -484.375 -710.938 539.062 -242.188 -265.625 968.750 -156.250 -289.062 960.938
-1007.812 46.875 -156.250 -476.562 -695.312 546.875 -492.188 -718.750 523.438 -281.250 -289.062 937.500 -195.312 -289.062 914.062
-1007.812 46.875 -156.250 -476.562 -695.312 546.875 -492.188 -718.750 523.438 -281.250 -289.062 937.500 -195.312 -289.062 914.062
-968.750 140.625 -101.562 -562.500 -656.250 507.812 -562.500 -679.688 460.938 -320.312 -265.625 882.812 -195.312 -265.625 882.812
-960.938 195.312 -93.750 -601.562 -617.188 484.375 -585.938 -664.062 445.312 -343.750 -234.375 859.375 -203.125 -242.188 906.250
-960.938 195.312 -93.750 -601.562 -617.188 484.375 -585.938 -664.062 445.312 -343.750 -234.375 859.375 -203.125 -242.188 906.250
-921.875 250.000 -62.500 -664.062 -546.875 429.688 -625.000 -609.375 414.062 -398.438 -171.875 882.812 -195.312 -171.875 976.562
-921.875 250.000 -62.500 -664.062 -546.875 429.688 -625.000 -609.375 414.062 -398.438 -171.875 882.812 -195.312 -171.875 976.562
-898.438 320.312 -70.312 -679.688 -492.188 406.250 -656.250 -562.500 390.625 -382.812 -281.250 906.250 -203.125 -195.312 968.750
-921.875 351.562 -78.125 -703.125 -468.750 414.062 -695.312 -562.500 398.438 -421.875 -203.125 882.812 -257.812 -210.938 937.500
-921.875 351.562 -78.125 -703.125 -468.750 414.062 -695.312 -562.500 398.438 -421.875 -203.125 882.812 -257.812 -210.938 937.500
-906.250 335.938 -62.500 -742.188 -531.250 414.062 -718.750 -593.750 359.375 -515.625 -234.375 875.000 -328.125 -179.688 929.688
-906.250 335.938 -62.500 -742.188 -531.250 414.062 -718.750 -593.750 359.375 -515.625 -234.375 875.000 -328.125 -179.688 929.688
-929.688 328.125 -70.312 -734.375 -554.688 429.688 -710.938 -640.625 367.188 -546.875 -242.188 875.000 -382.812 -203.125 945.312
-945.312 289.062 -85.938 -742.188 -609.375 437.500 -695.312 -695.312 359.375 -546.875 -250.000 914.062 -265.625 -265.625 1007.812
-945.312 289.062 -85.938 -742.188 -609.375 437.500 -695.312 -695.312 359.375 -546.875 -250.000 914.062 -265.625 -265.625 1007.812
-937.500 320.312 -54.688 -718.750 -781.250 492.188 -703.125 -773.438 351.562 -562.500 -250.000 968.750 -234.375 -281.250 1101.562
-960.938 265.625 -93.750 -632.812 -750.000 531.250 -687.500 -820.312 320.312 -578.125 -257.812 960.938 -242.188 -335.938 1085.938
-960.938 265.625 -93.750 -632.812 -750.000 531.250 -687.500 -820.312 320.312 -578.125 -257.812 960.938 -242.188 -335.938 1085.938
-921.875 406.250 -101.562 -695.312 -781.250 500.000 -687.500 -882.812 312.500 -125.000 -429.688 945.312 -328.125 -367.188 1000.000
-921.875 406.250 -101.562 -695.312 -781.250 500.000 -687.500 -882.812 312.500 -125.000 -429.688 945.312 -328.125 -367.188 1000.000
-789.062 523.438 7.812 -781.250 -882.812 437.500 -718.750 -812.500 335.938 3593.750 -1765.625 1617.188 -406.250 -54.688 867.188
-460.938 1109.375 234.375 -828.125 -1070.312 625.000 -601.562 -1046.875 296.875 -460.938 -320.312 1117.188 -398.438 -320.312 976.562
-460.938 1109.375 234.375 -828.125 -1070.312 625.000 -601.562 -1046.875 296.875 -460.938 -320.312 1117.188 -398.438 -320.312 976.562
-625.000 578.125 -85.938 -429.688 -703.125 1093.750 -726.562 -1171.875 546.875 -1210.938 -867.188 1039.062 -421.875 -820.312 921.875
-507.812 398.438 -132.812 -382.812 -453.125 1062.500 -546.875 -1234.375 726.562 -867.188 -468.750 867.188 -406.250 -687.500 906.250
-507.812 398.438 -132.812 -382.812 -453.125 1062.500 -546.875 -1234.375 726.562 -867.188 -468.750 867.188 -406.250 -687.500 906.250
-585.938 -23.438 -273.438 -609.375 -390.625 710.938 -585.938 -875.000 640.625 -781.250 -343.750 773.438 -406.250 -125.000 898.438
-585.938 -23.438 -273.438 -609.375 -390.625 710.938 -585.938 -875.000 640.625 -781.250 -343.750 773.438 -406.250 -125.000 898.438
-687.500 -85.938 -414.062 -781.250 -578.125 593.750 -734.375 -804.688 531.250 -593.750 -320.312 757.812 -406.250 -78.125 875.000
-906.250 257.812 -710.938 39.062 -1054.688 1015.625 -750.000 -890.625 132.812 -460.938 -273.438 585.938 -601.562 -85.938 867.188
-906.250 257.812 -710.938 39.062 -1054.688 1015.625 -750.000 -890.625 132.812 -460.938 -273.438 585.938 -601.562 -85.938 867.188
-1015.625 109.375 -1031.250 -250.000 -617.188 164.062 -812.500 -609.375 109.375 -703.125 -62.500 601.562 -375.000 -445.312 953.125
-945.312 -148.438 -1148.438 -843.750 -125.000 -500.000 -695.312 -437.500 -78.125 -664.062 -78.125 570.312 -187.500 -398.438 1015.625
-945.312 -148.438 -1148.438 -843.750 -125.000 -500.000 -695.312 -437.500 -78.125 -664.062 -78.125 570.312 -187.500 -398.438 1015.625
-1250.000 -671.875 -1367.188 -570.312 390.625 -328.125 -664.062 -804.688 179.688 -437.500 -289.062 617.188 -101.562 39.062 1070.312
-1250.000 -671.875 -1367.188 -570.312 390.625 -328.125 -664.062 -804.688 179.688 -437.500 -289.062 617.188 -101.562 39.062 1070.312
-1296.875 -859.375 -1390.625 -617.188 -218.750 187.500 -695.312 -710.938 218.750 -539.062 -359.375 609.375 -265.625 85.938 914.062
-1093.750 -601.562 -1234.375 -562.500 -406.250 250.000 -468.750 -585.938 210.938 -679.688 -203.125 460.938 -492.188 -117.188 601.562
-1093.750 -601.562 -1234.375 -562.500 -406.250 250.000 -468.750 -585.938 210.938 -679.688 -203.125 460.938 -492.188 -117.188 601.562
-828.125 -500.000 -953.125 -617.188 -679.688 312.500 -656.250 -601.562 -54.688 -539.062 164.062 320.312 -593.750 -242.188 453.125
-773.438 -593.750 -828.125 -632.812 -750.000 335.938 -742.188 -640.625 -101.562 -625.000 242.188 250.000 -742.188 -328.125 375.000
-773.438 -593.750 -828.125 -632.812 -750.000 335.938 -742.188 -640.625 -101.562 -625.000 242.188 250.000 -742.188 -328.125 375.000
-757.812 -718.750 -671.875 -812.500 -570.312 140.625 -835.938 -343.750 -171.875 -914.062 273.438 218.750 -851.562 -304.688 296.875
-757.812 -718.750 -671.875 -812.500 -570.312 140.625 -835.938 -343.750 -171.875 -914.062 273.438 218.750 -851.562 -304.688 296.875
-718.750 -523.438 -609.375 -882.812 -398.438 62.500 -718.750 -320.312 7.812 -929.688 78.125 281.250 -843.750 -140.625 460.938
-773.438 -31.250 -531.250 -960.938 -296.875 -117.188 -539.062 -31.250 398.438 -898.438 -296.875 484.375 -781.250 140.625 578.125
-773.438 -31.250 -531.250 -960.938 -296.875 -117.188 -539.062 -31.250 398.438 -898.438 -296.875 484.375 -781.250 140.625 578.125
-625.000 132.812 -15.625 -1101.562 62.500 -273.438 -726.562 54.688 781.250 -804.688 -625.000 703.125 -804.688 -171.875 476.562
-625.000 132.812 -15.625 -1101.562 62.500 -273.438 -726.562 54.688 781.250 -804.688 -625.000 703.125 -804.688 -171.875 476.562
-679.688 85.938 -164.062 -1140.625 93.750 -250.000 -609.375 -304.688 710.938 -687.500 -585.938 671.875 -773.438 -375.000 523.438
-914.062 -281.250 -546.875 -906.250 -414.062 -54.688 -1054.688 78.125 312.500 -843.750 -281.250 640.625 -648.438 -257.812 718.750
-914.062 -281.250 -546.875 -906.250 -414.062 -54.688 -1054.688 78.125 312.500 -843.750 -281.250 640.625 -648.438 -257.812 718.750
-890.625 -242.188 -484.375 -976.562 -335.938 -70.312 -914.062 -171.875 414.062 -789.062 -210.938 601.562 -648.438 -46.875 804.688
-734.375 -164.062 -382.812 -984.375 -218.750 -70.312 -742.188 -257.812 570.312 -757.812 -367.188 601.562 -640.625 -125.000 750.000
-734.375 -164.062 -382.812 -984.375 -218.750 -70.312 -742.188 -257.812 570.312 -757.812 -367.188 601.562 -640.625 -125.000 750.000
-796.875 -312.500 -445.312 -898.438 -304.688 -46.875 -765.625 -109.375 492.188 -718.750 -281.250 648.438 -632.812 -203.125 710.938
-796.875 -312.500 -445.312 -898.438 -304.688 -46.875 -765.625 -109.375 492.188 -718.750 -281.250 648.438 -632.812 -203.125 710.938
-750.000 -257.812 -398.438 -906.250 -304.688 -54.688 -742.188 -125.000 507.812 -710.938 -226.562 640.625 -632.812 -117.188 726.562
-765.625 -250.000 -421.875 -882.812 -289.062 -39.062 -734.375 -101.562 507.812 -710.938 -195.312 617.188 -640.625 -39.062 750.000
-765.625 -250.000 -421.875 -882.812 -289.062 -39.062 -734.375 -101.562 507.812 -710.938 -195.312 617.188 -640.625 -39.062 750.000
-773.438 -250.000 -445.312 -875.000 -281.250 -31.250 -773.438 -109.375 500.000 -710.938 -195.312 625.000 -632.812 -46.875 742.188
-757.812 -132.812 -429.688 -835.938 -281.250 7.812 -742.188 -70.312 507.812 -718.750 -148.438 625.000 -632.812 -54.688 789.062
-757.812 -132.812 -429.688 -835.938 -281.250 7.812 -742.188 -70.312 507.812 -718.750 -148.438 625.000 -632.812 -54.688 789.062
-796.875 -187.500 -500.000 -843.750 -296.875 39.062 -750.000 -125.000 500.000 -726.562 -171.875 609.375 -617.188 -46.875 796.875
-796.875 -187.500 -500.000 -843.750 -296.875 39.062 -750.000 -125.000 500.000 -726.562 -171.875 609.375 -617.188 -46.875 796.875
-804.688 -179.688 -507.812 -843.750 -296.875 54.688 -750.000 -148.438 531.250 -718.750 -218.750 609.375 -648.438 -78.125 742.188
-804.688 -187.500 -523.438 -851.562 -335.938 62.500 -742.188 -187.500 554.688 -734.375 -234.375 617.188 -656.250 -109.375 742.188
-804.688 -187.500 -523.438 -851.562 -335.938 62.500 -742.188 -187.500 554.688 -734.375 -234.375 617.188 -656.250 -109.375 742.188
-812.500 -226.562 -523.438 -851.562 -359.375 62.500 -742.188 -187.500 562.500 -726.562 -250.000 617.188 -648.438 -109.375 757.812
-796.875 -226.562 -531.250 -867.188 -406.250 31.250 -742.188 -218.750 554.688 -718.750 -273.438 632.812 -632.812 -132.812 796.875
-796.875 -226.562 -531.250 -867.188 -406.250 31.250 -742.188 -218.750 554.688 -718.750 -273.438 632.812 -632.812 -132.812 796.875
-820.312 -109.375 -562.500 -906.250 -406.250 23.438 -757.812 -257.812 570.312 -734.375 -304.688 617.188 -656.250 -156.250 750.000
-820.312 -109.375 -562.500 -906.250 -406.250 23.438 -757.812 -257.812 570.312 -734.375 -304.688 617.188 -656.250 -156.250 750.000
-851.562 -125.000 -578.125 -921.875 -406.250 0.000 -773.438 -265.625 554.688 -750.000 -304.688 625.000 -664.062 -156.250 757.812
-812.500 -156.250 -539.062 -945.312 -390.625 -23.438 -789.062 -273.438 554.688 -765.625 -328.125 609.375 -656.250 -195.312 781.250
-812.500 -156.250 -539.062 -945.312 -390.625 -23.438 -789.062 -273.438 554.688 -765.625 -328.125 609.375 -656.250 -195.312 781.250
-812.500 -156.250 -539.062 -945.312 -390.625 -31.250 -812.500 -281.250 539.062 -773.438 -335.938 609.375 -656.250 -203.125 781.250
-812.500 -156.250 -539.062 -945.312 -390.625 -31.250 -812.500 -281.250 539.062 -773.438 -335.938 609.375 -656.250 -203.125 781.250
-804.688 -140.625 -546.875 -937.500 -398.438 -15.625 -812.500 -289.062 539.062 -757.812 -335.938 609.375 -656.250 -187.500 765.625
-867.188 -15.625 -632.812 -898.438 -398.438 23.438 -742.188 -289.062 593.750 -734.375 -320.312 601.562 -703.125 -117.188 695.312
-867.188 -15.625 -632.812 -898.438 -398.438 23.438 -742.188 -289.062 593.750 -734.375 -320.312 601.562 -703.125 -117.188 695.312
-882.812 -85.938 -664.062 -906.250 -398.438 31.250 -757.812 -273.438 593.750 -757.812 -312.500 609.375 -695.312 -125.000 718.750
-796.875 -195.312 -570.312 -906.250 -390.625 46.875 -757.812 -250.000 585.938 -742.188 -335.938 625.000 -656.250 -179.688 773.438
-796.875 -195.312 -570.312 -906.250 -390.625 46.875 -757.812 -250.000 585.938 -742.188 -335.938 625.000 -656.250 -179.688 773.438
-781.250 -218.750 -554.688 -921.875 -390.625 46.875 -765.625 -242.188 585.938 -742.188 -320.312 640.625 -640.625 -164.062 796.875
-781.250 -218.750 -554.688 -921.875 -390.625 46.875 -765.625 -242.188 585.938 -742.188 -320.312 640.625 -640.625 -164.062 796.875
-804.688 -226.562 -570.312 -914.062 -406.250 54.688 -765.625 -226.562 601.562 -734.375 -296.875 664.062 -648.438 -140.625 820.312
-812.500 -85.938 -656.250 -828.125 -421.875 117.188 -710.938 -218.750 625.000 -679.688 -281.250 679.688 -593.750 -109.375 820.312
-812.500 -85.938 -656.250 -828.125 -421.875 117.188 -710.938 -218.750 625.000 -679.688 -281.250 679.688 -593.750 -109.375 820.312
-898.438 -31.250 -703.125 -828.125 -382.812 140.625 -656.250 -210.938 671.875 -648.438 -265.625 710.938 -601.562 -85.938 828.125
-898.438 -31.250 -703.125 -828.125 -382.812 140.625 -656.250 -210.938 671.875 -648.438 -265.625 710.938 -601.562 -85.938 828.125
-828.125 -164.062 -632.812 -867.188 -328.125 125.000 -671.875 -164.062 687.500 -648.438 -281.250 750.000 -593.750 -109.375 843.750
-789.062 -210.938 -593.750 -875.000 -335.938 109.375 -695.312 -148.438 656.250 -687.500 -265.625 726.562 -601.562 -109.375 859.375
-789.062 -210.938 -593.750 -875.000 -335.938 109.375 -695.312 -148.438 656.250 -687.500 -265.625 726.562 -601.562 -109.375 859.375
-765.625 -273.438 -554.688 -882.812 -359.375 101.562 -742.188 -171.875 609.375 -718.750 -242.188 671.875 -625.000 -85.938 859.375
-773.438 -250.000 -554.688 -898.438 -351.562 85.938 -757.812 -195.312 593.750 -726.562 -257.812 664.062 -640.625 -109.375 828.125
-773.438 -250.000 -554.688 -898.438 -351.562 85.938 -757.812 -195.312 593.750 -726.562 -257.812 664.062 -640.625 -109.375 828.125
-789.062 -234.375 -554.688 -906.250 -328.125 70.312 -757.812 -179.688 593.750 -710.938 -257.812 679.688 -609.375 -109.375 828.125
-789.062 -234.375 -554.688 -906.250 -328.125 70.312 -757.812 -179.688 593.750 -710.938 -257.812 679.688 -609.375 -109.375 828.125
-796.875 -85.938 -609.375 -914.062 -320.312 46.875 -750.000 -171.875 593.750 -703.125 -257.812 687.500 -617.188 -93.750 804.688
-843.750 -46.875 -648.438 -898.438 -382.812 62.500 -757.812 -179.688 578.125 -710.938 -250.000 648.438 -632.812 -54.688 750.000
-843.750 -46.875 -648.438 -898.438 -382.812 62.500 -757.812 -179.688 578.125 -710.938 -250.000 648.438 -632.812 -54.688 750.000
-804.688 -226.562 -593.750 -921.875 -390.625 70.312 -765.625 -234.375 585.938 -750.000 -289.062 609.375 -695.312 -117.188 695.312
-734.375 -328.125 -500.000 -937.500 -390.625 78.125 -789.062 -242.188 562.500 -773.438 -296.875 593.750 -679.688 -132.812 710.938
-734.375 -328.125 -500.000 -937.500 -390.625 78.125 -789.062 -242.188 562.500 -773.438 -296.875 593.750 -679.688 -132.812 710.938
-742.188 -320.312 -500.000 -937.500 -382.812 54.688 -796.875 -226.562 554.688 -773.438 -265.625 593.750 -679.688 -109.375 726.562
-742.188 -320.312 -500.000 -937.500 -382.812 54.688 -796.875 -226.562 554.688 -773.438 -265.625 593.750 -679.688 -109.375 726.562
-781.250 -250.000 -539.062 -929.688 -351.562 54.688 -781.250 -203.125 570.312 -742.188 -257.812 632.812 -656.250 -101.562 750.000
-789.062 -234.375 -539.062 -906.250 -320.312 70.312 -757.812 -187.500 578.125 -726.562 -250.000 640.625 -640.625 -101.562 765.625
-789.062 -234.375 -539.062 -906.250 -320.312 70.312 -757.812 -187.500 578.125 -726.562 -250.000 640.625 -640.625 -101.562 765.625
-781.250 -187.500 -562.500 -882.812 -320.312 78.125 -750.000 -171.875 578.125 -703.125 -234.375 656.250 -632.812 -70.312 781.250
-835.938 -132.812 -609.375 -851.562 -367.188 101.562 -734.375 -179.688 585.938 -703.125 -226.562 648.438 -640.625 -54.688 750.000
-835.938 -132.812 -609.375 -851.562 -367.188 101.562 -734.375 -179.688 585.938 -703.125 -226.562 648.438 -640.625 -54.688 750.000
-820.312 -195.312 -585.938 -859.375 -359.375 101.562 -710.938 -195.312 585.938 -710.938 -234.375 632.812 -648.438 -93.750 750.000
-820.312 -195.312 -585.938 -859.375 -359.375 101.562 -710.938 -195.312 585.938 -710.938 -234.375 632.812 -648.438 -93.750 750.000
-773.438 -250.000 -531.250 -875.000 -351.562 70.312 -742.188 -179.688 570.312 -718.750 -250.000 640.625 -656.250 -109.375 765.625
-789.062 -218.750 -539.062 -875.000 -335.938 62.500 -750.000 -171.875 562.500 -718.750 -234.375 648.438 -640.625 -85.938 789.062
-789.062 -218.750 -539.062 -875.000 -335.938 62.500 -750.000 -171.875 562.500 -718.750 -234.375 648.438 -640.625 -85.938 789.062
-812.500 -140.625 -562.500 -867.188 -328.125 78.125 -734.375 -187.500 578.125 -718.750 -234.375 656.250 -632.812 -85.938 796.875
-812.500 -156.250 -546.875 -882.812 -320.312 46.875 -750.000 -203.125 570.312 -718.750 -265.625 640.625 -640.625 -125.000 789.062
-812.500 -156.250 -546.875 -882.812 -320.312 46.875 -750.000 -203.125 570.312 -718.750 -265.625 640.625 -640.625 -125.000 789.062
-789.062 -179.688 -531.250 -898.438 -335.938 31.250 -765.625 -203.125 546.875 -734.375 -265.625 632.812 -648.438 -117.188 781.250
-789.062 -179.688 -531.250 -898.438 -335.938 31.250 -765.625 -203.125 546.875 -734.375 -265.625 632.812 -648.438 -117.188 781.250
-789.062 -203.125 -515.625 -898.438 -359.375 23.438 -773.438 -218.750 539.062 -750.000 -281.250 609.375 -664.062 -132.812 765.625
-781.250 -203.125 -523.438 -906.250 -367.188 15.625 -789.062 -242.188 546.875 -757.812 -296.875 601.562 -671.875 -164.062 742.188
-781.250 -203.125 -523.438 -906.250 -367.188 15.625 -789.062 -242.188 546.875 -757.812 -296.875 601.562 -671.875 -164.062 742.188
-773.438 -179.688 -531.250 -929.688 -343.750 -15.625 -789.062 -257.812 539.062 -757.812 -312.500 585.938 -679.688 -156.250 726.562
-851.562 62.500 -617.188 -906.250 -421.875 -23.438 -765.625 -265.625 531.250 -757.812 -289.062 593.750 -671.875 -125.000 687.500
-851.562 62.500 -617.188 -906.250 -421.875 -23.438 -765.625 -265.625 531.250 -757.812 -289.062 593.750 -671.875 -125.000 687.500
-875.000 0.000 -609.375 -929.688 -398.438 -31.250 -796.875 -281.250 546.875 -757.812 -328.125 585.938 -687.500 -164.062 703.125
-875.000 0.000 -609.375 -929.688 -398.438 -31.250 -796.875 -281.250 546.875 -757.812 -328.125 585.938 -687.500 -164.062 703.125
-804.688 -156.250 -523.438 -953.125 -375.000 -31.250 -804.688 -304.688 523.438 -773.438 -359.375 554.688 -679.688 -250.000 710.938
-773.438 -156.250 -507.812 -968.750 -398.438 -46.875 -835.938 -312.500 500.000 -796.875 -343.750 554.688 -679.688 -203.125 734.375
-773.438 -156.250 -507.812 -968.750 -398.438 -46.875 -835.938 -312.500 500.000 -796.875 -343.750 554.688 -679.688 -203.125 734.375
-796.875 -132.812 -539.062 -968.750 -421.875 -46.875 -828.125 -304.688 500.000 -781.250 -335.938 554.688 -687.500 -195.312 695.312
-820.312 -132.812 -562.500 -914.062 -429.688 0.000 -781.250 -320.312 539.062 -750.000 -367.188 562.500 -687.500 -210.938 656.250
-820.312 -132.812 -562.500 -914.062 -429.688 0.000 -781.250 -320.312 539.062 -750.000 -367.188 562.500 -687.500 -210.938 656.250
-828.125 -148.438 -562.500 -890.625 -445.312 31.250 -757.812 -328.125 562.500 -757.812 -367.188 562.500 -703.125 -195.312 656.250
-828.125 -148.438 -562.500 -890.625 -445.312 31.250 -757.812 -328.125 562.500 -757.812 -367.188 562.500 -703.125 -195.312 656.250
-804.688 -203.125 -570.312 -882.812 -460.938 39.062 -765.625 -312.500 562.500 -750.000 -335.938 570.312 -687.500 -179.688 687.500
-796.875 -234.375 -546.875 -890.625 -453.125 39.062 -757.812 -296.875 554.688 -734.375 -343.750 585.938 -671.875 -187.500 710.938
-796.875 -234.375 -546.875 -890.625 -453.125 39.062 -757.812 -296.875 554.688 -734.375 -343.750 585.938 -671.875 -187.500 710.938
