-31.250 820.312 593.750 414.062 -554.688 820.312 343.750 -289.062 960.938 531.250 -726.562 492.188 570.312 -531.250 664.062
-31.250 820.312 593.750 414.062 -554.688 820.312 343.750 -289.062 960.938 531.250 -726.562 492.188 570.312 -531.250 664.062
7.812 890.625 617.188 390.625 -585.938 773.438 343.750 -320.312 937.500 546.875 -734.375 484.375 585.938 -523.438 671.875
15.625 867.188 625.000 390.625 -601.562 773.438 359.375 -328.125 937.500 554.688 -742.188 468.750 601.562 -515.625 671.875
-15.625 773.438 585.938 421.875 -601.562 804.688 375.000 -335.938 953.125 585.938 -757.812 476.562 625.000 -523.438 687.500
-15.625 765.625 585.938 421.875 -609.375 812.500 367.188 -328.125 968.750 585.938 -750.000 492.188 617.188 -539.062 695.312
-39.062 773.438 554.688 406.250 -617.188 828.125 375.000 -335.938 960.938 585.938 -750.000 484.375 625.000 -523.438 695.312
-23.438 890.625 578.125 375.000 -570.312 789.062 359.375 -304.688 953.125 593.750 -718.750 515.625 625.000 -492.188 679.688
-23.438 890.625 578.125 375.000 -570.312 789.062 359.375 -304.688 953.125 593.750 -718.750 515.625 625.000 -492.188 679.688
31.250 882.812 593.750 351.562 -562.500 781.250 367.188 -304.688 953.125 570.312 -710.938 515.625 585.938 -468.750 687.500
125.000 890.625 632.812 375.000 -601.562 773.438 351.562 -335.938 953.125 554.688 -734.375 500.000 585.938 -484.375 710.938
62.500 898.438 585.938 382.812 -585.938 796.875 367.188 -320.312 937.500 546.875 -718.750 492.188 585.938 -476.562 695.312
46.875 867.188 523.438 421.875 -593.750 828.125 421.875 -312.500 984.375 585.938 -710.938 500.000 593.750 -500.000 687.500
39.062 828.125 500.000 421.875 -609.375 867.188 460.938 -296.875 1039.062 617.188 -718.750 515.625 601.562 -500.000 687.500
0.000 773.438 484.375 445.312 -617.188 906.250 507.812 -296.875 1125.000 679.688 -742.188 601.562 625.000 -507.812 718.750
-39.062 796.875 445.312 421.875 -640.625 929.688 500.000 -296.875 1164.062 703.125 -757.812 671.875 679.688 -500.000 828.125
-31.250 875.000 437.500 484.375 -609.375 1023.438 484.375 -265.625 1187.500 687.500 -789.062 664.062 703.125 -460.938 890.625
-31.250 921.875 437.500 531.250 -593.750 1109.375 500.000 -218.750 1218.750 671.875 -773.438 671.875 703.125 -445.312 898.438
-31.250 921.875 437.500 531.250 -593.750 1109.375 500.000 -218.750 1218.750 671.875 -773.438 671.875 703.125 -445.312 898.438
-62.500 1007.812 429.688 531.250 -460.938 1203.125 367.188 -171.875 1156.250 640.625 -773.438 734.375 632.812 -468.750 921.875
78.125 1117.188 484.375 390.625 -562.500 1023.438 335.938 -296.875 1156.250 593.750 -843.750 718.750 570.312 -453.125 937.500
85.938 1078.125 453.125 343.750 -585.938 992.188 375.000 -304.688 1164.062 570.312 -835.938 695.312 554.688 -453.125 953.125
-62.500 953.125 320.312 328.125 -601.562 1093.750 460.938 -273.438 1335.938 515.625 -914.062 632.812 484.375 -664.062 906.250
-85.938 937.500 273.438 328.125 -601.562 1117.188 484.375 -281.250 1382.812 546.875 -929.688 679.688 460.938 -734.375 937.500
-195.312 1023.438 257.812 289.062 -585.938 1117.188 406.250 -250.000 1351.562 554.688 -945.312 796.875 468.750 -687.500 1039.062
-226.562 1085.938 257.812 187.500 -515.625 1023.438 343.750 -234.375 1242.188 546.875 -937.500 773.438 515.625 -648.438 1109.375
-335.938 1046.875 70.312 -148.438 -562.500 671.875 179.688 -359.375 929.688 460.938 -859.375 609.375 562.500 -468.750 1023.438
-335.938 1046.875 70.312 -148.438 -562.500 671.875 179.688 -359.375 929.688 460.938 -859.375 609.375 562.500 -468.750 1023.438
-367.188 1132.812 0.000 -218.750 -398.438 554.688 7.812 -257.812 640.625 312.500 -703.125 421.875 421.875 -406.250 781.250
-312.500 1179.688 31.250 -281.250 -367.188 468.750 -31.250 -218.750 562.500 257.812 -656.250 351.562 367.188 -421.875 687.500
15.625 1054.688 242.188 -218.750 -328.125 390.625 -101.562 -85.938 421.875 62.500 -429.688 257.812 109.375 -343.750 445.312
31.250 914.062 242.188 -148.438 -210.938 406.250 -156.250 -85.938 375.000 15.625 -421.875 234.375 85.938 -312.500 429.688
0.000 656.250 203.125 -234.375 -171.875 375.000 -281.250 -31.250 289.062 -156.250 -359.375 179.688 -7.812 -296.875 429.688
-226.562 531.250 7.812 -453.125 -62.500 242.188 -570.312 -46.875 156.250 -312.500 -398.438 226.562 -93.750 -234.375 507.812
-382.812 460.938 -62.500 -648.438 -15.625 156.250 -609.375 31.250 218.750 -335.938 -343.750 343.750 -117.188 -117.188 585.938
-125.000 257.812 390.625 -421.875 -234.375 390.625 -640.625 460.938 406.250 -382.812 -218.750 460.938 -187.500 46.875 570.312
-125.000 257.812 390.625 -421.875 -234.375 390.625 -640.625 460.938 406.250 -382.812 -218.750 460.938 -187.500 46.875 570.312
-125.000 257.812 390.625 -421.875 -234.375 390.625 -640.625 460.938 406.250 -382.812 -218.750 460.938 -187.500 46.875 570.312
-812.500 718.750 -265.625 -890.625 226.562 226.562 -742.188 406.250 351.562 -687.500 187.500 593.750 -562.500 484.375 226.562
-742.188 476.562 -273.438 -835.938 546.875 390.625 -757.812 585.938 234.375 -632.812 -23.438 554.688 -437.500 210.938 546.875
-734.375 445.312 -281.250 -789.062 351.562 445.312 -562.500 562.500 507.812 -476.562 -70.312 695.312 -382.812 203.125 617.188
-750.000 531.250 -218.750 -726.562 296.875 523.438 -570.312 437.500 554.688 -437.500 -203.125 726.562 -296.875 156.250 757.812
-765.625 492.188 -203.125 -695.312 226.562 539.062 -523.438 382.812 601.562 -429.688 -265.625 679.688 -312.500 78.125 750.000
-687.500 484.375 -140.625 -664.062 125.000 546.875 -546.875 273.438 593.750 -429.688 -375.000 632.812 -335.938 -15.625 765.625
-687.500 484.375 -140.625 -664.062 125.000 546.875 -546.875 273.438 593.750 -429.688 -375.000 632.812 -335.938 -15.625 765.625
-687.500 484.375 -140.625 -664.062 125.000 546.875 -546.875 273.438 593.750 -429.688 -375.000 632.812 -335.938 -15.625 765.625
-656.250 500.000 -93.750 -703.125 54.688 523.438 -593.750 210.938 585.938 -476.562 -406.250 585.938 -398.438 -85.938 742.188
-703.125 554.688 -70.312 -703.125 23.438 578.125 -578.125 218.750 632.812 -500.000 -445.312 578.125 -375.000 -125.000 750.000
-710.938 585.938 -46.875 -710.938 23.438 593.750 -585.938 187.500 671.875 -453.125 -484.375 601.562 -328.125 -140.625 781.250
-742.188 625.000 -39.062 -695.312 -39.062 656.250 -593.750 148.438 703.125 -437.500 -515.625 585.938 -335.938 -171.875 773.438
-804.688 687.500 -46.875 -789.062 62.500 609.375 -671.875 234.375 601.562 -570.312 -406.250 507.812 -414.062 -132.812 664.062
-835.938 742.188 -101.562 -781.250 171.875 640.625 -875.000 156.250 406.250 -578.125 -398.438 476.562 -429.688 -117.188 625.000
-875.000 804.688 -101.562 -640.625 414.062 734.375 -921.875 7.812 226.562 -625.000 -421.875 343.750 -367.188 -70.312 515.625
-796.875 1375.000 15.625 -242.188 93.750 1257.812 -851.562 117.188 335.938 -531.250 -445.312 296.875 -289.062 -226.562 484.375
-796.875 1375.000 15.625 -242.188 93.750 1257.812 -851.562 117.188 335.938 -531.250 -445.312 296.875 -289.062 -226.562 484.375
-195.312 398.438 523.438 -468.750 351.562 968.750 -203.125 1031.250 671.875 -625.000 156.250 359.375 -382.812 -382.812 382.812
-1171.875 578.125 -328.125 -1328.125 -117.188 -570.312 -601.562 1609.375 1570.312 -296.875 -289.062 476.562 -23.438 -132.812 562.500
-695.312 242.188 -70.312 -1054.688 -460.938 -320.312 -679.688 -453.125 476.562 0.000 -726.562 492.188 296.875 -320.312 984.375
-546.875 54.688 117.188 -1156.250 -359.375 -335.938 -390.625 -851.562 718.750 -15.625 -742.188 500.000 218.750 -437.500 1195.312
-617.188 132.812 62.500 -1179.688 -476.562 -398.438 -531.250 -843.750 664.062 242.188 -203.125 390.625 312.500 -632.812 1304.688
-750.000 562.500 39.062 -1085.938 -507.812 -70.312 -343.750 -914.062 781.250 617.188 -1320.312 820.312 390.625 140.625 1148.438
-703.125 554.688 148.438 -984.375 -375.000 484.375 -78.125 -539.062 992.188 710.938 -1109.375 593.750 453.125 -703.125 1187.500
-703.125 554.688 148.438 -984.375 -375.000 484.375 -78.125 -539.062 992.188 710.938 -1109.375 593.750 453.125 -703.125 1187.500
-921.875 875.000 195.312 -554.688 -515.625 968.750 171.875 -664.062 1179.688 710.938 -1000.000 617.188 484.375 -601.562 929.688
-710.938 882.812 242.188 -796.875 -648.438 687.500 93.750 -773.438 1093.750 734.375 -1046.875 578.125 609.375 -609.375 1015.625
-648.438 750.000 273.438 -921.875 -500.000 476.562 -109.375 -695.312 906.250 578.125 -976.562 515.625 523.438 -531.250 914.062
-718.750 687.500 234.375 -953.125 -492.188 398.438 -140.625 -609.375 921.875 554.688 -882.812 546.875 492.188 -507.812 906.250
-695.312 671.875 234.375 -859.375 -375.000 500.000 -125.000 -539.062 960.938 515.625 -820.312 554.688 500.000 -437.500 921.875
-664.062 710.938 203.125 -828.125 -351.562 539.062 -109.375 -515.625 968.750 523.438 -804.688 585.938 460.938 -429.688 906.250
-687.500 695.312 187.500 -773.438 -367.188 609.375 -46.875 -507.812 1015.625 539.062 -789.062 578.125 468.750 -421.875 906.250
-734.375 664.062 125.000 -835.938 -226.562 492.188 -140.625 -398.438 906.250 476.562 -679.688 562.500 453.125 -328.125 835.938
-734.375 664.062 125.000 -835.938 -226.562 492.188 -140.625 -398.438 906.250 476.562 -679.688 562.500 453.125 -328.125 835.938
-734.375 664.062 125.000 -835.938 -226.562 492.188 -140.625 -398.438 906.250 476.562 -679.688 562.500 453.125 -328.125 835.938
-679.688 664.062 171.875 -796.875 -257.812 531.250 -101.562 -421.875 921.875 453.125 -679.688 539.062 421.875 -359.375 820.312
-710.938 687.500 171.875 -828.125 -289.062 500.000 -117.188 -421.875 890.625 460.938 -695.312 531.250 414.062 -375.000 804.688
-687.500 640.625 195.312 -843.750 -242.188 460.938 -171.875 -406.250 859.375 382.812 -664.062 531.250 351.562 -351.562 789.062
-703.125 640.625 203.125 -859.375 -234.375 429.688 -195.312 -390.625 843.750 375.000 -664.062 546.875 343.750 -335.938 796.875
-703.125 601.562 195.312 -859.375 -203.125 421.875 -218.750 -367.188 843.750 343.750 -656.250 562.500 312.500 -312.500 796.875
-695.312 601.562 203.125 -875.000 -226.562 382.812 -226.562 -375.000 843.750 335.938 -656.250 554.688 312.500 -328.125 804.688
-695.312 585.938 210.938 -875.000 -203.125 375.000 -250.000 -375.000 812.500 296.875 -656.250 539.062 273.438 -320.312 789.062
-648.438 609.375 257.812 -914.062 -148.438 289.062 -335.938 -367.188 726.562 195.312 -625.000 546.875 195.312 -289.062 773.438
-648.438 609.375 257.812 -914.062 -148.438 289.062 -335.938 -367.188 726.562 195.312 -625.000 546.875 195.312 -289.062 773.438
-585.938 609.375 320.312 -906.250 -132.812 242.188 -375.000 -382.812 656.250 140.625 -640.625 507.812 132.812 -296.875 742.188
-468.750 640.625 390.625 -843.750 -218.750 289.062 -343.750 -414.062 625.000 109.375 -695.312 453.125 85.938 -375.000 718.750
-460.938 648.438 398.438 -820.312 -234.375 312.500 -320.312 -429.688 632.812 132.812 -695.312 453.125 117.188 -390.625 718.750
-546.875 648.438 359.375 -781.250 -281.250 351.562 -257.812 -406.250 671.875 203.125 -710.938 453.125 140.625 -406.250 757.812
-671.875 710.938 320.312 -695.312 -304.688 484.375 -164.062 -382.812 757.812 289.062 -703.125 507.812 312.500 -367.188 796.875
-523.438 789.062 476.562 -695.312 -257.812 492.188 -109.375 -468.750 757.812 359.375 -781.250 546.875 335.938 -382.812 812.500
-437.500 843.750 437.500 -679.688 -328.125 484.375 -164.062 -429.688 773.438 390.625 -742.188 546.875 296.875 -406.250 789.062
-593.750 867.188 335.938 -664.062 -382.812 421.875 -117.188 -421.875 796.875 328.125 -687.500 539.062 281.250 -437.500 820.312
-593.750 867.188 335.938 -664.062 -382.812 421.875 -117.188 -421.875 796.875 328.125 -687.500 539.062 281.250 -437.500 820.312
-726.562 726.562 218.750 -679.688 -406.250 390.625 -54.688 -429.688 851.562 273.438 -718.750 523.438 218.750 -429.688 781.250
-765.625 695.312 46.875 -515.625 -375.000 507.812 203.125 -304.688 914.062 359.375 -664.062 570.312 296.875 -437.500 804.688
-804.688 632.812 -31.250 -203.125 -351.562 710.938 54.688 -265.625 937.500 351.562 -617.188 609.375 328.125 -367.188 781.250
-750.000 578.125 0.000 -78.125 -343.750 875.000 140.625 -70.312 992.188 343.750 -523.438 609.375 343.750 -320.312 765.625
-742.188 585.938 0.000 39.062 -445.312 992.188 93.750 54.688 968.750 359.375 -531.250 609.375 343.750 -296.875 757.812
