-437.500 625.000 -570.312 250.000 187.500 929.688 62.500 125.000 976.562 367.188 -242.188 859.375 351.562 -15.625 890.625
-460.938 648.438 -562.500 257.812 203.125 929.688 93.750 101.562 1000.000 414.062 -250.000 890.625 390.625 -39.062 921.875
-445.312 679.688 -554.688 281.250 171.875 921.875 109.375 78.125 1007.812 421.875 -281.250 882.812 398.438 -39.062 945.312
-445.312 671.875 -539.062 304.688 156.250 921.875 117.188 62.500 1000.000 414.062 -281.250 875.000 390.625 -46.875 945.312
-343.750 718.750 -484.375 390.625 85.938 945.312 148.438 23.438 1000.000 414.062 -343.750 843.750 367.188 -93.750 945.312
-320.312 687.500 -468.750 429.688 85.938 1031.250 171.875 31.250 1054.688 406.250 -351.562 843.750 351.562 -132.812 929.688
-375.000 750.000 -460.938 398.438 109.375 1015.625 156.250 39.062 1070.312 390.625 -335.938 859.375 312.500 -148.438 890.625
-398.438 820.312 -492.188 375.000 109.375 984.375 125.000 31.250 1046.875 398.438 -335.938 851.562 304.688 -132.812 875.000
-414.062 898.438 -515.625 273.438 125.000 906.250 62.500 46.875 968.750 375.000 -289.062 828.125 335.938 -62.500 898.438
-414.062 867.188 -507.812 226.562 171.875 882.812 46.875 85.938 937.500 382.812 -250.000 820.312 367.188 -39.062 882.812
-421.875 804.688 -515.625 203.125 187.500 882.812 46.875 93.750 929.688 375.000 -242.188 820.312 375.000 -23.438 882.812
-414.062 765.625 -515.625 218.750 179.688 882.812 46.875 101.562 945.312 375.000 -242.188 828.125 382.812 -31.250 890.625
-421.875 687.500 -539.062 234.375 171.875 898.438 70.312 101.562 984.375 398.438 -250.000 859.375 351.562 -39.062 898.438
-398.438 695.312 -523.438 273.438 156.250 921.875 78.125 85.938 976.562 382.812 -265.625 835.938 335.938 -39.062 890.625
-390.625 703.125 -515.625 312.500 148.438 945.312 93.750 62.500 976.562 367.188 -289.062 812.500 335.938 -70.312 882.812
-367.188 710.938 -500.000 335.938 132.812 968.750 109.375 62.500 992.188 382.812 -304.688 812.500 335.938 -85.938 890.625
-375.000 703.125 -523.438 414.062 93.750 1054.688 148.438 70.312 1046.875 406.250 -320.312 828.125 343.750 -109.375 898.438
-398.438 726.562 -523.438 406.250 101.562 1054.688 125.000 78.125 1046.875 414.062 -320.312 851.562 343.750 -101.562 898.438
-406.250 765.625 -539.062 328.125 85.938 992.188 109.375 39.062 1000.000 406.250 -289.062 859.375 359.375 -78.125 914.062
-390.625 765.625 -546.875 250.000 109.375 914.062 93.750 39.062 1000.000 398.438 -273.438 867.188 382.812 -54.688 929.688
-421.875 710.938 -554.688 265.625 171.875 1031.250 148.438 85.938 1085.938 445.312 -265.625 914.062 414.062 -7.812 960.938
-437.500 617.188 -578.125 273.438 226.562 1062.500 117.188 85.938 1078.125 453.125 -226.562 914.062 429.688 0.000 968.750
-460.938 578.125 -609.375 195.312 226.562 1000.000 39.062 70.312 992.188 445.312 -234.375 906.250 390.625 0.000 953.125
-445.312 710.938 -601.562 85.938 203.125 890.625 0.000 62.500 914.062 375.000 -250.000 835.938 382.812 -15.625 921.875
-398.438 757.812 -585.938 62.500 125.000 921.875 -46.875 -23.438 835.938 367.188 -257.812 835.938 375.000 -15.625 929.688
-328.125 804.688 -484.375 54.688 203.125 882.812 -31.250 15.625 867.188 375.000 -281.250 828.125 437.500 -70.312 1000.000
-320.312 859.375 -398.438 62.500 234.375 867.188 15.625 70.312 914.062 421.875 -351.562 867.188 601.562 -117.188 1390.625
-234.375 1101.562 -375.000 -31.250 -148.438 789.062 -140.625 -187.500 656.250 335.938 -523.438 804.688 507.812 140.625 1484.375
-281.250 1125.000 -390.625 -148.438 70.312 546.875 -132.812 -125.000 625.000 343.750 -531.250 671.875 515.625 171.875 1375.000
-351.562 945.312 -507.812 -15.625 -78.125 570.312 132.812 -187.500 843.750 359.375 -281.250 617.188 562.500 46.875 1218.750
-476.562 570.312 -570.312 171.875 140.625 906.250 304.688 164.062 1109.375 382.812 -125.000 937.500 539.062 -132.812 1171.875
-539.062 476.562 -617.188 195.312 171.875 1000.000 125.000 351.562 1070.312 585.938 -54.688 1265.625 320.312 -554.688 773.438
-578.125 429.688 -617.188 78.125 367.188 1023.438 195.312 226.562 1226.562 656.250 -171.875 1312.500 -164.062 -367.188 562.500
-570.312 375.000 -601.562 179.688 125.000 1218.750 296.875 312.500 1132.812 656.250 15.625 1164.062 -460.938 281.250 359.375
-445.312 304.688 -546.875 351.562 414.062 1062.500 281.250 335.938 968.750 351.562 -15.625 796.875 -281.250 0.000 804.688
-406.250 835.938 -562.500 250.000 156.250 875.000 156.250 148.438 898.438 375.000 -179.688 875.000 -328.125 -203.125 976.562
-359.375 945.312 -546.875 304.688 15.625 851.562 203.125 54.688 960.938 312.500 -164.062 929.688 -390.625 -101.562 796.875
-390.625 921.875 -554.688 421.875 85.938 859.375 320.312 109.375 960.938 281.250 -78.125 843.750 -554.688 -140.625 492.188
-507.812 828.125 -703.125 539.062 289.062 1054.688 296.875 312.500 937.500 62.500 23.438 734.375 -671.875 7.812 273.438
-523.438 773.438 -703.125 484.375 453.125 1085.938 289.062 429.688 882.812 117.188 101.562 734.375 -664.062 117.188 257.812
-554.688 718.750 -679.688 367.188 500.000 1062.500 273.438 539.062 890.625 140.625 203.125 742.188 -664.062 265.625 203.125
-640.625 765.625 -656.250 171.875 679.688 1054.688 164.062 695.312 843.750 46.875 343.750 750.000 -734.375 367.188 -15.625
-593.750 1070.312 -710.938 78.125 695.312 1015.625 -31.250 750.000 742.188 -335.938 375.000 625.000 -953.125 242.188 -500.000
-554.688 1484.375 -757.812 132.812 867.188 1039.062 -78.125 882.812 656.250 -453.125 375.000 492.188 -828.125 39.062 -742.188
-554.688 1656.250 -773.438 125.000 898.438 1093.750 -62.500 875.000 679.688 -460.938 328.125 515.625 -773.438 -156.250 -703.125
-500.000 1843.750 -882.812 187.500 789.062 1101.562 -70.312 609.375 726.562 -343.750 -93.750 593.750 -281.250 -679.688 39.062
-421.875 1054.688 -1054.688 445.312 7.812 812.500 164.062 -257.812 804.688 46.875 -859.375 570.312 -31.250 -1109.375 429.688
-414.062 492.188 -1007.812 531.250 -312.500 742.188 312.500 -539.062 914.062 406.250 -1140.625 601.562 242.188 -1218.750 750.000
-515.625 429.688 -953.125 484.375 -359.375 742.188 296.875 -625.000 945.312 609.375 -1218.750 679.688 421.875 -1179.688 1023.438
-656.250 429.688 -609.375 523.438 -390.625 945.312 421.875 -742.188 1156.250 828.125 -1273.438 882.812 343.750 -1242.188 1039.062
-367.188 23.438 -304.688 585.938 -640.625 1335.938 593.750 -843.750 1648.438 492.188 -1375.000 687.500 632.812 -1335.938 1156.250
-820.312 -187.500 -289.062 351.562 -156.250 1375.000 359.375 -234.375 1390.625 726.562 -1054.688 945.312 523.438 -1171.875 914.062
-703.125 -351.562 -179.688 187.500 -7.812 1343.750 226.562 -171.875 1304.688 679.688 -937.500 1015.625 570.312 -1210.938 968.750
-507.812 -406.250 328.125 -546.875 -445.312 875.000 -742.188 -156.250 1093.750 31.250 -335.938 1273.438 781.250 -539.062 1250.000
-609.375 -171.875 93.750 -718.750 -390.625 -773.438 -664.062 -671.875 257.812 453.125 -984.375 1203.125 828.125 -1140.625 1187.500
-898.438 304.688 -117.188 -687.500 -1296.875 -171.875 -54.688 -1515.625 203.125 1117.188 -1304.688 796.875 1031.250 -382.812 1484.375
-679.688 382.812 -148.438 -125.000 -953.125 296.875 -546.875 -804.688 343.750 695.312 -1226.562 492.188 1007.812 -281.250 1718.750
-578.125 101.562 -70.312 585.938 429.688 484.375 -726.562 -429.688 289.062 375.000 -804.688 -140.625 835.938 -296.875 1718.750
-601.562 781.250 -234.375 679.688 585.938 125.000 -640.625 -960.938 531.250 296.875 -1304.688 367.188 617.188 -781.250 1312.500
-773.438 554.688 -312.500 -195.312 -320.312 765.625 -421.875 -632.812 664.062 195.312 -1171.875 578.125 546.875 -476.562 1242.188
-617.188 632.812 -273.438 -414.062 -468.750 617.188 -539.062 -304.688 562.500 -15.625 -1007.812 484.375 570.312 -570.312 1218.750
-851.562 351.562 -382.812 -500.000 23.438 695.312 -500.000 70.312 554.688 -218.750 -601.562 351.562 93.750 -421.875 515.625
-820.312 421.875 -484.375 -523.438 -54.688 617.188 -484.375 39.062 585.938 -203.125 -359.375 382.812 -46.875 -351.562 242.188
-585.938 781.250 -273.438 -570.312 343.750 773.438 -476.562 468.750 562.500 -343.750 -62.500 312.500 -335.938 -179.688 15.625
-593.750 1070.312 -250.000 -578.125 445.312 789.062 -578.125 585.938 460.938 -500.000 70.312 343.750 -164.062 -164.062 382.812
-406.250 992.188 -171.875 -484.375 78.125 882.812 -351.562 359.375 875.000 -515.625 -171.875 445.312 -468.750 -710.938 179.688
-507.812 773.438 -210.938 -375.000 359.375 937.500 -351.562 695.312 1023.438 -390.625 -367.188 539.062 -351.562 -906.250 328.125
-281.250 1093.750 -39.062 -62.500 476.562 828.125 -320.312 226.562 726.562 -460.938 -468.750 570.312 -101.562 -320.312 789.062
-226.562 1000.000 15.625 -312.500 257.812 835.938 -531.250 445.312 828.125 -476.562 -554.688 515.625 62.500 -351.562 992.188
-453.125 304.688 -78.125 -468.750 -148.438 656.250 -523.438 -31.250 617.188 -570.312 -609.375 437.500 -7.812 -445.312 875.000
-375.000 359.375 -85.938 -515.625 -328.125 562.500 -632.812 109.375 492.188 -632.812 -585.938 390.625 -15.625 -398.438 906.250
-367.188 484.375 -171.875 -593.750 62.500 343.750 -664.062 15.625 367.188 -539.062 -492.188 406.250 -70.312 -257.812 835.938
-367.188 687.500 -140.625 -585.938 179.688 304.688 -781.250 -179.688 414.062 -171.875 -406.250 1023.438 250.000 -328.125 968.750
-593.750 718.750 -546.875 -1156.250 546.875 445.312 -867.188 250.000 625.000 -632.812 -406.250 578.125 -289.062 -601.562 585.938
-875.000 1132.812 -742.188 -1085.938 257.812 445.312 -1070.312 -85.938 304.688 -585.938 -609.375 507.812 -203.125 -765.625 640.625
-265.625 1781.250 -320.312 -382.812 421.875 1109.375 -453.125 179.688 1007.812 -671.875 -554.688 304.688 -320.312 -648.438 570.312
-421.875 804.688 -257.812 -343.750 210.938 1296.875 -695.312 234.375 867.188 -656.250 -468.750 468.750 -296.875 -710.938 562.500
-171.875 1234.375 -125.000 -656.250 343.750 710.938 -687.500 23.438 632.812 -640.625 -554.688 476.562 -164.062 -539.062 789.062
-7.812 1156.250 -46.875 -531.250 296.875 695.312 -625.000 117.188 640.625 -617.188 -570.312 476.562 -117.188 -492.188 843.750
-54.688 664.062 -46.875 -445.312 140.625 687.500 -507.812 125.000 601.562 -500.000 -570.312 484.375 -46.875 -507.812 859.375
-179.688 898.438 -156.250 -601.562 187.500 531.250 -648.438 -70.312 609.375 -554.688 -460.938 664.062 -39.062 -523.438 1015.625
-335.938 882.812 -234.375 -546.875 281.250 625.000 -695.312 62.500 585.938 -554.688 -445.312 695.312 39.062 -453.125 1093.750
-390.625 820.312 -320.312 -562.500 312.500 718.750 -781.250 101.562 507.812 -632.812 -390.625 632.812 54.688 -515.625 1132.812
-406.250 859.375 -320.312 -593.750 523.438 773.438 -851.562 234.375 609.375 -687.500 -304.688 695.312 93.750 -468.750 1117.188
-414.062 1210.938 -382.812 -609.375 601.562 1023.438 -1093.750 109.375 695.312 -773.438 -335.938 820.312 15.625 -179.688 1054.688
-218.750 1429.688 -265.625 -343.750 453.125 1351.562 -906.250 281.250 921.875 -796.875 -390.625 804.688 -367.188 -93.750 789.062
-156.250 1273.438 -328.125 -367.188 507.812 1429.688 -992.188 296.875 929.688 -953.125 -320.312 695.312 -468.750 -250.000 742.188
-273.438 1484.375 -398.438 -570.312 476.562 1335.938 -921.875 296.875 890.625 -945.312 -289.062 585.938 -617.188 -234.375 601.562
-226.562 1648.438 -359.375 -296.875 757.812 1375.000 -546.875 437.500 1187.500 -750.000 -304.688 804.688 -265.625 -242.188 1039.062
-281.250 1125.000 -226.562 -85.938 648.438 1851.562 -585.938 1031.250 1484.375 -484.375 -367.188 1281.250 -226.562 -132.812 1250.000
-398.438 953.125 -242.188 -531.250 578.125 1906.250 -781.250 1117.188 1937.500 -343.750 -257.812 1445.312 -179.688 -78.125 1273.438
-531.250 1085.938 -203.125 -296.875 343.750 1484.375 -460.938 281.250 1507.812 -390.625 101.562 1578.125 -171.875 85.938 1210.938
-531.250 1351.562 -445.312 -734.375 93.750 734.375 -789.062 31.250 859.375 -453.125 -625.000 1156.250 15.625 -273.438 1531.250
-289.062 1390.625 -585.938 -640.625 -171.875 203.125 -593.750 -351.562 398.438 -320.312 -593.750 773.438 -23.438 -62.500 1039.062
-281.250 1046.875 -562.500 -828.125 -250.000 -125.000 -750.000 -406.250 101.562 -398.438 -484.375 554.688 -242.188 -148.438 781.250
-640.625 273.438 -531.250 -1132.812 -492.188 -429.688 -1046.875 -132.812 -273.438 -976.562 -289.062 -54.688 -320.312 -539.062 656.250
-359.375 -742.188 -257.812 -31.250 -62.500 960.938 -531.250 218.750 414.062 -937.500 -257.812 -132.812 -453.125 -265.625 398.438
-367.188 328.125 -85.938 -484.375 210.938 640.625 -625.000 226.562 398.438 -617.188 -203.125 359.375 -289.062 78.125 562.500
-367.188 1007.812 -125.000 -742.188 187.500 320.312 -750.000 179.688 375.000 -617.188 -273.438 484.375 -250.000 109.375 664.062
-195.312 1054.688 -54.688 -421.875 390.625 750.000 -531.250 453.125 484.375 -554.688 -109.375 414.062 -148.438 0.000 687.500
15.625 914.062 117.188 -1171.875 437.500 789.062 625.000 1031.250 968.750 -492.188 -304.688 656.250 -421.875 -125.000 546.875
-226.562 710.938 -78.125 -453.125 -296.875 421.875 -812.500 -273.438 460.938 -476.562 -359.375 523.438 -476.562 -164.062 507.812
-195.312 398.438 -39.062 -203.125 -15.625 812.500 -726.562 156.250 382.812 -812.500 -578.125 312.500 -398.438 -195.312 523.438
-296.875 289.062 -132.812 -992.188 156.250 273.438 -546.875 265.625 328.125 -312.500 70.312 320.312 -195.312 -46.875 414.062
-273.438 734.375 -250.000 -500.000 -23.438 703.125 -656.250 265.625 328.125 -93.750 -62.500 500.000 0.000 -15.625 546.875
-375.000 750.000 -406.250 -507.812 250.000 632.812 -289.062 -304.688 632.812 -7.812 -234.375 750.000 328.125 117.188 726.562
-695.312 484.375 -546.875 -234.375 -656.250 695.312 -609.375 39.062 562.500 218.750 -140.625 914.062 328.125 31.250 867.188
-921.875 414.062 -828.125 -710.938 23.438 -242.188 -578.125 -7.812 414.062 203.125 -421.875 851.562 406.250 -93.750 1109.375
-414.062 109.375 -304.688 -656.250 554.688 62.500 -359.375 421.875 765.625 265.625 -210.938 968.750 453.125 15.625 1101.562
335.938 734.375 0.000 -1226.562 39.062 31.250 117.188 226.562 1109.375 531.250 -125.000 1070.312 554.688 85.938 1070.312
117.188 1406.250 -476.562 -1632.812 320.312 78.125 265.625 0.000 1257.812 632.812 -367.188 1078.125 625.000 31.250 1078.125
-820.312 1101.562 -882.812 -460.938 156.250 1726.562 609.375 -398.438 1898.438 750.000 -812.500 1289.062 320.312 -476.562 1179.688
-593.750 593.750 -726.562 -320.312 -85.938 1742.188 414.062 -664.062 1523.438 757.812 -945.312 1187.500 632.812 -500.000 1281.250
-554.688 1023.438 -617.188 -460.938 -273.438 1117.188 156.250 -632.812 1250.000 546.875 -843.750 1000.000 734.375 -382.812 1273.438
-328.125 539.062 -609.375 -414.062 -62.500 1281.250 164.062 -429.688 1296.875 515.625 -656.250 968.750 562.500 -296.875 1093.750
-500.000 625.000 -757.812 -492.188 85.938 1414.062 187.500 -171.875 1562.500 695.312 -687.500 1078.125 554.688 -476.562 1046.875
-562.500 953.125 -765.625 -820.312 187.500 1085.938 273.438 -164.062 1476.562 656.250 -460.938 1062.500 554.688 -171.875 906.250
-546.875 1039.062 -765.625 -1031.250 390.625 734.375 -109.375 -101.562 976.562 453.125 -453.125 859.375 640.625 -179.688 937.500
-617.188 1015.625 -875.000 -1054.688 359.375 601.562 -171.875 -117.188 882.812 328.125 -437.500 757.812 593.750 -187.500 890.625
-359.375 750.000 -835.938 -671.875 226.562 718.750 -7.812 -234.375 1031.250 281.250 -617.188 726.562 453.125 -453.125 859.375
-468.750 921.875 -898.438 -1007.812 -562.500 914.062 140.625 -7.812 992.188 429.688 -796.875 781.250 601.562 -585.938 1000.000
-398.438 859.375 -1054.688 -710.938 -1210.938 1023.438 250.000 -539.062 882.812 765.625 -1125.000 789.062 843.750 -710.938 1218.750
-507.812 945.312 -1195.312 -359.375 -1695.312 1015.625 156.250 -2078.125 867.188 789.062 -679.688 632.812 914.062 -718.750 1242.188
-414.062 945.312 -1070.312 203.125 -914.062 234.375 320.312 -617.188 789.062 757.812 -820.312 656.250 945.312 -429.688 1062.500
-593.750 843.750 -1218.750 445.312 -960.938 101.562 429.688 -539.062 609.375 375.000 -484.375 476.562 515.625 -312.500 750.000
-507.812 1156.250 -1132.812 375.000 -1875.000 -257.812 359.375 -578.125 671.875 304.688 -304.688 468.750 390.625 -343.750 593.750
-382.812 1250.000 -1054.688 281.250 -1257.812 -523.438 414.062 54.688 664.062 507.812 -23.438 531.250 429.688 -304.688 593.750
-2804.688 1562.500 -789.062 -398.438 445.312 1632.812 -2406.250 1218.750 289.062 -1554.688 -281.250 984.375 -1085.938 1765.625 484.375
460.938 -1492.188 -906.250 -1007.812 804.688 1046.875 -1312.500 523.438 867.188 -1062.500 937.500 765.625 -1375.000 335.938 23.438
-773.438 617.188 -257.812 -890.625 414.062 484.375 -796.875 546.875 492.188 -250.000 132.812 726.562 148.438 382.812 695.312
-218.750 312.500 -367.188 -226.562 757.812 703.125 -164.062 242.188 703.125 148.438 -140.625 859.375 132.812 109.375 851.562
-546.875 828.125 -648.438 523.438 460.938 992.188 398.438 265.625 945.312 429.688 -70.312 789.062 250.000 70.312 726.562
-625.000 640.625 -648.438 765.625 414.062 1054.688 531.250 265.625 976.562 468.750 -234.375 742.188 226.562 -148.438 820.312
-601.562 648.438 -531.250 500.000 164.062 953.125 367.188 62.500 984.375 500.000 -375.000 851.562 375.000 -109.375 992.188
-570.312 429.688 -453.125 93.750 179.688 843.750 109.375 117.188 914.062 367.188 -250.000 875.000 328.125 -15.625 968.750
-617.188 437.500 -445.312 23.438 257.812 820.312 85.938 187.500 882.812 343.750 -179.688 835.938 304.688 23.438 898.438
-632.812 515.625 -507.812 93.750 328.125 859.375 140.625 265.625 890.625 359.375 -132.812 851.562 289.062 46.875 875.000
-648.438 460.938 -593.750 281.250 312.500 984.375 273.438 234.375 1015.625 398.438 -218.750 890.625 250.000 -7.812 921.875
-601.562 718.750 -523.438 210.938 250.000 976.562 171.875 164.062 1000.000 304.688 -257.812 914.062 210.938 -54.688 953.125
-609.375 664.062 -531.250 203.125 257.812 968.750 195.312 187.500 1023.438 343.750 -242.188 921.875 226.562 -31.250 937.500
-648.438 664.062 -531.250 203.125 273.438 960.938 234.375 203.125 1031.250 414.062 -250.000 921.875 335.938 -15.625 976.562
-640.625 601.562 -554.688 257.812 281.250 929.688 273.438 203.125 1015.625 484.375 -250.000 882.812 382.812 -62.500 960.938
-609.375 625.000 -539.062 328.125 265.625 937.500 273.438 164.062 945.312 460.938 -273.438 820.312 382.812 -117.188 929.688
-554.688 671.875 -500.000 343.750 210.938 914.062 273.438 125.000 953.125 437.500 -312.500 812.500 359.375 -132.812 929.688
-515.625 718.750 -476.562 382.812 171.875 937.500 312.500 78.125 937.500 437.500 -328.125 828.125 343.750 -125.000 937.500
-492.188 812.500 -492.188 406.250 226.562 937.500 265.625 140.625 953.125 406.250 -289.062 812.500 335.938 -62.500 906.250
-562.500 812.500 -468.750 468.750 296.875 960.938 312.500 226.562 953.125 421.875 -250.000 820.312 265.625 -54.688 843.750
-476.562 796.875 -515.625 414.062 320.312 984.375 289.062 210.938 984.375 343.750 -250.000 843.750 468.750 7.812 851.562
-562.500 656.250 -468.750 406.250 335.938 984.375 351.562 179.688 1000.000 492.188 -289.062 898.438 351.562 -140.625 921.875
-406.250 718.750 -359.375 -15.625 476.562 757.812 109.375 335.938 1054.688 328.125 -195.312 929.688 203.125 -15.625 875.000
