-101.562 960.938 93.750 257.812 -367.188 875.000 218.750 -273.438 921.875 445.312 -632.812 593.750 476.562 -335.938 765.625
-85.938 945.312 117.188 250.000 -390.625 851.562 210.938 -296.875 906.250 445.312 -656.250 578.125 500.000 -367.188 781.250
-85.938 945.312 117.188 250.000 -390.625 851.562 210.938 -296.875 906.250 445.312 -656.250 578.125 500.000 -367.188 781.250
-101.562 960.938 109.375 242.188 -398.438 843.750 195.312 -296.875 906.250 445.312 -648.438 578.125 476.562 -382.812 757.812
-101.562 968.750 109.375 250.000 -390.625 851.562 203.125 -296.875 906.250 421.875 -640.625 562.500 468.750 -375.000 742.188
-109.375 960.938 101.562 257.812 -382.812 867.188 195.312 -289.062 906.250 421.875 -632.812 554.688 460.938 -382.812 742.188
-101.562 984.375 117.188 242.188 -375.000 859.375 195.312 -296.875 898.438 421.875 -640.625 546.875 468.750 -382.812 734.375
-101.562 976.562 109.375 234.375 -398.438 851.562 187.500 -304.688 906.250 429.688 -640.625 562.500 468.750 -382.812 742.188
-101.562 976.562 109.375 234.375 -398.438 851.562 187.500 -304.688 906.250 429.688 -640.625 562.500 468.750 -382.812 742.188
-101.562 960.938 109.375 250.000 -406.250 867.188 203.125 -312.500 921.875 429.688 -656.250 570.312 476.562 -390.625 750.000
-101.562 945.312 117.188 265.625 -414.062 867.188 195.312 -312.500 921.875 437.500 -671.875 562.500 476.562 -406.250 757.812
-85.938 945.312 125.000 320.312 -429.688 953.125 242.188 -304.688 976.562 437.500 -671.875 554.688 476.562 -421.875 765.625
-39.062 1015.625 132.812 328.125 -437.500 984.375 273.438 -320.312 1031.250 460.938 -687.500 585.938 468.750 -421.875 781.250
-62.500 1039.062 132.812 304.688 -453.125 968.750 250.000 -320.312 1046.875 476.562 -710.938 679.688 476.562 -398.438 796.875
-93.750 1109.375 109.375 250.000 -437.500 937.500 265.625 -375.000 1101.562 531.250 -726.562 710.938 507.812 -390.625 906.250
-93.750 1109.375 109.375 250.000 -437.500 937.500 265.625 -375.000 1101.562 531.250 -726.562 710.938 507.812 -390.625 906.250
-125.000 984.375 54.688 218.750 -437.500 945.312 171.875 -312.500 992.188 531.250 -734.375 742.188 539.062 -390.625 898.438
-132.812 937.500 31.250 210.938 -414.062 945.312 242.188 -312.500 960.938 507.812 -742.188 601.562 546.875 -390.625 890.625
-132.812 937.500 31.250 210.938 -414.062 945.312 242.188 -312.500 960.938 507.812 -742.188 601.562 546.875 -390.625 890.625
-171.875 937.500 7.812 179.688 -398.438 921.875 125.000 -304.688 937.500 445.312 -726.562 632.812 523.438 -398.438 882.812
-140.625 976.562 -7.812 109.375 -359.375 859.375 125.000 -289.062 968.750 390.625 -687.500 687.500 492.188 -390.625 843.750
-117.188 992.188 -15.625 101.562 -390.625 882.812 117.188 -234.375 1039.062 398.438 -679.688 695.312 437.500 -367.188 867.188
-117.188 929.688 -15.625 78.125 -343.750 898.438 70.312 -226.562 992.188 289.062 -687.500 625.000 414.062 -351.562 843.750
-125.000 1023.438 -23.438 187.500 -320.312 1000.000 -7.812 -164.062 867.188 195.312 -648.438 539.062 359.375 -414.062 812.500
-117.188 1078.125 -39.062 148.438 -265.625 1015.625 -7.812 -54.688 890.625 242.188 -687.500 562.500 328.125 -390.625 773.438
-117.188 1078.125 -39.062 148.438 -265.625 1015.625 -7.812 -54.688 890.625 242.188 -687.500 562.500 328.125 -390.625 773.438
-171.875 1046.875 -109.375 15.625 -101.562 984.375 -70.312 -132.812 882.812 156.250 -570.312 546.875 218.750 -414.062 671.875
-171.875 1046.875 -109.375 15.625 -101.562 984.375 -70.312 -132.812 882.812 156.250 -570.312 546.875 218.750 -414.062 671.875
-195.312 1140.625 -171.875 7.812 -210.938 851.562 23.438 15.625 875.000 265.625 -531.250 679.688 367.188 -343.750 843.750
-257.812 1007.812 -179.688 468.750 -179.688 1515.625 23.438 78.125 1359.375 265.625 -671.875 875.000 437.500 -312.500 968.750
-257.812 1007.812 -179.688 468.750 -179.688 1515.625 23.438 78.125 1359.375 265.625 -671.875 875.000 437.500 -312.500 968.750
-429.688 921.875 -351.562 -93.750 -601.562 632.812 23.438 -851.562 742.188 375.000 -898.438 585.938 421.875 -648.438 929.688
-375.000 1273.438 -414.062 -125.000 -1000.000 304.688 -109.375 -945.312 570.312 382.812 -843.750 687.500 468.750 -593.750 898.438
-289.062 1273.438 -429.688 39.062 -945.312 296.875 54.688 -859.375 625.000 367.188 -1039.062 281.250 484.375 -695.312 906.250
296.875 1210.938 242.188 375.000 -546.875 796.875 70.312 -328.125 742.188 234.375 -960.938 203.125 445.312 -656.250 632.812
296.875 1210.938 242.188 375.000 -546.875 796.875 70.312 -328.125 742.188 234.375 -960.938 203.125 445.312 -656.250 632.812
148.438 1195.312 289.062 335.938 46.875 1039.062 -62.500 203.125 718.750 250.000 -390.625 460.938 226.562 -500.000 664.062
148.438 1195.312 289.062 335.938 46.875 1039.062 -62.500 203.125 718.750 250.000 -390.625 460.938 226.562 -500.000 664.062
-156.250 210.938 -125.000 -218.750 -320.312 687.500 -226.562 -375.000 718.750 -62.500 -476.562 460.938 70.312 -265.625 632.812
-156.250 210.938 -125.000 -218.750 -320.312 687.500 -226.562 -375.000 718.750 -62.500 -476.562 460.938 70.312 -265.625 632.812
-453.125 710.938 -15.625 -46.875 -679.688 632.812 -7.812 -554.688 773.438 117.188 -742.188 453.125 203.125 -429.688 804.688
-445.312 664.062 -156.250 -15.625 -726.562 507.812 -78.125 -421.875 882.812 226.562 -906.250 546.875 179.688 -203.125 734.375
-617.188 757.812 -148.438 62.500 101.562 1039.062 78.125 -164.062 875.000 328.125 -593.750 609.375 273.438 -289.062 750.000
-617.188 757.812 -148.438 62.500 101.562 1039.062 78.125 -164.062 875.000 328.125 -593.750 609.375 273.438 -289.062 750.000
-539.062 679.688 -234.375 242.188 -85.938 992.188 156.250 -15.625 937.500 304.688 -515.625 632.812 234.375 -195.312 789.062
-539.062 679.688 -234.375 242.188 -85.938 992.188 156.250 -15.625 937.500 304.688 -515.625 632.812 234.375 -195.312 789.062
-539.062 789.062 -242.188 187.500 -171.875 937.500 -7.812 -125.000 835.938 101.562 -500.000 585.938 117.188 -273.438 656.250
-539.062 789.062 -242.188 187.500 -171.875 937.500 -7.812 -125.000 835.938 101.562 -500.000 585.938 117.188 -273.438 656.250
-492.188 890.625 -195.312 179.688 -117.188 953.125 -85.938 -54.688 804.688 226.562 -601.562 539.062 171.875 -250.000 703.125
-476.562 921.875 -132.812 171.875 -62.500 984.375 -31.250 15.625 679.688 187.500 -500.000 570.312 132.812 -250.000 679.688
-218.750 953.125 46.875 867.188 1164.062 1593.750 -62.500 414.062 789.062 179.688 -359.375 453.125 265.625 -31.250 531.250
-500.000 945.312 -125.000 828.125 1140.625 1242.188 320.312 781.250 914.062 156.250 -257.812 421.875 218.750 -54.688 578.125
-765.625 1140.625 -390.625 -250.000 -1156.250 -46.875 -62.500 -1164.062 453.125 156.250 -500.000 351.562 226.562 -250.000 632.812
-671.875 -296.875 -640.625 132.812 -1140.625 492.188 85.938 -578.125 828.125 601.562 -625.000 523.438 679.688 -593.750 1000.000
-671.875 -296.875 -640.625 132.812 -1140.625 492.188 85.938 -578.125 828.125 601.562 -625.000 523.438 679.688 -593.750 1000.000
-867.188 179.688 -179.688 -398.438 -187.500 820.312 359.375 78.125 859.375 546.875 -70.312 460.938 460.938 -351.562 710.938
-343.750 671.875 -210.938 -617.188 312.500 507.812 375.000 -351.562 640.625 585.938 -296.875 406.250 429.688 -218.750 578.125
-664.062 945.312 -210.938 -437.500 -601.562 437.500 781.250 -953.125 750.000 859.375 -765.625 593.750 578.125 -468.750 906.250
-695.312 867.188 -273.438 -250.000 -453.125 843.750 757.812 -625.000 765.625 828.125 -742.188 632.812 601.562 -476.562 906.250
-742.188 953.125 -85.938 -226.562 -421.875 984.375 726.562 -546.875 789.062 882.812 -609.375 507.812 593.750 -468.750 851.562
-625.000 921.875 -164.062 31.250 -507.812 1101.562 921.875 -773.438 828.125 851.562 -679.688 539.062 656.250 -460.938 789.062
-500.000 812.500 -15.625 0.000 -640.625 1007.812 984.375 -500.000 914.062 1109.375 -429.688 601.562 1000.000 -375.000 890.625
-500.000 812.500 -15.625 0.000 -640.625 1007.812 984.375 -500.000 914.062 1109.375 -429.688 601.562 1000.000 -375.000 890.625
-1085.938 984.375 23.438 -46.875 -453.125 960.938 750.000 -531.250 765.625 1132.812 -468.750 625.000 953.125 -289.062 804.688
484.375 1312.500 593.750 23.438 195.312 1398.438 523.438 -375.000 804.688 976.562 -429.688 531.250 859.375 -132.812 640.625
-734.375 992.188 101.562 46.875 -335.938 1046.875 593.750 -554.688 726.562 734.375 -507.812 492.188 585.938 -398.438 750.000
-257.812 1117.188 -7.812 23.438 -265.625 1039.062 554.688 -531.250 750.000 765.625 -609.375 476.562 593.750 -382.812 773.438
-421.875 1031.250 -7.812 -85.938 -218.750 1070.312 578.125 -492.188 734.375 679.688 -484.375 515.625 554.688 -335.938 757.812
-468.750 898.438 7.812 -203.125 -179.688 953.125 593.750 -562.500 710.938 687.500 -585.938 515.625 515.625 -335.938 757.812
-429.688 843.750 54.688 -164.062 -203.125 953.125 335.938 -562.500 710.938 492.188 -593.750 484.375 437.500 -382.812 796.875
-375.000 890.625 85.938 -156.250 -179.688 945.312 289.062 -539.062 718.750 554.688 -593.750 500.000 289.062 -390.625 734.375
-382.812 890.625 109.375 -218.750 -132.812 945.312 335.938 -539.062 742.188 500.000 -554.688 554.688 273.438 -375.000 710.938
-382.812 890.625 109.375 -218.750 -132.812 945.312 335.938 -539.062 742.188 500.000 -554.688 554.688 273.438 -375.000 710.938
-476.562 882.812 85.938 -210.938 -39.062 1031.250 320.312 -382.812 968.750 500.000 -460.938 703.125 335.938 -281.250 734.375
-406.250 1101.562 203.125 218.750 -335.938 1117.188 437.500 -585.938 1054.688 687.500 -484.375 734.375 546.875 -296.875 867.188
-257.812 1031.250 210.938 31.250 -484.375 1382.812 1046.875 70.312 1609.375 757.812 -546.875 968.750 570.312 -250.000 867.188
-398.438 468.750 320.312 39.062 125.000 1414.062 617.188 -601.562 1476.562 773.438 -375.000 968.750 429.688 -109.375 812.500
-484.375 468.750 281.250 -7.812 -101.562 1125.000 648.438 -453.125 1039.062 914.062 -671.875 1078.125 281.250 31.250 804.688
-453.125 562.500 312.500 -335.938 109.375 546.875 289.062 -328.125 367.188 687.500 -257.812 882.812 250.000 132.812 804.688
-312.500 742.188 234.375 -609.375 218.750 343.750 -62.500 -187.500 281.250 687.500 -648.438 601.562 335.938 -156.250 898.438
-312.500 742.188 234.375 -609.375 218.750 343.750 -62.500 -187.500 281.250 687.500 -648.438 601.562 335.938 -156.250 898.438
-867.188 710.938 -242.188 -742.188 210.938 148.438 -164.062 85.938 507.812 445.312 -562.500 367.188 359.375 -875.000 742.188
-867.188 710.938 -242.188 -742.188 210.938 148.438 -164.062 85.938 507.812 445.312 -562.500 367.188 359.375 -875.000 742.188
-796.875 671.875 -343.750 -218.750 -609.375 1031.250 -648.438 -695.312 78.125 93.750 -710.938 328.125 531.250 -742.188 710.938
-601.562 1187.500 -187.500 -968.750 -343.750 164.062 -585.938 -164.062 671.875 101.562 -617.188 500.000 296.875 -414.062 703.125
-351.562 882.812 -15.625 -507.812 -484.375 710.938 -593.750 -156.250 531.250 39.062 -671.875 437.500 148.438 -382.812 710.938
-226.562 578.125 203.125 -671.875 -414.062 617.188 -531.250 -132.812 656.250 -54.688 -593.750 500.000 234.375 -265.625 750.000
-523.438 843.750 0.000 -796.875 -382.812 460.938 -664.062 -250.000 656.250 70.312 -640.625 617.188 367.188 -289.062 890.625
-507.812 734.375 -7.812 -890.625 -390.625 453.125 -531.250 -257.812 679.688 101.562 -750.000 500.000 382.812 -375.000 906.250
-507.812 734.375 -7.812 -890.625 -390.625 453.125 -531.250 -257.812 679.688 101.562 -750.000 500.000 382.812 -375.000 906.250
-406.250 609.375 62.500 -718.750 -281.250 539.062 -507.812 -140.625 648.438 -31.250 -687.500 578.125 250.000 -421.875 765.625
-265.625 796.875 125.000 -578.125 -187.500 781.250 -335.938 15.625 890.625 -54.688 -1101.562 367.188 62.500 -343.750 664.062
-273.438 1125.000 70.312 -585.938 -117.188 929.688 -398.438 0.000 992.188 -117.188 -468.750 632.812 54.688 -281.250 750.000
-226.562 1101.562 46.875 -617.188 -226.562 867.188 -421.875 -31.250 953.125 -101.562 -585.938 718.750 93.750 -328.125 859.375
-117.188 1132.812 125.000 -585.938 -140.625 929.688 -375.000 85.938 1015.625 -70.312 -656.250 710.938 179.688 -304.688 921.875
-101.562 1210.938 117.188 -578.125 -132.812 929.688 -515.625 -31.250 796.875 -23.438 -562.500 828.125 140.625 -296.875 867.188
-218.750 1179.688 23.438 -617.188 -187.500 835.938 -382.812 -31.250 742.188 -39.062 -562.500 539.062 125.000 -328.125 820.312
-296.875 929.688 15.625 -531.250 -250.000 812.500 -437.500 -78.125 710.938 -164.062 -625.000 554.688 140.625 -421.875 789.062
-148.438 937.500 148.438 -570.312 -257.812 757.812 -398.438 -132.812 648.438 -125.000 -539.062 437.500 132.812 -304.688 632.812
-148.438 937.500 148.438 -570.312 -257.812 757.812 -398.438 -132.812 648.438 -125.000 -539.062 437.500 132.812 -304.688 632.812
-148.438 937.500 148.438 -570.312 -257.812 757.812 -398.438 -132.812 648.438 -125.000 -539.062 437.500 132.812 -304.688 632.812
-195.312 1046.875 125.000 -625.000 -312.500 664.062 -421.875 -179.688 328.125 39.062 -578.125 468.750 265.625 -367.188 695.312
-257.812 812.500 117.188 -554.688 -234.375 539.062 -265.625 -195.312 273.438 140.625 -351.562 203.125 296.875 -421.875 578.125
-257.812 710.938 125.000 -546.875 -156.250 406.250 31.250 -46.875 546.875 101.562 -539.062 164.062 351.562 -476.562 562.500
-273.438 679.688 140.625 -562.500 -203.125 343.750 -296.875 -304.688 593.750 140.625 -398.438 437.500 343.750 -460.938 515.625
-328.125 523.438 140.625 -539.062 -210.938 359.375 117.188 -234.375 476.562 390.625 -429.688 351.562 421.875 -289.062 593.750
-296.875 578.125 54.688 -492.188 -46.875 429.688 429.688 -273.438 632.812 523.438 -382.812 109.375 398.438 -328.125 445.312
-484.375 648.438 -125.000 -531.250 -265.625 546.875 593.750 -625.000 609.375 476.562 -195.312 46.875 312.500 -585.938 351.562
-484.375 648.438 -125.000 -531.250 -265.625 546.875 593.750 -625.000 609.375 476.562 -195.312 46.875 312.500 -585.938 351.562
-710.938 820.312 -296.875 -562.500 -320.312 335.938 421.875 -796.875 492.188 757.812 -453.125 7.812 601.562 -601.562 343.750
-195.312 695.312 39.062 -296.875 -632.812 523.438 500.000 -929.688 687.500 1210.938 -820.312 414.062 742.188 -328.125 601.562
-195.312 695.312 39.062 -296.875 -632.812 523.438 500.000 -929.688 687.500 1210.938 -820.312 414.062 742.188 -328.125 601.562
-148.438 695.312 109.375 -328.125 -812.500 531.250 593.750 -937.500 703.125 1171.875 -726.562 250.000 960.938 -437.500 945.312
-171.875 742.188 109.375 -226.562 -859.375 742.188 718.750 -882.812 703.125 1093.750 -914.062 398.438 867.188 -531.250 710.938
289.062 1312.500 62.500 -62.500 -859.375 945.312 875.000 -1046.875 625.000 1117.188 -835.938 148.438 921.875 -664.062 648.438
296.875 1523.438 195.312 179.688 -1000.000 1187.500 968.750 -1187.500 640.625 1093.750 -804.688 140.625 914.062 -578.125 703.125
78.125 1406.250 125.000 93.750 -1218.750 1210.938 976.562 -1320.312 625.000 1148.438 -960.938 109.375 945.312 -820.312 789.062
78.125 1406.250 125.000 93.750 -1218.750 1210.938 976.562 -1320.312 625.000 1148.438 -960.938 109.375 945.312 -820.312 789.062
0.000 1445.312 101.562 -31.250 -1203.125 1039.062 828.125 -1218.750 437.500 1070.312 -1000.000 -109.375 921.875 -890.625 750.000
0.000 1445.312 101.562 -31.250 -1203.125 1039.062 828.125 -1218.750 437.500 1070.312 -1000.000 -109.375 921.875 -890.625 750.000
156.250 1335.938 101.562 -23.438 -1148.438 914.062 835.938 -1210.938 445.312 1078.125 -945.312 -62.500 945.312 -820.312 687.500
-46.875 1351.562 -39.062 -85.938 -851.562 1015.625 812.500 -835.938 515.625 1117.188 -914.062 -54.688 914.062 -695.312 531.250
-125.000 1367.188 -70.312 -125.000 -742.188 992.188 804.688 -781.250 531.250 1093.750 -609.375 -54.688 945.312 -609.375 437.500
-187.500 1226.562 -109.375 -117.188 -632.812 1000.000 804.688 -750.000 593.750 1070.312 -625.000 -78.125 1000.000 -539.062 468.750
-179.688 1148.438 -132.812 -109.375 -632.812 1000.000 804.688 -726.562 617.188 1101.562 -554.688 39.062 1007.812 -492.188 492.188
-195.312 1085.938 -140.625 -148.438 -492.188 960.938 742.188 -664.062 617.188 1070.312 -546.875 46.875 898.438 -414.062 453.125
-195.312 1085.938 -140.625 -148.438 -492.188 960.938 742.188 -664.062 617.188 1070.312 -546.875 46.875 898.438 -414.062 453.125
-187.500 1093.750 -156.250 -156.250 -500.000 960.938 695.312 -656.250 617.188 1007.812 -515.625 125.000 882.812 -445.312 476.562
-164.062 1117.188 -148.438 -203.125 -312.500 875.000 492.188 -500.000 578.125 976.562 -507.812 140.625 757.812 -351.562 492.188
-164.062 1117.188 -148.438 -203.125 -312.500 875.000 492.188 -500.000 578.125 976.562 -507.812 140.625 757.812 -351.562 492.188
-187.500 882.812 -132.812 -304.688 -351.562 703.125 382.812 -468.750 484.375 718.750 -523.438 140.625 703.125 -367.188 492.188
-203.125 765.625 -156.250 -304.688 -390.625 656.250 320.312 -531.250 507.812 765.625 -507.812 132.812 664.062 -375.000 523.438
-312.500 718.750 -109.375 -335.938 -375.000 656.250 343.750 -578.125 507.812 671.875 -539.062 156.250 609.375 -382.812 578.125
-273.438 742.188 -54.688 -296.875 -468.750 687.500 281.250 -648.438 468.750 664.062 -593.750 179.688 562.500 -476.562 609.375
-23.438 859.375 171.875 -273.438 -453.125 609.375 132.812 -625.000 476.562 578.125 -679.688 203.125 445.312 -515.625 671.875
-23.438 859.375 171.875 -273.438 -453.125 609.375 132.812 -625.000 476.562 578.125 -679.688 203.125 445.312 -515.625 671.875
-23.438 859.375 171.875 -273.438 -453.125 609.375 132.812 -625.000 476.562 578.125 -679.688 203.125 445.312 -515.625 671.875
-164.062 968.750 85.938 -398.438 -343.750 578.125 15.625 -382.812 539.062 414.062 -664.062 218.750 296.875 -468.750 562.500
-585.938 828.125 -109.375 -695.312 -140.625 398.438 -148.438 -203.125 578.125 273.438 -328.125 398.438 265.625 -367.188 523.438
-632.812 695.312 -195.312 -632.812 -46.875 484.375 -117.188 -101.562 671.875 289.062 -390.625 351.562 296.875 -234.375 554.688
-695.312 539.062 -210.938 -570.312 23.438 664.062 -109.375 -78.125 757.812 273.438 -265.625 484.375 250.000 -132.812 601.562
-664.062 492.188 -187.500 -515.625 78.125 718.750 -23.438 -148.438 804.688 265.625 -304.688 546.875 226.562 -156.250 656.250
-664.062 507.812 -187.500 -414.062 54.688 742.188 -101.562 -31.250 851.562 289.062 -445.312 609.375 218.750 -171.875 679.688
-656.250 554.688 -195.312 -296.875 -148.438 804.688 23.438 -203.125 851.562 289.062 -398.438 609.375 203.125 -218.750 750.000
-656.250 554.688 -195.312 -296.875 -148.438 804.688 23.438 -203.125 851.562 289.062 -398.438 609.375 203.125 -218.750 750.000
-406.250 765.625 -31.250 -234.375 -93.750 867.188 -62.500 -195.312 890.625 343.750 -554.688 617.188 257.812 -304.688 843.750
-484.375 750.000 -85.938 -117.188 -195.312 906.250 62.500 -156.250 898.438 382.812 -484.375 632.812 273.438 -289.062 828.125
-687.500 664.062 -203.125 -242.188 -109.375 906.250 54.688 -101.562 906.250 351.562 -523.438 632.812 304.688 -242.188 796.875
-796.875 515.625 -265.625 -257.812 -70.312 937.500 85.938 -23.438 921.875 406.250 -437.500 632.812 359.375 -187.500 789.062
-742.188 507.812 -226.562 -242.188 -54.688 929.688 54.688 23.438 929.688 406.250 -414.062 648.438 359.375 -140.625 796.875
-703.125 523.438 -218.750 -242.188 -31.250 937.500 46.875 39.062 921.875 390.625 -335.938 687.500 351.562 -117.188 789.062
