-359.375 960.938 -187.500 156.250 -109.375 867.188 39.062 54.688 945.312 359.375 -554.688 687.500 367.188 -296.875 882.812
-382.812 937.500 -226.562 156.250 -109.375 867.188 31.250 46.875 953.125 328.125 -570.312 687.500 359.375 -304.688 875.000
-390.625 906.250 -234.375 187.500 -109.375 882.812 31.250 46.875 968.750 328.125 -570.312 679.688 343.750 -296.875 875.000
-359.375 906.250 -250.000 203.125 -109.375 898.438 39.062 54.688 945.312 320.312 -562.500 679.688 335.938 -289.062 867.188
-398.438 929.688 -265.625 210.938 -62.500 937.500 46.875 109.375 984.375 335.938 -515.625 734.375 351.562 -257.812 867.188
-398.438 960.938 -273.438 242.188 -39.062 984.375 93.750 132.812 1023.438 343.750 -523.438 750.000 343.750 -257.812 859.375
-390.625 843.750 -281.250 250.000 -85.938 976.562 101.562 85.938 1054.688 382.812 -539.062 781.250 367.188 -250.000 921.875
-398.438 796.875 -265.625 250.000 -85.938 984.375 93.750 78.125 1054.688 406.250 -578.125 812.500 382.812 -242.188 945.312
-343.750 820.312 -210.938 234.375 -125.000 968.750 62.500 78.125 1031.250 335.938 -570.312 789.062 375.000 -257.812 953.125
-343.750 820.312 -210.938 234.375 -125.000 968.750 62.500 78.125 1031.250 335.938 -570.312 789.062 375.000 -257.812 953.125
-281.250 851.562 -179.688 218.750 -132.812 960.938 62.500 101.562 1000.000 375.000 -578.125 789.062 390.625 -312.500 960.938
-375.000 781.250 -265.625 242.188 -101.562 992.188 54.688 125.000 992.188 304.688 -578.125 750.000 328.125 -296.875 914.062
-414.062 796.875 -281.250 234.375 -93.750 992.188 46.875 132.812 976.562 289.062 -539.062 726.562 312.500 -296.875 898.438
-320.312 953.125 -250.000 218.750 -62.500 1000.000 39.062 195.312 976.562 250.000 -546.875 726.562 273.438 -296.875 851.562
-406.250 984.375 -304.688 218.750 0.000 1031.250 62.500 210.938 1015.625 250.000 -500.000 757.812 250.000 -257.812 859.375
-429.688 976.562 -328.125 226.562 -15.625 1023.438 39.062 187.500 1046.875 257.812 -539.062 882.812 234.375 -265.625 882.812
-375.000 937.500 -328.125 250.000 -46.875 1054.688 132.812 148.438 1148.438 289.062 -507.812 835.938 273.438 -289.062 984.375
-375.000 937.500 -328.125 250.000 -46.875 1054.688 132.812 148.438 1148.438 289.062 -507.812 835.938 273.438 -289.062 984.375
-304.688 812.500 -265.625 296.875 -125.000 1132.812 117.188 179.688 1148.438 343.750 -585.938 921.875 312.500 -257.812 1093.750
-398.438 835.938 -281.250 179.688 -117.188 1054.688 -23.438 156.250 1023.438 343.750 -625.000 953.125 312.500 -218.750 1039.062
-468.750 812.500 -351.562 -39.062 -109.375 867.188 -187.500 117.188 843.750 164.062 -601.562 773.438 179.688 -304.688 890.625
-468.750 812.500 -351.562 -39.062 -109.375 867.188 -187.500 117.188 843.750 164.062 -601.562 773.438 179.688 -304.688 890.625
-445.312 828.125 -398.438 -132.812 -93.750 742.188 -242.188 117.188 773.438 -46.875 -468.750 656.250 85.938 -281.250 789.062
-429.688 765.625 -421.875 -101.562 -46.875 867.188 -250.000 250.000 804.688 -46.875 -453.125 671.875 15.625 -257.812 781.250
-460.938 796.875 -414.062 -93.750 7.812 929.688 -203.125 257.812 843.750 -62.500 -460.938 664.062 0.000 -242.188 789.062
-437.500 804.688 -398.438 -85.938 0.000 906.250 -195.312 226.562 867.188 -31.250 -476.562 773.438 -15.625 -234.375 820.312
-398.438 796.875 -375.000 -93.750 -54.688 890.625 -195.312 187.500 882.812 -46.875 -421.875 765.625 23.438 -250.000 906.250
-398.438 796.875 -375.000 -93.750 -54.688 890.625 -195.312 187.500 882.812 -46.875 -421.875 765.625 23.438 -250.000 906.250
-382.812 789.062 -359.375 -101.562 -54.688 882.812 -187.500 156.250 898.438 -39.062 -562.500 812.500 54.688 -242.188 960.938
-375.000 804.688 -343.750 -70.312 -85.938 875.000 -171.875 125.000 921.875 -15.625 -515.625 796.875 117.188 -242.188 1070.312
-359.375 882.812 -335.938 -7.812 -125.000 929.688 -171.875 109.375 945.312 -23.438 -546.875 796.875 85.938 -179.688 1101.562
-398.438 976.562 -351.562 -23.438 -101.562 953.125 -179.688 179.688 960.938 -15.625 -500.000 812.500 -15.625 -164.062 960.938
-398.438 976.562 -351.562 -23.438 -101.562 953.125 -179.688 179.688 960.938 -15.625 -500.000 812.500 -15.625 -164.062 960.938
-421.875 781.250 -382.812 -70.312 -54.688 960.938 -179.688 210.938 921.875 -46.875 -437.500 796.875 -210.938 -320.312 750.000
-453.125 585.938 -406.250 -70.312 -62.500 937.500 -195.312 210.938 906.250 -54.688 -437.500 789.062 -171.875 -289.062 828.125
-492.188 585.938 -398.438 -70.312 -62.500 937.500 -179.688 226.562 906.250 -46.875 -445.312 828.125 -148.438 -242.188 875.000
-492.188 585.938 -398.438 -70.312 -62.500 937.500 -179.688 226.562 906.250 -46.875 -445.312 828.125 -148.438 -242.188 875.000
-476.562 625.000 -421.875 -15.625 -7.812 1023.438 -132.812 289.062 945.312 -23.438 -429.688 843.750 -109.375 -218.750 945.312
-468.750 648.438 -421.875 -15.625 23.438 1031.250 -140.625 273.438 921.875 -46.875 -406.250 804.688 -164.062 -210.938 898.438
-429.688 835.938 -406.250 -85.938 39.062 929.688 -195.312 218.750 882.812 -39.062 -398.438 835.938 -218.750 -234.375 835.938
-312.500 812.500 -414.062 85.938 -140.625 976.562 -85.938 195.312 945.312 -93.750 -421.875 773.438 -226.562 -234.375 781.250
-367.188 710.938 -484.375 390.625 -31.250 1492.188 171.875 351.562 1359.375 179.688 -523.438 968.750 -171.875 -296.875 851.562
-523.438 562.500 -523.438 632.812 31.250 1625.000 148.438 296.875 1343.750 195.312 -546.875 953.125 -140.625 -359.375 890.625
-523.438 562.500 -523.438 632.812 31.250 1625.000 148.438 296.875 1343.750 195.312 -546.875 953.125 -140.625 -359.375 890.625
-523.438 562.500 -523.438 632.812 31.250 1625.000 148.438 296.875 1343.750 195.312 -546.875 953.125 -140.625 -359.375 890.625
-570.312 898.438 -554.688 -320.312 367.188 703.125 156.250 289.062 1367.188 148.438 -562.500 976.562 -15.625 -210.938 992.188
-679.688 960.938 -695.312 -796.875 140.625 234.375 -492.188 15.625 750.000 62.500 -492.188 882.812 -31.250 -109.375 1015.625
-507.812 789.062 -703.125 -570.312 -226.562 468.750 -382.812 -210.938 671.875 46.875 -351.562 945.312 -85.938 -187.500 882.812
-398.438 718.750 -625.000 -453.125 -406.250 539.062 -351.562 23.438 742.188 78.125 -679.688 648.438 -70.312 -312.500 867.188
-546.875 859.375 -656.250 -375.000 -492.188 476.562 -250.000 -179.688 671.875 -23.438 -812.500 578.125 93.750 -460.938 921.875
-195.312 976.562 -343.750 -23.438 -359.375 703.125 -62.500 -15.625 789.062 62.500 -609.375 515.625 85.938 -171.875 820.312
-179.688 984.375 -351.562 -39.062 -328.125 742.188 -250.000 -31.250 835.938 0.000 -632.812 500.000 93.750 -257.812 851.562
-523.438 992.188 -523.438 242.188 -265.625 953.125 375.000 468.750 1210.938 117.188 -554.688 539.062 296.875 -320.312 859.375
-523.438 992.188 -523.438 242.188 -265.625 953.125 375.000 468.750 1210.938 117.188 -554.688 539.062 296.875 -320.312 859.375
-70.312 578.125 125.000 445.312 335.938 1367.188 210.938 210.938 1171.875 500.000 -734.375 976.562 367.188 -289.062 945.312
-351.562 1156.250 -460.938 93.750 -531.250 789.062 85.938 -46.875 1148.438 492.188 -335.938 929.688 312.500 101.562 1046.875
-437.500 609.375 -257.812 289.062 -54.688 1164.062 39.062 -195.312 1078.125 398.438 -875.000 945.312 335.938 -218.750 1210.938
-531.250 664.062 -359.375 101.562 164.062 1140.625 85.938 312.500 953.125 320.312 -539.062 812.500 218.750 -85.938 875.000
-453.125 679.688 -468.750 179.688 0.000 1101.562 0.000 125.000 937.500 171.875 -476.562 703.125 93.750 -171.875 835.938
-507.812 820.312 -421.875 1085.938 289.062 1226.562 -234.375 132.812 640.625 203.125 -476.562 742.188 218.750 -195.312 851.562
-507.812 820.312 -421.875 1085.938 289.062 1226.562 -234.375 132.812 640.625 203.125 -476.562 742.188 218.750 -195.312 851.562
-570.312 1054.688 -390.625 515.625 367.188 1437.500 -179.688 -15.625 593.750 101.562 -375.000 578.125 109.375 -78.125 710.938
-656.250 992.188 -382.812 343.750 695.312 1070.312 195.312 1000.000 914.062 171.875 -359.375 648.438 125.000 -132.812 718.750
-656.250 992.188 -382.812 343.750 695.312 1070.312 195.312 1000.000 914.062 171.875 -359.375 648.438 125.000 -132.812 718.750
-187.500 843.750 -85.938 -179.688 -335.938 414.062 179.688 101.562 781.250 156.250 -62.500 609.375 273.438 -148.438 710.938
-429.688 695.312 -492.188 -367.188 -875.000 226.562 62.500 -414.062 750.000 437.500 -218.750 625.000 414.062 -171.875 812.500
-890.625 -156.250 -921.875 -781.250 -1265.625 304.688 148.438 -437.500 703.125 429.688 -765.625 437.500 281.250 -585.938 820.312
-890.625 -156.250 -921.875 -781.250 -1265.625 304.688 148.438 -437.500 703.125 429.688 -765.625 437.500 281.250 -585.938 820.312
-640.625 781.250 -460.938 -625.000 -460.938 546.875 343.750 -562.500 890.625 734.375 -570.312 765.625 554.688 -359.375 1085.938
-765.625 796.875 -406.250 -500.000 -531.250 570.312 367.188 -445.312 921.875 656.250 -546.875 671.875 460.938 -78.125 921.875
-500.000 867.188 -234.375 -468.750 -382.812 718.750 468.750 -312.500 953.125 601.562 -671.875 742.188 492.188 -367.188 859.375
-500.000 796.875 -156.250 -164.062 -195.312 1117.188 617.188 -226.562 1000.000 687.500 -554.688 703.125 546.875 -250.000 835.938
-500.000 796.875 -156.250 -164.062 -195.312 1117.188 617.188 -226.562 1000.000 687.500 -554.688 703.125 546.875 -250.000 835.938
-523.438 718.750 -125.000 -140.625 -140.625 1171.875 640.625 -148.438 984.375 742.188 -445.312 695.312 632.812 -242.188 835.938
-500.000 812.500 -132.812 -93.750 -179.688 1179.688 632.812 -156.250 984.375 765.625 -429.688 656.250 625.000 -148.438 796.875
-468.750 812.500 -164.062 -179.688 -406.250 929.688 632.812 -367.188 875.000 757.812 -531.250 625.000 585.938 -195.312 828.125
-484.375 757.812 -187.500 -195.312 -328.125 867.188 484.375 -335.938 890.625 734.375 -468.750 632.812 625.000 -226.562 859.375
-273.438 835.938 -39.062 -93.750 -320.312 1015.625 546.875 -351.562 937.500 734.375 -539.062 656.250 609.375 -234.375 906.250
-367.188 929.688 -117.188 -109.375 -328.125 1007.812 562.500 -429.688 960.938 734.375 -617.188 773.438 648.438 -234.375 945.312
-382.812 945.312 -140.625 -39.062 -320.312 1093.750 710.938 -421.875 1046.875 804.688 -585.938 687.500 1031.250 -203.125 1281.250
-382.812 945.312 -140.625 -39.062 -320.312 1093.750 710.938 -421.875 1046.875 804.688 -585.938 687.500 1031.250 -203.125 1281.250
-429.688 937.500 -78.125 -31.250 -296.875 1101.562 515.625 -406.250 945.312 992.188 -625.000 812.500 1093.750 -132.812 1437.500
-304.688 1000.000 -39.062 -93.750 -289.062 1054.688 429.688 -359.375 882.812 476.562 -523.438 585.938 960.938 -70.312 1328.125
-257.812 1101.562 23.438 -226.562 -164.062 968.750 453.125 -156.250 828.125 570.312 -468.750 648.438 484.375 -101.562 796.875
-359.375 1000.000 0.000 -195.312 -109.375 992.188 421.875 -132.812 875.000 617.188 -437.500 734.375 406.250 15.625 703.125
-171.875 929.688 109.375 -242.188 -140.625 953.125 414.062 23.438 781.250 171.875 -328.125 554.688 156.250 -195.312 515.625
-164.062 812.500 31.250 -273.438 -210.938 875.000 398.438 -187.500 851.562 273.438 -609.375 765.625 -179.688 -195.312 390.625
-328.125 890.625 -156.250 -312.500 -187.500 765.625 117.188 -218.750 781.250 382.812 -453.125 648.438 156.250 31.250 1062.500
-406.250 820.312 -265.625 -421.875 -132.812 609.375 23.438 -164.062 804.688 250.000 -585.938 773.438 632.812 648.438 2125.000
-414.062 585.938 -273.438 -710.938 -23.438 648.438 93.750 -164.062 781.250 0.000 -632.812 1117.188 39.062 -1054.688 937.500
-414.062 585.938 -273.438 -710.938 -23.438 648.438 93.750 -164.062 781.250 0.000 -632.812 1117.188 39.062 -1054.688 937.500
-445.312 414.062 -414.062 -242.188 -296.875 750.000 265.625 117.188 812.500 867.188 70.312 500.000 -117.188 164.062 445.312
-640.625 476.562 -539.062 -273.438 -382.812 843.750 375.000 156.250 812.500 -93.750 -421.875 507.812 -507.812 -570.312 242.188
-390.625 867.188 -531.250 15.625 -203.125 1171.875 328.125 132.812 875.000 132.812 -156.250 492.188 -375.000 -601.562 562.500
-445.312 1117.188 -515.625 140.625 -164.062 1351.562 585.938 179.688 1140.625 101.562 -351.562 664.062 -460.938 -359.375 609.375
-351.562 929.688 -468.750 23.438 -109.375 1257.812 406.250 226.562 984.375 156.250 -250.000 906.250 -484.375 -289.062 625.000
-453.125 773.438 -546.875 -156.250 -15.625 1062.500 281.250 289.062 937.500 78.125 -257.812 812.500 -515.625 -218.750 656.250
-515.625 609.375 -515.625 -210.938 265.625 1117.188 281.250 664.062 945.312 70.312 -140.625 820.312 -500.000 0.000 562.500
-523.438 609.375 -515.625 -257.812 375.000 1070.312 242.188 640.625 914.062 39.062 109.375 765.625 -531.250 70.312 523.438
-523.438 609.375 -515.625 -257.812 375.000 1070.312 242.188 640.625 914.062 39.062 109.375 765.625 -531.250 70.312 523.438
-406.250 671.875 -523.438 -203.125 390.625 1039.062 281.250 625.000 914.062 70.312 109.375 835.938 -679.688 39.062 257.812
-195.312 726.562 -570.312 -70.312 250.000 1140.625 437.500 367.188 890.625 -23.438 85.938 703.125 -734.375 -132.812 -179.688
-398.438 867.188 -851.562 -289.062 0.000 757.812 273.438 -109.375 804.688 -117.188 -117.188 476.562 -281.250 -578.125 117.188
-429.688 859.375 -867.188 -398.438 -62.500 570.312 367.188 -125.000 859.375 -187.500 -351.562 859.375 -195.312 -515.625 156.250
-453.125 765.625 -718.750 -742.188 31.250 304.688 -39.062 -429.688 843.750 15.625 -437.500 546.875 31.250 -414.062 351.562
-437.500 585.938 -609.375 -976.562 -335.938 195.312 -242.188 -460.938 882.812 1203.125 -1265.625 1281.250 1578.125 -523.438 531.250
-406.250 375.000 -664.062 -820.312 -257.812 742.188 -210.938 31.250 882.812 1062.500 -1265.625 664.062 2195.312 1671.875 2468.750
-406.250 375.000 -664.062 -820.312 -257.812 742.188 -210.938 31.250 882.812 1062.500 -1265.625 664.062 2195.312 1671.875 2468.750
-476.562 1023.438 -648.438 -726.562 78.125 835.938 -54.688 -171.875 1093.750 0.000 -468.750 421.875 1171.875 -31.250 2062.500
-437.500 1054.688 -585.938 -750.000 -7.812 726.562 -85.938 -171.875 921.875 296.875 -890.625 500.000 546.875 -257.812 23.438
-343.750 757.812 -585.938 -906.250 -93.750 593.750 -304.688 -289.062 820.312 437.500 -343.750 664.062 789.062 -328.125 984.375
-289.062 617.188 -562.500 -875.000 -109.375 484.375 -109.375 -296.875 867.188 414.062 -578.125 750.000 703.125 -500.000 742.188
-382.812 710.938 -570.312 -820.312 -78.125 515.625 -117.188 -195.312 890.625 437.500 -640.625 578.125 632.812 -445.312 601.562
-382.812 710.938 -570.312 -820.312 -78.125 515.625 -117.188 -195.312 890.625 437.500 -640.625 578.125 632.812 -445.312 601.562
-335.938 726.562 -460.938 -648.438 -226.562 695.312 -140.625 -390.625 1031.250 445.312 -765.625 531.250 656.250 -468.750 710.938
-343.750 914.062 -453.125 -710.938 -242.188 773.438 15.625 -351.562 1000.000 429.688 -773.438 562.500 593.750 -546.875 625.000
-414.062 906.250 -507.812 -734.375 -179.688 765.625 -31.250 -343.750 976.562 460.938 -750.000 554.688 679.688 -507.812 656.250
-414.062 906.250 -507.812 -734.375 -179.688 765.625 -31.250 -343.750 976.562 460.938 -750.000 554.688 679.688 -507.812 656.250
-406.250 859.375 -460.938 -734.375 -218.750 664.062 -62.500 -367.188 953.125 460.938 -765.625 539.062 671.875 -515.625 640.625
-382.812 804.688 -445.312 -718.750 -226.562 664.062 -31.250 -398.438 953.125 460.938 -773.438 554.688 710.938 -515.625 671.875
-414.062 765.625 -429.688 -781.250 -257.812 570.312 -132.812 -375.000 906.250 468.750 -789.062 554.688 664.062 -523.438 632.812
-437.500 757.812 -437.500 -812.500 -234.375 531.250 -164.062 -382.812 851.562 328.125 -742.188 500.000 593.750 -539.062 609.375
-406.250 773.438 -390.625 -804.688 -218.750 515.625 -164.062 -351.562 859.375 328.125 -710.938 523.438 531.250 -515.625 601.562
-445.312 679.688 -437.500 -773.438 -226.562 546.875 -132.812 -367.188 875.000 343.750 -718.750 515.625 523.438 -492.188 609.375
-382.812 773.438 -398.438 -671.875 -226.562 656.250 -46.875 -390.625 953.125 320.312 -710.938 531.250 507.812 -515.625 625.000
-382.812 773.438 -398.438 -671.875 -226.562 656.250 -46.875 -390.625 953.125 320.312 -710.938 531.250 507.812 -515.625 625.000
-382.812 773.438 -398.438 -671.875 -226.562 656.250 -46.875 -390.625 953.125 320.312 -710.938 531.250 507.812 -515.625 625.000
-453.125 765.625 -414.062 -734.375 -289.062 671.875 -23.438 -421.875 968.750 320.312 -718.750 523.438 476.562 -562.500 617.188
-445.312 734.375 -429.688 -734.375 -242.188 625.000 -78.125 -367.188 906.250 390.625 -734.375 539.062 570.312 -523.438 640.625
-453.125 750.000 -437.500 -765.625 -171.875 531.250 -156.250 -320.312 820.312 250.000 -640.625 523.438 414.062 -460.938 632.812
-453.125 750.000 -437.500 -765.625 -171.875 531.250 -156.250 -320.312 820.312 250.000 -640.625 523.438 414.062 -460.938 632.812
-453.125 750.000 -437.500 -765.625 -171.875 531.250 -156.250 -320.312 820.312 250.000 -640.625 523.438 414.062 -460.938 632.812
-453.125 734.375 -437.500 -765.625 -179.688 515.625 -140.625 -304.688 820.312 273.438 -640.625 546.875 429.688 -460.938 632.812
-460.938 703.125 -445.312 -781.250 -156.250 460.938 -140.625 -296.875 773.438 273.438 -632.812 562.500 484.375 -398.438 656.250
-460.938 703.125 -445.312 -781.250 -156.250 460.938 -140.625 -296.875 773.438 273.438 -632.812 562.500 484.375 -398.438 656.250
-460.938 703.125 -445.312 -781.250 -156.250 460.938 -140.625 -296.875 773.438 273.438 -632.812 562.500 484.375 -398.438 656.250
-468.750 734.375 -500.000 -750.000 -156.250 468.750 -132.812 -328.125 757.812 273.438 -640.625 531.250 468.750 -429.688 671.875
-468.750 781.250 -507.812 -703.125 -148.438 500.000 -109.375 -296.875 781.250 289.062 -640.625 546.875 460.938 -460.938 687.500
-445.312 851.562 -515.625 -476.562 -39.062 710.938 -62.500 -203.125 851.562 265.625 -632.812 554.688 414.062 -453.125 656.250
-507.812 914.062 -570.312 -539.062 7.812 718.750 -54.688 -265.625 882.812 187.500 -554.688 570.312 312.500 -492.188 625.000
-453.125 914.062 -484.375 -523.438 -78.125 671.875 -62.500 62.500 929.688 257.812 -476.562 617.188 320.312 -453.125 625.000
-546.875 750.000 -492.188 -132.812 -312.500 671.875 15.625 -226.562 914.062 257.812 -609.375 585.938 406.250 -500.000 687.500
-546.875 750.000 -492.188 -132.812 -312.500 671.875 15.625 -226.562 914.062 257.812 -609.375 585.938 406.250 -500.000 687.500
-476.562 703.125 -445.312 -117.188 -445.312 656.250 -85.938 -140.625 890.625 328.125 -710.938 546.875 500.000 -515.625 718.750
-476.562 703.125 -445.312 -117.188 -445.312 656.250 -85.938 -140.625 890.625 328.125 -710.938 546.875 500.000 -515.625 718.750
-414.062 679.688 -375.000 62.500 -820.312 757.812 -101.562 -109.375 945.312 429.688 -695.312 593.750 546.875 -476.562 734.375
-312.500 625.000 -234.375 125.000 -453.125 867.188 101.562 -320.312 960.938 406.250 -703.125 578.125 601.562 -484.375 789.062
-250.000 593.750 -93.750 367.188 -437.500 1132.812 171.875 -85.938 1023.438 460.938 -742.188 648.438 554.688 -476.562 789.062
-250.000 671.875 -39.062 281.250 -328.125 1156.250 210.938 -31.250 1070.312 437.500 -609.375 664.062 492.188 -398.438 765.625
-265.625 796.875 -46.875 218.750 -289.062 1046.875 203.125 -39.062 1031.250 429.688 -640.625 640.625 421.875 -421.875 750.000
-281.250 953.125 -70.312 156.250 -273.438 921.875 171.875 -39.062 937.500 390.625 -578.125 585.938 414.062 -351.562 718.750
