-226.562 601.562 -648.438 531.250 273.438 804.688 257.812 187.500 960.938 546.875 -250.000 804.688 500.000 7.812 875.000
-156.250 679.688 -562.500 554.688 226.562 812.500 250.000 148.438 960.938 523.438 -289.062 773.438 476.562 -31.250 890.625
-179.688 859.375 -578.125 500.000 234.375 804.688 210.938 164.062 929.688 492.188 -250.000 773.438 445.312 7.812 851.562
-179.688 859.375 -578.125 500.000 234.375 804.688 210.938 164.062 929.688 492.188 -250.000 773.438 445.312 7.812 851.562
-226.562 867.188 -632.812 453.125 265.625 789.062 195.312 203.125 921.875 476.562 -210.938 781.250 414.062 15.625 828.125
-234.375 750.000 -640.625 437.500 273.438 796.875 195.312 210.938 937.500 492.188 -226.562 789.062 453.125 23.438 843.750
-234.375 750.000 -640.625 437.500 273.438 796.875 195.312 210.938 937.500 492.188 -226.562 789.062 453.125 23.438 843.750
-242.188 703.125 -625.000 421.875 296.875 796.875 203.125 210.938 937.500 515.625 -218.750 812.500 492.188 31.250 882.812
-250.000 734.375 -617.188 414.062 281.250 804.688 195.312 210.938 929.688 484.375 -218.750 804.688 445.312 31.250 859.375
-250.000 734.375 -617.188 414.062 281.250 804.688 195.312 210.938 929.688 484.375 -218.750 804.688 445.312 31.250 859.375
-234.375 742.188 -625.000 414.062 281.250 796.875 187.500 218.750 937.500 484.375 -226.562 796.875 445.312 31.250 843.750
-226.562 757.812 -625.000 437.500 273.438 820.312 187.500 203.125 929.688 468.750 -234.375 781.250 421.875 7.812 843.750
-210.938 679.688 -632.812 437.500 257.812 812.500 187.500 187.500 929.688 453.125 -234.375 773.438 414.062 7.812 835.938
-187.500 656.250 -593.750 445.312 242.188 804.688 171.875 179.688 937.500 453.125 -250.000 781.250 414.062 0.000 859.375
-156.250 671.875 -578.125 468.750 273.438 875.000 187.500 195.312 945.312 453.125 -242.188 789.062 421.875 15.625 875.000
-203.125 750.000 -617.188 507.812 273.438 960.938 179.688 226.562 945.312 484.375 -210.938 820.312 445.312 39.062 882.812
-257.812 687.500 -718.750 531.250 375.000 1007.812 234.375 273.438 1031.250 523.438 -210.938 859.375 445.312 46.875 875.000
-257.812 687.500 -718.750 531.250 375.000 1007.812 234.375 273.438 1031.250 523.438 -210.938 859.375 445.312 46.875 875.000
-257.812 687.500 -718.750 531.250 375.000 1007.812 234.375 273.438 1031.250 523.438 -210.938 859.375 445.312 46.875 875.000
-281.250 539.062 -773.438 429.688 476.562 1007.812 210.938 328.125 1078.125 460.938 -218.750 820.312 398.438 -31.250 843.750
-257.812 546.875 -828.125 421.875 62.500 726.562 296.875 148.438 1054.688 585.938 -265.625 882.812 437.500 15.625 890.625
-210.938 781.250 -695.312 429.688 250.000 1039.062 117.188 125.000 1031.250 515.625 -343.750 914.062 507.812 -31.250 1023.438
-164.062 804.688 -664.062 476.562 281.250 1078.125 148.438 132.812 1046.875 507.812 -304.688 906.250 507.812 15.625 1000.000
-93.750 726.562 -578.125 664.062 320.312 1398.438 218.750 273.438 1171.875 406.250 -226.562 875.000 367.188 23.438 859.375
-179.688 835.938 -726.562 187.500 742.188 718.750 7.812 351.562 851.562 367.188 -148.438 734.375 328.125 23.438 679.688
-226.562 742.188 -882.812 109.375 531.250 609.375 148.438 156.250 859.375 382.812 -210.938 710.938 398.438 23.438 734.375
-226.562 742.188 -882.812 109.375 531.250 609.375 148.438 156.250 859.375 382.812 -210.938 710.938 398.438 23.438 734.375
-414.062 101.562 -1109.375 -156.250 -156.250 507.812 -125.000 -273.438 765.625 445.312 -437.500 757.812 429.688 -210.938 890.625
-281.250 148.438 -1046.875 -54.688 -132.812 531.250 -109.375 -265.625 734.375 570.312 -507.812 726.562 554.688 -195.312 929.688
-125.000 890.625 -679.688 -109.375 -156.250 640.625 -7.812 -132.812 812.500 500.000 -382.812 742.188 625.000 78.125 1000.000
-296.875 585.938 -906.250 78.125 -23.438 726.562 15.625 -39.062 859.375 375.000 -414.062 679.688 328.125 -171.875 796.875
-296.875 585.938 -906.250 78.125 -23.438 726.562 15.625 -39.062 859.375 375.000 -414.062 679.688 328.125 -171.875 796.875
-351.562 523.438 -960.938 140.625 -132.812 671.875 0.000 -109.375 796.875 382.812 -476.562 617.188 335.938 -226.562 773.438
-281.250 625.000 -898.438 437.500 -93.750 835.938 156.250 -62.500 906.250 421.875 -445.312 632.812 460.938 -226.562 859.375
-257.812 882.812 -671.875 531.250 93.750 890.625 304.688 -15.625 1062.500 617.188 -382.812 828.125 476.562 -54.688 851.562
101.562 1062.500 -640.625 296.875 914.062 1078.125 117.188 601.562 976.562 390.625 39.062 828.125 289.062 414.062 617.188
101.562 1062.500 -640.625 296.875 914.062 1078.125 117.188 601.562 976.562 390.625 39.062 828.125 289.062 414.062 617.188
-429.688 484.375 -625.000 148.438 570.312 851.562 -15.625 273.438 789.062 281.250 -210.938 687.500 406.250 85.938 789.062
-320.312 273.438 -640.625 242.188 226.562 765.625 46.875 62.500 882.812 476.562 -296.875 781.250 453.125 85.938 835.938
-226.562 453.125 -750.000 335.938 414.062 929.688 148.438 234.375 960.938 453.125 -203.125 804.688 398.438 117.188 812.500
-351.562 554.688 -742.188 226.562 359.375 757.812 109.375 125.000 882.812 492.188 -195.312 773.438 382.812 70.312 789.062
-289.062 632.812 -710.938 289.062 343.750 765.625 171.875 156.250 867.188 460.938 -226.562 695.312 460.938 -7.812 812.500
-304.688 421.875 -781.250 429.688 281.250 875.000 242.188 62.500 992.188 500.000 -312.500 781.250 390.625 -54.688 859.375
-351.562 523.438 -750.000 335.938 328.125 851.562 203.125 101.562 945.312 531.250 -257.812 750.000 500.000 31.250 851.562
-351.562 523.438 -750.000 335.938 328.125 851.562 203.125 101.562 945.312 531.250 -257.812 750.000 500.000 31.250 851.562
-328.125 507.812 -726.562 351.562 304.688 835.938 210.938 93.750 953.125 539.062 -273.438 773.438 507.812 15.625 867.188
-343.750 671.875 -710.938 453.125 375.000 953.125 218.750 125.000 992.188 507.812 -265.625 789.062 437.500 0.000 843.750
-296.875 1062.500 -585.938 468.750 601.562 906.250 54.688 320.312 882.812 484.375 -171.875 750.000 445.312 156.250 757.812
-406.250 875.000 -656.250 429.688 492.188 937.500 156.250 125.000 898.438 460.938 -273.438 734.375 398.438 54.688 789.062
-281.250 390.625 -617.188 226.562 296.875 906.250 187.500 140.625 1007.812 539.062 -187.500 812.500 609.375 125.000 812.500
-281.250 390.625 -617.188 226.562 296.875 906.250 187.500 140.625 1007.812 539.062 -187.500 812.500 609.375 125.000 812.500
-281.250 570.312 -640.625 -187.500 125.000 593.750 -7.812 117.188 875.000 437.500 -164.062 773.438 460.938 46.875 851.562
-242.188 554.688 -671.875 140.625 15.625 804.688 78.125 -7.812 835.938 429.688 -312.500 648.438 460.938 -78.125 804.688
-250.000 718.750 -656.250 242.188 125.000 992.188 187.500 46.875 976.562 515.625 -296.875 734.375 437.500 -23.438 804.688
-250.000 718.750 -656.250 242.188 125.000 992.188 187.500 46.875 976.562 515.625 -296.875 734.375 437.500 -23.438 804.688
-250.000 804.688 -710.938 226.562 500.000 1062.500 109.375 117.188 929.688 460.938 -187.500 750.000 421.875 23.438 750.000
-70.312 960.938 -585.938 367.188 171.875 1343.750 0.000 31.250 835.938 382.812 -234.375 656.250 367.188 46.875 687.500
-70.312 960.938 -585.938 367.188 171.875 1343.750 0.000 31.250 835.938 382.812 -234.375 656.250 367.188 46.875 687.500
-164.062 835.938 -640.625 7.812 -515.625 929.688 -140.625 171.875 710.938 218.750 0.000 601.562 218.750 109.375 492.188
-320.312 390.625 -859.375 -281.250 -507.812 437.500 -203.125 -164.062 687.500 335.938 -335.938 570.312 390.625 -7.812 640.625
-320.312 164.062 -921.875 -640.625 539.062 -39.062 242.188 140.625 1015.625 468.750 -296.875 625.000 562.500 -93.750 765.625
132.812 -914.062 -476.562 3218.750 1367.188 203.125 -125.000 -953.125 414.062 726.562 -85.938 765.625 765.625 93.750 820.312
-445.312 625.000 -1054.688 -2000.000 -31.250 320.312 375.000 -62.500 1117.188 656.250 -351.562 703.125 531.250 -234.375 757.812
-445.312 625.000 -1054.688 -2000.000 -31.250 320.312 375.000 -62.500 1117.188 656.250 -351.562 703.125 531.250 -234.375 757.812
-273.438 359.375 -937.500 -554.688 328.125 648.438 257.812 -367.188 1000.000 710.938 -460.938 734.375 578.125 -210.938 820.312
-250.000 1023.438 -718.750 -195.312 62.500 1265.625 328.125 -195.312 1179.688 710.938 -507.812 773.438 640.625 -257.812 953.125
-265.625 828.125 -781.250 -39.062 -7.812 1476.562 335.938 -101.562 1257.812 703.125 -460.938 804.688 484.375 -265.625 812.500
-265.625 851.562 -828.125 -406.250 171.875 1046.875 328.125 -406.250 1015.625 703.125 -554.688 679.688 734.375 -250.000 914.062
-265.625 851.562 -828.125 -406.250 171.875 1046.875 328.125 -406.250 1015.625 703.125 -554.688 679.688 734.375 -250.000 914.062
-164.062 789.062 -632.812 -304.688 54.688 1101.562 242.188 -156.250 1093.750 781.250 -367.188 789.062 750.000 -70.312 843.750
-203.125 726.562 -687.500 -414.062 46.875 906.250 148.438 -171.875 953.125 632.812 -375.000 648.438 679.688 -140.625 757.812
-164.062 742.188 -632.812 -375.000 46.875 953.125 140.625 -125.000 968.750 617.188 -375.000 656.250 640.625 -156.250 734.375
-164.062 742.188 -632.812 -375.000 46.875 953.125 140.625 -125.000 968.750 617.188 -375.000 656.250 640.625 -156.250 734.375
-171.875 718.750 -617.188 -390.625 46.875 898.438 156.250 -109.375 960.938 554.688 -312.500 648.438 570.312 -101.562 687.500
-93.750 945.312 -531.250 -312.500 15.625 953.125 31.250 -93.750 921.875 531.250 -351.562 656.250 546.875 -93.750 765.625
-93.750 945.312 -531.250 -312.500 15.625 953.125 31.250 -93.750 921.875 531.250 -351.562 656.250 546.875 -93.750 765.625
-187.500 914.062 -562.500 -289.062 31.250 1046.875 156.250 7.812 968.750 531.250 -289.062 648.438 523.438 -164.062 750.000
-257.812 937.500 -664.062 -492.188 312.500 859.375 125.000 -125.000 859.375 500.000 -335.938 609.375 531.250 -210.938 679.688
-156.250 500.000 -656.250 -585.938 273.438 734.375 39.062 -23.438 703.125 445.312 -273.438 507.812 585.938 -109.375 695.312
-156.250 500.000 -656.250 -585.938 273.438 734.375 39.062 -23.438 703.125 445.312 -273.438 507.812 585.938 -109.375 695.312
-242.188 742.188 -648.438 -585.938 85.938 742.188 187.500 -187.500 937.500 593.750 -312.500 718.750 546.875 -62.500 734.375
-242.188 742.188 -648.438 -585.938 85.938 742.188 187.500 -187.500 937.500 593.750 -312.500 718.750 546.875 -62.500 734.375
-203.125 742.188 -570.312 -500.000 132.812 773.438 218.750 -257.812 929.688 593.750 -421.875 734.375 578.125 -93.750 781.250
-218.750 640.625 -593.750 -507.812 148.438 812.500 109.375 -343.750 906.250 585.938 -351.562 656.250 632.812 -148.438 789.062
-242.188 687.500 -648.438 -648.438 62.500 687.500 273.438 -250.000 937.500 593.750 -421.875 664.062 601.562 -125.000 757.812
-242.188 617.188 -632.812 -695.312 -62.500 687.500 296.875 -320.312 945.312 718.750 -429.688 695.312 703.125 -132.812 835.938
-242.188 617.188 -632.812 -695.312 -62.500 687.500 296.875 -320.312 945.312 718.750 -429.688 695.312 703.125 -132.812 835.938
-257.812 859.375 -539.062 -617.188 15.625 773.438 320.312 -289.062 953.125 710.938 -398.438 695.312 664.062 -101.562 828.125
-257.812 859.375 -539.062 -617.188 15.625 773.438 320.312 -289.062 953.125 710.938 -398.438 695.312 664.062 -101.562 828.125
-296.875 835.938 -609.375 -679.688 -54.688 765.625 351.562 -476.562 867.188 773.438 -554.688 671.875 773.438 -218.750 937.500
-296.875 835.938 -609.375 -679.688 -54.688 765.625 351.562 -476.562 867.188 773.438 -554.688 671.875 773.438 -218.750 937.500
-335.938 851.562 -617.188 -671.875 7.812 734.375 382.812 -460.938 875.000 812.500 -554.688 742.188 875.000 -140.625 1054.688
-250.000 617.188 -601.562 -429.688 15.625 804.688 164.062 -70.312 757.812 687.500 -445.312 578.125 703.125 -117.188 906.250
-296.875 664.062 -648.438 -320.312 39.062 734.375 335.938 -156.250 726.562 570.312 -273.438 507.812 632.812 -156.250 796.875
-304.688 710.938 -664.062 -414.062 164.062 609.375 406.250 -226.562 750.000 570.312 -328.125 539.062 562.500 -132.812 742.188
-312.500 609.375 -632.812 -140.625 281.250 781.250 617.188 -78.125 968.750 664.062 -203.125 773.438 593.750 15.625 1007.812
-312.500 609.375 -632.812 -140.625 281.250 781.250 617.188 -78.125 968.750 664.062 -203.125 773.438 593.750 15.625 1007.812
-312.500 640.625 -695.312 0.000 203.125 726.562 437.500 -54.688 906.250 585.938 -218.750 757.812 601.562 31.250 1140.625
-179.688 625.000 -609.375 265.625 46.875 726.562 218.750 -23.438 593.750 492.188 -70.312 406.250 460.938 -7.812 835.938
-179.688 625.000 -609.375 265.625 46.875 726.562 218.750 -23.438 593.750 492.188 -70.312 406.250 460.938 -7.812 835.938
-281.250 867.188 -679.688 648.438 -265.625 1070.312 429.688 312.500 789.062 414.062 31.250 562.500 -70.312 109.375 367.188
-320.312 851.562 -679.688 617.188 62.500 1164.062 500.000 -54.688 953.125 570.312 -70.312 851.562 -132.812 210.938 312.500
-351.562 710.938 -679.688 593.750 156.250 1164.062 429.688 203.125 906.250 523.438 -93.750 742.188 179.688 -31.250 1015.625
-351.562 710.938 -679.688 593.750 156.250 1164.062 429.688 203.125 906.250 523.438 -93.750 742.188 179.688 -31.250 1015.625
-304.688 710.938 -632.812 296.875 62.500 820.312 492.188 15.625 796.875 640.625 -171.875 1070.312 789.062 757.812 1796.875
-367.188 609.375 -695.312 226.562 -46.875 820.312 664.062 140.625 898.438 742.188 -7.812 757.812 -140.625 210.938 679.688
-289.062 140.625 -742.188 640.625 148.438 1117.188 726.562 281.250 882.812 625.000 -23.438 578.125 -335.938 -39.062 546.875
-289.062 140.625 -742.188 640.625 148.438 1117.188 726.562 281.250 882.812 625.000 -23.438 578.125 -335.938 -39.062 546.875
-289.062 140.625 -742.188 640.625 148.438 1117.188 726.562 281.250 882.812 625.000 -23.438 578.125 -335.938 -39.062 546.875
-320.312 523.438 -718.750 484.375 148.438 968.750 531.250 234.375 828.125 625.000 -54.688 773.438 -187.500 226.562 898.438
-281.250 492.188 -687.500 367.188 78.125 796.875 507.812 195.312 781.250 601.562 -7.812 703.125 -218.750 109.375 890.625
-257.812 453.125 -687.500 515.625 109.375 929.688 539.062 203.125 812.500 523.438 -62.500 710.938 -320.312 117.188 710.938
-234.375 468.750 -796.875 617.188 117.188 1078.125 585.938 234.375 906.250 492.188 -117.188 742.188 -335.938 0.000 687.500
-296.875 468.750 -734.375 664.062 148.438 1164.062 539.062 218.750 929.688 414.062 -109.375 726.562 -382.812 7.812 570.312
-296.875 468.750 -734.375 664.062 148.438 1164.062 539.062 218.750 929.688 414.062 -109.375 726.562 -382.812 7.812 570.312
-375.000 632.812 -671.875 250.000 156.250 773.438 117.188 195.312 640.625 156.250 -70.312 531.250 -335.938 -179.688 656.250
-218.750 296.875 -851.562 -164.062 54.688 296.875 -46.875 -156.250 335.938 171.875 -304.688 351.562 -359.375 -382.812 539.062
-218.750 296.875 -851.562 -164.062 54.688 296.875 -46.875 -156.250 335.938 171.875 -304.688 351.562 -359.375 -382.812 539.062
-218.750 187.500 -742.188 -140.625 -460.938 562.500 335.938 -101.562 789.062 546.875 -218.750 578.125 -171.875 -210.938 656.250
-195.312 640.625 -687.500 46.875 -132.812 742.188 414.062 320.312 687.500 585.938 109.375 406.250 -125.000 -210.938 539.062
-234.375 890.625 -820.312 140.625 296.875 773.438 242.188 78.125 523.438 445.312 -125.000 390.625 0.000 -31.250 523.438
-171.875 914.062 -710.938 484.375 250.000 1148.438 390.625 179.688 726.562 625.000 -46.875 546.875 398.438 46.875 710.938
-289.062 859.375 -648.438 54.688 -78.125 1054.688 601.562 132.812 1046.875 898.438 -39.062 679.688 390.625 15.625 414.062
-289.062 859.375 -648.438 54.688 -78.125 1054.688 601.562 132.812 1046.875 898.438 -39.062 679.688 390.625 15.625 414.062
-31.250 601.562 -359.375 148.438 -125.000 1070.312 335.938 304.688 882.812 718.750 148.438 703.125 984.375 -406.250 593.750
31.250 781.250 -398.438 15.625 359.375 742.188 390.625 -46.875 507.812 640.625 -171.875 289.062 1070.312 437.500 1375.000
31.250 781.250 -398.438 15.625 359.375 742.188 390.625 -46.875 507.812 640.625 -171.875 289.062 1070.312 437.500 1375.000
-210.938 703.125 -640.625 -15.625 226.562 679.688 562.500 -484.375 468.750 929.688 -476.562 476.562 1085.938 265.625 1265.625
-187.500 773.438 -671.875 -101.562 -351.562 734.375 960.938 -539.062 828.125 1359.375 -398.438 656.250 1156.250 54.688 1109.375
-171.875 757.812 -718.750 -179.688 -531.250 789.062 1085.938 -554.688 968.750 1406.250 -390.625 687.500 1164.062 31.250 1062.500
-343.750 898.438 -945.312 85.938 -382.812 1171.875 835.938 -351.562 851.562 1046.875 -351.562 460.938 851.562 -70.312 820.312
-250.000 820.312 -835.938 109.375 -343.750 1210.938 859.375 -343.750 859.375 1062.500 -375.000 484.375 828.125 -39.062 781.250
-39.062 867.188 -703.125 132.812 -320.312 1210.938 843.750 -328.125 859.375 1031.250 -320.312 429.688 812.500 -54.688 718.750
-70.312 789.062 -695.312 -23.438 -406.250 945.312 734.375 -359.375 718.750 976.562 -320.312 375.000 851.562 -54.688 695.312
-78.125 718.750 -679.688 -15.625 -421.875 937.500 750.000 -367.188 718.750 1000.000 -320.312 382.812 867.188 -39.062 703.125
-78.125 718.750 -679.688 -15.625 -421.875 937.500 750.000 -367.188 718.750 1000.000 -320.312 382.812 867.188 -39.062 703.125
-109.375 664.062 -679.688 15.625 -304.688 968.750 750.000 -312.500 726.562 1007.812 -296.875 375.000 898.438 -46.875 695.312
-101.562 687.500 -671.875 39.062 -242.188 992.188 750.000 -289.062 726.562 1000.000 -257.812 375.000 890.625 -39.062 671.875
-132.812 679.688 -664.062 39.062 -156.250 1015.625 742.188 -210.938 718.750 976.562 -234.375 351.562 859.375 0.000 617.188
-117.188 656.250 -671.875 39.062 -179.688 1007.812 742.188 -242.188 718.750 968.750 -250.000 359.375 867.188 -23.438 640.625
-234.375 601.562 -750.000 23.438 -242.188 968.750 718.750 -281.250 718.750 953.125 -289.062 367.188 835.938 -39.062 648.438
-187.500 726.562 -718.750 23.438 -210.938 976.562 695.312 -257.812 710.938 906.250 -273.438 351.562 757.812 -62.500 601.562
-156.250 765.625 -679.688 15.625 -78.125 953.125 640.625 -218.750 656.250 843.750 -265.625 312.500 734.375 -78.125 593.750
-156.250 781.250 -648.438 0.000 -140.625 945.312 632.812 -210.938 695.312 835.938 -273.438 359.375 695.312 -78.125 601.562
-156.250 781.250 -648.438 0.000 -140.625 945.312 632.812 -210.938 695.312 835.938 -273.438 359.375 695.312 -78.125 601.562
-148.438 710.938 -625.000 7.812 -164.062 937.500 617.188 -234.375 710.938 851.562 -304.688 414.062 703.125 -125.000 593.750
-140.625 734.375 -601.562 -7.812 -164.062 929.688 632.812 -226.562 734.375 851.562 -242.188 390.625 742.188 -31.250 640.625
-148.438 750.000 -601.562 -7.812 -171.875 945.312 625.000 -226.562 757.812 875.000 -242.188 406.250 750.000 -54.688 617.188
-179.688 757.812 -609.375 31.250 -164.062 1000.000 640.625 -210.938 796.875 921.875 -234.375 460.938 796.875 0.000 671.875
-203.125 789.062 -640.625 46.875 -156.250 1046.875 648.438 -195.312 835.938 914.062 -203.125 453.125 765.625 23.438 656.250
-203.125 773.438 -648.438 78.125 -187.500 1054.688 671.875 -195.312 851.562 882.812 -226.562 453.125 765.625 -15.625 695.312
