-382.812 703.125 492.188 -234.375 -281.250 953.125 -70.312 -140.625 960.938 187.500 -570.312 679.688 250.000 -375.000 820.312
-421.875 781.250 460.938 -226.562 -179.688 968.750 -15.625 -101.562 1000.000 250.000 -539.062 750.000 273.438 -375.000 835.938
-421.875 796.875 468.750 -265.625 -203.125 953.125 -7.812 -101.562 1039.062 265.625 -546.875 765.625 289.062 -375.000 843.750
-390.625 812.500 460.938 -234.375 -250.000 976.562 -7.812 -125.000 1070.312 304.688 -578.125 843.750 312.500 -367.188 882.812
-398.438 796.875 460.938 -195.312 -250.000 1023.438 -7.812 -125.000 1078.125 304.688 -593.750 843.750 320.312 -351.562 914.062
-421.875 804.688 453.125 -226.562 -250.000 992.188 -78.125 -109.375 1023.438 257.812 -593.750 796.875 328.125 -335.938 921.875
-414.062 804.688 460.938 -257.812 -242.188 960.938 -93.750 -125.000 1000.000 234.375 -585.938 789.062 320.312 -351.562 914.062
-406.250 796.875 468.750 -320.312 -234.375 906.250 -140.625 -132.812 968.750 210.938 -585.938 781.250 304.688 -367.188 906.250
-406.250 773.438 468.750 -398.438 -257.812 812.500 -148.438 -156.250 968.750 203.125 -593.750 820.312 289.062 -335.938 937.500
-375.000 773.438 492.188 -359.375 -289.062 859.375 -164.062 -132.812 984.375 148.438 -609.375 796.875 257.812 -351.562 921.875
-367.188 742.188 500.000 -335.938 -312.500 890.625 -179.688 -125.000 1000.000 140.625 -593.750 773.438 234.375 -343.750 914.062
-375.000 726.562 468.750 -304.688 -281.250 937.500 -148.438 -93.750 1015.625 156.250 -593.750 789.062 250.000 -375.000 914.062
-429.688 789.062 437.500 -304.688 -250.000 960.938 -148.438 -78.125 1054.688 179.688 -585.938 867.188 226.562 -343.750 945.312
-437.500 812.500 437.500 -351.562 -218.750 937.500 -171.875 -39.062 1007.812 101.562 -531.250 835.938 226.562 -351.562 929.688
-445.312 781.250 421.875 -367.188 -195.312 929.688 -203.125 -15.625 960.938 78.125 -507.812 804.688 210.938 -359.375 921.875
-460.938 781.250 398.438 -414.062 -195.312 851.562 -234.375 -101.562 937.500 -7.812 -632.812 734.375 148.438 -406.250 882.812
-414.062 890.625 406.250 -203.125 -250.000 1054.688 -195.312 7.812 1007.812 0.000 -601.562 734.375 85.938 -429.688 843.750
-429.688 796.875 414.062 -187.500 -250.000 1101.562 -203.125 -7.812 1039.062 62.500 -570.312 820.312 39.062 -421.875 851.562
-437.500 820.312 437.500 -210.938 -218.750 1078.125 -203.125 -7.812 1039.062 62.500 -570.312 843.750 39.062 -445.312 890.625
-429.688 859.375 367.188 -132.812 -187.500 1132.812 -117.188 23.438 1140.625 93.750 -609.375 882.812 132.812 -476.562 968.750
-453.125 710.938 265.625 -148.438 -93.750 1125.000 39.062 85.938 1335.938 171.875 -601.562 984.375 62.500 -460.938 976.562
-648.438 914.062 265.625 -390.625 -335.938 835.938 -93.750 39.062 1203.125 117.188 -656.250 945.312 101.562 -523.438 1007.812
-562.500 1015.625 273.438 -421.875 -445.312 789.062 -296.875 -23.438 1000.000 101.562 -664.062 914.062 132.812 -492.188 1070.312
-492.188 757.812 234.375 -445.312 -390.625 781.250 -414.062 -359.375 789.062 -125.000 -781.250 687.500 109.375 -398.438 1101.562
-632.812 937.500 101.562 -390.625 -375.000 953.125 -421.875 -148.438 804.688 -265.625 -718.750 531.250 -101.562 -500.000 835.938
-710.938 1171.875 117.188 -367.188 -179.688 929.688 -429.688 70.312 734.375 -382.812 -468.750 406.250 -234.375 -726.562 656.250
-242.188 1226.562 531.250 -578.125 -101.562 757.812 -437.500 23.438 804.688 -296.875 -593.750 601.562 -250.000 -375.000 703.125
-203.125 1218.750 562.500 -328.125 -187.500 914.062 -328.125 109.375 906.250 -195.312 -609.375 664.062 -210.938 -335.938 773.438
-273.438 828.125 500.000 -156.250 -296.875 1187.500 -210.938 -15.625 1031.250 -156.250 -671.875 750.000 -132.812 -296.875 875.000
273.438 703.125 851.562 -171.875 687.500 1148.438 -226.562 367.188 875.000 -226.562 -781.250 796.875 -78.125 -281.250 960.938
-148.438 250.000 578.125 -789.062 -164.062 585.938 -609.375 156.250 562.500 -203.125 -390.625 718.750 -101.562 -250.000 937.500
-656.250 1125.000 117.188 -843.750 -375.000 210.938 -812.500 -281.250 398.438 -390.625 -601.562 531.250 -226.562 -257.812 835.938
-531.250 250.000 289.062 -882.812 -46.875 437.500 -851.562 39.062 437.500 -468.750 -539.062 515.625 -320.312 -203.125 726.562
-445.312 742.188 351.562 -679.688 -148.438 562.500 -562.500 70.312 617.188 -445.312 -390.625 476.562 -382.812 -265.625 593.750
-484.375 656.250 367.188 -570.312 -210.938 664.062 -601.562 15.625 703.125 -421.875 -476.562 546.875 -367.188 -343.750 640.625
-570.312 710.938 265.625 -562.500 -242.188 671.875 -468.750 -93.750 781.250 -195.312 -531.250 671.875 -304.688 -343.750 875.000
-570.312 664.062 234.375 -515.625 -210.938 734.375 -429.688 -62.500 828.125 -218.750 -593.750 726.562 -187.500 -304.688 929.688
-562.500 765.625 250.000 -500.000 -234.375 781.250 -437.500 -62.500 859.375 -250.000 -617.188 664.062 -250.000 -382.812 828.125
-421.875 796.875 359.375 -453.125 -367.188 773.438 -492.188 -218.750 828.125 -335.938 -750.000 578.125 -335.938 -515.625 812.500
-375.000 781.250 414.062 -468.750 -406.250 750.000 -515.625 -265.625 812.500 -359.375 -789.062 562.500 -351.562 -554.688 804.688
-390.625 664.062 453.125 -578.125 -359.375 648.438 -585.938 -304.688 773.438 -328.125 -796.875 617.188 -296.875 -507.812 875.000
-445.312 625.000 468.750 -531.250 -250.000 765.625 -531.250 -109.375 828.125 -265.625 -710.938 679.688 -195.312 -437.500 921.875
242.188 578.125 773.438 -640.625 46.875 820.312 -375.000 -226.562 1062.500 -328.125 -890.625 835.938 -93.750 -562.500 1085.938
179.688 148.438 789.062 -359.375 15.625 976.562 -242.188 398.438 1085.938 -93.750 -281.250 929.688 -179.688 -281.250 906.250
-562.500 601.562 312.500 -515.625 -187.500 632.812 -531.250 179.688 757.812 -226.562 -414.062 812.500 -148.438 -31.250 992.188
-453.125 593.750 257.812 -750.000 15.625 515.625 -882.812 -101.562 523.438 -414.062 -562.500 664.062 -93.750 -156.250 921.875
-382.812 1046.875 117.188 -742.188 -171.875 500.000 -593.750 -78.125 695.312 -406.250 -593.750 507.812 -382.812 -476.562 593.750
-500.000 875.000 39.062 -921.875 -218.750 523.438 -687.500 -85.938 609.375 -437.500 -585.938 476.562 -507.812 -476.562 578.125
-507.812 843.750 -54.688 -750.000 -390.625 593.750 -578.125 -62.500 585.938 -554.688 -554.688 421.875 -500.000 -398.438 632.812
-343.750 734.375 31.250 -750.000 -398.438 500.000 -625.000 -109.375 593.750 -539.062 -601.562 476.562 -429.688 -335.938 726.562
-734.375 835.938 -289.062 -1015.625 -546.875 148.438 -625.000 -250.000 671.875 -476.562 -585.938 585.938 -429.688 -328.125 695.312
-742.188 1000.000 -367.188 -734.375 -296.875 601.562 -757.812 23.438 570.312 -546.875 -554.688 523.438 -500.000 -281.250 718.750
-656.250 843.750 -242.188 -593.750 -281.250 695.312 -750.000 -31.250 578.125 -609.375 -570.312 429.688 -539.062 -343.750 679.688
-648.438 1015.625 -226.562 -773.438 -218.750 679.688 -789.062 54.688 671.875 -562.500 -585.938 601.562 -562.500 -328.125 773.438
-570.312 968.750 -179.688 -757.812 -117.188 734.375 -835.938 125.000 625.000 -578.125 -484.375 601.562 -570.312 -296.875 742.188
-578.125 1039.062 -171.875 -796.875 -93.750 710.938 -804.688 132.812 609.375 -640.625 -500.000 554.688 -585.938 -289.062 703.125
-640.625 1101.562 -265.625 -773.438 -31.250 750.000 -859.375 203.125 523.438 -671.875 -429.688 484.375 -601.562 -265.625 609.375
-617.188 1062.500 -195.312 -671.875 -101.562 820.312 -687.500 218.750 703.125 -570.312 -437.500 554.688 -554.688 -296.875 617.188
-671.875 960.938 -179.688 -531.250 -203.125 882.812 -585.938 125.000 859.375 -453.125 -578.125 718.750 -484.375 -296.875 835.938
-632.812 898.438 -156.250 -531.250 -257.812 867.188 -578.125 62.500 882.812 -421.875 -640.625 742.188 -460.938 -312.500 929.688
-640.625 859.375 -171.875 -648.438 -328.125 718.750 -710.938 -78.125 781.250 -484.375 -750.000 710.938 -484.375 -375.000 992.188
-578.125 1187.500 -78.125 -570.312 -281.250 789.062 -648.438 -7.812 773.438 -531.250 -617.188 585.938 -539.062 -343.750 781.250
-1031.250 1640.625 -226.562 -632.812 -242.188 718.750 -648.438 23.438 718.750 -507.812 -562.500 593.750 -515.625 -289.062 757.812
-1046.875 1882.812 -218.750 -656.250 -210.938 718.750 -640.625 85.938 757.812 -492.188 -507.812 671.875 -492.188 -218.750 796.875
78.125 1328.125 484.375 -617.188 -85.938 898.438 -671.875 328.125 851.562 -500.000 -445.312 851.562 -453.125 -125.000 906.250
679.688 617.188 843.750 -718.750 -226.562 656.250 -812.500 -46.875 593.750 -562.500 -671.875 601.562 -500.000 -265.625 796.875
-234.375 726.562 414.062 -804.688 -437.500 335.938 -867.188 -265.625 484.375 -710.938 -703.125 304.688 -601.562 -515.625 632.812
-578.125 500.000 250.000 -890.625 -476.562 312.500 -851.562 -179.688 468.750 -703.125 -617.188 335.938 -617.188 -531.250 578.125
-250.000 109.375 507.812 -867.188 -328.125 414.062 -804.688 -85.938 578.125 -578.125 -554.688 546.875 -531.250 -335.938 765.625
-289.062 242.188 570.312 -851.562 -335.938 437.500 -796.875 -70.312 531.250 -632.812 -554.688 500.000 -554.688 -335.938 718.750
-328.125 359.375 601.562 -921.875 -289.062 359.375 -859.375 -93.750 468.750 -687.500 -515.625 414.062 -593.750 -328.125 617.188
-187.500 304.688 664.062 -953.125 -257.812 359.375 -867.188 -46.875 445.312 -695.312 -445.312 437.500 -585.938 -273.438 593.750
-578.125 429.688 429.688 -890.625 -320.312 226.562 -898.438 -132.812 320.312 -703.125 -492.188 351.562 -625.000 -195.312 515.625
-484.375 382.812 421.875 -851.562 -390.625 210.938 -882.812 -187.500 359.375 -695.312 -507.812 328.125 -648.438 -273.438 500.000
-210.938 289.062 554.688 -453.125 -320.312 625.000 -429.688 7.812 750.000 -429.688 -484.375 507.812 -554.688 -289.062 609.375
-164.062 351.562 632.812 -343.750 -148.438 945.312 -437.500 164.062 867.188 -335.938 -492.188 718.750 -421.875 -195.312 734.375
-250.000 906.250 625.000 -578.125 -171.875 703.125 -601.562 93.750 703.125 -375.000 -492.188 765.625 -250.000 -281.250 992.188
-375.000 898.438 507.812 -585.938 -257.812 679.688 -593.750 15.625 710.938 -406.250 -539.062 695.312 -312.500 -242.188 906.250
-679.688 718.750 335.938 -679.688 -375.000 593.750 -625.000 -117.188 695.312 -460.938 -601.562 617.188 -375.000 -351.562 843.750
-804.688 859.375 164.062 -664.062 -414.062 492.188 -734.375 -171.875 648.438 -476.562 -625.000 625.000 -367.188 -421.875 867.188
-796.875 875.000 132.812 -414.062 -429.688 507.812 -640.625 -179.688 687.500 -367.188 -664.062 632.812 -242.188 -226.562 921.875
-812.500 773.438 132.812 -421.875 -484.375 468.750 -289.062 -140.625 679.688 -390.625 -617.188 625.000 -203.125 -265.625 953.125
-875.000 617.188 195.312 -335.938 -492.188 453.125 -320.312 -164.062 617.188 -367.188 -578.125 562.500 -242.188 -445.312 906.250
-781.250 632.812 273.438 -39.062 -492.188 554.688 -500.000 -320.312 664.062 -281.250 -539.062 531.250 -273.438 -398.438 835.938
-843.750 656.250 179.688 23.438 -226.562 812.500 7.812 78.125 906.250 -117.188 -492.188 640.625 -273.438 -492.188 734.375
-882.812 726.562 218.750 179.688 -31.250 664.062 -39.062 -54.688 875.000 -23.438 -500.000 687.500 -234.375 -484.375 742.188
-671.875 718.750 304.688 398.438 -156.250 882.812 7.812 23.438 984.375 132.812 -492.188 796.875 -46.875 -242.188 750.000
-710.938 585.938 265.625 398.438 85.938 1257.812 31.250 375.000 1132.812 70.312 -320.312 796.875 39.062 -414.062 882.812
-851.562 546.875 46.875 429.688 156.250 1195.312 117.188 351.562 1031.250 78.125 -320.312 789.062 -23.438 -304.688 750.000
-835.938 539.062 0.000 320.312 -31.250 1007.812 54.688 195.312 992.188 132.812 -351.562 773.438 -39.062 -250.000 742.188
-671.875 570.312 62.500 414.062 -85.938 1054.688 140.625 210.938 1031.250 164.062 -500.000 742.188 164.062 -320.312 921.875
-625.000 632.812 289.062 851.562 85.938 1695.312 601.562 414.062 1781.250 304.688 -507.812 1000.000 62.500 -421.875 1078.125
-570.312 750.000 320.312 804.688 -7.812 1531.250 570.312 320.312 1617.188 539.062 -578.125 1304.688 23.438 -421.875 1093.750
-554.688 734.375 265.625 742.188 -140.625 1421.875 382.812 132.812 1398.438 507.812 -804.688 1109.375 125.000 -468.750 1117.188
-687.500 593.750 171.875 476.562 -359.375 1015.625 -23.438 -148.438 1085.938 312.500 -843.750 968.750 187.500 -265.625 1078.125
-835.938 203.125 15.625 -242.188 -515.625 820.312 -406.250 -234.375 882.812 -54.688 -695.312 750.000 15.625 -406.250 1078.125
-937.500 54.688 -375.000 -390.625 -601.562 750.000 -593.750 -296.875 804.688 -62.500 -601.562 742.188 -109.375 -289.062 859.375
-937.500 39.062 -382.812 -367.188 -632.812 703.125 -507.812 -242.188 820.312 -148.438 -476.562 671.875 23.438 -234.375 812.500
-781.250 304.688 -273.438 -39.062 31.250 976.562 -265.625 101.562 687.500 210.938 -367.188 664.062 281.250 -101.562 851.562
-632.812 1257.812 304.688 78.125 -78.125 726.562 -289.062 117.188 671.875 390.625 -593.750 554.688 328.125 -156.250 664.062
-492.188 1609.375 281.250 148.438 203.125 1148.438 -312.500 468.750 679.688 250.000 -546.875 539.062 382.812 -164.062 859.375
-398.438 1320.312 492.188 70.312 187.500 1062.500 -273.438 382.812 898.438 304.688 -453.125 656.250 312.500 -54.688 828.125
-78.125 1156.250 625.000 -250.000 164.062 820.312 -398.438 132.812 906.250 609.375 -570.312 851.562 632.812 -187.500 1085.938
-125.000 804.688 554.688 -210.938 -62.500 820.312 -406.250 -23.438 882.812 531.250 -546.875 757.812 578.125 -132.812 992.188
-234.375 890.625 500.000 -273.438 39.062 906.250 -468.750 -31.250 773.438 382.812 -625.000 656.250 492.188 -218.750 937.500
-289.062 992.188 460.938 -289.062 15.625 914.062 -484.375 -23.438 757.812 273.438 -578.125 648.438 375.000 -203.125 867.188
-281.250 679.688 460.938 -304.688 101.562 1000.000 -562.500 62.500 734.375 171.875 -500.000 687.500 203.125 -156.250 812.500
-289.062 570.312 414.062 -125.000 -109.375 1093.750 -429.688 -70.312 1007.812 453.125 -585.938 898.438 390.625 -125.000 1000.000
-546.875 656.250 367.188 187.500 -187.500 1429.688 -445.312 -210.938 1039.062 531.250 -601.562 953.125 562.500 -39.062 1093.750
-507.812 632.812 398.438 664.062 -234.375 1500.000 -492.188 -460.938 968.750 515.625 -687.500 960.938 492.188 -15.625 1054.688
-328.125 507.812 656.250 109.375 -93.750 945.312 23.438 -687.500 1898.438 710.938 -687.500 1507.812 54.688 117.188 1078.125
62.500 937.500 828.125 -1617.188 343.750 -250.000 -125.000 257.812 1484.375 1109.375 -1179.688 1507.812 703.125 -445.312 1507.812
-398.438 1007.812 492.188 -1500.000 703.125 -46.875 -570.312 343.750 468.750 507.812 -234.375 578.125 789.062 -484.375 1093.750
-453.125 828.125 312.500 -1218.750 640.625 234.375 -812.500 523.438 93.750 210.938 -296.875 226.562 679.688 -398.438 875.000
-265.625 1312.500 226.562 -601.562 -375.000 1007.812 -1242.188 -210.938 -132.812 -625.000 -945.312 -140.625 375.000 -742.188 671.875
-414.062 1695.312 46.875 -546.875 -843.750 734.375 -945.312 -546.875 507.812 85.938 -937.500 546.875 -296.875 -500.000 531.250
-703.125 968.750 -23.438 -1039.062 -468.750 93.750 -984.375 -390.625 273.438 31.250 -882.812 570.312 195.312 -773.438 890.625
-812.500 820.312 -140.625 -976.562 -640.625 31.250 -898.438 -414.062 179.688 -93.750 -765.625 523.438 203.125 -398.438 835.938
-757.812 460.938 -156.250 429.688 -437.500 1226.562 23.438 101.562 828.125 -273.438 -820.312 460.938 7.812 -726.562 960.938
-773.438 1078.125 31.250 281.250 -570.312 1148.438 117.188 -304.688 1375.000 31.250 -789.062 406.250 -70.312 -906.250 726.562
-750.000 1625.000 31.250 -31.250 -617.188 664.062 -273.438 -523.438 734.375 39.062 -843.750 484.375 39.062 -656.250 734.375
-609.375 1429.688 101.562 46.875 -812.500 445.312 -203.125 -765.625 812.500 15.625 -664.062 429.688 187.500 -656.250 851.562
-937.500 171.875 507.812 625.000 -593.750 781.250 -929.688 -23.438 1382.812 250.000 -343.750 757.812 125.000 -234.375 773.438
445.312 -117.188 70.312 -765.625 757.812 1039.062 -890.625 500.000 601.562 -148.438 140.625 1117.188 -320.312 460.938 546.875
-1742.188 1093.750 429.688 -695.312 -54.688 929.688 -742.188 562.500 734.375 -867.188 -85.938 601.562 -429.688 -148.438 851.562
-273.438 546.875 375.000 101.562 -39.062 945.312 0.000 179.688 921.875 15.625 -390.625 796.875 -54.688 -468.750 859.375
-476.562 351.562 515.625 273.438 289.062 1273.438 31.250 210.938 1015.625 171.875 -539.062 835.938 -15.625 -171.875 843.750
-648.438 695.312 296.875 -7.812 46.875 953.125 -210.938 117.188 914.062 101.562 -500.000 843.750 15.625 -171.875 906.250
-531.250 562.500 273.438 -23.438 -132.812 867.188 -179.688 46.875 898.438 54.688 -476.562 796.875 62.500 -156.250 882.812
-929.688 640.625 250.000 164.062 -179.688 968.750 -78.125 78.125 1007.812 156.250 -562.500 773.438 226.562 -335.938 976.562
-468.750 531.250 304.688 164.062 -70.312 976.562 -15.625 15.625 1000.000 234.375 -546.875 804.688 250.000 -179.688 921.875
-578.125 726.562 343.750 164.062 -117.188 1007.812 -39.062 31.250 1000.000 156.250 -554.688 781.250 140.625 -265.625 906.250
-562.500 687.500 406.250 140.625 -187.500 976.562 -62.500 39.062 1000.000 132.812 -554.688 773.438 132.812 -289.062 867.188
-617.188 539.062 312.500 23.438 -179.688 937.500 -218.750 -23.438 976.562 93.750 -570.312 781.250 125.000 -304.688 921.875
-609.375 562.500 328.125 -15.625 -210.938 953.125 -218.750 -15.625 953.125 39.062 -578.125 773.438 101.562 -273.438 921.875
-578.125 585.938 367.188 -15.625 -195.312 929.688 -210.938 -31.250 937.500 39.062 -585.938 773.438 70.312 -312.500 914.062
-531.250 656.250 437.500 31.250 -195.312 914.062 -218.750 -31.250 906.250 7.812 -617.188 710.938 62.500 -382.812 906.250
-593.750 671.875 414.062 31.250 -156.250 906.250 -156.250 7.812 906.250 93.750 -562.500 695.312 148.438 -335.938 851.562
-601.562 656.250 382.812 101.562 -171.875 945.312 -93.750 7.812 960.938 125.000 -570.312 742.188 156.250 -320.312 875.000
-539.062 703.125 414.062 203.125 -195.312 992.188 7.812 -39.062 1039.062 203.125 -632.812 789.062 195.312 -320.312 945.312
-500.000 750.000 476.562 218.750 -187.500 1000.000 -23.438 -7.812 1031.250 164.062 -609.375 765.625 148.438 -320.312 898.438
-484.375 710.938 484.375 218.750 -187.500 1015.625 -39.062 -15.625 1023.438 140.625 -593.750 757.812 132.812 -296.875 898.438
-320.312 625.000 570.312 226.562 -109.375 1046.875 -23.438 39.062 1031.250 148.438 -570.312 789.062 148.438 -289.062 906.250
-546.875 656.250 484.375 257.812 -54.688 1085.938 -85.938 93.750 976.562 164.062 -453.125 828.125 140.625 -93.750 843.750
-429.688 546.875 468.750 289.062 39.062 1210.938 -15.625 210.938 1070.312 187.500 -476.562 843.750 179.688 -257.812 914.062
-382.812 585.938 500.000 -39.062 -62.500 937.500 -164.062 117.188 1015.625 125.000 -453.125 875.000 117.188 -117.188 867.188
-406.250 539.062 437.500 -195.312 -85.938 765.625 -156.250 70.312 937.500 140.625 -445.312 859.375 125.000 -140.625 890.625
-562.500 742.188 250.000 -195.312 -148.438 781.250 -203.125 -39.062 859.375 101.562 -500.000 781.250 148.438 -265.625 882.812
-593.750 789.062 156.250 -148.438 -218.750 773.438 -226.562 -78.125 843.750 7.812 -578.125 656.250 93.750 -406.250 859.375
-617.188 906.250 156.250 -296.875 -351.562 656.250 -351.562 -226.562 765.625 -70.312 -687.500 570.312 62.500 -500.000 843.750
-585.938 968.750 156.250 -210.938 -390.625 726.562 -351.562 -195.312 781.250 -46.875 -640.625 578.125 78.125 -523.438 843.750
-562.500 929.688 187.500 -78.125 -414.062 867.188 -257.812 -210.938 906.250 -46.875 -726.562 609.375 54.688 -531.250 820.312
-546.875 898.438 242.188 31.250 -351.562 984.375 -250.000 -171.875 945.312 39.062 -687.500 734.375 125.000 -476.562 867.188
