-562.500 492.188 578.125 -343.750 -554.688 757.812 -273.438 -656.250 734.375 140.625 -906.250 429.688 179.688 -679.688 726.562
-585.938 531.250 546.875 -375.000 -507.812 742.188 -304.688 -593.750 703.125 78.125 -851.562 390.625 140.625 -671.875 671.875
-578.125 539.062 554.688 -375.000 -484.375 726.562 -312.500 -570.312 703.125 78.125 -843.750 390.625 125.000 -671.875 656.250
-578.125 562.500 546.875 -375.000 -453.125 750.000 -312.500 -546.875 679.688 62.500 -835.938 382.812 109.375 -671.875 640.625
-578.125 601.562 570.312 -367.188 -429.688 750.000 -304.688 -531.250 695.312 78.125 -828.125 429.688 117.188 -640.625 648.438
-562.500 640.625 578.125 -335.938 -414.062 812.500 -296.875 -515.625 718.750 54.688 -812.500 406.250 85.938 -656.250 640.625
-562.500 640.625 562.500 -328.125 -414.062 812.500 -296.875 -500.000 710.938 70.312 -843.750 406.250 85.938 -664.062 632.812
-570.312 625.000 562.500 -312.500 -445.312 835.938 -273.438 -515.625 734.375 70.312 -843.750 390.625 85.938 -671.875 632.812
-570.312 601.562 539.062 -312.500 -476.562 828.125 -265.625 -554.688 750.000 93.750 -867.188 382.812 125.000 -703.125 664.062
-570.312 601.562 539.062 -312.500 -476.562 828.125 -265.625 -554.688 750.000 93.750 -867.188 382.812 125.000 -703.125 664.062
-523.438 578.125 585.938 -257.812 -453.125 898.438 -234.375 -554.688 773.438 117.188 -890.625 406.250 164.062 -718.750 687.500
-546.875 570.312 578.125 -296.875 -468.750 875.000 -257.812 -562.500 742.188 101.562 -875.000 390.625 140.625 -718.750 671.875
-570.312 593.750 539.062 -367.188 -609.375 773.438 -296.875 -609.375 703.125 109.375 -867.188 398.438 148.438 -687.500 664.062
-570.312 578.125 539.062 -437.500 -578.125 695.312 -320.312 -664.062 671.875 93.750 -875.000 414.062 148.438 -687.500 695.312
-562.500 578.125 546.875 -453.125 -531.250 664.062 -328.125 -648.438 648.438 85.938 -867.188 406.250 156.250 -695.312 687.500
-570.312 531.250 546.875 -437.500 -375.000 765.625 -445.312 -593.750 437.500 31.250 -882.812 242.188 171.875 -703.125 625.000
-570.312 531.250 546.875 -437.500 -375.000 765.625 -445.312 -593.750 437.500 31.250 -882.812 242.188 171.875 -703.125 625.000
-632.812 500.000 445.312 -492.188 -593.750 656.250 -335.938 -687.500 523.438 39.062 -796.875 328.125 148.438 -679.688 648.438
-632.812 500.000 445.312 -492.188 -593.750 656.250 -335.938 -687.500 523.438 39.062 -796.875 328.125 148.438 -679.688 648.438
-734.375 289.062 335.938 -437.500 -664.062 750.000 -171.875 -804.688 750.000 234.375 -789.062 484.375 234.375 -718.750 710.938
-710.938 210.938 343.750 -382.812 -687.500 804.688 -164.062 -718.750 773.438 218.750 -781.250 507.812 250.000 -695.312 710.938
-718.750 289.062 335.938 -492.188 -539.062 625.000 -367.188 -562.500 359.375 140.625 -750.000 281.250 226.562 -679.688 710.938
-718.750 289.062 335.938 -492.188 -539.062 625.000 -367.188 -562.500 359.375 140.625 -750.000 281.250 226.562 -679.688 710.938
-640.625 625.000 351.562 -750.000 -453.125 320.312 -359.375 -476.562 265.625 -187.500 -390.625 78.125 -78.125 -703.125 429.688
-578.125 515.625 468.750 -789.062 -398.438 187.500 -226.562 -398.438 320.312 -70.312 -437.500 328.125 -234.375 -562.500 343.750
117.188 257.812 796.875 -664.062 -210.938 203.125 39.062 -320.312 585.938 445.312 -351.562 546.875 546.875 -320.312 726.562
117.188 257.812 796.875 -664.062 -210.938 203.125 39.062 -320.312 585.938 445.312 -351.562 546.875 546.875 -320.312 726.562
-570.312 195.312 210.938 -187.500 -218.750 648.438 125.000 -492.188 460.938 382.812 -601.562 359.375 273.438 -484.375 445.312
-570.312 195.312 210.938 -187.500 -218.750 648.438 125.000 -492.188 460.938 382.812 -601.562 359.375 273.438 -484.375 445.312
62.500 1304.688 460.938 0.000 -265.625 695.312 351.562 -796.875 312.500 593.750 -710.938 257.812 484.375 -539.062 664.062
70.312 1257.812 515.625 234.375 -539.062 1093.750 695.312 -1085.938 351.562 710.938 -1000.000 210.938 453.125 -750.000 718.750
39.062 1312.500 531.250 156.250 -578.125 1062.500 726.562 -992.188 476.562 726.562 -914.062 289.062 570.312 -687.500 695.312
46.875 1312.500 539.062 109.375 -578.125 992.188 695.312 -976.562 406.250 750.000 -898.438 257.812 625.000 -617.188 687.500
15.625 1070.312 484.375 85.938 -625.000 937.500 648.438 -945.312 414.062 781.250 -859.375 250.000 734.375 -593.750 656.250
-15.625 914.062 406.250 7.812 -585.938 812.500 523.438 -820.312 367.188 726.562 -726.562 195.312 726.562 -523.438 546.875
-39.062 906.250 382.812 62.500 -484.375 882.812 500.000 -656.250 406.250 757.812 -648.438 187.500 757.812 -476.562 492.188
-39.062 906.250 382.812 62.500 -484.375 882.812 500.000 -656.250 406.250 757.812 -648.438 187.500 757.812 -476.562 492.188
-125.000 968.750 335.938 125.000 -445.312 984.375 726.562 -679.688 492.188 851.562 -617.188 210.938 835.938 -453.125 492.188
15.625 1164.062 390.625 320.312 -539.062 1257.812 968.750 -929.688 648.438 1039.062 -789.062 335.938 945.312 -523.438 710.938
-46.875 1171.875 421.875 359.375 -671.875 1289.062 1085.938 -1125.000 679.688 1203.125 -867.188 429.688 1078.125 -539.062 843.750
31.250 1156.250 453.125 343.750 -710.938 1242.188 1125.000 -1195.312 703.125 1250.000 -929.688 445.312 1093.750 -539.062 898.438
257.812 1187.500 539.062 367.188 -804.688 1257.812 976.562 -1257.812 757.812 1156.250 -914.062 570.312 1000.000 -515.625 929.688
-140.625 1015.625 343.750 218.750 23.438 1312.500 250.000 -1039.062 289.062 1085.938 -625.000 437.500 843.750 -460.938 429.688
-484.375 1281.250 289.062 85.938 -460.938 1132.812 765.625 -1250.000 1031.250 1476.562 -828.125 968.750 859.375 -171.875 914.062
-257.812 1250.000 281.250 390.625 -500.000 1648.438 1046.875 -640.625 1343.750 1242.188 -476.562 367.188 1078.125 -460.938 851.562
-257.812 1250.000 281.250 390.625 -500.000 1648.438 1046.875 -640.625 1343.750 1242.188 -476.562 367.188 1078.125 -460.938 851.562
-445.312 718.750 484.375 250.000 507.812 1171.875 1132.812 -1101.562 1132.812 1460.938 -632.812 835.938 578.125 -156.250 390.625
203.125 1242.188 507.812 -765.625 -93.750 -171.875 1023.438 93.750 679.688 1453.125 -382.812 273.438 1062.500 -15.625 1054.688
109.375 781.250 335.938 -765.625 -85.938 85.938 718.750 -218.750 93.750 1085.938 -242.188 7.812 1406.250 -367.188 1140.625
-375.000 703.125 -109.375 -289.062 -109.375 1289.062 -1101.562 -296.875 -984.375 195.312 -1187.500 -492.188 1226.562 -398.438 718.750
23.438 992.188 93.750 -554.688 -390.625 773.438 -156.250 156.250 375.000 -406.250 -343.750 -359.375 156.250 -562.500 -7.812
85.938 1039.062 265.625 -601.562 164.062 726.562 -320.312 85.938 562.500 -23.438 -203.125 101.562 -195.312 -695.312 -140.625
-31.250 1085.938 281.250 -484.375 203.125 875.000 -476.562 -15.625 515.625 -85.938 -234.375 250.000 -46.875 -406.250 31.250
-15.625 1039.062 335.938 -445.312 7.812 984.375 -343.750 -54.688 875.000 101.562 -585.938 656.250 406.250 -226.562 859.375
-15.625 1039.062 335.938 -445.312 7.812 984.375 -343.750 -54.688 875.000 101.562 -585.938 656.250 406.250 -226.562 859.375
-70.312 796.875 296.875 -429.688 -70.312 835.938 -343.750 -62.500 781.250 -23.438 -554.688 562.500 257.812 -273.438 750.000
7.812 804.688 343.750 -492.188 -62.500 773.438 -265.625 -132.812 828.125 -39.062 -539.062 554.688 218.750 -289.062 687.500
101.562 937.500 421.875 -429.688 -62.500 859.375 -359.375 -70.312 804.688 -15.625 -601.562 609.375 242.188 -320.312 781.250
54.688 976.562 398.438 -421.875 -93.750 867.188 -320.312 -132.812 859.375 -23.438 -625.000 609.375 210.938 -351.562 781.250
23.438 898.438 390.625 -414.062 -15.625 921.875 -320.312 -109.375 929.688 23.438 -609.375 648.438 250.000 -343.750 804.688
0.000 906.250 398.438 -382.812 -117.188 921.875 -250.000 -93.750 960.938 39.062 -601.562 687.500 273.438 -320.312 835.938
-23.438 890.625 414.062 -390.625 -78.125 953.125 -328.125 -156.250 968.750 54.688 -695.312 750.000 312.500 -320.312 914.062
15.625 906.250 484.375 -367.188 -78.125 976.562 -312.500 -101.562 929.688 0.000 -617.188 703.125 234.375 -312.500 859.375
15.625 906.250 484.375 -367.188 -78.125 976.562 -312.500 -101.562 929.688 0.000 -617.188 703.125 234.375 -312.500 859.375
-46.875 914.062 437.500 -414.062 -132.812 921.875 -351.562 -164.062 906.250 15.625 -632.812 695.312 218.750 -312.500 835.938
-109.375 703.125 382.812 -414.062 -187.500 820.312 -351.562 -195.312 835.938 -15.625 -640.625 625.000 234.375 -328.125 820.312
-132.812 671.875 375.000 -429.688 -164.062 765.625 -343.750 -179.688 773.438 -62.500 -593.750 601.562 218.750 -312.500 812.500
-242.188 617.188 257.812 -468.750 -46.875 890.625 -257.812 -250.000 632.812 -78.125 -632.812 531.250 148.438 -375.000 757.812
-148.438 757.812 343.750 -617.188 -46.875 664.062 -570.312 -93.750 742.188 -218.750 -578.125 484.375 62.500 -296.875 687.500
-140.625 781.250 382.812 -617.188 -148.438 679.688 -570.312 -132.812 578.125 -171.875 -507.812 492.188 93.750 -281.250 703.125
-406.250 992.188 218.750 -601.562 62.500 835.938 -695.312 -93.750 351.562 -203.125 -421.875 179.688 101.562 -468.750 609.375
-406.250 992.188 218.750 -601.562 62.500 835.938 -695.312 -93.750 351.562 -203.125 -421.875 179.688 101.562 -468.750 609.375
-406.250 992.188 218.750 -601.562 62.500 835.938 -695.312 -93.750 351.562 -203.125 -421.875 179.688 101.562 -468.750 609.375
-484.375 1242.188 195.312 -875.000 78.125 460.938 -593.750 -570.312 507.812 -210.938 -609.375 312.500 226.562 -617.188 656.250
-460.938 835.938 335.938 -960.938 85.938 296.875 -210.938 -320.312 617.188 406.250 -500.000 468.750 257.812 -304.688 656.250
-343.750 929.688 343.750 -968.750 -46.875 125.000 -54.688 -500.000 671.875 390.625 -484.375 554.688 367.188 -148.438 671.875
-429.688 828.125 406.250 -1117.188 -132.812 156.250 -54.688 -664.062 710.938 726.562 -507.812 664.062 601.562 -250.000 882.812
-601.562 781.250 242.188 -1000.000 -179.688 328.125 125.000 -781.250 921.875 796.875 -773.438 703.125 609.375 -273.438 992.188
-328.125 742.188 406.250 -507.812 -578.125 789.062 312.500 -882.812 1023.438 914.062 -539.062 726.562 882.812 -171.875 796.875
-328.125 742.188 406.250 -507.812 -578.125 789.062 312.500 -882.812 1023.438 914.062 -539.062 726.562 882.812 -171.875 796.875
-335.938 632.812 476.562 -648.438 -445.312 625.000 46.875 -765.625 765.625 796.875 -906.250 523.438 820.312 -390.625 953.125
-335.938 632.812 476.562 -648.438 -445.312 625.000 46.875 -765.625 765.625 796.875 -906.250 523.438 820.312 -390.625 953.125
-367.188 1000.000 453.125 -773.438 -273.438 515.625 46.875 -554.688 726.562 500.000 -617.188 375.000 429.688 -343.750 679.688
-312.500 898.438 421.875 -750.000 -218.750 523.438 23.438 -570.312 703.125 523.438 -687.500 406.250 539.062 -335.938 679.688
-406.250 710.938 351.562 -742.188 -421.875 421.875 0.000 -656.250 679.688 546.875 -695.312 382.812 554.688 -351.562 695.312
-398.438 601.562 359.375 -710.938 -406.250 445.312 -15.625 -664.062 656.250 507.812 -687.500 382.812 554.688 -359.375 695.312
-398.438 656.250 359.375 -710.938 -367.188 437.500 -15.625 -640.625 679.688 507.812 -671.875 406.250 523.438 -343.750 695.312
-382.812 757.812 359.375 -656.250 -320.312 625.000 85.938 -671.875 750.000 546.875 -726.562 398.438 515.625 -390.625 742.188
-414.062 851.562 328.125 -687.500 -359.375 687.500 132.812 -710.938 781.250 585.938 -781.250 390.625 500.000 -437.500 781.250
-390.625 875.000 335.938 -710.938 -281.250 648.438 93.750 -632.812 742.188 531.250 -710.938 382.812 507.812 -390.625 726.562
-390.625 875.000 335.938 -710.938 -281.250 648.438 93.750 -632.812 742.188 531.250 -710.938 382.812 507.812 -390.625 726.562
-406.250 835.938 296.875 -718.750 -250.000 601.562 78.125 -593.750 750.000 562.500 -671.875 398.438 531.250 -328.125 718.750
-421.875 843.750 289.062 -734.375 -250.000 601.562 85.938 -578.125 757.812 562.500 -664.062 406.250 546.875 -335.938 710.938
-421.875 859.375 289.062 -742.188 -242.188 593.750 78.125 -578.125 750.000 562.500 -656.250 398.438 531.250 -335.938 703.125
-390.625 835.938 304.688 -765.625 -281.250 562.500 93.750 -609.375 750.000 585.938 -671.875 406.250 554.688 -335.938 710.938
-390.625 835.938 304.688 -765.625 -281.250 562.500 93.750 -609.375 750.000 585.938 -671.875 406.250 554.688 -335.938 710.938
