-398.438 843.750 445.312 -734.375 203.125 460.938 -546.875 226.562 585.938 -421.875 -359.375 507.812 -265.625 -187.500 718.750
-375.000 960.938 476.562 -648.438 257.812 593.750 -640.625 78.125 515.625 -398.438 -531.250 437.500 -289.062 -601.562 656.250
-492.188 1117.188 437.500 -617.188 234.375 632.812 -554.688 62.500 585.938 -398.438 -562.500 406.250 -304.688 -710.938 632.812
-546.875 1156.250 390.625 -546.875 156.250 718.750 -257.812 117.188 757.812 -257.812 -445.312 500.000 -312.500 -710.938 531.250
-523.438 914.062 351.562 -429.688 -23.438 820.312 -39.062 117.188 1039.062 0.000 -539.062 773.438 -46.875 -554.688 734.375
-492.188 726.562 351.562 -273.438 -203.125 921.875 -54.688 117.188 1148.438 164.062 -632.812 906.250 234.375 -453.125 1007.812
-421.875 625.000 375.000 -257.812 -203.125 921.875 15.625 46.875 1148.438 203.125 -671.875 968.750 343.750 -414.062 1117.188
-453.125 546.875 367.188 -203.125 -203.125 953.125 7.812 85.938 1164.062 265.625 -679.688 1031.250 437.500 -335.938 1234.375
-515.625 687.500 343.750 -210.938 -93.750 992.188 -23.438 101.562 1132.812 218.750 -632.812 1031.250 359.375 -304.688 1195.312
-632.812 773.438 273.438 -171.875 -78.125 1039.062 0.000 218.750 1062.500 210.938 -562.500 867.188 265.625 -335.938 1070.312
-671.875 796.875 242.188 -171.875 -23.438 1046.875 7.812 203.125 1101.562 132.812 -578.125 906.250 210.938 -343.750 1015.625
-695.312 742.188 171.875 -117.188 7.812 1070.312 7.812 218.750 1070.312 85.938 -531.250 898.438 132.812 -335.938 945.312
-710.938 625.000 140.625 -125.000 -70.312 1085.938 0.000 218.750 1070.312 101.562 -546.875 898.438 179.688 -375.000 976.562
-695.312 578.125 132.812 -132.812 -93.750 1062.500 -15.625 171.875 1093.750 101.562 -609.375 914.062 203.125 -375.000 1031.250
-695.312 554.688 164.062 -140.625 -117.188 1054.688 -23.438 164.062 1109.375 93.750 -625.000 929.688 203.125 -375.000 1054.688
-695.312 625.000 312.500 -179.688 85.938 1031.250 46.875 398.438 1015.625 234.375 -375.000 1000.000 382.812 -46.875 1031.250
-656.250 710.938 367.188 -203.125 164.062 1007.812 62.500 437.500 992.188 234.375 -320.312 984.375 367.188 -46.875 976.562
-625.000 835.938 382.812 -218.750 226.562 976.562 39.062 445.312 945.312 164.062 -312.500 937.500 265.625 -125.000 914.062
-640.625 851.562 343.750 -210.938 195.312 992.188 31.250 429.688 945.312 132.812 -312.500 914.062 218.750 -148.438 882.812
-570.312 757.812 320.312 -140.625 70.312 992.188 -15.625 304.688 929.688 0.000 -421.875 804.688 85.938 -257.812 867.188
-523.438 734.375 351.562 -156.250 39.062 976.562 -39.062 281.250 929.688 15.625 -429.688 796.875 93.750 -257.812 875.000
-468.750 750.000 414.062 -187.500 15.625 929.688 -46.875 250.000 921.875 23.438 -437.500 820.312 125.000 -257.812 906.250
-445.312 742.188 437.500 -195.312 15.625 921.875 -46.875 250.000 914.062 31.250 -460.938 828.125 132.812 -242.188 898.438
-492.188 703.125 429.688 -179.688 7.812 929.688 -23.438 242.188 929.688 54.688 -460.938 835.938 140.625 -265.625 906.250
-507.812 726.562 414.062 -179.688 0.000 937.500 -23.438 257.812 937.500 39.062 -468.750 843.750 132.812 -273.438 906.250
-554.688 695.312 375.000 -171.875 7.812 937.500 -7.812 250.000 953.125 85.938 -460.938 843.750 179.688 -257.812 921.875
-554.688 687.500 367.188 -164.062 15.625 953.125 0.000 265.625 960.938 101.562 -460.938 859.375 187.500 -242.188 921.875
-554.688 703.125 359.375 -156.250 23.438 953.125 0.000 289.062 945.312 54.688 -429.688 851.562 156.250 -242.188 914.062
-539.062 734.375 359.375 -156.250 39.062 968.750 -15.625 296.875 929.688 54.688 -421.875 843.750 148.438 -242.188 906.250
-531.250 789.062 390.625 -148.438 54.688 968.750 -23.438 296.875 914.062 23.438 -414.062 828.125 117.188 -250.000 875.000
-484.375 804.688 421.875 -132.812 78.125 960.938 -7.812 312.500 906.250 23.438 -406.250 820.312 109.375 -234.375 875.000
-406.250 773.438 484.375 -117.188 39.062 984.375 -15.625 296.875 937.500 31.250 -437.500 835.938 109.375 -242.188 898.438
-390.625 750.000 500.000 -117.188 31.250 968.750 -7.812 289.062 937.500 31.250 -453.125 835.938 117.188 -257.812 906.250
-390.625 734.375 484.375 -101.562 15.625 976.562 0.000 273.438 945.312 39.062 -453.125 828.125 140.625 -265.625 914.062
-460.938 710.938 437.500 -101.562 15.625 976.562 15.625 273.438 945.312 109.375 -468.750 875.000 203.125 -250.000 960.938
-500.000 695.312 398.438 -117.188 0.000 968.750 23.438 273.438 960.938 109.375 -468.750 882.812 210.938 -250.000 968.750
-523.438 695.312 367.188 -109.375 23.438 968.750 39.062 289.062 960.938 125.000 -445.312 882.812 226.562 -234.375 960.938
-562.500 726.562 359.375 -117.188 46.875 976.562 46.875 320.312 960.938 132.812 -429.688 898.438 242.188 -210.938 968.750
-531.250 765.625 375.000 -109.375 78.125 984.375 39.062 328.125 968.750 132.812 -414.062 921.875 234.375 -226.562 984.375
-523.438 796.875 390.625 -85.938 62.500 1000.000 46.875 320.312 976.562 101.562 -421.875 914.062 187.500 -187.500 984.375
-515.625 804.688 390.625 -85.938 54.688 1000.000 39.062 320.312 960.938 85.938 -414.062 890.625 171.875 -210.938 960.938
-492.188 804.688 414.062 -85.938 46.875 992.188 39.062 320.312 953.125 78.125 -414.062 867.188 140.625 -218.750 898.438
-414.062 757.812 453.125 -70.312 39.062 984.375 31.250 304.688 945.312 62.500 -421.875 843.750 109.375 -226.562 898.438
-437.500 773.438 437.500 -70.312 39.062 992.188 23.438 304.688 937.500 62.500 -421.875 851.562 117.188 -226.562 898.438
-468.750 796.875 429.688 -54.688 39.062 992.188 31.250 296.875 937.500 70.312 -421.875 843.750 125.000 -234.375 898.438
-500.000 820.312 390.625 -70.312 62.500 992.188 39.062 320.312 937.500 78.125 -398.438 859.375 125.000 -210.938 898.438
-507.812 750.000 359.375 -39.062 85.938 1031.250 85.938 359.375 976.562 109.375 -390.625 867.188 148.438 -195.312 914.062
-523.438 750.000 343.750 31.250 101.562 1117.188 179.688 414.062 1078.125 164.062 -390.625 937.500 164.062 -187.500 929.688
-523.438 757.812 343.750 46.875 101.562 1164.062 218.750 476.562 1132.812 179.688 -382.812 968.750 156.250 -195.312 937.500
-554.688 703.125 296.875 54.688 101.562 1148.438 195.312 406.250 1125.000 234.375 -445.312 1000.000 203.125 -203.125 984.375
-578.125 734.375 281.250 -39.062 23.438 1023.438 109.375 296.875 1054.688 171.875 -468.750 945.312 281.250 -210.938 1054.688
-562.500 710.938 281.250 -164.062 23.438 921.875 -7.812 257.812 937.500 179.688 -476.562 992.188 312.500 -156.250 1078.125
-554.688 679.688 273.438 -218.750 23.438 867.188 -70.312 156.250 890.625 195.312 -523.438 992.188 304.688 -171.875 1070.312
-539.062 656.250 242.188 -289.062 0.000 812.500 -164.062 234.375 867.188 0.000 -437.500 882.812 171.875 -226.562 1070.312
-601.562 726.562 117.188 -375.000 7.812 726.562 -218.750 164.062 867.188 -62.500 -507.812 828.125 78.125 -179.688 960.938
-835.938 906.250 -62.500 -398.438 -31.250 796.875 -125.000 265.625 976.562 -132.812 -460.938 718.750 70.312 -328.125 875.000
-859.375 945.312 -171.875 -296.875 -7.812 945.312 0.000 351.562 1195.312 -156.250 -468.750 703.125 -7.812 -351.562 804.688
-640.625 343.750 31.250 -78.125 210.938 1195.312 -31.250 585.938 1085.938 -390.625 -351.562 515.625 -257.812 -398.438 570.312
-414.062 476.562 351.562 -226.562 507.812 1054.688 -304.688 726.562 671.875 -476.562 -234.375 562.500 -218.750 -250.000 531.250
-195.312 1140.625 742.188 -203.125 718.750 984.375 -382.812 804.688 429.688 -328.125 -46.875 773.438 -93.750 7.812 648.438
-296.875 1460.938 906.250 -601.562 742.188 710.938 -953.125 453.125 -23.438 54.688 -125.000 875.000 132.812 101.562 796.875
-351.562 1523.438 718.750 -843.750 257.812 460.938 -804.688 250.000 226.562 7.812 -187.500 789.062 304.688 7.812 921.875
-234.375 1093.750 453.125 -695.312 -148.438 585.938 -375.000 140.625 906.250 101.562 -648.438 929.688 140.625 -23.438 976.562
-359.375 445.312 351.562 -414.062 -203.125 968.750 -226.562 93.750 1234.375 164.062 -726.562 1007.812 234.375 -398.438 1195.312
-312.500 578.125 421.875 -531.250 -468.750 898.438 -351.562 -23.438 1195.312 359.375 -835.938 1046.875 382.812 -406.250 1281.250
-304.688 789.062 476.562 -406.250 -445.312 968.750 -398.438 -15.625 906.250 382.812 -828.125 945.312 523.438 -390.625 1257.812
-390.625 859.375 468.750 -671.875 -70.312 750.000 -867.188 -179.688 437.500 156.250 -664.062 687.500 593.750 -273.438 1039.062
-289.062 609.375 476.562 -1007.812 203.125 359.375 -546.875 148.438 429.688 -62.500 -460.938 492.188 351.562 -250.000 718.750
-7.812 601.562 539.062 -781.250 671.875 593.750 -445.312 945.312 296.875 -390.625 257.812 460.938 -187.500 -93.750 429.688
-195.312 515.625 429.688 -820.312 562.500 445.312 -460.938 898.438 367.188 -359.375 304.688 414.062 -320.312 15.625 343.750
-625.000 867.188 -101.562 -976.562 132.812 62.500 -140.625 156.250 562.500 -164.062 -265.625 515.625 -296.875 -31.250 437.500
-1031.250 1117.188 -328.125 -703.125 -132.812 429.688 -140.625 -187.500 750.000 171.875 -539.062 679.688 156.250 -507.812 812.500
-937.500 773.438 -289.062 -734.375 -382.812 578.125 281.250 -578.125 1085.938 593.750 -835.938 804.688 507.812 -429.688 1093.750
-757.812 781.250 -187.500 -679.688 -500.000 539.062 382.812 -382.812 1000.000 671.875 -781.250 882.812 617.188 -421.875 1101.562
-625.000 648.438 -70.312 -609.375 -367.188 601.562 234.375 -421.875 1109.375 609.375 -632.812 921.875 593.750 -156.250 1023.438
-679.688 585.938 -93.750 -585.938 -226.562 687.500 195.312 -171.875 976.562 531.250 -500.000 781.250 531.250 -234.375 968.750
-531.250 882.812 179.688 -585.938 -164.062 757.812 304.688 -125.000 1000.000 437.500 -492.188 710.938 351.562 -257.812 812.500
-507.812 882.812 289.062 -554.688 -195.312 812.500 328.125 -195.312 1023.438 437.500 -500.000 687.500 328.125 -304.688 882.812
-632.812 859.375 242.188 -562.500 -257.812 820.312 343.750 -226.562 945.312 453.125 -562.500 648.438 359.375 -335.938 835.938
-609.375 890.625 203.125 -539.062 -242.188 804.688 343.750 -257.812 898.438 546.875 -531.250 601.562 515.625 -304.688 835.938
-671.875 835.938 54.688 -453.125 -273.438 843.750 437.500 -554.688 867.188 671.875 -656.250 632.812 585.938 -421.875 945.312
-671.875 820.312 31.250 -492.188 -343.750 742.188 414.062 -718.750 789.062 664.062 -773.438 593.750 656.250 -445.312 1015.625
-664.062 804.688 15.625 -414.062 -343.750 632.812 484.375 -867.188 648.438 750.000 -914.062 554.688 765.625 -515.625 1023.438
-687.500 859.375 78.125 -304.688 -859.375 367.188 726.562 -593.750 773.438 1000.000 -664.062 781.250 851.562 -414.062 1085.938
-757.812 992.188 62.500 351.562 -1226.562 640.625 765.625 -187.500 1171.875 789.062 -687.500 882.812 679.688 -335.938 1015.625
-718.750 789.062 117.188 -335.938 -781.250 1117.188 601.562 -132.812 1132.812 1070.312 -718.750 820.312 531.250 -437.500 1054.688
-687.500 695.312 62.500 -1617.188 382.812 1117.188 148.438 62.500 742.188 773.438 -398.438 601.562 406.250 -210.938 718.750
-648.438 757.812 -265.625 -39.062 46.875 703.125 656.250 46.875 1007.812 312.500 -429.688 820.312 218.750 -117.188 882.812
-882.812 406.250 -203.125 375.000 195.312 890.625 476.562 507.812 1000.000 234.375 -171.875 679.688 234.375 70.312 617.188
-945.312 359.375 -148.438 15.625 500.000 1257.812 343.750 671.875 890.625 171.875 -156.250 703.125 218.750 -7.812 750.000
-757.812 429.688 -234.375 -203.125 226.562 1101.562 78.125 367.188 742.188 148.438 15.625 820.312 156.250 171.875 703.125
-960.938 390.625 -390.625 -250.000 234.375 1304.688 46.875 515.625 757.812 125.000 -62.500 828.125 15.625 156.250 726.562
-1085.938 117.188 -132.812 -195.312 398.438 1273.438 15.625 812.500 812.500 -31.250 70.312 828.125 -39.062 140.625 664.062
-828.125 -132.812 -312.500 -304.688 257.812 1054.688 -85.938 562.500 812.500 -62.500 -164.062 851.562 -93.750 148.438 789.062
-679.688 281.250 -54.688 101.562 62.500 960.938 289.062 414.062 843.750 250.000 -234.375 843.750 148.438 46.875 867.188
-703.125 445.312 -85.938 140.625 -31.250 953.125 320.312 328.125 882.812 281.250 -312.500 835.938 156.250 -54.688 921.875
-789.062 484.375 70.312 164.062 -70.312 914.062 335.938 242.188 875.000 281.250 -367.188 828.125 148.438 -78.125 921.875
-1179.688 539.062 15.625 367.188 -7.812 1218.750 226.562 210.938 882.812 250.000 -562.500 773.438 125.000 -179.688 968.750
-1125.000 531.250 -62.500 367.188 1242.188 2101.562 507.812 187.500 882.812 601.562 -640.625 718.750 453.125 -187.500 968.750
-554.688 -15.625 23.438 257.812 39.062 929.688 554.688 296.875 851.562 710.938 -304.688 828.125 500.000 54.688 835.938
-1070.312 515.625 78.125 492.188 578.125 1335.938 695.312 156.250 820.312 562.500 -531.250 718.750 187.500 -273.438 804.688
-671.875 226.562 70.312 289.062 -257.812 984.375 718.750 437.500 1015.625 281.250 -273.438 710.938 242.188 -367.188 789.062
-867.188 656.250 54.688 -492.188 -117.188 882.812 -7.812 445.312 976.562 62.500 -179.688 890.625 132.812 140.625 765.625
-984.375 835.938 156.250 -468.750 -265.625 835.938 -62.500 320.312 1187.500 23.438 -218.750 953.125 46.875 156.250 820.312
-726.562 156.250 -257.812 -421.875 109.375 914.062 -304.688 375.000 742.188 234.375 -523.438 968.750 335.938 171.875 953.125
-992.188 0.000 -39.062 -226.562 -54.688 867.188 -54.688 281.250 750.000 265.625 -531.250 968.750 359.375 70.312 1007.812
-875.000 -39.062 -140.625 -429.688 -125.000 984.375 -312.500 414.062 859.375 70.312 -484.375 984.375 132.812 117.188 1015.625
-914.062 -140.625 -171.875 148.438 570.312 1257.812 -226.562 664.062 617.188 15.625 -187.500 882.812 70.312 -148.438 1078.125
-843.750 328.125 140.625 710.938 656.250 960.938 203.125 39.062 562.500 -70.312 -507.812 609.375 -281.250 -375.000 828.125
-796.875 585.938 289.062 398.438 -445.312 570.312 429.688 -671.875 2078.125 210.938 -898.438 906.250 -343.750 -578.125 906.250
-710.938 710.938 460.938 -226.562 -343.750 718.750 -117.188 46.875 757.812 250.000 -1039.062 679.688 320.312 -335.938 1179.688
-601.562 687.500 328.125 -445.312 -179.688 593.750 -203.125 226.562 648.438 492.188 -398.438 734.375 546.875 -296.875 1054.688
-898.438 500.000 117.188 -664.062 296.875 718.750 -328.125 679.688 554.688 554.688 -273.438 906.250 835.938 187.500 835.938
-921.875 601.562 7.812 -687.500 328.125 765.625 -304.688 734.375 664.062 484.375 -109.375 898.438 734.375 125.000 867.188
-781.250 578.125 117.188 -531.250 31.250 890.625 -351.562 484.375 875.000 320.312 -375.000 976.562 328.125 -54.688 914.062
-718.750 585.938 148.438 -507.812 -23.438 921.875 -320.312 421.875 937.500 367.188 -492.188 976.562 367.188 -46.875 960.938
-742.188 507.812 93.750 -554.688 -46.875 859.375 -367.188 429.688 906.250 304.688 -484.375 921.875 445.312 -265.625 1070.312
-796.875 523.438 0.000 -609.375 -62.500 773.438 -414.062 421.875 828.125 234.375 -453.125 867.188 406.250 -273.438 1031.250
-601.562 789.062 93.750 -671.875 -218.750 609.375 -656.250 62.500 570.312 -23.438 -570.312 546.875 210.938 -445.312 906.250
-609.375 984.375 156.250 -734.375 -179.688 562.500 -726.562 54.688 460.938 -78.125 -585.938 484.375 140.625 -523.438 859.375
-695.312 1539.062 187.500 -875.000 93.750 476.562 -890.625 242.188 46.875 -179.688 -523.438 320.312 31.250 -429.688 679.688
-765.625 1382.812 -39.062 -710.938 156.250 398.438 -500.000 429.688 195.312 -54.688 -187.500 632.812 195.312 -367.188 804.688
-750.000 851.562 -351.562 -2992.188 648.438 328.125 1226.562 39.062 218.750 140.625 -187.500 882.812 351.562 -250.000 953.125
-757.812 562.500 -343.750 656.250 -70.312 882.812 -687.500 554.688 625.000 101.562 -203.125 835.938 257.812 -226.562 992.188
-664.062 289.062 -257.812 -218.750 -109.375 1187.500 296.875 234.375 1117.188 -164.062 -257.812 843.750 -46.875 171.875 812.500
-531.250 750.000 62.500 -304.688 -210.938 671.875 -273.438 -320.312 703.125 -187.500 -218.750 609.375 -164.062 -593.750 1015.625
-648.438 960.938 -23.438 -703.125 179.688 304.688 -39.062 101.562 867.188 -179.688 -406.250 468.750 -281.250 78.125 671.875
-695.312 960.938 -156.250 -789.062 375.000 226.562 156.250 304.688 835.938 -85.938 -125.000 687.500 -234.375 15.625 570.312
-812.500 679.688 -312.500 -390.625 164.062 859.375 -54.688 351.562 1070.312 -78.125 -93.750 1257.812 7.812 1296.875 242.188
-851.562 273.438 -335.938 -406.250 406.250 1242.188 140.625 507.812 1328.125 234.375 -453.125 1328.125 148.438 703.125 1000.000
-835.938 507.812 -304.688 -187.500 617.188 1039.062 -937.500 0.000 812.500 -617.188 414.062 1148.438 -562.500 414.062 250.000
-921.875 664.062 -132.812 -718.750 390.625 1093.750 625.000 1250.000 1078.125 -54.688 109.375 742.188 -203.125 328.125 617.188
-1195.312 1367.188 -156.250 7.812 554.688 1187.500 351.562 445.312 804.688 -101.562 -101.562 703.125 -406.250 39.062 546.875
-796.875 1539.062 -234.375 39.062 367.188 1148.438 695.312 203.125 992.188 281.250 -328.125 750.000 0.000 -210.938 796.875
-835.938 515.625 -328.125 -23.438 164.062 1109.375 703.125 101.562 1007.812 437.500 -484.375 796.875 265.625 -265.625 882.812
-789.062 257.812 -375.000 -195.312 -31.250 992.188 460.938 46.875 976.562 421.875 -515.625 765.625 281.250 -312.500 921.875
-867.188 31.250 -265.625 -429.688 -85.938 773.438 265.625 0.000 898.438 320.312 -632.812 632.812 304.688 -492.188 929.688
-921.875 -7.812 -257.812 -335.938 -93.750 890.625 429.688 -101.562 992.188 507.812 -671.875 734.375 343.750 -468.750 1000.000
-1078.125 296.875 -148.438 -203.125 46.875 937.500 367.188 7.812 882.812 234.375 -625.000 585.938 78.125 -484.375 757.812
-1218.750 171.875 -171.875 -234.375 179.688 976.562 453.125 54.688 882.812 218.750 -601.562 492.188 -39.062 -562.500 695.312
-1242.188 718.750 164.062 -343.750 46.875 804.688 304.688 117.188 859.375 -70.312 -632.812 460.938 -429.688 -757.812 664.062
-453.125 1203.125 476.562 -515.625 -234.375 468.750 -171.875 -156.250 828.125 -218.750 -851.562 390.625 -531.250 -984.375 703.125
-578.125 468.750 531.250 -757.812 -476.562 -7.812 -593.750 -375.000 640.625 -398.438 -1242.188 320.312 -617.188 -1218.750 679.688
-546.875 320.312 515.625 -867.188 -734.375 -367.188 -695.312 -531.250 656.250 -335.938 -1296.875 320.312 -593.750 -1406.250 609.375
-156.250 -539.062 476.562 -593.750 -1101.562 -773.438 -851.562 -851.562 476.562 -359.375 -1492.188 -140.625 -406.250 -1710.938 351.562
-406.250 -335.938 937.500 -234.375 -1023.438 -710.938 -1031.250 -1500.000 218.750 -562.500 -1906.250 -328.125 -234.375 -1757.812 656.250
54.688 125.000 765.625 -414.062 -1750.000 -976.562 -382.812 -1679.688 585.938 7.812 -1234.375 -179.688 148.438 -1554.688 328.125
-179.688 -62.500 695.312 -359.375 -1890.625 -867.188 -539.062 -1273.438 -109.375 484.375 -1421.875 -234.375 421.875 -1585.938 429.688
-445.312 187.500 796.875 -140.625 -1609.375 -70.312 -265.625 -1562.500 250.000 804.688 -1437.500 -257.812 906.250 -1281.250 703.125
-289.062 78.125 804.688 -31.250 -1609.375 265.625 132.812 -1320.312 960.938 804.688 -1445.312 -109.375 703.125 -1351.562 773.438
-554.688 171.875 757.812 -187.500 -1343.750 593.750 -78.125 -1304.688 1054.688 804.688 -1265.625 132.812 750.000 -1046.875 867.188
-593.750 390.625 796.875 179.688 -1093.750 687.500 -78.125 -984.375 820.312 765.625 -1078.125 171.875 687.500 -937.500 781.250
-562.500 351.562 734.375 -304.688 -851.562 570.312 -234.375 -679.688 523.438 578.125 -1117.188 31.250 750.000 -804.688 765.625
-554.688 390.625 851.562 -343.750 -960.938 578.125 -257.812 -671.875 757.812 343.750 -984.375 31.250 343.750 -851.562 664.062
-468.750 437.500 828.125 -398.438 -820.312 507.812 -250.000 -640.625 875.000 265.625 -976.562 156.250 210.938 -820.312 656.250
