-601.562 773.438 187.500 -179.688 0.000 960.938 203.125 125.000 960.938 398.438 -437.500 750.000 343.750 -250.000 851.562
-531.250 812.500 242.188 -156.250 7.812 960.938 203.125 125.000 953.125 390.625 -429.688 773.438 359.375 -242.188 867.188
-507.812 835.938 242.188 -125.000 7.812 1000.000 242.188 109.375 984.375 429.688 -445.312 812.500 351.562 -234.375 875.000
-515.625 851.562 226.562 -93.750 -7.812 1039.062 296.875 148.438 1015.625 421.875 -453.125 789.062 351.562 -242.188 851.562
-546.875 851.562 234.375 -148.438 15.625 984.375 242.188 148.438 968.750 398.438 -429.688 765.625 359.375 -273.438 843.750
-562.500 828.125 210.938 -187.500 23.438 945.312 203.125 140.625 929.688 375.000 -429.688 750.000 359.375 -242.188 851.562
-570.312 789.062 195.312 -195.312 7.812 937.500 187.500 148.438 921.875 367.188 -429.688 734.375 367.188 -257.812 859.375
-585.938 742.188 179.688 -195.312 31.250 960.938 179.688 164.062 921.875 375.000 -421.875 757.812 382.812 -257.812 867.188
-601.562 750.000 164.062 -218.750 -15.625 953.125 179.688 171.875 953.125 367.188 -414.062 765.625 367.188 -242.188 867.188
-601.562 750.000 164.062 -218.750 -15.625 953.125 179.688 171.875 953.125 367.188 -414.062 765.625 367.188 -242.188 867.188
-632.812 765.625 148.438 -234.375 23.438 945.312 164.062 171.875 953.125 359.375 -414.062 773.438 343.750 -250.000 859.375
-632.812 757.812 156.250 -242.188 46.875 937.500 164.062 164.062 945.312 343.750 -421.875 773.438 343.750 -250.000 851.562
-507.812 726.562 218.750 -250.000 39.062 921.875 140.625 156.250 929.688 335.938 -421.875 765.625 335.938 -250.000 859.375
-390.625 671.875 320.312 -226.562 -15.625 906.250 132.812 93.750 921.875 320.312 -460.938 734.375 328.125 -265.625 867.188
-406.250 773.438 328.125 -226.562 -15.625 914.062 125.000 62.500 921.875 312.500 -492.188 734.375 320.312 -304.688 851.562
-453.125 882.812 289.062 -93.750 23.438 1046.875 164.062 101.562 945.312 320.312 -492.188 718.750 296.875 -312.500 843.750
-421.875 890.625 289.062 -23.438 54.688 1109.375 195.312 117.188 968.750 320.312 -492.188 726.562 289.062 -343.750 828.125
-445.312 890.625 328.125 0.000 93.750 1195.312 187.500 109.375 968.750 320.312 -492.188 695.312 273.438 -328.125 796.875
-445.312 890.625 328.125 0.000 93.750 1195.312 187.500 109.375 968.750 320.312 -492.188 695.312 273.438 -328.125 796.875
-515.625 937.500 195.312 -203.125 62.500 992.188 203.125 101.562 945.312 351.562 -437.500 718.750 351.562 -257.812 804.688
-617.188 843.750 132.812 -429.688 156.250 828.125 187.500 109.375 898.438 359.375 -375.000 750.000 343.750 -179.688 796.875
-453.125 882.812 85.938 -273.438 210.938 945.312 -78.125 273.438 773.438 195.312 -281.250 671.875 242.188 -148.438 703.125
-453.125 648.438 70.312 -187.500 179.688 1054.688 -125.000 414.062 820.312 156.250 -148.438 664.062 195.312 -132.812 617.188
-484.375 460.938 0.000 -593.750 78.125 789.062 148.438 484.375 1093.750 281.250 -148.438 781.250 203.125 -304.688 757.812
-562.500 421.875 -54.688 -882.812 164.062 687.500 296.875 390.625 1140.625 335.938 -265.625 859.375 257.812 -312.500 804.688
-726.562 640.625 -164.062 -1023.438 -31.250 257.812 500.000 -203.125 992.188 578.125 -531.250 843.750 546.875 -210.938 945.312
-726.562 820.312 -156.250 -562.500 -546.875 523.438 234.375 -507.812 804.688 585.938 -695.312 671.875 554.688 -429.688 1000.000
-726.562 820.312 -156.250 -562.500 -546.875 523.438 234.375 -507.812 804.688 585.938 -695.312 671.875 554.688 -429.688 1000.000
-703.125 734.375 -54.688 -468.750 -609.375 843.750 414.062 -375.000 945.312 546.875 -687.500 640.625 421.875 -500.000 875.000
-695.312 750.000 -15.625 -500.000 -289.062 820.312 640.625 -312.500 960.938 523.438 -679.688 617.188 382.812 -468.750 835.938
-656.250 960.938 23.438 -593.750 -257.812 781.250 429.688 -320.312 960.938 468.750 -640.625 617.188 390.625 -375.000 781.250
-695.312 960.938 0.000 -687.500 -218.750 601.562 203.125 -343.750 890.625 468.750 -687.500 601.562 460.938 -390.625 851.562
-750.000 765.625 -31.250 -648.438 -296.875 718.750 304.688 -382.812 984.375 500.000 -703.125 640.625 531.250 -382.812 867.188
-781.250 757.812 -23.438 -640.625 -242.188 750.000 281.250 -359.375 1101.562 695.312 -718.750 703.125 593.750 -328.125 890.625
-468.750 851.562 -54.688 -640.625 -250.000 710.938 367.188 -281.250 1148.438 773.438 -656.250 789.062 734.375 -296.875 937.500
-562.500 984.375 -54.688 -625.000 -132.812 710.938 289.062 -265.625 1140.625 734.375 -625.000 843.750 515.625 -156.250 875.000
-562.500 984.375 -54.688 -625.000 -132.812 710.938 289.062 -265.625 1140.625 734.375 -625.000 843.750 515.625 -156.250 875.000
-734.375 1000.000 -132.812 -718.750 -359.375 617.188 554.688 -23.438 1492.188 515.625 -539.062 921.875 257.812 -156.250 781.250
-718.750 960.938 -296.875 -578.125 125.000 1000.000 187.500 -257.812 945.312 664.062 -859.375 679.688 421.875 -640.625 890.625
-93.750 1164.062 312.500 -539.062 -226.562 960.938 39.062 -328.125 1117.188 531.250 -773.438 703.125 484.375 -539.062 937.500
398.438 531.250 867.188 -296.875 -62.500 1226.562 375.000 -132.812 1484.375 578.125 -750.000 960.938 445.312 -687.500 1156.250
-546.875 1007.812 429.688 -742.188 429.688 875.000 312.500 39.062 1367.188 601.562 -820.312 914.062 429.688 -507.812 1007.812
-726.562 859.375 62.500 -718.750 289.062 710.938 -281.250 250.000 601.562 289.062 -562.500 640.625 500.000 -578.125 867.188
-773.438 515.625 62.500 -703.125 429.688 617.188 -781.250 -7.812 85.938 -15.625 -476.562 335.938 406.250 -445.312 671.875
-695.312 671.875 78.125 -710.938 445.312 367.188 -859.375 -218.750 -39.062 -218.750 -468.750 218.750 195.312 -335.938 546.875
-156.250 1007.812 382.812 -984.375 -156.250 0.000 -914.062 -195.312 93.750 -421.875 -507.812 210.938 -78.125 -367.188 468.750
-156.250 1007.812 382.812 -984.375 -156.250 0.000 -914.062 -195.312 93.750 -421.875 -507.812 210.938 -78.125 -367.188 468.750
-257.812 593.750 453.125 -1000.000 0.000 351.562 -710.938 148.438 484.375 -328.125 -406.250 453.125 -39.062 -351.562 570.312
-140.625 765.625 468.750 -796.875 -156.250 546.875 -570.312 -23.438 710.938 -257.812 -523.438 578.125 -15.625 -421.875 718.750
-148.438 789.062 500.000 -828.125 -46.875 484.375 -585.938 -7.812 640.625 -281.250 -562.500 546.875 7.812 -367.188 695.312
-132.812 757.812 531.250 -789.062 -7.812 546.875 -500.000 187.500 750.000 -187.500 -445.312 687.500 39.062 -359.375 781.250
-343.750 984.375 382.812 -906.250 -70.312 476.562 -539.062 15.625 750.000 -164.062 -585.938 664.062 93.750 -421.875 804.688
-179.688 929.688 460.938 -867.188 -70.312 484.375 -570.312 -23.438 710.938 -148.438 -632.812 632.812 117.188 -406.250 796.875
-156.250 1000.000 453.125 -867.188 -15.625 468.750 -578.125 93.750 617.188 -117.188 -531.250 632.812 140.625 -351.562 742.188
-156.250 1000.000 453.125 -867.188 -15.625 468.750 -578.125 93.750 617.188 -117.188 -531.250 632.812 140.625 -351.562 742.188
-273.438 945.312 335.938 -804.688 -7.812 445.312 -593.750 117.188 562.500 -156.250 -539.062 632.812 117.188 -375.000 726.562
-585.938 835.938 39.062 -601.562 -312.500 375.000 -625.000 -171.875 390.625 -187.500 -632.812 500.000 85.938 -492.188 718.750
-929.688 507.812 -54.688 -234.375 -492.188 132.812 -281.250 -382.812 601.562 -46.875 -585.938 507.812 289.062 -664.062 804.688
-929.688 507.812 -54.688 -234.375 -492.188 132.812 -281.250 -382.812 601.562 -46.875 -585.938 507.812 289.062 -664.062 804.688
-851.562 765.625 39.062 203.125 -500.000 468.750 304.688 -132.812 789.062 218.750 -679.688 554.688 421.875 -562.500 898.438
-882.812 781.250 15.625 492.188 -382.812 718.750 437.500 -54.688 859.375 312.500 -632.812 609.375 351.562 -625.000 921.875
-867.188 679.688 62.500 687.500 296.875 1414.062 601.562 601.562 1093.750 406.250 -437.500 750.000 320.312 -437.500 820.312
-570.312 617.188 359.375 234.375 140.625 1234.375 445.312 531.250 1000.000 468.750 -320.312 835.938 250.000 -335.938 882.812
-570.312 617.188 359.375 234.375 140.625 1234.375 445.312 531.250 1000.000 468.750 -320.312 835.938 250.000 -335.938 882.812
-570.312 617.188 359.375 234.375 140.625 1234.375 445.312 531.250 1000.000 468.750 -320.312 835.938 250.000 -335.938 882.812
-500.000 781.250 328.125 93.750 132.812 1281.250 320.312 585.938 1093.750 304.688 -257.812 914.062 148.438 -85.938 914.062
-757.812 625.000 39.062 406.250 140.625 1429.688 406.250 578.125 1125.000 312.500 -320.312 945.312 226.562 -101.562 875.000
-945.312 578.125 -15.625 328.125 -39.062 1101.562 320.312 203.125 929.688 390.625 -382.812 867.188 257.812 46.875 812.500
-468.750 781.250 93.750 421.875 -234.375 1125.000 437.500 148.438 1078.125 460.938 -492.188 906.250 343.750 -93.750 1000.000
-625.000 554.688 -31.250 460.938 -250.000 1070.312 515.625 31.250 1046.875 562.500 -492.188 898.438 398.438 -242.188 953.125
-625.000 554.688 -31.250 460.938 -250.000 1070.312 515.625 31.250 1046.875 562.500 -492.188 898.438 398.438 -242.188 953.125
-664.062 460.938 15.625 585.938 -296.875 1125.000 492.188 -148.438 937.500 546.875 -367.188 742.188 367.188 -195.312 906.250
-664.062 460.938 15.625 585.938 -296.875 1125.000 492.188 -148.438 937.500 546.875 -367.188 742.188 367.188 -195.312 906.250
-726.562 445.312 93.750 -203.125 -664.062 625.000 70.312 -39.062 828.125 296.875 -398.438 734.375 125.000 -117.188 781.250
-828.125 398.438 7.812 -398.438 -867.188 437.500 85.938 85.938 898.438 187.500 -375.000 726.562 179.688 -156.250 812.500
-1117.188 539.062 -187.500 -187.500 -164.062 609.375 250.000 187.500 937.500 320.312 -382.812 640.625 429.688 -187.500 757.812
-812.500 648.438 218.750 -164.062 -242.188 960.938 718.750 179.688 945.312 796.875 -242.188 726.562 726.562 -46.875 867.188
-640.625 484.375 195.312 -367.188 -304.688 742.188 921.875 -156.250 875.000 976.562 -414.062 757.812 757.812 -289.062 953.125
-734.375 546.875 140.625 -203.125 -421.875 757.812 851.562 -242.188 851.562 898.438 -531.250 695.312 718.750 -281.250 929.688
-210.938 1117.188 39.062 -257.812 -218.750 906.250 804.688 -179.688 929.688 828.125 -468.750 718.750 679.688 -187.500 898.438
-671.875 1375.000 242.188 -359.375 -93.750 757.812 710.938 -171.875 835.938 750.000 -406.250 710.938 609.375 -179.688 867.188
-671.875 1375.000 242.188 -359.375 -93.750 757.812 710.938 -171.875 835.938 750.000 -406.250 710.938 609.375 -179.688 867.188
-289.062 1218.750 343.750 -171.875 125.000 1046.875 679.688 -7.812 820.312 656.250 -320.312 687.500 500.000 -117.188 750.000
-765.625 703.125 117.188 -289.062 -273.438 1031.250 1187.500 1132.812 1210.938 546.875 -367.188 679.688 187.500 -179.688 726.562
-234.375 796.875 226.562 -476.562 -125.000 804.688 445.312 -23.438 851.562 546.875 -382.812 687.500 468.750 -140.625 804.688
-585.938 656.250 203.125 -335.938 -23.438 859.375 429.688 -78.125 867.188 460.938 -367.188 703.125 382.812 -140.625 843.750
-687.500 781.250 289.062 -414.062 -46.875 867.188 390.625 -85.938 859.375 476.562 -406.250 710.938 351.562 -156.250 835.938
-500.000 960.938 226.562 -375.000 15.625 851.562 367.188 -109.375 882.812 453.125 -367.188 703.125 367.188 -132.812 812.500
-609.375 687.500 210.938 -281.250 31.250 867.188 281.250 0.000 890.625 398.438 -398.438 671.875 195.312 -187.500 757.812
-585.938 867.188 250.000 -296.875 117.188 882.812 289.062 -62.500 859.375 265.625 -406.250 664.062 164.062 -218.750 750.000
-585.938 867.188 250.000 -296.875 117.188 882.812 289.062 -62.500 859.375 265.625 -406.250 664.062 164.062 -218.750 750.000
-609.375 898.438 171.875 -273.438 109.375 914.062 312.500 -15.625 875.000 320.312 -406.250 656.250 54.688 -203.125 726.562
-687.500 820.312 179.688 -359.375 101.562 984.375 328.125 117.188 1000.000 164.062 -351.562 695.312 -195.312 -203.125 640.625
-476.562 1171.875 289.062 -125.000 210.938 1070.312 125.000 117.188 742.188 -62.500 -593.750 367.188 -187.500 -554.688 539.062
-562.500 867.188 273.438 -242.188 164.062 984.375 140.625 140.625 906.250 -7.812 -601.562 367.188 -78.125 -531.250 562.500
-429.688 585.938 343.750 -109.375 -54.688 859.375 156.250 148.438 992.188 421.875 -679.688 476.562 367.188 -515.625 695.312
-562.500 257.812 398.438 -304.688 78.125 453.125 281.250 0.000 914.062 476.562 -679.688 421.875 531.250 -531.250 718.750
-617.188 429.688 343.750 -296.875 -781.250 765.625 125.000 -343.750 1101.562 445.312 -593.750 507.812 687.500 -460.938 750.000
-593.750 367.188 367.188 -367.188 -601.562 351.562 0.000 -437.500 976.562 687.500 -625.000 570.312 726.562 -460.938 835.938
-593.750 367.188 367.188 -367.188 -601.562 351.562 0.000 -437.500 976.562 687.500 -625.000 570.312 726.562 -460.938 835.938
-476.562 546.875 421.875 -476.562 -843.750 648.438 85.938 -578.125 1265.625 804.688 -757.812 617.188 757.812 -609.375 937.500
-398.438 726.562 437.500 -328.125 -898.438 664.062 93.750 -609.375 945.312 812.500 -1078.125 453.125 765.625 -687.500 929.688
-242.188 742.188 460.938 -70.312 -1195.312 375.000 171.875 -1304.688 781.250 718.750 -734.375 703.125 789.062 -460.938 843.750
-335.938 781.250 429.688 -148.438 -914.062 898.438 31.250 -484.375 945.312 570.312 -1203.125 406.250 648.438 -406.250 765.625
-492.188 835.938 343.750 -390.625 101.562 656.250 -23.438 -664.062 648.438 445.312 -765.625 210.938 828.125 -875.000 835.938
-507.812 882.812 375.000 -343.750 -476.562 695.312 -171.875 -593.750 679.688 601.562 -992.188 195.312 960.938 -890.625 859.375
-398.438 781.250 414.062 328.125 -281.250 1117.188 -54.688 -523.438 1039.062 734.375 -1117.188 375.000 1070.312 -726.562 968.750
-390.625 789.062 414.062 382.812 -132.812 1335.938 -125.000 -515.625 1171.875 781.250 -1164.062 460.938 1054.688 -695.312 1007.812
-390.625 789.062 414.062 382.812 -132.812 1335.938 -125.000 -515.625 1171.875 781.250 -1164.062 460.938 1054.688 -695.312 1007.812
-484.375 976.562 367.188 625.000 -101.562 1601.562 7.812 -117.188 1406.250 796.875 -1140.625 601.562 945.312 -695.312 992.188
-679.688 1031.250 296.875 -187.500 -109.375 1648.438 351.562 265.625 1828.125 671.875 -1039.062 609.375 492.188 -515.625 890.625
-187.500 1234.375 460.938 203.125 960.938 539.062 93.750 -343.750 664.062 1718.750 -2046.875 1343.750 1140.625 -1242.188 1375.000
-648.438 1210.938 15.625 -367.188 -390.625 367.188 -1328.125 -898.438 -953.125 -484.375 -398.438 -625.000 296.875 7.812 -335.938
-195.312 62.500 210.938 -179.688 -546.875 531.250 -1070.312 15.625 -250.000 -937.500 -242.188 -734.375 -609.375 -656.250 -476.562
-429.688 867.188 414.062 -195.312 140.625 687.500 -789.062 148.438 359.375 -406.250 -546.875 187.500 -242.188 -570.312 320.312
-335.938 992.188 492.188 -140.625 15.625 906.250 -804.688 171.875 414.062 -343.750 -539.062 281.250 -54.688 -367.188 460.938
-62.500 945.312 609.375 312.500 39.062 1125.000 -601.562 210.938 601.562 -359.375 -601.562 296.875 -132.812 -695.312 531.250
-62.500 945.312 609.375 312.500 39.062 1125.000 -601.562 210.938 601.562 -359.375 -601.562 296.875 -132.812 -695.312 531.250
-234.375 632.812 523.438 507.812 171.875 1367.188 -421.875 109.375 898.438 -195.312 -765.625 406.250 -195.312 -617.188 593.750
-210.938 500.000 500.000 -187.500 -250.000 734.375 -679.688 -15.625 625.000 -234.375 -750.000 476.562 -39.062 -539.062 718.750
-351.562 93.750 367.188 -250.000 -140.625 968.750 -687.500 85.938 500.000 -445.312 -617.188 335.938 -164.062 -398.438 546.875
-460.938 312.500 265.625 -515.625 140.625 929.688 -750.000 203.125 398.438 -320.312 -453.125 500.000 -54.688 -125.000 679.688
-554.688 437.500 335.938 -445.312 468.750 820.312 -859.375 789.062 171.875 -429.688 -39.062 531.250 -218.750 -203.125 437.500
-578.125 593.750 257.812 -265.625 796.875 1210.938 -750.000 843.750 359.375 -453.125 -85.938 523.438 -281.250 -343.750 453.125
-640.625 562.500 132.812 148.438 601.562 1218.750 -671.875 937.500 664.062 -343.750 -218.750 578.125 -234.375 -460.938 648.438
-500.000 1242.188 179.688 -62.500 125.000 1085.938 -460.938 531.250 843.750 -109.375 -570.312 687.500 7.812 -515.625 867.188
-500.000 1242.188 179.688 -62.500 125.000 1085.938 -460.938 531.250 843.750 -109.375 -570.312 687.500 7.812 -515.625 867.188
-585.938 1828.125 218.750 -3234.375 -554.688 1195.312 -2664.062 -2656.250 -257.812 429.688 -1625.000 828.125 304.688 -539.062 1093.750
-507.812 890.625 218.750 -54.688 -85.938 953.125 -640.625 -156.250 843.750 109.375 -1054.688 687.500 203.125 -671.875 937.500
-507.812 890.625 218.750 -54.688 -85.938 953.125 -640.625 -156.250 843.750 109.375 -1054.688 687.500 203.125 -671.875 937.500
-375.000 906.250 242.188 -148.438 -15.625 1015.625 -640.625 125.000 781.250 -15.625 -718.750 601.562 226.562 -375.000 835.938
-601.562 851.562 179.688 -156.250 31.250 1093.750 -570.312 78.125 960.938 203.125 -867.188 828.125 429.688 -500.000 1085.938
-593.750 804.688 132.812 -179.688 31.250 1085.938 -562.500 117.188 976.562 171.875 -820.312 828.125 351.562 -406.250 1007.812
-460.938 937.500 218.750 -265.625 70.312 992.188 -625.000 140.625 789.062 39.062 -710.938 726.562 203.125 -398.438 851.562
-429.688 929.688 164.062 -195.312 78.125 1078.125 -617.188 226.562 828.125 -15.625 -679.688 679.688 148.438 -421.875 820.312
-429.688 929.688 164.062 -195.312 78.125 1078.125 -617.188 226.562 828.125 -15.625 -679.688 679.688 148.438 -421.875 820.312
-492.188 937.500 132.812 -187.500 15.625 1023.438 -632.812 179.688 820.312 -7.812 -679.688 671.875 148.438 -437.500 812.500
-523.438 984.375 140.625 -257.812 -62.500 921.875 -679.688 23.438 757.812 0.000 -750.000 664.062 171.875 -468.750 851.562
-460.938 890.625 156.250 -273.438 -54.688 929.688 -664.062 62.500 750.000 -46.875 -726.562 617.188 140.625 -460.938 828.125
-500.000 843.750 140.625 -281.250 -54.688 945.312 -671.875 85.938 710.938 -39.062 -687.500 625.000 148.438 -398.438 828.125
-500.000 835.938 125.000 -265.625 -54.688 929.688 -664.062 70.312 726.562 -31.250 -703.125 625.000 164.062 -421.875 851.562
-507.812 843.750 140.625 -242.188 -62.500 929.688 -664.062 54.688 703.125 -46.875 -742.188 601.562 156.250 -460.938 835.938
-468.750 789.062 257.812 -3039.062 -156.250 1281.250 -1843.750 -3335.938 -937.500 46.875 -664.062 703.125 164.062 -468.750 781.250
-367.188 820.312 203.125 -328.125 -54.688 734.375 -632.812 -156.250 867.188 -93.750 -625.000 476.562 15.625 -421.875 757.812
-367.188 820.312 203.125 -328.125 -54.688 734.375 -632.812 -156.250 867.188 -93.750 -625.000 476.562 15.625 -421.875 757.812
-328.125 843.750 242.188 -234.375 -335.938 796.875 -703.125 -85.938 617.188 -85.938 -781.250 515.625 125.000 -437.500 851.562
-281.250 906.250 257.812 -117.188 -406.250 781.250 -687.500 -187.500 593.750 -125.000 -710.938 515.625 125.000 -398.438 835.938
-320.312 914.062 257.812 -7.812 -843.750 765.625 -734.375 0.000 609.375 7.812 -773.438 445.312 132.812 -414.062 796.875
-289.062 1062.500 406.250 -46.875 -476.562 593.750 -367.188 -328.125 757.812 46.875 -750.000 523.438 171.875 -601.562 843.750
-187.500 1109.375 484.375 -31.250 -429.688 617.188 -289.062 -335.938 812.500 101.562 -820.312 570.312 195.312 -617.188 859.375
-93.750 1031.250 445.312 226.562 -273.438 757.812 -226.562 -468.750 812.500 179.688 -867.188 609.375 242.188 -632.812 890.625
-148.438 906.250 437.500 203.125 -210.938 890.625 -171.875 -445.312 851.562 195.312 -851.562 609.375 250.000 -625.000 898.438
-156.250 750.000 429.688 367.188 39.062 1148.438 -62.500 -93.750 1031.250 242.188 -773.438 671.875 320.312 -453.125 898.438
-156.250 750.000 429.688 367.188 39.062 1148.438 -62.500 -93.750 1031.250 242.188 -773.438 671.875 320.312 -453.125 898.438
-335.938 820.312 335.938 328.125 234.375 1210.938 -7.812 -15.625 1031.250 289.062 -734.375 726.562 343.750 -375.000 875.000
