-125.000 937.500 250.000 62.500 226.562 960.938 101.562 281.250 953.125 289.062 -265.625 867.188 234.375 -23.438 898.438
-171.875 968.750 226.562 46.875 226.562 976.562 85.938 242.188 992.188 312.500 -296.875 898.438 257.812 -46.875 937.500
-164.062 945.312 234.375 39.062 195.312 953.125 70.312 242.188 976.562 304.688 -304.688 882.812 273.438 -23.438 960.938
-195.312 945.312 218.750 23.438 195.312 945.312 62.500 250.000 945.312 289.062 -296.875 867.188 289.062 -31.250 960.938
-210.938 937.500 195.312 0.000 226.562 929.688 46.875 265.625 921.875 304.688 -281.250 867.188 296.875 -23.438 953.125
-234.375 960.938 179.688 -7.812 273.438 929.688 62.500 320.312 929.688 304.688 -218.750 875.000 281.250 15.625 898.438
-234.375 953.125 171.875 -15.625 289.062 921.875 54.688 320.312 914.062 289.062 -218.750 867.188 273.438 7.812 890.625
-218.750 945.312 164.062 -15.625 304.688 929.688 54.688 320.312 906.250 281.250 -210.938 859.375 273.438 -7.812 890.625
-226.562 960.938 140.625 15.625 335.938 929.688 23.438 359.375 796.875 234.375 -187.500 726.562 250.000 -46.875 820.312
-242.188 1007.812 132.812 93.750 320.312 1007.812 31.250 359.375 789.062 218.750 -218.750 710.938 250.000 -39.062 828.125
-218.750 1007.812 132.812 85.938 296.875 1062.500 31.250 335.938 796.875 257.812 -226.562 757.812 273.438 7.812 820.312
-234.375 1000.000 132.812 62.500 351.562 1039.062 7.812 187.500 898.438 281.250 -187.500 804.688 273.438 -31.250 835.938
-226.562 937.500 125.000 0.000 218.750 898.438 62.500 289.062 843.750 375.000 -62.500 718.750 289.062 -54.688 781.250
-203.125 859.375 -7.812 -15.625 359.375 843.750 70.312 320.312 640.625 296.875 -203.125 562.500 304.688 -195.312 781.250
-429.688 828.125 -265.625 -39.062 359.375 859.375 -7.812 15.625 414.062 218.750 -328.125 281.250 351.562 -406.250 687.500
-570.312 921.875 -328.125 23.438 101.562 921.875 -7.812 -101.562 382.812 242.188 -250.000 187.500 367.188 -320.312 625.000
-585.938 1054.688 -210.938 93.750 -93.750 945.312 39.062 164.062 414.062 289.062 -7.812 78.125 93.750 -218.750 -31.250
-85.938 906.250 125.000 -132.812 476.562 609.375 265.625 500.000 406.250 343.750 0.000 39.062 226.562 164.062 -210.938
156.250 687.500 453.125 -312.500 453.125 460.938 585.938 117.188 671.875 570.312 187.500 359.375 437.500 187.500 273.438
210.938 578.125 617.188 -406.250 625.000 507.812 476.562 -109.375 859.375 828.125 242.188 625.000 601.562 39.062 664.062
117.188 828.125 218.750 -187.500 7.812 476.562 625.000 -445.312 937.500 1203.125 -296.875 851.562 1156.250 101.562 1140.625
-23.438 554.688 210.938 101.562 -195.312 679.688 546.875 -398.438 718.750 921.875 -601.562 687.500 1070.312 15.625 796.875
101.562 734.375 179.688 93.750 -359.375 789.062 796.875 -406.250 750.000 1031.250 -343.750 375.000 960.938 -265.625 570.312
-132.812 875.000 156.250 250.000 -312.500 1132.812 953.125 -460.938 906.250 1070.312 -734.375 562.500 1093.750 -320.312 843.750
-70.312 929.688 171.875 296.875 -281.250 1257.812 1062.500 -531.250 984.375 1265.625 -476.562 484.375 1054.688 -265.625 828.125
7.812 1187.500 226.562 257.812 -218.750 1328.125 1062.500 -460.938 1000.000 1304.688 -492.188 468.750 1132.812 -289.062 781.250
-46.875 1304.688 226.562 203.125 -179.688 1359.375 1015.625 -421.875 1000.000 1273.438 -468.750 453.125 1117.188 -250.000 765.625
-62.500 1257.812 171.875 179.688 -39.062 1367.188 984.375 -304.688 976.562 1257.812 -351.562 398.438 1109.375 -187.500 664.062
-125.000 1320.312 148.438 148.438 7.812 1335.938 968.750 -281.250 953.125 1210.938 -320.312 382.812 1078.125 -187.500 609.375
-156.250 1343.750 117.188 125.000 23.438 1265.625 906.250 -250.000 882.812 1164.062 -289.062 359.375 1054.688 -164.062 593.750
-31.250 1117.188 93.750 101.562 -46.875 1164.062 828.125 -250.000 835.938 1109.375 -273.438 343.750 1031.250 -140.625 578.125
7.812 1117.188 101.562 93.750 -15.625 1085.938 765.625 -250.000 789.062 1031.250 -250.000 320.312 945.312 -132.812 523.438
-23.438 1125.000 85.938 85.938 0.000 1085.938 742.188 -242.188 781.250 1007.812 -250.000 312.500 929.688 -132.812 500.000
-15.625 1109.375 101.562 78.125 23.438 1078.125 750.000 -195.312 781.250 984.375 -250.000 296.875 890.625 -132.812 476.562
-31.250 1109.375 117.188 62.500 7.812 1085.938 765.625 -234.375 796.875 992.188 -289.062 312.500 781.250 -132.812 414.062
-31.250 1078.125 148.438 39.062 -46.875 1054.688 750.000 -242.188 773.438 1046.875 -289.062 328.125 937.500 -132.812 601.562
-39.062 1054.688 148.438 39.062 -70.312 1070.312 765.625 -265.625 781.250 1070.312 -296.875 328.125 960.938 -140.625 585.938
-54.688 1046.875 179.688 39.062 -125.000 1093.750 796.875 -304.688 820.312 1078.125 -351.562 328.125 953.125 -203.125 609.375
-62.500 1054.688 218.750 46.875 -148.438 1179.688 843.750 -304.688 937.500 1210.938 -445.312 468.750 1062.500 -164.062 687.500
-132.812 1085.938 210.938 39.062 -23.438 1210.938 882.812 -203.125 992.188 1218.750 -281.250 460.938 1125.000 -62.500 695.312
-140.625 1039.062 210.938 39.062 7.812 1226.562 851.562 -171.875 984.375 1195.312 -320.312 492.188 1148.438 -62.500 695.312
-85.938 890.625 187.500 15.625 39.062 1156.250 773.438 -140.625 976.562 1226.562 -257.812 539.062 1179.688 -23.438 710.938
-132.812 882.812 195.312 -15.625 242.188 1156.250 710.938 -187.500 945.312 1171.875 -242.188 546.875 1132.812 -54.688 703.125
-234.375 781.250 156.250 -78.125 359.375 1156.250 656.250 15.625 859.375 843.750 -187.500 312.500 632.812 -289.062 406.250
-273.438 812.500 117.188 -62.500 382.812 1093.750 531.250 0.000 703.125 703.125 -218.750 210.938 507.812 -359.375 375.000
-226.562 1171.875 132.812 7.812 382.812 1132.812 351.562 -132.812 585.938 406.250 -343.750 164.062 367.188 -429.688 429.688
-218.750 976.562 39.062 -234.375 140.625 671.875 54.688 -93.750 492.188 218.750 -226.562 226.562 187.500 -257.812 335.938
-210.938 1078.125 117.188 -445.312 140.625 445.312 -195.312 203.125 562.500 62.500 -31.250 375.000 0.000 -62.500 312.500
-140.625 1015.625 156.250 -406.250 -429.688 476.562 -1367.188 679.688 500.000 117.188 78.125 382.812 39.062 62.500 335.938
-125.000 429.688 62.500 -726.562 62.500 31.250 -195.312 257.812 648.438 304.688 78.125 562.500 382.812 289.062 445.312
-320.312 23.438 -117.188 -640.625 -187.500 156.250 453.125 -117.188 773.438 898.438 0.000 679.688 906.250 304.688 617.188
-507.812 312.500 -148.438 -492.188 -351.562 570.312 140.625 -273.438 960.938 984.375 -328.125 664.062 992.188 -46.875 757.812
-554.688 515.625 -156.250 -437.500 -320.312 750.000 468.750 -382.812 937.500 1046.875 -476.562 640.625 890.625 -179.688 812.500
-609.375 1000.000 -218.750 -453.125 -406.250 882.812 187.500 -460.938 953.125 710.938 -554.688 562.500 656.250 -351.562 789.062
-570.312 1359.375 -46.875 -671.875 -171.875 718.750 257.812 -343.750 742.188 414.062 -507.812 375.000 507.812 -421.875 695.312
-468.750 1179.688 109.375 -796.875 -39.062 570.312 85.938 -140.625 656.250 445.312 -445.312 335.938 460.938 -351.562 554.688
-445.312 1078.125 148.438 -765.625 0.000 578.125 140.625 -171.875 718.750 406.250 -398.438 390.625 429.688 -250.000 546.875
-382.812 1000.000 210.938 -734.375 -109.375 601.562 171.875 -148.438 812.500 562.500 -429.688 554.688 546.875 -148.438 695.312
-460.938 1023.438 132.812 -757.812 -15.625 570.312 171.875 -85.938 828.125 687.500 -351.562 593.750 781.250 -101.562 687.500
-406.250 890.625 78.125 -703.125 -109.375 664.062 273.438 -109.375 898.438 726.562 -351.562 578.125 765.625 -125.000 687.500
-437.500 789.062 15.625 -695.312 -164.062 710.938 328.125 -187.500 921.875 781.250 -414.062 585.938 789.062 -203.125 710.938
-468.750 757.812 -78.125 -609.375 -476.562 789.062 476.562 -546.875 851.562 812.500 -671.875 476.562 750.000 -460.938 773.438
-468.750 726.562 -54.688 -617.188 -460.938 710.938 429.688 -601.562 789.062 812.500 -687.500 445.312 812.500 -429.688 765.625
-492.188 835.938 -54.688 -484.375 -296.875 648.438 554.688 -617.188 679.688 804.688 -648.438 437.500 906.250 -390.625 773.438
-523.438 1031.250 -164.062 -578.125 -351.562 507.812 187.500 -578.125 656.250 781.250 -671.875 476.562 906.250 -382.812 804.688
-429.688 937.500 85.938 -640.625 -273.438 906.250 -93.750 62.500 1039.062 726.562 -296.875 710.938 546.875 -203.125 687.500
-500.000 875.000 31.250 -328.125 -257.812 515.625 539.062 257.812 1031.250 718.750 -218.750 710.938 507.812 -140.625 648.438
-601.562 1015.625 -78.125 -234.375 -70.312 398.438 468.750 0.000 859.375 625.000 -171.875 664.062 562.500 -109.375 703.125
-453.125 921.875 -15.625 -203.125 -320.312 390.625 179.688 23.438 742.188 593.750 -203.125 625.000 507.812 -125.000 687.500
-562.500 1101.562 -54.688 921.875 156.250 632.812 187.500 -398.438 695.312 296.875 -515.625 515.625 468.750 -320.312 765.625
-453.125 976.562 -78.125 1046.875 421.875 1000.000 195.312 -78.125 703.125 562.500 -429.688 562.500 390.625 -281.250 695.312
-507.812 843.750 -15.625 976.562 882.812 1398.438 703.125 632.812 1085.938 445.312 -156.250 640.625 375.000 -195.312 664.062
-359.375 625.000 187.500 890.625 1375.000 1492.188 726.562 796.875 1046.875 554.688 -7.812 687.500 398.438 -15.625 632.812
-539.062 765.625 -93.750 39.062 570.312 804.688 281.250 554.688 765.625 601.562 70.312 789.062 632.812 210.938 726.562
-664.062 695.312 -164.062 179.688 320.312 781.250 242.188 500.000 773.438 445.312 -23.438 718.750 484.375 140.625 687.500
-750.000 640.625 -125.000 250.000 437.500 765.625 242.188 445.312 664.062 421.875 -62.500 617.188 445.312 62.500 664.062
-617.188 703.125 -140.625 320.312 445.312 789.062 281.250 406.250 695.312 468.750 -93.750 679.688 492.188 101.562 718.750
-710.938 617.188 -210.938 304.688 523.438 812.500 382.812 531.250 734.375 460.938 15.625 703.125 437.500 132.812 687.500
-687.500 679.688 -210.938 242.188 500.000 820.312 289.062 554.688 703.125 414.062 46.875 695.312 453.125 187.500 679.688
-632.812 765.625 -171.875 70.312 460.938 710.938 148.438 476.562 632.812 296.875 7.812 718.750 460.938 218.750 742.188
-773.438 718.750 -242.188 -7.812 515.625 671.875 164.062 617.188 617.188 593.750 148.438 796.875 632.812 421.875 835.938
-609.375 601.562 -164.062 70.312 468.750 570.312 304.688 429.688 617.188 578.125 85.938 773.438 781.250 382.812 953.125
-593.750 656.250 -39.062 -54.688 1351.562 773.438 695.312 -234.375 210.938 625.000 156.250 859.375 851.562 640.625 1015.625
-570.312 554.688 117.188 375.000 414.062 671.875 507.812 429.688 671.875 1031.250 -109.375 875.000 585.938 882.812 828.125
-570.312 570.312 257.812 437.500 257.812 546.875 437.500 367.188 734.375 914.062 171.875 882.812 734.375 664.062 890.625
-468.750 734.375 625.000 484.375 882.812 601.562 578.125 976.562 617.188 445.312 -39.062 554.688 460.938 -85.938 664.062
-554.688 468.750 546.875 601.562 -273.438 726.562 -7.812 46.875 -15.625 687.500 296.875 351.562 367.188 31.250 445.312
-554.688 -54.688 343.750 578.125 1015.625 648.438 726.562 562.500 203.125 -140.625 31.250 -23.438 -140.625 -609.375 93.750
-625.000 257.812 -164.062 781.250 382.812 828.125 742.188 289.062 859.375 656.250 -195.312 984.375 335.938 226.562 1031.250
-546.875 546.875 -296.875 546.875 101.562 695.312 609.375 226.562 953.125 671.875 -203.125 1523.438 1492.188 859.375 2492.188
-476.562 476.562 -187.500 265.625 156.250 656.250 570.312 382.812 882.812 1476.562 226.562 1000.000 -54.688 -1281.250 734.375
-156.250 695.312 -632.812 742.188 -273.438 609.375 671.875 -187.500 859.375 578.125 -304.688 679.688 -39.062 85.938 695.312
-445.312 1679.688 351.562 710.938 492.188 460.938 867.188 398.438 460.938 726.562 281.250 601.562 46.875 -171.875 1132.812
-93.750 1132.812 625.000 1078.125 507.812 828.125 1164.062 484.375 867.188 531.250 70.312 898.438 -195.312 234.375 828.125
-226.562 1546.875 507.812 1484.375 -1070.312 1375.000 265.625 210.938 625.000 781.250 -289.062 1078.125 -335.938 0.000 718.750
-414.062 1039.062 335.938 1265.625 398.438 945.312 1085.938 406.250 898.438 726.562 -250.000 953.125 -320.312 -125.000 859.375
-304.688 1101.562 367.188 1117.188 265.625 906.250 929.688 312.500 945.312 640.625 -101.562 1007.812 -281.250 -54.688 1046.875
-289.062 1023.438 343.750 953.125 265.625 828.125 851.562 343.750 867.188 570.312 -70.312 984.375 -265.625 -31.250 1054.688
-289.062 1015.625 304.688 960.938 304.688 851.562 851.562 382.812 867.188 539.062 -70.312 960.938 -296.875 -31.250 1000.000
-265.625 820.312 171.875 929.688 312.500 875.000 820.312 382.812 851.562 484.375 -78.125 906.250 -320.312 -39.062 875.000
-351.562 687.500 109.375 781.250 328.125 945.312 742.188 437.500 906.250 460.938 -85.938 914.062 -250.000 -62.500 890.625
-398.438 648.438 109.375 468.750 414.062 906.250 593.750 554.688 859.375 460.938 -31.250 867.188 -250.000 -31.250 906.250
-453.125 617.188 62.500 679.688 781.250 1195.312 539.062 734.375 851.562 375.000 -31.250 781.250 -273.438 -125.000 882.812
-796.875 679.688 -304.688 1125.000 101.562 710.938 929.688 398.438 812.500 453.125 85.938 867.188 -390.625 -15.625 601.562
-515.625 914.062 -132.812 1101.562 117.188 1164.062 1062.500 296.875 1289.062 367.188 -484.375 960.938 -304.688 -375.000 507.812
-195.312 1609.375 15.625 828.125 1101.562 1101.562 -7.812 718.750 1062.500 296.875 125.000 1257.812 -132.812 414.062 804.688
-242.188 1789.062 140.625 -23.438 531.250 1109.375 1007.812 1148.438 1726.562 -15.625 640.625 1703.125 54.688 273.438 726.562
-218.750 1007.812 421.875 -390.625 304.688 -7.812 23.438 382.812 539.062 1046.875 -195.312 1656.250 -304.688 125.000 1023.438
78.125 679.688 226.562 -515.625 -437.500 -257.812 -242.188 85.938 70.312 312.500 -62.500 882.812 101.562 -382.812 1375.000
-1101.562 585.938 -656.250 85.938 664.062 421.875 -789.062 -164.062 -148.438 132.812 -515.625 273.438 140.625 -390.625 1250.000
242.188 250.000 7.812 -304.688 -39.062 546.875 -171.875 234.375 539.062 -343.750 -304.688 109.375 78.125 -132.812 1023.438
304.688 445.312 312.500 -257.812 70.312 632.812 -273.438 250.000 578.125 -250.000 -257.812 343.750 46.875 -23.438 945.312
164.062 1257.812 304.688 -382.812 406.250 687.500 -351.562 101.562 437.500 -132.812 -296.875 507.812 70.312 54.688 882.812
70.312 1179.688 210.938 -109.375 117.188 1101.562 -242.188 70.312 554.688 -7.812 -328.125 562.500 -226.562 -656.250 375.000
-7.812 921.875 148.438 -140.625 312.500 1031.250 195.312 281.250 921.875 15.625 -187.500 648.438 -46.875 -398.438 476.562
-242.188 718.750 78.125 -390.625 218.750 781.250 46.875 414.062 968.750 257.812 23.438 1062.500 226.562 140.625 906.250
-750.000 1007.812 -335.938 -609.375 39.062 437.500 171.875 320.312 921.875 265.625 -125.000 1046.875 437.500 312.500 1156.250
-796.875 789.062 -351.562 -625.000 -23.438 468.750 -109.375 187.500 921.875 328.125 -257.812 1093.750 492.188 70.312 1289.062
-437.500 937.500 -265.625 -804.688 23.438 515.625 -7.812 351.562 1109.375 335.938 -210.938 1179.688 390.625 -39.062 1250.000
109.375 1070.312 78.125 -851.562 156.250 640.625 62.500 546.875 1117.188 210.938 -85.938 1039.062 210.938 -187.500 1054.688
101.562 1671.875 257.812 -953.125 484.375 570.312 -148.438 -23.438 875.000 46.875 -500.000 835.938 140.625 -328.125 1117.188
210.938 1453.125 234.375 -531.250 617.188 1000.000 -93.750 62.500 960.938 7.812 -476.562 757.812 70.312 -382.812 898.438
39.062 1250.000 140.625 -617.188 468.750 914.062 -54.688 125.000 984.375 54.688 -390.625 796.875 54.688 -273.438 835.938
46.875 1117.188 46.875 -687.500 257.812 703.125 -148.438 -62.500 953.125 140.625 -515.625 914.062 195.312 -109.375 992.188
-210.938 937.500 -62.500 -617.188 156.250 750.000 -31.250 7.812 1085.938 281.250 -484.375 1015.625 328.125 -132.812 1132.812
-226.562 890.625 -54.688 -562.500 148.438 796.875 31.250 -23.438 1148.438 351.562 -476.562 1101.562 367.188 -85.938 1203.125
-250.000 1070.312 -31.250 -578.125 281.250 898.438 109.375 140.625 1171.875 304.688 -390.625 1007.812 335.938 -156.250 1125.000
-187.500 1156.250 -23.438 -578.125 343.750 921.875 62.500 125.000 1148.438 265.625 -390.625 1007.812 210.938 -117.188 1000.000
-179.688 1101.562 -31.250 -562.500 343.750 867.188 7.812 140.625 1054.688 171.875 -382.812 906.250 171.875 -179.688 968.750
-156.250 1062.500 -31.250 -578.125 390.625 781.250 -70.312 195.312 945.312 132.812 -320.312 867.188 125.000 -140.625 898.438
-320.312 906.250 -179.688 -554.688 343.750 734.375 -54.688 218.750 945.312 101.562 -265.625 843.750 93.750 -109.375 835.938
-304.688 921.875 -140.625 -578.125 351.562 695.312 -93.750 234.375 921.875 93.750 -250.000 867.188 125.000 -85.938 890.625
-281.250 898.438 -140.625 -578.125 406.250 687.500 -85.938 234.375 914.062 85.938 -250.000 851.562 117.188 -78.125 890.625
-312.500 914.062 -148.438 -562.500 351.562 671.875 -78.125 218.750 929.688 93.750 -257.812 867.188 101.562 -70.312 890.625
-320.312 929.688 -156.250 -578.125 304.688 718.750 -62.500 187.500 976.562 132.812 -320.312 914.062 132.812 -125.000 960.938
-304.688 921.875 -132.812 -585.938 312.500 703.125 -78.125 187.500 968.750 132.812 -328.125 921.875 125.000 -125.000 992.188
-304.688 859.375 -140.625 -601.562 265.625 656.250 -117.188 164.062 929.688 101.562 -335.938 890.625 125.000 -125.000 992.188
-250.000 835.938 -125.000 -601.562 250.000 625.000 -156.250 117.188 890.625 70.312 -367.188 859.375 78.125 -132.812 960.938
-203.125 898.438 -70.312 -593.750 289.062 664.062 -140.625 179.688 867.188 39.062 -335.938 789.062 70.312 -125.000 890.625
-171.875 960.938 -39.062 -609.375 304.688 687.500 -93.750 250.000 875.000 -54.688 -273.438 781.250 54.688 -109.375 867.188
-257.812 867.188 -62.500 -625.000 312.500 664.062 -132.812 140.625 914.062 39.062 -367.188 828.125 62.500 -140.625 890.625
-109.375 945.312 23.438 -562.500 203.125 695.312 -164.062 46.875 875.000 23.438 -406.250 796.875 62.500 -117.188 921.875
-46.875 976.562 93.750 -585.938 210.938 679.688 -148.438 54.688 859.375 23.438 -367.188 765.625 54.688 -78.125 882.812
-46.875 1031.250 101.562 -593.750 203.125 664.062 -148.438 78.125 859.375 31.250 -320.312 750.000 54.688 -93.750 859.375
-54.688 1062.500 117.188 -640.625 226.562 609.375 -132.812 101.562 867.188 54.688 -304.688 765.625 62.500 -109.375 843.750
-101.562 906.250 109.375 -648.438 156.250 546.875 85.938 7.812 851.562 -31.250 -210.938 750.000 46.875 -164.062 835.938
-148.438 1218.750 -7.812 -664.062 273.438 539.062 -156.250 265.625 789.062 125.000 -171.875 742.188 85.938 -31.250 656.250
-171.875 1203.125 -109.375 -679.688 242.188 539.062 -78.125 132.812 828.125 125.000 -234.375 781.250 78.125 -164.062 718.750
-335.938 1031.250 -15.625 -671.875 296.875 562.500 -23.438 156.250 820.312 187.500 -203.125 781.250 148.438 -132.812 750.000
-218.750 1046.875 -62.500 -523.438 164.062 648.438 85.938 31.250 882.812 257.812 -265.625 804.688 257.812 -54.688 843.750
-281.250 984.375 -54.688 -429.688 -78.125 796.875 -289.062 218.750 914.062 390.625 -281.250 804.688 328.125 -93.750 914.062
-312.500 937.500 -46.875 -476.562 85.938 671.875 78.125 62.500 937.500 304.688 -320.312 859.375 351.562 -109.375 937.500
-328.125 914.062 -23.438 -328.125 0.000 765.625 -257.812 203.125 1031.250 507.812 -351.562 828.125 382.812 -101.562 968.750
-296.875 914.062 0.000 -31.250 -39.062 851.562 70.312 46.875 945.312 414.062 -359.375 867.188 453.125 -140.625 968.750
-289.062 914.062 0.000 234.375 -7.812 875.000 78.125 109.375 968.750 414.062 -304.688 882.812 437.500 -70.312 929.688
-289.062 898.438 0.000 -226.562 281.250 718.750 1164.062 -296.875 945.312 414.062 -218.750 914.062 429.688 -46.875 921.875
-273.438 835.938 46.875 335.938 281.250 1023.438 281.250 195.312 1031.250 476.562 -273.438 875.000 468.750 -39.062 937.500
