-390.625 742.188 -632.812 156.250 125.000 968.750 23.438 164.062 976.562 195.312 -312.500 898.438 289.062 -101.562 929.688
-390.625 625.000 -640.625 132.812 125.000 960.938 39.062 195.312 976.562 234.375 -289.062 914.062 335.938 -78.125 953.125
-390.625 609.375 -632.812 125.000 140.625 953.125 39.062 203.125 984.375 242.188 -273.438 929.688 351.562 -62.500 960.938
-390.625 632.812 -617.188 125.000 164.062 953.125 39.062 203.125 992.188 265.625 -273.438 968.750 351.562 -39.062 953.125
-375.000 671.875 -632.812 125.000 164.062 953.125 46.875 210.938 1000.000 273.438 -250.000 992.188 335.938 -7.812 953.125
-382.812 695.312 -640.625 132.812 195.312 953.125 46.875 234.375 968.750 218.750 -242.188 914.062 304.688 -23.438 929.688
-367.188 695.312 -648.438 140.625 187.500 953.125 31.250 242.188 960.938 210.938 -250.000 898.438 289.062 -31.250 906.250
-367.188 695.312 -671.875 140.625 187.500 960.938 39.062 234.375 960.938 187.500 -226.562 890.625 265.625 -46.875 898.438
-351.562 687.500 -648.438 156.250 187.500 960.938 31.250 250.000 945.312 187.500 -226.562 890.625 242.188 -39.062 890.625
-359.375 648.438 -656.250 148.438 187.500 945.312 31.250 242.188 945.312 187.500 -226.562 890.625 250.000 -31.250 890.625
-375.000 632.812 -656.250 140.625 179.688 945.312 39.062 250.000 945.312 203.125 -218.750 882.812 265.625 -31.250 898.438
-367.188 601.562 -656.250 117.188 187.500 937.500 23.438 234.375 929.688 203.125 -234.375 890.625 289.062 -15.625 906.250
-359.375 593.750 -625.000 132.812 171.875 960.938 39.062 234.375 960.938 210.938 -242.188 898.438 296.875 -39.062 921.875
-351.562 601.562 -632.812 148.438 156.250 976.562 46.875 218.750 968.750 218.750 -257.812 906.250 289.062 -39.062 929.688
-359.375 617.188 -625.000 148.438 148.438 960.938 39.062 210.938 960.938 218.750 -257.812 890.625 296.875 -46.875 929.688
-367.188 671.875 -640.625 132.812 148.438 953.125 23.438 203.125 968.750 203.125 -250.000 898.438 281.250 -31.250 914.062
-351.562 742.188 -632.812 117.188 140.625 937.500 23.438 195.312 937.500 195.312 -250.000 882.812 257.812 -39.062 898.438
-320.312 710.938 -617.188 132.812 164.062 968.750 15.625 195.312 960.938 187.500 -250.000 875.000 242.188 -54.688 890.625
-320.312 695.312 -625.000 156.250 156.250 1000.000 31.250 210.938 960.938 187.500 -257.812 867.188 250.000 -54.688 890.625
-320.312 664.062 -632.812 195.312 156.250 1046.875 39.062 210.938 968.750 195.312 -250.000 867.188 257.812 -46.875 882.812
-351.562 648.438 -671.875 117.188 140.625 953.125 7.812 242.188 906.250 218.750 -226.562 835.938 289.062 -85.938 867.188
-375.000 671.875 -718.750 46.875 171.875 921.875 -7.812 125.000 898.438 195.312 -265.625 828.125 296.875 -54.688 875.000
-398.438 648.438 -726.562 70.312 148.438 921.875 15.625 125.000 914.062 226.562 -273.438 828.125 312.500 -31.250 875.000
-359.375 585.938 -632.812 78.125 101.562 984.375 31.250 109.375 984.375 312.500 -265.625 921.875 359.375 -23.438 953.125
-343.750 648.438 -617.188 39.062 125.000 953.125 70.312 85.938 992.188 328.125 -257.812 937.500 359.375 -15.625 960.938
-320.312 734.375 -570.312 0.000 148.438 906.250 93.750 78.125 1054.688 328.125 -281.250 960.938 335.938 -7.812 945.312
-273.438 765.625 -546.875 0.000 93.750 914.062 93.750 62.500 1054.688 335.938 -289.062 945.312 320.312 -31.250 953.125
-281.250 781.250 -531.250 23.438 39.062 914.062 46.875 15.625 1023.438 304.688 -343.750 929.688 304.688 -78.125 960.938
-335.938 765.625 -617.188 125.000 -23.438 1031.250 187.500 -101.562 1218.750 398.438 -437.500 1046.875 296.875 -132.812 992.188
-375.000 781.250 -648.438 203.125 -78.125 1171.875 234.375 -46.875 1335.938 492.188 -414.062 1164.062 304.688 -78.125 1031.250
-421.875 828.125 -648.438 242.188 -23.438 1250.000 218.750 15.625 1335.938 476.562 -398.438 1187.500 320.312 -54.688 1062.500
-398.438 929.688 -640.625 312.500 304.688 1414.062 164.062 226.562 1218.750 257.812 -195.312 1000.000 351.562 31.250 1015.625
-445.312 906.250 -664.062 281.250 398.438 1359.375 78.125 359.375 1101.562 203.125 -179.688 945.312 304.688 39.062 968.750
-390.625 718.750 -656.250 -23.438 664.062 1007.812 -93.750 398.438 859.375 54.688 -156.250 820.312 218.750 7.812 875.000
-335.938 585.938 -609.375 -218.750 757.812 750.000 -234.375 375.000 703.125 46.875 -148.438 781.250 242.188 -39.062 843.750
-226.562 742.188 -500.000 -476.562 -39.062 375.000 -414.062 39.062 562.500 -23.438 -281.250 718.750 250.000 0.000 812.500
-281.250 765.625 -484.375 -476.562 -164.062 437.500 -406.250 -62.500 585.938 -23.438 -382.812 734.375 187.500 -78.125 859.375
-281.250 554.688 -562.500 -453.125 -445.312 625.000 -367.188 -187.500 710.938 -39.062 -500.000 718.750 140.625 -210.938 898.438
-398.438 523.438 -546.875 -429.688 -234.375 687.500 -476.562 -156.250 687.500 -101.562 -515.625 687.500 132.812 -273.438 914.062
-359.375 945.312 -601.562 -507.812 39.062 804.688 -546.875 125.000 726.562 -132.812 -289.062 687.500 70.312 -117.188 765.625
-257.812 992.188 -523.438 -484.375 93.750 835.938 -468.750 109.375 703.125 -140.625 -250.000 703.125 85.938 -78.125 765.625
-210.938 968.750 -406.250 -710.938 296.875 679.688 -492.188 289.062 742.188 -117.188 -164.062 750.000 78.125 -62.500 742.188
-187.500 898.438 -375.000 -726.562 179.688 609.375 -468.750 296.875 710.938 -117.188 -117.188 726.562 125.000 -78.125 710.938
-320.312 585.938 -460.938 -593.750 31.250 718.750 -367.188 109.375 820.312 7.812 -359.375 632.812 164.062 -164.062 765.625
-273.438 609.375 -398.438 -671.875 70.312 671.875 -359.375 -23.438 781.250 -23.438 -484.375 726.562 226.562 -156.250 828.125
-148.438 875.000 -281.250 -609.375 46.875 742.188 -289.062 -54.688 773.438 210.938 -445.312 843.750 351.562 -148.438 929.688
-187.500 921.875 -343.750 -687.500 23.438 695.312 -328.125 54.688 812.500 273.438 -445.312 820.312 343.750 -171.875 906.250
-265.625 695.312 -460.938 -554.688 15.625 804.688 -218.750 -62.500 820.312 296.875 -398.438 671.875 421.875 -218.750 929.688
-273.438 718.750 -453.125 -585.938 23.438 859.375 -62.500 -15.625 937.500 367.188 -343.750 695.312 429.688 -234.375 914.062
-335.938 765.625 -484.375 -687.500 85.938 843.750 0.000 0.000 1039.062 414.062 -390.625 750.000 367.188 -117.188 796.875
-609.375 585.938 -671.875 -750.000 -218.750 625.000 46.875 -281.250 968.750 570.312 -460.938 867.188 468.750 -93.750 906.250
-578.125 500.000 -632.812 -734.375 -101.562 570.312 164.062 -164.062 1031.250 656.250 -382.812 906.250 500.000 -46.875 867.188
-515.625 554.688 -562.500 -742.188 -31.250 562.500 70.312 -226.562 1109.375 656.250 -218.750 750.000 476.562 -7.812 812.500
-445.312 757.812 -515.625 -789.062 -31.250 507.812 46.875 -46.875 953.125 500.000 -375.000 742.188 515.625 -54.688 843.750
-406.250 812.500 -554.688 -726.562 -109.375 632.812 117.188 -156.250 984.375 585.938 -351.562 679.688 515.625 -234.375 898.438
-328.125 875.000 -492.188 -703.125 15.625 851.562 164.062 -242.188 1085.938 648.438 -375.000 734.375 507.812 -156.250 812.500
-382.812 953.125 -562.500 -664.062 -23.438 914.062 320.312 -234.375 1109.375 671.875 -429.688 757.812 554.688 -148.438 835.938
-554.688 976.562 -671.875 -625.000 -210.938 804.688 250.000 -382.812 1109.375 679.688 -468.750 796.875 617.188 -101.562 867.188
-304.688 789.062 -468.750 -679.688 -101.562 929.688 265.625 -281.250 1039.062 734.375 -460.938 664.062 710.938 -187.500 796.875
-367.188 742.188 -625.000 -726.562 -218.750 789.062 250.000 -421.875 992.188 671.875 -570.312 671.875 632.812 -203.125 835.938
-476.562 679.688 -734.375 -664.062 -281.250 804.688 195.312 -500.000 1007.812 765.625 -562.500 695.312 664.062 -273.438 890.625
-500.000 625.000 -593.750 -593.750 -265.625 796.875 312.500 -359.375 1062.500 812.500 -414.062 718.750 710.938 -148.438 906.250
-398.438 507.812 -734.375 -710.938 -54.688 718.750 125.000 -250.000 679.688 578.125 -609.375 421.875 726.562 -289.062 695.312
-843.750 656.250 -929.688 -921.875 -125.000 429.688 23.438 -304.688 523.438 554.688 -453.125 335.938 570.312 -218.750 554.688
-640.625 875.000 -765.625 -875.000 -117.188 398.438 70.312 -234.375 570.312 546.875 -359.375 406.250 546.875 -140.625 570.312
-54.688 1289.062 -156.250 -726.562 -125.000 257.812 296.875 -234.375 820.312 656.250 -195.312 671.875 765.625 93.750 750.000
-23.438 914.062 -132.812 -484.375 -7.812 250.000 210.938 -117.188 664.062 468.750 -281.250 539.062 632.812 15.625 734.375
-140.625 468.750 -187.500 -367.188 210.938 281.250 70.312 85.938 382.812 218.750 7.812 156.250 289.062 -31.250 234.375
-218.750 421.875 -296.875 -343.750 312.500 289.062 70.312 46.875 414.062 187.500 0.000 125.000 226.562 -93.750 265.625
-351.562 226.562 -375.000 132.812 109.375 1046.875 359.375 -132.812 843.750 523.438 -437.500 687.500 265.625 -140.625 554.688
-296.875 257.812 -421.875 15.625 7.812 992.188 335.938 -265.625 867.188 671.875 -375.000 523.438 523.438 -234.375 671.875
-335.938 617.188 -414.062 85.938 -117.188 1148.438 539.062 -343.750 875.000 757.812 -406.250 546.875 562.500 -226.562 679.688
-296.875 718.750 -421.875 234.375 -171.875 1296.875 601.562 -359.375 953.125 812.500 -398.438 593.750 554.688 -148.438 710.938
-304.688 1218.750 -437.500 39.062 -250.000 1132.812 664.062 -390.625 890.625 804.688 -398.438 554.688 726.562 -93.750 640.625
-265.625 1015.625 -492.188 15.625 -398.438 960.938 703.125 -429.688 843.750 984.375 -382.812 500.000 851.562 -195.312 726.562
-335.938 773.438 -523.438 -70.312 -382.812 937.500 710.938 -359.375 867.188 1062.500 -296.875 500.000 976.562 -93.750 734.375
-382.812 664.062 -515.625 -132.812 -296.875 898.438 710.938 -312.500 859.375 1070.312 -265.625 492.188 1007.812 -70.312 726.562
-351.562 664.062 -539.062 -70.312 -234.375 867.188 726.562 -281.250 882.812 1023.438 -187.500 531.250 976.562 0.000 687.500
-328.125 679.688 -562.500 -23.438 -125.000 953.125 671.875 -242.188 921.875 960.938 -210.938 578.125 937.500 -39.062 695.312
-335.938 820.312 -585.938 -62.500 78.125 1125.000 679.688 -187.500 1101.562 1023.438 -273.438 656.250 1000.000 -39.062 757.812
-320.312 914.062 -562.500 -101.562 -281.250 1335.938 890.625 -289.062 1273.438 1203.125 -492.188 742.188 921.875 -78.125 882.812
-242.188 1007.812 -507.812 101.562 -171.875 1296.875 812.500 -476.562 1414.062 1257.812 -632.812 914.062 1023.438 -70.312 953.125
-257.812 953.125 -437.500 343.750 78.125 1539.062 1179.688 -492.188 1703.125 1242.188 -468.750 1039.062 859.375 -85.938 960.938
-343.750 882.812 -531.250 562.500 -460.938 1820.312 664.062 -148.438 1132.812 1359.375 -523.438 867.188 789.062 101.562 898.438
-367.188 968.750 -625.000 406.250 -93.750 1023.438 812.500 -273.438 671.875 1343.750 -1296.875 1015.625 515.625 -625.000 1109.375
-421.875 1156.250 -703.125 -101.562 31.250 695.312 515.625 -328.125 664.062 1179.688 -335.938 445.312 703.125 -125.000 875.000
-234.375 960.938 -640.625 -179.688 125.000 671.875 226.562 -195.312 789.062 1023.438 -164.062 726.562 648.438 -171.875 1031.250
-234.375 757.812 -539.062 -390.625 1031.250 132.812 382.812 1117.188 1453.125 679.688 -375.000 265.625 796.875 -281.250 859.375
-210.938 726.562 -531.250 -7.812 2070.312 -367.188 492.188 1421.875 1617.188 531.250 -734.375 156.250 804.688 -406.250 828.125
-304.688 296.875 -687.500 718.750 2195.312 390.625 -296.875 1179.688 -257.812 1632.812 -1218.750 367.188 851.562 -492.188 718.750
-304.688 257.812 -773.438 789.062 1062.500 835.938 -531.250 882.812 421.875 -359.375 -273.438 -179.688 585.938 31.250 632.812
-234.375 710.938 -710.938 -1078.125 289.062 304.688 -859.375 -703.125 -7.812 -39.062 -242.188 453.125 187.500 -39.062 460.938
-15.625 1031.250 -398.438 273.438 1421.875 1656.250 -609.375 742.188 492.188 -164.062 -195.312 382.812 242.188 -203.125 585.938
-54.688 1125.000 -484.375 742.188 367.188 1093.750 -398.438 843.750 781.250 -148.438 -101.562 390.625 148.438 -39.062 437.500
-195.312 921.875 -648.438 734.375 1023.438 1328.125 -414.062 468.750 781.250 -39.062 -250.000 539.062 0.000 -203.125 406.250
-304.688 781.250 -781.250 296.875 -617.188 484.375 -531.250 570.312 843.750 46.875 -335.938 664.062 218.750 -320.312 679.688
-359.375 546.875 -742.188 179.688 46.875 750.000 -609.375 54.688 664.062 164.062 -609.375 695.312 453.125 -250.000 960.938
-351.562 585.938 -687.500 70.312 -125.000 757.812 -531.250 39.062 750.000 226.562 -609.375 820.312 445.312 -156.250 984.375
-281.250 679.688 -500.000 148.438 39.062 875.000 -500.000 -7.812 867.188 414.062 -648.438 1023.438 484.375 -78.125 1062.500
-257.812 695.312 -515.625 -7.812 140.625 875.000 -562.500 187.500 757.812 304.688 -507.812 929.688 554.688 -31.250 1046.875
-359.375 664.062 -718.750 -195.312 187.500 671.875 -632.812 148.438 562.500 179.688 -429.688 765.625 421.875 -54.688 859.375
-312.500 695.312 -687.500 -179.688 140.625 570.312 -640.625 85.938 523.438 171.875 -460.938 757.812 406.250 -70.312 882.812
-203.125 742.188 -632.812 -242.188 31.250 523.438 -617.188 15.625 476.562 164.062 -523.438 742.188 406.250 -85.938 937.500
-421.875 460.938 -765.625 31.250 46.875 804.688 -546.875 101.562 617.188 85.938 -398.438 734.375 281.250 -39.062 875.000
-328.125 718.750 -585.938 304.688 335.938 1351.562 -320.312 398.438 1218.750 218.750 -343.750 1015.625 109.375 -85.938 882.812
-257.812 835.938 -476.562 414.062 460.938 1640.625 -132.812 515.625 1609.375 328.125 -312.500 1242.188 78.125 -101.562 929.688
-164.062 882.812 -351.562 398.438 835.938 1890.625 -687.500 671.875 1367.188 507.812 -710.938 1453.125 242.188 -343.750 1218.750
-773.438 648.438 -742.188 4000.000 1757.812 3757.812 -187.500 1703.125 828.125 93.750 -710.938 664.062 398.438 -312.500 1203.125
-554.688 765.625 -890.625 2531.250 468.750 1039.062 -1460.938 -546.875 156.250 62.500 -382.812 812.500 -7.812 257.812 695.312
-335.938 1281.250 -1234.375 -1398.438 -1210.938 -703.125 -1585.938 -851.562 226.562 171.875 -578.125 843.750 78.125 250.000 750.000
-85.938 2320.312 -1328.125 -3187.500 -343.750 -2710.938 -351.562 -1945.312 609.375 -85.938 -1093.750 742.188 195.312 -796.875 1234.375
328.125 -773.438 117.188 -117.188 62.500 742.188 -875.000 617.188 203.125 31.250 -320.312 546.875 195.312 351.562 703.125
-328.125 640.625 -531.250 -460.938 140.625 625.000 -687.500 156.250 257.812 -515.625 375.000 507.812 93.750 195.312 554.688
-421.875 890.625 -773.438 -1000.000 125.000 62.500 -671.875 78.125 234.375 -296.875 125.000 523.438 46.875 -132.812 570.312
-390.625 171.875 -750.000 -476.562 -179.688 437.500 -421.875 -85.938 554.688 -46.875 -234.375 726.562 156.250 -78.125 835.938
-406.250 437.500 -664.062 -93.750 156.250 718.750 -234.375 234.375 765.625 7.812 -351.562 781.250 242.188 -148.438 968.750
-429.688 656.250 -640.625 148.438 15.625 1210.938 242.188 62.500 1492.188 242.188 -437.500 1132.812 62.500 -210.938 1015.625
-523.438 601.562 -843.750 117.188 -242.188 1109.375 -7.812 -195.312 1398.438 429.688 -703.125 1195.312 132.812 -343.750 1101.562
-687.500 859.375 -1250.000 570.312 -507.812 867.188 203.125 -492.188 1171.875 398.438 -1101.562 781.250 539.062 -492.188 1414.062
-828.125 828.125 -1296.875 1015.625 -562.500 1023.438 1820.312 343.750 1929.688 757.812 -898.438 937.500 562.500 -546.875 1281.250
-1062.500 921.875 -1531.250 1062.500 -453.125 914.062 421.875 195.312 1484.375 648.438 -570.312 960.938 515.625 -375.000 992.188
-445.312 1234.375 125.000 1109.375 1039.062 1023.438 78.125 1437.500 1484.375 648.438 437.500 875.000 632.812 -218.750 796.875
-710.938 1382.812 -1335.938 695.312 -1218.750 -109.375 -1296.875 -1398.438 789.062 335.938 -531.250 835.938 78.125 359.375 703.125
-312.500 -343.750 -585.938 -320.312 820.312 1289.062 -539.062 968.750 757.812 -85.938 492.188 812.500 -7.812 882.812 601.562
-398.438 46.875 -546.875 -546.875 921.875 1046.875 -625.000 851.562 648.438 125.000 359.375 1046.875 -164.062 328.125 656.250
-289.062 109.375 -539.062 -445.312 554.688 921.875 -593.750 531.250 656.250 -85.938 31.250 882.812 -171.875 429.688 617.188
-320.312 281.250 -640.625 117.188 367.188 804.688 -156.250 359.375 734.375 156.250 -218.750 726.562 117.188 210.938 671.875
-492.188 531.250 -640.625 531.250 265.625 773.438 187.500 117.188 992.188 367.188 -382.812 898.438 179.688 -7.812 945.312
-554.688 429.688 -625.000 500.000 195.312 820.312 148.438 140.625 1007.812 382.812 -351.562 875.000 226.562 23.438 921.875
-562.500 335.938 -593.750 445.312 164.062 773.438 117.188 62.500 960.938 398.438 -375.000 835.938 273.438 -78.125 960.938
-539.062 382.812 -570.312 328.125 210.938 835.938 -62.500 203.125 914.062 234.375 -304.688 804.688 101.562 7.812 906.250
-523.438 421.875 -570.312 335.938 140.625 867.188 -70.312 179.688 929.688 195.312 -343.750 828.125 78.125 -54.688 906.250
-562.500 406.250 -546.875 335.938 93.750 851.562 -62.500 101.562 945.312 234.375 -359.375 835.938 140.625 -46.875 929.688
-539.062 476.562 -515.625 250.000 125.000 835.938 -125.000 117.188 898.438 210.938 -335.938 804.688 156.250 -31.250 906.250
-593.750 375.000 -546.875 140.625 179.688 867.188 -171.875 195.312 906.250 226.562 -273.438 843.750 164.062 7.812 898.438
-601.562 375.000 -539.062 148.438 195.312 851.562 -164.062 195.312 906.250 234.375 -281.250 812.500 164.062 0.000 882.812
-609.375 414.062 -578.125 320.312 148.438 890.625 7.812 132.812 1007.812 367.188 -382.812 875.000 226.562 -62.500 960.938
-640.625 468.750 -617.188 445.312 140.625 890.625 93.750 93.750 1046.875 453.125 -421.875 867.188 296.875 -93.750 1000.000
-640.625 640.625 -656.250 625.000 140.625 906.250 179.688 101.562 1078.125 445.312 -421.875 843.750 273.438 -109.375 953.125
-625.000 632.812 -625.000 531.250 187.500 882.812 93.750 156.250 1000.000 398.438 -367.188 789.062 265.625 -78.125 914.062
-625.000 484.375 -562.500 367.188 203.125 859.375 -15.625 187.500 921.875 312.500 -328.125 757.812 226.562 -78.125 851.562
-617.188 460.938 -531.250 304.688 195.312 835.938 -39.062 156.250 898.438 304.688 -351.562 773.438 210.938 -78.125 882.812
-546.875 500.000 -484.375 265.625 93.750 820.312 -125.000 109.375 875.000 171.875 -382.812 750.000 78.125 -132.812 843.750
-554.688 507.812 -476.562 289.062 93.750 820.312 -109.375 101.562 882.812 195.312 -406.250 750.000 78.125 -140.625 851.562
-593.750 507.812 -500.000 335.938 101.562 843.750 -39.062 101.562 921.875 265.625 -414.062 773.438 171.875 -125.000 898.438
-640.625 554.688 -539.062 414.062 125.000 867.188 31.250 132.812 976.562 328.125 -414.062 804.688 203.125 -117.188 929.688
-625.000 601.562 -554.688 484.375 125.000 882.812 70.312 117.188 1015.625 351.562 -406.250 812.500 210.938 -132.812 945.312
-593.750 617.188 -554.688 500.000 140.625 906.250 62.500 125.000 1007.812 335.938 -429.688 820.312 187.500 -117.188 937.500
-562.500 656.250 -562.500 500.000 109.375 921.875 62.500 125.000 1031.250 335.938 -421.875 835.938 179.688 -93.750 914.062
-546.875 710.938 -523.438 390.625 140.625 843.750 7.812 117.188 929.688 328.125 -359.375 796.875 164.062 0.000 882.812
-539.062 742.188 -500.000 304.688 195.312 781.250 -85.938 187.500 812.500 203.125 -296.875 703.125 210.938 -125.000 890.625
-500.000 710.938 -476.562 273.438 195.312 820.312 -70.312 195.312 882.812 210.938 -296.875 757.812 148.438 -70.312 843.750
-515.625 617.188 -500.000 304.688 187.500 859.375 -109.375 210.938 914.062 234.375 -320.312 828.125 93.750 -70.312 835.938
-468.750 515.625 -500.000 234.375 148.438 828.125 -93.750 78.125 921.875 234.375 -429.688 828.125 164.062 -109.375 921.875
-515.625 390.625 -500.000 312.500 117.188 875.000 -39.062 78.125 976.562 343.750 -390.625 875.000 234.375 -125.000 945.312
-617.188 390.625 -437.500 304.688 93.750 695.312 15.625 -23.438 921.875 414.062 -406.250 890.625 257.812 -85.938 945.312
-460.938 367.188 -382.812 335.938 296.875 1117.188 62.500 273.438 1023.438 398.438 -289.062 898.438 273.438 -46.875 953.125
