-531.250 695.312 234.375 85.938 -296.875 937.500 203.125 -78.125 984.375 429.688 -609.375 671.875 429.688 -367.188 843.750
-468.750 773.438 296.875 78.125 -304.688 929.688 179.688 -78.125 976.562 406.250 -601.562 671.875 406.250 -375.000 843.750
-468.750 789.062 328.125 54.688 -296.875 914.062 148.438 -78.125 960.938 367.188 -601.562 656.250 375.000 -382.812 804.688
-523.438 812.500 296.875 46.875 -273.438 921.875 148.438 -31.250 960.938 367.188 -585.938 656.250 359.375 -390.625 796.875
-562.500 773.438 250.000 31.250 -250.000 937.500 140.625 -7.812 960.938 390.625 -546.875 671.875 406.250 -343.750 804.688
-570.312 742.188 234.375 31.250 -250.000 937.500 156.250 0.000 968.750 398.438 -546.875 695.312 421.875 -328.125 820.312
-562.500 742.188 234.375 31.250 -242.188 937.500 156.250 0.000 968.750 406.250 -546.875 703.125 414.062 -320.312 812.500
-578.125 765.625 226.562 31.250 -218.750 945.312 148.438 23.438 960.938 382.812 -523.438 695.312 390.625 -304.688 796.875
-539.062 796.875 250.000 39.062 -203.125 953.125 171.875 31.250 968.750 359.375 -515.625 687.500 359.375 -328.125 796.875
-539.062 796.875 250.000 39.062 -203.125 953.125 171.875 31.250 968.750 359.375 -515.625 687.500 359.375 -328.125 796.875
-531.250 789.062 250.000 39.062 -210.938 945.312 164.062 23.438 968.750 359.375 -523.438 687.500 351.562 -312.500 789.062
-531.250 789.062 250.000 39.062 -210.938 945.312 164.062 23.438 968.750 359.375 -523.438 687.500 351.562 -312.500 789.062
-500.000 773.438 265.625 39.062 -250.000 921.875 140.625 -7.812 953.125 343.750 -554.688 671.875 359.375 -343.750 804.688
-507.812 765.625 273.438 31.250 -257.812 921.875 140.625 -15.625 953.125 359.375 -562.500 656.250 382.812 -359.375 804.688
-523.438 765.625 257.812 23.438 -265.625 937.500 140.625 -15.625 960.938 359.375 -554.688 664.062 375.000 -359.375 804.688
-531.250 734.375 234.375 54.688 -257.812 968.750 171.875 0.000 976.562 382.812 -578.125 687.500 398.438 -343.750 812.500
-531.250 781.250 250.000 70.312 -242.188 1015.625 187.500 15.625 1000.000 382.812 -570.312 679.688 398.438 -351.562 820.312
-515.625 820.312 273.438 54.688 -242.188 1007.812 171.875 7.812 1000.000 390.625 -554.688 687.500 398.438 -351.562 812.500
-515.625 835.938 289.062 -7.812 -242.188 937.500 148.438 -15.625 960.938 375.000 -554.688 687.500 398.438 -335.938 812.500
-507.812 828.125 273.438 -15.625 -250.000 921.875 125.000 -15.625 968.750 367.188 -562.500 687.500 390.625 -343.750 812.500
-507.812 828.125 273.438 -15.625 -250.000 921.875 125.000 -15.625 968.750 367.188 -562.500 687.500 390.625 -343.750 812.500
-476.562 789.062 281.250 -54.688 -273.438 906.250 101.562 -62.500 953.125 367.188 -585.938 664.062 398.438 -359.375 820.312
-492.188 789.062 273.438 -85.938 -281.250 882.812 78.125 -70.312 937.500 343.750 -585.938 664.062 382.812 -359.375 804.688
-484.375 781.250 265.625 -78.125 -281.250 882.812 85.938 -62.500 945.312 343.750 -585.938 656.250 382.812 -359.375 812.500
-492.188 796.875 273.438 -85.938 -281.250 882.812 78.125 -70.312 937.500 335.938 -578.125 656.250 375.000 -367.188 804.688
-492.188 773.438 250.000 -62.500 -281.250 906.250 109.375 -54.688 960.938 359.375 -578.125 664.062 382.812 -359.375 804.688
-507.812 796.875 265.625 -23.438 -281.250 960.938 156.250 -31.250 1007.812 406.250 -570.312 695.312 421.875 -359.375 828.125
-445.312 804.688 304.688 78.125 -320.312 1062.500 242.188 -39.062 1132.812 484.375 -640.625 773.438 453.125 -359.375 882.812
-445.312 804.688 304.688 78.125 -320.312 1062.500 242.188 -39.062 1132.812 484.375 -640.625 773.438 453.125 -359.375 882.812
-453.125 859.375 312.500 85.938 -312.500 1078.125 234.375 -101.562 1179.688 593.750 -710.938 898.438 554.688 -445.312 1007.812
-453.125 859.375 312.500 85.938 -312.500 1078.125 234.375 -101.562 1179.688 593.750 -710.938 898.438 554.688 -445.312 1007.812
-671.875 953.125 289.062 39.062 -265.625 1218.750 234.375 93.750 1257.812 453.125 -554.688 921.875 359.375 -210.938 976.562
-671.875 953.125 289.062 39.062 -265.625 1218.750 234.375 93.750 1257.812 453.125 -554.688 921.875 359.375 -210.938 976.562
-671.875 953.125 289.062 39.062 -265.625 1218.750 234.375 93.750 1257.812 453.125 -554.688 921.875 359.375 -210.938 976.562
-515.625 968.750 289.062 -234.375 39.062 796.875 -109.375 210.938 812.500 -23.438 -445.312 625.000 125.000 -234.375 820.312
-421.875 671.875 390.625 -375.000 125.000 664.062 -171.875 148.438 765.625 -31.250 -437.500 593.750 148.438 -171.875 789.062
-335.938 429.688 304.688 -476.562 156.250 554.688 -23.438 7.812 843.750 148.438 -546.875 648.438 390.625 -367.188 875.000
-335.938 429.688 304.688 -476.562 156.250 554.688 -23.438 7.812 843.750 148.438 -546.875 648.438 390.625 -367.188 875.000
-468.750 531.250 351.562 -335.938 -187.500 843.750 -179.688 85.938 1015.625 500.000 -906.250 984.375 593.750 -531.250 1257.812
-468.750 937.500 421.875 -710.938 -453.125 687.500 -156.250 -203.125 804.688 382.812 -820.312 945.312 515.625 -359.375 1226.562
-437.500 1320.312 296.875 -585.938 -648.438 726.562 -507.812 -312.500 585.938 -187.500 -562.500 500.000 203.125 -437.500 867.188
-531.250 968.750 312.500 -742.188 -203.125 562.500 -742.188 31.250 406.250 -578.125 -546.875 187.500 -273.438 -523.438 421.875
-414.062 539.062 398.438 -804.688 -132.812 500.000 -703.125 242.188 570.312 -546.875 -320.312 312.500 -468.750 -289.062 273.438
-414.062 539.062 398.438 -804.688 -132.812 500.000 -703.125 242.188 570.312 -546.875 -320.312 312.500 -468.750 -289.062 273.438
-515.625 601.562 429.688 -703.125 -117.188 656.250 -632.812 218.750 687.500 -351.562 -445.312 632.812 -156.250 -250.000 804.688
-515.625 601.562 429.688 -703.125 -117.188 656.250 -632.812 218.750 687.500 -351.562 -445.312 632.812 -156.250 -250.000 804.688
-453.125 679.688 437.500 -679.688 -281.250 687.500 -601.562 46.875 773.438 -304.688 -632.812 703.125 -164.062 -273.438 875.000
-335.938 710.938 500.000 -679.688 -242.188 640.625 -593.750 78.125 718.750 -414.062 -554.688 585.938 -281.250 -304.688 750.000
-195.312 585.938 562.500 -648.438 -164.062 632.812 -593.750 140.625 648.438 -492.188 -507.812 523.438 -328.125 -281.250 687.500
-375.000 687.500 500.000 -632.812 -171.875 695.312 -578.125 164.062 718.750 -468.750 -523.438 546.875 -296.875 -375.000 726.562
-515.625 718.750 382.812 -640.625 -242.188 664.062 -585.938 85.938 734.375 -476.562 -554.688 539.062 -328.125 -359.375 687.500
-531.250 656.250 351.562 -648.438 -257.812 648.438 -593.750 85.938 734.375 -484.375 -546.875 531.250 -320.312 -382.812 687.500
-507.812 601.562 367.188 -687.500 -234.375 562.500 -601.562 109.375 671.875 -484.375 -539.062 515.625 -257.812 -445.312 750.000
-687.500 539.062 257.812 -664.062 -289.062 585.938 -601.562 78.125 703.125 -484.375 -562.500 500.000 -289.062 -453.125 718.750
-515.625 593.750 304.688 -671.875 -320.312 570.312 -593.750 0.000 710.938 -468.750 -648.438 515.625 -250.000 -460.938 773.438
-539.062 625.000 312.500 -703.125 -296.875 562.500 -531.250 78.125 734.375 -476.562 -625.000 500.000 -234.375 -468.750 757.812
-539.062 625.000 312.500 -703.125 -296.875 562.500 -531.250 78.125 734.375 -476.562 -625.000 500.000 -234.375 -468.750 757.812
-648.438 789.062 304.688 -609.375 -296.875 664.062 -578.125 54.688 835.938 -406.250 -765.625 625.000 -140.625 -539.062 875.000
-875.000 984.375 148.438 -554.688 -304.688 757.812 -500.000 -7.812 984.375 -414.062 -742.188 601.562 -187.500 -781.250 765.625
-742.188 984.375 210.938 -632.812 -367.188 796.875 -414.062 -15.625 953.125 -375.000 -812.500 625.000 -140.625 -742.188 789.062
-406.250 953.125 593.750 -562.500 179.688 906.250 -523.438 234.375 828.125 -437.500 -710.938 570.312 -23.438 -617.188 828.125
-234.375 1109.375 578.125 -250.000 23.438 828.125 -539.062 281.250 835.938 -398.438 -664.062 585.938 7.812 -601.562 828.125
-343.750 968.750 562.500 -117.188 54.688 1046.875 -554.688 226.562 796.875 -320.312 -726.562 593.750 140.625 -515.625 914.062
-289.062 890.625 562.500 -54.688 171.875 1109.375 -460.938 343.750 875.000 -281.250 -757.812 609.375 179.688 -476.562 953.125
-484.375 789.062 460.938 -257.812 164.062 1054.688 -632.812 343.750 742.188 -265.625 -617.188 687.500 117.188 -343.750 882.812
-484.375 789.062 460.938 -257.812 164.062 1054.688 -632.812 343.750 742.188 -265.625 -617.188 687.500 117.188 -343.750 882.812
-414.062 703.125 500.000 -390.625 179.688 953.125 -648.438 335.938 687.500 -304.688 -609.375 687.500 132.812 -281.250 929.688
-476.562 664.062 453.125 -406.250 15.625 820.312 -671.875 179.688 679.688 -273.438 -734.375 632.812 148.438 -375.000 929.688
-437.500 656.250 445.312 -296.875 23.438 890.625 -625.000 210.938 695.312 -273.438 -710.938 609.375 132.812 -382.812 906.250
-437.500 656.250 445.312 -296.875 23.438 890.625 -625.000 210.938 695.312 -273.438 -710.938 609.375 132.812 -382.812 906.250
-554.688 632.812 476.562 -273.438 125.000 953.125 -507.812 367.188 789.062 -218.750 -632.812 726.562 109.375 -289.062 906.250
-468.750 671.875 476.562 -242.188 85.938 937.500 -531.250 273.438 750.000 -210.938 -679.688 664.062 164.062 -351.562 906.250
-453.125 640.625 484.375 -203.125 0.000 921.875 -507.812 226.562 781.250 -257.812 -710.938 601.562 93.750 -375.000 867.188
-453.125 640.625 484.375 -203.125 0.000 921.875 -507.812 226.562 781.250 -257.812 -710.938 601.562 93.750 -375.000 867.188
-445.312 585.938 476.562 -289.062 85.938 1000.000 -546.875 226.562 750.000 -296.875 -679.688 562.500 62.500 -367.188 835.938
-445.312 585.938 476.562 -289.062 85.938 1000.000 -546.875 226.562 750.000 -296.875 -679.688 562.500 62.500 -367.188 835.938
-421.875 585.938 500.000 -359.375 7.812 843.750 -593.750 218.750 687.500 -296.875 -664.062 562.500 70.312 -382.812 843.750
-242.188 625.000 585.938 -242.188 -23.438 898.438 -562.500 187.500 695.312 -296.875 -687.500 554.688 117.188 -351.562 851.562
-187.500 601.562 617.188 -265.625 78.125 929.688 -523.438 273.438 726.562 -218.750 -671.875 625.000 218.750 -320.312 882.812
-132.812 546.875 671.875 -242.188 296.875 1062.500 -468.750 484.375 765.625 -132.812 -539.062 796.875 320.312 -203.125 929.688
-132.812 546.875 671.875 -242.188 296.875 1062.500 -468.750 484.375 765.625 -132.812 -539.062 796.875 320.312 -203.125 929.688
-179.688 585.938 546.875 -296.875 609.375 1226.562 -523.438 492.188 679.688 -250.000 -515.625 734.375 257.812 -234.375 843.750
-500.000 695.312 312.500 -375.000 46.875 765.625 -625.000 203.125 648.438 -187.500 -539.062 664.062 179.688 -421.875 789.062
-500.000 695.312 312.500 -375.000 46.875 765.625 -625.000 203.125 648.438 -187.500 -539.062 664.062 179.688 -421.875 789.062
-656.250 984.375 85.938 -382.812 -242.188 695.312 -562.500 0.000 710.938 -242.188 -578.125 500.000 -164.062 -664.062 617.188
-1015.625 1273.438 -148.438 -539.062 -281.250 601.562 -578.125 23.438 625.000 -335.938 -632.812 367.188 -54.688 -609.375 625.000
-898.438 968.750 -140.625 -70.312 -382.812 851.562 -296.875 -109.375 757.812 -164.062 -734.375 335.938 23.438 -789.062 664.062
-945.312 804.688 -125.000 -132.812 -546.875 695.312 -296.875 -304.688 875.000 7.812 -890.625 421.875 226.562 -859.375 750.000
-945.312 804.688 -125.000 -132.812 -546.875 695.312 -296.875 -304.688 875.000 7.812 -890.625 421.875 226.562 -859.375 750.000
-1031.250 625.000 -117.188 -85.938 -484.375 578.125 -281.250 -367.188 812.500 273.438 -851.562 585.938 523.438 -460.938 882.812
-796.875 546.875 117.188 23.438 -226.562 843.750 46.875 23.438 976.562 437.500 -703.125 875.000 562.500 -242.188 1054.688
-796.875 546.875 117.188 23.438 -226.562 843.750 46.875 23.438 976.562 437.500 -703.125 875.000 562.500 -242.188 1054.688
-734.375 468.750 179.688 234.375 -70.312 1093.750 125.000 164.062 1210.938 468.750 -687.500 1023.438 515.625 -140.625 1015.625
-781.250 546.875 195.312 437.500 -23.438 1382.812 226.562 320.312 1375.000 445.312 -742.188 1125.000 375.000 101.562 898.438
-726.562 648.438 218.750 406.250 62.500 1398.438 312.500 414.062 1304.688 382.812 -476.562 968.750 390.625 -226.562 953.125
-742.188 687.500 226.562 156.250 -15.625 984.375 31.250 242.188 929.688 179.688 -468.750 742.188 296.875 -210.938 812.500
-625.000 617.188 250.000 140.625 -140.625 851.562 -7.812 109.375 867.188 164.062 -554.688 687.500 296.875 -250.000 804.688
-585.938 460.938 265.625 148.438 -164.062 851.562 31.250 54.688 914.062 242.188 -609.375 671.875 398.438 -296.875 835.938
-648.438 445.312 226.562 234.375 -171.875 882.812 109.375 54.688 953.125 328.125 -609.375 703.125 453.125 -312.500 859.375
-742.188 531.250 210.938 343.750 -31.250 1054.688 281.250 171.875 1078.125 546.875 -648.438 906.250 921.875 -195.312 1265.625
-742.188 531.250 210.938 343.750 -31.250 1054.688 281.250 171.875 1078.125 546.875 -648.438 906.250 921.875 -195.312 1265.625
-742.188 531.250 210.938 343.750 -31.250 1054.688 281.250 171.875 1078.125 546.875 -648.438 906.250 921.875 -195.312 1265.625
-609.375 593.750 335.938 320.312 -148.438 976.562 164.062 117.188 1031.250 343.750 -648.438 804.688 492.188 -242.188 914.062
-671.875 679.688 343.750 273.438 -125.000 937.500 39.062 179.688 898.438 156.250 -523.438 656.250 179.688 -226.562 765.625
-726.562 632.812 273.438 164.062 -78.125 937.500 85.938 171.875 921.875 195.312 -601.562 718.750 148.438 -31.250 781.250
-750.000 546.875 195.312 164.062 -117.188 914.062 101.562 218.750 937.500 250.000 -351.562 734.375 218.750 -445.312 898.438
-781.250 570.312 203.125 179.688 -15.625 914.062 85.938 289.062 875.000 218.750 -375.000 640.625 281.250 -515.625 976.562
-703.125 515.625 242.188 250.000 -164.062 882.812 46.875 70.312 921.875 218.750 -546.875 750.000 -148.438 -421.875 703.125
-703.125 515.625 242.188 250.000 -164.062 882.812 46.875 70.312 921.875 218.750 -546.875 750.000 -148.438 -421.875 703.125
-710.938 515.625 226.562 257.812 -101.562 921.875 132.812 156.250 976.562 289.062 -476.562 812.500 250.000 -78.125 1156.250
-710.938 515.625 226.562 257.812 -101.562 921.875 132.812 156.250 976.562 289.062 -476.562 812.500 250.000 -78.125 1156.250
-726.562 484.375 195.312 257.812 -93.750 921.875 148.438 156.250 984.375 343.750 -453.125 835.938 289.062 -70.312 1171.875
-765.625 507.812 148.438 257.812 -78.125 937.500 156.250 164.062 984.375 343.750 -484.375 812.500 171.875 -210.938 1109.375
-687.500 648.438 195.312 296.875 -179.688 937.500 132.812 85.938 1015.625 226.562 -562.500 882.812 31.250 101.562 1179.688
-640.625 851.562 210.938 179.688 -203.125 828.125 31.250 54.688 960.938 195.312 -476.562 898.438 -132.812 -140.625 796.875
-640.625 851.562 210.938 179.688 -203.125 828.125 31.250 54.688 960.938 195.312 -476.562 898.438 -132.812 -140.625 796.875
-671.875 585.938 187.500 210.938 -109.375 937.500 93.750 171.875 1015.625 281.250 -382.812 898.438 -429.688 -289.062 554.688
-765.625 507.812 54.688 250.000 0.000 1054.688 132.812 304.688 976.562 179.688 -289.062 781.250 -578.125 -289.062 515.625
-765.625 492.188 31.250 234.375 -7.812 1054.688 101.562 304.688 945.312 125.000 -304.688 812.500 -523.438 -273.438 585.938
-765.625 492.188 31.250 234.375 -7.812 1054.688 101.562 304.688 945.312 125.000 -304.688 812.500 -523.438 -273.438 585.938
-632.812 671.875 187.500 195.312 -46.875 937.500 78.125 234.375 929.688 156.250 -328.125 812.500 -500.000 -289.062 726.562
-632.812 671.875 187.500 195.312 -46.875 937.500 78.125 234.375 929.688 156.250 -328.125 812.500 -500.000 -289.062 726.562
-656.250 710.938 156.250 234.375 62.500 1062.500 125.000 375.000 937.500 101.562 -250.000 812.500 -492.188 -148.438 640.625
-593.750 742.188 210.938 289.062 117.188 1171.875 164.062 437.500 976.562 117.188 -234.375 859.375 -468.750 -125.000 648.438
-515.625 820.312 218.750 375.000 218.750 1382.812 117.188 625.000 968.750 15.625 -132.812 812.500 -578.125 -132.812 382.812
-578.125 1023.438 218.750 398.438 281.250 1484.375 148.438 648.438 882.812 -101.562 -70.312 625.000 -687.500 -234.375 203.125
-421.875 937.500 164.062 382.812 398.438 1031.250 -78.125 164.062 484.375 -296.875 -140.625 515.625 -718.750 -304.688 -62.500
-421.875 937.500 164.062 382.812 398.438 1031.250 -78.125 164.062 484.375 -296.875 -140.625 515.625 -718.750 -304.688 -62.500
-632.812 695.312 -101.562 -31.250 -242.188 742.188 -445.312 -164.062 484.375 -164.062 -312.500 335.938 -460.938 -726.562 -281.250
-632.812 695.312 -101.562 -31.250 -242.188 742.188 -445.312 -164.062 484.375 -164.062 -312.500 335.938 -460.938 -726.562 -281.250
-656.250 335.938 -195.312 -515.625 -742.188 70.312 -78.125 554.688 1078.125 406.250 -414.062 437.500 765.625 -1203.125 -281.250
-789.062 664.062 -62.500 -632.812 7.812 578.125 414.062 -414.062 1023.438 906.250 -1171.875 953.125 1421.875 -367.188 2203.125
-789.062 664.062 -62.500 -632.812 7.812 578.125 414.062 -414.062 1023.438 906.250 -1171.875 953.125 1421.875 -367.188 2203.125
-781.250 984.375 -23.438 -531.250 -234.375 742.188 335.938 -429.688 1109.375 843.750 -804.688 1093.750 632.812 218.750 1125.000
-773.438 953.125 -7.812 -609.375 -304.688 773.438 156.250 -437.500 1164.062 648.438 -828.125 1046.875 562.500 117.188 1046.875
-757.812 757.812 -54.688 -734.375 -390.625 593.750 54.688 -453.125 976.562 593.750 -609.375 656.250 812.500 -562.500 906.250
-679.688 664.062 -70.312 -773.438 -437.500 507.812 70.312 -445.312 976.562 578.125 -187.500 523.438 851.562 -734.375 1312.500
-679.688 664.062 -70.312 -773.438 -437.500 507.812 70.312 -445.312 976.562 578.125 -187.500 523.438 851.562 -734.375 1312.500
-593.750 742.188 31.250 -781.250 -312.500 554.688 -23.438 -343.750 882.812 500.000 -679.688 640.625 531.250 -695.312 625.000
-500.000 843.750 54.688 -679.688 -226.562 640.625 -62.500 -289.062 867.188 367.188 -703.125 515.625 632.812 -460.938 742.188
-500.000 843.750 54.688 -679.688 -226.562 640.625 -62.500 -289.062 867.188 367.188 -703.125 515.625 632.812 -460.938 742.188
-593.750 953.125 54.688 -601.562 -226.562 867.188 31.250 -250.000 921.875 70.312 -890.625 304.688 601.562 -554.688 765.625
-617.188 898.438 15.625 -625.000 -234.375 812.500 -7.812 -312.500 953.125 484.375 -296.875 578.125 398.438 -679.688 648.438
-578.125 828.125 39.062 -656.250 -273.438 742.188 0.000 -296.875 968.750 445.312 -765.625 601.562 679.688 -492.188 804.688
-617.188 796.875 23.438 -695.312 -257.812 679.688 -15.625 -304.688 968.750 421.875 -726.562 601.562 609.375 -515.625 750.000
-625.000 812.500 31.250 -679.688 -257.812 687.500 -54.688 -289.062 937.500 335.938 -750.000 554.688 531.250 -500.000 695.312
-625.000 812.500 31.250 -679.688 -257.812 687.500 -54.688 -289.062 937.500 335.938 -750.000 554.688 531.250 -500.000 695.312
-640.625 789.062 7.812 -718.750 -242.188 625.000 -78.125 -296.875 890.625 304.688 -710.938 554.688 484.375 -515.625 679.688
-640.625 789.062 7.812 -718.750 -242.188 625.000 -78.125 -296.875 890.625 304.688 -710.938 554.688 484.375 -515.625 679.688
-609.375 796.875 39.062 -726.562 -218.750 562.500 -93.750 -328.125 843.750 265.625 -710.938 554.688 468.750 -500.000 687.500
-609.375 835.938 70.312 -671.875 -203.125 593.750 -85.938 -296.875 828.125 242.188 -695.312 531.250 406.250 -515.625 671.875
-601.562 851.562 78.125 -609.375 -195.312 679.688 -46.875 -273.438 875.000 218.750 -695.312 531.250 359.375 -523.438 664.062
-578.125 875.000 109.375 -546.875 -210.938 734.375 39.062 -257.812 921.875 210.938 -703.125 531.250 343.750 -546.875 671.875
-585.938 890.625 117.188 -531.250 -234.375 765.625 23.438 -234.375 937.500 242.188 -703.125 531.250 335.938 -578.125 679.688
-585.938 882.812 109.375 -476.562 -328.125 804.688 62.500 -171.875 992.188 296.875 -695.312 585.938 382.812 -562.500 703.125
-585.938 882.812 109.375 -476.562 -328.125 804.688 62.500 -171.875 992.188 296.875 -695.312 585.938 382.812 -562.500 703.125
-601.562 726.562 54.688 -414.062 -351.562 789.062 78.125 -210.938 1031.250 359.375 -710.938 648.438 484.375 -523.438 773.438
-585.938 640.625 78.125 -445.312 -367.188 726.562 93.750 -179.688 1054.688 382.812 -710.938 679.688 484.375 -484.375 781.250
