-492.188 875.000 -46.875 -132.812 -156.250 1023.438 -187.500 187.500 960.938 0.000 -625.000 687.500 125.000 -320.312 937.500
-554.688 851.562 -140.625 -234.375 -195.312 937.500 -320.312 156.250 875.000 -46.875 -539.062 703.125 54.688 -421.875 867.188
-554.688 914.062 -117.188 -257.812 -156.250 875.000 -382.812 117.188 804.688 -15.625 -531.250 773.438 46.875 -320.312 882.812
-500.000 929.688 -62.500 -289.062 -117.188 851.562 -367.188 171.875 789.062 -54.688 -539.062 812.500 31.250 -242.188 906.250
-406.250 929.688 46.875 -312.500 -54.688 851.562 -367.188 171.875 828.125 -85.938 -546.875 781.250 39.062 -226.562 953.125
-500.000 882.812 -7.812 -312.500 -23.438 937.500 -390.625 210.938 898.438 -164.062 -585.938 718.750 -70.312 -273.438 890.625
-500.000 882.812 -7.812 -312.500 -23.438 937.500 -390.625 210.938 898.438 -164.062 -585.938 718.750 -70.312 -273.438 890.625
-414.062 898.438 23.438 -351.562 -46.875 890.625 -382.812 218.750 812.500 -296.875 -562.500 671.875 -179.688 -343.750 812.500
-398.438 898.438 23.438 -367.188 -39.062 867.188 -429.688 195.312 804.688 -328.125 -546.875 625.000 -218.750 -367.188 796.875
-398.438 898.438 23.438 -367.188 -39.062 867.188 -429.688 195.312 804.688 -328.125 -546.875 625.000 -218.750 -367.188 796.875
-429.688 890.625 7.812 -359.375 -23.438 882.812 -375.000 242.188 765.625 -351.562 -460.938 679.688 -257.812 -375.000 773.438
-429.688 882.812 7.812 -367.188 23.438 882.812 -406.250 203.125 851.562 -359.375 -523.438 664.062 -289.062 -367.188 765.625
-500.000 851.562 -54.688 -398.438 -78.125 882.812 -351.562 273.438 906.250 -343.750 -492.188 773.438 -296.875 -375.000 789.062
-445.312 765.625 7.812 -367.188 -46.875 898.438 -414.062 203.125 812.500 -429.688 -500.000 632.812 -265.625 -335.938 828.125
-421.875 781.250 0.000 -382.812 -101.562 875.000 -429.688 195.312 812.500 -445.312 -531.250 585.938 -281.250 -351.562 781.250
-515.625 796.875 -85.938 -507.812 -7.812 718.750 -523.438 148.438 687.500 -445.312 -523.438 601.562 -375.000 -476.562 664.062
-421.875 796.875 7.812 -562.500 132.812 679.688 -632.812 93.750 570.312 -460.938 -476.562 570.312 -312.500 -414.062 750.000
-406.250 843.750 39.062 -531.250 117.188 726.562 -703.125 156.250 500.000 -500.000 -468.750 578.125 -234.375 -265.625 851.562
-406.250 843.750 39.062 -531.250 117.188 726.562 -703.125 156.250 500.000 -500.000 -468.750 578.125 -234.375 -265.625 851.562
-421.875 851.562 31.250 -546.875 125.000 757.812 -695.312 203.125 562.500 -546.875 -476.562 562.500 -234.375 -250.000 859.375
-437.500 882.812 15.625 -562.500 164.062 742.188 -679.688 187.500 585.938 -515.625 -484.375 601.562 -265.625 -289.062 843.750
-437.500 914.062 15.625 -570.312 140.625 789.062 -640.625 265.625 734.375 -523.438 -492.188 679.688 -296.875 -351.562 851.562
-437.500 968.750 23.438 -515.625 156.250 890.625 -625.000 265.625 773.438 -515.625 -523.438 703.125 -265.625 -328.125 906.250
-421.875 976.562 23.438 -515.625 140.625 890.625 -625.000 250.000 789.062 -507.812 -523.438 718.750 -257.812 -320.312 929.688
-421.875 976.562 31.250 -515.625 132.812 929.688 -656.250 242.188 781.250 -500.000 -539.062 726.562 -257.812 -328.125 945.312
-398.438 968.750 46.875 -507.812 125.000 914.062 -656.250 234.375 765.625 -492.188 -546.875 703.125 -250.000 -335.938 906.250
-375.000 968.750 62.500 -500.000 54.688 882.812 -554.688 234.375 843.750 -421.875 -554.688 734.375 -210.938 -359.375 921.875
-375.000 968.750 62.500 -500.000 54.688 882.812 -554.688 234.375 843.750 -421.875 -554.688 734.375 -210.938 -359.375 921.875
-382.812 937.500 70.312 -492.188 31.250 890.625 -570.312 203.125 851.562 -390.625 -570.312 773.438 -210.938 -335.938 937.500
-335.938 835.938 109.375 -523.438 -7.812 843.750 -632.812 132.812 804.688 -390.625 -617.188 781.250 -195.312 -375.000 976.562
-429.688 921.875 23.438 -601.562 7.812 726.562 -679.688 15.625 687.500 -429.688 -664.062 687.500 -218.750 -414.062 937.500
-375.000 890.625 54.688 -578.125 23.438 742.188 -679.688 78.125 687.500 -460.938 -609.375 640.625 -218.750 -382.812 890.625
-367.188 882.812 70.312 -546.875 46.875 773.438 -695.312 187.500 632.812 -492.188 -531.250 585.938 -257.812 -343.750 820.312
-453.125 914.062 7.812 -562.500 93.750 789.062 -664.062 203.125 664.062 -492.188 -500.000 625.000 -281.250 -328.125 804.688
-429.688 867.188 46.875 -554.688 109.375 812.500 -656.250 234.375 695.312 -507.812 -523.438 656.250 -265.625 -304.688 867.188
-406.250 859.375 62.500 -539.062 117.188 820.312 -664.062 242.188 695.312 -500.000 -515.625 664.062 -250.000 -304.688 890.625
-406.250 859.375 62.500 -539.062 117.188 820.312 -664.062 242.188 695.312 -500.000 -515.625 664.062 -250.000 -304.688 890.625
-414.062 882.812 54.688 -546.875 125.000 828.125 -656.250 234.375 703.125 -507.812 -500.000 648.438 -257.812 -312.500 882.812
-445.312 898.438 15.625 -531.250 125.000 851.562 -632.812 265.625 757.812 -484.375 -515.625 710.938 -273.438 -304.688 898.438
-453.125 890.625 23.438 -539.062 132.812 835.938 -671.875 250.000 710.938 -476.562 -531.250 726.562 -250.000 -296.875 929.688
-437.500 914.062 23.438 -554.688 125.000 796.875 -671.875 218.750 664.062 -492.188 -500.000 664.062 -242.188 -289.062 882.812
-406.250 898.438 23.438 -554.688 132.812 773.438 -664.062 218.750 656.250 -484.375 -500.000 648.438 -273.438 -312.500 835.938
-406.250 867.188 46.875 -539.062 109.375 773.438 -695.312 195.312 617.188 -484.375 -515.625 632.812 -257.812 -328.125 851.562
-367.188 867.188 62.500 -546.875 101.562 773.438 -710.938 171.875 617.188 -500.000 -523.438 609.375 -257.812 -328.125 843.750
-398.438 921.875 39.062 -531.250 125.000 796.875 -679.688 187.500 632.812 -539.062 -515.625 531.250 -289.062 -367.188 781.250
-398.438 921.875 39.062 -531.250 125.000 796.875 -679.688 187.500 632.812 -539.062 -515.625 531.250 -289.062 -367.188 781.250
-406.250 921.875 39.062 -515.625 132.812 835.938 -617.188 226.562 695.312 -554.688 -507.812 515.625 -296.875 -359.375 757.812
-406.250 960.938 78.125 -531.250 179.688 875.000 -585.938 343.750 781.250 -617.188 -460.938 484.375 -328.125 -421.875 703.125
-406.250 960.938 78.125 -531.250 179.688 875.000 -585.938 343.750 781.250 -617.188 -460.938 484.375 -328.125 -421.875 703.125
-328.125 1367.188 156.250 -523.438 335.938 898.438 -757.812 304.688 500.000 -546.875 -421.875 265.625 -359.375 -492.188 468.750
-296.875 1531.250 164.062 -531.250 375.000 804.688 -703.125 335.938 367.188 -484.375 -398.438 -132.812 -468.750 -703.125 62.500
-328.125 1250.000 117.188 -421.875 -101.562 851.562 -726.562 78.125 453.125 23.438 -640.625 101.562 -265.625 -718.750 85.938
-265.625 859.375 179.688 -398.438 -257.812 781.250 -687.500 -296.875 437.500 304.688 -1039.062 351.562 203.125 -757.812 546.875
-257.812 656.250 210.938 -437.500 -335.938 671.875 -640.625 -515.625 515.625 273.438 -1148.438 421.875 429.688 -835.938 843.750
-257.812 656.250 210.938 -437.500 -335.938 671.875 -640.625 -515.625 515.625 273.438 -1148.438 421.875 429.688 -835.938 843.750
-328.125 437.500 210.938 -500.000 -718.750 500.000 -531.250 -859.375 687.500 234.375 -1343.750 562.500 734.375 -835.938 1265.625
-414.062 367.188 242.188 -351.562 -828.125 625.000 -453.125 -804.688 921.875 515.625 -1148.438 718.750 625.000 -609.375 1242.188
-414.062 367.188 273.438 -304.688 -679.688 804.688 -296.875 -539.062 976.562 484.375 -1031.250 718.750 500.000 -531.250 1156.250
-562.500 742.188 203.125 -406.250 -320.312 859.375 -226.562 -156.250 1023.438 375.000 -835.938 710.938 406.250 -500.000 945.312
-593.750 867.188 148.438 -289.062 -210.938 1046.875 -148.438 -85.938 1156.250 390.625 -664.062 734.375 320.312 -406.250 875.000
-593.750 796.875 140.625 -296.875 -289.062 1007.812 -39.062 -46.875 1320.312 531.250 -757.812 859.375 398.438 -414.062 929.688
-585.938 773.438 125.000 -304.688 -265.625 1015.625 -109.375 -109.375 1281.250 539.062 -796.875 890.625 476.562 -437.500 1007.812
-585.938 773.438 125.000 -304.688 -265.625 1015.625 -109.375 -109.375 1281.250 539.062 -796.875 890.625 476.562 -437.500 1007.812
-585.938 757.812 117.188 -273.438 -328.125 1000.000 -179.688 -164.062 1195.312 531.250 -804.688 812.500 570.312 -476.562 1046.875
-468.750 789.062 148.438 -281.250 -375.000 890.625 -242.188 -195.312 1000.000 414.062 -750.000 664.062 476.562 -445.312 882.812
-453.125 781.250 140.625 -335.938 -375.000 804.688 -250.000 -210.938 960.938 398.438 -750.000 632.812 445.312 -468.750 851.562
-460.938 757.812 125.000 -335.938 -359.375 789.062 -257.812 -218.750 945.312 406.250 -742.188 625.000 453.125 -492.188 843.750
-453.125 718.750 109.375 -367.188 -359.375 656.250 -304.688 -234.375 804.688 429.688 -812.500 585.938 515.625 -531.250 867.188
-515.625 531.250 78.125 -179.688 -398.438 1062.500 -101.562 -140.625 1273.438 507.812 -703.125 898.438 578.125 -328.125 1054.688
-554.688 531.250 39.062 -195.312 -398.438 1070.312 -70.312 -117.188 1296.875 507.812 -679.688 914.062 539.062 -312.500 1015.625
-625.000 679.688 -31.250 -289.062 -281.250 953.125 -210.938 -54.688 1078.125 429.688 -625.000 867.188 453.125 -312.500 960.938
-578.125 765.625 -78.125 -304.688 -273.438 921.875 -281.250 -46.875 992.188 281.250 -656.250 757.812 351.562 -304.688 890.625
-578.125 765.625 -78.125 -304.688 -273.438 921.875 -281.250 -46.875 992.188 281.250 -656.250 757.812 351.562 -304.688 890.625
-531.250 843.750 -39.062 -359.375 -265.625 804.688 -265.625 -54.688 937.500 203.125 -679.688 640.625 195.312 -351.562 812.500
-492.188 937.500 -39.062 -398.438 -242.188 781.250 -328.125 -23.438 843.750 148.438 -640.625 578.125 171.875 -406.250 773.438
-507.812 914.062 -15.625 -343.750 -132.812 1007.812 -296.875 132.812 929.688 -226.562 -726.562 210.938 85.938 -546.875 750.000
-453.125 1023.438 39.062 -70.312 -218.750 1164.062 -429.688 93.750 1000.000 0.000 -625.000 742.188 -382.812 -390.625 460.938
-382.812 1195.312 125.000 -101.562 -437.500 632.812 -851.562 -320.312 789.062 62.500 -773.438 710.938 148.438 -367.188 1015.625
-429.688 1164.062 101.562 -578.125 -523.438 523.438 -585.938 -398.438 679.688 -31.250 -789.062 593.750 203.125 -421.875 1031.250
-429.688 1164.062 101.562 -578.125 -523.438 523.438 -585.938 -398.438 679.688 -31.250 -789.062 593.750 203.125 -421.875 1031.250
-398.438 867.188 101.562 -648.438 -429.688 625.000 -531.250 -179.688 742.188 -203.125 -820.312 421.875 -46.875 -648.438 734.375
-398.438 867.188 101.562 -648.438 -429.688 625.000 -531.250 -179.688 742.188 -203.125 -820.312 421.875 -46.875 -648.438 734.375
-421.875 976.562 109.375 -609.375 -390.625 687.500 -562.500 -179.688 750.000 -226.562 -828.125 398.438 -78.125 -617.188 718.750
-429.688 1023.438 101.562 -640.625 -328.125 703.125 -476.562 -140.625 812.500 -257.812 -765.625 421.875 -85.938 -578.125 703.125
-437.500 1007.812 109.375 -703.125 -203.125 617.188 -570.312 7.812 656.250 -203.125 -632.812 492.188 -62.500 -515.625 710.938
-515.625 851.562 15.625 -500.000 -335.938 843.750 -523.438 -39.062 648.438 -257.812 -632.812 468.750 -62.500 -351.562 656.250
-515.625 851.562 15.625 -500.000 -335.938 843.750 -523.438 -39.062 648.438 -257.812 -632.812 468.750 -62.500 -351.562 656.250
-398.438 726.562 125.000 -562.500 -171.875 687.500 -382.812 171.875 742.188 -351.562 -421.875 445.312 -226.562 -304.688 593.750
-500.000 687.500 23.438 -671.875 -460.938 492.188 -531.250 15.625 687.500 -210.938 -460.938 507.812 -70.312 -257.812 656.250
-609.375 460.938 -78.125 -710.938 -492.188 390.625 -343.750 -39.062 843.750 -70.312 -609.375 656.250 62.500 -265.625 828.125
-609.375 460.938 -78.125 -710.938 -492.188 390.625 -343.750 -39.062 843.750 -70.312 -609.375 656.250 62.500 -265.625 828.125
-593.750 460.938 -62.500 -695.312 -484.375 390.625 -382.812 -164.062 828.125 -54.688 -656.250 742.188 125.000 -296.875 929.688
-476.562 718.750 -7.812 -523.438 -523.438 718.750 -492.188 -453.125 726.562 62.500 -671.875 828.125 156.250 -273.438 1046.875
-640.625 843.750 -125.000 -648.438 -226.562 687.500 -335.938 -140.625 859.375 7.812 -539.062 765.625 140.625 -195.312 929.688
-382.812 945.312 39.062 -984.375 93.750 421.875 -320.312 132.812 968.750 39.062 -578.125 726.562 0.000 -500.000 859.375
-382.812 914.062 7.812 -1054.688 304.688 351.562 -460.938 -62.500 750.000 -7.812 -562.500 578.125 101.562 -468.750 757.812
-523.438 953.125 -93.750 -960.938 195.312 406.250 -312.500 78.125 664.062 54.688 -328.125 585.938 23.438 -242.188 656.250
-515.625 671.875 -187.500 -2859.375 -3992.188 976.562 39.062 -265.625 1007.812 226.562 -632.812 648.438 187.500 -125.000 820.312
-562.500 539.062 -148.438 -1257.812 -2015.625 296.875 -70.312 -367.188 890.625 179.688 -718.750 742.188 234.375 -429.688 937.500
-562.500 539.062 -148.438 -1257.812 -2015.625 296.875 -70.312 -367.188 890.625 179.688 -718.750 742.188 234.375 -429.688 937.500
-531.250 625.000 -125.000 -789.062 -304.688 335.938 -132.812 -500.000 976.562 296.875 -867.188 773.438 398.438 -429.688 1062.500
-648.438 703.125 -164.062 -734.375 -406.250 609.375 78.125 -398.438 1179.688 382.812 -906.250 828.125 281.250 -492.188 1015.625
-703.125 882.812 -195.312 -734.375 -343.750 796.875 101.562 -468.750 1265.625 453.125 -914.062 914.062 335.938 -539.062 1093.750
-703.125 882.812 -195.312 -734.375 -343.750 796.875 101.562 -468.750 1265.625 453.125 -914.062 914.062 335.938 -539.062 1093.750
-593.750 953.125 -62.500 -757.812 -320.312 750.000 250.000 -320.312 1265.625 335.938 -765.625 789.062 289.062 -476.562 945.312
-656.250 859.375 -140.625 -804.688 -335.938 601.562 210.938 -421.875 1226.562 492.188 -812.500 835.938 296.875 -476.562 906.250
-609.375 875.000 -140.625 -796.875 -312.500 554.688 -46.875 -343.750 1203.125 375.000 -843.750 820.312 304.688 -437.500 914.062
-523.438 804.688 -85.938 -710.938 -250.000 578.125 -93.750 -234.375 1031.250 210.938 -742.188 765.625 250.000 -476.562 992.188
-523.438 804.688 -85.938 -710.938 -250.000 578.125 -93.750 -234.375 1031.250 210.938 -742.188 765.625 250.000 -476.562 992.188
-601.562 859.375 -132.812 -726.562 -320.312 609.375 -210.938 -296.875 992.188 242.188 -742.188 750.000 265.625 -468.750 1023.438
-539.062 953.125 -125.000 -609.375 -218.750 718.750 -328.125 -281.250 875.000 125.000 -804.688 625.000 257.812 -507.812 1023.438
-476.562 1164.062 -54.688 -375.000 15.625 1117.188 -468.750 -164.062 710.938 -117.188 -890.625 484.375 195.312 -632.812 953.125
-375.000 1226.562 46.875 -671.875 140.625 1039.062 -554.688 -140.625 789.062 -109.375 -890.625 523.438 62.500 -726.562 875.000
-375.000 1367.188 164.062 -859.375 54.688 820.312 -476.562 -93.750 1039.062 -242.188 -804.688 562.500 -54.688 -656.250 812.500
-296.875 1187.500 250.000 -828.125 132.812 703.125 -476.562 218.750 843.750 -265.625 -585.938 531.250 -62.500 -453.125 687.500
-226.562 984.375 242.188 -859.375 -7.812 460.938 -515.625 179.688 710.938 -273.438 -445.312 562.500 -78.125 -320.312 656.250
-218.750 843.750 242.188 -828.125 -39.062 390.625 -562.500 54.688 609.375 -320.312 -484.375 531.250 -70.312 -312.500 695.312
-218.750 843.750 242.188 -828.125 -39.062 390.625 -562.500 54.688 609.375 -320.312 -484.375 531.250 -70.312 -312.500 695.312
-250.000 562.500 179.688 -789.062 -164.062 312.500 -671.875 -46.875 523.438 -406.250 -570.312 421.875 -109.375 -351.562 710.938
-429.688 335.938 78.125 -796.875 -289.062 312.500 -632.812 -46.875 593.750 -406.250 -593.750 468.750 -195.312 -429.688 718.750
-507.812 546.875 62.500 -781.250 -328.125 421.875 -710.938 23.438 539.062 -507.812 -671.875 484.375 -187.500 -414.062 757.812
-492.188 687.500 109.375 -773.438 -257.812 476.562 -585.938 148.438 695.312 -484.375 -546.875 500.000 -265.625 -375.000 718.750
-507.812 734.375 125.000 -765.625 -148.438 609.375 -523.438 148.438 750.000 -421.875 -546.875 570.312 -296.875 -390.625 718.750
-523.438 859.375 125.000 -757.812 -140.625 601.562 -578.125 109.375 710.938 -429.688 -578.125 585.938 -242.188 -382.812 789.062
-492.188 843.750 156.250 -703.125 -140.625 640.625 -546.875 132.812 750.000 -398.438 -585.938 601.562 -234.375 -375.000 812.500
-468.750 750.000 195.312 -671.875 -140.625 687.500 -507.812 171.875 820.312 -351.562 -593.750 664.062 -210.938 -375.000 835.938
-468.750 750.000 195.312 -671.875 -140.625 687.500 -507.812 171.875 820.312 -351.562 -593.750 664.062 -210.938 -375.000 835.938
-523.438 828.125 140.625 -726.562 -203.125 593.750 -546.875 93.750 781.250 -382.812 -617.188 609.375 -218.750 -414.062 843.750
-492.188 773.438 156.250 -710.938 -195.312 609.375 -546.875 101.562 757.812 -390.625 -617.188 585.938 -226.562 -406.250 796.875
-484.375 765.625 164.062 -718.750 -195.312 593.750 -562.500 85.938 765.625 -398.438 -625.000 593.750 -226.562 -421.875 804.688
-453.125 812.500 171.875 -742.188 -218.750 593.750 -562.500 54.688 773.438 -375.000 -656.250 601.562 -210.938 -445.312 828.125
-476.562 828.125 156.250 -734.375 -234.375 617.188 -539.062 54.688 820.312 -343.750 -679.688 625.000 -195.312 -453.125 851.562
-484.375 828.125 156.250 -734.375 -226.562 632.812 -523.438 78.125 828.125 -351.562 -664.062 632.812 -179.688 -453.125 851.562
-468.750 875.000 187.500 -734.375 -218.750 656.250 -507.812 85.938 851.562 -343.750 -671.875 632.812 -171.875 -460.938 851.562
-460.938 859.375 179.688 -679.688 -234.375 718.750 -468.750 117.188 898.438 -320.312 -687.500 671.875 -156.250 -460.938 882.812
-460.938 859.375 179.688 -679.688 -234.375 718.750 -468.750 117.188 898.438 -320.312 -687.500 671.875 -156.250 -460.938 882.812
-468.750 859.375 187.500 -656.250 -203.125 781.250 -453.125 132.812 921.875 -312.500 -695.312 687.500 -148.438 -476.562 898.438
-468.750 875.000 187.500 -640.625 -210.938 812.500 -484.375 125.000 914.062 -312.500 -703.125 695.312 -148.438 -476.562 914.062
-445.312 937.500 187.500 -671.875 -203.125 765.625 -500.000 125.000 906.250 -320.312 -679.688 679.688 -164.062 -468.750 882.812
-414.062 835.938 203.125 -679.688 -195.312 710.938 -515.625 117.188 828.125 -351.562 -664.062 632.812 -164.062 -445.312 843.750
-468.750 828.125 164.062 -726.562 -195.312 617.188 -546.875 101.562 773.438 -367.188 -632.812 601.562 -187.500 -429.688 804.688
-468.750 851.562 140.625 -703.125 -187.500 625.000 -531.250 93.750 773.438 -367.188 -625.000 601.562 -187.500 -421.875 804.688
-507.812 820.312 117.188 -695.312 -187.500 640.625 -531.250 117.188 781.250 -367.188 -617.188 609.375 -187.500 -421.875 812.500
-492.188 812.500 117.188 -695.312 -171.875 640.625 -539.062 109.375 781.250 -367.188 -617.188 609.375 -195.312 -414.062 820.312
-492.188 812.500 117.188 -695.312 -171.875 640.625 -539.062 109.375 781.250 -367.188 -617.188 609.375 -195.312 -414.062 820.312
-484.375 835.938 117.188 -710.938 -156.250 625.000 -546.875 125.000 757.812 -367.188 -601.562 617.188 -187.500 -382.812 820.312
-500.000 828.125 117.188 -734.375 -156.250 625.000 -546.875 117.188 742.188 -375.000 -585.938 601.562 -187.500 -382.812 804.688
-484.375 789.062 109.375 -703.125 -171.875 625.000 -531.250 117.188 765.625 -359.375 -585.938 609.375 -171.875 -375.000 812.500
-476.562 789.062 125.000 -703.125 -171.875 601.562 -562.500 70.312 781.250 -328.125 -593.750 632.812 -179.688 -382.812 828.125
-476.562 789.062 125.000 -703.125 -171.875 601.562 -562.500 70.312 781.250 -328.125 -593.750 632.812 -179.688 -382.812 828.125
-492.188 804.688 109.375 -742.188 -171.875 585.938 -507.812 85.938 734.375 -328.125 -585.938 609.375 -179.688 -375.000 812.500
-515.625 773.438 85.938 -648.438 -179.688 625.000 -492.188 85.938 781.250 -320.312 -609.375 593.750 -164.062 -390.625 804.688
-515.625 773.438 85.938 -648.438 -179.688 625.000 -492.188 85.938 781.250 -320.312 -609.375 593.750 -164.062 -390.625 804.688
-515.625 765.625 78.125 -585.938 -164.062 742.188 -460.938 140.625 828.125 -281.250 -617.188 648.438 -140.625 -406.250 835.938
-539.062 750.000 70.312 -593.750 -140.625 757.812 -445.312 140.625 843.750 -250.000 -640.625 687.500 -117.188 -398.438 859.375
-554.688 875.000 62.500 -617.188 -179.688 757.812 -445.312 85.938 906.250 -187.500 -671.875 796.875 -46.875 -382.812 984.375
-554.688 875.000 62.500 -617.188 -179.688 757.812 -445.312 85.938 906.250 -187.500 -671.875 796.875 -46.875 -382.812 984.375
-523.438 843.750 85.938 -585.938 -148.438 820.312 -445.312 101.562 898.438 -226.562 -664.062 718.750 -62.500 -398.438 906.250
-500.000 859.375 93.750 -593.750 -156.250 789.062 -453.125 93.750 875.000 -234.375 -648.438 687.500 -85.938 -421.875 867.188
-460.938 890.625 109.375 -601.562 -164.062 757.812 -460.938 78.125 851.562 -242.188 -640.625 664.062 -93.750 -421.875 859.375
