-382.812 742.188 546.875 15.625 -304.688 937.500 54.688 -468.750 851.562 320.312 -757.812 500.000 296.875 -531.250 734.375
-390.625 750.000 531.250 -23.438 -335.938 937.500 46.875 -484.375 867.188 335.938 -757.812 523.438 296.875 -554.688 757.812
-398.438 757.812 539.062 -23.438 -335.938 929.688 46.875 -484.375 859.375 335.938 -765.625 515.625 304.688 -546.875 757.812
-390.625 734.375 515.625 -23.438 -335.938 921.875 31.250 -492.188 859.375 343.750 -757.812 515.625 312.500 -554.688 757.812
-390.625 726.562 531.250 -23.438 -328.125 921.875 31.250 -492.188 859.375 335.938 -765.625 523.438 296.875 -554.688 765.625
-382.812 726.562 507.812 -7.812 -328.125 937.500 46.875 -484.375 875.000 335.938 -773.438 531.250 304.688 -546.875 765.625
-390.625 710.938 500.000 -7.812 -320.312 937.500 54.688 -484.375 875.000 335.938 -757.812 523.438 304.688 -546.875 750.000
-406.250 703.125 500.000 -15.625 -312.500 945.312 46.875 -468.750 875.000 335.938 -765.625 531.250 304.688 -546.875 750.000
-390.625 765.625 515.625 -23.438 -328.125 937.500 39.062 -468.750 875.000 343.750 -757.812 523.438 328.125 -539.062 773.438
-382.812 781.250 531.250 -23.438 -304.688 953.125 39.062 -468.750 875.000 335.938 -757.812 515.625 335.938 -531.250 773.438
-382.812 789.062 531.250 0.000 -296.875 953.125 46.875 -468.750 882.812 343.750 -757.812 515.625 343.750 -531.250 773.438
-382.812 812.500 539.062 7.812 -296.875 968.750 54.688 -468.750 890.625 343.750 -765.625 515.625 320.312 -539.062 781.250
-343.750 828.125 562.500 23.438 -320.312 984.375 54.688 -484.375 890.625 328.125 -773.438 523.438 304.688 -562.500 765.625
-320.312 828.125 578.125 15.625 -343.750 976.562 39.062 -492.188 890.625 320.312 -796.875 531.250 304.688 -578.125 781.250
-312.500 828.125 585.938 15.625 -335.938 976.562 39.062 -492.188 890.625 320.312 -796.875 523.438 296.875 -578.125 757.812
-328.125 812.500 554.688 0.000 -335.938 976.562 31.250 -507.812 906.250 312.500 -804.688 531.250 296.875 -578.125 773.438
-375.000 765.625 507.812 39.062 -343.750 1007.812 93.750 -492.188 976.562 390.625 -804.688 585.938 351.562 -562.500 796.875
-398.438 734.375 523.438 -7.812 -226.562 1039.062 148.438 -492.188 1007.812 453.125 -796.875 648.438 390.625 -546.875 820.312
-398.438 765.625 523.438 54.688 -414.062 1046.875 93.750 -453.125 1023.438 453.125 -765.625 664.062 382.812 -523.438 820.312
-421.875 828.125 507.812 7.812 -179.688 992.188 132.812 -492.188 1007.812 468.750 -812.500 640.625 421.875 -539.062 859.375
-390.625 835.938 507.812 0.000 -273.438 1015.625 109.375 -468.750 1039.062 406.250 -812.500 632.812 367.188 -578.125 859.375
-406.250 796.875 523.438 15.625 -367.188 1039.062 31.250 -515.625 976.562 351.562 -835.938 609.375 335.938 -585.938 843.750
-390.625 773.438 515.625 -15.625 -312.500 1015.625 39.062 -453.125 1007.812 343.750 -843.750 585.938 320.312 -601.562 835.938
-375.000 804.688 554.688 62.500 -359.375 1156.250 140.625 -554.688 1179.688 273.438 -835.938 515.625 296.875 -710.938 773.438
-312.500 828.125 578.125 109.375 -335.938 1187.500 148.438 -476.562 1195.312 187.500 -875.000 476.562 210.938 -710.938 710.938
-343.750 781.250 531.250 46.875 -312.500 1203.125 7.812 -601.562 945.312 195.312 -898.438 507.812 187.500 -695.312 742.188
-390.625 773.438 500.000 -7.812 -398.438 1148.438 -85.938 -750.000 921.875 187.500 -906.250 539.062 210.938 -750.000 789.062
-445.312 851.562 335.938 -39.062 -335.938 968.750 -148.438 -468.750 945.312 125.000 -914.062 421.875 226.562 -835.938 781.250
-500.000 750.000 312.500 15.625 -421.875 1093.750 -296.875 -515.625 828.125 132.812 -1015.625 343.750 171.875 -882.812 757.812
-601.562 632.812 156.250 -15.625 -406.250 1164.062 -429.688 -546.875 726.562 117.188 -1109.375 304.688 117.188 -804.688 695.312
-804.688 632.812 54.688 -23.438 -390.625 1093.750 -382.812 -640.625 796.875 109.375 -1140.625 328.125 109.375 -781.250 703.125
-460.938 937.500 351.562 -250.000 -539.062 773.438 -390.625 -585.938 804.688 375.000 -968.750 468.750 250.000 -695.312 796.875
-328.125 1078.125 437.500 -437.500 -375.000 585.938 -515.625 -523.438 601.562 351.562 -984.375 460.938 468.750 -585.938 882.812
-484.375 968.750 226.562 -468.750 -398.438 546.875 -523.438 -640.625 554.688 148.438 -929.688 335.938 539.062 -484.375 875.000
-335.938 875.000 343.750 -328.125 -109.375 734.375 -429.688 -492.188 664.062 210.938 -859.375 343.750 414.062 -539.062 789.062
-335.938 898.438 351.562 -250.000 -93.750 859.375 -390.625 -406.250 718.750 273.438 -890.625 375.000 390.625 -578.125 804.688
-85.938 1164.062 476.562 -273.438 109.375 804.688 -312.500 -328.125 710.938 406.250 -890.625 414.062 484.375 -515.625 812.500
-375.000 1414.062 289.062 -109.375 -31.250 835.938 -273.438 -242.188 742.188 250.000 -742.188 367.188 531.250 -382.812 804.688
-421.875 968.750 218.750 -242.188 539.062 796.875 -296.875 93.750 781.250 234.375 -507.812 476.562 359.375 -351.562 656.250
-421.875 828.125 203.125 -148.438 640.625 867.188 -343.750 304.688 718.750 250.000 -312.500 468.750 343.750 -234.375 617.188
-554.688 640.625 117.188 -367.188 585.938 781.250 -398.438 492.188 703.125 54.688 -343.750 609.375 414.062 93.750 640.625
-679.688 406.250 62.500 -546.875 546.875 648.438 -507.812 382.812 664.062 328.125 70.312 679.688 406.250 195.312 773.438
-695.312 429.688 0.000 -500.000 304.688 531.250 -492.188 148.438 671.875 265.625 -351.562 812.500 312.500 109.375 734.375
-632.812 421.875 31.250 -414.062 304.688 617.188 -445.312 109.375 726.562 218.750 -414.062 765.625 273.438 85.938 757.812
-320.312 484.375 70.312 -242.188 445.312 804.688 -382.812 125.000 789.062 210.938 -515.625 695.312 218.750 -93.750 703.125
-609.375 601.562 23.438 -54.688 335.938 929.688 -234.375 125.000 914.062 265.625 -507.812 679.688 265.625 -46.875 750.000
-593.750 906.250 23.438 187.500 484.375 1078.125 -23.438 78.125 1132.812 570.312 -507.812 781.250 453.125 -85.938 843.750
-648.438 1000.000 0.000 148.438 445.312 1007.812 -54.688 101.562 1070.312 531.250 -500.000 742.188 429.688 -93.750 851.562
-648.438 1093.750 31.250 70.312 562.500 976.562 -109.375 195.312 984.375 414.062 -421.875 687.500 375.000 0.000 781.250
-640.625 1085.938 54.688 0.000 500.000 984.375 -156.250 187.500 1031.250 414.062 -414.062 773.438 359.375 -23.438 781.250
-460.938 742.188 78.125 62.500 109.375 1078.125 -242.188 179.688 1085.938 109.375 -453.125 773.438 148.438 -15.625 804.688
-437.500 578.125 132.812 -54.688 281.250 1140.625 -398.438 289.062 1031.250 7.812 -476.562 789.062 70.312 -15.625 789.062
-664.062 359.375 171.875 -226.562 492.188 1125.000 -468.750 320.312 1054.688 265.625 -421.875 976.562 179.688 125.000 804.688
-484.375 0.000 296.875 -437.500 796.875 679.688 -398.438 -31.250 1062.500 687.500 -617.188 1476.562 -109.375 585.938 781.250
-554.688 351.562 304.688 -851.562 359.375 0.000 -273.438 -23.438 562.500 406.250 -570.312 789.062 710.938 -429.688 1226.562
-562.500 296.875 328.125 179.688 953.125 -195.312 -46.875 195.312 320.312 265.625 -484.375 570.312 664.062 -531.250 1156.250
-242.188 914.062 234.375 -54.688 15.625 515.625 -960.938 -484.375 -320.312 -7.812 -695.312 -109.375 601.562 -656.250 937.500
-335.938 789.062 125.000 -921.875 -617.188 343.750 -703.125 -312.500 242.188 -335.938 -718.750 78.125 -15.625 -617.188 664.062
-218.750 562.500 273.438 -671.875 -218.750 531.250 -679.688 -250.000 523.438 -187.500 -414.062 414.062 -46.875 -421.875 507.812
-171.875 664.062 476.562 -703.125 -304.688 593.750 -578.125 -125.000 601.562 -101.562 -421.875 500.000 -7.812 -289.062 546.875
-289.062 875.000 593.750 -1914.062 -398.438 757.812 70.312 132.812 757.812 -289.062 -382.812 625.000 117.188 -312.500 734.375
-140.625 929.688 554.688 -359.375 -234.375 1007.812 -515.625 93.750 859.375 -101.562 -648.438 570.312 -31.250 -484.375 757.812
-171.875 929.688 570.312 -406.250 171.875 781.250 -468.750 -414.062 531.250 -406.250 -367.188 671.875 -70.312 -515.625 726.562
-156.250 1179.688 539.062 -460.938 -109.375 789.062 -585.938 -257.812 664.062 -195.312 -398.438 562.500 -62.500 -296.875 671.875
-62.500 921.875 609.375 -593.750 -109.375 773.438 -593.750 -7.812 781.250 -140.625 -507.812 671.875 15.625 -320.312 734.375
-46.875 789.062 812.500 -546.875 218.750 1007.812 -601.562 -179.688 820.312 15.625 -460.938 796.875 23.438 -265.625 812.500
-390.625 960.938 101.562 -453.125 -562.500 742.188 -625.000 -429.688 812.500 -164.062 -875.000 609.375 -23.438 -484.375 890.625
-781.250 1000.000 -132.812 -414.062 -609.375 781.250 -585.938 -390.625 812.500 -218.750 -976.562 531.250 -7.812 -625.000 945.312
-960.938 289.062 -62.500 -359.375 -382.812 804.688 -671.875 -460.938 781.250 -23.438 -882.812 664.062 -15.625 -484.375 929.688
-1000.000 93.750 -15.625 -500.000 -632.812 609.375 -562.500 -375.000 843.750 -93.750 -890.625 718.750 140.625 -414.062 1039.062
-1140.625 484.375 -117.188 -820.312 31.250 328.125 -414.062 -62.500 867.188 -62.500 -835.938 726.562 109.375 -414.062 976.562
-1179.688 617.188 -101.562 -343.750 -132.812 390.625 -671.875 -265.625 796.875 -179.688 -664.062 718.750 31.250 -375.000 929.688
-984.375 375.000 -132.812 -23.438 -156.250 781.250 -539.062 -273.438 757.812 -234.375 -601.562 679.688 7.812 -335.938 875.000
-992.188 234.375 -148.438 195.312 70.312 1007.812 -429.688 54.688 828.125 -140.625 -726.562 679.688 31.250 -398.438 898.438
-843.750 367.188 -101.562 695.312 429.688 1445.312 -335.938 351.562 1039.062 -54.688 -726.562 726.562 117.188 -531.250 968.750
-796.875 789.062 15.625 734.375 31.250 1437.500 -453.125 484.375 968.750 31.250 -578.125 835.938 46.875 -312.500 890.625
-546.875 1171.875 265.625 54.688 -46.875 1031.250 -546.875 187.500 757.812 -101.562 -648.438 742.188 15.625 -304.688 914.062
-289.062 1132.812 421.875 -117.188 -54.688 1015.625 -757.812 164.062 585.938 -343.750 -648.438 578.125 -109.375 -304.688 843.750
-328.125 867.188 398.438 -203.125 -85.938 929.688 -796.875 195.312 554.688 -398.438 -609.375 570.312 -187.500 -273.438 820.312
-585.938 289.062 132.812 -132.812 -156.250 1015.625 -835.938 93.750 445.312 -507.812 -703.125 406.250 -62.500 -445.312 867.188
-562.500 257.812 93.750 -273.438 -289.062 992.188 -835.938 -54.688 406.250 -546.875 -687.500 406.250 -203.125 -390.625 789.062
-640.625 312.500 -46.875 -398.438 375.000 1148.438 -851.562 218.750 312.500 -515.625 -375.000 601.562 -156.250 -203.125 820.312
-789.062 93.750 -210.938 125.000 1093.750 1328.125 -726.562 585.938 484.375 -445.312 -210.938 609.375 -85.938 -265.625 750.000
-1226.562 414.062 0.000 2218.750 2992.188 3992.188 -148.438 1531.250 1468.750 39.062 -398.438 531.250 54.688 -460.938 585.938
-789.062 1023.438 460.938 -54.688 -265.625 617.188 -492.188 -500.000 1359.375 507.812 -976.562 984.375 125.000 -953.125 914.062
-648.438 1046.875 289.062 125.000 -546.875 1023.438 -585.938 7.812 882.812 -250.000 -867.188 492.188 210.938 -117.188 1023.438
-742.188 679.688 304.688 39.062 -343.750 960.938 -632.812 7.812 835.938 -101.562 -781.250 546.875 187.500 -257.812 976.562
-632.812 492.188 250.000 -203.125 -39.062 929.688 -609.375 -7.812 929.688 335.938 -804.688 976.562 304.688 -539.062 1015.625
-765.625 679.688 93.750 -242.188 70.312 1085.938 -625.000 187.500 890.625 242.188 -632.812 984.375 500.000 70.312 1015.625
-820.312 664.062 -62.500 -359.375 23.438 976.562 -742.188 203.125 664.062 -7.812 -601.562 781.250 296.875 -195.312 1015.625
-835.938 554.688 -156.250 -289.062 -7.812 1046.875 -726.562 187.500 734.375 -7.812 -640.625 750.000 179.688 -234.375 914.062
-843.750 562.500 -54.688 -234.375 -62.500 1031.250 -718.750 117.188 765.625 15.625 -718.750 757.812 156.250 -335.938 929.688
-679.688 742.188 93.750 -257.812 -125.000 937.500 -750.000 46.875 671.875 -54.688 -703.125 703.125 195.312 -273.438 960.938
-882.812 648.438 -132.812 -289.062 -125.000 906.250 -742.188 46.875 656.250 -62.500 -710.938 679.688 132.812 -335.938 929.688
-890.625 570.312 -187.500 -257.812 -117.188 921.875 -726.562 46.875 679.688 -23.438 -726.562 718.750 148.438 -335.938 937.500
-851.562 500.000 -164.062 -195.312 -101.562 992.188 -679.688 54.688 757.812 54.688 -742.188 789.062 234.375 -281.250 1031.250
-773.438 507.812 -234.375 -140.625 -101.562 1015.625 -648.438 31.250 828.125 125.000 -875.000 843.750 320.312 -382.812 1179.688
-679.688 632.812 -289.062 -171.875 -93.750 1000.000 -648.438 7.812 812.500 171.875 -914.062 890.625 367.188 -390.625 1265.625
-570.312 773.438 -296.875 -187.500 -101.562 960.938 -648.438 0.000 757.812 195.312 -929.688 929.688 382.812 -367.188 1296.875
-382.812 1187.500 -226.562 156.250 93.750 1273.438 -875.000 664.062 382.812 218.750 -1000.000 757.812 296.875 -226.562 1218.750
-281.250 890.625 125.000 -171.875 1000.000 492.188 -398.438 765.625 179.688 -234.375 -546.875 601.562 335.938 -265.625 992.188
-109.375 843.750 218.750 -929.688 132.812 273.438 -953.125 -125.000 179.688 54.688 -687.500 382.812 156.250 -226.562 585.938
-226.562 812.500 156.250 -1281.250 -23.438 -62.500 -562.500 -453.125 726.562 -546.875 -437.500 367.188 78.125 -617.188 593.750
-406.250 929.688 31.250 -335.938 375.000 1445.312 -937.500 882.812 343.750 -429.688 -359.375 -85.938 -554.688 -750.000 156.250
-382.812 1390.625 78.125 -351.562 312.500 1289.062 -742.188 640.625 421.875 -1054.688 -507.812 -117.188 -710.938 -54.688 -23.438
-39.062 1429.688 187.500 -570.312 -15.625 890.625 -718.750 46.875 718.750 -1078.125 -125.000 281.250 -664.062 -195.312 484.375
-171.875 1039.062 117.188 -578.125 -70.312 875.000 -804.688 101.562 695.312 -1187.500 -117.188 359.375 -664.062 -296.875 710.938
-429.688 1007.812 15.625 -546.875 -78.125 835.938 -1023.438 -257.812 390.625 -773.438 -390.625 562.500 -773.438 -23.438 585.938
-398.438 992.188 125.000 -1476.562 -210.938 968.750 -429.688 578.125 664.062 -703.125 -445.312 429.688 -859.375 -70.312 585.938
-578.125 898.438 117.188 -593.750 -234.375 710.938 -867.188 31.250 601.562 -781.250 -398.438 601.562 -843.750 -156.250 531.250
-101.562 1000.000 -54.688 -640.625 -171.875 757.812 -890.625 0.000 570.312 -835.938 -367.188 523.438 -867.188 -265.625 523.438
-335.938 882.812 117.188 93.750 -828.125 1210.938 -1406.250 -1445.312 -195.312 -640.625 -367.188 648.438 -671.875 -203.125 710.938
-382.812 867.188 195.312 -359.375 -312.500 875.000 -515.625 203.125 781.250 -656.250 -367.188 601.562 -617.188 -218.750 765.625
-281.250 1007.812 125.000 -593.750 -187.500 781.250 -843.750 -46.875 656.250 -656.250 -414.062 656.250 -640.625 -187.500 765.625
-289.062 929.688 132.812 -507.812 -164.062 867.188 -851.562 15.625 625.000 -695.312 -437.500 632.812 -664.062 -210.938 742.188
-156.250 1023.438 250.000 -609.375 70.312 953.125 -585.938 203.125 703.125 -554.688 -445.312 570.312 -476.562 -210.938 960.938
-210.938 1101.562 195.312 -632.812 -210.938 835.938 -835.938 -187.500 664.062 -671.875 -593.750 695.312 -492.188 -93.750 1070.312
-117.188 914.062 289.062 -523.438 -117.188 843.750 -648.438 -109.375 750.000 -492.188 -445.312 851.562 -523.438 -39.062 1078.125
-70.312 1226.562 265.625 -679.688 -109.375 718.750 -773.438 -54.688 609.375 -578.125 -453.125 726.562 -570.312 46.875 1007.812
-70.312 1328.125 179.688 -789.062 -39.062 593.750 -914.062 -7.812 484.375 -609.375 -406.250 703.125 -546.875 273.438 1109.375
-187.500 1250.000 187.500 -796.875 -7.812 554.688 -921.875 62.500 421.875 -593.750 -328.125 734.375 -546.875 359.375 1117.188
-7.812 1226.562 437.500 -789.062 23.438 281.250 -976.562 7.812 62.500 -710.938 -375.000 445.312 -593.750 343.750 1140.625
109.375 1265.625 390.625 -757.812 -320.312 -15.625 -843.750 -46.875 -132.812 -640.625 -320.312 203.125 -562.500 203.125 1187.500
-835.938 656.250 -171.875 218.750 -632.812 -70.312 -78.125 -460.938 210.938 140.625 -312.500 421.875 -460.938 -617.188 632.812
-773.438 289.062 -148.438 273.438 -390.625 218.750 101.562 -523.438 343.750 328.125 -390.625 781.250 -562.500 -1453.125 429.688
-640.625 109.375 -335.938 671.875 -570.312 78.125 -54.688 -195.312 726.562 101.562 -296.875 1453.125 -679.688 -882.812 46.875
-648.438 234.375 -226.562 851.562 132.812 1593.750 421.875 171.875 1804.688 -179.688 -312.500 1343.750 -687.500 -242.188 148.438
-859.375 460.938 -343.750 1023.438 757.812 2414.062 210.938 929.688 1750.000 -265.625 320.312 976.562 -585.938 -226.562 296.875
-851.562 492.188 -265.625 718.750 648.438 2250.000 70.312 828.125 1539.062 -257.812 164.062 882.812 -601.562 -148.438 242.188
-835.938 640.625 -484.375 164.062 281.250 1281.250 -93.750 500.000 859.375 -289.062 -148.438 765.625 -796.875 -218.750 195.312
-750.000 703.125 -273.438 -148.438 -164.062 742.188 -375.000 -15.625 765.625 -320.312 -179.688 789.062 -703.125 -328.125 406.250
-617.188 484.375 -179.688 109.375 -46.875 882.812 -140.625 62.500 875.000 -257.812 -148.438 781.250 -679.688 -257.812 359.375
-695.312 335.938 -250.000 257.812 -15.625 914.062 -23.438 70.312 921.875 -132.812 -125.000 843.750 -632.812 -148.438 398.438
-796.875 304.688 -367.188 445.312 31.250 867.188 187.500 39.062 1000.000 140.625 -85.938 992.188 -492.188 0.000 664.062
-687.500 382.812 -250.000 617.188 -31.250 804.688 320.312 -54.688 992.188 234.375 -265.625 968.750 -414.062 -203.125 976.562
-539.062 531.250 -70.312 796.875 -187.500 781.250 429.688 -250.000 1085.938 328.125 -406.250 1062.500 -382.812 -226.562 1054.688
-460.938 593.750 -39.062 859.375 -203.125 781.250 468.750 -257.812 1109.375 359.375 -421.875 1093.750 -343.750 -242.188 1125.000
-648.438 812.500 -70.312 828.125 -31.250 867.188 492.188 -85.938 1125.000 437.500 -296.875 1117.188 -289.062 -125.000 1179.688
-609.375 820.312 -62.500 679.688 0.000 859.375 343.750 0.000 1039.062 265.625 -226.562 1007.812 -375.000 -156.250 1046.875
-632.812 750.000 -31.250 453.125 -15.625 757.812 125.000 15.625 875.000 93.750 -234.375 875.000 -453.125 -242.188 875.000
-671.875 718.750 -54.688 382.812 -46.875 718.750 70.312 -15.625 835.938 46.875 -242.188 843.750 -453.125 -273.438 812.500
-687.500 718.750 -15.625 429.688 -23.438 804.688 93.750 23.438 914.062 46.875 -210.938 859.375 -453.125 -234.375 726.562
-679.688 804.688 -15.625 460.938 -39.062 851.562 109.375 15.625 945.312 31.250 -242.188 875.000 -445.312 -289.062 773.438
-718.750 828.125 -23.438 476.562 -54.688 835.938 132.812 -15.625 945.312 78.125 -265.625 898.438 -421.875 -265.625 820.312
-718.750 804.688 -15.625 515.625 -70.312 843.750 164.062 -31.250 976.562 109.375 -273.438 914.062 -421.875 -265.625 835.938
-703.125 750.000 -23.438 617.188 -101.562 882.812 257.812 -101.562 1039.062 164.062 -343.750 945.312 -382.812 -289.062 898.438
-703.125 726.562 0.000 617.188 -117.188 875.000 265.625 -101.562 1054.688 187.500 -351.562 976.562 -367.188 -289.062 953.125
-687.500 742.188 23.438 585.938 -109.375 875.000 242.188 -85.938 1046.875 210.938 -335.938 984.375 -359.375 -273.438 992.188
-648.438 742.188 23.438 578.125 -117.188 875.000 210.938 -85.938 1046.875 187.500 -343.750 968.750 -375.000 -289.062 976.562
-664.062 765.625 23.438 539.062 -93.750 882.812 187.500 -78.125 1023.438 132.812 -320.312 937.500 -398.438 -296.875 882.812
-617.188 765.625 54.688 523.438 -125.000 882.812 179.688 -78.125 1031.250 117.188 -343.750 937.500 -429.688 -312.500 835.938
-593.750 765.625 46.875 546.875 -132.812 875.000 132.812 -125.000 1023.438 85.938 -375.000 921.875 -429.688 -351.562 812.500
-625.000 757.812 23.438 632.812 -148.438 937.500 218.750 -125.000 1109.375 132.812 -367.188 937.500 -414.062 -328.125 781.250
-601.562 750.000 31.250 648.438 -140.625 984.375 210.938 -109.375 1117.188 117.188 -382.812 953.125 -406.250 -343.750 781.250
-554.688 710.938 54.688 554.688 -125.000 968.750 187.500 -148.438 1109.375 78.125 -429.688 898.438 -367.188 -343.750 773.438
-640.625 710.938 23.438 523.438 -109.375 992.188 156.250 -62.500 1078.125 171.875 -187.500 976.562 -343.750 -328.125 773.438
-695.312 664.062 -23.438 359.375 7.812 976.562 46.875 -125.000 1117.188 0.000 -546.875 859.375 -328.125 -351.562 750.000
-703.125 679.688 -31.250 351.562 -15.625 937.500 54.688 -85.938 1109.375 -109.375 -414.062 812.500 -304.688 -398.438 773.438
-664.062 687.500 -7.812 226.562 -23.438 890.625 -78.125 54.688 929.688 -93.750 -328.125 843.750 -257.812 -437.500 859.375
-648.438 734.375 -23.438 210.938 0.000 875.000 -148.438 -140.625 867.188 7.812 -414.062 828.125 -234.375 -367.188 882.812
-617.188 734.375 0.000 109.375 -101.562 726.562 -156.250 31.250 812.500 70.312 -367.188 828.125 -226.562 -359.375 882.812
