-539.062 796.875 46.875 -23.438 414.062 867.188 -23.438 390.625 921.875 281.250 -78.125 960.938 218.750 62.500 984.375
-398.438 695.312 179.688 -7.812 312.500 859.375 -46.875 273.438 914.062 257.812 -179.688 953.125 226.562 7.812 1031.250
-367.188 695.312 203.125 -7.812 328.125 882.812 -39.062 289.062 921.875 242.188 -179.688 937.500 203.125 -7.812 1015.625
-421.875 781.250 179.688 0.000 382.812 882.812 -46.875 335.938 921.875 210.938 -125.000 906.250 140.625 23.438 937.500
-539.062 882.812 117.188 -54.688 445.312 843.750 -70.312 414.062 898.438 226.562 -39.062 921.875 171.875 109.375 929.688
-546.875 882.812 117.188 -85.938 453.125 835.938 -70.312 421.875 875.000 218.750 -15.625 937.500 187.500 117.188 937.500
-578.125 875.000 93.750 -117.188 468.750 828.125 -78.125 453.125 875.000 234.375 23.438 945.312 203.125 164.062 929.688
-593.750 914.062 70.312 -101.562 562.500 835.938 -85.938 468.750 875.000 210.938 15.625 945.312 164.062 156.250 906.250
-578.125 867.188 46.875 -78.125 531.250 851.562 -70.312 460.938 898.438 226.562 -15.625 921.875 171.875 109.375 921.875
-578.125 867.188 46.875 -78.125 531.250 851.562 -70.312 460.938 898.438 226.562 -15.625 921.875 171.875 109.375 921.875
-578.125 828.125 39.062 -85.938 507.812 859.375 -62.500 421.875 890.625 242.188 -31.250 929.688 187.500 93.750 929.688
-593.750 726.562 -7.812 -54.688 460.938 859.375 -62.500 390.625 914.062 257.812 -78.125 937.500 203.125 62.500 953.125
-554.688 710.938 31.250 -15.625 390.625 898.438 15.625 351.562 992.188 273.438 -117.188 960.938 187.500 23.438 968.750
-437.500 820.312 179.688 -31.250 390.625 890.625 -70.312 335.938 921.875 187.500 -132.812 937.500 101.562 31.250 945.312
-476.562 882.812 195.312 -54.688 453.125 851.562 -117.188 351.562 859.375 132.812 -125.000 890.625 85.938 15.625 921.875
-476.562 882.812 195.312 -54.688 453.125 851.562 -117.188 351.562 859.375 132.812 -125.000 890.625 85.938 15.625 921.875
-476.562 882.812 171.875 -78.125 500.000 851.562 -140.625 421.875 843.750 109.375 -54.688 867.188 62.500 70.312 867.188
-578.125 976.562 164.062 -148.438 781.250 679.688 -187.500 492.188 625.000 109.375 78.125 796.875 125.000 148.438 828.125
-578.125 976.562 164.062 -148.438 781.250 679.688 -187.500 492.188 625.000 109.375 78.125 796.875 125.000 148.438 828.125
-578.125 976.562 164.062 -148.438 781.250 679.688 -187.500 492.188 625.000 109.375 78.125 796.875 125.000 148.438 828.125
-601.562 1226.562 203.125 -257.812 625.000 625.000 -414.062 437.500 398.438 -273.438 31.250 515.625 -132.812 0.000 632.812
-601.562 1281.250 117.188 -78.125 460.938 742.188 -234.375 421.875 476.562 -304.688 39.062 343.750 -445.312 -171.875 421.875
-601.562 1281.250 117.188 -78.125 460.938 742.188 -234.375 421.875 476.562 -304.688 39.062 343.750 -445.312 -171.875 421.875
-554.688 1367.188 250.000 -93.750 750.000 890.625 -54.688 882.812 523.438 -23.438 304.688 335.938 -210.938 289.062 78.125
-640.625 1250.000 -93.750 -296.875 429.688 656.250 -93.750 351.562 656.250 226.562 62.500 625.000 148.438 140.625 453.125
-640.625 1250.000 -93.750 -296.875 429.688 656.250 -93.750 351.562 656.250 226.562 62.500 625.000 148.438 140.625 453.125
-523.438 531.250 -210.938 -375.000 -93.750 -15.625 -46.875 -312.500 0.000 359.375 -398.438 -62.500 570.312 -382.812 273.438
-523.438 531.250 -210.938 -375.000 -93.750 -15.625 -46.875 -312.500 0.000 359.375 -398.438 -62.500 570.312 -382.812 273.438
-257.812 210.938 -140.625 -203.125 -265.625 -78.125 117.188 -460.938 31.250 468.750 -343.750 -93.750 710.938 -289.062 54.688
-78.125 109.375 -164.062 187.500 -382.812 210.938 437.500 -390.625 210.938 835.938 -468.750 -78.125 960.938 -453.125 234.375
-23.438 -23.438 -148.438 312.500 -390.625 335.938 578.125 -460.938 218.750 968.750 -437.500 -70.312 992.188 -546.875 359.375
-539.062 -23.438 62.500 617.188 -679.688 93.750 945.312 -703.125 304.688 1257.812 -632.812 70.312 1289.062 -476.562 515.625
273.438 -585.938 695.312 1273.438 148.438 1859.375 1468.750 -679.688 765.625 1726.562 -632.812 320.312 1632.812 -546.875 945.312
-343.750 460.938 937.500 1312.500 -562.500 890.625 1460.938 -687.500 828.125 1648.438 -734.375 382.812 1445.312 -570.312 960.938
-343.750 460.938 937.500 1312.500 -562.500 890.625 1460.938 -687.500 828.125 1648.438 -734.375 382.812 1445.312 -570.312 960.938
-257.812 1132.812 1187.500 1414.062 -382.812 1101.562 1421.875 -468.750 859.375 1343.750 -585.938 304.688 1031.250 -515.625 640.625
-257.812 1132.812 1187.500 1414.062 -382.812 1101.562 1421.875 -468.750 859.375 1343.750 -585.938 304.688 1031.250 -515.625 640.625
-210.938 1085.938 1187.500 1257.812 -500.000 1000.000 1289.062 -562.500 843.750 1289.062 -640.625 328.125 1000.000 -546.875 679.688
-109.375 609.375 1070.312 1039.062 -585.938 796.875 1085.938 -640.625 664.062 1179.688 -679.688 210.938 1015.625 -578.125 671.875
-93.750 445.312 1015.625 953.125 -578.125 726.562 1054.688 -593.750 656.250 1187.500 -593.750 210.938 1046.875 -515.625 562.500
-250.000 406.250 929.688 859.375 -500.000 625.000 953.125 -562.500 546.875 1117.188 -554.688 148.438 1039.062 -500.000 546.875
-195.312 601.562 859.375 843.750 -382.812 687.500 945.312 -359.375 554.688 1093.750 -453.125 109.375 984.375 -414.062 445.312
-312.500 679.688 898.438 1023.438 -351.562 765.625 1156.250 -343.750 757.812 1320.312 -281.250 296.875 1250.000 -351.562 585.938
-234.375 609.375 843.750 1078.125 -304.688 867.188 1273.438 -328.125 773.438 1398.438 -398.438 289.062 1273.438 -351.562 656.250
-304.688 632.812 757.812 1109.375 -289.062 960.938 1343.750 -296.875 859.375 1578.125 -359.375 351.562 1382.812 -320.312 679.688
-304.688 632.812 757.812 1109.375 -289.062 960.938 1343.750 -296.875 859.375 1578.125 -359.375 351.562 1382.812 -320.312 679.688
-203.125 656.250 742.188 1148.438 -273.438 1250.000 1460.938 -93.750 1085.938 1460.938 -281.250 281.250 1437.500 -414.062 601.562
-148.438 554.688 726.562 1046.875 -117.188 1164.062 1359.375 -304.688 1015.625 1492.188 -320.312 312.500 1281.250 -289.062 476.562
-359.375 492.188 617.188 1039.062 -382.812 984.375 1023.438 -507.812 906.250 1304.688 -539.062 507.812 1117.188 -304.688 843.750
-359.375 492.188 617.188 1039.062 -382.812 984.375 1023.438 -507.812 906.250 1304.688 -539.062 507.812 1117.188 -304.688 843.750
-398.438 468.750 343.750 617.188 -304.688 734.375 765.625 -351.562 585.938 937.500 -523.438 78.125 867.188 -398.438 460.938
-429.688 609.375 296.875 226.562 0.000 320.312 -70.312 -484.375 335.938 85.938 -31.250 210.938 148.438 -164.062 70.312
-203.125 1265.625 734.375 687.500 281.250 1203.125 101.562 257.812 117.188 1781.250 -695.312 507.812 7.812 210.938 390.625
-375.000 1117.188 968.750 437.500 15.625 1031.250 265.625 242.188 507.812 476.562 -742.188 93.750 78.125 -367.188 789.062
-375.000 1117.188 968.750 437.500 15.625 1031.250 265.625 242.188 507.812 476.562 -742.188 93.750 78.125 -367.188 789.062
-257.812 1007.812 843.750 273.438 78.125 984.375 164.062 187.500 539.062 62.500 218.750 -109.375 976.562 -554.688 1070.312
-273.438 656.250 343.750 -289.062 -304.688 218.750 -289.062 -226.562 375.000 468.750 -226.562 414.062 546.875 -140.625 640.625
-273.438 656.250 343.750 -289.062 -304.688 218.750 -289.062 -226.562 375.000 468.750 -226.562 414.062 546.875 -140.625 640.625
-468.750 765.625 312.500 -570.312 140.625 171.875 -500.000 148.438 164.062 70.312 -273.438 289.062 382.812 -296.875 546.875
-351.562 960.938 476.562 -570.312 304.688 523.438 -492.188 304.688 375.000 117.188 -187.500 398.438 296.875 7.812 414.062
-414.062 843.750 367.188 -531.250 242.188 648.438 -500.000 218.750 554.688 250.000 -367.188 554.688 406.250 -164.062 695.312
-359.375 921.875 351.562 -484.375 125.000 640.625 -492.188 148.438 570.312 179.688 -390.625 570.312 328.125 -125.000 703.125
-343.750 953.125 367.188 -437.500 109.375 750.000 -437.500 156.250 726.562 250.000 -429.688 640.625 265.625 -101.562 718.750
-398.438 875.000 359.375 -390.625 39.062 906.250 -406.250 85.938 914.062 414.062 -601.562 664.062 375.000 -312.500 867.188
-398.438 875.000 359.375 -390.625 39.062 906.250 -406.250 85.938 914.062 414.062 -601.562 664.062 375.000 -312.500 867.188
-367.188 929.688 460.938 -312.500 -54.688 953.125 -367.188 -15.625 906.250 429.688 -695.312 570.312 476.562 -382.812 945.312
-484.375 1023.438 117.188 -359.375 23.438 570.312 -304.688 93.750 687.500 500.000 -273.438 718.750 734.375 -78.125 914.062
-484.375 1023.438 117.188 -359.375 23.438 570.312 -304.688 93.750 687.500 500.000 -273.438 718.750 734.375 -78.125 914.062
-507.812 851.562 195.312 -460.938 257.812 304.688 -367.188 351.562 328.125 382.812 -179.688 632.812 546.875 101.562 859.375
-195.312 835.938 242.188 -445.312 429.688 421.875 -289.062 570.312 406.250 367.188 -78.125 796.875 375.000 218.750 859.375
-218.750 820.312 187.500 -390.625 460.938 453.125 -203.125 609.375 460.938 460.938 -101.562 875.000 328.125 195.312 773.438
-703.125 867.188 -23.438 -203.125 164.062 617.188 -265.625 335.938 796.875 281.250 257.812 859.375 117.188 -7.812 812.500
-703.125 867.188 -23.438 -203.125 164.062 617.188 -265.625 335.938 796.875 281.250 257.812 859.375 117.188 -7.812 812.500
-671.875 1257.812 -281.250 164.062 -101.562 929.688 31.250 281.250 1046.875 492.188 -609.375 882.812 0.000 148.438 796.875
-156.250 679.688 -296.875 539.062 304.688 1312.500 328.125 523.438 1195.312 367.188 -164.062 953.125 31.250 -62.500 929.688
-375.000 -15.625 -125.000 367.188 515.625 1414.062 429.688 757.812 1117.188 484.375 -70.312 835.938 140.625 54.688 820.312
-734.375 500.000 -414.062 31.250 273.438 921.875 78.125 554.688 835.938 414.062 93.750 820.312 343.750 203.125 835.938
-765.625 414.062 -210.938 -7.812 234.375 875.000 -15.625 476.562 781.250 234.375 -46.875 781.250 125.000 31.250 882.812
-734.375 398.438 -148.438 54.688 328.125 937.500 117.188 460.938 796.875 203.125 -23.438 828.125 62.500 109.375 804.688
-734.375 882.812 0.000 187.500 375.000 976.562 164.062 632.812 812.500 320.312 132.812 859.375 164.062 312.500 796.875
-726.562 976.562 -23.438 125.000 445.312 984.375 125.000 617.188 789.062 312.500 109.375 851.562 125.000 296.875 789.062
-726.562 976.562 -23.438 125.000 445.312 984.375 125.000 617.188 789.062 312.500 109.375 851.562 125.000 296.875 789.062
-781.250 765.625 -195.312 15.625 375.000 960.938 15.625 617.188 773.438 187.500 132.812 828.125 23.438 265.625 781.250
-781.250 765.625 -195.312 15.625 375.000 960.938 15.625 617.188 773.438 187.500 132.812 828.125 23.438 265.625 781.250
-750.000 570.312 -304.688 171.875 328.125 984.375 171.875 601.562 843.750 359.375 93.750 867.188 132.812 296.875 867.188
-648.438 546.875 -226.562 210.938 289.062 929.688 195.312 531.250 804.688 398.438 93.750 835.938 203.125 281.250 843.750
-648.438 789.062 -109.375 281.250 242.188 882.812 328.125 484.375 843.750 625.000 93.750 859.375 453.125 289.062 937.500
-562.500 742.188 -140.625 476.562 234.375 984.375 445.312 484.375 890.625 632.812 31.250 835.938 382.812 218.750 929.688
-656.250 742.188 -148.438 351.562 234.375 945.312 281.250 484.375 812.500 515.625 23.438 773.438 328.125 226.562 898.438
-703.125 757.812 -203.125 320.312 234.375 1015.625 296.875 500.000 882.812 523.438 15.625 812.500 281.250 187.500 875.000
-703.125 757.812 -203.125 320.312 234.375 1015.625 296.875 500.000 882.812 523.438 15.625 812.500 281.250 187.500 875.000
-1125.000 1335.938 -476.562 1007.812 -304.688 882.812 804.688 351.562 984.375 453.125 -140.625 820.312 257.812 15.625 968.750
-640.625 1046.875 -242.188 23.438 203.125 921.875 -101.562 531.250 773.438 281.250 156.250 789.062 117.188 257.812 789.062
-632.812 742.188 -296.875 1156.250 -1273.438 2148.438 -3132.812 -1375.000 -593.750 375.000 250.000 945.312 125.000 335.938 820.312
-875.000 773.438 -85.938 -93.750 -23.438 773.438 539.062 328.125 1023.438 750.000 187.500 812.500 437.500 117.188 867.188
-875.000 773.438 -85.938 -93.750 -23.438 773.438 539.062 328.125 1023.438 750.000 187.500 812.500 437.500 117.188 867.188
-421.875 562.500 23.438 718.750 -164.062 1234.375 203.125 15.625 1046.875 664.062 -31.250 859.375 492.188 101.562 1007.812
-898.438 609.375 -304.688 -101.562 -421.875 648.438 187.500 210.938 1171.875 453.125 -23.438 968.750 148.438 156.250 890.625
-898.438 609.375 -304.688 -101.562 -421.875 648.438 187.500 210.938 1171.875 453.125 -23.438 968.750 148.438 156.250 890.625
-664.062 992.188 -54.688 -593.750 54.688 117.188 -39.062 -304.688 742.188 179.688 -304.688 992.188 234.375 203.125 1132.812
-390.625 718.750 109.375 -664.062 -117.188 125.000 -140.625 -328.125 789.062 398.438 -265.625 843.750 312.500 234.375 851.562
-484.375 460.938 -39.062 -695.312 -234.375 281.250 -62.500 -164.062 937.500 187.500 -281.250 945.312 117.188 46.875 953.125
-734.375 289.062 -101.562 -632.812 -132.812 335.938 101.562 -375.000 773.438 312.500 -359.375 734.375 93.750 -7.812 898.438
-531.250 679.688 117.188 -593.750 46.875 476.562 320.312 -273.438 781.250 664.062 -179.688 695.312 570.312 171.875 875.000
-921.875 578.125 -304.688 -648.438 562.500 812.500 585.938 179.688 1140.625 882.812 179.688 781.250 757.812 421.875 710.938
-890.625 851.562 -304.688 -648.438 609.375 820.312 492.188 109.375 1156.250 929.688 109.375 828.125 757.812 414.062 820.312
-492.188 1007.812 -78.125 -625.000 296.875 812.500 296.875 -171.875 1046.875 687.500 -187.500 812.500 500.000 187.500 960.938
-421.875 953.125 -15.625 -687.500 62.500 695.312 210.938 -421.875 1078.125 671.875 -304.688 875.000 328.125 109.375 984.375
-421.875 953.125 -15.625 -687.500 62.500 695.312 210.938 -421.875 1078.125 671.875 -304.688 875.000 328.125 109.375 984.375
-437.500 937.500 -39.062 -687.500 15.625 671.875 164.062 -289.062 937.500 679.688 -429.688 812.500 382.812 117.188 976.562
-343.750 1062.500 148.438 -781.250 187.500 578.125 -242.188 -445.312 781.250 679.688 -468.750 804.688 531.250 46.875 1109.375
-203.125 968.750 273.438 -750.000 156.250 468.750 -125.000 -468.750 906.250 429.688 -476.562 820.312 257.812 -7.812 937.500
-281.250 851.562 203.125 -703.125 132.812 507.812 -54.688 -445.312 937.500 460.938 -492.188 828.125 273.438 -23.438 953.125
-578.125 843.750 148.438 -359.375 132.812 1000.000 140.625 -132.812 1382.812 687.500 -406.250 1109.375 515.625 203.125 1140.625
-578.125 843.750 148.438 -359.375 132.812 1000.000 140.625 -132.812 1382.812 687.500 -406.250 1109.375 515.625 203.125 1140.625
-343.750 875.000 609.375 -914.062 867.188 226.562 1328.125 187.500 2546.875 890.625 234.375 1664.062 296.875 -281.250 1273.438
-132.812 765.625 656.250 -1335.938 1195.312 -500.000 539.062 648.438 1671.875 757.812 -335.938 1250.000 148.438 -273.438 1226.562
-132.812 765.625 656.250 -1335.938 1195.312 -500.000 539.062 648.438 1671.875 757.812 -335.938 1250.000 148.438 -273.438 1226.562
-367.188 695.312 31.250 -1125.000 828.125 664.062 -1757.812 -1343.750 -2062.500 765.625 -1148.438 -281.250 1382.812 -468.750 1523.438
-890.625 1640.625 -242.188 -976.562 335.938 437.500 -1375.000 0.000 -414.062 -1507.812 -960.938 -820.312 0.000 -656.250 703.125
-359.375 554.688 218.750 -1031.250 382.812 390.625 -1015.625 625.000 390.625 -265.625 -23.438 421.875 -656.250 -117.188 -218.750
-382.812 1070.312 78.125 -1085.938 54.688 234.375 -742.188 617.188 656.250 23.438 -78.125 1140.625 320.312 -62.500 1304.688
-382.812 1070.312 78.125 -1085.938 54.688 234.375 -742.188 617.188 656.250 23.438 -78.125 1140.625 320.312 -62.500 1304.688
-585.938 1101.562 -148.438 -601.562 -250.000 367.188 -929.688 -226.562 281.250 -398.438 -351.562 546.875 -171.875 -398.438 867.188
-500.000 812.500 -70.312 -164.062 70.312 562.500 -1171.875 187.500 296.875 -593.750 -335.938 515.625 -148.438 -242.188 828.125
-375.000 867.188 0.000 -531.250 117.188 382.812 -468.750 281.250 523.438 -257.812 -203.125 718.750 -210.938 -164.062 664.062
-375.000 867.188 0.000 -531.250 117.188 382.812 -468.750 281.250 523.438 -257.812 -203.125 718.750 -210.938 -164.062 664.062
-507.812 820.312 -109.375 -429.688 -85.938 343.750 -531.250 46.875 390.625 -320.312 -296.875 554.688 -109.375 -273.438 734.375
-453.125 828.125 46.875 875.000 492.188 1406.250 265.625 781.250 1156.250 101.562 -210.938 742.188 117.188 -382.812 843.750
31.250 -406.250 687.500 898.438 1109.375 1171.875 226.562 1015.625 1242.188 742.188 -15.625 1234.375 296.875 -101.562 929.688
-1101.562 976.562 78.125 820.312 929.688 789.062 -7.812 304.688 1015.625 328.125 -523.438 1125.000 70.312 296.875 1109.375
-609.375 820.312 187.500 0.000 1070.312 937.500 -164.062 742.188 656.250 -54.688 -156.250 617.188 93.750 -515.625 1039.062
-718.750 914.062 -23.438 15.625 890.625 976.562 -101.562 765.625 937.500 117.188 109.375 1015.625 70.312 234.375 898.438
-437.500 500.000 -164.062 46.875 1343.750 984.375 -187.500 664.062 812.500 117.188 -117.188 1062.500 23.438 375.000 968.750
-1039.062 710.938 -171.875 -140.625 734.375 750.000 -281.250 679.688 898.438 0.000 31.250 1109.375 -85.938 367.188 875.000
-937.500 617.188 -195.312 -679.688 -187.500 648.438 -625.000 609.375 796.875 -203.125 101.562 1109.375 -234.375 531.250 789.062
-937.500 617.188 -195.312 -679.688 -187.500 648.438 -625.000 609.375 796.875 -203.125 101.562 1109.375 -234.375 531.250 789.062
-835.938 632.812 -156.250 -164.062 671.875 890.625 -156.250 562.500 953.125 179.688 -7.812 1062.500 62.500 281.250 906.250
-804.688 648.438 -140.625 -15.625 687.500 960.938 -31.250 562.500 1007.812 273.438 -93.750 1031.250 117.188 242.188 929.688
-500.000 859.375 156.250 562.500 335.938 976.562 390.625 218.750 1125.000 507.812 -359.375 937.500 203.125 -70.312 1007.812
-460.938 773.438 210.938 382.812 234.375 906.250 250.000 101.562 1062.500 437.500 -445.312 921.875 234.375 -140.625 1070.312
-468.750 679.688 218.750 203.125 265.625 828.125 85.938 85.938 968.750 367.188 -421.875 890.625 257.812 -117.188 1085.938
-648.438 523.438 117.188 -179.688 382.812 742.188 -195.312 218.750 828.125 210.938 -265.625 843.750 195.312 -7.812 968.750
-703.125 648.438 109.375 -70.312 507.812 843.750 -125.000 351.562 898.438 203.125 -195.312 906.250 117.188 78.125 937.500
-703.125 648.438 109.375 -70.312 507.812 843.750 -125.000 351.562 898.438 203.125 -195.312 906.250 117.188 78.125 937.500
-710.938 710.938 117.188 31.250 578.125 867.188 -39.062 421.875 914.062 234.375 -140.625 882.812 140.625 85.938 890.625
-703.125 742.188 132.812 46.875 562.500 875.000 -23.438 406.250 921.875 242.188 -156.250 898.438 140.625 85.938 890.625
-617.188 734.375 156.250 78.125 484.375 843.750 -23.438 343.750 914.062 234.375 -210.938 867.188 132.812 39.062 890.625
-593.750 632.812 125.000 140.625 375.000 828.125 78.125 242.188 921.875 351.562 -281.250 843.750 242.188 -15.625 929.688
-546.875 789.062 195.312 382.812 398.438 898.438 296.875 250.000 1000.000 515.625 -289.062 859.375 359.375 -7.812 945.312
-578.125 867.188 218.750 351.562 492.188 882.812 234.375 343.750 960.938 453.125 -226.562 843.750 312.500 15.625 914.062
-437.500 812.500 265.625 242.188 335.938 859.375 70.312 203.125 929.688 273.438 -351.562 851.562 156.250 -62.500 976.562
-437.500 812.500 265.625 242.188 335.938 859.375 70.312 203.125 929.688 273.438 -351.562 851.562 156.250 -62.500 976.562
-601.562 804.688 210.938 109.375 445.312 859.375 39.062 312.500 921.875 328.125 -226.562 882.812 250.000 31.250 929.688
-625.000 828.125 210.938 78.125 500.000 851.562 -15.625 351.562 914.062 273.438 -187.500 875.000 195.312 93.750 898.438
-671.875 867.188 179.688 31.250 500.000 890.625 46.875 468.750 890.625 -39.062 -39.062 843.750 78.125 39.062 835.938
-718.750 843.750 148.438 23.438 460.938 843.750 -31.250 335.938 898.438 250.000 -203.125 859.375 210.938 31.250 898.438
-554.688 726.562 171.875 31.250 492.188 835.938 -15.625 312.500 875.000 281.250 -179.688 835.938 195.312 -39.062 906.250
15.625 1062.500 546.875 125.000 492.188 726.562 39.062 296.875 742.188 421.875 -125.000 796.875 390.625 31.250 929.688
-218.750 585.938 335.938 445.312 515.625 992.188 171.875 390.625 1023.438 382.812 -117.188 859.375 250.000 46.875 851.562
-585.938 -93.750 500.000 -132.812 671.875 609.375 335.938 93.750 906.250 484.375 23.438 968.750 289.062 -140.625 882.812
-492.188 703.125 281.250 281.250 390.625 992.188 125.000 484.375 968.750 484.375 -78.125 875.000 296.875 54.688 867.188
