-382.812 796.875 78.125 -39.062 85.938 867.188 218.750 -78.125 843.750 531.250 -218.750 640.625 484.375 -7.812 726.562
-320.312 828.125 93.750 39.062 -15.625 875.000 281.250 -171.875 835.938 585.938 -296.875 632.812 523.438 -85.938 765.625
-375.000 867.188 70.312 93.750 -7.812 921.875 328.125 -171.875 843.750 617.188 -312.500 632.812 562.500 -93.750 781.250
-406.250 890.625 54.688 101.562 0.000 929.688 351.562 -156.250 875.000 648.438 -304.688 632.812 578.125 -101.562 781.250
-414.062 984.375 70.312 171.875 70.312 1015.625 406.250 -132.812 921.875 679.688 -273.438 640.625 585.938 -101.562 765.625
-406.250 1000.000 78.125 179.688 78.125 1039.062 429.688 -109.375 937.500 703.125 -257.812 648.438 601.562 -70.312 765.625
-421.875 1007.812 70.312 179.688 125.000 1046.875 429.688 -78.125 937.500 710.938 -234.375 656.250 609.375 -46.875 765.625
-414.062 1015.625 54.688 171.875 117.188 1031.250 406.250 -70.312 937.500 703.125 -242.188 664.062 585.938 -54.688 757.812
-390.625 882.812 39.062 101.562 70.312 968.750 335.938 -109.375 890.625 648.438 -242.188 656.250 554.688 -46.875 750.000
-382.812 859.375 46.875 85.938 62.500 953.125 328.125 -109.375 890.625 640.625 -250.000 648.438 562.500 -46.875 750.000
-382.812 859.375 39.062 62.500 62.500 921.875 320.312 -101.562 875.000 640.625 -242.188 640.625 578.125 -46.875 750.000
-367.188 867.188 39.062 62.500 46.875 914.062 320.312 -109.375 875.000 640.625 -234.375 632.812 585.938 -54.688 742.188
-335.938 937.500 85.938 148.438 62.500 968.750 390.625 -117.188 882.812 664.062 -257.812 617.188 601.562 -62.500 734.375
-335.938 968.750 93.750 171.875 78.125 976.562 406.250 -93.750 882.812 679.688 -257.812 609.375 593.750 -62.500 734.375
-328.125 1023.438 85.938 164.062 93.750 968.750 406.250 -93.750 867.188 679.688 -242.188 593.750 585.938 -70.312 718.750
-343.750 1054.688 93.750 179.688 85.938 984.375 406.250 -93.750 890.625 687.500 -250.000 617.188 593.750 -54.688 718.750
-359.375 1000.000 78.125 179.688 93.750 1000.000 421.875 -78.125 898.438 687.500 -250.000 625.000 601.562 -54.688 742.188
-375.000 984.375 78.125 179.688 78.125 1007.812 421.875 -85.938 914.062 703.125 -242.188 632.812 617.188 -54.688 726.562
-375.000 953.125 62.500 187.500 78.125 1007.812 421.875 -93.750 914.062 703.125 -250.000 625.000 617.188 -70.312 718.750
-375.000 921.875 70.312 187.500 62.500 1007.812 398.438 -101.562 914.062 664.062 -273.438 625.000 585.938 -85.938 726.562
-351.562 921.875 85.938 148.438 23.438 968.750 382.812 -125.000 875.000 656.250 -273.438 585.938 570.312 -93.750 710.938
-367.188 945.312 109.375 140.625 39.062 953.125 375.000 -117.188 867.188 664.062 -273.438 585.938 585.938 -93.750 710.938
-328.125 1000.000 148.438 140.625 -54.688 929.688 382.812 -164.062 859.375 687.500 -289.062 570.312 609.375 -125.000 710.938
-296.875 1000.000 132.812 210.938 -46.875 968.750 468.750 -218.750 875.000 750.000 -367.188 585.938 656.250 -164.062 757.812
-328.125 921.875 101.562 304.688 -15.625 1148.438 507.812 -203.125 953.125 765.625 -398.438 593.750 671.875 -218.750 773.438
-367.188 867.188 101.562 320.312 23.438 1148.438 531.250 -203.125 953.125 773.438 -390.625 601.562 671.875 -210.938 757.812
-453.125 796.875 117.188 203.125 -62.500 1039.062 507.812 -203.125 921.875 796.875 -367.188 578.125 710.938 -218.750 742.188
-382.812 867.188 148.438 171.875 -85.938 992.188 445.312 -273.438 898.438 773.438 -382.812 625.000 726.562 -164.062 796.875
-390.625 804.688 171.875 62.500 -203.125 914.062 406.250 -312.500 921.875 773.438 -375.000 687.500 703.125 -125.000 835.938
-390.625 781.250 171.875 39.062 -203.125 867.188 398.438 -320.312 882.812 765.625 -382.812 664.062 710.938 -187.500 851.562
-359.375 718.750 117.188 93.750 -179.688 976.562 375.000 -281.250 898.438 703.125 -390.625 609.375 671.875 -187.500 789.062
-460.938 492.188 -78.125 179.688 -203.125 1046.875 453.125 -304.688 976.562 718.750 -406.250 648.438 609.375 -203.125 773.438
-515.625 593.750 -23.438 164.062 -156.250 1085.938 468.750 -273.438 1039.062 742.188 -375.000 687.500 609.375 -203.125 789.062
-460.938 703.125 7.812 132.812 -164.062 1085.938 429.688 -242.188 1046.875 710.938 -328.125 726.562 585.938 -140.625 789.062
-414.062 804.688 -31.250 31.250 -289.062 890.625 335.938 -250.000 960.938 625.000 -296.875 710.938 500.000 -78.125 750.000
-437.500 804.688 -31.250 -15.625 -23.438 890.625 132.812 -132.812 703.125 460.938 -335.938 484.375 492.188 -164.062 695.312
-367.188 882.812 -39.062 39.062 117.188 984.375 85.938 -70.312 679.688 460.938 -328.125 437.500 539.062 -203.125 671.875
-429.688 804.688 -195.312 15.625 148.438 914.062 109.375 -31.250 593.750 500.000 -312.500 375.000 546.875 -234.375 648.438
-867.188 898.438 -500.000 -390.625 140.625 492.188 140.625 -382.812 296.875 507.812 -531.250 132.812 656.250 -554.688 703.125
-468.750 1070.312 -140.625 -273.438 85.938 593.750 132.812 -414.062 281.250 523.438 -609.375 203.125 648.438 -296.875 625.000
-156.250 1171.875 289.062 39.062 -242.188 1132.812 765.625 -406.250 1078.125 875.000 -156.250 687.500 507.812 -320.312 554.688
-31.250 1187.500 328.125 31.250 -117.188 1132.812 804.688 -460.938 1125.000 867.188 -421.875 875.000 390.625 257.812 390.625
-70.312 1343.750 281.250 -164.062 265.625 906.250 523.438 -320.312 828.125 812.500 -507.812 703.125 578.125 -210.938 1156.250
-554.688 1000.000 -46.875 -265.625 -195.312 679.688 429.688 -601.562 812.500 687.500 -515.625 750.000 718.750 -85.938 843.750
-257.812 398.438 171.875 -164.062 -85.938 859.375 710.938 -656.250 851.562 992.188 -523.438 695.312 984.375 -125.000 984.375
445.312 867.188 375.000 -85.938 -187.500 875.000 750.000 -328.125 984.375 1109.375 -375.000 656.250 1093.750 -117.188 1070.312
85.938 828.125 140.625 226.562 250.000 1328.125 835.938 -265.625 953.125 1007.812 -546.875 593.750 859.375 -343.750 906.250
-539.062 1328.125 31.250 406.250 335.938 1406.250 750.000 -351.562 976.562 921.875 -296.875 609.375 742.188 -109.375 679.688
-445.312 1093.750 -125.000 226.562 492.188 1250.000 625.000 -179.688 937.500 843.750 -140.625 609.375 695.312 39.062 578.125
-546.875 976.562 -132.812 39.062 515.625 1101.562 585.938 -109.375 921.875 773.438 -109.375 585.938 609.375 62.500 593.750
-585.938 726.562 -156.250 -320.312 593.750 828.125 101.562 -46.875 835.938 406.250 -23.438 617.188 343.750 140.625 539.062
-460.938 695.312 -125.000 -179.688 390.625 835.938 210.938 -218.750 812.500 492.188 -171.875 664.062 421.875 70.312 687.500
-382.812 867.188 -31.250 -54.688 312.500 867.188 296.875 -296.875 789.062 546.875 -218.750 632.812 453.125 31.250 695.312
-398.438 921.875 -39.062 -23.438 335.938 843.750 312.500 -265.625 789.062 539.062 -164.062 617.188 445.312 54.688 656.250
-460.938 898.438 -117.188 54.688 351.562 914.062 484.375 -296.875 937.500 773.438 -93.750 734.375 687.500 132.812 750.000
-500.000 843.750 -140.625 117.188 281.250 929.688 671.875 -312.500 1039.062 929.688 -101.562 828.125 835.938 179.688 820.312
-554.688 851.562 -132.812 164.062 320.312 992.188 1062.500 -117.188 1187.500 992.188 54.688 804.688 726.562 242.188 679.688
-562.500 851.562 -15.625 -437.500 640.625 546.875 0.000 -242.188 937.500 750.000 179.688 1031.250 867.188 375.000 710.938
-726.562 359.375 -156.250 218.750 54.688 750.000 695.312 -539.062 1554.688 1070.312 -140.625 773.438 468.750 492.188 632.812
-257.812 62.500 15.625 -500.000 445.312 523.438 203.125 890.625 1382.812 851.562 132.812 1367.188 500.000 460.938 968.750
-328.125 234.375 39.062 -296.875 -171.875 859.375 -234.375 -882.812 -46.875 609.375 -296.875 929.688 187.500 296.875 757.812
-664.062 421.875 -273.438 -210.938 1343.750 343.750 -93.750 148.438 125.000 1179.688 -648.438 500.000 914.062 273.438 898.438
-640.625 710.938 -468.750 382.812 1609.375 -257.812 375.000 1359.375 984.375 140.625 -820.312 -171.875 1023.438 -1226.562 1265.625
-625.000 804.688 -476.562 789.062 476.562 1070.312 -507.812 -734.375 -273.438 359.375 -1109.375 195.312 320.312 -1250.000 828.125
-460.938 1281.250 -187.500 773.438 804.688 1390.625 -671.875 -281.250 117.188 -39.062 -664.062 78.125 562.500 -281.250 507.812
101.562 1750.000 15.625 429.688 359.375 1054.688 -789.062 406.250 250.000 -187.500 -281.250 429.688 78.125 -226.562 492.188
7.812 1250.000 0.000 296.875 421.875 1015.625 -773.438 515.625 320.312 -257.812 -195.312 429.688 -31.250 -312.500 414.062
-218.750 695.312 -85.938 226.562 726.562 992.188 -796.875 492.188 406.250 -406.250 -156.250 328.125 -62.500 -195.312 281.250
-156.250 1070.312 -46.875 218.750 171.875 1007.812 -687.500 820.312 671.875 54.688 -140.625 679.688 375.000 7.812 593.750
-218.750 1203.125 -78.125 359.375 492.188 984.375 -570.312 343.750 906.250 421.875 -359.375 906.250 648.438 -85.938 851.562
-328.125 1296.875 -234.375 265.625 359.375 1039.062 -429.688 265.625 1101.562 554.688 -539.062 960.938 687.500 -171.875 921.875
-515.625 1070.312 -382.812 70.312 -7.812 867.188 -468.750 -7.812 1101.562 562.500 -820.312 921.875 773.438 -140.625 1023.438
-351.562 968.750 -273.438 23.438 0.000 875.000 -585.938 -23.438 828.125 265.625 -781.250 710.938 757.812 -304.688 1039.062
-70.312 1023.438 -78.125 54.688 601.562 1718.750 -687.500 101.562 984.375 398.438 -664.062 781.250 539.062 -234.375 835.938
-54.688 1125.000 -109.375 93.750 31.250 992.188 -570.312 23.438 976.562 414.062 -687.500 765.625 585.938 -218.750 851.562
-148.438 1226.562 -171.875 140.625 125.000 1117.188 -531.250 -7.812 1031.250 484.375 -750.000 804.688 710.938 -226.562 937.500
-265.625 1179.688 -250.000 54.688 78.125 984.375 -539.062 -70.312 984.375 460.938 -765.625 765.625 703.125 -265.625 953.125
-93.750 1250.000 -70.312 101.562 -39.062 835.938 -476.562 -117.188 828.125 453.125 -726.562 640.625 750.000 -273.438 882.812
-46.875 1281.250 -62.500 140.625 -70.312 742.188 -468.750 -171.875 812.500 500.000 -687.500 617.188 820.312 -281.250 859.375
-257.812 1234.375 -195.312 351.562 -171.875 773.438 -335.938 -328.125 804.688 625.000 -656.250 609.375 867.188 -382.812 843.750
-453.125 1250.000 -367.188 289.062 -265.625 531.250 -132.812 -242.188 789.062 812.500 -625.000 476.562 898.438 -437.500 867.188
-335.938 1296.875 -226.562 234.375 7.812 937.500 -23.438 -62.500 554.688 781.250 -523.438 515.625 890.625 -109.375 882.812
-281.250 1023.438 -203.125 335.938 93.750 937.500 203.125 -7.812 617.188 695.312 -164.062 523.438 843.750 -234.375 757.812
-335.938 453.125 70.312 187.500 1359.375 2148.438 -78.125 679.688 1015.625 296.875 -70.312 664.062 773.438 585.938 710.938
-187.500 531.250 -257.812 437.500 289.062 1320.312 312.500 703.125 1304.688 703.125 101.562 882.812 562.500 289.062 968.750
-820.312 507.812 -750.000 289.062 218.750 843.750 -125.000 101.562 1070.312 359.375 -39.062 859.375 421.875 -78.125 921.875
-687.500 390.625 -492.188 250.000 46.875 945.312 0.000 234.375 765.625 320.312 -367.188 656.250 171.875 -31.250 726.562
-257.812 296.875 -421.875 406.250 187.500 1007.812 54.688 523.438 984.375 218.750 70.312 585.938 234.375 195.312 570.312
-695.312 609.375 -500.000 1117.188 257.812 820.312 -351.562 945.312 1835.938 476.562 367.188 1039.062 289.062 406.250 703.125
-593.750 484.375 -515.625 179.688 62.500 906.250 -46.875 281.250 960.938 390.625 187.500 789.062 398.438 367.188 796.875
-640.625 437.500 -507.812 93.750 -1265.625 1851.562 -601.562 -1500.000 -210.938 382.812 132.812 789.062 445.312 437.500 812.500
-750.000 375.000 -609.375 218.750 210.938 914.062 125.000 406.250 984.375 445.312 140.625 828.125 515.625 609.375 812.500
-679.688 296.875 -570.312 273.438 257.812 835.938 101.562 523.438 734.375 632.812 -39.062 578.125 250.000 15.625 1023.438
-468.750 593.750 -367.188 218.750 242.188 765.625 218.750 250.000 1000.000 578.125 156.250 960.938 484.375 757.812 562.500
-421.875 867.188 -312.500 210.938 70.312 773.438 195.312 125.000 906.250 539.062 15.625 796.875 304.688 320.312 867.188
-398.438 632.812 -265.625 382.812 -62.500 671.875 125.000 -31.250 921.875 617.188 -101.562 914.062 -39.062 578.125 507.812
-390.625 632.812 -148.438 296.875 -46.875 593.750 31.250 0.000 710.938 445.312 -78.125 609.375 273.438 140.625 937.500
-359.375 718.750 -218.750 492.188 0.000 703.125 179.688 70.312 851.562 570.312 -148.438 976.562 1164.062 -343.750 2320.312
-476.562 687.500 -304.688 468.750 70.312 726.562 304.688 101.562 906.250 1343.750 0.000 726.562 -125.000 -1750.000 867.188
-554.688 406.250 -304.688 1093.750 -179.688 828.125 796.875 15.625 1023.438 671.875 -289.062 570.312 -62.500 492.188 320.312
-578.125 1140.625 -187.500 843.750 70.312 914.062 671.875 250.000 1000.000 734.375 -46.875 578.125 23.438 -54.688 1023.438
-578.125 1062.500 -320.312 695.312 -101.562 882.812 429.688 23.438 1039.062 648.438 -101.562 828.125 -187.500 382.812 734.375
-632.812 875.000 -250.000 640.625 -23.438 921.875 359.375 140.625 1000.000 570.312 -62.500 812.500 -312.500 304.688 664.062
-578.125 726.562 -351.562 359.375 78.125 921.875 195.312 242.188 976.562 609.375 117.188 796.875 -398.438 367.188 695.312
-554.688 546.875 -460.938 531.250 54.688 1023.438 382.812 234.375 1109.375 664.062 101.562 882.812 -273.438 375.000 898.438
-539.062 648.438 -445.312 882.812 -70.312 1101.562 695.312 132.812 1242.188 984.375 -78.125 937.500 -257.812 289.062 1023.438
-539.062 742.188 -507.812 984.375 -218.750 1070.312 773.438 -54.688 1304.688 976.562 -195.312 968.750 -234.375 242.188 1007.812
-609.375 562.500 -515.625 468.750 -296.875 929.688 242.188 0.000 906.250 203.125 -226.562 570.312 -664.062 -62.500 382.812
-632.812 421.875 -609.375 0.000 -445.312 1148.438 -171.875 -445.312 140.625 -117.188 0.000 453.125 -695.312 -117.188 257.812
-515.625 296.875 -671.875 46.875 640.625 1406.250 -601.562 718.750 750.000 -445.312 453.125 429.688 -992.188 -281.250 -312.500
-515.625 343.750 -750.000 -476.562 -15.625 445.312 671.875 31.250 1226.562 -289.062 546.875 531.250 -890.625 -406.250 -351.562
-218.750 1859.375 -664.062 335.938 148.438 296.875 -265.625 -93.750 109.375 789.062 -804.688 257.812 437.500 742.188 1132.812
-437.500 2437.500 -554.688 671.875 -148.438 468.750 265.625 -539.062 531.250 1195.312 -835.938 375.000 453.125 335.938 1187.500
-234.375 1890.625 -304.688 859.375 -609.375 1070.312 625.000 -414.062 1617.188 1390.625 -593.750 585.938 367.188 -437.500 875.000
-78.125 1210.938 -156.250 796.875 -328.125 1085.938 554.688 -210.938 1570.312 1273.438 -734.375 531.250 523.438 -617.188 968.750
78.125 882.812 117.188 -625.000 492.188 562.500 -687.500 179.688 523.438 179.688 -398.438 882.812 617.188 429.688 1156.250
125.000 335.938 273.438 -710.938 335.938 476.562 -718.750 250.000 585.938 289.062 -296.875 1000.000 523.438 476.562 1210.938
-320.312 257.812 7.812 -812.500 476.562 460.938 -656.250 -85.938 515.625 382.812 -476.562 843.750 757.812 171.875 1367.188
-507.812 453.125 -101.562 -742.188 312.500 523.438 -531.250 -62.500 484.375 531.250 -578.125 757.812 718.750 156.250 1281.250
-367.188 710.938 -179.688 179.688 515.625 1062.500 -109.375 31.250 1078.125 578.125 -453.125 617.188 562.500 117.188 875.000
-523.438 804.688 -257.812 335.938 492.188 1328.125 85.938 31.250 1210.938 750.000 -492.188 671.875 632.812 54.688 945.312
-617.188 1164.062 -312.500 500.000 578.125 1281.250 140.625 62.500 1375.000 945.312 -515.625 804.688 679.688 101.562 992.188
-562.500 1210.938 -273.438 421.875 671.875 1218.750 70.312 62.500 1375.000 953.125 -585.938 945.312 656.250 -62.500 945.312
-328.125 859.375 -140.625 -15.625 429.688 1031.250 -257.812 -46.875 1023.438 523.438 -414.062 750.000 414.062 210.938 890.625
-296.875 718.750 -70.312 -78.125 273.438 921.875 -296.875 -78.125 945.312 570.312 -750.000 859.375 226.562 117.188 781.250
78.125 609.375 78.125 -85.938 226.562 1039.062 -367.188 -117.188 843.750 390.625 -734.375 906.250 437.500 218.750 765.625
31.250 632.812 117.188 164.062 625.000 890.625 -500.000 203.125 1085.938 476.562 -531.250 929.688 578.125 343.750 875.000
-156.250 242.188 117.188 476.562 804.688 1320.312 273.438 218.750 2156.250 1179.688 -234.375 1671.875 726.562 460.938 1156.250
-250.000 414.062 54.688 -46.875 1242.188 835.938 148.438 445.312 1890.625 1101.562 -273.438 1585.938 523.438 335.938 1070.312
-460.938 1203.125 -273.438 -1195.312 1601.562 -70.312 -437.500 320.312 796.875 632.812 -39.062 1648.438 398.438 140.625 1210.938
-539.062 1437.500 -468.750 -671.875 1195.312 -195.312 -234.375 562.500 382.812 937.500 179.688 140.625 937.500 -179.688 1265.625
-750.000 1515.625 -1429.688 -429.688 -1070.312 476.562 -1195.312 -921.875 -320.312 -257.812 -1156.250 54.688 218.750 -320.312 929.688
-820.312 1101.562 -1070.312 -273.438 -937.500 710.938 -906.250 -843.750 101.562 -500.000 -968.750 78.125 62.500 -585.938 835.938
-539.062 460.938 -562.500 -906.250 -437.500 312.500 -640.625 85.938 437.500 -179.688 -406.250 125.000 203.125 -835.938 460.938
-390.625 984.375 -609.375 -179.688 -265.625 617.188 -335.938 54.688 500.000 101.562 -375.000 453.125 -226.562 93.750 156.250
-390.625 1031.250 -453.125 460.938 62.500 953.125 265.625 -101.562 1140.625 101.562 93.750 789.062 23.438 -179.688 648.438
-406.250 1031.250 -335.938 617.188 312.500 1226.562 382.812 312.500 1281.250 250.000 109.375 843.750 281.250 -132.812 734.375
-492.188 1078.125 -406.250 414.062 187.500 1109.375 187.500 257.812 1125.000 296.875 -62.500 773.438 273.438 -39.062 718.750
-687.500 804.688 117.188 -70.312 687.500 890.625 -15.625 343.750 906.250 101.562 -39.062 656.250 179.688 -164.062 726.562
515.625 414.062 -15.625 -140.625 1062.500 953.125 -218.750 476.562 671.875 226.562 62.500 625.000 242.188 -70.312 687.500
-539.062 664.062 -179.688 -46.875 476.562 953.125 -15.625 117.188 726.562 265.625 -429.688 632.812 226.562 7.812 726.562
-265.625 828.125 -210.938 437.500 281.250 1023.438 296.875 -265.625 1171.875 859.375 -539.062 1148.438 601.562 -85.938 1203.125
-500.000 929.688 -320.312 343.750 265.625 984.375 156.250 -7.812 1132.812 523.438 -296.875 1046.875 570.312 445.312 992.188
-531.250 546.875 -437.500 210.938 328.125 992.188 0.000 93.750 1085.938 437.500 -226.562 921.875 257.812 54.688 851.562
-546.875 601.562 -382.812 187.500 281.250 1000.000 -39.062 85.938 1093.750 406.250 -195.312 953.125 335.938 242.188 812.500
-507.812 820.312 -273.438 148.438 296.875 937.500 -85.938 70.312 1015.625 398.438 -296.875 960.938 359.375 101.562 1031.250
-468.750 804.688 -257.812 281.250 257.812 953.125 15.625 62.500 1015.625 429.688 -289.062 820.312 343.750 0.000 867.188
-460.938 765.625 -226.562 265.625 250.000 859.375 31.250 31.250 960.938 460.938 -304.688 796.875 421.875 7.812 906.250
-460.938 617.188 -265.625 210.938 265.625 851.562 7.812 39.062 929.688 437.500 -273.438 781.250 429.688 23.438 867.188
-468.750 664.062 -218.750 85.938 257.812 773.438 -78.125 46.875 867.188 382.812 -250.000 781.250 421.875 70.312 859.375
-476.562 765.625 -234.375 195.312 312.500 835.938 -7.812 125.000 898.438 421.875 -210.938 781.250 421.875 117.188 812.500
-460.938 820.312 -226.562 281.250 335.938 867.188 54.688 148.438 929.688 539.062 -140.625 765.625 437.500 54.688 781.250
-453.125 851.562 -226.562 312.500 343.750 867.188 39.062 70.312 968.750 390.625 -210.938 765.625 390.625 93.750 796.875
-453.125 835.938 -203.125 281.250 312.500 867.188 78.125 117.188 945.312 375.000 -250.000 796.875 421.875 148.438 765.625
-406.250 820.312 -203.125 304.688 273.438 898.438 93.750 54.688 976.562 460.938 -257.812 835.938 398.438 148.438 835.938
-421.875 789.062 -242.188 289.062 296.875 906.250 93.750 109.375 976.562 484.375 -226.562 820.312 398.438 164.062 812.500
-414.062 398.438 -156.250 31.250 375.000 835.938 117.188 101.562 992.188 500.000 -164.062 835.938 390.625 203.125 765.625
117.188 390.625 359.375 -23.438 296.875 718.750 210.938 109.375 1039.062 414.062 -218.750 882.812 445.312 -39.062 929.688
-179.688 1054.688 101.562 406.250 406.250 1085.938 7.812 375.000 1015.625 335.938 -140.625 812.500 328.125 140.625 804.688
-609.375 882.812 -234.375 171.875 320.312 945.312 54.688 164.062 1015.625 328.125 -203.125 781.250 257.812 -210.938 828.125
-578.125 859.375 -273.438 164.062 218.750 859.375 -31.250 23.438 929.688 351.562 -257.812 773.438 328.125 -218.750 828.125
-429.688 921.875 -257.812 164.062 62.500 757.812 -23.438 -117.188 882.812 367.188 -414.062 742.188 468.750 -234.375 968.750
