-257.812 1039.062 -70.312 -15.625 -218.750 976.562 125.000 -54.688 953.125 343.750 -617.188 632.812 359.375 -335.938 789.062
-281.250 1015.625 -62.500 7.812 -234.375 1000.000 140.625 -70.312 984.375 351.562 -632.812 617.188 359.375 -359.375 789.062
-281.250 1000.000 -62.500 0.000 -265.625 992.188 140.625 -85.938 1000.000 351.562 -617.188 625.000 351.562 -375.000 789.062
-289.062 984.375 -62.500 -15.625 -273.438 984.375 132.812 -93.750 984.375 375.000 -648.438 625.000 351.562 -375.000 796.875
-304.688 984.375 -54.688 -7.812 -328.125 960.938 125.000 -109.375 984.375 367.188 -640.625 625.000 398.438 -367.188 820.312
-289.062 953.125 -70.312 15.625 -312.500 992.188 101.562 -179.688 937.500 367.188 -656.250 632.812 398.438 -375.000 835.938
-289.062 929.688 -62.500 0.000 -296.875 976.562 78.125 -148.438 898.438 375.000 -671.875 625.000 414.062 -382.812 851.562
-289.062 921.875 -54.688 -23.438 -289.062 960.938 101.562 -117.188 914.062 367.188 -632.812 617.188 421.875 -375.000 851.562
-320.312 875.000 -93.750 -85.938 -242.188 890.625 85.938 -70.312 937.500 375.000 -601.562 632.812 406.250 -375.000 820.312
-312.500 820.312 -109.375 -101.562 -218.750 867.188 156.250 -31.250 968.750 359.375 -609.375 609.375 398.438 -328.125 796.875
-328.125 843.750 -117.188 -109.375 -210.938 875.000 164.062 -39.062 976.562 359.375 -585.938 632.812 390.625 -296.875 804.688
-328.125 859.375 -125.000 -117.188 -203.125 867.188 203.125 -23.438 1007.812 429.688 -578.125 703.125 398.438 -281.250 812.500
-312.500 859.375 -125.000 -70.312 -218.750 929.688 195.312 -7.812 1257.812 421.875 -640.625 867.188 406.250 -273.438 859.375
-289.062 898.438 -101.562 31.250 -281.250 1054.688 468.750 62.500 1390.625 500.000 -609.375 789.062 445.312 -289.062 937.500
-343.750 953.125 -101.562 -15.625 -218.750 1109.375 460.938 7.812 1367.188 593.750 -632.812 914.062 476.562 -320.312 984.375
-406.250 968.750 -125.000 7.812 -187.500 1101.562 375.000 -54.688 1328.125 718.750 -765.625 1039.062 507.812 -335.938 1015.625
-414.062 968.750 -203.125 -31.250 -195.312 1070.312 398.438 -101.562 1226.562 734.375 -812.500 835.938 539.062 -101.562 1187.500
-429.688 890.625 -328.125 -70.312 -234.375 1015.625 156.250 -117.188 1101.562 632.812 -757.812 953.125 570.312 -281.250 1117.188
-601.562 687.500 -515.625 -140.625 -148.438 851.562 39.062 -289.062 898.438 468.750 -781.250 789.062 421.875 -375.000 984.375
-710.938 601.562 -625.000 -281.250 -312.500 703.125 -242.188 -265.625 695.312 265.625 -820.312 523.438 343.750 -523.438 828.125
-578.125 648.438 -625.000 -281.250 -328.125 703.125 -54.688 -179.688 664.062 187.500 -648.438 500.000 250.000 -539.062 781.250
-328.125 742.188 -421.875 -296.875 -265.625 710.938 -234.375 7.812 703.125 46.875 -703.125 445.312 203.125 -398.438 718.750
-132.812 937.500 -195.312 -195.312 -132.812 781.250 -343.750 117.188 671.875 0.000 -656.250 468.750 164.062 -429.688 804.688
-117.188 1273.438 -164.062 -109.375 62.500 843.750 -335.938 210.938 703.125 -109.375 -492.188 546.875 -31.250 -382.812 593.750
-218.750 1265.625 -226.562 -54.688 117.188 898.438 -343.750 257.812 734.375 -117.188 -453.125 382.812 -117.188 -468.750 507.812
-476.562 1156.250 -437.500 117.188 140.625 1039.062 -273.438 210.938 757.812 -203.125 -437.500 460.938 -265.625 -617.188 359.375
-335.938 1328.125 -328.125 132.812 242.188 1007.812 -265.625 187.500 804.688 -281.250 -500.000 351.562 -187.500 -601.562 437.500
62.500 1375.000 15.625 132.812 210.938 960.938 -328.125 187.500 828.125 -250.000 -593.750 492.188 195.312 -437.500 851.562
31.250 1296.875 39.062 109.375 132.812 968.750 -250.000 171.875 804.688 -101.562 -679.688 695.312 265.625 -367.188 914.062
-195.312 875.000 -7.812 109.375 125.000 1062.500 -367.188 273.438 804.688 -7.812 -695.312 679.688 304.688 -382.812 960.938
-367.188 664.062 -15.625 -23.438 304.688 1078.125 -171.875 593.750 1046.875 78.125 -546.875 976.562 320.312 -210.938 984.375
-468.750 773.438 -23.438 -23.438 335.938 1039.062 -226.562 601.562 953.125 46.875 -617.188 921.875 281.250 -164.062 1039.062
-484.375 765.625 -101.562 -7.812 375.000 1046.875 -187.500 562.500 859.375 70.312 -484.375 796.875 234.375 -132.812 984.375
-492.188 875.000 -156.250 54.688 359.375 1023.438 -328.125 468.750 773.438 -31.250 -492.188 890.625 148.438 -125.000 890.625
-328.125 820.312 -85.938 85.938 289.062 960.938 -242.188 429.688 796.875 -179.688 -476.562 679.688 164.062 -148.438 843.750
-289.062 875.000 -85.938 78.125 281.250 906.250 -296.875 476.562 734.375 -132.812 -515.625 695.312 -31.250 -117.188 703.125
-210.938 882.812 -62.500 78.125 281.250 929.688 -242.188 398.438 710.938 -171.875 -531.250 640.625 0.000 -140.625 750.000
-78.125 882.812 -15.625 101.562 203.125 875.000 -335.938 265.625 679.688 -210.938 -460.938 632.812 164.062 -140.625 867.188
148.438 765.625 195.312 132.812 218.750 882.812 -304.688 429.688 726.562 23.438 -492.188 804.688 289.062 -210.938 929.688
140.625 914.062 281.250 -23.438 484.375 937.500 -343.750 601.562 765.625 -31.250 -546.875 726.562 398.438 -203.125 960.938
-101.562 976.562 140.625 -140.625 562.500 929.688 -312.500 710.938 757.812 15.625 -390.625 960.938 414.062 -203.125 960.938
-351.562 1007.812 -78.125 -296.875 656.250 898.438 -429.688 601.562 640.625 93.750 -406.250 945.312 414.062 -132.812 929.688
-382.812 984.375 -429.688 23.438 343.750 1078.125 -640.625 179.688 437.500 -289.062 -476.562 421.875 359.375 -148.438 835.938
-375.000 906.250 -562.500 -609.375 140.625 171.875 -429.688 -46.875 312.500 -210.938 -453.125 570.312 179.688 -296.875 718.750
-570.312 1265.625 -656.250 -328.125 -62.500 460.938 -593.750 -39.062 343.750 -296.875 -585.938 242.188 242.188 -578.125 734.375
-726.562 953.125 -914.062 46.875 -140.625 453.125 -93.750 -265.625 257.812 -140.625 -515.625 398.438 132.812 -664.062 710.938
-859.375 257.812 -898.438 562.500 -265.625 835.938 531.250 -289.062 960.938 625.000 -687.500 460.938 187.500 -789.062 726.562
-890.625 125.000 -765.625 406.250 -250.000 851.562 664.062 -109.375 1296.875 234.375 -429.688 234.375 117.188 -382.812 828.125
-906.250 140.625 -750.000 375.000 -234.375 945.312 453.125 -101.562 1429.688 554.688 -179.688 1031.250 296.875 -554.688 890.625
-812.500 250.000 -515.625 382.812 31.250 1367.188 593.750 -101.562 1390.625 937.500 -273.438 1015.625 476.562 -140.625 1125.000
-648.438 328.125 -398.438 210.938 -85.938 1343.750 132.812 156.250 1351.562 265.625 -312.500 1039.062 93.750 437.500 796.875
-734.375 484.375 -562.500 148.438 -7.812 1203.125 296.875 273.438 1234.375 414.062 -328.125 1257.812 117.188 46.875 804.688
-812.500 546.875 -640.625 250.000 -15.625 1203.125 148.438 156.250 1195.312 265.625 -507.812 859.375 164.062 -54.688 820.312
-554.688 570.312 -562.500 789.062 -406.250 1125.000 593.750 -281.250 1406.250 601.562 -625.000 851.562 445.312 -312.500 1117.188
-570.312 546.875 -617.188 789.062 -429.688 1164.062 476.562 -257.812 1296.875 570.312 -726.562 734.375 375.000 -359.375 1093.750
-718.750 500.000 -718.750 750.000 -453.125 1125.000 554.688 -304.688 1281.250 640.625 -789.062 828.125 304.688 -312.500 945.312
-718.750 429.688 -781.250 671.875 -406.250 1023.438 531.250 -273.438 1210.938 585.938 -640.625 703.125 351.562 -304.688 929.688
-632.812 437.500 -710.938 -15.625 -210.938 953.125 -242.188 -54.688 804.688 515.625 -554.688 742.188 273.438 -39.062 851.562
-562.500 523.438 -671.875 -117.188 -234.375 750.000 -273.438 -187.500 750.000 359.375 -359.375 648.438 218.750 -132.812 859.375
-398.438 710.938 -609.375 -7.812 -414.062 601.562 -210.938 -367.188 710.938 343.750 -445.312 726.562 156.250 -265.625 828.125
-367.188 898.438 -625.000 54.688 -335.938 554.688 -390.625 -265.625 531.250 281.250 -710.938 226.562 195.312 -359.375 828.125
273.438 1554.688 62.500 234.375 -46.875 828.125 -62.500 -101.562 710.938 390.625 -656.250 187.500 359.375 -500.000 742.188
-78.125 1640.625 -265.625 195.312 -554.688 625.000 -46.875 -164.062 695.312 421.875 -632.812 195.312 398.438 -445.312 742.188
-23.438 1015.625 132.812 156.250 453.125 757.812 -187.500 78.125 460.938 515.625 -507.812 296.875 632.812 -429.688 742.188
-62.500 1171.875 132.812 -187.500 421.875 789.062 -125.000 -148.438 539.062 460.938 -515.625 187.500 679.688 -62.500 742.188
-664.062 546.875 -250.000 0.000 281.250 992.188 46.875 93.750 1257.812 890.625 -375.000 843.750 875.000 -62.500 953.125
-742.188 546.875 -312.500 39.062 109.375 1078.125 62.500 101.562 1109.375 617.188 -468.750 617.188 804.688 -70.312 1039.062
-546.875 773.438 -273.438 15.625 140.625 1039.062 23.438 -70.312 1093.750 789.062 -593.750 718.750 578.125 -109.375 820.312
-484.375 898.438 -265.625 289.062 7.812 1164.062 70.312 -7.812 1156.250 601.562 -500.000 664.062 492.188 -125.000 851.562
-562.500 859.375 -304.688 156.250 203.125 1125.000 -46.875 70.312 1015.625 695.312 -609.375 742.188 531.250 -109.375 851.562
-554.688 796.875 -289.062 117.188 140.625 1054.688 -109.375 7.812 976.562 484.375 -468.750 648.438 468.750 -54.688 804.688
-476.562 671.875 -203.125 -70.312 62.500 921.875 -210.938 -46.875 882.812 500.000 -554.688 671.875 429.688 -70.312 804.688
-421.875 632.812 -132.812 -125.000 31.250 835.938 -242.188 -54.688 820.312 398.438 -492.188 554.688 359.375 -125.000 750.000
-492.188 648.438 -171.875 -31.250 23.438 859.375 -148.438 -46.875 867.188 375.000 -523.438 554.688 375.000 -125.000 773.438
-484.375 625.000 -179.688 -23.438 54.688 882.812 -117.188 -15.625 882.812 507.812 -500.000 562.500 406.250 -148.438 773.438
-562.500 734.375 -218.750 70.312 46.875 929.688 -31.250 -39.062 953.125 476.562 -531.250 546.875 445.312 -140.625 789.062
-562.500 781.250 -273.438 125.000 85.938 976.562 7.812 -31.250 984.375 546.875 -515.625 570.312 468.750 -148.438 773.438
-570.312 828.125 -265.625 164.062 78.125 976.562 -15.625 -46.875 992.188 554.688 -515.625 562.500 500.000 -140.625 804.688
-507.812 789.062 -281.250 132.812 70.312 984.375 0.000 -62.500 968.750 546.875 -539.062 570.312 476.562 -140.625 804.688
-484.375 804.688 -265.625 101.562 54.688 960.938 -54.688 -85.938 960.938 570.312 -531.250 570.312 460.938 -148.438 796.875
-421.875 820.312 -203.125 78.125 -70.312 921.875 -62.500 -210.938 890.625 515.625 -562.500 554.688 421.875 -203.125 812.500
-187.500 906.250 -70.312 54.688 -148.438 882.812 -140.625 -257.812 851.562 484.375 -609.375 523.438 382.812 -234.375 812.500
-195.312 914.062 -54.688 109.375 -226.562 875.000 -125.000 -218.750 882.812 437.500 -632.812 492.188 375.000 -250.000 789.062
-273.438 929.688 -93.750 54.688 -171.875 882.812 -78.125 -156.250 867.188 429.688 -640.625 492.188 382.812 -257.812 789.062
-273.438 953.125 -70.312 132.812 -132.812 1000.000 -23.438 23.438 953.125 460.938 -617.188 515.625 476.562 -148.438 757.812
-429.688 921.875 -164.062 125.000 31.250 1062.500 15.625 31.250 1015.625 515.625 -531.250 562.500 500.000 -125.000 789.062
-484.375 929.688 -210.938 140.625 85.938 1062.500 62.500 -54.688 984.375 585.938 -539.062 601.562 523.438 -148.438 789.062
-398.438 828.125 -171.875 93.750 0.000 1039.062 54.688 -78.125 1007.812 570.312 -476.562 593.750 515.625 -164.062 773.438
-421.875 890.625 -210.938 70.312 -78.125 984.375 31.250 -117.188 960.938 593.750 -492.188 593.750 492.188 -203.125 781.250
-257.812 906.250 -117.188 93.750 -210.938 921.875 -23.438 -265.625 890.625 562.500 -484.375 593.750 421.875 -273.438 789.062
-179.688 914.062 -117.188 93.750 -281.250 875.000 -23.438 -234.375 875.000 460.938 -546.875 492.188 414.062 -289.062 765.625
-585.938 898.438 -437.500 39.062 -218.750 914.062 -23.438 -195.312 875.000 453.125 -554.688 468.750 398.438 -375.000 726.562
-593.750 843.750 -468.750 70.312 -203.125 898.438 78.125 -226.562 875.000 468.750 -539.062 468.750 398.438 -375.000 726.562
-570.312 835.938 -437.500 54.688 -226.562 890.625 109.375 -179.688 914.062 492.188 -578.125 476.562 460.938 -351.562 742.188
-578.125 851.562 -421.875 54.688 -226.562 890.625 125.000 -179.688 906.250 585.938 -585.938 507.812 484.375 -359.375 742.188
-539.062 851.562 -375.000 31.250 -210.938 867.188 117.188 -195.312 960.938 570.312 -585.938 507.812 523.438 -367.188 773.438
-523.438 851.562 -343.750 23.438 -265.625 828.125 179.688 -257.812 984.375 585.938 -578.125 507.812 531.250 -359.375 781.250
-507.812 820.312 -320.312 54.688 -304.688 851.562 218.750 -171.875 984.375 585.938 -507.812 515.625 570.312 -335.938 781.250
