-281.250 703.125 -515.625 -23.438 250.000 1078.125 -54.688 140.625 1007.812 179.688 -304.688 921.875 242.188 -46.875 1000.000
-328.125 765.625 -562.500 -125.000 328.125 968.750 -15.625 242.188 984.375 195.312 -187.500 914.062 265.625 31.250 929.688
-351.562 796.875 -632.812 -125.000 398.438 937.500 -7.812 250.000 976.562 218.750 -171.875 921.875 242.188 46.875 898.438
-351.562 789.062 -632.812 -132.812 398.438 929.688 7.812 242.188 992.188 210.938 -179.688 929.688 242.188 15.625 906.250
-312.500 757.812 -625.000 -132.812 468.750 945.312 39.062 250.000 1000.000 210.938 -179.688 921.875 226.562 15.625 921.875
-312.500 828.125 -593.750 -93.750 437.500 726.562 46.875 398.438 1117.188 218.750 -242.188 906.250 242.188 7.812 953.125
-312.500 828.125 -593.750 -93.750 437.500 726.562 46.875 398.438 1117.188 218.750 -242.188 906.250 242.188 7.812 953.125
-312.500 687.500 -632.812 -15.625 78.125 1101.562 23.438 -78.125 789.062 210.938 -187.500 921.875 210.938 -39.062 890.625
-312.500 687.500 -632.812 -15.625 78.125 1101.562 23.438 -78.125 789.062 210.938 -187.500 921.875 210.938 -39.062 890.625
-312.500 687.500 -632.812 -15.625 78.125 1101.562 23.438 -78.125 789.062 210.938 -187.500 921.875 210.938 -39.062 890.625
-328.125 648.438 -625.000 117.188 320.312 1007.812 109.375 210.938 1000.000 257.812 -218.750 898.438 250.000 -23.438 906.250
-328.125 648.438 -617.188 101.562 320.312 1007.812 109.375 210.938 1007.812 273.438 -218.750 898.438 281.250 -31.250 929.688
-304.688 703.125 -593.750 117.188 281.250 968.750 140.625 210.938 1000.000 320.312 -210.938 929.688 320.312 -7.812 953.125
-328.125 742.188 -593.750 101.562 296.875 976.562 140.625 187.500 1000.000 328.125 -226.562 929.688 304.688 0.000 945.312
-343.750 757.812 -585.938 85.938 320.312 960.938 132.812 187.500 992.188 304.688 -203.125 929.688 296.875 -15.625 937.500
-335.938 750.000 -578.125 78.125 296.875 921.875 132.812 179.688 976.562 312.500 -203.125 921.875 281.250 -23.438 937.500
-335.938 773.438 -546.875 93.750 273.438 906.250 93.750 195.312 960.938 281.250 -210.938 890.625 273.438 7.812 906.250
-335.938 750.000 -546.875 78.125 304.688 929.688 101.562 210.938 937.500 281.250 -179.688 875.000 265.625 7.812 882.812
-335.938 750.000 -546.875 78.125 304.688 929.688 101.562 210.938 937.500 281.250 -179.688 875.000 265.625 7.812 882.812
-304.688 640.625 -578.125 93.750 328.125 929.688 117.188 257.812 937.500 273.438 -148.438 851.562 257.812 23.438 851.562
-320.312 679.688 -570.312 85.938 312.500 890.625 125.000 242.188 921.875 312.500 -148.438 882.812 312.500 54.688 875.000
-328.125 710.938 -593.750 70.312 320.312 875.000 132.812 242.188 914.062 328.125 -156.250 882.812 328.125 54.688 906.250
-351.562 750.000 -609.375 93.750 320.312 875.000 156.250 234.375 921.875 335.938 -148.438 882.812 328.125 54.688 898.438
-351.562 734.375 -617.188 109.375 320.312 882.812 156.250 242.188 929.688 335.938 -148.438 882.812 320.312 54.688 898.438
-335.938 679.688 -593.750 171.875 289.062 960.938 210.938 226.562 992.188 343.750 -187.500 890.625 312.500 7.812 906.250
-304.688 617.188 -625.000 218.750 281.250 976.562 210.938 195.312 1015.625 367.188 -234.375 890.625 320.312 -31.250 929.688
-320.312 671.875 -648.438 273.438 265.625 1039.062 265.625 171.875 1062.500 406.250 -250.000 914.062 367.188 -15.625 953.125
-320.312 671.875 -648.438 273.438 265.625 1039.062 265.625 171.875 1062.500 406.250 -250.000 914.062 367.188 -15.625 953.125
-296.875 781.250 -601.562 273.438 335.938 1085.938 265.625 250.000 1093.750 406.250 -234.375 937.500 367.188 -7.812 960.938
-281.250 671.875 -703.125 289.062 359.375 1085.938 250.000 242.188 1070.312 414.062 -226.562 914.062 335.938 0.000 929.688
-335.938 523.438 -750.000 335.938 312.500 1148.438 218.750 210.938 1070.312 414.062 -312.500 898.438 328.125 -101.562 921.875
-664.062 382.812 -1039.062 421.875 242.188 1320.312 250.000 70.312 1242.188 453.125 -414.062 1085.938 226.562 -226.562 968.750
-656.250 429.688 -1023.438 390.625 171.875 1281.250 226.562 46.875 1265.625 468.750 -398.438 1132.812 242.188 -257.812 1007.812
-367.188 687.500 -843.750 351.562 257.812 1281.250 179.688 382.812 1164.062 453.125 -242.188 1085.938 351.562 -187.500 1062.500
-218.750 796.875 -671.875 367.188 226.562 1328.125 101.562 265.625 976.562 312.500 -132.812 960.938 359.375 -109.375 1062.500
-156.250 804.688 -562.500 46.875 312.500 664.062 -62.500 429.688 812.500 70.312 -132.812 664.062 296.875 203.125 851.562
-156.250 804.688 -562.500 46.875 312.500 664.062 -62.500 429.688 812.500 70.312 -132.812 664.062 296.875 203.125 851.562
-242.188 804.688 -656.250 -617.188 414.062 54.688 -195.312 -296.875 570.312 125.000 -367.188 734.375 296.875 -46.875 914.062
-39.062 1031.250 -460.938 -906.250 101.562 101.562 -70.312 -125.000 726.562 203.125 -273.438 859.375 312.500 15.625 992.188
39.062 664.062 -453.125 -679.688 23.438 398.438 7.812 85.938 1031.250 46.875 -46.875 875.000 109.375 390.625 695.312
-398.438 531.250 -656.250 -656.250 70.312 500.000 -218.750 -171.875 757.812 54.688 -312.500 742.188 125.000 46.875 804.688
-273.438 656.250 -625.000 -539.062 171.875 640.625 -62.500 62.500 906.250 125.000 -250.000 828.125 93.750 -171.875 890.625
-210.938 781.250 -632.812 -617.188 273.438 664.062 15.625 -117.188 976.562 148.438 -312.500 914.062 140.625 -39.062 937.500
-289.062 757.812 -656.250 -539.062 265.625 742.188 -39.062 -15.625 984.375 125.000 -328.125 906.250 148.438 -54.688 960.938
-281.250 695.312 -632.812 -484.375 335.938 804.688 -62.500 0.000 968.750 117.188 -312.500 882.812 148.438 -46.875 953.125
-281.250 695.312 -632.812 -484.375 335.938 804.688 -62.500 0.000 968.750 117.188 -312.500 882.812 148.438 -46.875 953.125
-265.625 718.750 -625.000 -460.938 398.438 804.688 -70.312 85.938 953.125 125.000 -296.875 921.875 265.625 7.812 1132.812
-117.188 734.375 -546.875 -460.938 195.312 765.625 -54.688 -85.938 937.500 93.750 -445.312 890.625 476.562 109.375 1500.000
-46.875 765.625 -515.625 -445.312 140.625 757.812 -70.312 -156.250 906.250 93.750 -390.625 812.500 507.812 242.188 1554.688
-85.938 835.938 -460.938 -453.125 101.562 710.938 -109.375 -156.250 828.125 85.938 -70.312 421.875 507.812 1476.562 1429.688
-39.062 984.375 -429.688 -492.188 257.812 687.500 -132.812 -23.438 742.188 148.438 -664.062 882.812 226.562 226.562 882.812
-226.562 1414.062 -359.375 -531.250 632.812 523.438 -250.000 -335.938 445.312 195.312 117.188 625.000 -15.625 -445.312 679.688
-109.375 1179.688 -656.250 -226.562 914.062 531.250 -93.750 648.438 539.062 187.500 -273.438 859.375 -117.188 -1492.188 804.688
-187.500 921.875 -710.938 -429.688 632.812 492.188 85.938 242.188 914.062 375.000 -125.000 1031.250 -570.312 -382.812 484.375
-187.500 921.875 -710.938 -429.688 632.812 492.188 85.938 242.188 914.062 375.000 -125.000 1031.250 -570.312 -382.812 484.375
-218.750 953.125 -734.375 101.562 218.750 664.062 156.250 250.000 828.125 562.500 23.438 992.188 -335.938 -171.875 906.250
-296.875 781.250 -867.188 257.812 273.438 773.438 492.188 390.625 1218.750 476.562 -85.938 1125.000 -304.688 -140.625 859.375
-429.688 648.438 -773.438 656.250 125.000 1187.500 351.562 398.438 1179.688 398.438 -39.062 992.188 -421.875 -31.250 718.750
-335.938 -39.062 -820.312 789.062 195.312 1289.062 406.250 304.688 1148.438 382.812 -125.000 921.875 -453.125 -140.625 726.562
-320.312 164.062 -812.500 460.938 312.500 1351.562 515.625 164.062 1148.438 351.562 -179.688 937.500 -445.312 -132.812 828.125
-359.375 257.812 -867.188 484.375 132.812 1179.688 437.500 164.062 1156.250 390.625 -179.688 960.938 -421.875 -109.375 835.938
-421.875 406.250 -796.875 375.000 132.812 1093.750 429.688 140.625 1093.750 406.250 -101.562 953.125 -460.938 -46.875 820.312
-421.875 406.250 -796.875 375.000 132.812 1093.750 429.688 140.625 1093.750 406.250 -101.562 953.125 -460.938 -46.875 820.312
-312.500 687.500 -671.875 93.750 242.188 859.375 179.688 187.500 828.125 156.250 -62.500 750.000 -484.375 -101.562 570.312
-312.500 523.438 -679.688 187.500 7.812 789.062 335.938 93.750 953.125 390.625 -31.250 914.062 -375.000 85.938 695.312
-390.625 554.688 -703.125 406.250 85.938 1054.688 648.438 171.875 1250.000 726.562 -15.625 1203.125 -273.438 210.938 1062.500
-351.562 812.500 -710.938 515.625 2015.625 101.562 1218.750 1406.250 1703.125 726.562 85.938 1242.188 -281.250 203.125 1132.812
-445.312 695.312 -898.438 406.250 375.000 1148.438 296.875 -351.562 1250.000 1007.812 -93.750 1421.875 -437.500 546.875 976.562
-562.500 648.438 -882.812 507.812 -125.000 1210.938 101.562 -617.188 789.062 539.062 -85.938 1109.375 -312.500 156.250 1070.312
-390.625 132.812 -796.875 -109.375 -15.625 726.562 421.875 -960.938 195.312 -125.000 -101.562 750.000 -265.625 -296.875 398.438
-343.750 320.312 -812.500 -359.375 210.938 203.125 -23.438 -62.500 421.875 687.500 273.438 1921.875 -437.500 328.125 539.062
31.250 796.875 -562.500 -484.375 382.812 -39.062 343.750 31.250 250.000 484.375 -367.188 875.000 -734.375 -164.062 921.875
31.250 796.875 -562.500 -484.375 382.812 -39.062 343.750 31.250 250.000 484.375 -367.188 875.000 -734.375 -164.062 921.875
23.438 929.688 -867.188 453.125 1585.938 1539.062 -476.562 531.250 421.875 -226.562 -453.125 531.250 -851.562 -406.250 1023.438
-554.688 1062.500 -1007.812 421.875 453.125 1140.625 -523.438 695.312 289.062 -640.625 -156.250 70.312 -781.250 -421.875 937.500
78.125 1156.250 -695.312 437.500 1031.250 1187.500 -507.812 796.875 585.938 -1390.625 492.188 -328.125 -898.438 -203.125 632.812
62.500 1140.625 -765.625 484.375 851.562 1132.812 -468.750 859.375 468.750 -1117.188 304.688 -171.875 -796.875 -101.562 414.062
7.812 921.875 -648.438 203.125 492.188 695.312 -359.375 578.125 640.625 -671.875 179.688 625.000 -828.125 -70.312 242.188
-15.625 695.312 -554.688 46.875 421.875 585.938 -242.188 421.875 726.562 -734.375 93.750 523.438 -789.062 -187.500 359.375
62.500 593.750 -539.062 39.062 375.000 640.625 -421.875 312.500 570.312 -539.062 -257.812 539.062 -625.000 -359.375 578.125
-132.812 656.250 -500.000 70.312 312.500 710.938 -257.812 351.562 828.125 -406.250 -132.812 1031.250 -648.438 -203.125 734.375
-132.812 656.250 -500.000 70.312 312.500 710.938 -257.812 351.562 828.125 -406.250 -132.812 1031.250 -648.438 -203.125 734.375
-343.750 453.125 -648.438 226.562 375.000 843.750 -203.125 484.375 1023.438 -539.062 -109.375 984.375 -750.000 -187.500 804.688
-320.312 625.000 -750.000 117.188 640.625 773.438 -351.562 531.250 828.125 -656.250 -156.250 945.312 -828.125 -257.812 929.688
-250.000 632.812 -742.188 210.938 601.562 851.562 -476.562 453.125 710.938 -664.062 -132.812 835.938 -804.688 -242.188 859.375
-148.438 695.312 -726.562 218.750 546.875 843.750 -453.125 554.688 671.875 -726.562 -78.125 609.375 -757.812 -257.812 601.562
-117.188 781.250 -703.125 257.812 539.062 867.188 -460.938 617.188 625.000 -781.250 -31.250 500.000 -734.375 -250.000 554.688
0.000 976.562 -632.812 351.562 500.000 890.625 -414.062 679.688 578.125 -750.000 85.938 429.688 -640.625 -140.625 476.562
-7.812 1078.125 -593.750 351.562 437.500 898.438 -359.375 640.625 656.250 -632.812 101.562 609.375 -726.562 -195.312 328.125
-62.500 1046.875 -546.875 507.812 296.875 1000.000 -343.750 554.688 843.750 -718.750 -23.438 640.625 -757.812 -250.000 640.625
-62.500 1046.875 -546.875 507.812 296.875 1000.000 -343.750 554.688 843.750 -718.750 -23.438 640.625 -757.812 -250.000 640.625
-23.438 1320.312 -531.250 507.812 171.875 953.125 -382.812 406.250 804.688 -695.312 -187.500 609.375 -789.062 -437.500 851.562
367.188 1078.125 -554.688 1273.438 117.188 1257.812 -320.312 468.750 742.188 -468.750 -226.562 289.062 -742.188 -671.875 882.812
-85.938 585.938 -484.375 687.500 273.438 1078.125 7.812 54.688 695.312 39.062 -578.125 375.000 -617.188 -757.812 617.188
-187.500 1039.062 -445.312 664.062 476.562 1062.500 109.375 -109.375 679.688 226.562 -820.312 726.562 -703.125 -640.625 460.938
-62.500 976.562 -500.000 398.438 273.438 1023.438 0.000 -132.812 679.688 445.312 -726.562 1468.750 -921.875 -242.188 234.375
-312.500 554.688 -453.125 -125.000 -617.188 851.562 351.562 -523.438 890.625 179.688 -117.188 1273.438 -664.062 -171.875 828.125
-359.375 367.188 -492.188 210.938 93.750 742.188 468.750 109.375 1367.188 281.250 -421.875 1312.500 -789.062 -85.938 703.125
-445.312 140.625 -578.125 507.812 -39.062 1046.875 273.438 -15.625 1218.750 23.438 -210.938 1093.750 -742.188 -273.438 671.875
-445.312 140.625 -578.125 507.812 -39.062 1046.875 273.438 -15.625 1218.750 23.438 -210.938 1093.750 -742.188 -273.438 671.875
-500.000 289.062 -601.562 429.688 -93.750 937.500 203.125 -101.562 1093.750 -164.062 -625.000 875.000 -687.500 -375.000 414.062
-367.188 273.438 -492.188 265.625 -78.125 859.375 54.688 7.812 929.688 -132.812 -140.625 664.062 -703.125 -218.750 0.000
-312.500 265.625 -429.688 156.250 31.250 828.125 -39.062 62.500 820.312 -320.312 -304.688 554.688 -750.000 -250.000 -132.812
-273.438 429.688 -421.875 -7.812 7.812 687.500 -234.375 125.000 695.312 -273.438 -23.438 500.000 -585.938 -289.062 -70.312
-203.125 445.312 -445.312 164.062 93.750 703.125 85.938 140.625 789.062 46.875 -46.875 773.438 -296.875 15.625 289.062
-437.500 570.312 -585.938 617.188 265.625 1203.125 546.875 335.938 1296.875 546.875 187.500 1156.250 -62.500 156.250 671.875
-554.688 710.938 -656.250 679.688 507.812 1398.438 500.000 250.000 1484.375 523.438 -39.062 1265.625 54.688 210.938 906.250
-554.688 710.938 -656.250 679.688 507.812 1398.438 500.000 250.000 1484.375 523.438 -39.062 1265.625 54.688 210.938 906.250
-234.375 867.188 -398.438 476.562 15.625 1398.438 429.688 -179.688 2414.062 117.188 -593.750 1156.250 -164.062 -156.250 1468.750
39.062 210.938 -179.688 101.562 390.625 929.688 -148.438 367.188 460.938 335.938 -195.312 1125.000 -375.000 -46.875 671.875
23.438 179.688 -289.062 -101.562 421.875 585.938 -296.875 -15.625 210.938 -31.250 0.000 765.625 -281.250 -179.688 617.188
-531.250 335.938 -1273.438 -492.188 -46.875 -523.438 -320.312 -140.625 -54.688 234.375 -429.688 414.062 -242.188 -289.062 828.125
-523.438 625.000 -1187.500 -273.438 -679.688 109.375 -390.625 -273.438 554.688 54.688 -734.375 453.125 54.688 -679.688 1406.250
-257.812 460.938 -882.812 687.500 93.750 1679.688 218.750 265.625 1351.562 -187.500 -398.438 640.625 -148.438 -445.312 828.125
-289.062 273.438 -890.625 632.812 179.688 1687.500 132.812 601.562 1351.562 195.312 -554.688 859.375 -257.812 -406.250 671.875
-382.812 1625.000 -960.938 -62.500 351.562 1148.438 -335.938 382.812 968.750 242.188 -546.875 1062.500 23.438 -242.188 1101.562
-125.000 570.312 -804.688 -148.438 414.062 1015.625 -351.562 476.562 773.438 -125.000 -218.750 601.562 296.875 -7.812 1046.875
-125.000 570.312 -804.688 -148.438 414.062 1015.625 -351.562 476.562 773.438 -125.000 -218.750 601.562 296.875 -7.812 1046.875
-164.062 593.750 -875.000 -351.562 632.812 968.750 -429.688 867.188 453.125 -156.250 -203.125 437.500 265.625 -54.688 929.688
-117.188 664.062 -703.125 -273.438 453.125 796.875 -531.250 437.500 570.312 242.188 -179.688 867.188 179.688 46.875 820.312
-226.562 515.625 -812.500 -398.438 257.812 625.000 -625.000 156.250 781.250 531.250 -421.875 1226.562 343.750 226.562 1054.688
-218.750 578.125 -859.375 -335.938 171.875 617.188 -554.688 93.750 750.000 265.625 -539.062 984.375 617.188 125.000 1437.500
-140.625 578.125 -843.750 -281.250 242.188 679.688 -523.438 117.188 679.688 117.188 -531.250 812.500 539.062 70.312 1343.750
-54.688 640.625 -859.375 -593.750 156.250 515.625 -609.375 31.250 523.438 93.750 -453.125 687.500 250.000 -101.562 960.938
-31.250 828.125 -687.500 -390.625 210.938 695.312 -398.438 210.938 687.500 78.125 -234.375 742.188 140.625 23.438 773.438
-171.875 617.188 -835.938 -265.625 296.875 1000.000 -203.125 328.125 1101.562 335.938 -265.625 1000.000 273.438 46.875 859.375
-171.875 617.188 -835.938 -265.625 296.875 1000.000 -203.125 328.125 1101.562 335.938 -265.625 1000.000 273.438 46.875 859.375
-187.500 578.125 -929.688 -218.750 195.312 1101.562 -234.375 203.125 1187.500 476.562 -445.312 1085.938 500.000 31.250 1101.562
-125.000 523.438 -843.750 -187.500 101.562 1078.125 -257.812 164.062 1117.188 414.062 -468.750 976.562 515.625 15.625 1101.562
-117.188 585.938 -828.125 -250.000 117.188 1007.812 -296.875 164.062 1031.250 414.062 -453.125 937.500 484.375 -7.812 1062.500
-187.500 703.125 -867.188 -242.188 132.812 953.125 -304.688 156.250 968.750 398.438 -468.750 875.000 492.188 -62.500 1015.625
-171.875 718.750 -890.625 -125.000 148.438 1117.188 -203.125 203.125 1031.250 375.000 -500.000 828.125 437.500 -117.188 1007.812
-179.688 835.938 -875.000 -101.562 171.875 1203.125 -171.875 281.250 1054.688 375.000 -468.750 687.500 460.938 -218.750 945.312
-203.125 914.062 -906.250 -164.062 742.188 1617.188 -671.875 726.562 453.125 296.875 -562.500 351.562 562.500 -335.938 953.125
31.250 812.500 -601.562 -320.312 718.750 1507.812 539.062 601.562 210.938 445.312 -492.188 406.250 281.250 -132.812 765.625
31.250 812.500 -601.562 -320.312 718.750 1507.812 539.062 601.562 210.938 445.312 -492.188 406.250 281.250 -132.812 765.625
171.875 804.688 -554.688 375.000 -539.062 1804.688 -609.375 562.500 312.500 390.625 -320.312 492.188 328.125 15.625 718.750
-195.312 593.750 -757.812 -609.375 -484.375 203.125 312.500 304.688 1453.125 445.312 -109.375 765.625 171.875 -39.062 601.562
-132.812 546.875 -554.688 -406.250 -296.875 914.062 625.000 -296.875 1289.062 554.688 -93.750 914.062 320.312 -23.438 687.500
-203.125 578.125 -585.938 -382.812 -406.250 820.312 351.562 148.438 1007.812 695.312 -117.188 718.750 156.250 -109.375 640.625
-375.000 515.625 -773.438 -664.062 242.188 414.062 726.562 -304.688 835.938 570.312 -289.062 539.062 460.938 -398.438 695.312
-335.938 492.188 -843.750 -773.438 156.250 429.688 554.688 -476.562 1085.938 710.938 -562.500 789.062 453.125 210.938 789.062
-367.188 390.625 -757.812 -453.125 -195.312 750.000 359.375 -500.000 976.562 906.250 -492.188 867.188 773.438 171.875 1078.125
-382.812 250.000 -921.875 -414.062 -210.938 781.250 523.438 -367.188 796.875 851.562 -468.750 570.312 726.562 -109.375 968.750
-382.812 250.000 -921.875 -414.062 -210.938 781.250 523.438 -367.188 796.875 851.562 -468.750 570.312 726.562 -109.375 968.750
-375.000 398.438 -945.312 -406.250 -85.938 851.562 414.062 -367.188 710.938 796.875 -375.000 468.750 601.562 -132.812 843.750
-554.688 398.438 -1007.812 -367.188 -140.625 726.562 468.750 -445.312 742.188 796.875 -460.938 562.500 601.562 -7.812 859.375
-679.688 250.000 -1171.875 -335.938 -171.875 656.250 437.500 -617.188 679.688 820.312 -531.250 539.062 687.500 -117.188 960.938
-539.062 39.062 -1242.188 -289.062 -421.875 539.062 640.625 -671.875 718.750 1062.500 -523.438 656.250 859.375 -101.562 1101.562
70.312 1195.312 -828.125 -117.188 257.812 476.562 617.188 -312.500 578.125 1039.062 -265.625 562.500 906.250 85.938 1070.312
-15.625 1828.125 -507.812 23.438 515.625 585.938 625.000 -156.250 687.500 750.000 -187.500 609.375 570.312 62.500 820.312
-15.625 1828.125 -507.812 23.438 515.625 585.938 625.000 -156.250 687.500 750.000 -187.500 609.375 570.312 62.500 820.312
718.750 882.812 -39.062 968.750 898.438 1781.250 1031.250 62.500 1320.312 781.250 -93.750 781.250 421.875 132.812 656.250
718.750 882.812 -39.062 968.750 898.438 1781.250 1031.250 62.500 1320.312 781.250 -93.750 781.250 421.875 132.812 656.250
-1156.250 367.188 -679.688 62.500 156.250 1000.000 484.375 203.125 921.875 554.688 70.312 609.375 304.688 210.938 554.688
-476.562 523.438 -570.312 -15.625 453.125 828.125 398.438 93.750 765.625 601.562 -70.312 601.562 437.500 171.875 734.375
-492.188 484.375 -632.812 203.125 296.875 945.312 421.875 -78.125 796.875 664.062 -62.500 656.250 445.312 179.688 765.625
-554.688 625.000 -656.250 273.438 546.875 992.188 570.312 39.062 812.500 632.812 -85.938 648.438 359.375 156.250 726.562
-453.125 664.062 -609.375 320.312 468.750 890.625 554.688 -7.812 804.688 625.000 -132.812 640.625 375.000 125.000 796.875
-453.125 664.062 -609.375 320.312 468.750 890.625 554.688 -7.812 804.688 625.000 -132.812 640.625 375.000 125.000 796.875
-515.625 578.125 -601.562 210.938 445.312 914.062 523.438 -15.625 796.875 664.062 -109.375 648.438 453.125 164.062 812.500
-523.438 500.000 -562.500 109.375 492.188 820.312 468.750 15.625 781.250 648.438 -85.938 648.438 445.312 164.062 828.125
-523.438 500.000 -562.500 109.375 492.188 820.312 468.750 15.625 781.250 648.438 -85.938 648.438 445.312 164.062 828.125
-515.625 437.500 -585.938 23.438 242.188 773.438 421.875 15.625 828.125 601.562 -78.125 695.312 382.812 171.875 828.125
-539.062 382.812 -546.875 -15.625 335.938 773.438 390.625 31.250 812.500 593.750 -62.500 695.312 437.500 210.938 835.938
-593.750 406.250 -601.562 0.000 523.438 812.500 367.188 171.875 812.500 507.812 31.250 695.312 304.688 273.438 726.562
-593.750 406.250 -601.562 0.000 523.438 812.500 367.188 171.875 812.500 507.812 31.250 695.312 304.688 273.438 726.562
-578.125 445.312 -609.375 15.625 523.438 835.938 398.438 187.500 828.125 539.062 46.875 710.938 320.312 289.062 734.375
