-359.375 679.688 -570.312 -250.000 7.812 914.062 -289.062 117.188 937.500 -117.188 -265.625 945.312 -164.062 -70.312 968.750
-351.562 765.625 -570.312 -226.562 39.062 953.125 -273.438 156.250 953.125 -125.000 -265.625 953.125 -140.625 -62.500 984.375
-351.562 765.625 -570.312 -226.562 39.062 953.125 -273.438 156.250 953.125 -125.000 -265.625 953.125 -140.625 -62.500 984.375
-328.125 828.125 -570.312 -195.312 101.562 992.188 -296.875 187.500 953.125 -148.438 -242.188 945.312 -156.250 -78.125 953.125
-343.750 812.500 -593.750 -203.125 93.750 984.375 -296.875 179.688 945.312 -156.250 -242.188 921.875 -179.688 -85.938 929.688
-320.312 789.062 -601.562 -226.562 93.750 976.562 -320.312 179.688 929.688 -156.250 -265.625 906.250 -187.500 -93.750 921.875
-335.938 765.625 -609.375 -226.562 101.562 968.750 -320.312 164.062 921.875 -164.062 -257.812 898.438 -179.688 -101.562 921.875
-312.500 765.625 -570.312 -234.375 78.125 945.312 -328.125 148.438 898.438 -164.062 -265.625 898.438 -171.875 -85.938 953.125
-335.938 664.062 -570.312 -226.562 46.875 953.125 -312.500 140.625 929.688 -140.625 -296.875 914.062 -164.062 -125.000 953.125
-335.938 664.062 -570.312 -226.562 46.875 953.125 -312.500 140.625 929.688 -140.625 -296.875 914.062 -164.062 -125.000 953.125
-296.875 781.250 -562.500 -218.750 54.688 937.500 -328.125 109.375 929.688 -109.375 -312.500 976.562 -148.438 -93.750 1000.000
-265.625 820.312 -546.875 -242.188 39.062 929.688 -328.125 109.375 921.875 -125.000 -296.875 953.125 -148.438 -109.375 992.188
-265.625 820.312 -546.875 -242.188 39.062 929.688 -328.125 109.375 921.875 -125.000 -296.875 953.125 -148.438 -109.375 992.188
-250.000 859.375 -546.875 -265.625 46.875 890.625 -343.750 93.750 898.438 -171.875 -312.500 898.438 -156.250 -117.188 984.375
-250.000 898.438 -539.062 -273.438 23.438 882.812 -328.125 109.375 890.625 -156.250 -289.062 890.625 -156.250 -93.750 976.562
-312.500 859.375 -562.500 -203.125 93.750 968.750 -281.250 187.500 945.312 -132.812 -242.188 929.688 -148.438 -85.938 968.750
-281.250 789.062 -539.062 -195.312 70.312 960.938 -273.438 140.625 960.938 -125.000 -265.625 953.125 -171.875 -78.125 976.562
-390.625 882.812 -632.812 -250.000 101.562 906.250 -296.875 93.750 914.062 -78.125 -328.125 992.188 -85.938 -101.562 1140.625
-437.500 820.312 -734.375 -312.500 93.750 757.812 -296.875 93.750 875.000 -46.875 -351.562 992.188 -70.312 -140.625 1140.625
-445.312 812.500 -765.625 -195.312 -140.625 648.438 -195.312 125.000 867.188 -31.250 -328.125 921.875 -101.562 -179.688 1101.562
-445.312 812.500 -765.625 -195.312 -140.625 648.438 -195.312 125.000 867.188 -31.250 -328.125 921.875 -101.562 -179.688 1101.562
-375.000 804.688 -734.375 335.938 -218.750 632.812 -382.812 -101.562 757.812 -93.750 -226.562 875.000 -117.188 -132.812 968.750
-390.625 625.000 -710.938 226.562 -117.188 351.562 39.062 -62.500 820.312 -7.812 -304.688 734.375 -187.500 -179.688 804.688
-375.000 570.312 -703.125 585.938 -390.625 609.375 93.750 85.938 851.562 -7.812 -367.188 703.125 -132.812 -203.125 773.438
-429.688 453.125 -679.688 726.562 0.000 859.375 -46.875 23.438 679.688 -15.625 -296.875 671.875 -85.938 -210.938 765.625
-531.250 265.625 -664.062 726.562 140.625 1054.688 343.750 429.688 812.500 304.688 46.875 476.562 85.938 -210.938 703.125
-507.812 453.125 -664.062 593.750 265.625 1179.688 273.438 414.062 1093.750 414.062 39.062 812.500 109.375 -117.188 671.875
-507.812 453.125 -664.062 593.750 265.625 1179.688 273.438 414.062 1093.750 414.062 39.062 812.500 109.375 -117.188 671.875
-390.625 617.188 -375.000 218.750 453.125 1195.312 23.438 531.250 1046.875 437.500 85.938 1179.688 195.312 140.625 1179.688
-390.625 617.188 -375.000 218.750 453.125 1195.312 23.438 531.250 1046.875 437.500 85.938 1179.688 195.312 140.625 1179.688
-679.688 578.125 -742.188 226.562 187.500 726.562 7.812 242.188 796.875 195.312 -140.625 945.312 -54.688 179.688 914.062
-757.812 632.812 -710.938 289.062 289.062 890.625 93.750 375.000 882.812 171.875 0.000 851.562 -15.625 46.875 835.938
-500.000 476.562 -585.938 429.688 250.000 898.438 171.875 414.062 906.250 304.688 31.250 835.938 70.312 242.188 703.125
-578.125 289.062 -562.500 539.062 171.875 835.938 289.062 289.062 937.500 460.938 -140.625 898.438 273.438 171.875 937.500
-460.938 343.750 -539.062 570.312 85.938 796.875 335.938 171.875 945.312 500.000 -234.375 898.438 390.625 132.812 976.562
-421.875 289.062 -515.625 578.125 54.688 781.250 335.938 117.188 945.312 531.250 -250.000 875.000 367.188 46.875 1007.812
-476.562 304.688 -515.625 625.000 31.250 789.062 382.812 117.188 976.562 585.938 -218.750 890.625 351.562 78.125 960.938
-460.938 492.188 -617.188 859.375 31.250 898.438 593.750 85.938 1140.625 789.062 -304.688 992.188 492.188 23.438 1109.375
-460.938 492.188 -617.188 859.375 31.250 898.438 593.750 85.938 1140.625 789.062 -304.688 992.188 492.188 23.438 1109.375
-679.688 39.062 -460.938 1007.812 70.312 1085.938 421.875 265.625 1210.938 546.875 -171.875 984.375 351.562 15.625 1046.875
-484.375 718.750 -445.312 531.250 312.500 1359.375 382.812 507.812 1242.188 414.062 -70.312 1007.812 132.812 218.750 859.375
-320.312 1039.062 -335.938 414.062 218.750 1234.375 85.938 375.000 1281.250 484.375 31.250 1343.750 -31.250 539.062 617.188
-429.688 117.188 -281.250 85.938 390.625 1085.938 93.750 406.250 1046.875 562.500 46.875 1109.375 148.438 617.188 835.938
-343.750 -85.938 -320.312 -85.938 -132.812 921.875 140.625 304.688 1031.250 648.438 15.625 890.625 359.375 421.875 1117.188
-234.375 -171.875 -437.500 218.750 187.500 914.062 179.688 296.875 890.625 414.062 -101.562 757.812 421.875 171.875 1304.688
-492.188 7.812 -937.500 46.875 625.000 781.250 31.250 390.625 468.750 46.875 -179.688 484.375 351.562 -210.938 960.938
-765.625 1125.000 -1312.500 398.438 -132.812 429.688 -351.562 -31.250 460.938 109.375 -601.562 570.312 304.688 -421.875 921.875
-765.625 1125.000 -1312.500 398.438 -132.812 429.688 -351.562 -31.250 460.938 109.375 -601.562 570.312 304.688 -421.875 921.875
-476.562 1109.375 -1000.000 539.062 62.500 890.625 -210.938 23.438 726.562 -179.688 -406.250 570.312 -148.438 -62.500 718.750
-406.250 695.312 -906.250 -484.375 164.062 671.875 -609.375 101.562 640.625 -226.562 -281.250 664.062 -179.688 -289.062 718.750
-367.188 695.312 -757.812 -734.375 -78.125 593.750 -453.125 70.312 742.188 -148.438 -218.750 789.062 -46.875 0.000 804.688
-273.438 632.812 -703.125 -359.375 46.875 750.000 -492.188 125.000 757.812 -109.375 -203.125 820.312 15.625 46.875 851.562
-351.562 328.125 -789.062 -390.625 -7.812 734.375 -250.000 -148.438 742.188 343.750 -546.875 914.062 187.500 -39.062 1070.312
-390.625 421.875 -804.688 -382.812 -515.625 593.750 -335.938 -320.312 1109.375 234.375 -492.188 1234.375 203.125 -39.062 1234.375
-398.438 523.438 -796.875 -460.938 -54.688 867.188 -500.000 78.125 875.000 -70.312 -296.875 937.500 148.438 15.625 1101.562
-406.250 546.875 -929.688 -585.938 195.312 929.688 -507.812 250.000 898.438 -125.000 -226.562 945.312 -46.875 -46.875 906.250
-406.250 546.875 -929.688 -585.938 195.312 929.688 -507.812 250.000 898.438 -125.000 -226.562 945.312 -46.875 -46.875 906.250
-406.250 546.875 -929.688 -585.938 195.312 929.688 -507.812 250.000 898.438 -125.000 -226.562 945.312 -46.875 -46.875 906.250
-343.750 578.125 -921.875 -656.250 109.375 734.375 -546.875 54.688 812.500 -132.812 -296.875 914.062 7.812 -7.812 984.375
-335.938 539.062 -929.688 -648.438 46.875 718.750 -484.375 15.625 851.562 -132.812 -398.438 882.812 31.250 -39.062 1023.438
-421.875 523.438 -992.188 -1804.688 -203.125 710.938 -968.750 -304.688 851.562 -117.188 -226.562 1093.750 -7.812 -101.562 984.375
-421.875 523.438 -976.562 -226.562 78.125 578.125 -226.562 70.312 945.312 -15.625 -343.750 1039.062 -7.812 -62.500 1015.625
-203.125 578.125 -851.562 203.125 -23.438 1640.625 -718.750 375.000 695.312 -203.125 -421.875 796.875 15.625 -85.938 1039.062
-203.125 578.125 -851.562 203.125 -23.438 1640.625 -718.750 375.000 695.312 -203.125 -421.875 796.875 15.625 -85.938 1039.062
-109.375 898.438 -687.500 -195.312 242.188 1171.875 -531.250 429.688 742.188 -281.250 -171.875 703.125 -179.688 -117.188 695.312
-164.062 742.188 -648.438 -843.750 234.375 414.062 -843.750 296.875 281.250 -335.938 -39.062 664.062 -312.500 132.812 585.938
-164.062 742.188 -648.438 -843.750 234.375 414.062 -843.750 296.875 281.250 -335.938 -39.062 664.062 -312.500 132.812 585.938
-179.688 554.688 -648.438 -851.562 31.250 281.250 -843.750 312.500 226.562 -406.250 -46.875 640.625 -164.062 93.750 687.500
-250.000 179.688 -625.000 -484.375 93.750 640.625 -570.312 218.750 562.500 15.625 -234.375 875.000 148.438 117.188 968.750
-289.062 187.500 -664.062 -468.750 359.375 835.938 -570.312 390.625 632.812 132.812 -328.125 890.625 203.125 117.188 1031.250
-328.125 359.375 -710.938 -203.125 296.875 1070.312 -382.812 445.312 914.062 93.750 -242.188 984.375 179.688 62.500 1046.875
-359.375 507.812 -773.438 -117.188 375.000 1273.438 -281.250 437.500 1085.938 203.125 -320.312 1054.688 101.562 -39.062 1015.625
-351.562 640.625 -859.375 -218.750 125.000 1039.062 -382.812 296.875 992.188 203.125 -414.062 1023.438 93.750 -39.062 1007.812
-328.125 679.688 -843.750 -281.250 85.938 960.938 -445.312 234.375 960.938 203.125 -414.062 1007.812 117.188 -23.438 1007.812
-320.312 695.312 -843.750 -375.000 46.875 812.500 -539.062 250.000 804.688 171.875 -382.812 882.812 179.688 -7.812 1000.000
-351.562 703.125 -859.375 -375.000 -46.875 679.688 -507.812 132.812 703.125 101.562 -460.938 734.375 242.188 -171.875 1015.625
-382.812 632.812 -812.500 -101.562 -101.562 1000.000 -375.000 203.125 921.875 257.812 -609.375 914.062 242.188 -195.312 1093.750
-359.375 585.938 -773.438 -46.875 203.125 1226.562 -328.125 218.750 968.750 296.875 -531.250 960.938 234.375 -140.625 1101.562
-359.375 609.375 -765.625 62.500 210.938 1234.375 -312.500 289.062 921.875 335.938 -523.438 929.688 257.812 -31.250 1070.312
-398.438 773.438 -757.812 -125.000 195.312 1335.938 -601.562 570.312 695.312 109.375 -242.188 835.938 281.250 54.688 1046.875
-375.000 671.875 -757.812 3843.750 -765.625 1460.938 773.438 62.500 781.250 179.688 -23.438 875.000 203.125 -15.625 921.875
-343.750 320.312 -742.188 -148.438 -390.625 1125.000 -54.688 7.812 476.562 156.250 -367.188 312.500 93.750 -117.188 867.188
-468.750 281.250 -835.938 -437.500 304.688 507.812 218.750 187.500 1015.625 289.062 -367.188 703.125 54.688 62.500 796.875
-468.750 281.250 -835.938 -437.500 304.688 507.812 218.750 187.500 1015.625 289.062 -367.188 703.125 54.688 62.500 796.875
-414.062 554.688 -726.562 -414.062 -296.875 500.000 210.938 -179.688 1164.062 445.312 -226.562 968.750 156.250 -78.125 859.375
-351.562 617.188 -625.000 -484.375 -39.062 617.188 234.375 -70.312 1140.625 523.438 -171.875 1023.438 210.938 -70.312 898.438
-273.438 601.562 -570.312 -312.500 -250.000 789.062 125.000 85.938 1078.125 554.688 -70.312 1007.812 218.750 -31.250 921.875
-476.562 343.750 -781.250 -179.688 46.875 906.250 -281.250 -7.812 734.375 210.938 -250.000 679.688 93.750 -70.312 812.500
-546.875 507.812 -875.000 -390.625 257.812 890.625 7.812 -23.438 828.125 101.562 -195.312 679.688 -70.312 -125.000 757.812
-476.562 515.625 -804.688 -335.938 31.250 804.688 226.562 7.812 1015.625 492.188 -23.438 796.875 179.688 125.000 781.250
-476.562 515.625 -804.688 -335.938 31.250 804.688 226.562 7.812 1015.625 492.188 -23.438 796.875 179.688 125.000 781.250
-882.812 195.312 -1023.438 -156.250 195.312 1054.688 242.188 -171.875 960.938 546.875 -265.625 867.188 320.312 39.062 953.125
-882.812 195.312 -1023.438 -156.250 195.312 1054.688 242.188 -171.875 960.938 546.875 -265.625 867.188 320.312 39.062 953.125
-343.750 687.500 -570.312 -257.812 218.750 929.688 460.938 -132.812 1070.312 796.875 -164.062 960.938 625.000 335.938 1031.250
-289.062 695.312 -367.188 -203.125 203.125 945.312 437.500 -132.812 1039.062 765.625 -125.000 898.438 640.625 242.188 992.188
-406.250 562.500 -453.125 -203.125 226.562 929.688 429.688 -117.188 1007.812 742.188 -101.562 835.938 585.938 195.312 937.500
-437.500 562.500 -476.562 -125.000 132.812 937.500 382.812 -210.938 984.375 632.812 -218.750 820.312 437.500 78.125 953.125
-437.500 562.500 -476.562 -125.000 132.812 937.500 382.812 -210.938 984.375 632.812 -218.750 820.312 437.500 78.125 953.125
-320.312 773.438 -398.438 -46.875 62.500 1117.188 632.812 -234.375 1203.125 789.062 -187.500 945.312 554.688 125.000 1000.000
-226.562 1015.625 -312.500 289.062 15.625 1265.625 109.375 15.625 1070.312 414.062 -101.562 898.438 171.875 281.250 820.312
-226.562 1015.625 -312.500 289.062 15.625 1265.625 109.375 15.625 1070.312 414.062 -101.562 898.438 171.875 281.250 820.312
-226.562 1015.625 -312.500 289.062 15.625 1265.625 109.375 15.625 1070.312 414.062 -101.562 898.438 171.875 281.250 820.312
-367.188 789.062 -210.938 -78.125 289.062 1304.688 609.375 250.000 2039.062 187.500 109.375 1015.625 -70.312 335.938 734.375
-367.188 562.500 -445.312 117.188 484.375 1226.562 492.188 70.312 1046.875 718.750 0.000 921.875 484.375 54.688 984.375
-625.000 687.500 -601.562 250.000 359.375 1187.500 265.625 117.188 1070.312 578.125 -156.250 1054.688 328.125 320.312 960.938
-578.125 851.562 -585.938 78.125 406.250 1085.938 187.500 179.688 898.438 1148.438 -578.125 1367.188 -390.625 -898.438 414.062
-718.750 468.750 -765.625 -273.438 625.000 695.312 -117.188 187.500 773.438 578.125 0.000 546.875 343.750 -375.000 984.375
-804.688 125.000 -796.875 -31.250 718.750 1062.500 -343.750 351.562 468.750 -46.875 -304.688 265.625 476.562 0.000 1179.688
-257.812 867.188 -437.500 -929.688 -468.750 -234.375 -539.062 250.000 234.375 -109.375 -195.312 507.812 148.438 -218.750 687.500
-406.250 718.750 -617.188 -1070.312 -695.312 -203.125 -601.562 -257.812 328.125 7.812 -140.625 554.688 234.375 -7.812 656.250
-406.250 718.750 -617.188 -1070.312 -695.312 -203.125 -601.562 -257.812 328.125 7.812 -140.625 554.688 234.375 -7.812 656.250
-609.375 -46.875 -718.750 -125.000 -468.750 781.250 -546.875 -273.438 328.125 -39.062 -609.375 335.938 367.188 -507.812 820.312
-593.750 101.562 -585.938 -437.500 117.188 867.188 -320.312 187.500 742.188 78.125 -382.812 468.750 320.312 -234.375 679.688
-289.062 929.688 -484.375 -257.812 187.500 882.812 -320.312 312.500 867.188 265.625 -23.438 875.000 359.375 164.062 796.875
-351.562 921.875 -570.312 -539.062 335.938 750.000 -351.562 289.062 875.000 257.812 -31.250 875.000 312.500 70.312 789.062
-437.500 500.000 -625.000 -937.500 46.875 148.438 -398.438 203.125 609.375 171.875 -226.562 609.375 531.250 -31.250 898.438
-437.500 500.000 -625.000 -937.500 46.875 148.438 -398.438 203.125 609.375 171.875 -226.562 609.375 531.250 -31.250 898.438
-382.812 546.875 -585.938 -1039.062 195.312 156.250 -234.375 140.625 765.625 351.562 -250.000 718.750 531.250 -62.500 914.062
-203.125 796.875 -617.188 -640.625 210.938 945.312 265.625 -7.812 1085.938 632.812 -398.438 937.500 492.188 -85.938 851.562
-203.125 796.875 -617.188 -640.625 210.938 945.312 265.625 -7.812 1085.938 632.812 -398.438 937.500 492.188 -85.938 851.562
-531.250 828.125 -843.750 -343.750 -101.562 1328.125 476.562 -539.062 1359.375 734.375 -554.688 914.062 570.312 -335.938 937.500
-484.375 734.375 -781.250 -414.062 -46.875 1226.562 343.750 -546.875 1257.812 710.938 -554.688 898.438 640.625 -234.375 945.312
-406.250 640.625 -671.875 -617.188 -54.688 773.438 132.812 -242.188 1109.375 664.062 -328.125 898.438 742.188 -31.250 890.625
-414.062 585.938 -695.312 -695.312 70.312 664.062 54.688 -140.625 1031.250 617.188 -296.875 835.938 726.562 -23.438 851.562
-421.875 523.438 -710.938 -656.250 -23.438 640.625 70.312 -179.688 992.188 617.188 -351.562 804.688 703.125 -125.000 835.938
-406.250 578.125 -679.688 -539.062 23.438 890.625 156.250 -195.312 1054.688 632.812 -406.250 765.625 664.062 -203.125 812.500
-406.250 578.125 -679.688 -539.062 23.438 890.625 156.250 -195.312 1054.688 632.812 -406.250 765.625 664.062 -203.125 812.500
-382.812 789.062 -687.500 -585.938 39.062 820.312 140.625 -218.750 1023.438 671.875 -414.062 812.500 718.750 -140.625 851.562
-382.812 789.062 -687.500 -585.938 39.062 820.312 140.625 -218.750 1023.438 671.875 -414.062 812.500 718.750 -140.625 851.562
-406.250 632.812 -718.750 -632.812 85.938 703.125 85.938 -226.562 914.062 601.562 -406.250 757.812 718.750 -125.000 835.938
-398.438 648.438 -679.688 -671.875 117.188 648.438 39.062 -187.500 859.375 648.438 -429.688 765.625 812.500 -109.375 929.688
-289.062 742.188 -531.250 -632.812 70.312 500.000 -23.438 -296.875 812.500 671.875 54.688 703.125 1039.062 640.625 1406.250
-226.562 890.625 -515.625 -632.812 39.062 382.812 -15.625 -85.938 609.375 398.438 -492.188 679.688 789.062 15.625 1132.812
-328.125 937.500 -632.812 -664.062 296.875 289.062 -85.938 -109.375 656.250 187.500 -296.875 617.188 390.625 -304.688 781.250
-335.938 921.875 -640.625 -515.625 382.812 429.688 -117.188 39.062 718.750 164.062 -312.500 632.812 289.062 -492.188 648.438
-375.000 960.938 -648.438 398.438 85.938 531.250 140.625 -257.812 921.875 31.250 -85.938 664.062 78.125 -242.188 523.438
-375.000 804.688 -664.062 750.000 -312.500 828.125 31.250 179.688 710.938 109.375 -164.062 554.688 234.375 -125.000 945.312
-359.375 757.812 -617.188 882.812 -85.938 812.500 460.938 -39.062 898.438 156.250 -54.688 593.750 375.000 -31.250 1023.438
-359.375 757.812 -617.188 882.812 -85.938 812.500 460.938 -39.062 898.438 156.250 -54.688 593.750 375.000 -31.250 1023.438
-343.750 648.438 -578.125 789.062 101.562 1195.312 226.562 148.438 1007.812 437.500 -234.375 960.938 664.062 757.812 1757.812
-335.938 578.125 -609.375 890.625 265.625 1414.062 695.312 54.688 1375.000 640.625 -359.375 1226.562 -312.500 54.688 531.250
-406.250 609.375 -617.188 1031.250 -93.750 1437.500 632.812 156.250 1382.812 562.500 -62.500 1140.625 -132.812 -140.625 906.250
-398.438 718.750 -593.750 968.750 -109.375 1406.250 570.312 296.875 1257.812 562.500 -156.250 1054.688 -85.938 -148.438 1031.250
-445.312 695.312 -625.000 742.188 -23.438 1046.875 492.188 148.438 1078.125 523.438 -164.062 968.750 -93.750 -39.062 1070.312
-421.875 593.750 -578.125 593.750 140.625 953.125 460.938 179.688 1031.250 468.750 -140.625 968.750 -164.062 -23.438 1023.438
-343.750 578.125 -523.438 593.750 93.750 929.688 445.312 140.625 1007.812 445.312 -179.688 953.125 -179.688 -54.688 1007.812
-343.750 578.125 -523.438 593.750 93.750 929.688 445.312 140.625 1007.812 445.312 -179.688 953.125 -179.688 -54.688 1007.812
-328.125 546.875 -468.750 460.938 31.250 804.688 304.688 85.938 875.000 281.250 -218.750 812.500 -226.562 -132.812 835.938
-328.125 546.875 -468.750 460.938 31.250 804.688 304.688 85.938 875.000 281.250 -218.750 812.500 -226.562 -132.812 835.938
-375.000 593.750 -476.562 437.500 78.125 789.062 265.625 148.438 835.938 242.188 -171.875 789.062 -203.125 -125.000 843.750
-406.250 625.000 -492.188 429.688 101.562 804.688 250.000 148.438 843.750 250.000 -156.250 804.688 -195.312 -93.750 851.562
-414.062 695.312 -492.188 382.812 93.750 789.062 210.938 164.062 820.312 250.000 -140.625 828.125 -203.125 -70.312 867.188
-437.500 632.812 -500.000 375.000 117.188 765.625 234.375 203.125 828.125 257.812 -93.750 804.688 -210.938 -31.250 851.562
-429.688 601.562 -507.812 351.562 171.875 796.875 250.000 210.938 851.562 296.875 -109.375 851.562 -187.500 -23.438 875.000
-445.312 664.062 -539.062 382.812 140.625 820.312 257.812 148.438 921.875 320.312 -164.062 914.062 -187.500 -78.125 953.125
-445.312 664.062 -539.062 382.812 140.625 820.312 257.812 148.438 921.875 320.312 -164.062 914.062 -187.500 -78.125 953.125
-445.312 656.250 -539.062 429.688 117.188 851.562 273.438 156.250 937.500 304.688 -171.875 914.062 -210.938 -85.938 945.312
-375.000 679.688 -523.438 437.500 78.125 867.188 265.625 132.812 953.125 296.875 -195.312 921.875 -218.750 -117.188 953.125
-398.438 703.125 -523.438 429.688 101.562 867.188 273.438 109.375 945.312 296.875 -203.125 921.875 -218.750 -117.188 945.312
-437.500 718.750 -562.500 414.062 140.625 867.188 250.000 164.062 945.312 273.438 -164.062 914.062 -234.375 -109.375 921.875
-437.500 718.750 -578.125 414.062 140.625 882.812 257.812 164.062 945.312 273.438 -171.875 906.250 -234.375 -117.188 921.875
-421.875 703.125 -578.125 421.875 125.000 882.812 250.000 156.250 953.125 273.438 -195.312 890.625 -257.812 -148.438 906.250
-421.875 640.625 -554.688 421.875 101.562 921.875 234.375 156.250 953.125 242.188 -210.938 859.375 -218.750 -148.438 875.000
-453.125 726.562 -570.312 382.812 164.062 937.500 250.000 210.938 976.562 257.812 -164.062 898.438 -164.062 -93.750 882.812
-453.125 726.562 -570.312 382.812 164.062 937.500 250.000 210.938 976.562 257.812 -164.062 898.438 -164.062 -93.750 882.812
-453.125 726.562 -570.312 382.812 164.062 937.500 250.000 210.938 976.562 257.812 -164.062 898.438 -164.062 -93.750 882.812
-460.938 742.188 -585.938 406.250 187.500 960.938 257.812 210.938 1015.625 296.875 -179.688 898.438 -148.438 -85.938 890.625
-484.375 742.188 -609.375 437.500 171.875 992.188 242.188 171.875 1023.438 320.312 -210.938 937.500 -70.312 -101.562 929.688
-492.188 726.562 -609.375 390.625 156.250 960.938 218.750 171.875 1000.000 312.500 -203.125 937.500 -46.875 -109.375 929.688
-460.938 710.938 -609.375 296.875 125.000 859.375 140.625 78.125 945.312 273.438 -265.625 882.812 -7.812 -132.812 937.500
-460.938 710.938 -609.375 296.875 125.000 859.375 140.625 78.125 945.312 273.438 -265.625 882.812 -7.812 -132.812 937.500
-328.125 750.000 -484.375 187.500 70.312 789.062 78.125 85.938 882.812 234.375 -289.062 851.562 85.938 -226.562 890.625
-390.625 734.375 -531.250 195.312 85.938 835.938 62.500 54.688 906.250 265.625 -273.438 851.562 117.188 -265.625 750.000
-390.625 734.375 -531.250 195.312 85.938 835.938 62.500 54.688 906.250 265.625 -273.438 851.562 117.188 -265.625 750.000
