-367.188 937.500 117.188 234.375 -218.750 945.312 226.562 -46.875 976.562 500.000 -601.562 609.375 515.625 -359.375 781.250
-359.375 921.875 125.000 226.562 -210.938 929.688 210.938 -46.875 960.938 476.562 -601.562 593.750 500.000 -367.188 750.000
-351.562 914.062 132.812 218.750 -210.938 921.875 210.938 -46.875 960.938 476.562 -601.562 593.750 507.812 -351.562 757.812
-359.375 906.250 140.625 218.750 -218.750 914.062 195.312 -54.688 953.125 468.750 -593.750 593.750 500.000 -367.188 750.000
-335.938 898.438 156.250 218.750 -226.562 906.250 203.125 -78.125 953.125 468.750 -609.375 562.500 492.188 -390.625 742.188
-328.125 898.438 164.062 242.188 -250.000 914.062 210.938 -93.750 960.938 468.750 -632.812 570.312 492.188 -398.438 750.000
-335.938 890.625 171.875 242.188 -250.000 914.062 210.938 -93.750 953.125 476.562 -640.625 562.500 492.188 -406.250 734.375
-320.312 906.250 187.500 250.000 -273.438 921.875 218.750 -109.375 968.750 468.750 -656.250 562.500 500.000 -421.875 750.000
-312.500 914.062 187.500 250.000 -273.438 921.875 226.562 -117.188 968.750 484.375 -656.250 570.312 492.188 -421.875 750.000
-335.938 937.500 203.125 257.812 -265.625 929.688 226.562 -109.375 968.750 484.375 -648.438 554.688 492.188 -414.062 734.375
-320.312 937.500 195.312 250.000 -265.625 929.688 234.375 -109.375 976.562 484.375 -656.250 562.500 492.188 -421.875 742.188
-320.312 937.500 203.125 257.812 -265.625 929.688 218.750 -101.562 968.750 476.562 -632.812 554.688 492.188 -421.875 734.375
-320.312 921.875 179.688 265.625 -250.000 945.312 234.375 -93.750 960.938 476.562 -640.625 531.250 492.188 -414.062 726.562
-320.312 929.688 187.500 304.688 -234.375 1000.000 273.438 -70.312 1000.000 500.000 -632.812 546.875 500.000 -437.500 710.938
-328.125 929.688 179.688 328.125 -195.312 1023.438 304.688 -70.312 1031.250 531.250 -648.438 570.312 523.438 -453.125 734.375
-343.750 945.312 179.688 367.188 -265.625 1046.875 382.812 -70.312 1148.438 640.625 -687.500 695.312 585.938 -453.125 828.125
-367.188 1023.438 140.625 453.125 -304.688 1195.312 445.312 -109.375 1296.875 742.188 -796.875 812.500 648.438 -453.125 968.750
-492.188 1132.812 39.062 554.688 -296.875 1351.562 578.125 -132.812 1453.125 804.688 -898.438 835.938 773.438 -554.688 1109.375
-585.938 1187.500 -39.062 570.312 -335.938 1335.938 617.188 -156.250 1523.438 867.188 -914.062 882.812 804.688 -570.312 1187.500
-429.688 1242.188 109.375 406.250 -265.625 1250.000 476.562 -156.250 1429.688 867.188 -890.625 1023.438 757.812 -304.688 1250.000
-140.625 906.250 304.688 101.562 -250.000 1039.062 171.875 -70.312 1117.188 593.750 -726.562 859.375 562.500 -234.375 1117.188
-234.375 375.000 250.000 -46.875 -304.688 757.812 -117.188 -289.062 742.188 281.250 -710.938 554.688 437.500 -289.062 914.062
-304.688 218.750 117.188 -7.812 -351.562 687.500 -156.250 -304.688 632.812 164.062 -703.125 437.500 460.938 -281.250 898.438
-398.438 -164.062 62.500 -46.875 -390.625 390.625 -281.250 -289.062 460.938 164.062 -796.875 203.125 679.688 -281.250 710.938
-398.438 234.375 195.312 -7.812 -273.438 421.875 -382.812 -257.812 453.125 273.438 -601.562 414.062 414.062 -578.125 664.062
-335.938 914.062 187.500 -289.062 -617.188 351.562 -234.375 -257.812 875.000 367.188 -765.625 789.062 328.125 -609.375 992.188
-335.938 1265.625 234.375 -695.312 -320.312 554.688 -203.125 -289.062 1101.562 265.625 -710.938 921.875 265.625 -593.750 1046.875
-242.188 1679.688 179.688 -1000.000 -54.688 617.188 -656.250 164.062 695.312 -179.688 -609.375 601.562 -78.125 -210.938 796.875
-304.688 1406.250 -85.938 -656.250 46.875 835.938 -726.562 273.438 289.062 -570.312 -390.625 62.500 -445.312 -265.625 210.938
-281.250 1062.500 85.938 -757.812 93.750 773.438 -796.875 234.375 343.750 -929.688 -54.688 -7.812 -710.938 -398.438 0.000
78.125 1265.625 187.500 -804.688 -62.500 554.688 -718.750 289.062 398.438 -718.750 -257.812 257.812 -640.625 -265.625 250.000
-164.062 1046.875 179.688 -718.750 -62.500 632.812 -687.500 140.625 578.125 -531.250 -406.250 554.688 -523.438 -125.000 578.125
-398.438 843.750 78.125 -726.562 -234.375 617.188 -703.125 70.312 703.125 -515.625 -531.250 710.938 -531.250 -125.000 843.750
-328.125 843.750 78.125 -765.625 -257.812 531.250 -742.188 23.438 648.438 -554.688 -578.125 726.562 -515.625 -85.938 945.312
-312.500 882.812 78.125 -742.188 -125.000 562.500 -703.125 148.438 585.938 -578.125 -414.062 554.688 -593.750 -187.500 656.250
-328.125 921.875 78.125 -750.000 -93.750 578.125 -687.500 179.688 593.750 -585.938 -367.188 554.688 -578.125 -203.125 609.375
-273.438 960.938 101.562 -734.375 -93.750 585.938 -695.312 179.688 578.125 -601.562 -375.000 539.062 -593.750 -148.438 585.938
-226.562 929.688 101.562 -734.375 -125.000 515.625 -710.938 109.375 515.625 -617.188 -421.875 476.562 -609.375 -187.500 593.750
-296.875 820.312 85.938 -750.000 -132.812 445.312 -742.188 93.750 437.500 -625.000 -421.875 414.062 -609.375 -226.562 570.312
-281.250 828.125 85.938 -742.188 -117.188 468.750 -734.375 109.375 437.500 -640.625 -390.625 398.438 -609.375 -210.938 562.500
-320.312 851.562 78.125 -726.562 -85.938 507.812 -703.125 132.812 476.562 -593.750 -398.438 476.562 -562.500 -203.125 609.375
-343.750 812.500 78.125 -679.688 -93.750 593.750 -648.438 156.250 601.562 -562.500 -414.062 562.500 -562.500 -148.438 664.062
-375.000 929.688 62.500 -718.750 -117.188 601.562 -687.500 140.625 640.625 -546.875 -453.125 632.812 -562.500 -156.250 726.562
-375.000 929.688 70.312 -710.938 -117.188 625.000 -679.688 140.625 648.438 -546.875 -453.125 640.625 -554.688 -148.438 750.000
-367.188 906.250 78.125 -710.938 -140.625 632.812 -679.688 140.625 664.062 -546.875 -468.750 671.875 -546.875 -132.812 781.250
-359.375 929.688 78.125 -718.750 -140.625 640.625 -703.125 125.000 671.875 -554.688 -476.562 664.062 -546.875 -132.812 804.688
-343.750 953.125 85.938 -718.750 -117.188 671.875 -703.125 179.688 679.688 -562.500 -468.750 687.500 -554.688 -117.188 804.688
-335.938 968.750 78.125 -726.562 -109.375 695.312 -695.312 187.500 703.125 -562.500 -453.125 703.125 -554.688 -101.562 804.688
-343.750 992.188 78.125 -710.938 -78.125 773.438 -687.500 226.562 726.562 -570.312 -453.125 710.938 -562.500 -93.750 812.500
-320.312 1000.000 85.938 -703.125 -62.500 835.938 -671.875 289.062 781.250 -570.312 -414.062 734.375 -570.312 -54.688 796.875
-304.688 1085.938 132.812 -664.062 31.250 960.938 -679.688 382.812 820.312 -578.125 -359.375 796.875 -593.750 46.875 789.062
-148.438 1140.625 210.938 -703.125 39.062 1078.125 -593.750 398.438 843.750 -601.562 -335.938 757.812 -593.750 54.688 765.625
234.375 1335.938 390.625 -601.562 93.750 1203.125 -609.375 382.812 820.312 -593.750 -296.875 671.875 -625.000 -15.625 656.250
460.938 984.375 515.625 -453.125 -273.438 1312.500 -617.188 31.250 664.062 -484.375 -203.125 523.438 -515.625 -250.000 406.250
31.250 921.875 140.625 -640.625 -218.750 898.438 -460.938 453.125 679.688 -539.062 -281.250 273.438 -257.812 -351.562 351.562
-367.188 1031.250 -31.250 -625.000 -445.312 585.938 -617.188 54.688 320.312 -492.188 -304.688 117.188 -148.438 -468.750 398.438
-640.625 1085.938 -328.125 -656.250 -31.250 312.500 -789.062 -31.250 23.438 -398.438 -539.062 7.812 -7.812 -804.688 671.875
-281.250 828.125 -406.250 -906.250 -78.125 125.000 -328.125 187.500 843.750 156.250 -757.812 476.562 101.562 -593.750 796.875
-765.625 164.062 -617.188 -914.062 -476.562 171.875 203.125 -546.875 1078.125 546.875 -820.312 906.250 375.000 -234.375 953.125
-1085.938 46.875 -679.688 -843.750 -632.812 226.562 -101.562 -804.688 1187.500 828.125 -828.125 1085.938 414.062 -117.188 1039.062
-1046.875 304.688 -625.000 -875.000 -554.688 210.938 -210.938 -929.688 1070.312 617.188 -1226.562 1093.750 562.500 -187.500 1414.062
-632.812 593.750 -195.312 -882.812 -406.250 218.750 -296.875 -632.812 875.000 210.938 -1046.875 789.062 437.500 -289.062 1476.562
-765.625 750.000 -250.000 -937.500 -296.875 218.750 -343.750 -546.875 789.062 101.562 -859.375 625.000 210.938 -398.438 1070.312
-734.375 804.688 -281.250 -953.125 -210.938 250.000 -328.125 -476.562 765.625 101.562 -765.625 562.500 140.625 -414.062 890.625
-718.750 773.438 -234.375 -929.688 -171.875 265.625 -320.312 -367.188 710.938 70.312 -648.438 500.000 78.125 -335.938 664.062
-703.125 625.000 -296.875 -828.125 -234.375 335.938 -195.312 -359.375 804.688 148.438 -625.000 562.500 117.188 -359.375 726.562
-609.375 679.688 -164.062 -781.250 -320.312 375.000 -164.062 -429.688 835.938 226.562 -679.688 617.188 218.750 -320.312 828.125
-609.375 742.188 -140.625 -765.625 -320.312 406.250 -156.250 -445.312 843.750 265.625 -710.938 640.625 242.188 -328.125 882.812
-601.562 750.000 -156.250 -687.500 -335.938 609.375 -78.125 -406.250 875.000 210.938 -710.938 531.250 179.688 -453.125 828.125
-593.750 742.188 -148.438 -695.312 -351.562 625.000 -31.250 -445.312 914.062 265.625 -726.562 554.688 164.062 -460.938 804.688
-601.562 781.250 -117.188 -726.562 -382.812 585.938 -54.688 -507.812 914.062 304.688 -757.812 609.375 226.562 -421.875 843.750
-601.562 773.438 -109.375 -734.375 -390.625 554.688 -78.125 -515.625 890.625 304.688 -773.438 601.562 257.812 -421.875 890.625
-617.188 695.312 -101.562 -734.375 -421.875 578.125 -15.625 -585.938 945.312 375.000 -796.875 625.000 359.375 -437.500 906.250
-625.000 695.312 -101.562 -742.188 -437.500 593.750 46.875 -609.375 1000.000 429.688 -812.500 648.438 390.625 -437.500 921.875
-640.625 687.500 -109.375 -718.750 -445.312 632.812 23.438 -585.938 1039.062 460.938 -859.375 664.062 437.500 -406.250 984.375
-648.438 718.750 -117.188 -750.000 -414.062 617.188 -23.438 -492.188 960.938 453.125 -835.938 656.250 421.875 -429.688 976.562
-593.750 703.125 -78.125 -718.750 -414.062 617.188 85.938 -718.750 1148.438 335.938 -710.938 609.375 343.750 -398.438 851.562
-593.750 695.312 -85.938 -710.938 -382.812 609.375 109.375 -632.812 1140.625 382.812 -734.375 656.250 351.562 -367.188 867.188
-648.438 718.750 -109.375 -765.625 -242.188 554.688 -101.562 -429.688 992.188 210.938 -851.562 617.188 343.750 -312.500 906.250
-664.062 726.562 -125.000 -804.688 -195.312 523.438 -109.375 -328.125 867.188 304.688 -671.875 656.250 312.500 -304.688 875.000
-671.875 671.875 -195.312 -710.938 -312.500 632.812 -109.375 -78.125 1031.250 398.438 -695.312 781.250 289.062 -343.750 898.438
-664.062 648.438 -187.500 -562.500 -382.812 750.000 -429.688 -218.750 1023.438 382.812 -703.125 773.438 281.250 -359.375 921.875
-648.438 625.000 -195.312 -492.188 -218.750 640.625 -523.438 -93.750 937.500 234.375 -671.875 671.875 210.938 -343.750 882.812
-640.625 656.250 -210.938 -742.188 -164.062 546.875 -390.625 -39.062 929.688 140.625 -679.688 687.500 179.688 -390.625 859.375
-609.375 601.562 -187.500 -828.125 -101.562 546.875 -289.062 156.250 804.688 85.938 -679.688 703.125 171.875 -460.938 984.375
-515.625 632.812 -132.812 -218.750 -250.000 796.875 -929.688 -179.688 703.125 -23.438 -507.812 703.125 195.312 -406.250 960.938
-343.750 960.938 -46.875 -343.750 85.938 914.062 -820.312 421.875 203.125 156.250 -781.250 539.062 265.625 -601.562 945.312
-554.688 1117.188 -62.500 -351.562 -304.688 1164.062 -546.875 46.875 789.062 171.875 -742.188 437.500 195.312 -468.750 734.375
-632.812 1046.875 -101.562 -1093.750 -109.375 773.438 -726.562 187.500 601.562 15.625 -750.000 351.562 281.250 -476.562 734.375
-648.438 1109.375 -85.938 -632.812 304.688 1062.500 -726.562 125.000 531.250 -101.562 -656.250 398.438 242.188 -421.875 718.750
-546.875 921.875 -62.500 -343.750 -1343.750 1507.812 -1773.438 -625.000 437.500 -7.812 -695.312 625.000 54.688 -328.125 695.312
-539.062 750.000 -85.938 -679.688 -23.438 781.250 -703.125 218.750 617.188 -109.375 -632.812 570.312 125.000 -328.125 835.938
-585.938 804.688 -140.625 -757.812 -148.438 656.250 -765.625 70.312 609.375 -39.062 -757.812 617.188 85.938 -437.500 859.375
-601.562 859.375 -140.625 -765.625 -210.938 617.188 -781.250 70.312 585.938 -85.938 -734.375 585.938 70.312 -437.500 843.750
-578.125 773.438 -140.625 -734.375 -187.500 593.750 -750.000 46.875 609.375 -62.500 -703.125 601.562 101.562 -375.000 851.562
-546.875 570.312 -210.938 -703.125 -164.062 632.812 -703.125 78.125 656.250 -23.438 -695.312 687.500 140.625 -335.938 898.438
-601.562 562.500 -218.750 -734.375 -140.625 601.562 -726.562 93.750 601.562 -46.875 -671.875 640.625 117.188 -351.562 875.000
-601.562 664.062 -187.500 -734.375 -132.812 578.125 -726.562 78.125 570.312 -93.750 -664.062 601.562 101.562 -351.562 851.562
-562.500 867.188 -164.062 -734.375 -132.812 578.125 -734.375 125.000 531.250 -132.812 -632.812 562.500 31.250 -343.750 804.688
-546.875 757.812 -164.062 -648.438 -125.000 742.188 -648.438 132.812 718.750 -54.688 -695.312 625.000 7.812 -398.438 804.688
-585.938 750.000 -187.500 -679.688 -140.625 726.562 -687.500 117.188 710.938 -23.438 -718.750 640.625 101.562 -414.062 867.188
-609.375 789.062 -203.125 -695.312 -164.062 695.312 -695.312 93.750 679.688 -39.062 -710.938 632.812 117.188 -382.812 875.000
-578.125 820.312 -203.125 -703.125 -187.500 625.000 -710.938 62.500 625.000 -70.312 -710.938 570.312 85.938 -367.188 835.938
-617.188 757.812 -195.312 -695.312 -179.688 640.625 -710.938 62.500 648.438 -23.438 -718.750 617.188 109.375 -382.812 851.562
-734.375 765.625 -281.250 -726.562 -203.125 570.312 -757.812 23.438 554.688 -23.438 -742.188 554.688 117.188 -398.438 851.562
-726.562 781.250 -320.312 -718.750 -210.938 539.062 -734.375 15.625 539.062 -54.688 -734.375 523.438 125.000 -382.812 835.938
-531.250 679.688 -242.188 -601.562 -234.375 695.312 -609.375 70.312 718.750 -7.812 -703.125 625.000 125.000 -375.000 859.375
-687.500 703.125 -312.500 -554.688 -226.562 726.562 -562.500 85.938 804.688 23.438 -734.375 671.875 164.062 -406.250 914.062
-703.125 828.125 -375.000 -460.938 -273.438 812.500 -500.000 31.250 929.688 54.688 -820.312 703.125 171.875 -460.938 953.125
-570.312 921.875 -335.938 -421.875 -312.500 859.375 -445.312 15.625 1023.438 93.750 -835.938 742.188 187.500 -476.562 992.188
-367.188 1250.000 -78.125 -453.125 -203.125 882.812 -476.562 85.938 929.688 117.188 -835.938 757.812 210.938 -429.688 1031.250
-398.438 1421.875 -31.250 -437.500 -218.750 898.438 -484.375 117.188 859.375 7.812 -765.625 656.250 203.125 -421.875 960.938
-414.062 1320.312 -31.250 -367.188 -54.688 1226.562 -414.062 289.062 1015.625 -62.500 -648.438 656.250 54.688 -375.000 843.750
-375.000 1023.438 148.438 -367.188 -46.875 1289.062 -375.000 406.250 1023.438 -54.688 -671.875 664.062 23.438 -375.000 789.062
-85.938 820.312 523.438 210.938 125.000 2046.875 734.375 1000.000 2359.375 -148.438 -414.062 1312.500 -85.938 -164.062 1000.000
23.438 -39.062 710.938 281.250 1210.938 2343.750 101.562 1351.562 1218.750 -468.750 -421.875 906.250 93.750 -289.062 1117.188
-570.312 1484.375 226.562 -70.312 445.312 -617.188 -968.750 -117.188 -304.688 -62.500 -281.250 710.938 273.438 -257.812 835.938
-765.625 2921.875 -265.625 -2156.250 -765.625 -1906.250 -1367.188 -968.750 -507.812 289.062 -515.625 625.000 382.812 -85.938 781.250
-375.000 -328.125 -359.375 -218.750 -578.125 875.000 -585.938 -250.000 773.438 -304.688 -1046.875 382.812 -54.688 -789.062 1046.875
-531.250 -1156.250 54.688 -585.938 -523.438 625.000 -640.625 -265.625 875.000 -70.312 -882.812 585.938 117.188 -609.375 890.625
-492.188 765.625 179.688 -1093.750 -437.500 -15.625 -992.188 -312.500 328.125 -70.312 -656.250 726.562 257.812 -132.812 1007.812
-359.375 539.062 335.938 -718.750 -39.062 710.938 -585.938 234.375 703.125 -257.812 -625.000 546.875 -132.812 -460.938 765.625
-296.875 828.125 390.625 -671.875 -85.938 718.750 -554.688 195.312 734.375 -218.750 -585.938 562.500 -156.250 -429.688 656.250
-257.812 1039.062 406.250 -679.688 -101.562 726.562 -601.562 132.812 679.688 -210.938 -539.062 570.312 -109.375 -257.812 656.250
-257.812 765.625 429.688 -671.875 -156.250 710.938 -578.125 109.375 750.000 -148.438 -640.625 632.812 -23.438 -382.812 835.938
-257.812 718.750 468.750 -726.562 -234.375 601.562 -664.062 0.000 695.312 -132.812 -695.312 687.500 39.062 -304.688 914.062
-398.438 726.562 343.750 -710.938 -312.500 593.750 -664.062 -46.875 695.312 -171.875 -718.750 632.812 -15.625 -367.188 906.250
-429.688 695.312 296.875 -679.688 -320.312 617.188 -648.438 -31.250 703.125 -203.125 -726.562 554.688 -62.500 -429.688 843.750
-257.812 742.188 414.062 -718.750 -281.250 625.000 -640.625 -15.625 726.562 -179.688 -679.688 585.938 -15.625 -375.000 835.938
-312.500 656.250 304.688 -687.500 -234.375 695.312 -632.812 39.062 742.188 -164.062 -656.250 617.188 -23.438 -382.812 820.312
-343.750 656.250 250.000 -656.250 -242.188 726.562 -593.750 54.688 781.250 -132.812 -664.062 617.188 -15.625 -382.812 804.688
-476.562 562.500 125.000 -640.625 -312.500 710.938 -617.188 -23.438 773.438 -156.250 -734.375 609.375 -39.062 -406.250 835.938
-695.312 796.875 -54.688 -703.125 -429.688 531.250 -718.750 -148.438 664.062 -156.250 -804.688 570.312 39.062 -468.750 937.500
-609.375 867.188 -31.250 -679.688 -359.375 562.500 -664.062 -39.062 640.625 -187.500 -718.750 554.688 0.000 -414.062 859.375
-648.438 898.438 -78.125 -742.188 -367.188 539.062 -710.938 -54.688 609.375 -234.375 -679.688 531.250 -54.688 -406.250 796.875
-875.000 984.375 -218.750 -726.562 -367.188 460.938 -726.562 -93.750 476.562 -218.750 -679.688 476.562 -31.250 -414.062 750.000
-695.312 828.125 -234.375 -382.812 -507.812 484.375 -421.875 -273.438 531.250 -125.000 -804.688 382.812 39.062 -515.625 804.688
-507.812 726.562 -62.500 210.938 -695.312 976.562 265.625 -203.125 1289.062 70.312 -679.688 437.500 281.250 -710.938 929.688
-539.062 835.938 -7.812 179.688 -492.188 1046.875 226.562 -85.938 1273.438 398.438 -953.125 617.188 312.500 -695.312 968.750
-648.438 1390.625 -46.875 -54.688 -492.188 742.188 39.062 -250.000 1000.000 406.250 -812.500 789.062 390.625 -453.125 1046.875
-273.438 1156.250 484.375 445.312 -125.000 1125.000 351.562 203.125 1015.625 382.812 -796.875 617.188 367.188 -562.500 1015.625
187.500 328.125 335.938 -109.375 -437.500 906.250 15.625 -109.375 1281.250 406.250 -484.375 1039.062 234.375 -226.562 906.250
-867.188 1062.500 78.125 -70.312 -429.688 875.000 -429.688 257.812 1203.125 179.688 -875.000 1085.938 -62.500 203.125 875.000
-671.875 875.000 -70.312 -171.875 -250.000 921.875 -421.875 304.688 992.188 -140.625 -421.875 843.750 -15.625 7.812 968.750
-679.688 726.562 609.375 -398.438 1585.938 640.625 -1273.438 656.250 460.938 539.062 -585.938 1085.938 7.812 62.500 984.375
-742.188 171.875 -140.625 125.000 382.812 1437.500 125.000 765.625 867.188 -476.562 -218.750 312.500 -226.562 31.250 734.375
-867.188 585.938 -93.750 156.250 367.188 1125.000 54.688 500.000 921.875 -171.875 -210.938 578.125 -421.875 -132.812 554.688
-460.938 750.000 54.688 125.000 39.062 960.938 70.312 218.750 921.875 187.500 -703.125 718.750 62.500 -85.938 695.312
-632.812 617.188 -54.688 210.938 -31.250 953.125 171.875 203.125 968.750 304.688 -546.875 679.688 179.688 -296.875 953.125
-617.188 710.938 -23.438 250.000 -54.688 1000.000 195.312 187.500 1046.875 312.500 -625.000 812.500 171.875 -125.000 851.562
-609.375 765.625 39.062 257.812 -62.500 992.188 156.250 156.250 1007.812 296.875 -609.375 718.750 203.125 -250.000 914.062
-539.062 828.125 117.188 203.125 -93.750 929.688 93.750 125.000 929.688 218.750 -648.438 625.000 179.688 -289.062 875.000
-601.562 804.688 109.375 195.312 -132.812 953.125 117.188 109.375 992.188 281.250 -664.062 687.500 210.938 -289.062 914.062
-578.125 781.250 117.188 171.875 -148.438 937.500 78.125 62.500 984.375 257.812 -687.500 679.688 210.938 -328.125 921.875
-601.562 765.625 101.562 156.250 -148.438 921.875 78.125 70.312 976.562 265.625 -656.250 671.875 210.938 -320.312 906.250
-570.312 851.562 117.188 148.438 -109.375 921.875 46.875 93.750 937.500 234.375 -625.000 648.438 171.875 -281.250 875.000
-554.688 851.562 117.188 156.250 -125.000 914.062 54.688 93.750 945.312 242.188 -648.438 656.250 187.500 -289.062 875.000
-570.312 726.562 85.938 140.625 -125.000 906.250 70.312 85.938 945.312 265.625 -640.625 664.062 218.750 -296.875 906.250
-601.562 679.688 54.688 109.375 -101.562 906.250 62.500 109.375 929.688 273.438 -617.188 664.062 242.188 -257.812 882.812
-570.312 781.250 46.875 273.438 -109.375 953.125 203.125 93.750 984.375 359.375 -632.812 671.875 296.875 -273.438 906.250
-570.312 828.125 54.688 320.312 -101.562 960.938 242.188 101.562 992.188 375.000 -632.812 679.688 296.875 -296.875 898.438
-546.875 875.000 78.125 320.312 -93.750 968.750 234.375 101.562 1007.812 351.562 -632.812 664.062 273.438 -304.688 875.000
-546.875 875.000 70.312 296.875 -93.750 976.562 210.938 109.375 984.375 351.562 -625.000 664.062 265.625 -289.062 882.812
-531.250 843.750 85.938 296.875 -148.438 984.375 210.938 85.938 1031.250 367.188 -671.875 687.500 289.062 -304.688 914.062
-500.000 882.812 109.375 312.500 -171.875 984.375 203.125 62.500 1031.250 367.188 -687.500 679.688 281.250 -320.312 921.875
-492.188 859.375 195.312 234.375 -70.312 984.375 140.625 140.625 968.750 320.312 -625.000 679.688 273.438 -296.875 898.438
-515.625 875.000 164.062 109.375 -54.688 906.250 85.938 125.000 906.250 312.500 -554.688 671.875 281.250 -234.375 859.375
-375.000 484.375 210.938 257.812 46.875 960.938 93.750 171.875 953.125 335.938 -531.250 781.250 343.750 -296.875 921.875
-500.000 570.312 195.312 -226.562 -101.562 1000.000 843.750 242.188 968.750 335.938 -593.750 750.000 281.250 -218.750 898.438
-554.688 773.438 179.688 304.688 31.250 1148.438 234.375 281.250 1046.875 312.500 -554.688 734.375 242.188 -343.750 914.062
-429.688 687.500 156.250 296.875 -7.812 1203.125 125.000 242.188 1023.438 304.688 -546.875 781.250 187.500 -250.000 859.375
-601.562 773.438 31.250 195.312 -62.500 1023.438 93.750 164.062 992.188 226.562 -554.688 742.188 179.688 -203.125 875.000
-632.812 796.875 -31.250 164.062 -78.125 960.938 54.688 101.562 968.750 164.062 -656.250 687.500 179.688 -242.188 875.000
-656.250 773.438 -78.125 31.250 -101.562 812.500 -70.312 62.500 875.000 140.625 -562.500 679.688 171.875 -343.750 843.750
-640.625 867.188 -85.938 -218.750 -265.625 609.375 -117.188 -101.562 789.062 101.562 -640.625 554.688 164.062 -429.688 828.125
