-156.250 1000.000 -31.250 250.000 148.438 937.500 234.375 78.125 1109.375 531.250 -156.250 953.125 468.750 39.062 875.000
-117.188 968.750 -62.500 429.688 390.625 1093.750 203.125 203.125 1039.062 460.938 -195.312 851.562 468.750 15.625 875.000
-148.438 945.312 -70.312 414.062 359.375 1093.750 234.375 195.312 1078.125 445.312 -187.500 843.750 429.688 -15.625 828.125
-171.875 1023.438 -39.062 312.500 273.438 953.125 195.312 132.812 1031.250 492.188 -156.250 890.625 476.562 39.062 843.750
-109.375 1023.438 -15.625 218.750 296.875 851.562 125.000 117.188 945.312 460.938 -179.688 867.188 523.438 70.312 906.250
-148.438 992.188 -62.500 226.562 296.875 859.375 132.812 148.438 953.125 445.312 -156.250 835.938 484.375 54.688 859.375
-156.250 992.188 -70.312 234.375 312.500 882.812 132.812 164.062 945.312 429.688 -148.438 835.938 460.938 39.062 835.938
-125.000 968.750 -62.500 242.188 304.688 875.000 140.625 171.875 937.500 421.875 -132.812 812.500 453.125 62.500 804.688
-101.562 976.562 -39.062 226.562 289.062 851.562 125.000 156.250 921.875 421.875 -148.438 828.125 468.750 54.688 843.750
-117.188 1000.000 -31.250 234.375 296.875 851.562 148.438 148.438 921.875 429.688 -140.625 820.312 468.750 85.938 843.750
-117.188 1000.000 -31.250 234.375 296.875 851.562 148.438 148.438 921.875 429.688 -140.625 820.312 468.750 85.938 843.750
-101.562 984.375 -31.250 250.000 289.062 859.375 156.250 148.438 929.688 437.500 -140.625 835.938 476.562 70.312 851.562
-132.812 976.562 -46.875 281.250 289.062 867.188 179.688 148.438 953.125 468.750 -148.438 835.938 515.625 46.875 875.000
-156.250 921.875 -78.125 304.688 273.438 898.438 187.500 140.625 992.188 476.562 -171.875 867.188 492.188 85.938 906.250
-132.812 929.688 -62.500 281.250 273.438 890.625 171.875 132.812 968.750 460.938 -164.062 859.375 468.750 54.688 875.000
-156.250 953.125 -70.312 250.000 296.875 859.375 148.438 164.062 937.500 453.125 -132.812 859.375 500.000 78.125 921.875
-148.438 976.562 -62.500 257.812 289.062 859.375 164.062 156.250 945.312 468.750 -171.875 875.000 554.688 250.000 1070.312
-148.438 976.562 -62.500 257.812 289.062 859.375 164.062 156.250 945.312 468.750 -171.875 875.000 554.688 250.000 1070.312
-156.250 968.750 -85.938 273.438 304.688 875.000 164.062 156.250 953.125 468.750 -156.250 867.188 531.250 250.000 1046.875
-156.250 968.750 -85.938 273.438 304.688 875.000 164.062 156.250 953.125 468.750 -156.250 867.188 531.250 250.000 1046.875
-109.375 929.688 -70.312 289.062 343.750 835.938 164.062 179.688 937.500 414.062 -54.688 812.500 468.750 296.875 992.188
-140.625 976.562 -62.500 250.000 210.938 734.375 132.812 164.062 867.188 375.000 -70.312 773.438 234.375 15.625 828.125
-132.812 992.188 -101.562 304.688 289.062 804.688 148.438 187.500 882.812 367.188 -62.500 781.250 148.438 -39.062 773.438
-156.250 921.875 -117.188 468.750 437.500 1031.250 257.812 296.875 1046.875 406.250 -54.688 859.375 -46.875 -70.312 625.000
-156.250 1000.000 -148.438 601.562 531.250 1140.625 453.125 335.938 1265.625 539.062 -54.688 1007.812 -54.688 23.438 593.750
-148.438 1062.500 -164.062 632.812 578.125 1234.375 476.562 335.938 1414.062 695.312 -140.625 1257.812 15.625 62.500 734.375
-203.125 1078.125 -304.688 585.938 148.438 1140.625 164.062 46.875 1203.125 695.312 -210.938 1382.812 148.438 62.500 1132.812
-203.125 1078.125 -304.688 585.938 148.438 1140.625 164.062 46.875 1203.125 695.312 -210.938 1382.812 148.438 62.500 1132.812
-320.312 1031.250 -523.438 539.062 265.625 1125.000 242.188 85.938 1242.188 648.438 -289.062 1265.625 187.500 31.250 1140.625
-578.125 937.500 -835.938 437.500 289.062 1265.625 195.312 273.438 1187.500 609.375 -406.250 1093.750 132.812 -93.750 1093.750
-242.188 273.438 -578.125 -328.125 164.062 140.625 -617.188 23.438 -62.500 -203.125 -70.312 187.500 7.812 -54.688 789.062
-242.188 273.438 -578.125 -328.125 164.062 140.625 -617.188 23.438 -62.500 -203.125 -70.312 187.500 7.812 -54.688 789.062
195.312 210.938 -70.312 804.688 1062.500 570.312 -179.688 632.812 460.938 -101.562 296.875 539.062 -31.250 523.438 875.000
210.938 718.750 367.188 -218.750 953.125 742.188 -171.875 328.125 1023.438 -437.500 -156.250 757.812 23.438 679.688 1429.688
382.812 3164.062 -171.875 -781.250 -140.625 843.750 -937.500 148.438 945.312 -671.875 -78.125 890.625 -640.625 -23.438 523.438
164.062 2265.625 -15.625 -351.562 23.438 1531.250 -1039.062 328.125 632.812 -781.250 -7.812 585.938 -773.438 148.438 281.250
679.688 867.188 289.062 -242.188 375.000 1265.625 -437.500 484.375 875.000 -671.875 -101.562 531.250 -812.500 289.062 250.000
679.688 867.188 289.062 -242.188 375.000 1265.625 -437.500 484.375 875.000 -671.875 -101.562 531.250 -812.500 289.062 250.000
250.000 976.562 39.062 -531.250 -179.688 531.250 -546.875 132.812 781.250 -640.625 39.062 710.938 -648.438 -140.625 695.312
-78.125 757.812 -171.875 -539.062 382.812 687.500 -585.938 328.125 585.938 -429.688 -156.250 812.500 -468.750 320.312 875.000
-125.000 1000.000 -156.250 -578.125 242.188 609.375 -554.688 226.562 835.938 -343.750 78.125 1226.562 -382.812 398.438 1101.562
-93.750 1015.625 -156.250 -515.625 375.000 773.438 -539.062 320.312 828.125 -429.688 -31.250 1085.938 -445.312 328.125 1093.750
-117.188 1156.250 -164.062 -523.438 453.125 906.250 -554.688 429.688 890.625 -515.625 15.625 976.562 -570.312 187.500 851.562
-132.812 1382.812 -125.000 -289.062 515.625 1226.562 -390.625 656.250 1015.625 -453.125 109.375 843.750 -468.750 -23.438 703.125
-132.812 1382.812 -125.000 -289.062 515.625 1226.562 -390.625 656.250 1015.625 -453.125 109.375 843.750 -468.750 -23.438 703.125
-85.938 1320.312 -54.688 -62.500 406.250 1507.812 -171.875 679.688 1523.438 -250.000 304.688 1257.812 -554.688 203.125 671.875
-85.938 1320.312 -54.688 -62.500 406.250 1507.812 -171.875 679.688 1523.438 -250.000 304.688 1257.812 -554.688 203.125 671.875
-117.188 1296.875 15.625 585.938 1875.000 2460.938 328.125 1828.125 1742.188 0.000 320.312 1414.062 -421.875 492.188 1046.875
-375.000 1789.062 -273.438 -421.875 585.938 -70.312 -1687.500 -15.625 164.062 -945.312 0.000 1078.125 -539.062 593.750 1328.125
-343.750 2359.375 -734.375 -2562.500 -773.438 -1960.938 -1140.625 -710.938 -203.125 -593.750 -429.688 929.688 -23.438 31.250 1703.125
-523.438 -1671.875 -500.000 -117.188 195.312 890.625 -531.250 203.125 515.625 -687.500 -101.562 492.188 -757.812 203.125 398.438
-570.312 -820.312 -546.875 -351.562 -281.250 500.000 -742.188 132.812 343.750 -648.438 -421.875 523.438 -804.688 273.438 429.688
-312.500 921.875 -421.875 -1054.688 1171.875 -554.688 257.812 929.688 625.000 -781.250 -406.250 523.438 -515.625 -234.375 796.875
125.000 1171.875 -15.625 -468.750 617.188 1257.812 -437.500 687.500 929.688 -640.625 328.125 562.500 -601.562 187.500 312.500
-15.625 1429.688 -70.312 -625.000 492.188 945.312 -460.938 468.750 921.875 -437.500 312.500 796.875 -632.812 304.688 281.250
-15.625 1429.688 -70.312 -625.000 492.188 945.312 -460.938 468.750 921.875 -437.500 312.500 796.875 -632.812 304.688 281.250
-203.125 679.688 -140.625 -593.750 312.500 742.188 -515.625 296.875 750.000 -414.062 62.500 796.875 -375.000 148.438 781.250
-257.812 367.188 -203.125 -578.125 31.250 515.625 -539.062 54.688 671.875 -312.500 -257.812 820.312 -320.312 23.438 929.688
-257.812 367.188 -203.125 -578.125 31.250 515.625 -539.062 54.688 671.875 -312.500 -257.812 820.312 -320.312 23.438 929.688
320.312 578.125 132.812 -523.438 187.500 742.188 -500.000 179.688 859.375 -195.312 -164.062 1078.125 -117.188 171.875 1164.062
85.938 882.812 39.062 -703.125 234.375 726.562 -539.062 281.250 835.938 -304.688 -54.688 1000.000 -140.625 125.000 1078.125
-367.188 1335.938 -421.875 -453.125 117.188 867.188 -367.188 179.688 843.750 -242.188 -164.062 812.500 -320.312 -15.625 718.750
-359.375 1296.875 -421.875 -570.312 -31.250 695.312 -546.875 -125.000 789.062 -171.875 -320.312 1015.625 -156.250 7.812 1031.250
-382.812 1226.562 -367.188 -437.500 -171.875 671.875 -335.938 -132.812 890.625 -85.938 -500.000 1070.312 -85.938 -85.938 1171.875
-382.812 1226.562 -367.188 -437.500 -171.875 671.875 -335.938 -132.812 890.625 -85.938 -500.000 1070.312 -85.938 -85.938 1171.875
-648.438 1148.438 -601.562 -101.562 -117.188 648.438 -281.250 -210.938 718.750 -304.688 -421.875 656.250 -320.312 -328.125 718.750
-648.438 1148.438 -601.562 -101.562 -117.188 648.438 -281.250 -210.938 718.750 -304.688 -421.875 656.250 -320.312 -328.125 718.750
-328.125 1054.688 -281.250 421.875 -742.188 468.750 54.688 -234.375 671.875 -85.938 -578.125 625.000 0.000 -375.000 921.875
-78.125 1085.938 85.938 796.875 0.000 1140.625 585.938 250.000 1351.562 187.500 -351.562 859.375 210.938 -218.750 1031.250
195.312 859.375 390.625 671.875 351.562 1125.000 367.188 601.562 1156.250 320.312 -140.625 1031.250 406.250 -203.125 1132.812
-742.188 1195.312 -23.438 218.750 -62.500 351.562 39.062 -578.125 929.688 437.500 -937.500 960.938 296.875 -218.750 1125.000
-164.062 585.938 546.875 718.750 2757.812 1445.312 -125.000 593.750 656.250 382.812 -546.875 859.375 382.812 -312.500 1179.688
-218.750 929.688 -62.500 39.062 703.125 1015.625 -242.188 359.375 789.062 -31.250 -62.500 679.688 -78.125 -85.938 601.562
-218.750 929.688 -62.500 39.062 703.125 1015.625 -242.188 359.375 789.062 -31.250 -62.500 679.688 -78.125 -85.938 601.562
-265.625 968.750 -132.812 -70.312 296.875 750.000 -429.688 296.875 656.250 -117.188 -54.688 640.625 -54.688 164.062 554.688
-421.875 757.812 -156.250 70.312 367.188 835.938 -226.562 187.500 843.750 46.875 -218.750 867.188 23.438 62.500 804.688
-484.375 867.188 -156.250 445.312 359.375 750.000 210.938 109.375 960.938 445.312 -289.062 882.812 312.500 -54.688 882.812
-335.938 796.875 -109.375 546.875 164.062 757.812 250.000 -46.875 960.938 414.062 -484.375 796.875 414.062 -179.688 984.375
-335.938 796.875 -109.375 546.875 164.062 757.812 250.000 -46.875 960.938 414.062 -484.375 796.875 414.062 -179.688 984.375
-320.312 687.500 -148.438 562.500 109.375 789.062 234.375 -78.125 1000.000 382.812 -468.750 835.938 390.625 -195.312 1007.812
-320.312 687.500 -148.438 562.500 109.375 789.062 234.375 -78.125 1000.000 382.812 -468.750 835.938 390.625 -195.312 1007.812
-375.000 765.625 -148.438 453.125 265.625 789.062 109.375 78.125 953.125 289.062 -335.938 828.125 289.062 -101.562 890.625
-375.000 765.625 -148.438 453.125 265.625 789.062 109.375 78.125 953.125 289.062 -335.938 828.125 289.062 -101.562 890.625
-429.688 898.438 -156.250 398.438 375.000 773.438 101.562 179.688 921.875 328.125 -234.375 812.500 335.938 -23.438 828.125
-468.750 843.750 -218.750 429.688 414.062 789.062 187.500 179.688 984.375 453.125 -273.438 890.625 507.812 -23.438 953.125
-460.938 867.188 -218.750 468.750 421.875 773.438 210.938 164.062 984.375 500.000 -273.438 906.250 539.062 23.438 953.125
-437.500 921.875 -218.750 609.375 421.875 796.875 312.500 171.875 1031.250 523.438 -296.875 906.250 523.438 -39.062 960.938
-406.250 968.750 -203.125 656.250 398.438 812.500 328.125 132.812 1062.500 539.062 -304.688 929.688 507.812 -23.438 976.562
-375.000 976.562 -148.438 453.125 414.062 773.438 164.062 171.875 937.500 406.250 -257.812 875.000 507.812 70.312 945.312
-406.250 929.688 -132.812 335.938 421.875 718.750 101.562 187.500 875.000 382.812 -226.562 835.938 546.875 70.312 914.062
-406.250 929.688 -132.812 335.938 421.875 718.750 101.562 187.500 875.000 382.812 -226.562 835.938 546.875 70.312 914.062
-421.875 937.500 -132.812 406.250 414.062 757.812 125.000 179.688 937.500 460.938 -218.750 867.188 414.062 195.312 898.438
-382.812 1015.625 -148.438 382.812 445.312 734.375 187.500 234.375 890.625 375.000 -148.438 812.500 164.062 -31.250 757.812
-335.938 820.312 -62.500 359.375 421.875 750.000 171.875 179.688 921.875 296.875 -164.062 804.688 203.125 -85.938 812.500
695.312 820.312 484.375 757.812 1039.062 914.062 -125.000 515.625 679.688 562.500 -179.688 843.750 445.312 -39.062 914.062
226.562 960.938 132.812 648.438 695.312 914.062 250.000 445.312 953.125 289.062 -148.438 882.812 289.062 296.875 812.500
-343.750 820.312 -257.812 523.438 515.625 984.375 117.188 250.000 1000.000 312.500 -195.312 890.625 203.125 -62.500 804.688
-359.375 898.438 -203.125 390.625 437.500 804.688 46.875 140.625 867.188 210.938 -273.438 820.312 250.000 46.875 867.188
-382.812 1007.812 -242.188 -414.062 -31.250 171.875 -250.000 7.812 601.562 31.250 -234.375 765.625 304.688 -210.938 1015.625
