-671.875 703.125 -7.812 -218.750 -39.062 953.125 -179.688 23.438 960.938 85.938 -484.375 820.312 164.062 -265.625 906.250
-687.500 703.125 7.812 -234.375 -46.875 937.500 -187.500 0.000 953.125 85.938 -484.375 820.312 156.250 -265.625 914.062
-679.688 695.312 31.250 -234.375 -70.312 929.688 -203.125 0.000 945.312 70.312 -492.188 804.688 140.625 -281.250 898.438
-671.875 687.500 31.250 -234.375 -70.312 921.875 -210.938 -7.812 945.312 62.500 -500.000 796.875 148.438 -289.062 898.438
-664.062 695.312 46.875 -234.375 -85.938 921.875 -210.938 -15.625 937.500 54.688 -500.000 804.688 140.625 -296.875 898.438
-671.875 695.312 39.062 -234.375 -70.312 921.875 -218.750 -23.438 937.500 54.688 -523.438 789.062 132.812 -304.688 898.438
-671.875 703.125 46.875 -234.375 -85.938 929.688 -203.125 -23.438 945.312 62.500 -507.812 796.875 140.625 -296.875 898.438
-664.062 695.312 46.875 -226.562 -78.125 921.875 -203.125 -15.625 937.500 70.312 -507.812 789.062 156.250 -296.875 898.438
-671.875 703.125 39.062 -218.750 -78.125 937.500 -195.312 -15.625 960.938 70.312 -507.812 789.062 140.625 -296.875 898.438
-671.875 703.125 46.875 -218.750 -85.938 937.500 -187.500 -7.812 953.125 70.312 -500.000 796.875 140.625 -289.062 890.625
-664.062 703.125 39.062 -218.750 -78.125 929.688 -179.688 -7.812 945.312 78.125 -515.625 804.688 140.625 -281.250 898.438
-664.062 703.125 39.062 -218.750 -70.312 921.875 -195.312 -15.625 953.125 70.312 -500.000 812.500 148.438 -296.875 898.438
-664.062 695.312 39.062 -226.562 -70.312 921.875 -195.312 -7.812 953.125 93.750 -500.000 812.500 171.875 -281.250 906.250
-671.875 695.312 31.250 -218.750 -62.500 929.688 -195.312 0.000 953.125 93.750 -500.000 820.312 179.688 -281.250 906.250
-671.875 695.312 31.250 -210.938 -54.688 945.312 -171.875 15.625 968.750 101.562 -500.000 812.500 187.500 -273.438 906.250
-671.875 710.938 15.625 -187.500 -39.062 976.562 -164.062 15.625 968.750 101.562 -492.188 828.125 179.688 -273.438 906.250
-671.875 734.375 23.438 -203.125 -39.062 953.125 -171.875 15.625 976.562 101.562 -484.375 828.125 156.250 -265.625 914.062
-664.062 734.375 15.625 -210.938 -54.688 953.125 -179.688 0.000 968.750 85.938 -484.375 828.125 156.250 -273.438 921.875
-679.688 710.938 7.812 -242.188 -39.062 921.875 -203.125 7.812 945.312 85.938 -492.188 820.312 179.688 -265.625 921.875
-687.500 695.312 7.812 -242.188 -39.062 914.062 -210.938 0.000 953.125 93.750 -476.562 828.125 187.500 -257.812 914.062
-671.875 695.312 -15.625 -234.375 -46.875 929.688 -179.688 15.625 960.938 101.562 -476.562 828.125 195.312 -250.000 914.062
-679.688 703.125 0.000 -226.562 -31.250 945.312 -179.688 15.625 968.750 101.562 -476.562 835.938 195.312 -250.000 921.875
-679.688 734.375 0.000 -195.312 -23.438 960.938 -164.062 23.438 976.562 101.562 -476.562 835.938 187.500 -257.812 906.250
-664.062 757.812 0.000 -195.312 -46.875 960.938 -148.438 15.625 976.562 109.375 -484.375 835.938 179.688 -265.625 914.062
-679.688 750.000 7.812 -195.312 -46.875 960.938 -156.250 -7.812 968.750 132.812 -492.188 835.938 203.125 -265.625 921.875
-656.250 742.188 15.625 -210.938 -46.875 953.125 -164.062 -7.812 976.562 125.000 -500.000 835.938 210.938 -273.438 921.875
-664.062 734.375 31.250 -218.750 -78.125 945.312 -187.500 -39.062 968.750 101.562 -523.438 796.875 179.688 -304.688 914.062
-664.062 742.188 46.875 -210.938 -85.938 945.312 -187.500 -46.875 968.750 93.750 -531.250 820.312 179.688 -312.500 914.062
-656.250 742.188 54.688 -210.938 -93.750 953.125 -187.500 -46.875 968.750 93.750 -531.250 804.688 179.688 -312.500 906.250
-656.250 742.188 54.688 -210.938 -93.750 937.500 -179.688 -46.875 968.750 85.938 -531.250 804.688 171.875 -312.500 898.438
-664.062 726.562 46.875 -226.562 -101.562 945.312 -187.500 -39.062 960.938 78.125 -523.438 789.062 171.875 -304.688 898.438
-664.062 710.938 46.875 -226.562 -85.938 945.312 -203.125 -31.250 953.125 85.938 -515.625 789.062 164.062 -312.500 898.438
-679.688 710.938 39.062 -242.188 -78.125 937.500 -203.125 -31.250 937.500 85.938 -515.625 796.875 171.875 -289.062 906.250
-671.875 710.938 39.062 -234.375 -85.938 929.688 -187.500 -39.062 945.312 78.125 -515.625 796.875 164.062 -304.688 898.438
-664.062 718.750 46.875 -234.375 -85.938 929.688 -195.312 -39.062 937.500 70.312 -515.625 789.062 156.250 -304.688 898.438
-664.062 718.750 46.875 -234.375 -85.938 921.875 -203.125 -39.062 945.312 70.312 -507.812 773.438 156.250 -304.688 890.625
-671.875 703.125 39.062 -226.562 -85.938 929.688 -203.125 -39.062 929.688 93.750 -515.625 789.062 156.250 -296.875 890.625
-664.062 695.312 31.250 -226.562 -85.938 929.688 -203.125 -54.688 945.312 78.125 -515.625 804.688 164.062 -296.875 906.250
-664.062 695.312 31.250 -226.562 -85.938 929.688 -195.312 -31.250 953.125 78.125 -515.625 789.062 140.625 -289.062 898.438
-656.250 703.125 31.250 -226.562 -78.125 929.688 -195.312 -23.438 953.125 85.938 -507.812 804.688 156.250 -289.062 898.438
-664.062 718.750 23.438 -218.750 -54.688 929.688 -187.500 -7.812 937.500 93.750 -492.188 804.688 171.875 -273.438 890.625
-671.875 726.562 15.625 -210.938 -46.875 945.312 -187.500 0.000 953.125 93.750 -492.188 812.500 171.875 -265.625 890.625
-664.062 718.750 0.000 -210.938 -46.875 945.312 -187.500 0.000 960.938 101.562 -492.188 812.500 171.875 -257.812 898.438
-664.062 726.562 0.000 -210.938 -39.062 945.312 -171.875 7.812 960.938 109.375 -484.375 820.312 187.500 -250.000 906.250
-671.875 734.375 0.000 -210.938 -31.250 945.312 -164.062 7.812 960.938 132.812 -476.562 828.125 195.312 -250.000 914.062
-679.688 710.938 -7.812 -195.312 -46.875 960.938 -156.250 15.625 968.750 125.000 -484.375 828.125 195.312 -257.812 906.250
-656.250 718.750 -7.812 -195.312 -46.875 960.938 -156.250 7.812 968.750 125.000 -484.375 820.312 187.500 -265.625 914.062
-656.250 718.750 7.812 -203.125 -54.688 960.938 -164.062 0.000 976.562 125.000 -492.188 820.312 187.500 -265.625 921.875
-656.250 734.375 23.438 -203.125 -46.875 953.125 -156.250 0.000 968.750 117.188 -500.000 820.312 179.688 -273.438 906.250
-656.250 750.000 23.438 -195.312 -54.688 960.938 -156.250 0.000 968.750 125.000 -500.000 820.312 187.500 -265.625 906.250
-648.438 750.000 31.250 -171.875 -62.500 968.750 -156.250 -7.812 968.750 132.812 -492.188 828.125 195.312 -273.438 914.062
-664.062 750.000 15.625 -179.688 -46.875 976.562 -148.438 0.000 984.375 132.812 -500.000 820.312 195.312 -273.438 906.250
-632.812 789.062 23.438 -31.250 -23.438 1164.062 -39.062 70.312 1085.938 179.688 -515.625 835.938 210.938 -296.875 914.062
-578.125 914.062 62.500 171.875 31.250 1414.062 62.500 117.188 1187.500 210.938 -539.062 843.750 187.500 -335.938 921.875
-671.875 1031.250 54.688 335.938 -31.250 1679.688 140.625 132.812 1382.812 250.000 -648.438 859.375 187.500 -406.250 945.312
-632.812 1000.000 101.562 390.625 -15.625 1664.062 148.438 -15.625 1390.625 226.562 -656.250 867.188 210.938 -437.500 937.500
-671.875 765.625 78.125 46.875 -203.125 1125.000 -250.000 -320.312 968.750 109.375 -546.875 835.938 164.062 -328.125 929.688
-664.062 523.438 70.312 -484.375 -250.000 500.000 -460.938 -15.625 890.625 -46.875 -539.062 828.125 125.000 -257.812 937.500
-648.438 359.375 -39.062 -687.500 -85.938 148.438 -695.312 -54.688 617.188 31.250 -437.500 804.688 156.250 -132.812 914.062
-687.500 351.562 -109.375 -820.312 70.312 148.438 -523.438 46.875 554.688 23.438 -320.312 773.438 289.062 -39.062 882.812
-726.562 609.375 -109.375 -757.812 218.750 343.750 -453.125 210.938 671.875 23.438 -250.000 765.625 218.750 -117.188 796.875
-671.875 882.812 -54.688 -726.562 296.875 523.438 -296.875 54.688 789.062 101.562 -390.625 710.938 109.375 -281.250 773.438
-648.438 968.750 -7.812 -671.875 -15.625 671.875 -250.000 -15.625 945.312 54.688 -484.375 710.938 31.250 -375.000 820.312
-703.125 859.375 -31.250 -781.250 -54.688 507.812 -109.375 -164.062 945.312 101.562 -507.812 765.625 101.562 -367.188 867.188
-695.312 593.750 -156.250 -984.375 -328.125 132.812 -390.625 -335.938 796.875 109.375 -625.000 820.312 289.062 -250.000 1007.812
-710.938 406.250 -148.438 -976.562 -468.750 117.188 -453.125 -257.812 796.875 54.688 -531.250 843.750 218.750 -187.500 968.750
-671.875 453.125 -148.438 -906.250 -281.250 187.500 -421.875 -218.750 828.125 46.875 -539.062 796.875 148.438 -234.375 890.625
-765.625 679.688 -101.562 -820.312 -93.750 531.250 -218.750 -156.250 906.250 109.375 -492.188 734.375 140.625 -289.062 820.312
-796.875 742.188 -140.625 -875.000 -132.812 531.250 -218.750 -125.000 937.500 171.875 -484.375 734.375 171.875 -304.688 812.500
-812.500 789.062 -187.500 -945.312 -218.750 382.812 -234.375 -304.688 867.188 156.250 -601.562 734.375 218.750 -351.562 859.375
-726.562 648.438 -156.250 -890.625 -351.562 320.312 -335.938 -367.188 867.188 93.750 -695.312 742.188 195.312 -406.250 945.312
-640.625 531.250 -15.625 -882.812 -375.000 343.750 -304.688 -382.812 882.812 125.000 -671.875 750.000 179.688 -398.438 914.062
-671.875 554.688 -23.438 -898.438 -351.562 328.125 -312.500 -359.375 859.375 132.812 -664.062 726.562 203.125 -398.438 875.000
-757.812 671.875 -117.188 -929.688 -304.688 328.125 -304.688 -359.375 812.500 125.000 -648.438 695.312 187.500 -406.250 835.938
-757.812 703.125 -140.625 -921.875 -281.250 320.312 -312.500 -312.500 820.312 101.562 -617.188 687.500 195.312 -375.000 843.750
-703.125 632.812 -78.125 -921.875 -296.875 273.438 -328.125 -320.312 796.875 93.750 -640.625 703.125 195.312 -375.000 859.375
-726.562 625.000 -85.938 -929.688 -312.500 265.625 -328.125 -343.750 773.438 125.000 -625.000 687.500 210.938 -375.000 851.562
-750.000 679.688 -140.625 -921.875 -328.125 281.250 -265.625 -390.625 765.625 148.438 -671.875 664.062 242.188 -406.250 867.188
-734.375 687.500 -125.000 -984.375 -343.750 203.125 -164.062 -531.250 703.125 179.688 -734.375 601.562 296.875 -453.125 875.000
-726.562 757.812 -109.375 -1000.000 -273.438 -31.250 -15.625 -601.562 625.000 234.375 -773.438 570.312 398.438 -468.750 914.062
-734.375 804.688 -93.750 -875.000 -218.750 15.625 -148.438 -304.688 546.875 281.250 -734.375 585.938 382.812 -539.062 945.312
-750.000 945.312 -117.188 -742.188 -546.875 226.562 15.625 -656.250 960.938 195.312 -703.125 523.438 304.688 -445.312 945.312
-750.000 703.125 -164.062 -70.312 -843.750 375.000 195.312 -609.375 976.562 375.000 -546.875 781.250 242.188 -414.062 984.375
-742.188 570.312 -195.312 445.312 -562.500 515.625 148.438 -578.125 1101.562 382.812 -882.812 968.750 109.375 -171.875 867.188
-750.000 562.500 -171.875 531.250 -164.062 804.688 164.062 -343.750 1117.188 343.750 -585.938 976.562 250.000 -429.688 1054.688
-726.562 632.812 -39.062 289.062 671.875 1789.062 54.688 718.750 1203.125 78.125 -328.125 750.000 7.812 -109.375 664.062
-843.750 671.875 -296.875 164.062 328.125 1687.500 93.750 593.750 1226.562 7.812 -492.188 734.375 -148.438 -257.812 695.312
-789.062 414.062 -437.500 148.438 226.562 1367.188 15.625 257.812 1085.938 62.500 -445.312 804.688 -70.312 -273.438 789.062
-882.812 437.500 -406.250 31.250 23.438 1257.812 78.125 203.125 1054.688 203.125 -476.562 804.688 85.938 -312.500 890.625
-773.438 289.062 -281.250 -148.438 31.250 984.375 7.812 195.312 1054.688 273.438 -328.125 890.625 117.188 -320.312 968.750
-773.438 117.188 -367.188 -93.750 31.250 992.188 -31.250 164.062 968.750 93.750 -468.750 890.625 23.438 -31.250 890.625
-843.750 164.062 -453.125 132.812 -101.562 1062.500 78.125 164.062 1054.688 179.688 -453.125 843.750 54.688 -226.562 914.062
-796.875 304.688 -414.062 296.875 148.438 1242.188 250.000 289.062 1109.375 257.812 -398.438 875.000 62.500 -250.000 921.875
-843.750 695.312 -390.625 140.625 31.250 1031.250 78.125 187.500 1000.000 78.125 -406.250 804.688 -62.500 -226.562 843.750
-882.812 765.625 -398.438 148.438 156.250 1156.250 132.812 242.188 1046.875 117.188 -421.875 835.938 -125.000 -250.000 851.562
-750.000 679.688 -226.562 -117.188 -62.500 945.312 -132.812 78.125 1015.625 7.812 -468.750 953.125 -78.125 -195.312 1046.875
-843.750 601.562 -226.562 -46.875 -281.250 906.250 -281.250 -164.062 1046.875 -62.500 -554.688 1000.000 46.875 -140.625 1093.750
-781.250 695.312 -226.562 -132.812 187.500 1101.562 31.250 351.562 1070.312 132.812 -414.062 851.562 -85.938 -203.125 781.250
-890.625 750.000 -257.812 -171.875 195.312 1101.562 -23.438 484.375 984.375 101.562 -343.750 796.875 -31.250 -140.625 750.000
-820.312 554.688 -328.125 -148.438 218.750 960.938 164.062 640.625 1023.438 226.562 31.250 703.125 148.438 -109.375 617.188
-664.062 609.375 -132.812 -187.500 289.062 867.188 -23.438 226.562 968.750 54.688 -703.125 835.938 242.188 250.000 937.500
-726.562 492.188 -164.062 -210.938 281.250 882.812 -179.688 140.625 921.875 -62.500 -609.375 796.875 39.062 -164.062 1070.312
-546.875 500.000 -23.438 -210.938 187.500 914.062 -187.500 328.125 843.750 -62.500 -460.938 773.438 15.625 -226.562 1023.438
-453.125 492.188 117.188 -257.812 93.750 804.688 -226.562 234.375 726.562 -117.188 -328.125 640.625 -15.625 -218.750 859.375
-531.250 734.375 70.312 -210.938 62.500 781.250 -242.188 54.688 804.688 -23.438 -523.438 742.188 -39.062 -320.312 867.188
-492.188 703.125 109.375 -101.562 195.312 968.750 -226.562 140.625 929.688 -23.438 -593.750 789.062 -78.125 -445.312 929.688
-515.625 679.688 125.000 -203.125 148.438 906.250 -304.688 117.188 906.250 -39.062 -656.250 804.688 -117.188 -398.438 937.500
-562.500 640.625 164.062 -289.062 15.625 718.750 -367.188 39.062 835.938 -187.500 -656.250 742.188 -125.000 -406.250 937.500
-531.250 492.188 78.125 -570.312 -179.688 367.188 -390.625 70.312 671.875 -31.250 -546.875 796.875 101.562 -156.250 867.188
-671.875 742.188 31.250 -375.000 -39.062 421.875 -335.938 -93.750 640.625 265.625 -367.188 859.375 390.625 70.312 898.438
-835.938 750.000 -148.438 -484.375 -117.188 375.000 -406.250 -15.625 632.812 289.062 -359.375 906.250 523.438 187.500 921.875
-804.688 789.062 -265.625 -703.125 -570.312 585.938 -335.938 -140.625 773.438 39.062 -820.312 710.938 250.000 -460.938 1109.375
132.812 523.438 507.812 -875.000 132.812 562.500 -531.250 164.062 695.312 -156.250 -718.750 593.750 164.062 -554.688 1031.250
-562.500 1390.625 -46.875 -1062.500 -265.625 367.188 -843.750 -429.688 515.625 -250.000 -726.562 562.500 15.625 -359.375 820.312
-734.375 1421.875 -226.562 -867.188 -132.812 640.625 -718.750 -195.312 632.812 -195.312 -828.125 539.062 15.625 -492.188 851.562
-335.938 1000.000 171.875 -937.500 -156.250 812.500 -484.375 93.750 1109.375 -70.312 -656.250 875.000 46.875 -429.688 937.500
-460.938 1085.938 125.000 -890.625 -156.250 664.062 -617.188 -15.625 867.188 -7.812 -656.250 937.500 125.000 -304.688 1023.438
-515.625 1054.688 62.500 -984.375 -257.812 617.188 -585.938 -23.438 1023.438 -265.625 -687.500 773.438 85.938 -382.812 1046.875
-460.938 1125.000 156.250 -843.750 -46.875 750.000 -585.938 179.688 1000.000 -101.562 -656.250 906.250 85.938 -281.250 1000.000
-632.812 1226.562 85.938 -898.438 -78.125 718.750 -671.875 93.750 906.250 -164.062 -640.625 867.188 70.312 -328.125 1015.625
-507.812 1265.625 101.562 -1046.875 -23.438 523.438 -835.938 23.438 687.500 -359.375 -679.688 679.688 -54.688 -492.188 960.938
-328.125 1210.938 187.500 -882.812 -179.688 546.875 -765.625 39.062 726.562 -421.875 -664.062 578.125 -203.125 -507.812 812.500
-304.688 1070.312 226.562 -890.625 -125.000 578.125 -679.688 0.000 734.375 -414.062 -656.250 585.938 -226.562 -484.375 796.875
-343.750 898.438 179.688 -765.625 31.250 351.562 -648.438 304.688 890.625 -382.812 -695.312 625.000 -148.438 -421.875 898.438
-421.875 765.625 125.000 -773.438 -93.750 265.625 -617.188 -203.125 703.125 -312.500 -664.062 734.375 -125.000 -328.125 960.938
-460.938 445.312 187.500 -1054.688 -179.688 31.250 -523.438 1289.062 914.062 -492.188 -539.062 648.438 -78.125 -242.188 976.562
-367.188 296.875 296.875 -398.438 304.688 648.438 -703.125 273.438 234.375 -507.812 -390.625 445.312 -171.875 -203.125 820.312
-296.875 492.188 343.750 -703.125 0.000 398.438 -648.438 226.562 406.250 -593.750 -257.812 453.125 -281.250 -156.250 687.500
-437.500 679.688 250.000 -656.250 242.188 460.938 -820.312 156.250 328.125 -507.812 -359.375 531.250 -320.312 -179.688 671.875
-398.438 750.000 273.438 -62.500 359.375 1101.562 -710.938 421.875 507.812 -531.250 -390.625 523.438 -312.500 -218.750 726.562
-359.375 937.500 304.688 -93.750 -23.438 1210.938 -757.812 335.938 570.312 -476.562 -515.625 656.250 -312.500 -312.500 812.500
-296.875 859.375 343.750 -132.812 7.812 1218.750 -750.000 250.000 625.000 -531.250 -460.938 648.438 -304.688 -335.938 851.562
-203.125 593.750 367.188 -148.438 -140.625 1148.438 -812.500 187.500 515.625 -578.125 -546.875 554.688 -289.062 -390.625 875.000
-351.562 406.250 179.688 -289.062 -304.688 882.812 -890.625 78.125 437.500 -664.062 -523.438 421.875 -343.750 -312.500 781.250
-453.125 234.375 31.250 -375.000 -218.750 703.125 -789.062 -7.812 335.938 -601.562 -375.000 468.750 -250.000 -289.062 765.625
-507.812 289.062 15.625 -453.125 -148.438 585.938 -773.438 -7.812 203.125 -515.625 -460.938 492.188 -218.750 -257.812 757.812
-492.188 484.375 54.688 -632.812 -85.938 367.188 -804.688 62.500 46.875 -625.000 -390.625 304.688 -265.625 -234.375 687.500
-304.688 429.688 132.812 -617.188 15.625 375.000 -828.125 93.750 -78.125 -531.250 -210.938 328.125 -335.938 -148.438 554.688
-554.688 867.188 -125.000 -601.562 62.500 562.500 -875.000 203.125 15.625 -398.438 -320.312 398.438 -351.562 -234.375 523.438
-664.062 968.750 -179.688 -562.500 140.625 679.688 -945.312 226.562 156.250 -343.750 -328.125 507.812 -312.500 -273.438 578.125
-796.875 1117.188 -164.062 -585.938 109.375 710.938 -1046.875 109.375 148.438 -250.000 -476.562 664.062 -54.688 -375.000 851.562
-492.188 1414.062 93.750 -375.000 164.062 953.125 -867.188 250.000 492.188 -171.875 -429.688 835.938 -46.875 -203.125 906.250
-343.750 1062.500 195.312 -289.062 187.500 1210.938 -890.625 312.500 609.375 -31.250 -679.688 953.125 46.875 -367.188 1085.938
-375.000 984.375 195.312 -281.250 117.188 1257.812 -921.875 250.000 703.125 -31.250 -718.750 1015.625 117.188 -398.438 1171.875
-437.500 1031.250 132.812 -226.562 54.688 1320.312 -914.062 210.938 796.875 -15.625 -789.062 921.875 171.875 -437.500 1210.938
-414.062 1039.062 164.062 -390.625 -7.812 1179.688 -953.125 265.625 757.812 7.812 -734.375 937.500 101.562 -445.312 1078.125
-421.875 1156.250 218.750 -531.250 179.688 992.188 -1062.500 117.188 570.312 -23.438 -648.438 867.188 78.125 -460.938 945.312
-414.062 1281.250 218.750 -695.312 -93.750 890.625 -953.125 257.812 523.438 -39.062 -578.125 804.688 78.125 -367.188 890.625
-351.562 1000.000 148.438 -468.750 -15.625 945.312 -804.688 242.188 585.938 23.438 -562.500 789.062 85.938 -265.625 820.312
-390.625 890.625 148.438 -281.250 23.438 1031.250 -757.812 273.438 648.438 70.312 -578.125 843.750 125.000 -242.188 859.375
-414.062 828.125 132.812 -390.625 31.250 1062.500 -789.062 218.750 757.812 156.250 -632.812 898.438 234.375 -281.250 1007.812
-437.500 921.875 125.000 -343.750 7.812 1062.500 -789.062 195.312 757.812 156.250 -671.875 921.875 250.000 -304.688 1039.062
-375.000 945.312 117.188 -359.375 -148.438 976.562 -851.562 54.688 687.500 62.500 -765.625 812.500 187.500 -406.250 1039.062
-335.938 906.250 132.812 -398.438 -210.938 914.062 -773.438 15.625 640.625 23.438 -742.188 765.625 179.688 -414.062 1007.812
-289.062 906.250 156.250 -359.375 -203.125 914.062 -789.062 7.812 664.062 78.125 -742.188 789.062 164.062 -375.000 968.750
-281.250 859.375 164.062 -367.188 -203.125 906.250 -781.250 7.812 640.625 31.250 -734.375 757.812 195.312 -390.625 984.375
-335.938 867.188 117.188 -390.625 -132.812 851.562 -828.125 54.688 609.375 39.062 -679.688 734.375 156.250 -343.750 906.250
-343.750 882.812 125.000 -367.188 -164.062 882.812 -742.188 78.125 617.188 39.062 -648.438 742.188 148.438 -343.750 890.625
-359.375 921.875 132.812 -375.000 -93.750 953.125 -781.250 125.000 632.812 23.438 -640.625 742.188 132.812 -351.562 906.250
-382.812 921.875 132.812 -359.375 -101.562 992.188 -757.812 156.250 656.250 7.812 -640.625 734.375 125.000 -351.562 906.250
-484.375 976.562 101.562 -406.250 -140.625 960.938 -812.500 93.750 695.312 93.750 -687.500 820.312 203.125 -367.188 1000.000
-500.000 953.125 78.125 -421.875 -132.812 953.125 -804.688 85.938 671.875 78.125 -679.688 796.875 210.938 -367.188 976.562
-500.000 867.188 54.688 -437.500 -148.438 882.812 -812.500 62.500 609.375 23.438 -656.250 742.188 179.688 -351.562 914.062
-437.500 820.312 93.750 -460.938 -203.125 734.375 -773.438 0.000 476.562 -62.500 -609.375 648.438 93.750 -320.312 851.562
-382.812 726.562 117.188 -476.562 -203.125 679.688 -781.250 -39.062 390.625 -125.000 -601.562 609.375 54.688 -328.125 796.875
-375.000 703.125 125.000 -492.188 -218.750 609.375 -757.812 -31.250 445.312 -78.125 -609.375 648.438 15.625 -328.125 796.875
-429.688 734.375 109.375 -414.062 -132.812 789.062 -687.500 101.562 562.500 -23.438 -578.125 726.562 54.688 -281.250 828.125
-546.875 757.812 46.875 -460.938 -39.062 859.375 -757.812 179.688 585.938 39.062 -539.062 781.250 187.500 -273.438 906.250
-593.750 898.438 -7.812 -468.750 -78.125 828.125 -781.250 132.812 546.875 15.625 -546.875 773.438 187.500 -242.188 914.062
-578.125 898.438 0.000 -468.750 -78.125 828.125 -781.250 132.812 539.062 7.812 -554.688 765.625 148.438 -250.000 906.250
-523.438 812.500 23.438 -460.938 -62.500 867.188 -789.062 171.875 554.688 -23.438 -546.875 742.188 109.375 -304.688 882.812
-539.062 851.562 23.438 -468.750 -85.938 851.562 -789.062 140.625 539.062 -23.438 -570.312 726.562 78.125 -320.312 851.562
-515.625 882.812 31.250 -468.750 -179.688 750.000 -789.062 31.250 476.562 -78.125 -601.562 679.688 70.312 -312.500 867.188
-468.750 843.750 54.688 -484.375 -218.750 710.938 -796.875 0.000 445.312 -117.188 -609.375 671.875 54.688 -320.312 875.000
-429.688 679.688 85.938 -437.500 -179.688 750.000 -757.812 46.875 500.000 -85.938 -593.750 656.250 39.062 -320.312 835.938
-492.188 734.375 85.938 -359.375 -85.938 976.562 -695.312 179.688 671.875 -15.625 -585.938 742.188 46.875 -320.312 851.562
-523.438 804.688 70.312 -359.375 -109.375 1015.625 -726.562 156.250 726.562 39.062 -648.438 796.875 101.562 -359.375 929.688
-539.062 890.625 62.500 -351.562 -148.438 1007.812 -757.812 109.375 734.375 39.062 -687.500 789.062 125.000 -375.000 960.938
-523.438 976.562 70.312 -375.000 -210.938 960.938 -796.875 46.875 703.125 31.250 -726.562 781.250 156.250 -398.438 1007.812
-515.625 921.875 70.312 -367.188 -46.875 1054.688 -781.250 187.500 695.312 23.438 -656.250 796.875 164.062 -375.000 968.750
-546.875 921.875 54.688 -367.188 -117.188 1023.438 -781.250 132.812 765.625 117.188 -671.875 835.938 187.500 -367.188 960.938
-570.312 968.750 39.062 -367.188 -101.562 1039.062 -789.062 164.062 750.000 109.375 -656.250 828.125 218.750 -375.000 984.375
-585.938 1023.438 7.812 -359.375 -171.875 976.562 -789.062 101.562 718.750 70.312 -664.062 781.250 187.500 -382.812 937.500
-531.250 1015.625 31.250 -382.812 -187.500 914.062 -796.875 62.500 648.438 23.438 -679.688 750.000 148.438 -382.812 914.062
-484.375 929.688 70.312 -367.188 -242.188 859.375 -789.062 7.812 617.188 -31.250 -664.062 710.938 125.000 -382.812 914.062
-476.562 867.188 85.938 -390.625 -218.750 820.312 -781.250 -15.625 546.875 -46.875 -679.688 679.688 101.562 -375.000 914.062
-476.562 765.625 78.125 -390.625 -257.812 773.438 -750.000 -31.250 585.938 -93.750 -640.625 679.688 78.125 -359.375 890.625
-515.625 750.000 70.312 -390.625 -304.688 726.562 -734.375 -93.750 625.000 -117.188 -593.750 664.062 85.938 -359.375 875.000
-523.438 734.375 78.125 -414.062 -250.000 757.812 -757.812 7.812 507.812 -125.000 -617.188 632.812 62.500 -367.188 859.375
-539.062 757.812 70.312 -406.250 -195.312 718.750 -773.438 -31.250 476.562 -164.062 -570.312 632.812 31.250 -335.938 820.312
-546.875 750.000 62.500 -398.438 -187.500 703.125 -773.438 0.000 460.938 -125.000 -617.188 617.188 46.875 -320.312 843.750
-593.750 726.562 46.875 -343.750 -226.562 703.125 -726.562 31.250 429.688 -148.438 -515.625 664.062 85.938 -304.688 851.562
-648.438 789.062 23.438 -398.438 -218.750 734.375 -687.500 -15.625 554.688 -132.812 -453.125 703.125 54.688 -273.438 843.750
-640.625 609.375 46.875 -343.750 23.438 875.000 -640.625 242.188 515.625 -125.000 -382.812 726.562 15.625 -203.125 835.938
-625.000 500.000 62.500 -351.562 -23.438 765.625 -617.188 203.125 562.500 -101.562 -390.625 742.188 15.625 -179.688 835.938
