-500.000 867.188 -62.500 -171.875 -179.688 953.125 -125.000 54.688 960.938 132.812 -617.188 687.500 101.562 -335.938 875.000
-453.125 945.312 -15.625 -187.500 -195.312 937.500 -156.250 39.062 937.500 85.938 -609.375 687.500 46.875 -335.938 851.562
-453.125 945.312 7.812 -195.312 -195.312 937.500 -171.875 46.875 937.500 54.688 -609.375 679.688 46.875 -335.938 843.750
-453.125 906.250 0.000 -203.125 -195.312 921.875 -171.875 31.250 929.688 54.688 -609.375 671.875 46.875 -335.938 835.938
-453.125 882.812 -7.812 -218.750 -195.312 906.250 -164.062 31.250 929.688 54.688 -625.000 695.312 54.688 -343.750 859.375
-484.375 820.312 7.812 -210.938 -242.188 898.438 -156.250 0.000 945.312 85.938 -640.625 687.500 85.938 -359.375 882.812
-468.750 828.125 -7.812 -218.750 -234.375 906.250 -156.250 0.000 945.312 85.938 -640.625 687.500 85.938 -351.562 882.812
-484.375 835.938 -7.812 -218.750 -226.562 906.250 -148.438 15.625 953.125 93.750 -648.438 687.500 85.938 -343.750 882.812
-492.188 835.938 -15.625 -234.375 -195.312 882.812 -156.250 7.812 937.500 93.750 -632.812 695.312 101.562 -343.750 882.812
-523.438 851.562 -23.438 -296.875 -242.188 820.312 -195.312 0.000 906.250 101.562 -625.000 703.125 125.000 -328.125 898.438
-507.812 867.188 -23.438 -265.625 -226.562 835.938 -203.125 7.812 906.250 93.750 -609.375 695.312 125.000 -312.500 898.438
-500.000 820.312 -39.062 -234.375 -210.938 859.375 -187.500 39.062 898.438 109.375 -625.000 703.125 101.562 -304.688 875.000
-507.812 867.188 -39.062 -250.000 -164.062 843.750 -242.188 78.125 796.875 39.062 -507.812 601.562 78.125 -320.312 828.125
-523.438 914.062 -39.062 -226.562 -132.812 851.562 -226.562 148.438 773.438 54.688 -570.312 640.625 93.750 -328.125 781.250
-546.875 953.125 -23.438 -203.125 -132.812 875.000 -210.938 179.688 773.438 23.438 -429.688 531.250 93.750 -296.875 757.812
-531.250 976.562 -39.062 -179.688 -85.938 960.938 -132.812 265.625 742.188 39.062 -468.750 578.125 62.500 -351.562 687.500
-562.500 976.562 -62.500 -85.938 125.000 1007.812 -445.312 -23.438 218.750 -7.812 -406.250 398.438 62.500 -554.688 562.500
-570.312 1093.750 -171.875 46.875 -171.875 1085.938 -390.625 -359.375 101.562 -187.500 -359.375 101.562 85.938 -460.938 492.188
-609.375 1101.562 -234.375 148.438 -304.688 1109.375 -406.250 -593.750 226.562 39.062 -421.875 156.250 117.188 -398.438 445.312
-609.375 921.875 -218.750 31.250 -257.812 1054.688 289.062 -179.688 796.875 -23.438 -429.688 -7.812 -62.500 -195.312 343.750
-570.312 421.875 -70.312 -671.875 70.312 367.188 390.625 578.125 1054.688 210.938 -828.125 351.562 31.250 -31.250 343.750
-609.375 328.125 7.812 -867.188 -187.500 250.000 140.625 -210.938 875.000 367.188 -140.625 468.750 382.812 -250.000 726.562
-570.312 343.750 46.875 -421.875 -289.062 218.750 171.875 -312.500 750.000 742.188 -562.500 578.125 562.500 70.312 679.688
-367.188 296.875 85.938 -273.438 -445.312 226.562 195.312 -484.375 265.625 781.250 -492.188 85.938 726.562 -218.750 804.688
-375.000 343.750 93.750 195.312 -617.188 500.000 625.000 -476.562 687.500 656.250 -531.250 226.562 593.750 -414.062 617.188
-171.875 375.000 257.812 375.000 -578.125 718.750 953.125 -687.500 789.062 632.812 -640.625 218.750 625.000 -507.812 585.938
-70.312 531.250 296.875 195.312 -554.688 773.438 882.812 -617.188 710.938 1007.812 -664.062 250.000 718.750 -484.375 703.125
-109.375 992.188 281.250 460.938 -773.438 882.812 882.812 -617.188 703.125 1007.812 -726.562 281.250 835.938 -500.000 750.000
-164.062 1109.375 187.500 437.500 -789.062 890.625 992.188 -835.938 718.750 1007.812 -570.312 179.688 835.938 -539.062 750.000
-171.875 1062.500 226.562 500.000 -796.875 1015.625 1039.062 -804.688 757.812 1117.188 -757.812 250.000 921.875 -585.938 781.250
-93.750 1195.312 281.250 515.625 -789.062 1046.875 984.375 -796.875 726.562 1132.812 -765.625 187.500 937.500 -578.125 796.875
-210.938 1328.125 195.312 421.875 -804.688 968.750 992.188 -781.250 625.000 1140.625 -718.750 164.062 875.000 -593.750 703.125
-156.250 1203.125 195.312 375.000 -742.188 953.125 914.062 -687.500 648.438 1070.312 -742.188 140.625 882.812 -539.062 664.062
-54.688 1226.562 171.875 343.750 -750.000 898.438 859.375 -671.875 609.375 1078.125 -679.688 171.875 929.688 -515.625 656.250
-187.500 1140.625 156.250 335.938 -757.812 851.562 851.562 -632.812 585.938 1007.812 -601.562 132.812 914.062 -484.375 632.812
-85.938 1109.375 140.625 414.062 -671.875 1007.812 851.562 -625.000 632.812 1007.812 -632.812 132.812 867.188 -492.188 578.125
-195.312 1164.062 78.125 468.750 -773.438 1039.062 1007.812 -687.500 632.812 1007.812 -601.562 140.625 875.000 -515.625 609.375
-179.688 1187.500 93.750 445.312 -703.125 1039.062 1015.625 -679.688 640.625 1078.125 -648.438 132.812 945.312 -515.625 632.812
-195.312 1187.500 70.312 343.750 -625.000 976.562 882.812 -554.688 601.562 1125.000 -617.188 156.250 890.625 -468.750 570.312
-171.875 1242.188 70.312 359.375 -632.812 992.188 976.562 -546.875 617.188 1070.312 -570.312 156.250 843.750 -460.938 546.875
-164.062 1156.250 70.312 382.812 -656.250 1039.062 960.938 -593.750 710.938 976.562 -562.500 132.812 835.938 -453.125 570.312
-187.500 1093.750 46.875 359.375 -687.500 1054.688 992.188 -578.125 734.375 1007.812 -585.938 179.688 906.250 -445.312 640.625
-195.312 1101.562 62.500 335.938 -687.500 1039.062 1015.625 -531.250 750.000 1062.500 -554.688 265.625 914.062 -437.500 648.438
0.000 1304.688 218.750 507.812 -734.375 1359.375 960.938 -421.875 914.062 1078.125 -554.688 335.938 875.000 -375.000 671.875
-15.625 1359.375 218.750 445.312 -570.312 1335.938 1140.625 -445.312 929.688 1046.875 -539.062 312.500 804.688 -351.562 671.875
-31.250 1304.688 242.188 359.375 -367.188 1210.938 992.188 -523.438 828.125 1031.250 -531.250 351.562 703.125 -351.562 679.688
250.000 546.875 382.812 -23.438 -250.000 625.000 593.750 -414.062 500.000 929.688 -593.750 343.750 734.375 -273.438 656.250
187.500 171.875 382.812 -218.750 -101.562 445.312 945.312 -265.625 351.562 812.500 -257.812 265.625 804.688 -85.938 578.125
-15.625 85.938 398.438 -523.438 164.062 335.938 70.312 -203.125 179.688 820.312 -343.750 375.000 726.562 -31.250 390.625
-62.500 125.000 31.250 -484.375 109.375 335.938 -31.250 -359.375 304.688 781.250 -250.000 179.688 671.875 -257.812 398.438
-820.312 781.250 -250.000 -445.312 -460.938 484.375 304.688 -484.375 726.562 492.188 -382.812 31.250 460.938 -296.875 484.375
-898.438 1085.938 -320.312 -531.250 -492.188 453.125 195.312 -625.000 671.875 468.750 -828.125 265.625 460.938 -265.625 546.875
-781.250 1359.375 -539.062 -656.250 -437.500 398.438 39.062 -593.750 585.938 664.062 -585.938 328.125 515.625 -453.125 710.938
-718.750 1242.188 -453.125 -718.750 -367.188 468.750 -46.875 -640.625 718.750 531.250 -812.500 203.125 429.688 -585.938 664.062
-585.938 921.875 -281.250 -750.000 -367.188 421.875 7.812 -546.875 710.938 585.938 -703.125 242.188 421.875 -562.500 554.688
-562.500 914.062 -265.625 -781.250 -343.750 421.875 23.438 -679.688 773.438 562.500 -906.250 375.000 437.500 -500.000 625.000
-570.312 953.125 -218.750 -789.062 -382.812 453.125 93.750 -640.625 914.062 476.562 -835.938 289.062 492.188 -562.500 773.438
-609.375 718.750 -328.125 -828.125 -328.125 453.125 54.688 -531.250 890.625 523.438 -820.312 468.750 414.062 -484.375 718.750
-601.562 640.625 -359.375 -890.625 -257.812 335.938 -78.125 -406.250 750.000 601.562 -890.625 476.562 359.375 -250.000 742.188
-554.688 578.125 -375.000 -882.812 -210.938 289.062 54.688 -343.750 679.688 531.250 -656.250 328.125 429.688 -445.312 718.750
-570.312 468.750 -406.250 -851.562 -234.375 195.312 -234.375 -437.500 609.375 312.500 -687.500 367.188 312.500 -515.625 687.500
-687.500 546.875 -453.125 -757.812 -250.000 312.500 -289.062 -218.750 750.000 296.875 -750.000 546.875 250.000 -546.875 750.000
-679.688 562.500 -312.500 -781.250 -234.375 359.375 -109.375 -78.125 882.812 289.062 -765.625 468.750 226.562 -570.312 820.312
-679.688 617.188 -234.375 -765.625 -187.500 445.312 -289.062 70.312 859.375 304.688 -796.875 460.938 218.750 -664.062 820.312
-757.812 757.812 -226.562 -695.312 -171.875 750.000 -468.750 -117.188 859.375 203.125 -796.875 351.562 273.438 -757.812 843.750
-843.750 1265.625 -640.625 -554.688 -132.812 968.750 -757.812 -804.688 437.500 -125.000 -1179.688 179.688 242.188 -914.062 828.125
-468.750 2085.938 -859.375 -421.875 -156.250 1101.562 -664.062 -398.438 671.875 -62.500 -1132.812 234.375 218.750 -851.562 773.438
-46.875 2046.875 -492.188 -296.875 -93.750 1382.812 -750.000 -39.062 796.875 -109.375 -703.125 554.688 203.125 -750.000 773.438
562.500 1046.875 750.000 -609.375 -179.688 1226.562 -351.562 351.562 1031.250 0.000 -429.688 734.375 171.875 -460.938 734.375
921.875 1585.938 1109.375 -1062.500 625.000 226.562 -671.875 156.250 453.125 -226.562 -234.375 609.375 203.125 -132.812 695.312
-320.312 1210.938 328.125 -937.500 421.875 156.250 -750.000 -62.500 406.250 -23.438 -312.500 734.375 101.562 -62.500 617.188
-796.875 617.188 -187.500 -773.438 132.812 343.750 -671.875 -242.188 445.312 -164.062 -773.438 218.750 -23.438 -273.438 578.125
-46.875 351.562 320.312 -976.562 -476.562 148.438 -812.500 -140.625 398.438 -351.562 -882.812 257.812 7.812 -421.875 890.625
-132.812 406.250 367.188 -867.188 -421.875 289.062 -890.625 46.875 312.500 -445.312 -515.625 367.188 -31.250 -359.375 843.750
-234.375 539.062 296.875 -843.750 -203.125 367.188 -671.875 -39.062 507.812 -351.562 -585.938 492.188 -210.938 -398.438 601.562
-250.000 453.125 312.500 -843.750 -210.938 367.188 -906.250 7.812 617.188 -445.312 -585.938 460.938 -281.250 -421.875 562.500
-164.062 757.812 453.125 -648.438 -156.250 773.438 -484.375 78.125 914.062 -289.062 -601.562 539.062 -54.688 -375.000 851.562
85.938 835.938 625.000 -515.625 -78.125 898.438 -484.375 140.625 960.938 -171.875 -695.312 671.875 -54.688 -414.062 914.062
-85.938 1070.312 546.875 -507.812 -148.438 1007.812 -500.000 101.562 898.438 -156.250 -742.188 671.875 -46.875 -390.625 843.750
-289.062 1062.500 406.250 -531.250 -179.688 960.938 -453.125 62.500 890.625 -164.062 -742.188 617.188 -62.500 -429.688 820.312
7.812 781.250 554.688 -765.625 -250.000 632.812 -625.000 -31.250 804.688 -218.750 -773.438 617.188 -7.812 -429.688 929.688
156.250 750.000 648.438 -765.625 -210.938 671.875 -585.938 62.500 828.125 -164.062 -679.688 656.250 -23.438 -429.688 921.875
140.625 890.625 593.750 -726.562 -164.062 726.562 -593.750 109.375 812.500 -195.312 -742.188 625.000 -15.625 -375.000 851.562
-382.812 921.875 23.438 -695.312 -335.938 593.750 -679.688 -304.688 703.125 -156.250 -656.250 671.875 -101.562 -460.938 820.312
-820.312 750.000 -312.500 -640.625 -593.750 484.375 -765.625 -351.562 648.438 -265.625 -757.812 523.438 -140.625 -570.312 773.438
-875.000 695.312 -250.000 -664.062 -546.875 367.188 -867.188 -734.375 328.125 -273.438 -789.062 500.000 -62.500 -601.562 867.188
-710.938 664.062 -85.938 -46.875 -242.188 882.812 -375.000 132.812 890.625 -289.062 -906.250 414.062 -46.875 -515.625 906.250
-617.188 617.188 -70.312 -226.562 -265.625 1023.438 -703.125 39.062 843.750 -273.438 -703.125 539.062 -109.375 -500.000 804.688
-523.438 960.938 -39.062 -328.125 -375.000 773.438 -226.562 195.312 1015.625 -187.500 -742.188 531.250 -15.625 -515.625 867.188
-562.500 867.188 -15.625 -484.375 -210.938 562.500 -265.625 -117.188 828.125 -46.875 -859.375 484.375 -15.625 -531.250 859.375
-625.000 890.625 -39.062 -78.125 -523.438 492.188 -250.000 -429.688 773.438 -85.938 -804.688 468.750 -23.438 -507.812 828.125
-500.000 757.812 15.625 39.062 -437.500 812.500 23.438 -328.125 1031.250 -15.625 -773.438 492.188 62.500 -546.875 867.188
-882.812 1062.500 -109.375 109.375 -609.375 593.750 70.312 -492.188 914.062 164.062 -828.125 554.688 117.188 -609.375 867.188
-648.438 1195.312 -31.250 460.938 -648.438 625.000 39.062 -328.125 984.375 335.938 -843.750 539.062 234.375 -617.188 921.875
-492.188 1109.375 39.062 625.000 -367.188 953.125 312.500 312.500 1304.688 265.625 -953.125 460.938 296.875 -531.250 890.625
-710.938 906.250 109.375 132.812 171.875 1257.812 15.625 343.750 937.500 242.188 -515.625 781.250 -39.062 -93.750 679.688
-546.875 914.062 117.188 -140.625 15.625 1007.812 -234.375 289.062 851.562 54.688 -351.562 828.125 -15.625 -7.812 796.875
-453.125 664.062 125.000 -156.250 -62.500 1007.812 -148.438 570.312 1125.000 85.938 -343.750 750.000 78.125 -46.875 882.812
-304.688 257.812 304.688 0.000 62.500 1125.000 -320.312 125.000 929.688 7.812 -523.438 710.938 101.562 -210.938 937.500
-625.000 726.562 39.062 -289.062 109.375 773.438 -218.750 234.375 742.188 23.438 -718.750 757.812 7.812 -117.188 882.812
-539.062 640.625 39.062 179.688 250.000 1187.500 46.875 343.750 867.188 125.000 -453.125 781.250 109.375 -203.125 843.750
-500.000 656.250 -31.250 250.000 289.062 1109.375 54.688 234.375 851.562 226.562 -421.875 656.250 54.688 -125.000 765.625
-570.312 820.312 101.562 398.438 85.938 1046.875 54.688 140.625 1031.250 203.125 -562.500 664.062 156.250 -226.562 812.500
-546.875 890.625 62.500 523.438 7.812 1148.438 203.125 31.250 1000.000 273.438 -515.625 648.438 171.875 -320.312 843.750
-640.625 914.062 31.250 476.562 -515.625 1226.562 140.625 -195.312 960.938 359.375 -585.938 671.875 234.375 -304.688 843.750
-703.125 1007.812 -62.500 507.812 -468.750 1070.312 445.312 -117.188 1203.125 523.438 -757.812 757.812 273.438 -304.688 867.188
-437.500 640.625 195.312 46.875 -367.188 929.688 437.500 -117.188 1085.938 492.188 -640.625 796.875 320.312 -312.500 968.750
-453.125 828.125 257.812 -109.375 -492.188 796.875 -171.875 -289.062 1023.438 562.500 -546.875 859.375 265.625 -195.312 937.500
-546.875 765.625 54.688 -226.562 -515.625 695.312 -195.312 -312.500 953.125 320.312 -695.312 765.625 156.250 -367.188 890.625
-625.000 554.688 -54.688 -234.375 -507.812 679.688 -257.812 -398.438 875.000 281.250 -781.250 562.500 109.375 -406.250 859.375
-562.500 445.312 46.875 -117.188 -578.125 718.750 -273.438 -445.312 1031.250 265.625 -828.125 734.375 234.375 -515.625 890.625
-390.625 750.000 195.312 -195.312 -656.250 671.875 54.688 -609.375 1312.500 328.125 -804.688 601.562 367.188 -421.875 929.688
-500.000 875.000 164.062 -54.688 -695.312 835.938 156.250 -507.812 1328.125 757.812 -867.188 875.000 453.125 -289.062 1078.125
-507.812 835.938 140.625 -132.812 -664.062 882.812 0.000 -382.812 1335.938 476.562 -742.188 781.250 453.125 -304.688 1093.750
-406.250 703.125 203.125 -101.562 -359.375 992.188 31.250 -31.250 781.250 523.438 -421.875 515.625 281.250 -312.500 945.312
-351.562 664.062 250.000 -382.812 -140.625 789.062 -570.312 -7.812 320.312 70.312 -515.625 625.000 164.062 -140.625 734.375
-507.812 710.938 93.750 -601.562 148.438 601.562 -671.875 -39.062 273.438 -54.688 -390.625 476.562 453.125 -156.250 781.250
-515.625 781.250 23.438 -750.000 -85.938 343.750 -671.875 -210.938 359.375 54.688 -781.250 343.750 429.688 -570.312 859.375
-289.062 1234.375 109.375 -242.188 -296.875 671.875 -640.625 -164.062 539.062 70.312 -718.750 164.062 273.438 -664.062 656.250
-179.688 1359.375 281.250 -289.062 -234.375 656.250 -500.000 -304.688 546.875 39.062 -882.812 179.688 265.625 -796.875 609.375
15.625 1953.125 453.125 117.188 -414.062 750.000 -125.000 -15.625 968.750 -39.062 -734.375 195.312 93.750 -492.188 578.125
-320.312 1257.812 242.188 15.625 -23.438 882.812 -218.750 -132.812 796.875 304.688 -609.375 554.688 648.438 -507.812 851.562
-382.812 1093.750 187.500 -15.625 -273.438 648.438 -171.875 250.000 796.875 492.188 -523.438 515.625 632.812 -507.812 882.812
-390.625 976.562 101.562 -265.625 -54.688 414.062 -429.688 -46.875 242.188 460.938 -656.250 664.062 554.688 -398.438 843.750
-445.312 617.188 70.312 140.625 -179.688 484.375 -93.750 31.250 367.188 164.062 -570.312 390.625 429.688 -304.688 765.625
-632.812 859.375 -164.062 351.562 31.250 695.312 421.875 85.938 859.375 117.188 -375.000 289.062 179.688 -273.438 789.062
-625.000 898.438 -304.688 671.875 31.250 906.250 203.125 -85.938 1171.875 242.188 -820.312 585.938 171.875 -437.500 867.188
-656.250 781.250 -671.875 1046.875 78.125 1367.188 914.062 304.688 1367.188 570.312 -726.562 546.875 265.625 -406.250 929.688
-820.312 640.625 -523.438 1007.812 343.750 1726.562 953.125 515.625 1406.250 726.562 -851.562 593.750 382.812 -484.375 1031.250
-609.375 539.062 -515.625 742.188 -335.938 960.938 570.312 -195.312 1421.875 960.938 -382.812 734.375 539.062 46.875 898.438
-773.438 546.875 -609.375 695.312 -304.688 1007.812 835.938 -23.438 1367.188 1039.062 -789.062 992.188 703.125 -140.625 1039.062
-851.562 375.000 -398.438 656.250 -125.000 1187.500 554.688 117.188 1257.812 1046.875 -710.938 984.375 648.438 -70.312 1023.438
-640.625 406.250 -320.312 304.688 -312.500 1054.688 226.562 -70.312 1062.500 914.062 -531.250 882.812 429.688 -203.125 867.188
-796.875 328.125 -242.188 664.062 -210.938 953.125 585.938 15.625 1195.312 453.125 -617.188 718.750 234.375 -257.812 890.625
-773.438 390.625 -203.125 765.625 -304.688 953.125 328.125 54.688 1148.438 460.938 -476.562 703.125 242.188 -273.438 875.000
-695.312 820.312 -156.250 593.750 -101.562 1000.000 359.375 62.500 1000.000 601.562 -531.250 726.562 257.812 -164.062 843.750
-296.875 656.250 234.375 679.688 -101.562 1062.500 375.000 -250.000 1203.125 617.188 -796.875 703.125 226.562 -304.688 882.812
-312.500 734.375 0.000 601.562 -601.562 812.500 328.125 -335.938 1195.312 578.125 -609.375 640.625 281.250 -421.875 1015.625
-500.000 734.375 -70.312 507.812 -500.000 882.812 406.250 -257.812 1171.875 609.375 -757.812 609.375 335.938 -429.688 1062.500
-750.000 507.812 -179.688 390.625 -437.500 1031.250 -39.062 -78.125 1109.375 554.688 -804.688 664.062 117.188 -281.250 835.938
-562.500 148.438 -132.812 -109.375 -421.875 953.125 7.812 78.125 976.562 375.000 -335.938 781.250 23.438 -101.562 703.125
-320.312 437.500 195.312 -70.312 31.250 1023.438 -179.688 125.000 796.875 195.312 -351.562 789.062 156.250 78.125 718.750
-359.375 492.188 62.500 0.000 31.250 1023.438 -15.625 54.688 796.875 367.188 -328.125 484.375 187.500 -31.250 742.188
-898.438 640.625 -406.250 195.312 -250.000 781.250 -15.625 0.000 820.312 617.188 -648.438 382.812 93.750 -273.438 664.062
-539.062 851.562 -218.750 375.000 -62.500 867.188 -78.125 -101.562 601.562 546.875 -671.875 437.500 570.312 -554.688 882.812
-460.938 1515.625 -117.188 242.188 -296.875 656.250 -195.312 -265.625 617.188 796.875 -804.688 375.000 617.188 -242.188 929.688
-539.062 1617.188 -125.000 78.125 -320.312 500.000 -70.312 -203.125 546.875 585.938 -609.375 437.500 562.500 -156.250 851.562
-85.938 1492.188 226.562 -328.125 -54.688 734.375 -382.812 23.438 695.312 570.312 -648.438 445.312 617.188 -414.062 796.875
-164.062 1000.000 218.750 -445.312 -93.750 562.500 -593.750 -54.688 500.000 187.500 -453.125 421.875 609.375 -367.188 765.625
-625.000 1031.250 -39.062 -453.125 -78.125 703.125 -578.125 7.812 507.812 250.000 -523.438 414.062 578.125 -148.438 781.250
-601.562 906.250 15.625 -484.375 234.375 734.375 -570.312 125.000 585.938 187.500 -312.500 570.312 570.312 -109.375 757.812
-382.812 734.375 125.000 -437.500 398.438 890.625 -539.062 109.375 570.312 335.938 -320.312 570.312 367.188 -242.188 687.500
-289.062 812.500 117.188 -367.188 85.938 835.938 -484.375 -171.875 445.312 195.312 -671.875 382.812 257.812 -234.375 687.500
-62.500 914.062 265.625 -234.375 -117.188 875.000 -539.062 -515.625 62.500 148.438 -601.562 460.938 367.188 -320.312 804.688
-15.625 968.750 265.625 -101.562 -203.125 992.188 -492.188 -414.062 179.688 187.500 -468.750 234.375 390.625 -320.312 812.500
-554.688 726.562 54.688 -359.375 679.688 671.875 -437.500 -468.750 132.812 117.188 -453.125 250.000 265.625 -664.062 625.000
-492.188 953.125 93.750 -742.188 304.688 515.625 132.812 234.375 765.625 898.438 -539.062 640.625 375.000 -617.188 664.062
-382.812 1039.062 195.312 -468.750 164.062 718.750 1414.062 382.812 1914.062 617.188 -492.188 382.812 453.125 -164.062 718.750
-171.875 859.375 609.375 -414.062 -46.875 929.688 179.688 -1437.500 898.438 843.750 -617.188 570.312 625.000 7.812 757.812
-843.750 859.375 -382.812 -62.500 -460.938 929.688 617.188 -414.062 1164.062 601.562 -648.438 578.125 500.000 -218.750 984.375
-734.375 765.625 -234.375 -31.250 -273.438 1070.312 867.188 -453.125 1195.312 914.062 -648.438 750.000 609.375 -476.562 1000.000
-710.938 1007.812 -46.875 -15.625 -367.188 1046.875 609.375 -585.938 1148.438 968.750 -812.500 664.062 625.000 -156.250 851.562
-695.312 1078.125 -93.750 -62.500 -507.812 890.625 796.875 -796.875 953.125 914.062 -859.375 500.000 601.562 -320.312 929.688
-507.812 445.312 132.812 164.062 -195.312 1078.125 671.875 -46.875 1171.875 742.188 -765.625 476.562 632.812 -289.062 890.625
-265.625 414.062 203.125 304.688 -601.562 1507.812 718.750 46.875 1195.312 882.812 -382.812 570.312 687.500 -171.875 875.000
-320.312 476.562 132.812 -195.312 289.062 1296.875 632.812 -148.438 1023.438 867.188 -468.750 632.812 687.500 -132.812 796.875
-625.000 953.125 93.750 148.438 -179.688 1007.812 773.438 -117.188 968.750 898.438 -429.688 546.875 703.125 -93.750 789.062
-468.750 882.812 101.562 265.625 0.000 1085.938 500.000 -210.938 875.000 796.875 -437.500 554.688 546.875 -195.312 820.312
-476.562 804.688 140.625 187.500 -54.688 1085.938 445.312 -234.375 835.938 601.562 -500.000 492.188 507.812 -210.938 828.125
-429.688 859.375 132.812 132.812 -7.812 992.188 398.438 -226.562 843.750 671.875 -531.250 500.000 414.062 -218.750 781.250
-453.125 773.438 109.375 78.125 -15.625 937.500 398.438 -265.625 851.562 593.750 -492.188 507.812 437.500 -218.750 835.938
-507.812 710.938 117.188 39.062 -31.250 929.688 375.000 -234.375 828.125 617.188 -523.438 531.250 453.125 -234.375 843.750
-523.438 734.375 117.188 39.062 0.000 929.688 328.125 -234.375 812.500 515.625 -515.625 507.812 421.875 -234.375 835.938
-500.000 781.250 156.250 15.625 39.062 929.688 320.312 -226.562 828.125 570.312 -515.625 515.625 320.312 -242.188 796.875
-554.688 789.062 132.812 23.438 132.812 968.750 343.750 -125.000 843.750 492.188 -507.812 523.438 351.562 -203.125 773.438
-656.250 750.000 109.375 -23.438 187.500 960.938 367.188 -70.312 859.375 523.438 -460.938 539.062 398.438 -140.625 773.438
-679.688 718.750 93.750 -15.625 203.125 960.938 382.812 -78.125 875.000 562.500 -414.062 578.125 406.250 -132.812 781.250
-679.688 734.375 78.125 -15.625 187.500 960.938 359.375 -109.375 851.562 570.312 -406.250 562.500 390.625 -132.812 796.875
-601.562 726.562 117.188 23.438 54.688 945.312 398.438 -203.125 859.375 546.875 -453.125 578.125 367.188 -187.500 820.312
-570.312 750.000 125.000 54.688 23.438 953.125 429.688 -203.125 875.000 570.312 -507.812 554.688 414.062 -210.938 843.750
-578.125 757.812 132.812 62.500 7.812 953.125 445.312 -210.938 875.000 617.188 -500.000 570.312 437.500 -218.750 851.562
-593.750 765.625 117.188 62.500 23.438 953.125 429.688 -171.875 875.000 632.812 -507.812 562.500 429.688 -203.125 835.938
-585.938 750.000 109.375 39.062 46.875 984.375 515.625 -125.000 906.250 617.188 -500.000 570.312 421.875 -203.125 843.750
-500.000 773.438 164.062 -7.812 7.812 937.500 320.312 -203.125 843.750 593.750 -507.812 578.125 382.812 -210.938 835.938
-500.000 789.062 164.062 23.438 0.000 953.125 242.188 -226.562 812.500 468.750 -539.062 523.438 343.750 -226.562 835.938
-468.750 781.250 218.750 15.625 -31.250 921.875 265.625 -203.125 835.938 500.000 -531.250 546.875 312.500 -257.812 820.312
-445.312 796.875 257.812 46.875 -85.938 992.188 328.125 -39.062 906.250 468.750 -539.062 539.062 312.500 -226.562 812.500
-382.812 828.125 289.062 -54.688 187.500 984.375 335.938 -23.438 882.812 476.562 -515.625 554.688 390.625 -125.000 773.438
-500.000 765.625 265.625 15.625 156.250 1007.812 406.250 23.438 906.250 640.625 -382.812 609.375 429.688 -117.188 773.438
-718.750 664.062 93.750 -31.250 132.812 1054.688 367.188 39.062 960.938 632.812 -382.812 632.812 523.438 -70.312 843.750
-546.875 687.500 156.250 -54.688 78.125 1039.062 367.188 -39.062 945.312 656.250 -406.250 648.438 468.750 -78.125 859.375
-421.875 742.188 242.188 -117.188 -7.812 968.750 281.250 -54.688 906.250 585.938 -429.688 679.688 343.750 -101.562 820.312
-414.062 812.500 234.375 -156.250 7.812 914.062 265.625 -62.500 882.812 500.000 -437.500 601.562 320.312 -109.375 789.062
-578.125 843.750 70.312 -125.000 -156.250 867.188 265.625 -171.875 859.375 507.812 -531.250 570.312 289.062 -179.688 812.500
-562.500 773.438 31.250 -164.062 -140.625 875.000 265.625 -164.062 851.562 484.375 -500.000 578.125 328.125 -234.375 804.688
-601.562 796.875 7.812 -179.688 -132.812 867.188 296.875 -179.688 851.562 507.812 -515.625 562.500 351.562 -265.625 812.500
-632.812 828.125 -7.812 -156.250 -156.250 867.188 328.125 -226.562 859.375 617.188 -570.312 523.438 382.812 -257.812 812.500
-632.812 828.125 0.000 -85.938 -218.750 906.250 328.125 -296.875 875.000 617.188 -593.750 523.438 500.000 -351.562 890.625
-640.625 867.188 7.812 -70.312 -203.125 937.500 367.188 -281.250 898.438 648.438 -585.938 515.625 468.750 -343.750 890.625
-640.625 937.500 31.250 -85.938 -171.875 953.125 343.750 -242.188 906.250 625.000 -601.562 523.438 445.312 -351.562 859.375
