-546.875 765.625 296.875 -632.812 -203.125 710.938 -500.000 -31.250 843.750 -265.625 -609.375 750.000 -101.562 -390.625 984.375
-484.375 789.062 351.562 -609.375 -156.250 718.750 -437.500 -31.250 945.312 -132.812 -585.938 960.938 -70.312 -234.375 1007.812
-468.750 781.250 359.375 -609.375 -164.062 726.562 -398.438 46.875 968.750 -148.438 -554.688 945.312 -78.125 -226.562 1007.812
-437.500 750.000 375.000 -570.312 -179.688 765.625 -382.812 46.875 1000.000 -195.312 -546.875 882.812 -78.125 -281.250 1015.625
-453.125 843.750 367.188 -546.875 -171.875 796.875 -414.062 15.625 906.250 -218.750 -539.062 820.312 -93.750 -296.875 953.125
-453.125 843.750 367.188 -546.875 -171.875 796.875 -414.062 15.625 906.250 -218.750 -539.062 820.312 -93.750 -296.875 953.125
-453.125 843.750 367.188 -546.875 -171.875 796.875 -414.062 15.625 906.250 -218.750 -539.062 820.312 -93.750 -296.875 953.125
-460.938 835.938 359.375 -523.438 -156.250 804.688 -390.625 23.438 914.062 -234.375 -539.062 820.312 -78.125 -273.438 976.562
-476.562 773.438 312.500 -390.625 -117.188 960.938 -343.750 125.000 976.562 -210.938 -492.188 828.125 -85.938 -265.625 937.500
-492.188 789.062 304.688 -335.938 -93.750 1039.062 -328.125 171.875 1007.812 -195.312 -476.562 843.750 -85.938 -257.812 937.500
-500.000 820.312 304.688 -343.750 -78.125 1046.875 -320.312 179.688 1023.438 -171.875 -468.750 867.188 -85.938 -265.625 937.500
-500.000 882.812 304.688 -375.000 -54.688 1023.438 -328.125 156.250 1031.250 -140.625 -476.562 945.312 -62.500 -242.188 984.375
-484.375 882.812 304.688 -406.250 -85.938 968.750 -343.750 132.812 992.188 -171.875 -500.000 921.875 -46.875 -210.938 1039.062
-468.750 851.562 304.688 -437.500 -93.750 937.500 -367.188 132.812 953.125 -210.938 -507.812 859.375 -62.500 -234.375 984.375
-476.562 851.562 304.688 -437.500 -85.938 929.688 -375.000 125.000 945.312 -210.938 -500.000 851.562 -70.312 -250.000 976.562
-468.750 843.750 304.688 -429.688 -85.938 921.875 -390.625 117.188 921.875 -226.562 -476.562 828.125 -101.562 -257.812 937.500
-429.688 812.500 367.188 -460.938 -101.562 882.812 -421.875 93.750 882.812 -257.812 -500.000 812.500 -125.000 -265.625 929.688
-367.188 796.875 414.062 -468.750 -125.000 859.375 -421.875 78.125 882.812 -257.812 -531.250 789.062 -117.188 -281.250 953.125
-375.000 789.062 414.062 -468.750 -140.625 851.562 -437.500 70.312 890.625 -250.000 -531.250 789.062 -109.375 -296.875 953.125
-421.875 796.875 359.375 -460.938 -140.625 859.375 -414.062 54.688 906.250 -218.750 -539.062 820.312 -101.562 -281.250 960.938
-468.750 750.000 296.875 -414.062 -156.250 945.312 -343.750 85.938 1000.000 -203.125 -539.062 835.938 -109.375 -296.875 945.312
-453.125 773.438 320.312 -398.438 -156.250 953.125 -351.562 78.125 1015.625 -187.500 -562.500 859.375 -109.375 -312.500 953.125
-437.500 789.062 328.125 -437.500 -109.375 929.688 -351.562 70.312 992.188 -203.125 -554.688 851.562 -109.375 -320.312 960.938
-414.062 843.750 367.188 -523.438 -164.062 789.062 -437.500 31.250 898.438 -242.188 -562.500 812.500 -125.000 -312.500 968.750
-414.062 820.312 335.938 -515.625 -195.312 804.688 -476.562 31.250 875.000 -281.250 -562.500 773.438 -132.812 -304.688 945.312
-445.312 789.062 296.875 -500.000 -187.500 820.312 -500.000 23.438 828.125 -289.062 -570.312 750.000 -140.625 -320.312 945.312
-445.312 781.250 289.062 -500.000 -195.312 835.938 -500.000 15.625 828.125 -273.438 -562.500 757.812 -125.000 -335.938 953.125
-460.938 804.688 296.875 -500.000 -140.625 843.750 -476.562 54.688 875.000 -257.812 -546.875 789.062 -132.812 -281.250 960.938
-468.750 835.938 312.500 -539.062 -117.188 804.688 -476.562 78.125 859.375 -304.688 -523.438 773.438 -125.000 -289.062 953.125
-460.938 867.188 320.312 -570.312 -78.125 765.625 -460.938 101.562 843.750 -289.062 -500.000 796.875 -132.812 -226.562 968.750
-453.125 867.188 328.125 -570.312 -70.312 757.812 -429.688 117.188 875.000 -281.250 -484.375 804.688 -140.625 -210.938 945.312
-429.688 828.125 250.000 -546.875 -39.062 804.688 -476.562 101.562 851.562 -312.500 -500.000 750.000 -226.562 -234.375 851.562
-523.438 906.250 125.000 -523.438 -164.062 765.625 -531.250 70.312 765.625 -359.375 -562.500 671.875 -242.188 -375.000 859.375
-640.625 1015.625 -15.625 -398.438 -335.938 875.000 -468.750 62.500 898.438 -296.875 -593.750 734.375 -218.750 -406.250 898.438
-429.688 453.125 179.688 -328.125 -367.188 882.812 -375.000 -15.625 1015.625 -250.000 -656.250 828.125 -257.812 -328.125 945.312
-382.812 414.062 179.688 -328.125 -320.312 843.750 -398.438 -78.125 968.750 -203.125 -687.500 867.188 -265.625 -335.938 984.375
-421.875 578.125 265.625 -468.750 -304.688 796.875 -468.750 -23.438 945.312 -250.000 -742.188 851.562 -242.188 -312.500 1093.750
-460.938 921.875 265.625 -507.812 -148.438 828.125 -531.250 54.688 867.188 -429.688 -656.250 781.250 -273.438 -289.062 1125.000
-226.562 1164.062 648.438 -812.500 -7.812 710.938 -781.250 210.938 648.438 -617.188 -460.938 664.062 -429.688 -335.938 914.062
-140.625 1242.188 679.688 -796.875 39.062 773.438 -789.062 265.625 601.562 -664.062 -382.812 640.625 -492.188 -273.438 843.750
-203.125 1125.000 601.562 -726.562 -15.625 843.750 -789.062 367.188 515.625 -679.688 -273.438 507.812 -546.875 -140.625 617.188
-328.125 953.125 468.750 -718.750 62.500 835.938 -734.375 398.438 546.875 -695.312 -171.875 492.188 -593.750 -93.750 484.375
-429.688 937.500 375.000 -804.688 93.750 656.250 -750.000 414.062 554.688 -679.688 -164.062 656.250 -593.750 7.812 601.562
-390.625 812.500 359.375 -828.125 101.562 648.438 -781.250 445.312 531.250 -687.500 -148.438 671.875 -585.938 54.688 648.438
-515.625 835.938 273.438 -828.125 171.875 640.625 -796.875 445.312 476.562 -710.938 -164.062 648.438 -578.125 125.000 750.000
-578.125 859.375 210.938 -843.750 210.938 671.875 -796.875 484.375 437.500 -718.750 -179.688 585.938 -554.688 101.562 750.000
-570.312 867.188 179.688 -812.500 234.375 687.500 -828.125 500.000 398.438 -750.000 -140.625 460.938 -585.938 0.000 632.812
-539.062 890.625 210.938 -742.188 250.000 750.000 -820.312 500.000 367.188 -765.625 -171.875 359.375 -593.750 -70.312 585.938
-468.750 953.125 265.625 -656.250 164.062 882.812 -828.125 453.125 273.438 -734.375 -101.562 250.000 -609.375 -148.438 437.500
-335.938 1062.500 406.250 -546.875 -7.812 984.375 -898.438 148.438 -109.375 -656.250 -85.938 -39.062 -601.562 -289.062 312.500
-242.188 953.125 484.375 -437.500 148.438 843.750 -914.062 507.812 140.625 -281.250 -328.125 -117.188 -343.750 -398.438 250.000
-273.438 750.000 460.938 -718.750 312.500 578.125 -546.875 570.312 218.750 -203.125 -296.875 -23.438 -289.062 -437.500 296.875
-359.375 484.375 406.250 -1148.438 398.438 -359.375 414.062 -382.812 62.500 187.500 -507.812 226.562 -156.250 -507.812 429.688
-601.562 703.125 210.938 -1203.125 -31.250 -351.562 179.688 -640.625 484.375 664.062 -484.375 476.562 281.250 -671.875 304.688
-570.312 312.500 265.625 -648.438 -445.312 242.188 195.312 -507.812 695.312 179.688 -593.750 312.500 687.500 195.312 15.625
-593.750 515.625 273.438 -640.625 -218.750 140.625 93.750 -562.500 570.312 898.438 -421.875 273.438 656.250 242.188 289.062
-625.000 593.750 171.875 -453.125 -171.875 156.250 -70.312 -531.250 453.125 1062.500 -898.438 968.750 1218.750 -429.688 1406.250
-437.500 93.750 187.500 -93.750 -867.188 617.188 312.500 -984.375 1226.562 1140.625 -656.250 1476.562 1046.875 468.750 1382.812
-515.625 156.250 195.312 250.000 -898.438 1007.812 585.938 -781.250 1195.312 789.062 -812.500 921.875 757.812 15.625 1125.000
-406.250 179.688 242.188 335.938 -703.125 1351.562 554.688 -554.688 1195.312 734.375 -601.562 687.500 632.812 -312.500 921.875
-343.750 851.562 445.312 117.188 -484.375 1296.875 570.312 -593.750 1070.312 710.938 -601.562 492.188 421.875 -476.562 695.312
-117.188 1335.938 687.500 -132.812 -546.875 921.875 453.125 -640.625 820.312 765.625 -664.062 523.438 625.000 -257.812 804.688
-304.688 890.625 500.000 -85.938 -531.250 945.312 429.688 -601.562 804.688 734.375 -609.375 445.312 625.000 -343.750 804.688
-382.812 742.188 437.500 -109.375 -507.812 929.688 421.875 -546.875 773.438 742.188 -523.438 390.625 625.000 -328.125 742.188
-367.188 812.500 414.062 -187.500 -468.750 828.125 429.688 -445.312 796.875 835.938 -437.500 468.750 757.812 -179.688 695.312
-468.750 742.188 328.125 -140.625 -398.438 937.500 492.188 -414.062 890.625 859.375 -406.250 523.438 804.688 -132.812 687.500
-398.438 773.438 375.000 -117.188 -406.250 945.312 492.188 -375.000 859.375 804.688 -429.688 460.938 742.188 -140.625 640.625
-382.812 820.312 367.188 -101.562 -414.062 945.312 437.500 -429.688 835.938 765.625 -453.125 453.125 703.125 -179.688 656.250
-359.375 812.500 367.188 -85.938 -484.375 929.688 460.938 -460.938 812.500 765.625 -476.562 421.875 664.062 -218.750 664.062
-328.125 882.812 406.250 -31.250 -492.188 945.312 492.188 -539.062 835.938 851.562 -523.438 468.750 742.188 -218.750 726.562
-359.375 875.000 429.688 39.062 -484.375 1078.125 570.312 -539.062 859.375 890.625 -546.875 453.125 773.438 -242.188 750.000
-375.000 937.500 437.500 31.250 -476.562 1085.938 578.125 -546.875 859.375 882.812 -546.875 429.688 773.438 -281.250 750.000
-312.500 867.188 445.312 -46.875 -500.000 945.312 492.188 -546.875 781.250 812.500 -539.062 406.250 750.000 -265.625 703.125
-328.125 843.750 437.500 -70.312 -515.625 906.250 476.562 -539.062 773.438 820.312 -531.250 406.250 742.188 -273.438 703.125
-351.562 835.938 429.688 -117.188 -453.125 882.812 429.688 -453.125 750.000 757.812 -468.750 375.000 710.938 -250.000 648.438
-367.188 835.938 414.062 -148.438 -406.250 882.812 421.875 -429.688 742.188 742.188 -437.500 382.812 695.312 -234.375 617.188
-390.625 875.000 414.062 -93.750 -429.688 1000.000 523.438 -500.000 906.250 906.250 -492.188 515.625 804.688 -203.125 742.188
-398.438 890.625 414.062 -62.500 -468.750 1046.875 570.312 -539.062 945.312 937.500 -515.625 546.875 835.938 -187.500 781.250
-359.375 781.250 375.000 31.250 -523.438 1125.000 585.938 -648.438 1039.062 984.375 -585.938 625.000 828.125 -234.375 859.375
-304.688 820.312 445.312 15.625 -593.750 1117.188 625.000 -648.438 1039.062 984.375 -609.375 632.812 828.125 -210.938 875.000
-148.438 679.688 507.812 23.438 -656.250 1046.875 570.312 -679.688 1085.938 875.000 -703.125 664.062 765.625 -203.125 898.438
-187.500 562.500 460.938 7.812 -625.000 1046.875 531.250 -671.875 1109.375 781.250 -703.125 679.688 695.312 -203.125 835.938
-320.312 421.875 382.812 -31.250 -500.000 1007.812 460.938 -546.875 1070.312 570.312 -523.438 664.062 335.938 -101.562 804.688
-406.250 390.625 390.625 -132.812 -281.250 960.938 398.438 -476.562 953.125 812.500 -1078.125 851.562 195.312 -812.500 976.562
-390.625 640.625 406.250 -15.625 -289.062 1156.250 343.750 -250.000 1101.562 843.750 -789.062 1429.688 476.562 -296.875 875.000
-460.938 710.938 437.500 156.250 -335.938 1359.375 242.188 -570.312 1757.812 984.375 -906.250 1476.562 179.688 -39.062 976.562
-507.812 648.438 226.562 203.125 -476.562 1296.875 1195.312 -484.375 1578.125 695.312 -140.625 648.438 664.062 -289.062 1070.312
-585.938 765.625 281.250 15.625 -195.312 1164.062 1132.812 -281.250 1500.000 664.062 -539.062 859.375 789.062 -406.250 1140.625
-539.062 1898.438 85.938 -1484.375 320.312 -617.188 -859.375 382.812 -148.438 593.750 -617.188 140.625 984.375 -789.062 1242.188
-531.250 1515.625 62.500 -1304.688 31.250 -195.312 -1210.938 640.625 -234.375 -7.812 -656.250 -210.938 914.062 -929.688 1203.125
-226.562 1148.438 382.812 -632.812 -179.688 671.875 -789.062 -132.812 585.938 -250.000 -867.188 453.125 -46.875 -500.000 726.562
-226.562 1148.438 382.812 -632.812 -179.688 671.875 -789.062 -132.812 585.938 -250.000 -867.188 453.125 -46.875 -500.000 726.562
-226.562 1148.438 382.812 -632.812 -179.688 671.875 -789.062 -132.812 585.938 -250.000 -867.188 453.125 -46.875 -500.000 726.562
-257.812 1015.625 367.188 -500.000 23.438 703.125 -851.562 -351.562 453.125 -132.812 -890.625 570.312 109.375 -492.188 929.688
0.000 492.188 773.438 375.000 -1125.000 1234.375 -515.625 117.188 664.062 -140.625 -671.875 539.062 187.500 -320.312 1007.812
-632.812 851.562 15.625 -570.312 -281.250 507.812 -750.000 -15.625 476.562 -296.875 -367.188 648.438 -132.812 343.750 484.375
-664.062 437.500 7.812 -718.750 15.625 484.375 -843.750 62.500 304.688 -421.875 -289.062 585.938 -218.750 164.062 515.625
-710.938 671.875 15.625 -867.188 93.750 414.062 -968.750 78.125 179.688 -421.875 -273.438 484.375 -195.312 93.750 546.875
-476.562 421.875 132.812 -976.562 218.750 257.812 -304.688 460.938 734.375 -382.812 -226.562 585.938 -234.375 23.438 554.688
-601.562 851.562 46.875 -523.438 85.938 710.938 -617.188 -93.750 507.812 -250.000 -406.250 578.125 -125.000 -23.438 710.938
-445.312 859.375 179.688 -468.750 -101.562 835.938 -468.750 54.688 648.438 -164.062 -437.500 593.750 -70.312 -62.500 765.625
-226.562 1046.875 445.312 31.250 -109.375 1085.938 -398.438 -125.000 765.625 -187.500 -648.438 585.938 -46.875 -179.688 804.688
-414.062 734.375 375.000 -218.750 -476.562 1062.500 -421.875 -421.875 718.750 -210.938 -734.375 546.875 -70.312 -140.625 835.938
-203.125 390.625 390.625 39.062 -343.750 1492.188 -304.688 109.375 687.500 -70.312 -484.375 414.062 140.625 -359.375 718.750
-148.438 937.500 320.312 -765.625 -23.438 132.812 -281.250 570.312 1031.250 109.375 -46.875 593.750 179.688 179.688 390.625
-203.125 914.062 312.500 -945.312 390.625 -101.562 -335.938 718.750 929.688 0.000 -85.938 664.062 218.750 273.438 484.375
-257.812 78.125 117.188 -890.625 171.875 109.375 -632.812 39.062 382.812 54.688 -296.875 617.188 343.750 226.562 750.000
-320.312 593.750 -85.938 -1632.812 125.000 -328.125 -210.938 -367.188 703.125 554.688 -492.188 781.250 406.250 -351.562 1031.250
-656.250 1093.750 -226.562 -1140.625 -257.812 210.938 39.062 -609.375 1062.500 609.375 -828.125 1000.000 382.812 -468.750 992.188
-804.688 1007.812 -257.812 -710.938 -171.875 671.875 171.875 -679.688 1109.375 664.062 -843.750 937.500 382.812 -476.562 1000.000
-804.688 1351.562 -250.000 -359.375 -742.188 1187.500 351.562 -882.812 1187.500 625.000 -960.938 679.688 351.562 -609.375 1023.438
-765.625 1289.062 -179.688 -671.875 -640.625 835.938 156.250 -1031.250 1007.812 640.625 -1031.250 632.812 539.062 -648.438 1039.062
-585.938 976.562 -23.438 -718.750 -390.625 648.438 39.062 -601.562 921.875 609.375 -679.688 710.938 632.812 -351.562 945.312
-554.688 898.438 -23.438 -703.125 -320.312 593.750 31.250 -468.750 945.312 601.562 -562.500 742.188 632.812 -218.750 875.000
-562.500 804.688 -62.500 -710.938 -218.750 578.125 0.000 -429.688 898.438 585.938 -570.312 687.500 695.312 -203.125 898.438
-593.750 828.125 -7.812 -671.875 -273.438 703.125 78.125 -515.625 945.312 664.062 -632.812 726.562 773.438 -273.438 1007.812
-468.750 710.938 179.688 -687.500 -414.062 703.125 93.750 -671.875 960.938 765.625 -812.500 843.750 875.000 -335.938 1203.125
-359.375 765.625 335.938 -687.500 -390.625 609.375 -15.625 -812.500 882.812 703.125 -726.562 820.312 1078.125 -109.375 1421.875
-304.688 859.375 375.000 -710.938 -343.750 531.250 -31.250 -570.312 687.500 554.688 -609.375 632.812 757.812 -78.125 1078.125
-328.125 953.125 429.688 -656.250 -226.562 570.312 -31.250 -500.000 664.062 320.312 -781.250 562.500 554.688 -531.250 875.000
-257.812 1023.438 523.438 -718.750 -218.750 453.125 23.438 -632.812 679.688 429.688 -554.688 671.875 281.250 -250.000 718.750
-320.312 1085.938 500.000 -640.625 -273.438 453.125 -23.438 -421.875 695.312 320.312 -578.125 585.938 234.375 -226.562 726.562
-437.500 1117.188 242.188 -312.500 -7.812 765.625 242.188 -585.938 812.500 328.125 -562.500 593.750 -31.250 -164.062 437.500
-492.188 1023.438 195.312 -187.500 -15.625 718.750 460.938 -492.188 835.938 421.875 -578.125 640.625 -46.875 -289.062 804.688
-453.125 898.438 117.188 125.000 -234.375 835.938 398.438 -328.125 992.188 281.250 -468.750 671.875 562.500 367.188 1429.688
-500.000 500.000 -15.625 156.250 -54.688 945.312 671.875 296.875 914.062 601.562 -992.188 1250.000 1101.562 -2234.375 1703.125
-507.812 578.125 -54.688 117.188 101.562 1023.438 132.812 -640.625 1140.625 1304.688 -1015.625 1343.750 312.500 -1828.125 1507.812
-531.250 562.500 -85.938 531.250 -453.125 1203.125 640.625 -101.562 1203.125 945.312 -242.188 867.188 -382.812 31.250 -31.250
-546.875 671.875 39.062 640.625 -195.312 1359.375 390.625 304.688 1039.062 218.750 -226.562 578.125 -414.062 -421.875 273.438
-398.438 1328.125 132.812 523.438 0.000 1437.500 234.375 179.688 1000.000 210.938 -273.438 718.750 -359.375 -265.625 625.000
-406.250 1132.812 132.812 460.938 -132.812 1351.562 265.625 250.000 1015.625 218.750 -187.500 726.562 -398.438 -85.938 531.250
-468.750 773.438 78.125 140.625 164.062 1132.812 203.125 328.125 875.000 171.875 -101.562 695.312 -500.000 -101.562 468.750
-453.125 843.750 -31.250 -39.062 54.688 921.875 78.125 257.812 789.062 148.438 -109.375 703.125 -468.750 -93.750 570.312
-593.750 703.125 -140.625 -15.625 -54.688 937.500 62.500 140.625 851.562 171.875 -234.375 750.000 -445.312 -132.812 687.500
-671.875 687.500 -203.125 125.000 -140.625 1000.000 273.438 101.562 953.125 210.938 -296.875 750.000 -468.750 -242.188 695.312
-492.188 609.375 -179.688 273.438 -218.750 1070.312 218.750 -70.312 945.312 351.562 -429.688 796.875 -414.062 -195.312 835.938
-406.250 664.062 39.062 273.438 -273.438 1007.812 234.375 -23.438 906.250 343.750 -382.812 718.750 -390.625 -289.062 875.000
-500.000 984.375 93.750 265.625 -250.000 1078.125 382.812 23.438 1078.125 367.188 -289.062 742.188 -460.938 -132.812 507.812
-625.000 1054.688 -23.438 375.000 -210.938 1226.562 398.438 109.375 1132.812 343.750 -281.250 726.562 -445.312 -218.750 500.000
-679.688 1078.125 -93.750 320.312 -93.750 1187.500 210.938 31.250 976.562 375.000 -289.062 640.625 -382.812 -250.000 468.750
-335.938 1015.625 234.375 -156.250 -46.875 835.938 234.375 7.812 960.938 570.312 -234.375 710.938 -85.938 -85.938 562.500
-398.438 898.438 195.312 -132.812 -140.625 851.562 382.812 15.625 1000.000 820.312 -187.500 765.625 187.500 -460.938 906.250
-468.750 789.062 195.312 -125.000 -195.312 820.312 351.562 -93.750 1007.812 734.375 -437.500 781.250 476.562 -234.375 937.500
-343.750 671.875 351.562 -156.250 -62.500 812.500 328.125 -304.688 1031.250 820.312 -476.562 851.562 710.938 -242.188 1093.750
-382.812 875.000 382.812 -312.500 265.625 828.125 132.812 7.812 750.000 679.688 -500.000 843.750 1007.812 593.750 1929.688
-507.812 937.500 195.312 -312.500 85.938 812.500 156.250 -281.250 828.125 726.562 -484.375 796.875 656.250 273.438 1531.250
-492.188 992.188 210.938 -281.250 -54.688 835.938 265.625 -281.250 953.125 781.250 -484.375 820.312 492.188 70.312 1328.125
-203.125 1015.625 492.188 -195.312 31.250 976.562 281.250 -195.312 1007.812 640.625 -468.750 765.625 335.938 46.875 1179.688
-343.750 1156.250 492.188 -234.375 210.938 898.438 156.250 -148.438 687.500 593.750 -484.375 593.750 468.750 -39.062 1296.875
-250.000 1171.875 476.562 -117.188 -85.938 890.625 398.438 -421.875 976.562 695.312 -609.375 718.750 335.938 -203.125 1179.688
-132.812 1023.438 539.062 -39.062 -265.625 898.438 460.938 -507.812 1078.125 804.688 -656.250 843.750 289.062 -78.125 1195.312
31.250 742.188 718.750 -54.688 -453.125 921.875 351.562 -281.250 1093.750 726.562 -609.375 882.812 343.750 -39.062 1234.375
-320.312 273.438 304.688 -203.125 -226.562 851.562 78.125 -132.812 968.750 421.875 -546.875 867.188 140.625 -164.062 1132.812
-476.562 328.125 148.438 -265.625 -156.250 835.938 93.750 -39.062 968.750 382.812 -460.938 882.812 23.438 -156.250 937.500
-492.188 367.188 125.000 -328.125 -109.375 882.812 54.688 125.000 1000.000 335.938 -257.812 867.188 -39.062 85.938 679.688
-515.625 484.375 187.500 -234.375 62.500 1062.500 93.750 406.250 1062.500 335.938 -7.812 843.750 -375.000 109.375 273.438
-414.062 703.125 117.188 312.500 39.062 1492.188 468.750 398.438 1343.750 414.062 -171.875 1039.062 -523.438 148.438 273.438
-453.125 820.312 -15.625 562.500 7.812 1648.438 671.875 335.938 1507.812 687.500 -171.875 1062.500 -375.000 15.625 601.562
-500.000 812.500 -101.562 546.875 15.625 1585.938 648.438 343.750 1476.562 703.125 -187.500 1062.500 -328.125 -156.250 710.938
-453.125 562.500 -156.250 -179.688 328.125 640.625 -171.875 -109.375 531.250 -109.375 -414.062 515.625 -414.062 -585.938 625.000
-398.438 515.625 -109.375 -671.875 312.500 343.750 -242.188 367.188 484.375 -703.125 195.312 476.562 -445.312 -664.062 367.188
-492.188 484.375 -78.125 -812.500 539.062 460.938 773.438 1210.938 1929.688 -320.312 531.250 1078.125 -484.375 -148.438 312.500
-765.625 406.250 -343.750 -320.312 851.562 562.500 -367.188 632.812 1054.688 156.250 -304.688 968.750 -398.438 -562.500 343.750
-382.812 1726.562 -507.812 -867.188 -1171.875 539.062 62.500 -460.938 1000.000 -789.062 468.750 -15.625 -460.938 -859.375 546.875
-414.062 1414.062 39.062 -460.938 -195.312 687.500 -523.438 -218.750 601.562 -273.438 -1023.438 671.875 -757.812 -757.812 54.688
-7.812 1429.688 179.688 -679.688 -539.062 1031.250 -1070.312 -414.062 -93.750 -375.000 -671.875 500.000 -953.125 -195.312 85.938
-273.438 992.188 39.062 -695.312 -117.188 859.375 -843.750 93.750 70.312 -625.000 -195.312 367.188 -976.562 -85.938 328.125
-546.875 945.312 -187.500 -679.688 -140.625 804.688 -507.812 304.688 851.562 -414.062 -187.500 1031.250 -671.875 -117.188 781.250
-476.562 945.312 -117.188 -796.875 -250.000 656.250 -679.688 125.000 750.000 -445.312 -351.562 953.125 -695.312 -31.250 875.000
-359.375 914.062 -70.312 -820.312 -281.250 515.625 -781.250 31.250 578.125 -531.250 -492.188 609.375 -578.125 -195.312 906.250
-421.875 843.750 -132.812 -750.000 -171.875 562.500 -742.188 125.000 578.125 -726.562 -273.438 492.188 -609.375 -218.750 828.125
-429.688 937.500 -132.812 -812.500 -171.875 531.250 -765.625 117.188 593.750 -726.562 -250.000 585.938 -679.688 -62.500 648.438
-414.062 921.875 -148.438 -843.750 -125.000 531.250 -796.875 125.000 578.125 -664.062 -218.750 601.562 -703.125 -54.688 562.500
-421.875 906.250 -195.312 -867.188 -70.312 500.000 -937.500 -15.625 625.000 -796.875 -359.375 445.312 -796.875 -156.250 445.312
-390.625 828.125 -281.250 -812.500 -7.812 625.000 -765.625 390.625 515.625 -953.125 -195.312 304.688 -734.375 -203.125 445.312
-437.500 953.125 -343.750 -960.938 -31.250 585.938 -882.812 296.875 445.312 -984.375 -296.875 382.812 -765.625 -265.625 546.875
-429.688 992.188 -382.812 -914.062 -85.938 562.500 -867.188 234.375 492.188 -851.562 -265.625 421.875 -695.312 -335.938 562.500
-476.562 976.562 -382.812 -546.875 156.250 1046.875 -476.562 570.312 750.000 -750.000 -179.688 492.188 -437.500 -281.250 750.000
-382.812 1226.562 -140.625 -585.938 31.250 1109.375 -562.500 421.875 828.125 -593.750 -398.438 710.938 -304.688 -132.812 1226.562
-578.125 1195.312 -429.688 -617.188 -39.062 1078.125 -593.750 296.875 937.500 -492.188 -312.500 609.375 -421.875 -203.125 781.250
-679.688 1250.000 -500.000 -617.188 -7.812 1062.500 -546.875 304.688 921.875 -187.500 -273.438 726.562 -367.188 -367.188 789.062
-664.062 1320.312 -476.562 -992.188 -390.625 648.438 -656.250 -226.562 1039.062 -62.500 -554.688 1226.562 -273.438 -242.188 1015.625
7.812 976.562 328.125 -125.000 -750.000 593.750 -226.562 -421.875 843.750 132.812 -984.375 835.938 140.625 -179.688 1312.500
7.812 976.562 328.125 -125.000 -750.000 593.750 -226.562 -421.875 843.750 132.812 -984.375 835.938 140.625 -179.688 1312.500
7.812 976.562 328.125 -125.000 -750.000 593.750 -226.562 -421.875 843.750 132.812 -984.375 835.938 140.625 -179.688 1312.500
-234.375 1140.625 156.250 -367.188 -656.250 46.875 -640.625 -632.812 460.938 -257.812 -851.562 781.250 -31.250 39.062 1023.438
-312.500 1007.812 140.625 70.312 -976.562 -62.500 -359.375 -406.250 687.500 -117.188 -742.188 570.312 -164.062 -476.562 867.188
-812.500 46.875 1515.625 -1203.125 1437.500 2710.938 2093.750 625.000 289.062 -148.438 1585.938 1187.500 -281.250 195.312 312.500
-585.938 1429.688 -773.438 -1695.312 203.125 585.938 -2281.250 546.875 359.375 -1023.438 -15.625 1046.875 -750.000 1171.875 -101.562
-117.188 -335.938 117.188 -1179.688 984.375 1078.125 -828.125 1125.000 320.312 -1320.312 539.062 273.438 -648.438 476.562 390.625
-492.188 101.562 -109.375 -476.562 -46.875 679.688 -382.812 195.312 710.938 -304.688 -242.188 750.000 -320.312 -54.688 671.875
-640.625 382.812 109.375 109.375 -171.875 875.000 109.375 54.688 1000.000 78.125 -507.812 953.125 -46.875 -132.812 1078.125
-570.312 468.750 195.312 328.125 -250.000 929.688 296.875 23.438 1101.562 140.625 -546.875 945.312 -31.250 -195.312 1070.312
-250.000 765.625 351.562 335.938 -296.875 898.438 164.062 -62.500 992.188 101.562 -585.938 773.438 -46.875 -304.688 929.688
-296.875 445.312 328.125 179.688 -234.375 890.625 109.375 -7.812 1031.250 93.750 -562.500 851.562 -39.062 -281.250 976.562
-203.125 773.438 218.750 78.125 -328.125 937.500 203.125 171.875 1062.500 85.938 -375.000 882.812 109.375 -312.500 1132.812
-804.688 1007.812 226.562 125.000 156.250 1078.125 -70.312 187.500 906.250 125.000 -656.250 843.750 164.062 -85.938 1023.438
-101.562 1359.375 125.000 -226.562 -70.312 867.188 -1414.062 -62.500 914.062 -62.500 -640.625 1179.688 242.188 757.812 656.250
-882.812 593.750 -15.625 39.062 164.062 1179.688 46.875 437.500 1015.625 15.625 -273.438 890.625 164.062 -359.375 1109.375
-460.938 648.438 140.625 54.688 -210.938 1054.688 54.688 70.312 1125.000 210.938 -554.688 945.312 203.125 -265.625 1023.438
-851.562 695.312 359.375 7.812 -179.688 1023.438 -7.812 54.688 1078.125 187.500 -632.812 960.938 273.438 -210.938 1140.625
-398.438 789.062 218.750 -46.875 -140.625 945.312 -78.125 93.750 945.312 39.062 -523.438 812.500 117.188 -218.750 1000.000
-773.438 796.875 328.125 39.062 -70.312 992.188 -15.625 179.688 968.750 62.500 -460.938 812.500 62.500 -226.562 921.875
