-578.125 726.562 46.875 85.938 382.812 851.562 62.500 382.812 882.812 351.562 -101.562 867.188 312.500 62.500 906.250
-585.938 781.250 70.312 85.938 484.375 875.000 117.188 476.562 898.438 445.312 -23.438 921.875 414.062 148.438 921.875
-546.875 843.750 101.562 93.750 507.812 875.000 125.000 515.625 906.250 437.500 7.812 929.688 382.812 164.062 937.500
-539.062 859.375 109.375 109.375 515.625 890.625 117.188 515.625 906.250 429.688 0.000 937.500 367.188 164.062 929.688
-578.125 890.625 93.750 101.562 515.625 882.812 101.562 507.812 898.438 382.812 -7.812 914.062 320.312 140.625 906.250
-578.125 882.812 78.125 85.938 492.188 875.000 62.500 500.000 875.000 320.312 -7.812 890.625 257.812 125.000 867.188
-570.312 875.000 101.562 54.688 484.375 843.750 39.062 500.000 867.188 304.688 0.000 882.812 250.000 125.000 859.375
-539.062 867.188 117.188 46.875 500.000 851.562 23.438 500.000 859.375 296.875 -7.812 875.000 234.375 125.000 859.375
-515.625 867.188 117.188 39.062 492.188 851.562 23.438 492.188 828.125 289.062 -15.625 867.188 234.375 125.000 859.375
-523.438 804.688 101.562 85.938 453.125 843.750 101.562 453.125 867.188 398.438 -39.062 867.188 367.188 101.562 890.625
-539.062 796.875 93.750 132.812 445.312 867.188 148.438 437.500 898.438 468.750 -39.062 890.625 437.500 101.562 921.875
-546.875 804.688 93.750 148.438 437.500 859.375 156.250 437.500 914.062 484.375 -62.500 906.250 445.312 101.562 937.500
-531.250 765.625 39.062 171.875 414.062 914.062 171.875 398.438 960.938 476.562 -101.562 921.875 406.250 70.312 960.938
-632.812 773.438 7.812 218.750 476.562 1031.250 156.250 453.125 992.188 421.875 -117.188 882.812 335.938 15.625 898.438
-562.500 890.625 125.000 171.875 429.688 1007.812 109.375 421.875 968.750 320.312 -140.625 867.188 234.375 0.000 875.000
-429.688 898.438 281.250 187.500 375.000 976.562 85.938 375.000 953.125 281.250 -164.062 859.375 179.688 -15.625 882.812
-31.250 820.312 570.312 273.438 343.750 1070.312 85.938 414.062 953.125 320.312 -210.938 828.125 320.312 31.250 906.250
-93.750 859.375 632.812 195.312 -343.750 1671.875 328.125 -421.875 593.750 398.438 -140.625 976.562 218.750 -39.062 945.312
-484.375 976.562 390.625 218.750 257.812 1117.188 31.250 140.625 1085.938 382.812 -242.188 1023.438 203.125 -70.312 953.125
-601.562 1039.062 234.375 140.625 296.875 992.188 31.250 210.938 1140.625 476.562 -296.875 1062.500 273.438 -62.500 1007.812
-710.938 984.375 109.375 195.312 109.375 1164.062 390.625 7.812 1601.562 929.688 -304.688 1515.625 554.688 78.125 1375.000
-640.625 976.562 257.812 -39.062 640.625 1062.500 187.500 484.375 1484.375 789.062 -23.438 1500.000 492.188 296.875 1382.812
-687.500 757.812 257.812 -445.312 898.438 656.250 7.812 531.250 968.750 703.125 85.938 1148.438 359.375 250.000 1164.062
-1000.000 789.062 31.250 -437.500 843.750 539.062 -78.125 492.188 789.062 210.938 23.438 976.562 375.000 -31.250 1140.625
-1117.188 843.750 -570.312 -601.562 523.438 203.125 -570.312 351.562 281.250 -281.250 -398.438 359.375 171.875 -359.375 890.625
-468.750 445.312 46.875 -960.938 -320.312 -54.688 -789.062 203.125 62.500 -210.938 -226.562 367.188 218.750 -125.000 679.688
39.062 234.375 296.875 -625.000 -265.625 359.375 -539.062 -70.312 421.875 -289.062 -171.875 578.125 -125.000 23.438 625.000
-500.000 687.500 109.375 -289.062 140.625 890.625 -195.312 148.438 875.000 -93.750 -398.438 718.750 -117.188 -351.562 789.062
-460.938 1000.000 398.438 -539.062 367.188 765.625 -335.938 453.125 796.875 -93.750 -85.938 843.750 -93.750 62.500 742.188
-132.812 953.125 601.562 -617.188 695.312 687.500 -468.750 718.750 593.750 -257.812 101.562 843.750 -125.000 250.000 781.250
-343.750 765.625 390.625 -625.000 601.562 601.562 -460.938 632.812 632.812 -273.438 62.500 851.562 -242.188 101.562 734.375
-406.250 695.312 335.938 -656.250 343.750 507.812 -539.062 406.250 539.062 -390.625 -148.438 726.562 -250.000 -15.625 796.875
-460.938 734.375 296.875 -710.938 304.688 476.562 -593.750 382.812 507.812 -414.062 -179.688 703.125 -257.812 -70.312 804.688
-460.938 671.875 296.875 -750.000 281.250 429.688 -601.562 312.500 546.875 -359.375 -187.500 742.188 -226.562 -23.438 820.312
-421.875 695.312 296.875 -695.312 257.812 500.000 -507.812 351.562 648.438 -257.812 -164.062 843.750 -156.250 -15.625 882.812
-445.312 656.250 226.562 -507.812 312.500 765.625 -335.938 406.250 859.375 -203.125 -195.312 890.625 -164.062 -70.312 890.625
-492.188 695.312 226.562 -484.375 312.500 875.000 -281.250 406.250 953.125 -171.875 -210.938 921.875 -164.062 -93.750 906.250
-289.062 890.625 390.625 -554.688 296.875 820.312 -382.812 335.938 890.625 -171.875 -281.250 929.688 -148.438 -117.188 945.312
-445.312 929.688 359.375 -554.688 281.250 851.562 -367.188 359.375 953.125 -273.438 -320.312 828.125 -171.875 -187.500 898.438
-789.062 828.125 62.500 -562.500 132.812 812.500 -492.188 187.500 851.562 -289.062 -179.688 773.438 -296.875 -257.812 726.562
-656.250 765.625 117.188 -625.000 117.188 703.125 -531.250 148.438 750.000 -312.500 -492.188 671.875 -226.562 -289.062 781.250
-578.125 773.438 210.938 -625.000 148.438 640.625 -593.750 218.750 687.500 -476.562 -54.688 585.938 -156.250 -343.750 750.000
-601.562 796.875 226.562 -625.000 289.062 664.062 -640.625 398.438 609.375 -335.938 109.375 546.875 -195.312 -70.312 500.000
-726.562 703.125 -62.500 -593.750 179.688 695.312 -718.750 429.688 625.000 156.250 -226.562 578.125 -7.812 -140.625 554.688
-921.875 820.312 7.812 -593.750 93.750 625.000 -757.812 171.875 632.812 421.875 -570.312 773.438 296.875 -210.938 867.188
-601.562 945.312 140.625 -593.750 187.500 585.938 -570.312 -140.625 742.188 773.438 -851.562 968.750 820.312 -265.625 1414.062
-398.438 968.750 382.812 -609.375 296.875 757.812 -367.188 7.812 1007.812 632.812 -773.438 1000.000 843.750 -406.250 1476.562
-476.562 1335.938 429.688 -578.125 656.250 789.062 -390.625 195.312 890.625 390.625 -710.938 671.875 507.812 -296.875 921.875
-554.688 1359.375 468.750 -437.500 632.812 742.188 -429.688 31.250 765.625 281.250 -609.375 781.250 468.750 -140.625 1054.688
-304.688 890.625 382.812 -531.250 453.125 453.125 -453.125 23.438 617.188 296.875 -539.062 945.312 531.250 39.062 1257.812
-421.875 281.250 70.312 -742.188 296.875 296.875 -468.750 203.125 765.625 132.812 -343.750 976.562 265.625 414.062 851.562
-312.500 242.188 -31.250 304.688 1328.125 1398.438 -367.188 445.312 921.875 375.000 -187.500 1125.000 375.000 148.438 1007.812
-617.188 601.562 156.250 -250.000 695.312 789.062 -296.875 312.500 1046.875 453.125 -234.375 1023.438 429.688 242.188 945.312
-742.188 843.750 179.688 187.500 687.500 1156.250 -54.688 359.375 1257.812 562.500 -273.438 945.312 429.688 148.438 890.625
-765.625 765.625 125.000 23.438 601.562 1085.938 -46.875 398.438 1203.125 601.562 -210.938 921.875 500.000 234.375 843.750
-789.062 648.438 31.250 -195.312 640.625 875.000 -187.500 390.625 1007.812 562.500 -156.250 875.000 570.312 273.438 828.125
-734.375 640.625 46.875 -187.500 609.375 851.562 -218.750 359.375 953.125 523.438 -156.250 867.188 484.375 234.375 835.938
-656.250 679.688 117.188 -187.500 500.000 851.562 -265.625 312.500 898.438 359.375 -210.938 789.062 312.500 164.062 789.062
-625.000 625.000 101.562 -140.625 414.062 843.750 -242.188 203.125 906.250 460.938 -226.562 828.125 445.312 179.688 843.750
-710.938 570.312 85.938 -179.688 601.562 828.125 -218.750 320.312 945.312 546.875 -187.500 875.000 531.250 218.750 851.562
-625.000 617.188 109.375 -125.000 585.938 875.000 -210.938 343.750 953.125 468.750 -164.062 859.375 476.562 242.188 835.938
-546.875 726.562 210.938 54.688 648.438 1007.812 -140.625 335.938 976.562 421.875 -179.688 867.188 414.062 289.062 796.875
-234.375 640.625 117.188 -15.625 1000.000 1070.312 -242.188 468.750 1046.875 546.875 -70.312 953.125 562.500 390.625 859.375
-335.938 765.625 156.250 -289.062 703.125 992.188 -320.312 578.125 1117.188 484.375 93.750 1000.000 429.688 359.375 781.250
-562.500 710.938 117.188 -414.062 570.312 789.062 -335.938 414.062 1007.812 437.500 132.812 984.375 320.312 250.000 742.188
-710.938 757.812 117.188 -554.688 515.625 414.062 -656.250 679.688 601.562 70.312 31.250 671.875 203.125 70.312 757.812
-640.625 812.500 70.312 -710.938 429.688 289.062 -695.312 445.312 328.125 46.875 -46.875 554.688 179.688 0.000 726.562
-671.875 859.375 -242.188 -953.125 226.562 156.250 -656.250 148.438 132.812 -54.688 -195.312 335.938 125.000 -203.125 671.875
-867.188 898.438 -359.375 -750.000 62.500 296.875 -671.875 109.375 218.750 -31.250 -265.625 429.688 156.250 -195.312 687.500
-812.500 625.000 -351.562 -359.375 570.312 843.750 1164.062 -304.688 1312.500 1007.812 -54.688 1085.938 710.938 234.375 960.938
-750.000 960.938 -273.438 -226.562 484.375 1203.125 1031.250 -367.188 1578.125 914.062 -140.625 992.188 750.000 78.125 1000.000
-218.750 921.875 460.938 -289.062 523.438 1187.500 781.250 -156.250 1507.812 773.438 -125.000 804.688 312.500 -70.312 710.938
39.062 804.688 562.500 -468.750 671.875 1007.812 390.625 -23.438 1164.062 562.500 -250.000 664.062 421.875 -140.625 843.750
-609.375 1070.312 -78.125 -781.250 -101.562 328.125 -15.625 -265.625 945.312 492.188 -226.562 820.312 445.312 -23.438 882.812
-710.938 875.000 -171.875 -789.062 -39.062 304.688 -85.938 -320.312 898.438 539.062 -195.312 828.125 507.812 7.812 882.812
-593.750 695.312 -62.500 -843.750 140.625 328.125 -93.750 -140.625 789.062 523.438 -273.438 726.562 625.000 -31.250 859.375
-476.562 953.125 -7.812 -765.625 140.625 429.688 -62.500 -195.312 750.000 453.125 -343.750 648.438 507.812 -140.625 796.875
-601.562 976.562 -15.625 -585.938 31.250 812.500 328.125 -281.250 984.375 656.250 -414.062 671.875 484.375 -250.000 820.312
-617.188 914.062 46.875 -585.938 15.625 828.125 359.375 -367.188 929.688 695.312 -429.688 640.625 523.438 -296.875 843.750
-382.812 890.625 187.500 -617.188 -7.812 765.625 296.875 -398.438 882.812 695.312 -468.750 640.625 648.438 -234.375 851.562
-437.500 890.625 164.062 -648.438 70.312 718.750 242.188 -328.125 921.875 703.125 -429.688 750.000 671.875 -140.625 921.875
-500.000 1039.062 117.188 -726.562 70.312 554.688 164.062 -304.688 859.375 617.188 -375.000 703.125 625.000 -132.812 867.188
-476.562 1023.438 117.188 -750.000 78.125 484.375 125.000 -304.688 804.688 578.125 -351.562 687.500 617.188 -125.000 867.188
-523.438 921.875 54.688 -804.688 78.125 257.812 85.938 -296.875 648.438 507.812 -359.375 640.625 640.625 -78.125 859.375
-312.500 882.812 -156.250 -640.625 -62.500 117.188 359.375 -468.750 601.562 625.000 -390.625 640.625 515.625 -125.000 828.125
-507.812 757.812 -93.750 -351.562 -304.688 382.812 593.750 -289.062 781.250 867.188 -429.688 679.688 687.500 -296.875 1000.000
-476.562 867.188 -39.062 -109.375 -242.188 437.500 601.562 -242.188 945.312 859.375 -382.812 726.562 695.312 -320.312 1031.250
-351.562 851.562 187.500 664.062 85.938 835.938 734.375 -132.812 1070.312 1000.000 -289.062 820.312 546.875 -289.062 953.125
-328.125 1195.312 320.312 1179.688 -46.875 1531.250 710.938 382.812 1171.875 945.312 -46.875 835.938 648.438 -23.438 898.438
-203.125 789.062 359.375 929.688 765.625 1609.375 773.438 242.188 1312.500 796.875 -273.438 906.250 500.000 85.938 921.875
-320.312 750.000 312.500 625.000 953.125 1375.000 718.750 359.375 1187.500 773.438 -156.250 843.750 484.375 -78.125 937.500
-492.188 898.438 46.875 320.312 546.875 1117.188 375.000 515.625 968.750 632.812 31.250 726.562 523.438 164.062 773.438
-585.938 625.000 -164.062 -140.625 312.500 898.438 70.312 507.812 906.250 429.688 54.688 804.688 351.562 171.875 828.125
-640.625 492.188 -250.000 -328.125 -218.750 1140.625 46.875 335.938 718.750 351.562 195.312 843.750 250.000 210.938 789.062
-687.500 664.062 -367.188 500.000 242.188 820.312 -234.375 546.875 804.688 289.062 54.688 828.125 250.000 234.375 804.688
-554.688 640.625 -328.125 -62.500 2257.812 -414.062 1500.000 3523.438 2750.000 562.500 -179.688 765.625 281.250 234.375 835.938
-546.875 796.875 -23.438 500.000 625.000 1031.250 414.062 554.688 851.562 687.500 -101.562 812.500 335.938 179.688 937.500
-406.250 921.875 125.000 -187.500 -859.375 1757.812 273.438 -39.062 601.562 687.500 148.438 1085.938 296.875 140.625 890.625
-398.438 835.938 195.312 781.250 539.062 1296.875 179.688 429.688 875.000 695.312 54.688 1023.438 234.375 406.250 843.750
-835.938 1039.062 -195.312 171.875 382.812 765.625 -15.625 734.375 1007.812 125.000 445.312 1054.688 -85.938 570.312 648.438
-695.312 640.625 -343.750 -195.312 812.500 609.375 171.875 757.812 843.750 195.312 62.500 992.188 -85.938 343.750 789.062
-914.062 757.812 -531.250 -867.188 742.188 445.312 171.875 1359.375 1289.062 -656.250 -289.062 578.125 -164.062 -117.188 914.062
-945.312 742.188 -710.938 -1179.688 453.125 781.250 132.812 1070.312 453.125 -921.875 828.125 726.562 -273.438 -328.125 828.125
-546.875 -164.062 -390.625 648.438 406.250 828.125 -1031.250 -164.062 -273.438 500.000 -429.688 1062.500 648.438 898.438 1140.625
-406.250 625.000 -187.500 460.938 617.188 898.438 -359.375 632.812 320.312 46.875 -125.000 554.688 632.812 -539.062 1351.562
-312.500 960.938 23.438 140.625 921.875 937.500 -609.375 742.188 39.062 -328.125 -93.750 507.812 -320.312 0.000 500.000
-203.125 1062.500 -54.688 62.500 1351.562 1125.000 -656.250 835.938 125.000 -523.438 250.000 468.750 -492.188 -70.312 312.500
-640.625 1039.062 335.938 62.500 632.812 570.312 -625.000 523.438 156.250 -695.312 -15.625 500.000 -562.500 -70.312 609.375
-328.125 968.750 -70.312 187.500 914.062 867.188 -570.312 828.125 109.375 -539.062 15.625 406.250 -390.625 -85.938 421.875
-695.312 234.375 15.625 648.438 265.625 460.938 85.938 421.875 1140.625 7.812 148.438 835.938 -171.875 -7.812 390.625
-476.562 1273.438 437.500 257.812 187.500 -148.438 -398.438 421.875 593.750 507.812 -476.562 882.812 1234.375 -39.062 1375.000
-453.125 1304.688 351.562 531.250 1414.062 1796.875 -187.500 554.688 710.938 445.312 -312.500 953.125 804.688 117.188 1195.312
-351.562 507.812 54.688 187.500 500.000 1000.000 -289.062 609.375 968.750 351.562 -406.250 984.375 242.188 -203.125 921.875
-609.375 648.438 -78.125 117.188 460.938 992.188 -390.625 601.562 929.688 390.625 -414.062 1125.000 468.750 -156.250 1148.438
-460.938 882.812 156.250 -140.625 507.812 976.562 -523.438 656.250 703.125 179.688 -304.688 1031.250 523.438 85.938 1148.438
-382.812 789.062 125.000 -70.312 500.000 984.375 -531.250 726.562 679.688 46.875 -242.188 906.250 210.938 -70.312 945.312
-554.688 812.500 -125.000 70.312 351.562 976.562 -523.438 554.688 710.938 109.375 -273.438 835.938 164.062 -132.812 867.188
-507.812 1218.750 7.812 85.938 296.875 937.500 -671.875 523.438 500.000 78.125 -257.812 695.312 257.812 -140.625 890.625
-398.438 1460.938 46.875 -1210.938 476.562 1335.938 -335.938 953.125 554.688 -31.250 -70.312 476.562 203.125 78.125 664.062
-476.562 1421.875 125.000 -31.250 640.625 1289.062 -960.938 1242.188 375.000 218.750 23.438 796.875 -203.125 273.438 500.000
-437.500 1281.250 125.000 101.562 484.375 1726.562 -1117.188 1109.375 46.875 39.062 -109.375 398.438 296.875 312.500 640.625
-140.625 1515.625 117.188 2382.812 3562.500 2507.812 -1007.812 828.125 -1914.062 -7.812 -367.188 62.500 -78.125 -85.938 554.688
-367.188 1703.125 515.625 3062.500 4000.000 -4000.000 601.562 843.750 2523.438 -593.750 -93.750 210.938 -960.938 -39.062 234.375
-85.938 1898.438 570.312 -1820.312 2195.312 -843.750 1859.375 -1078.125 93.750 531.250 -187.500 609.375 -625.000 -1171.875 93.750
-312.500 1828.125 62.500 -703.125 984.375 429.688 492.188 -1945.312 1046.875 953.125 -148.438 601.562 851.562 -78.125 460.938
-335.938 1632.812 -62.500 -148.438 273.438 984.375 468.750 -468.750 492.188 1164.062 -1078.125 492.188 312.500 -1085.938 890.625
-398.438 906.250 -156.250 -343.750 -367.188 367.188 343.750 -1406.250 734.375 835.938 -1078.125 875.000 898.438 -359.375 1000.000
-304.688 812.500 -109.375 -359.375 -687.500 445.312 414.062 -1109.375 750.000 820.312 -1367.188 968.750 1109.375 -804.688 1281.250
-351.562 500.000 -382.812 -429.688 -398.438 617.188 507.812 -914.062 757.812 976.562 -789.062 453.125 968.750 -820.312 859.375
-617.188 101.562 -304.688 -554.688 -328.125 484.375 343.750 -718.750 750.000 929.688 -585.938 562.500 960.938 -476.562 742.188
-687.500 -78.125 -273.438 -312.500 -406.250 765.625 578.125 -679.688 773.438 968.750 -625.000 460.938 1007.812 -539.062 703.125
-710.938 -101.562 -140.625 -335.938 -484.375 679.688 546.875 -679.688 703.125 953.125 -609.375 437.500 1007.812 -507.812 695.312
-601.562 31.250 62.500 -320.312 -601.562 609.375 570.312 -695.312 679.688 914.062 -601.562 437.500 953.125 -507.812 703.125
-625.000 46.875 148.438 -117.188 -554.688 835.938 632.812 -828.125 679.688 929.688 -710.938 445.312 906.250 -554.688 765.625
-523.438 148.438 421.875 109.375 -523.438 1117.188 781.250 -875.000 820.312 968.750 -781.250 507.812 875.000 -617.188 820.312
-484.375 101.562 445.312 265.625 -617.188 1351.562 960.938 -929.688 976.562 1078.125 -828.125 570.312 937.500 -671.875 914.062
-679.688 148.438 437.500 281.250 -648.438 1429.688 1132.812 -1156.250 1085.938 1289.062 -976.562 703.125 1007.812 -632.812 1031.250
-648.438 335.938 445.312 -226.562 -523.438 898.438 898.438 -1281.250 1125.000 1164.062 -851.562 687.500 546.875 -476.562 578.125
-671.875 -117.188 250.000 -156.250 -23.438 1054.688 1023.438 -890.625 492.188 1406.250 -171.875 734.375 1023.438 -367.188 890.625
-984.375 -101.562 234.375 -406.250 -218.750 734.375 296.875 -515.625 -23.438 1132.812 -789.062 445.312 1226.562 -507.812 1000.000
-898.438 484.375 31.250 -476.562 -726.562 296.875 414.062 -968.750 390.625 828.125 -890.625 320.312 921.875 -601.562 773.438
-710.938 15.625 -156.250 -703.125 -460.938 62.500 39.062 -1476.562 515.625 1820.312 -984.375 523.438 1398.438 -984.375 953.125
-734.375 484.375 -156.250 -187.500 -320.312 382.812 1070.312 -703.125 1695.312 1093.750 -1531.250 171.875 1492.188 -1257.812 1195.312
-257.812 742.188 117.188 -85.938 -2632.812 2250.000 867.188 -2007.812 1210.938 1210.938 -1703.125 359.375 1375.000 -1359.375 1156.250
367.188 703.125 906.250 -109.375 1281.250 1257.812 398.438 -1898.438 -15.625 1531.250 -1500.000 -70.312 1671.875 -1656.250 1218.750
-421.875 2312.500 539.062 453.125 1625.000 1875.000 -921.875 -1453.125 -1023.438 242.188 -1429.688 -992.188 1109.375 -1218.750 554.688
-851.562 1226.562 523.438 2179.688 593.750 2031.250 -1414.062 250.000 -1429.688 -1101.562 -398.438 -1601.562 -54.688 -1031.250 -773.438
-46.875 523.438 734.375 1984.375 -62.500 843.750 -1007.812 1304.688 -1140.625 -1703.125 609.375 -1601.562 -640.625 -851.562 -1375.000
890.625 1476.562 1312.500 -3687.500 -1140.625 -1328.125 -1093.750 1773.438 -140.625 -1546.875 953.125 -710.938 -1554.688 7.812 -2015.625
-289.062 867.188 851.562 -328.125 1773.438 1101.562 -1023.438 703.125 156.250 -484.375 15.625 437.500 -515.625 -140.625 23.438
-78.125 953.125 671.875 -265.625 -46.875 1429.688 -54.688 304.688 1164.062 -15.625 -937.500 578.125 382.812 -257.812 1101.562
-328.125 648.438 335.938 -703.125 -546.875 890.625 -171.875 -726.562 1343.750 226.562 -757.812 1039.062 375.000 -570.312 1195.312
-507.812 187.500 164.062 -445.312 -640.625 843.750 -390.625 -515.625 750.000 -93.750 -804.688 687.500 289.062 -414.062 1265.625
-359.375 406.250 257.812 -585.938 -421.875 656.250 -476.562 -421.875 617.188 -156.250 -882.812 609.375 125.000 -328.125 1078.125
-421.875 664.062 242.188 -664.062 117.188 601.562 -718.750 39.062 507.812 -187.500 -687.500 562.500 -140.625 -445.312 734.375
-578.125 859.375 257.812 -523.438 195.312 804.688 -554.688 109.375 554.688 -398.438 -531.250 476.562 -179.688 -453.125 570.312
-406.250 984.375 234.375 -757.812 265.625 367.188 -367.188 328.125 679.688 -132.812 -218.750 773.438 -164.062 -250.000 632.812
-750.000 804.688 54.688 -703.125 39.062 398.438 -359.375 710.938 1218.750 -125.000 -234.375 796.875 -140.625 -328.125 710.938
-351.562 718.750 46.875 -1046.875 -281.250 320.312 -171.875 101.562 1132.812 -203.125 -226.562 781.250 -117.188 -312.500 687.500
-335.938 875.000 296.875 -875.000 250.000 476.562 -445.312 -593.750 796.875 -85.938 -804.688 828.125 -156.250 -382.812 921.875
15.625 1429.688 609.375 -843.750 281.250 828.125 -242.188 -328.125 1132.812 -164.062 -593.750 804.688 -242.188 -570.312 796.875
78.125 1296.875 632.812 -796.875 273.438 835.938 -242.188 -296.875 1093.750 -187.500 -671.875 742.188 -265.625 -539.062 734.375
-125.000 1195.312 523.438 -765.625 218.750 781.250 -250.000 -210.938 1054.688 -195.312 -453.125 757.812 -218.750 -507.812 773.438
-226.562 1078.125 437.500 -812.500 242.188 640.625 -351.562 -93.750 960.938 -117.188 -578.125 789.062 -164.062 -367.188 796.875
-367.188 820.312 265.625 -812.500 125.000 429.688 -421.875 -250.000 843.750 -148.438 -648.438 804.688 -62.500 -335.938 929.688
-343.750 828.125 296.875 -757.812 117.188 546.875 -343.750 -187.500 882.812 -101.562 -578.125 796.875 -78.125 -359.375 906.250
-382.812 875.000 289.062 -671.875 359.375 703.125 -296.875 -46.875 929.688 -85.938 -546.875 773.438 -54.688 -359.375 875.000
-390.625 945.312 304.688 -703.125 398.438 679.688 -281.250 -23.438 929.688 -109.375 -453.125 796.875 -101.562 -335.938 851.562
-335.938 921.875 281.250 -671.875 390.625 679.688 -328.125 -78.125 921.875 -148.438 -531.250 796.875 -125.000 -351.562 898.438
-328.125 906.250 289.062 -671.875 367.188 679.688 -320.312 -54.688 937.500 -156.250 -507.812 804.688 -140.625 -351.562 898.438
-335.938 898.438 273.438 -703.125 304.688 664.062 -289.062 -31.250 937.500 -148.438 -492.188 812.500 -148.438 -367.188 867.188
-328.125 906.250 210.938 -695.312 351.562 578.125 -343.750 15.625 882.812 -203.125 -421.875 750.000 -187.500 -312.500 789.062
-335.938 867.188 195.312 -726.562 320.312 429.688 -406.250 -7.812 804.688 -195.312 -390.625 781.250 -140.625 -242.188 835.938
-351.562 820.312 156.250 -742.188 304.688 437.500 -406.250 0.000 804.688 -187.500 -398.438 765.625 -140.625 -257.812 851.562
-359.375 812.500 171.875 -640.625 343.750 601.562 -312.500 -23.438 859.375 -156.250 -421.875 781.250 -132.812 -265.625 828.125
-312.500 914.062 187.500 -679.688 203.125 671.875 -210.938 -125.000 1023.438 -31.250 -546.875 898.438 -62.500 -398.438 976.562
-335.938 882.812 179.688 -710.938 179.688 625.000 -257.812 -156.250 984.375 -46.875 -554.688 890.625 -46.875 -382.812 1007.812
-335.938 875.000 179.688 -718.750 226.562 609.375 -257.812 -109.375 968.750 -54.688 -523.438 882.812 -54.688 -359.375 984.375
-367.188 953.125 218.750 -687.500 367.188 687.500 -242.188 -23.438 1023.438 -62.500 -453.125 890.625 -70.312 -328.125 929.688
-343.750 1023.438 234.375 -679.688 382.812 726.562 -250.000 -31.250 1015.625 -70.312 -460.938 875.000 -109.375 -304.688 890.625
-304.688 984.375 250.000 -695.312 351.562 703.125 -242.188 -15.625 976.562 -125.000 -437.500 789.062 -101.562 -351.562 906.250
-335.938 945.312 257.812 -687.500 351.562 664.062 -320.312 -85.938 960.938 -85.938 -515.625 835.938 -109.375 -304.688 898.438
-273.438 921.875 273.438 -687.500 312.500 679.688 -265.625 -70.312 968.750 -132.812 -476.562 851.562 -85.938 -328.125 937.500
-289.062 937.500 273.438 -695.312 289.062 664.062 -296.875 -132.812 953.125 -117.188 -539.062 835.938 -78.125 -312.500 960.938
-320.312 945.312 273.438 -703.125 296.875 617.188 -328.125 -140.625 937.500 -125.000 -515.625 812.500 -78.125 -273.438 921.875
-296.875 937.500 304.688 -710.938 289.062 578.125 -343.750 -148.438 914.062 -140.625 -492.188 820.312 -109.375 -257.812 914.062
-31.250 1000.000 460.938 -671.875 179.688 578.125 -468.750 -1070.312 1000.000 -304.688 -789.062 585.938 -171.875 -273.438 859.375
953.125 921.875 250.000 -609.375 523.438 757.812 -570.312 421.875 773.438 -132.812 -273.438 789.062 -125.000 -195.312 921.875
-1625.000 226.562 320.312 -671.875 7.812 554.688 -46.875 -210.938 1070.312 -257.812 -382.812 531.250 -164.062 -328.125 656.250
-851.562 1242.188 359.375 -695.312 -218.750 468.750 -218.750 335.938 1007.812 -117.188 -242.188 632.812 -54.688 -468.750 750.000
-242.188 734.375 406.250 -765.625 320.312 562.500 -335.938 -203.125 718.750 109.375 -414.062 937.500 46.875 -203.125 937.500
-328.125 984.375 398.438 -617.188 242.188 601.562 -304.688 62.500 804.688 156.250 -492.188 890.625 101.562 -273.438 968.750
-226.562 1007.812 312.500 -476.562 242.188 671.875 -359.375 -62.500 867.188 78.125 -460.938 851.562 101.562 -375.000 976.562
-218.750 898.438 343.750 -445.312 312.500 664.062 -398.438 -78.125 843.750 23.438 -531.250 835.938 62.500 -351.562 953.125
-125.000 742.188 367.188 -328.125 -140.625 460.938 -304.688 -195.312 726.562 203.125 -492.188 789.062 46.875 -390.625 929.688
-179.688 632.812 132.812 -85.938 -273.438 609.375 -320.312 -125.000 789.062 117.188 -562.500 750.000 140.625 -359.375 937.500
-632.812 703.125 31.250 164.062 -375.000 953.125 -328.125 -421.875 593.750 164.062 -492.188 781.250 218.750 -312.500 968.750
-609.375 703.125 31.250 234.375 70.312 820.312 -210.938 7.812 773.438 156.250 -421.875 804.688 218.750 -265.625 984.375
-687.500 601.562 109.375 250.000 765.625 1015.625 -62.500 484.375 851.562 304.688 -148.438 843.750 406.250 54.688 945.312
-601.562 890.625 117.188 156.250 1078.125 1070.312 93.750 851.562 875.000 312.500 -328.125 937.500 375.000 156.250 953.125
-570.312 1000.000 117.188 242.188 937.500 1093.750 171.875 804.688 1078.125 375.000 -62.500 1007.812 273.438 148.438 945.312
-539.062 1015.625 117.188 320.312 757.812 1093.750 117.188 453.125 1148.438 367.188 93.750 1070.312 335.938 117.188 890.625
-453.125 984.375 179.688 421.875 515.625 1195.312 210.938 531.250 1187.500 429.688 -171.875 1007.812 250.000 70.312 953.125
