-484.375 867.188 195.312 -187.500 -179.688 921.875 -140.625 -54.688 945.312 109.375 -671.875 664.062 218.750 -453.125 828.125
-484.375 859.375 187.500 -195.312 -187.500 929.688 -140.625 -54.688 945.312 125.000 -671.875 671.875 242.188 -437.500 820.312
-484.375 851.562 187.500 -187.500 -203.125 929.688 -125.000 -54.688 953.125 132.812 -687.500 671.875 234.375 -460.938 835.938
-460.938 843.750 195.312 -179.688 -242.188 945.312 -117.188 -109.375 992.188 148.438 -726.562 671.875 234.375 -492.188 851.562
-460.938 882.812 203.125 -101.562 -242.188 1023.438 -85.938 -109.375 1039.062 156.250 -765.625 679.688 250.000 -515.625 875.000
-460.938 906.250 210.938 -101.562 -203.125 1046.875 -78.125 -78.125 1046.875 164.062 -750.000 679.688 242.188 -515.625 882.812
-437.500 1007.812 250.000 -109.375 -218.750 1062.500 -62.500 -70.312 1023.438 187.500 -742.188 656.250 273.438 -515.625 843.750
-437.500 1007.812 250.000 -109.375 -218.750 1062.500 -62.500 -70.312 1023.438 187.500 -742.188 656.250 273.438 -515.625 843.750
-445.312 976.562 234.375 -164.062 -257.812 992.188 -70.312 -140.625 1046.875 218.750 -664.062 648.438 296.875 -460.938 835.938
-460.938 843.750 195.312 -164.062 -289.062 968.750 -62.500 -101.562 1023.438 265.625 -695.312 710.938 375.000 -437.500 882.812
-460.938 843.750 195.312 -164.062 -289.062 968.750 -62.500 -101.562 1023.438 265.625 -695.312 710.938 375.000 -437.500 882.812
-507.812 687.500 132.812 -132.812 -203.125 1015.625 -62.500 -62.500 984.375 273.438 -625.000 609.375 429.688 -429.688 898.438
-578.125 703.125 54.688 -140.625 -148.438 1015.625 -46.875 46.875 906.250 156.250 -671.875 429.688 406.250 -507.812 851.562
-601.562 757.812 46.875 -125.000 -187.500 1054.688 -46.875 70.312 882.812 78.125 -664.062 390.625 375.000 -539.062 820.312
-585.938 937.500 70.312 -101.562 -226.562 1117.188 -93.750 -46.875 906.250 125.000 -609.375 484.375 140.625 -406.250 671.875
-539.062 984.375 109.375 -226.562 -296.875 992.188 -117.188 -250.000 843.750 328.125 -570.312 539.062 132.812 -453.125 695.312
-570.312 992.188 70.312 -507.812 -281.250 625.000 -203.125 -429.688 726.562 343.750 -671.875 546.875 242.188 -453.125 710.938
-570.312 992.188 70.312 -507.812 -281.250 625.000 -203.125 -429.688 726.562 343.750 -671.875 546.875 242.188 -453.125 710.938
-453.125 726.562 195.312 -500.000 -429.688 625.000 -93.750 -320.312 726.562 234.375 -898.438 578.125 304.688 -453.125 828.125
-453.125 726.562 195.312 -500.000 -429.688 625.000 -93.750 -320.312 726.562 234.375 -898.438 578.125 304.688 -453.125 828.125
-453.125 578.125 195.312 -531.250 -531.250 593.750 -132.812 -617.188 890.625 351.562 -750.000 523.438 250.000 -468.750 906.250
-453.125 562.500 226.562 -617.188 -500.000 515.625 31.250 -539.062 898.438 375.000 -781.250 625.000 289.062 -445.312 882.812
-171.875 984.375 421.875 -460.938 -546.875 625.000 70.312 -492.188 875.000 406.250 -820.312 648.438 390.625 -281.250 820.312
-164.062 1085.938 437.500 -398.438 -445.312 703.125 0.000 -601.562 914.062 468.750 -656.250 585.938 382.812 -328.125 835.938
-273.438 1070.312 390.625 -406.250 -445.312 750.000 78.125 -539.062 929.688 468.750 -445.312 453.125 390.625 -390.625 835.938
-468.750 890.625 273.438 -296.875 -468.750 921.875 234.375 -429.688 992.188 562.500 -726.562 562.500 476.562 -398.438 789.062
-445.312 804.688 273.438 -281.250 -484.375 914.062 226.562 -460.938 1007.812 625.000 -726.562 593.750 593.750 -343.750 820.312
-453.125 734.375 242.188 -312.500 -515.625 796.875 156.250 -500.000 898.438 585.938 -671.875 500.000 515.625 -406.250 820.312
-453.125 734.375 242.188 -312.500 -515.625 796.875 156.250 -500.000 898.438 585.938 -671.875 500.000 515.625 -406.250 820.312
-382.812 828.125 281.250 -289.062 -500.000 812.500 117.188 -468.750 859.375 476.562 -703.125 453.125 398.438 -437.500 757.812
-406.250 835.938 273.438 -289.062 -500.000 828.125 117.188 -460.938 859.375 445.312 -710.938 437.500 351.562 -445.312 726.562
-343.750 835.938 281.250 -281.250 -484.375 820.312 93.750 -476.562 843.750 437.500 -710.938 445.312 359.375 -445.312 742.188
-445.312 843.750 250.000 -296.875 -484.375 812.500 117.188 -453.125 851.562 468.750 -695.312 445.312 382.812 -421.875 750.000
-429.688 843.750 242.188 -304.688 -468.750 796.875 101.562 -468.750 820.312 468.750 -687.500 445.312 406.250 -421.875 734.375
-429.688 820.312 226.562 -304.688 -468.750 781.250 140.625 -460.938 859.375 531.250 -679.688 468.750 484.375 -398.438 757.812
-445.312 796.875 210.938 -312.500 -484.375 804.688 156.250 -453.125 875.000 554.688 -679.688 468.750 492.188 -382.812 773.438
-476.562 796.875 195.312 -304.688 -468.750 820.312 164.062 -445.312 875.000 562.500 -656.250 484.375 492.188 -375.000 765.625
-476.562 796.875 195.312 -304.688 -468.750 820.312 164.062 -445.312 875.000 562.500 -656.250 484.375 492.188 -375.000 765.625
-484.375 820.312 195.312 -304.688 -453.125 820.312 156.250 -421.875 875.000 546.875 -648.438 492.188 460.938 -367.188 773.438
-468.750 828.125 187.500 -312.500 -445.312 820.312 156.250 -421.875 867.188 531.250 -648.438 492.188 453.125 -375.000 765.625
-453.125 851.562 187.500 -328.125 -429.688 789.062 117.188 -406.250 828.125 476.562 -640.625 445.312 406.250 -375.000 734.375
-445.312 851.562 187.500 -312.500 -445.312 804.688 117.188 -421.875 828.125 476.562 -648.438 453.125 406.250 -382.812 734.375
-445.312 851.562 179.688 -320.312 -453.125 804.688 148.438 -421.875 851.562 507.812 -648.438 460.938 453.125 -367.188 757.812
-460.938 843.750 179.688 -304.688 -445.312 804.688 148.438 -421.875 851.562 531.250 -648.438 460.938 460.938 -367.188 750.000
-476.562 812.500 179.688 -320.312 -437.500 789.062 140.625 -414.062 828.125 523.438 -648.438 445.312 468.750 -375.000 734.375
-484.375 796.875 179.688 -304.688 -445.312 804.688 148.438 -421.875 851.562 546.875 -648.438 468.750 500.000 -367.188 773.438
-484.375 796.875 179.688 -304.688 -445.312 804.688 148.438 -421.875 851.562 546.875 -648.438 468.750 500.000 -367.188 773.438
-476.562 796.875 195.312 -304.688 -453.125 812.500 148.438 -421.875 859.375 531.250 -648.438 468.750 476.562 -375.000 765.625
-468.750 859.375 195.312 -320.312 -421.875 796.875 140.625 -414.062 828.125 492.188 -648.438 460.938 406.250 -382.812 726.562
-460.938 867.188 195.312 -320.312 -406.250 804.688 132.812 -398.438 820.312 468.750 -640.625 437.500 375.000 -390.625 710.938
-453.125 875.000 195.312 -320.312 -406.250 820.312 125.000 -414.062 828.125 484.375 -640.625 445.312 390.625 -382.812 718.750
-476.562 820.312 187.500 -296.875 -429.688 820.312 179.688 -414.062 859.375 546.875 -640.625 468.750 468.750 -367.188 757.812
-476.562 804.688 187.500 -296.875 -445.312 828.125 171.875 -414.062 867.188 554.688 -640.625 476.562 492.188 -367.188 765.625
-476.562 843.750 179.688 -296.875 -421.875 820.312 187.500 -390.625 867.188 554.688 -625.000 468.750 484.375 -359.375 742.188
-453.125 843.750 179.688 -296.875 -421.875 828.125 179.688 -414.062 867.188 554.688 -640.625 476.562 468.750 -367.188 750.000
-453.125 843.750 179.688 -296.875 -421.875 828.125 179.688 -414.062 867.188 554.688 -640.625 476.562 468.750 -367.188 750.000
-445.312 859.375 187.500 -289.062 -437.500 820.312 179.688 -406.250 859.375 531.250 -648.438 476.562 453.125 -367.188 765.625
-429.688 898.438 195.312 -273.438 -429.688 843.750 187.500 -421.875 875.000 523.438 -656.250 484.375 429.688 -382.812 765.625
-429.688 914.062 226.562 -265.625 -414.062 867.188 195.312 -421.875 882.812 515.625 -679.688 460.938 421.875 -398.438 757.812
-429.688 921.875 210.938 -265.625 -421.875 859.375 203.125 -421.875 890.625 523.438 -671.875 476.562 421.875 -398.438 750.000
-421.875 914.062 226.562 -265.625 -414.062 859.375 203.125 -429.688 898.438 523.438 -687.500 476.562 414.062 -398.438 750.000
-398.438 1000.000 242.188 -257.812 -414.062 898.438 195.312 -460.938 937.500 460.938 -734.375 484.375 296.875 -429.688 742.188
-367.188 1093.750 296.875 -203.125 -406.250 984.375 179.688 -429.688 1007.812 312.500 -718.750 437.500 117.188 -523.438 679.688
-312.500 1203.125 343.750 -179.688 -375.000 1046.875 132.812 -429.688 984.375 242.188 -765.625 406.250 31.250 -562.500 656.250
-312.500 1203.125 343.750 -179.688 -375.000 1046.875 132.812 -429.688 984.375 242.188 -765.625 406.250 31.250 -562.500 656.250
-234.375 1343.750 382.812 -242.188 -343.750 937.500 62.500 -453.125 937.500 54.688 -757.812 320.312 -140.625 -664.062 554.688
-289.062 1039.062 328.125 -257.812 -398.438 781.250 -156.250 -507.812 585.938 85.938 -906.250 195.312 46.875 -820.312 539.062
-203.125 953.125 429.688 -289.062 -593.750 687.500 -46.875 -687.500 867.188 156.250 -968.750 218.750 132.812 -843.750 625.000
-140.625 890.625 460.938 -304.688 -726.562 671.875 -31.250 -750.000 1007.812 203.125 -984.375 304.688 140.625 -867.188 656.250
-179.688 859.375 437.500 -328.125 -812.500 679.688 -46.875 -578.125 937.500 328.125 -1132.812 359.375 156.250 -906.250 734.375
-296.875 859.375 429.688 -351.562 -695.312 656.250 -187.500 -578.125 734.375 484.375 -1039.062 187.500 210.938 -1242.188 656.250
-351.562 718.750 429.688 -398.438 -726.562 601.562 -265.625 -671.875 734.375 390.625 -867.188 179.688 453.125 -828.125 648.438
-335.938 742.188 460.938 -484.375 -601.562 500.000 -289.062 -593.750 632.812 257.812 -937.500 117.188 382.812 -835.938 539.062
-335.938 742.188 460.938 -484.375 -601.562 500.000 -289.062 -593.750 632.812 257.812 -937.500 117.188 382.812 -835.938 539.062
-335.938 742.188 460.938 -484.375 -601.562 500.000 -289.062 -593.750 632.812 257.812 -937.500 117.188 382.812 -835.938 539.062
-343.750 656.250 453.125 -523.438 -679.688 429.688 -335.938 -671.875 578.125 250.000 -945.312 62.500 375.000 -843.750 546.875
-375.000 609.375 429.688 -476.562 -710.938 453.125 -414.062 -750.000 523.438 234.375 -1000.000 23.438 437.500 -867.188 539.062
-421.875 625.000 437.500 -484.375 -726.562 546.875 -312.500 -632.812 718.750 304.688 -968.750 164.062 421.875 -812.500 593.750
-437.500 640.625 460.938 -484.375 -718.750 609.375 -320.312 -585.938 828.125 359.375 -937.500 226.562 398.438 -781.250 609.375
-507.812 617.188 429.688 -492.188 -601.562 703.125 -304.688 -476.562 914.062 414.062 -1015.625 382.812 476.562 -750.000 765.625
-507.812 617.188 429.688 -492.188 -601.562 703.125 -304.688 -476.562 914.062 414.062 -1015.625 382.812 476.562 -750.000 765.625
-515.625 632.812 398.438 -500.000 -539.062 812.500 -203.125 -304.688 1117.188 437.500 -953.125 507.812 468.750 -617.188 781.250
-515.625 632.812 398.438 -500.000 -539.062 812.500 -203.125 -304.688 1117.188 437.500 -953.125 507.812 468.750 -617.188 781.250
-546.875 523.438 367.188 -468.750 -531.250 765.625 -289.062 -367.188 1140.625 585.938 -929.688 625.000 531.250 -664.062 843.750
-570.312 468.750 343.750 -460.938 -585.938 710.938 -351.562 -492.188 992.188 554.688 -1054.688 617.188 593.750 -648.438 890.625
-593.750 312.500 234.375 -593.750 -585.938 414.062 -390.625 -437.500 750.000 414.062 -828.125 437.500 648.438 -523.438 804.688
-679.688 125.000 148.438 -648.438 -617.188 226.562 -476.562 -507.812 648.438 531.250 -796.875 515.625 648.438 -468.750 703.125
-679.688 125.000 148.438 -648.438 -617.188 226.562 -476.562 -507.812 648.438 531.250 -796.875 515.625 648.438 -468.750 703.125
-687.500 148.438 93.750 -789.062 -382.812 195.312 -367.188 -7.812 921.875 445.312 -812.500 609.375 695.312 -476.562 890.625
-664.062 289.062 101.562 -718.750 -23.438 195.312 -171.875 31.250 1203.125 546.875 -968.750 781.250 640.625 -492.188 937.500
-601.562 437.500 7.812 -867.188 148.438 437.500 -289.062 179.688 1117.188 398.438 -890.625 484.375 671.875 -757.812 929.688
-601.562 437.500 7.812 -867.188 148.438 437.500 -289.062 179.688 1117.188 398.438 -890.625 484.375 671.875 -757.812 929.688
-500.000 820.312 -140.625 -523.438 593.750 539.062 -156.250 -171.875 820.312 382.812 -890.625 31.250 570.312 -820.312 687.500
-398.438 789.062 -148.438 -531.250 -85.938 703.125 -851.562 -859.375 -62.500 -23.438 -1078.125 70.312 335.938 -835.938 523.438
-351.562 875.000 -125.000 -226.562 -539.062 1132.812 -882.812 -1226.562 -359.375 132.812 -1023.438 46.875 351.562 -960.938 453.125
-250.000 1289.062 -23.438 -507.812 -15.625 703.125 -851.562 -265.625 -15.625 -320.312 -890.625 -203.125 -31.250 -921.875 250.000
-117.188 1726.562 85.938 -453.125 -31.250 1046.875 -906.250 109.375 273.438 -703.125 -812.500 -312.500 -421.875 -1179.688 23.438
-156.250 1953.125 203.125 -70.312 -15.625 1281.250 -976.562 226.562 382.812 -554.688 -726.562 -117.188 -617.188 -1117.188 -23.438
-70.312 1789.062 406.250 23.438 -210.938 1312.500 -843.750 140.625 593.750 -406.250 -695.312 148.438 -421.875 -906.250 187.500
-179.688 1062.500 343.750 -46.875 -453.125 1039.062 -734.375 -218.750 765.625 -226.562 -968.750 390.625 62.500 -757.812 742.188
-179.688 1062.500 343.750 -46.875 -453.125 1039.062 -734.375 -218.750 765.625 -226.562 -968.750 390.625 62.500 -757.812 742.188
-312.500 679.688 281.250 -132.812 -554.688 929.688 -664.062 -289.062 859.375 -31.250 -1039.062 601.562 312.500 -640.625 992.188
-351.562 570.312 289.062 -148.438 -570.312 898.438 -625.000 -273.438 914.062 39.062 -1031.250 671.875 390.625 -601.562 1070.312
-382.812 585.938 250.000 -226.562 -359.375 843.750 -671.875 -187.500 828.125 70.312 -906.250 765.625 429.688 -460.938 1078.125
-453.125 929.688 195.312 -226.562 -234.375 882.812 -656.250 46.875 726.562 -15.625 -765.625 679.688 351.562 -375.000 960.938
-421.875 1156.250 187.500 -226.562 -140.625 914.062 -664.062 187.500 671.875 -62.500 -601.562 648.438 210.938 -359.375 828.125
-93.750 1281.250 367.188 -85.938 -468.750 898.438 -867.188 -210.938 609.375 -210.938 -960.938 601.562 15.625 -601.562 890.625
-93.750 1281.250 367.188 -85.938 -468.750 898.438 -867.188 -210.938 609.375 -210.938 -960.938 601.562 15.625 -601.562 890.625
-226.562 1296.875 328.125 250.000 453.125 2484.375 -601.562 609.375 820.312 -250.000 -718.750 484.375 -31.250 -531.250 851.562
-226.562 1296.875 328.125 250.000 453.125 2484.375 -601.562 609.375 820.312 -250.000 -718.750 484.375 -31.250 -531.250 851.562
-343.750 914.062 125.000 85.938 31.250 1132.812 -421.875 492.188 843.750 -85.938 -531.250 687.500 7.812 -414.062 726.562
-539.062 1054.688 7.812 85.938 54.688 1101.562 -437.500 523.438 812.500 70.312 -500.000 781.250 70.312 -359.375 765.625
-703.125 1164.062 -70.312 148.438 62.500 1054.688 -359.375 492.188 859.375 132.812 -429.688 859.375 187.500 -289.062 851.562
-617.188 1015.625 -70.312 273.438 15.625 1156.250 -156.250 476.562 976.562 218.750 -492.188 898.438 273.438 -273.438 953.125
-523.438 945.312 -78.125 320.312 -70.312 1054.688 -78.125 351.562 1062.500 335.938 -632.812 867.188 320.312 -484.375 1007.812
-578.125 937.500 -93.750 429.688 -78.125 1039.062 -101.562 281.250 1007.812 343.750 -562.500 796.875 343.750 -546.875 984.375
-500.000 1015.625 -39.062 507.812 -109.375 1000.000 -85.938 148.438 976.562 343.750 -765.625 640.625 398.438 -562.500 960.938
-523.438 851.562 -54.688 328.125 -203.125 953.125 0.000 117.188 984.375 265.625 -687.500 625.000 406.250 -281.250 921.875
-523.438 851.562 -54.688 328.125 -203.125 953.125 0.000 117.188 984.375 265.625 -687.500 625.000 406.250 -281.250 921.875
-523.438 695.312 -31.250 265.625 -62.500 953.125 -148.438 195.312 968.750 164.062 -687.500 703.125 273.438 -187.500 882.812
-617.188 343.750 -101.562 -62.500 -117.188 953.125 -492.188 109.375 828.125 101.562 -414.062 828.125 78.125 -117.188 843.750
-664.062 273.438 -210.938 -328.125 85.938 1093.750 -257.812 390.625 1000.000 -39.062 -656.250 1031.250 15.625 -54.688 664.062
-781.250 101.562 -335.938 -476.562 125.000 1046.875 -617.188 492.188 765.625 -195.312 -234.375 937.500 -250.000 31.250 765.625
-812.500 195.312 -343.750 -492.188 46.875 859.375 -585.938 375.000 632.812 -203.125 -281.250 781.250 -156.250 23.438 742.188
-804.688 257.812 -484.375 -23.438 -62.500 898.438 -171.875 312.500 773.438 15.625 -421.875 617.188 0.000 -171.875 742.188
-765.625 437.500 -390.625 359.375 -101.562 1031.250 7.812 187.500 1132.812 187.500 -593.750 867.188 132.812 -250.000 960.938
-882.812 539.062 -351.562 218.750 -140.625 1101.562 -70.312 179.688 1140.625 -304.688 -960.938 890.625 15.625 -265.625 1039.062
-882.812 539.062 -351.562 218.750 -140.625 1101.562 -70.312 179.688 1140.625 -304.688 -960.938 890.625 15.625 -265.625 1039.062
-882.812 382.812 -398.438 117.188 -265.625 1039.062 -171.875 164.062 1101.562 226.562 -609.375 992.188 31.250 -250.000 968.750
-796.875 523.438 -179.688 -359.375 -210.938 960.938 -570.312 187.500 828.125 -140.625 -476.562 859.375 -125.000 -195.312 945.312
-640.625 414.062 -132.812 -437.500 -273.438 695.312 -617.188 31.250 625.000 -257.812 -507.812 570.312 -210.938 -210.938 757.812
-578.125 320.312 -125.000 -226.562 -320.312 726.562 -453.125 -23.438 718.750 -171.875 -539.062 507.812 -148.438 -296.875 750.000
-656.250 460.938 -140.625 39.062 -398.438 820.312 -250.000 -54.688 867.188 -46.875 -664.062 546.875 -62.500 -492.188 789.062
-609.375 757.812 -15.625 -93.750 -445.312 664.062 -382.812 -187.500 718.750 -62.500 -789.062 593.750 -85.938 -460.938 820.312
-960.938 554.688 -320.312 -70.312 -398.438 742.188 -390.625 -132.812 750.000 -31.250 -726.562 507.812 46.875 -531.250 921.875
476.562 968.750 906.250 -101.562 -125.000 796.875 -515.625 46.875 539.062 -195.312 -523.438 539.062 7.812 -335.938 890.625
476.562 968.750 906.250 -101.562 -125.000 796.875 -515.625 46.875 539.062 -195.312 -523.438 539.062 7.812 -335.938 890.625
578.125 937.500 734.375 -210.938 -406.250 742.188 -570.312 -46.875 414.062 -296.875 -515.625 414.062 31.250 -281.250 828.125
-710.938 609.375 -7.812 62.500 -281.250 1023.438 -484.375 109.375 406.250 -164.062 -687.500 320.312 171.875 -148.438 710.938
-1125.000 507.812 -195.312 375.000 -23.438 984.375 -585.938 195.312 476.562 -85.938 -617.188 429.688 234.375 -250.000 789.062
460.938 421.875 593.750 -835.938 593.750 976.562 -132.812 828.125 1414.062 -46.875 -796.875 750.000 78.125 -882.812 1039.062
1835.938 -515.625 1609.375 -343.750 234.375 1429.688 -312.500 687.500 1078.125 234.375 -382.812 1062.500 156.250 -382.812 976.562
-632.812 898.438 -54.688 -539.062 -445.312 921.875 -664.062 -125.000 1070.312 -367.188 -1078.125 414.062 -304.688 -992.188 890.625
-171.875 1109.375 351.562 -718.750 -640.625 632.812 -601.562 -382.812 828.125 0.000 -679.688 976.562 101.562 -257.812 1078.125
-171.875 1109.375 351.562 -718.750 -640.625 632.812 -601.562 -382.812 828.125 0.000 -679.688 976.562 101.562 -257.812 1078.125
-171.875 1109.375 351.562 -718.750 -640.625 632.812 -601.562 -382.812 828.125 0.000 -679.688 976.562 101.562 -257.812 1078.125
-187.500 734.375 289.062 -625.000 -468.750 687.500 -632.812 -265.625 875.000 -203.125 -914.062 625.000 0.000 -632.812 1046.875
-250.000 968.750 289.062 -734.375 -164.062 632.812 -742.188 31.250 632.812 -273.438 -593.750 578.125 -46.875 -351.562 804.688
-242.188 1023.438 289.062 -781.250 -93.750 656.250 -710.938 93.750 562.500 -273.438 -476.562 601.562 -101.562 -320.312 726.562
-250.000 1023.438 281.250 -789.062 -54.688 632.812 -703.125 78.125 640.625 -250.000 -507.812 640.625 -117.188 -257.812 734.375
-148.438 1101.562 343.750 -773.438 -125.000 703.125 -578.125 85.938 789.062 -281.250 -507.812 734.375 -70.312 -265.625 882.812
-203.125 1046.875 273.438 -789.062 -312.500 710.938 -625.000 -46.875 796.875 -335.938 -718.750 656.250 -218.750 -414.062 882.812
-351.562 804.688 187.500 -773.438 -265.625 640.625 -671.875 -62.500 773.438 -281.250 -625.000 710.938 -148.438 -335.938 921.875
-351.562 804.688 187.500 -773.438 -265.625 640.625 -671.875 -62.500 773.438 -281.250 -625.000 710.938 -148.438 -335.938 921.875
-179.688 695.312 304.688 -789.062 -257.812 671.875 -671.875 -23.438 765.625 -242.188 -632.812 781.250 -78.125 -281.250 992.188
-125.000 835.938 304.688 -718.750 -265.625 742.188 -585.938 85.938 812.500 -218.750 -585.938 750.000 -101.562 -296.875 929.688
-304.688 867.188 179.688 -656.250 -335.938 710.938 -554.688 7.812 828.125 -265.625 -570.312 695.312 -132.812 -328.125 875.000
-328.125 835.938 117.188 -593.750 -375.000 695.312 -476.562 0.000 828.125 -273.438 -601.562 656.250 -125.000 -328.125 851.562
-562.500 953.125 -78.125 -671.875 -421.875 523.438 -585.938 -156.250 734.375 -234.375 -718.750 734.375 -15.625 -359.375 945.312
-750.000 867.188 -234.375 -562.500 -562.500 554.688 -585.938 -273.438 750.000 -289.062 -781.250 585.938 -132.812 -476.562 914.062
-718.750 703.125 -171.875 -421.875 -609.375 609.375 -445.312 -226.562 812.500 -289.062 -664.062 531.250 -117.188 -492.188 843.750
-640.625 679.688 -85.938 -492.188 -515.625 656.250 -414.062 -117.188 765.625 -203.125 -773.438 562.500 -148.438 -359.375 835.938
-679.688 750.000 -70.312 -335.938 -453.125 523.438 -429.688 -101.562 679.688 -242.188 -617.188 453.125 -179.688 -382.812 757.812
-679.688 750.000 -70.312 -335.938 -453.125 523.438 -429.688 -101.562 679.688 -242.188 -617.188 453.125 -179.688 -382.812 757.812
-570.312 796.875 -46.875 -15.625 -62.500 828.125 0.000 234.375 929.688 -93.750 -570.312 593.750 -54.688 -296.875 804.688
-656.250 804.688 -39.062 -7.812 -101.562 1218.750 304.688 523.438 1195.312 70.312 -437.500 781.250 -31.250 -398.438 882.812
-1070.312 968.750 -375.000 -140.625 -320.312 984.375 -156.250 39.062 1171.875 148.438 -828.125 968.750 31.250 -421.875 1062.500
-812.500 1054.688 -242.188 -93.750 -507.812 617.188 179.688 -210.938 1023.438 109.375 -921.875 726.562 93.750 -406.250 1148.438
-453.125 1210.938 46.875 585.938 -484.375 1257.812 882.812 187.500 1343.750 156.250 -843.750 843.750 -7.812 -593.750 1085.938
46.875 1218.750 -78.125 382.812 -671.875 875.000 -242.188 -265.625 1132.812 54.688 -1140.625 812.500 -54.688 -304.688 937.500
-359.375 890.625 39.062 140.625 -460.938 906.250 -179.688 109.375 968.750 -31.250 -625.000 664.062 -54.688 -359.375 750.000
-585.938 828.125 -15.625 -109.375 -85.938 976.562 -281.250 171.875 867.188 -85.938 -460.938 703.125 7.812 -265.625 828.125
-585.938 828.125 -15.625 -109.375 -85.938 976.562 -281.250 171.875 867.188 -85.938 -460.938 703.125 7.812 -265.625 828.125
-718.750 484.375 62.500 -312.500 -23.438 843.750 -460.938 265.625 687.500 -148.438 -390.625 671.875 -93.750 -171.875 742.188
-531.250 531.250 -7.812 -101.562 85.938 1031.250 -312.500 296.875 820.312 -109.375 -453.125 679.688 -78.125 -281.250 773.438
-718.750 992.188 -109.375 156.250 -859.375 695.312 140.625 -78.125 1242.188 54.688 -609.375 882.812 -164.062 -421.875 890.625
-625.000 781.250 320.312 242.188 7.812 1070.312 -140.625 296.875 867.188 -31.250 -492.188 585.938 93.750 -265.625 812.500
-625.000 562.500 31.250 210.938 -85.938 1046.875 7.812 187.500 1062.500 78.125 -617.188 828.125 -7.812 -367.188 960.938
-648.438 671.875 7.812 203.125 -125.000 1015.625 62.500 148.438 1062.500 101.562 -648.438 851.562 70.312 -320.312 992.188
-632.812 796.875 46.875 117.188 -70.312 929.688 -46.875 171.875 929.688 39.062 -539.062 726.562 39.062 -289.062 851.562
-640.625 734.375 15.625 125.000 -101.562 945.312 -39.062 156.250 960.938 39.062 -585.938 742.188 7.812 -335.938 890.625
-640.625 734.375 15.625 125.000 -101.562 945.312 -39.062 156.250 960.938 39.062 -585.938 742.188 7.812 -335.938 890.625
-593.750 726.562 31.250 132.812 -140.625 937.500 -62.500 132.812 960.938 15.625 -609.375 750.000 0.000 -343.750 898.438
-593.750 742.188 70.312 78.125 -132.812 890.625 -109.375 85.938 921.875 -7.812 -601.562 718.750 -7.812 -343.750 882.812
-539.062 773.438 109.375 93.750 -179.688 890.625 -117.188 78.125 906.250 -39.062 -609.375 671.875 -39.062 -375.000 843.750
-625.000 757.812 62.500 78.125 -101.562 906.250 -101.562 140.625 898.438 -15.625 -562.500 695.312 -31.250 -328.125 820.312
-625.000 757.812 62.500 78.125 -101.562 906.250 -101.562 140.625 898.438 -15.625 -562.500 695.312 -31.250 -328.125 820.312
-625.000 757.812 62.500 78.125 -101.562 906.250 -101.562 140.625 898.438 -15.625 -562.500 695.312 -31.250 -328.125 820.312
-593.750 781.250 93.750 156.250 -132.812 921.875 -39.062 101.562 953.125 31.250 -617.188 695.312 -15.625 -367.188 828.125
-609.375 789.062 109.375 281.250 -187.500 968.750 62.500 46.875 1054.688 148.438 -710.938 757.812 93.750 -437.500 960.938
-609.375 789.062 109.375 281.250 -187.500 968.750 62.500 46.875 1054.688 148.438 -710.938 757.812 93.750 -437.500 960.938
-632.812 726.562 109.375 273.438 -187.500 960.938 0.000 46.875 1039.062 101.562 -695.312 750.000 109.375 -414.062 953.125
-546.875 804.688 125.000 171.875 -187.500 968.750 -46.875 31.250 992.188 39.062 -687.500 710.938 31.250 -414.062 890.625
-546.875 796.875 156.250 164.062 -179.688 937.500 -70.312 46.875 960.938 23.438 -664.062 695.312 23.438 -390.625 859.375
-523.438 796.875 210.938 125.000 -195.312 937.500 -85.938 7.812 968.750 15.625 -679.688 695.312 0.000 -406.250 859.375
-421.875 820.312 250.000 7.812 -85.938 914.062 -132.812 85.938 929.688 -39.062 -609.375 679.688 -46.875 -382.812 812.500
-445.312 656.250 234.375 78.125 -78.125 976.562 -109.375 140.625 937.500 7.812 -570.312 695.312 78.125 -312.500 843.750
-445.312 656.250 234.375 78.125 -78.125 976.562 -109.375 140.625 937.500 7.812 -570.312 695.312 78.125 -312.500 843.750
-585.938 867.188 117.188 179.688 -125.000 1031.250 -15.625 78.125 1007.812 109.375 -632.812 789.062 125.000 -296.875 960.938
-585.938 867.188 117.188 179.688 -125.000 1031.250 -15.625 78.125 1007.812 109.375 -632.812 789.062 125.000 -296.875 960.938
-601.562 867.188 46.875 164.062 -164.062 1007.812 -15.625 70.312 1023.438 93.750 -617.188 757.812 109.375 -328.125 945.312
-468.750 765.625 117.188 70.312 -304.688 906.250 -109.375 -23.438 984.375 46.875 -632.812 757.812 54.688 -406.250 929.688
-390.625 742.188 164.062 7.812 -328.125 828.125 -148.438 -31.250 945.312 31.250 -664.062 710.938 54.688 -429.688 929.688
-718.750 804.688 -171.875 -320.312 -265.625 687.500 -250.000 -39.062 835.938 -31.250 -601.562 640.625 7.812 -453.125 812.500
-726.562 789.062 -179.688 -343.750 -265.625 687.500 -367.188 -78.125 789.062 -78.125 -617.188 632.812 -7.812 -453.125 789.062
-671.875 828.125 -195.312 -250.000 -257.812 781.250 -296.875 -117.188 835.938 -70.312 -648.438 625.000 7.812 -500.000 828.125
-671.875 937.500 -125.000 -156.250 -257.812 968.750 -226.562 -39.062 953.125 -54.688 -687.500 671.875 -7.812 -523.438 843.750
-648.438 960.938 -85.938 -109.375 -242.188 1031.250 -203.125 -15.625 1000.000 -23.438 -687.500 703.125 7.812 -515.625 851.562
