-460.938 835.938 -85.938 140.625 -320.312 882.812 164.062 -78.125 953.125 421.875 -648.438 585.938 507.812 -437.500 703.125
-460.938 828.125 -93.750 187.500 -320.312 906.250 195.312 -70.312 1000.000 460.938 -664.062 617.188 554.688 -421.875 734.375
-468.750 867.188 -85.938 203.125 -304.688 945.312 218.750 -23.438 1000.000 460.938 -648.438 617.188 539.062 -429.688 726.562
-476.562 890.625 -85.938 195.312 -296.875 953.125 218.750 -15.625 1007.812 453.125 -640.625 609.375 531.250 -437.500 710.938
-460.938 890.625 -85.938 218.750 -304.688 976.562 234.375 -39.062 1031.250 468.750 -664.062 640.625 539.062 -453.125 742.188
-445.312 882.812 -85.938 234.375 -320.312 976.562 234.375 -46.875 1046.875 468.750 -664.062 656.250 539.062 -437.500 750.000
-453.125 875.000 -85.938 203.125 -328.125 960.938 218.750 -39.062 1031.250 453.125 -664.062 632.812 539.062 -429.688 750.000
-445.312 914.062 -78.125 164.062 -304.688 945.312 171.875 -23.438 984.375 406.250 -640.625 609.375 507.812 -437.500 726.562
-429.688 906.250 -78.125 156.250 -296.875 945.312 179.688 -15.625 968.750 382.812 -625.000 585.938 492.188 -437.500 695.312
-390.625 914.062 -39.062 171.875 -296.875 953.125 171.875 -7.812 984.375 382.812 -625.000 578.125 476.562 -453.125 679.688
-390.625 898.438 -46.875 140.625 -312.500 945.312 148.438 -39.062 984.375 382.812 -656.250 601.562 476.562 -445.312 710.938
-437.500 890.625 -85.938 117.188 -328.125 914.062 148.438 -39.062 1000.000 398.438 -664.062 625.000 492.188 -453.125 734.375
-476.562 843.750 -117.188 54.688 -304.688 914.062 132.812 -31.250 1007.812 414.062 -648.438 671.875 531.250 -414.062 773.438
-492.188 828.125 -109.375 62.500 -296.875 921.875 132.812 -15.625 992.188 414.062 -640.625 671.875 531.250 -406.250 773.438
-476.562 812.500 -109.375 62.500 -296.875 929.688 132.812 7.812 1007.812 382.812 -632.812 664.062 507.812 -398.438 765.625
-468.750 835.938 -109.375 39.062 -265.625 937.500 93.750 15.625 976.562 351.562 -625.000 648.438 476.562 -398.438 750.000
-445.312 890.625 -109.375 7.812 -242.188 906.250 54.688 0.000 906.250 273.438 -617.188 593.750 406.250 -406.250 710.938
-437.500 921.875 -101.562 -7.812 -242.188 898.438 31.250 7.812 921.875 257.812 -617.188 585.938 390.625 -406.250 695.312
-390.625 851.562 -101.562 31.250 -265.625 882.812 39.062 -7.812 921.875 250.000 -625.000 578.125 382.812 -421.875 703.125
-398.438 765.625 -70.312 31.250 -281.250 929.688 39.062 -23.438 937.500 257.812 -656.250 585.938 390.625 -460.938 718.750
-437.500 882.812 -109.375 -7.812 -296.875 906.250 23.438 -54.688 945.312 281.250 -679.688 578.125 406.250 -476.562 718.750
-406.250 859.375 -117.188 31.250 -335.938 937.500 62.500 -46.875 992.188 296.875 -687.500 617.188 406.250 -460.938 734.375
-429.688 828.125 -117.188 62.500 -320.312 1023.438 85.938 -15.625 1070.312 343.750 -710.938 671.875 453.125 -453.125 796.875
-523.438 671.875 -195.312 -15.625 -250.000 1015.625 70.312 31.250 1062.500 343.750 -671.875 710.938 492.188 -390.625 843.750
-531.250 757.812 -234.375 -23.438 -265.625 960.938 109.375 54.688 1046.875 437.500 -625.000 750.000 625.000 -273.438 835.938
-492.188 796.875 -250.000 39.062 -218.750 1039.062 132.812 85.938 1085.938 453.125 -617.188 812.500 671.875 -226.562 859.375
-484.375 968.750 -226.562 46.875 -46.875 1289.062 140.625 281.250 1179.688 406.250 -562.500 851.562 546.875 -273.438 906.250
-414.062 1031.250 -234.375 195.312 -93.750 1320.312 132.812 203.125 1156.250 328.125 -617.188 718.750 335.938 -453.125 765.625
-398.438 984.375 -304.688 70.312 -195.312 1070.312 117.188 31.250 1085.938 210.938 -687.500 625.000 296.875 -539.062 742.188
-453.125 937.500 -335.938 7.812 -265.625 968.750 54.688 -46.875 1078.125 218.750 -734.375 593.750 296.875 -570.312 726.562
-546.875 898.438 -382.812 -296.875 -312.500 734.375 -62.500 -164.062 929.688 179.688 -757.812 578.125 320.312 -617.188 750.000
-539.062 859.375 -375.000 -421.875 -484.375 492.188 -359.375 -296.875 734.375 164.062 -796.875 562.500 445.312 -445.312 851.562
-468.750 671.875 -335.938 -570.312 -460.938 421.875 -437.500 -273.438 687.500 101.562 -765.625 546.875 406.250 -437.500 875.000
-515.625 664.062 -328.125 -593.750 -492.188 382.812 -492.188 -203.125 687.500 125.000 -765.625 546.875 359.375 -500.000 835.938
-656.250 796.875 -453.125 -132.812 -460.938 703.125 -156.250 -164.062 796.875 117.188 -703.125 492.188 335.938 -445.312 750.000
-406.250 1062.500 -242.188 7.812 -367.188 820.312 23.438 -39.062 906.250 203.125 -640.625 625.000 312.500 -398.438 796.875
-273.438 1117.188 -85.938 -39.062 -328.125 890.625 46.875 -15.625 1007.812 195.312 -679.688 648.438 218.750 -476.562 820.312
-281.250 984.375 -54.688 109.375 -273.438 945.312 93.750 15.625 1000.000 125.000 -671.875 632.812 187.500 -500.000 781.250
-484.375 1031.250 -218.750 -93.750 -226.562 859.375 -156.250 46.875 843.750 39.062 -601.562 562.500 39.062 -273.438 648.438
-484.375 976.562 -195.312 39.062 -226.562 843.750 -70.312 7.812 851.562 -23.438 -609.375 531.250 62.500 -367.188 687.500
-398.438 1062.500 -140.625 -109.375 -23.438 976.562 -109.375 140.625 812.500 -15.625 -515.625 531.250 125.000 -390.625 695.312
-515.625 906.250 -140.625 -54.688 -46.875 960.938 -31.250 218.750 867.188 7.812 -531.250 562.500 132.812 -320.312 679.688
-523.438 656.250 -242.188 101.562 -148.438 992.188 78.125 140.625 1015.625 218.750 -562.500 679.688 179.688 -289.062 765.625
-515.625 687.500 -195.312 109.375 -125.000 1000.000 85.938 125.000 1007.812 210.938 -664.062 718.750 328.125 -218.750 875.000
-609.375 656.250 -203.125 93.750 -125.000 921.875 70.312 46.875 945.312 359.375 -625.000 710.938 390.625 -296.875 867.188
-515.625 640.625 -226.562 140.625 -132.812 968.750 156.250 101.562 984.375 375.000 -625.000 734.375 437.500 -328.125 898.438
-539.062 843.750 -265.625 218.750 -140.625 968.750 195.312 85.938 1015.625 320.312 -617.188 734.375 367.188 -273.438 875.000
-515.625 875.000 -265.625 210.938 -148.438 968.750 171.875 93.750 1000.000 304.688 -601.562 695.312 335.938 -257.812 820.312
-523.438 671.875 -265.625 195.312 -156.250 960.938 164.062 46.875 1007.812 320.312 -648.438 671.875 304.688 -320.312 812.500
-539.062 617.188 -250.000 195.312 -195.312 968.750 187.500 39.062 1031.250 343.750 -679.688 671.875 351.562 -343.750 843.750
-343.750 757.812 -15.625 179.688 117.188 1156.250 156.250 257.812 1007.812 171.875 -601.562 656.250 273.438 -273.438 851.562
-320.312 914.062 -125.000 203.125 164.062 1265.625 125.000 351.562 1039.062 171.875 -531.250 679.688 289.062 -242.188 812.500
-585.938 648.438 -242.188 453.125 7.812 1093.750 343.750 15.625 1109.375 437.500 -710.938 726.562 406.250 -281.250 859.375
-585.938 648.438 -218.750 359.375 -109.375 1039.062 343.750 148.438 1062.500 492.188 -593.750 750.000 546.875 -359.375 937.500
-382.812 726.562 -132.812 -179.688 -328.125 734.375 -148.438 -164.062 937.500 343.750 -625.000 773.438 359.375 -179.688 898.438
-468.750 671.875 -210.938 -234.375 -390.625 687.500 -312.500 -203.125 890.625 265.625 -617.188 750.000 406.250 -304.688 906.250
-617.188 679.688 -312.500 -359.375 -476.562 609.375 -484.375 -218.750 828.125 187.500 -585.938 687.500 343.750 -304.688 859.375
-421.875 570.312 -148.438 -242.188 -203.125 726.562 -601.562 -46.875 835.938 85.938 -648.438 640.625 312.500 -179.688 875.000
-414.062 726.562 -187.500 -476.562 -125.000 781.250 -460.938 179.688 664.062 -375.000 -359.375 593.750 -109.375 -39.062 523.438
-437.500 734.375 -195.312 -554.688 -117.188 625.000 -460.938 210.938 617.188 -335.938 -492.188 609.375 -179.688 -273.438 585.938
-437.500 546.875 -242.188 -632.812 7.812 632.812 -468.750 210.938 640.625 -171.875 -492.188 757.812 -15.625 -179.688 750.000
-539.062 710.938 -562.500 -289.062 39.062 843.750 -429.688 -54.688 789.062 148.438 -632.812 671.875 312.500 -625.000 914.062
-710.938 1218.750 -734.375 -429.688 -156.250 734.375 -460.938 -171.875 750.000 250.000 -937.500 562.500 398.438 -757.812 882.812
-695.312 1273.438 -679.688 -312.500 -179.688 890.625 -398.438 -125.000 867.188 156.250 -859.375 562.500 320.312 -687.500 828.125
-500.000 929.688 -492.188 -179.688 -289.062 1250.000 -234.375 156.250 1218.750 117.188 -593.750 617.188 85.938 -570.312 640.625
-453.125 1054.688 -398.438 -375.000 -117.188 1179.688 -421.875 328.125 1062.500 171.875 -664.062 789.062 109.375 -476.562 789.062
-453.125 1148.438 -367.188 -585.938 -70.312 929.688 -625.000 187.500 773.438 0.000 -703.125 718.750 250.000 -359.375 968.750
-398.438 976.562 -335.938 -601.562 -242.188 804.688 -671.875 179.688 742.188 -31.250 -734.375 656.250 234.375 -398.438 968.750
-375.000 726.562 -296.875 -664.062 -187.500 820.312 -687.500 62.500 734.375 -23.438 -765.625 640.625 156.250 -531.250 882.812
-484.375 812.500 -390.625 -671.875 -335.938 601.562 -695.312 -46.875 648.438 -7.812 -718.750 632.812 242.188 -406.250 875.000
-476.562 718.750 -429.688 -578.125 -437.500 554.688 -617.188 -78.125 765.625 101.562 -765.625 710.938 257.812 -414.062 929.688
-500.000 671.875 -445.312 -601.562 -359.375 617.188 -632.812 -46.875 750.000 117.188 -750.000 710.938 273.438 -421.875 929.688
-468.750 789.062 -468.750 -578.125 -218.750 664.062 -601.562 78.125 656.250 0.000 -625.000 648.438 187.500 -328.125 835.938
-414.062 703.125 -429.688 -476.562 -164.062 867.188 -476.562 140.625 835.938 23.438 -617.188 703.125 132.812 -375.000 820.312
-429.688 687.500 -429.688 -351.562 -203.125 1054.688 -375.000 148.438 1078.125 117.188 -664.062 804.688 164.062 -398.438 906.250
-453.125 773.438 -437.500 -414.062 -171.875 1031.250 -414.062 156.250 1046.875 148.438 -687.500 835.938 203.125 -398.438 937.500
-460.938 875.000 -476.562 -554.688 -140.625 851.562 -539.062 179.688 828.125 7.812 -609.375 726.562 171.875 -328.125 867.188
-460.938 789.062 -500.000 -593.750 -164.062 781.250 -585.938 125.000 742.188 31.250 -664.062 664.062 164.062 -398.438 843.750
-375.000 875.000 -359.375 -507.812 -289.062 765.625 -554.688 0.000 781.250 54.688 -750.000 687.500 203.125 -429.688 937.500
-273.438 875.000 -257.812 -453.125 -328.125 773.438 -539.062 -23.438 820.312 31.250 -750.000 703.125 156.250 -406.250 953.125
-429.688 773.438 -414.062 -585.938 -210.938 734.375 -585.938 93.750 734.375 0.000 -718.750 695.312 125.000 -421.875 937.500
-460.938 726.562 -500.000 -562.500 -250.000 703.125 -554.688 54.688 812.500 101.562 -773.438 820.312 289.062 -492.188 1132.812
-429.688 625.000 -398.438 -445.312 -406.250 750.000 -445.312 -70.312 1078.125 210.938 -773.438 1078.125 476.562 -359.375 1429.688
-382.812 617.188 -320.312 -375.000 -539.062 781.250 -406.250 -171.875 1257.812 218.750 -765.625 1156.250 476.562 -218.750 1429.688
-367.188 554.688 -289.062 -828.125 281.250 648.438 -1132.812 46.875 343.750 468.750 -929.688 1156.250 343.750 -250.000 1117.188
-539.062 859.375 -585.938 -398.438 179.688 226.562 -437.500 523.438 406.250 -453.125 -492.188 281.250 62.500 -562.500 593.750
-390.625 1109.375 -617.188 -500.000 54.688 906.250 -1039.062 7.812 -31.250 -414.062 -351.562 359.375 -328.125 -78.125 304.688
-281.250 1101.562 -539.062 -273.438 62.500 851.562 -1726.562 -1039.062 1234.375 -554.688 -1171.875 -289.062 -312.500 -273.438 414.062
-359.375 656.250 -484.375 -539.062 -101.562 789.062 -671.875 226.562 648.438 -343.750 -453.125 648.438 -265.625 -125.000 710.938
-375.000 648.438 -531.250 -554.688 -125.000 796.875 -617.188 273.438 742.188 -312.500 -476.562 843.750 -226.562 -187.500 960.938
-289.062 625.000 -554.688 -476.562 -39.062 937.500 -515.625 414.062 750.000 -218.750 -359.375 882.812 -187.500 -39.062 1046.875
-382.812 679.688 -601.562 -531.250 78.125 960.938 -531.250 500.000 742.188 -257.812 -273.438 890.625 -210.938 -23.438 1000.000
-359.375 859.375 -687.500 -609.375 117.188 890.625 -593.750 546.875 640.625 -468.750 -273.438 804.688 -429.688 -195.312 781.250
-359.375 867.188 -671.875 -617.188 -289.062 890.625 -718.750 289.062 1085.938 85.938 -1289.062 703.125 -617.188 -31.250 703.125
-265.625 882.812 -539.062 -312.500 93.750 1132.812 -437.500 515.625 898.438 -687.500 -351.562 664.062 -468.750 -281.250 804.688
-382.812 875.000 -625.000 -359.375 54.688 1140.625 -460.938 546.875 875.000 -492.188 -406.250 796.875 -445.312 -226.562 890.625
-375.000 898.438 -585.938 -328.125 31.250 1164.062 -429.688 515.625 937.500 -500.000 -390.625 835.938 -421.875 -179.688 929.688
-382.812 843.750 -578.125 -304.688 -101.562 1179.688 -343.750 437.500 1031.250 -406.250 -421.875 906.250 -429.688 -85.938 968.750
-390.625 726.562 -585.938 -429.688 -148.438 1250.000 -445.312 335.938 1093.750 -406.250 -539.062 968.750 -382.812 -179.688 1070.312
-375.000 1023.438 -468.750 -710.938 -343.750 617.188 -617.188 85.938 859.375 -429.688 -546.875 867.188 -390.625 -312.500 1007.812
-406.250 1101.562 -460.938 -703.125 -335.938 585.938 -773.438 54.688 742.188 -460.938 -531.250 796.875 -421.875 -265.625 929.688
-406.250 796.875 -437.500 -554.688 -242.188 773.438 -648.438 164.062 726.562 -500.000 -546.875 632.812 -429.688 -335.938 835.938
-484.375 703.125 -476.562 -570.312 -296.875 742.188 -656.250 85.938 757.812 -492.188 -570.312 687.500 -445.312 -351.562 851.562
-273.438 867.188 -289.062 -562.500 -312.500 679.688 -656.250 46.875 687.500 -531.250 -570.312 570.312 -460.938 -367.188 726.562
-312.500 828.125 -320.312 -593.750 -304.688 671.875 -679.688 85.938 656.250 -546.875 -546.875 539.062 -492.188 -390.625 679.688
-484.375 703.125 -437.500 -601.562 -289.062 671.875 -687.500 85.938 640.625 -578.125 -523.438 500.000 -523.438 -437.500 640.625
-468.750 703.125 -367.188 -500.000 -304.688 750.000 -570.312 109.375 750.000 -492.188 -531.250 578.125 -468.750 -367.188 687.500
-453.125 742.188 -367.188 -531.250 -265.625 757.812 -625.000 132.812 718.750 -500.000 -523.438 625.000 -460.938 -343.750 750.000
-500.000 789.062 -390.625 -562.500 -250.000 742.188 -648.438 156.250 687.500 -531.250 -515.625 601.562 -453.125 -351.562 757.812
-593.750 781.250 -445.312 -500.000 -250.000 781.250 -609.375 164.062 679.688 -562.500 -500.000 492.188 -515.625 -414.062 617.188
-289.062 929.688 -187.500 -468.750 -289.062 726.562 -632.812 109.375 679.688 -523.438 -515.625 500.000 -476.562 -414.062 609.375
-445.312 828.125 -281.250 -640.625 -335.938 687.500 -562.500 101.562 632.812 -515.625 -570.312 492.188 -437.500 -398.438 671.875
-609.375 703.125 -406.250 -546.875 -343.750 671.875 -695.312 46.875 640.625 -523.438 -585.938 476.562 -453.125 -429.688 687.500
-648.438 656.250 -421.875 -570.312 -312.500 687.500 -710.938 15.625 648.438 -546.875 -617.188 523.438 -460.938 -453.125 750.000
-445.312 976.562 -226.562 -531.250 -242.188 734.375 -734.375 85.938 625.000 -539.062 -546.875 546.875 -421.875 -351.562 726.562
-367.188 1203.125 -140.625 -500.000 -304.688 750.000 -789.062 -7.812 500.000 -585.938 -562.500 578.125 -429.688 -335.938 757.812
-437.500 1164.062 -250.000 -804.688 -289.062 820.312 -429.688 101.562 578.125 -539.062 -500.000 554.688 -406.250 -359.375 773.438
-437.500 906.250 -242.188 -656.250 -429.688 710.938 -570.312 54.688 765.625 -500.000 -601.562 648.438 -382.812 -312.500 843.750
-703.125 757.812 -304.688 -531.250 -367.188 710.938 -625.000 -31.250 789.062 -460.938 -585.938 671.875 -500.000 -421.875 773.438
-187.500 898.438 0.000 -687.500 -375.000 578.125 -632.812 39.062 710.938 -507.812 -601.562 601.562 -453.125 -343.750 773.438
-54.688 960.938 117.188 -703.125 -390.625 531.250 -710.938 46.875 648.438 -554.688 -554.688 539.062 -500.000 -367.188 695.312
-289.062 796.875 39.062 -617.188 -375.000 546.875 -718.750 15.625 632.812 -531.250 -515.625 554.688 -453.125 -390.625 687.500
-367.188 500.000 -7.812 -695.312 -453.125 500.000 -687.500 -15.625 695.312 -484.375 -601.562 656.250 -421.875 -335.938 867.188
-328.125 726.562 39.062 -773.438 -320.312 476.562 -695.312 70.312 648.438 -507.812 -546.875 632.812 -367.188 -273.438 898.438
-390.625 820.312 -7.812 -734.375 -296.875 554.688 -671.875 117.188 664.062 -507.812 -476.562 632.812 -398.438 -265.625 835.938
-460.938 875.000 -62.500 -609.375 -179.688 773.438 -562.500 265.625 742.188 -507.812 -421.875 664.062 -468.750 -265.625 750.000
-335.938 968.750 -39.062 -609.375 -140.625 804.688 -531.250 250.000 789.062 -460.938 -437.500 710.938 -414.062 -218.750 812.500
-367.188 867.188 -7.812 -625.000 -140.625 773.438 -562.500 242.188 789.062 -445.312 -437.500 757.812 -367.188 -195.312 882.812
-382.812 789.062 -15.625 -617.188 -195.312 750.000 -562.500 265.625 789.062 -453.125 -414.062 750.000 -367.188 -179.688 890.625
-507.812 796.875 -117.188 -687.500 -164.062 734.375 -500.000 226.562 804.688 -460.938 -453.125 703.125 -398.438 -242.188 820.312
-421.875 851.562 -78.125 -609.375 -218.750 742.188 -562.500 132.812 765.625 -476.562 -476.562 679.688 -414.062 -265.625 812.500
-289.062 851.562 39.062 -632.812 -343.750 656.250 -570.312 93.750 773.438 -453.125 -546.875 671.875 -382.812 -304.688 843.750
-390.625 859.375 -15.625 -625.000 -359.375 648.438 -585.938 70.312 804.688 -414.062 -570.312 679.688 -359.375 -304.688 875.000
-437.500 851.562 -23.438 -648.438 -226.562 718.750 -484.375 179.688 812.500 -414.062 -539.062 718.750 -335.938 -265.625 906.250
-460.938 867.188 -46.875 -679.688 -226.562 640.625 -492.188 195.312 812.500 -437.500 -515.625 718.750 -351.562 -273.438 851.562
-453.125 867.188 -54.688 -734.375 -234.375 640.625 -523.438 156.250 796.875 -429.688 -507.812 679.688 -390.625 -289.062 812.500
-382.812 875.000 -15.625 -750.000 -234.375 617.188 -554.688 109.375 781.250 -421.875 -554.688 687.500 -375.000 -312.500 828.125
-523.438 929.688 -85.938 -835.938 -273.438 546.875 -609.375 70.312 812.500 -437.500 -593.750 679.688 -375.000 -335.938 867.188
-656.250 992.188 -218.750 -921.875 -257.812 492.188 -609.375 15.625 773.438 -468.750 -617.188 617.188 -390.625 -398.438 812.500
-351.562 960.938 -39.062 -750.000 -273.438 585.938 -562.500 -15.625 773.438 -476.562 -632.812 578.125 -406.250 -421.875 796.875
-406.250 960.938 -7.812 -781.250 -281.250 554.688 -554.688 70.312 804.688 -406.250 -546.875 703.125 -351.562 -289.062 851.562
-390.625 875.000 0.000 -804.688 -226.562 539.062 -578.125 54.688 789.062 -421.875 -578.125 703.125 -335.938 -281.250 898.438
-445.312 859.375 -23.438 -796.875 -242.188 539.062 -562.500 46.875 812.500 -406.250 -578.125 703.125 -328.125 -289.062 906.250
-492.188 843.750 -85.938 -757.812 -265.625 578.125 -539.062 62.500 867.188 -382.812 -585.938 757.812 -320.312 -304.688 929.688
-468.750 906.250 -85.938 -695.312 -273.438 679.688 -500.000 62.500 890.625 -398.438 -585.938 726.562 -351.562 -335.938 890.625
-414.062 976.562 -70.312 -742.188 -234.375 679.688 -546.875 117.188 843.750 -421.875 -539.062 703.125 -367.188 -304.688 828.125
-437.500 968.750 -78.125 -742.188 -203.125 671.875 -562.500 132.812 804.688 -437.500 -523.438 671.875 -390.625 -304.688 804.688
-492.188 890.625 -117.188 -765.625 -210.938 625.000 -585.938 125.000 773.438 -460.938 -523.438 656.250 -382.812 -304.688 812.500
-320.312 828.125 -15.625 -710.938 -265.625 609.375 -570.312 46.875 804.688 -429.688 -593.750 679.688 -375.000 -328.125 875.000
-367.188 945.312 -31.250 -781.250 -289.062 546.875 -601.562 15.625 773.438 -429.688 -593.750 679.688 -335.938 -312.500 898.438
-484.375 914.062 -93.750 -789.062 -289.062 554.688 -593.750 46.875 796.875 -429.688 -570.312 687.500 -343.750 -296.875 882.812
-437.500 828.125 -62.500 -781.250 -273.438 570.312 -554.688 132.812 812.500 -414.062 -500.000 734.375 -351.562 -257.812 890.625
-468.750 851.562 -101.562 -750.000 -234.375 609.375 -554.688 156.250 796.875 -421.875 -492.188 718.750 -367.188 -234.375 859.375
-476.562 828.125 -117.188 -757.812 -289.062 617.188 -531.250 132.812 843.750 -414.062 -492.188 718.750 -375.000 -273.438 835.938
-453.125 843.750 -93.750 -750.000 -281.250 609.375 -523.438 117.188 835.938 -398.438 -523.438 734.375 -367.188 -273.438 859.375
-406.250 851.562 -62.500 -757.812 -242.188 609.375 -523.438 117.188 828.125 -406.250 -523.438 742.188 -343.750 -257.812 898.438
-593.750 664.062 -234.375 -718.750 -335.938 625.000 -523.438 85.938 843.750 -445.312 -539.062 679.688 -398.438 -351.562 828.125
-578.125 640.625 -250.000 -757.812 -312.500 609.375 -554.688 78.125 820.312 -437.500 -546.875 656.250 -382.812 -375.000 835.938
-601.562 695.312 -265.625 -710.938 -281.250 632.812 -585.938 125.000 781.250 -437.500 -546.875 671.875 -367.188 -328.125 835.938
-750.000 695.312 -406.250 -742.188 -234.375 710.938 -515.625 132.812 859.375 -382.812 -507.812 726.562 -343.750 -296.875 851.562
-835.938 851.562 -421.875 -781.250 -148.438 718.750 -500.000 210.938 929.688 -320.312 -476.562 859.375 -289.062 -195.312 945.312
-718.750 914.062 -437.500 -820.312 -109.375 679.688 -484.375 218.750 906.250 -320.312 -453.125 828.125 -281.250 -156.250 937.500
-679.688 898.438 -421.875 -796.875 -125.000 687.500 -539.062 257.812 851.562 -375.000 -437.500 812.500 -289.062 -156.250 921.875
-398.438 1015.625 -250.000 -804.688 -125.000 585.938 -523.438 62.500 734.375 -406.250 -500.000 640.625 -320.312 -250.000 835.938
-226.562 1023.438 -85.938 -812.500 -140.625 500.000 -476.562 23.438 757.812 -382.812 -531.250 617.188 -335.938 -265.625 804.688
-250.000 820.312 -70.312 -757.812 -203.125 507.812 -437.500 -39.062 796.875 -320.312 -578.125 625.000 -328.125 -320.312 812.500
-242.188 804.688 -31.250 -773.438 -148.438 492.188 -421.875 -85.938 828.125 -281.250 -625.000 656.250 -296.875 -328.125 843.750
-359.375 976.562 -132.812 -843.750 -335.938 406.250 -398.438 -171.875 914.062 -226.562 -695.312 703.125 -257.812 -382.812 937.500
-195.312 843.750 15.625 -757.812 -460.938 460.938 -250.000 70.312 1093.750 -242.188 -554.688 742.188 -273.438 -390.625 882.812
-578.125 804.688 -203.125 -914.062 -351.562 335.938 -460.938 -281.250 875.000 -273.438 -726.562 703.125 -304.688 -343.750 812.500
-570.312 875.000 -140.625 -937.500 -320.312 304.688 -500.000 -289.062 820.312 -289.062 -789.062 664.062 -281.250 -390.625 875.000
-429.688 937.500 -39.062 -859.375 -265.625 445.312 -500.000 -265.625 859.375 -273.438 -757.812 679.688 -234.375 -445.312 953.125
-359.375 867.188 15.625 -875.000 -281.250 414.062 -421.875 -203.125 898.438 -273.438 -679.688 640.625 -273.438 -453.125 843.750
-500.000 984.375 -70.312 -914.062 -257.812 375.000 -539.062 -242.188 781.250 -312.500 -703.125 585.938 -281.250 -414.062 804.688
-406.250 890.625 -23.438 -828.125 -187.500 437.500 -515.625 -234.375 781.250 -289.062 -718.750 593.750 -289.062 -414.062 804.688
-398.438 898.438 -15.625 -828.125 -187.500 406.250 -554.688 -210.938 750.000 -304.688 -695.312 585.938 -265.625 -398.438 820.312
-445.312 843.750 -39.062 -867.188 -257.812 382.812 -515.625 -273.438 781.250 -281.250 -742.188 578.125 -265.625 -453.125 828.125
-453.125 843.750 -62.500 -875.000 -273.438 382.812 -507.812 -296.875 796.875 -250.000 -757.812 617.188 -234.375 -453.125 875.000
-468.750 812.500 -78.125 -875.000 -218.750 367.188 -507.812 -226.562 781.250 -281.250 -695.312 601.562 -234.375 -382.812 843.750
-515.625 773.438 -85.938 -851.562 -218.750 390.625 -484.375 -195.312 789.062 -273.438 -664.062 617.188 -218.750 -359.375 835.938
-554.688 757.812 -117.188 -875.000 -164.062 382.812 -492.188 -140.625 796.875 -257.812 -617.188 632.812 -210.938 -343.750 843.750
-515.625 789.062 -132.812 -859.375 -117.188 414.062 -484.375 -132.812 789.062 -281.250 -617.188 632.812 -250.000 -328.125 812.500
-492.188 796.875 -132.812 -773.438 -187.500 484.375 -429.688 -187.500 820.312 -289.062 -656.250 585.938 -312.500 -437.500 781.250
-460.938 820.312 -125.000 -773.438 -179.688 507.812 -437.500 -195.312 820.312 -296.875 -671.875 601.562 -296.875 -453.125 781.250
-468.750 851.562 -132.812 -804.688 -195.312 468.750 -453.125 -203.125 820.312 -289.062 -664.062 601.562 -281.250 -421.875 789.062
-484.375 812.500 -140.625 -820.312 -171.875 468.750 -460.938 -179.688 812.500 -281.250 -664.062 625.000 -257.812 -406.250 820.312
-507.812 812.500 -164.062 -828.125 -187.500 476.562 -445.312 -187.500 851.562 -242.188 -664.062 664.062 -242.188 -382.812 859.375
-492.188 835.938 -156.250 -820.312 -171.875 484.375 -445.312 -187.500 851.562 -250.000 -671.875 664.062 -226.562 -382.812 867.188
-476.562 859.375 -148.438 -820.312 -164.062 515.625 -468.750 -195.312 835.938 -265.625 -687.500 640.625 -234.375 -390.625 859.375
-445.312 882.812 -125.000 -835.938 -187.500 492.188 -476.562 -218.750 835.938 -296.875 -695.312 625.000 -265.625 -406.250 835.938
-265.625 960.938 -39.062 -820.312 -265.625 492.188 -492.188 -328.125 789.062 -320.312 -789.062 585.938 -250.000 -406.250 859.375
-296.875 953.125 -46.875 -812.500 -281.250 492.188 -492.188 -304.688 796.875 -296.875 -773.438 570.312 -234.375 -398.438 867.188
-359.375 945.312 -54.688 -835.938 -218.750 492.188 -468.750 -265.625 820.312 -265.625 -718.750 609.375 -171.875 -312.500 859.375
-195.312 953.125 -125.000 -671.875 -187.500 554.688 -93.750 -484.375 1117.188 -437.500 -609.375 671.875 -148.438 -250.000 929.688
-93.750 1070.312 125.000 -804.688 -101.562 500.000 -367.188 -171.875 929.688 -210.938 -585.938 718.750 -289.062 -250.000 695.312
-195.312 1085.938 78.125 -859.375 -78.125 429.688 -421.875 -31.250 859.375 -281.250 -445.312 640.625 -273.438 -367.188 710.938
-476.562 984.375 -101.562 -914.062 -70.312 390.625 -500.000 -62.500 796.875 -289.062 -492.188 609.375 -304.688 -375.000 648.438
-460.938 1039.062 -179.688 -906.250 -156.250 382.812 -484.375 -85.938 710.938 -312.500 -578.125 531.250 -242.188 -507.812 695.312
-468.750 1054.688 -265.625 -929.688 -226.562 312.500 -523.438 -171.875 671.875 -328.125 -609.375 492.188 -218.750 -476.562 671.875
-531.250 1015.625 -328.125 -953.125 -218.750 273.438 -570.312 -195.312 718.750 -328.125 -687.500 437.500 -203.125 -484.375 687.500
-554.688 937.500 -320.312 -968.750 -242.188 203.125 -546.875 -250.000 617.188 -273.438 -648.438 453.125 -164.062 -484.375 703.125
-492.188 859.375 -312.500 -898.438 -296.875 132.812 -593.750 -304.688 492.188 -226.562 -679.688 414.062 -78.125 -445.312 710.938
-585.938 695.312 -343.750 -765.625 -375.000 171.875 -500.000 -281.250 593.750 -140.625 -671.875 476.562 -46.875 -437.500 726.562
-562.500 617.188 -312.500 -734.375 -382.812 187.500 -320.312 -390.625 609.375 -109.375 -695.312 515.625 -31.250 -460.938 757.812
-562.500 500.000 -281.250 -585.938 -421.875 335.938 -453.125 -164.062 710.938 -39.062 -703.125 562.500 46.875 -460.938 812.500
-609.375 460.938 -257.812 -351.562 -398.438 554.688 -257.812 -187.500 820.312 23.438 -664.062 617.188 85.938 -414.062 828.125
-593.750 507.812 -250.000 -281.250 -382.812 679.688 -156.250 -195.312 890.625 54.688 -664.062 648.438 109.375 -414.062 843.750
-609.375 523.438 -234.375 -273.438 -382.812 734.375 -203.125 -125.000 906.250 70.312 -656.250 640.625 117.188 -429.688 851.562
-617.188 578.125 -210.938 -218.750 -359.375 820.312 -78.125 -164.062 945.312 117.188 -664.062 632.812 164.062 -421.875 835.938
-570.312 671.875 -164.062 -164.062 -390.625 890.625 -46.875 -132.812 984.375 218.750 -656.250 703.125 218.750 -390.625 843.750
