-539.062 828.125 54.688 117.188 0.000 937.500 242.188 140.625 914.062 289.062 -492.188 750.000 31.250 -296.875 914.062
-539.062 828.125 54.688 117.188 0.000 937.500 242.188 140.625 914.062 289.062 -492.188 750.000 31.250 -296.875 914.062
-523.438 789.062 70.312 101.562 0.000 929.688 226.562 132.812 906.250 281.250 -484.375 742.188 39.062 -304.688 914.062
-539.062 765.625 62.500 93.750 -15.625 929.688 218.750 140.625 906.250 281.250 -507.812 742.188 39.062 -304.688 906.250
-539.062 804.688 62.500 101.562 -7.812 929.688 226.562 132.812 929.688 289.062 -500.000 750.000 31.250 -312.500 906.250
-531.250 812.500 70.312 101.562 -7.812 937.500 234.375 140.625 921.875 289.062 -500.000 773.438 31.250 -312.500 906.250
-523.438 820.312 70.312 109.375 -15.625 945.312 226.562 140.625 937.500 273.438 -500.000 757.812 23.438 -320.312 906.250
-531.250 835.938 70.312 117.188 -15.625 953.125 226.562 132.812 929.688 273.438 -500.000 742.188 23.438 -320.312 890.625
-523.438 835.938 78.125 140.625 -7.812 968.750 250.000 140.625 945.312 281.250 -523.438 757.812 31.250 -328.125 890.625
-523.438 843.750 85.938 164.062 -7.812 1007.812 265.625 148.438 968.750 296.875 -523.438 773.438 31.250 -335.938 906.250
-523.438 843.750 85.938 164.062 -7.812 1007.812 265.625 148.438 968.750 296.875 -523.438 773.438 31.250 -335.938 906.250
-523.438 835.938 93.750 179.688 -54.688 1054.688 343.750 164.062 1078.125 351.562 -570.312 875.000 46.875 -359.375 929.688
-539.062 828.125 70.312 179.688 -46.875 1078.125 351.562 203.125 1109.375 351.562 -546.875 906.250 78.125 -320.312 960.938
-539.062 828.125 62.500 171.875 -23.438 1070.312 328.125 210.938 1085.938 359.375 -539.062 882.812 85.938 -335.938 968.750
-546.875 812.500 23.438 203.125 15.625 1101.562 367.188 195.312 1140.625 375.000 -585.938 968.750 125.000 -343.750 992.188
-554.688 781.250 0.000 93.750 15.625 1039.062 320.312 164.062 1148.438 382.812 -601.562 1015.625 70.312 -390.625 976.562
-570.312 757.812 -62.500 78.125 -46.875 1078.125 328.125 171.875 1164.062 351.562 -617.188 984.375 70.312 -429.688 953.125
-593.750 773.438 -70.312 101.562 -70.312 1125.000 296.875 164.062 1218.750 335.938 -656.250 992.188 62.500 -484.375 937.500
-593.750 773.438 -70.312 101.562 -70.312 1125.000 296.875 164.062 1218.750 335.938 -656.250 992.188 62.500 -484.375 937.500
-609.375 757.812 -93.750 0.000 -78.125 1062.500 234.375 125.000 1187.500 226.562 -726.562 1000.000 -23.438 -554.688 921.875
-523.438 554.688 -70.312 -171.875 -304.688 820.312 -7.812 -179.688 867.188 132.812 -609.375 750.000 -46.875 -382.812 984.375
-507.812 703.125 -78.125 -226.562 -62.500 773.438 -132.812 -23.438 742.188 0.000 -539.062 617.188 46.875 -179.688 1101.562
-507.812 703.125 -78.125 -226.562 -62.500 773.438 -132.812 -23.438 742.188 0.000 -539.062 617.188 46.875 -179.688 1101.562
-460.938 804.688 117.188 -164.062 351.562 953.125 -367.188 343.750 617.188 -359.375 -453.125 414.062 46.875 -140.625 1000.000
-390.625 804.688 101.562 -125.000 390.625 937.500 -554.688 304.688 398.438 -445.312 -375.000 429.688 -171.875 -367.188 765.625
-390.625 804.688 101.562 -125.000 390.625 937.500 -554.688 304.688 398.438 -445.312 -375.000 429.688 -171.875 -367.188 765.625
-367.188 1250.000 187.500 -765.625 289.062 531.250 -765.625 421.875 304.688 -632.812 -250.000 398.438 -304.688 -187.500 585.938
-367.188 1250.000 187.500 -765.625 289.062 531.250 -765.625 421.875 304.688 -632.812 -250.000 398.438 -304.688 -187.500 585.938
-351.562 1421.875 187.500 -859.375 296.875 460.938 -843.750 375.000 250.000 -664.062 -242.188 437.500 -289.062 -132.812 625.000
-406.250 1234.375 54.688 -906.250 70.312 492.188 -851.562 382.812 218.750 -664.062 -234.375 375.000 -320.312 -148.438 632.812
-382.812 828.125 31.250 -742.188 187.500 539.062 -781.250 320.312 273.438 -531.250 -250.000 382.812 -203.125 -78.125 726.562
-421.875 945.312 46.875 -828.125 132.812 570.312 -671.875 257.812 234.375 -500.000 -234.375 484.375 -203.125 -109.375 750.000
-445.312 914.062 31.250 -750.000 187.500 656.250 -523.438 289.062 500.000 -390.625 -296.875 570.312 -250.000 -148.438 695.312
-468.750 867.188 -23.438 -632.812 23.438 765.625 -781.250 171.875 406.250 -343.750 -304.688 570.312 -242.188 -179.688 718.750
-320.312 984.375 101.562 -664.062 -304.688 781.250 -460.938 -148.438 312.500 -210.938 -281.250 359.375 -210.938 -601.562 765.625
-320.312 992.188 117.188 -632.812 -281.250 765.625 -242.188 -500.000 312.500 -31.250 -367.188 531.250 -210.938 -578.125 734.375
-320.312 992.188 117.188 -632.812 -281.250 765.625 -242.188 -500.000 312.500 -31.250 -367.188 531.250 -210.938 -578.125 734.375
-429.688 750.000 109.375 -929.688 -132.812 328.125 109.375 -132.812 1226.562 257.812 -718.750 1109.375 -70.312 -187.500 921.875
-414.062 570.312 140.625 -750.000 -265.625 632.812 187.500 -281.250 1382.812 421.875 -640.625 1250.000 335.938 -39.062 1218.750
-414.062 671.875 164.062 -695.312 -218.750 718.750 62.500 -156.250 1234.375 421.875 -578.125 1117.188 390.625 -70.312 1218.750
-398.438 960.938 179.688 -656.250 -132.812 804.688 -62.500 -179.688 1078.125 351.562 -625.000 1000.000 429.688 -125.000 1179.688
-390.625 945.312 125.000 -648.438 -320.312 687.500 31.250 -312.500 1109.375 203.125 -726.562 835.938 210.938 -312.500 1039.062
-375.000 820.312 101.562 -617.188 -367.188 671.875 -39.062 -343.750 984.375 156.250 -695.312 695.312 148.438 -375.000 906.250
-390.625 812.500 85.938 -687.500 -343.750 617.188 -148.438 -359.375 898.438 132.812 -703.125 648.438 164.062 -398.438 890.625
-453.125 890.625 23.438 -734.375 -273.438 539.062 -164.062 -312.500 789.062 132.812 -664.062 593.750 218.750 -406.250 843.750
-453.125 890.625 23.438 -734.375 -273.438 539.062 -164.062 -312.500 789.062 132.812 -664.062 593.750 218.750 -406.250 843.750
-492.188 859.375 -46.875 -562.500 -265.625 554.688 46.875 -195.312 945.312 195.312 -539.062 625.000 187.500 -390.625 765.625
-593.750 875.000 -125.000 -671.875 -320.312 664.062 -15.625 -289.062 984.375 265.625 -656.250 703.125 273.438 -359.375 882.812
-625.000 757.812 -210.938 -679.688 -382.812 718.750 62.500 -367.188 1085.938 273.438 -718.750 757.812 304.688 -445.312 1015.625
-625.000 757.812 -210.938 -679.688 -382.812 718.750 62.500 -367.188 1085.938 273.438 -718.750 757.812 304.688 -445.312 1015.625
-585.938 828.125 -101.562 -710.938 -242.188 703.125 31.250 -265.625 1007.812 382.812 -656.250 781.250 429.688 -328.125 937.500
-585.938 835.938 -117.188 -703.125 -226.562 687.500 7.812 -226.562 984.375 367.188 -648.438 734.375 359.375 -312.500 929.688
-507.812 781.250 -85.938 -703.125 -234.375 617.188 -23.438 -234.375 929.688 281.250 -632.812 695.312 273.438 -359.375 859.375
-507.812 812.500 -54.688 -710.938 -226.562 585.938 -46.875 -226.562 898.438 257.812 -609.375 671.875 257.812 -343.750 820.312
-507.812 812.500 -54.688 -710.938 -226.562 585.938 -46.875 -226.562 898.438 257.812 -609.375 671.875 257.812 -343.750 820.312
-539.062 796.875 -70.312 -718.750 -226.562 601.562 -23.438 -210.938 914.062 289.062 -601.562 703.125 328.125 -328.125 875.000
-539.062 796.875 -70.312 -718.750 -226.562 601.562 -23.438 -210.938 914.062 289.062 -601.562 703.125 328.125 -328.125 875.000
-562.500 750.000 -46.875 -703.125 -218.750 640.625 15.625 -218.750 992.188 359.375 -609.375 804.688 429.688 -257.812 1023.438
-531.250 796.875 -31.250 -687.500 -187.500 687.500 54.688 -179.688 992.188 289.062 -578.125 726.562 382.812 -273.438 937.500
-539.062 867.188 -39.062 -710.938 -187.500 656.250 -15.625 -218.750 914.062 234.375 -593.750 671.875 187.500 -335.938 796.875
-531.250 898.438 -23.438 -718.750 -195.312 648.438 -46.875 -218.750 898.438 210.938 -585.938 648.438 187.500 -335.938 781.250
-492.188 890.625 0.000 -718.750 -179.688 632.812 -85.938 -210.938 875.000 195.312 -585.938 648.438 210.938 -335.938 828.125
-492.188 890.625 0.000 -718.750 -179.688 632.812 -85.938 -210.938 875.000 195.312 -585.938 648.438 210.938 -335.938 828.125
-468.750 843.750 23.438 -718.750 -218.750 601.562 -54.688 -218.750 914.062 242.188 -593.750 718.750 226.562 -250.000 929.688
-468.750 843.750 23.438 -718.750 -218.750 601.562 -54.688 -218.750 914.062 242.188 -593.750 718.750 226.562 -250.000 929.688
-492.188 835.938 23.438 -734.375 -218.750 609.375 15.625 -257.812 921.875 226.562 -601.562 765.625 289.062 -179.688 1039.062
-460.938 867.188 62.500 -750.000 -218.750 609.375 -39.062 -281.250 882.812 242.188 -625.000 726.562 320.312 -210.938 1101.562
-460.938 984.375 101.562 -703.125 -132.812 617.188 7.812 -304.688 882.812 171.875 -593.750 726.562 226.562 -203.125 1000.000
-468.750 1000.000 93.750 -648.438 -117.188 609.375 39.062 -328.125 820.312 265.625 -601.562 695.312 140.625 -203.125 898.438
-460.938 1023.438 62.500 -843.750 -132.812 343.750 -54.688 -335.938 718.750 132.812 -562.500 570.312 78.125 -273.438 890.625
-398.438 1093.750 117.188 -843.750 -273.438 148.438 -203.125 -70.312 687.500 179.688 -445.312 585.938 93.750 -320.312 1031.250
-515.625 843.750 85.938 -171.875 -437.500 507.812 0.000 -15.625 742.188 289.062 -398.438 750.000 -187.500 -632.812 718.750
-515.625 843.750 85.938 -171.875 -437.500 507.812 0.000 -15.625 742.188 289.062 -398.438 750.000 -187.500 -632.812 718.750
-515.625 742.188 0.000 -140.625 -242.188 609.375 164.062 -78.125 882.812 226.562 -453.125 820.312 23.438 -31.250 1062.500
-617.188 640.625 -117.188 -54.688 54.688 742.188 375.000 78.125 1015.625 437.500 -460.938 812.500 -148.438 -632.812 898.438
-640.625 921.875 -93.750 445.312 289.062 1406.250 468.750 265.625 1031.250 304.688 -382.812 750.000 -390.625 -421.875 695.312
-640.625 921.875 -93.750 445.312 289.062 1406.250 468.750 265.625 1031.250 304.688 -382.812 750.000 -390.625 -421.875 695.312
-546.875 1015.625 -15.625 312.500 -117.188 1085.938 492.188 156.250 1062.500 343.750 -414.062 898.438 -429.688 -234.375 703.125
-531.250 968.750 -39.062 234.375 -117.188 976.562 437.500 101.562 984.375 289.062 -414.062 867.188 -375.000 -242.188 781.250
-570.312 820.312 -125.000 234.375 -125.000 953.125 351.562 164.062 921.875 273.438 -421.875 828.125 -351.562 -273.438 859.375
-578.125 710.938 -156.250 195.312 -62.500 960.938 343.750 203.125 929.688 281.250 -414.062 835.938 -367.188 -250.000 851.562
-578.125 710.938 -156.250 195.312 -62.500 960.938 343.750 203.125 929.688 281.250 -414.062 835.938 -367.188 -250.000 851.562
-585.938 460.938 -203.125 210.938 15.625 1031.250 367.188 289.062 898.438 242.188 -343.750 804.688 -398.438 -257.812 796.875
-601.562 359.375 -257.812 171.875 31.250 929.688 234.375 265.625 804.688 148.438 -328.125 757.812 -429.688 -234.375 703.125
-632.812 484.375 -179.688 148.438 0.000 875.000 218.750 234.375 812.500 187.500 -312.500 789.062 -398.438 -234.375 773.438
-710.938 640.625 -210.938 320.312 62.500 976.562 367.188 320.312 859.375 265.625 -304.688 843.750 -421.875 -187.500 789.062
-710.938 625.000 -210.938 328.125 70.312 1000.000 429.688 328.125 890.625 289.062 -296.875 875.000 -421.875 -179.688 796.875
-718.750 664.062 -195.312 343.750 62.500 1015.625 460.938 335.938 937.500 328.125 -312.500 914.062 -414.062 -171.875 843.750
-695.312 671.875 -203.125 335.938 39.062 1000.000 460.938 328.125 929.688 328.125 -312.500 914.062 -398.438 -179.688 843.750
-750.000 585.938 -289.062 289.062 -46.875 984.375 531.250 304.688 1031.250 390.625 -359.375 992.188 -359.375 -187.500 867.188
-750.000 585.938 -289.062 289.062 -46.875 984.375 531.250 304.688 1031.250 390.625 -359.375 992.188 -359.375 -187.500 867.188
-750.000 546.875 -242.188 312.500 0.000 1054.688 601.562 367.188 1070.312 390.625 -367.188 1007.812 -359.375 -179.688 898.438
-695.312 593.750 -179.688 390.625 54.688 1148.438 757.812 437.500 1164.062 328.125 -289.062 960.938 -359.375 -289.062 890.625
-585.938 796.875 -109.375 101.562 109.375 1171.875 460.938 617.188 1039.062 164.062 -390.625 851.562 -390.625 -328.125 750.000
-554.688 773.438 -93.750 289.062 7.812 1257.812 187.500 335.938 1007.812 -23.438 -578.125 835.938 -406.250 -335.938 703.125
-570.312 695.312 -31.250 -250.000 296.875 851.562 906.250 1117.188 1906.250 -140.625 -375.000 843.750 -507.812 -562.500 585.938
-632.812 585.938 15.625 -468.750 -39.062 773.438 750.000 656.250 921.875 -132.812 -218.750 914.062 -390.625 -515.625 445.312
-507.812 429.688 0.000 0.000 132.812 882.812 -7.812 -265.625 312.500 46.875 -414.062 867.188 -304.688 -265.625 726.562
-515.625 593.750 -23.438 15.625 867.188 765.625 -335.938 460.938 531.250 250.000 -375.000 859.375 -304.688 -242.188 757.812
-515.625 593.750 -23.438 15.625 867.188 765.625 -335.938 460.938 531.250 250.000 -375.000 859.375 -304.688 -242.188 757.812
-546.875 1453.125 -109.375 -265.625 -15.625 585.938 -539.062 234.375 515.625 -101.562 -273.438 671.875 -156.250 -171.875 914.062
-546.875 1453.125 -109.375 -265.625 -15.625 585.938 -539.062 234.375 515.625 -101.562 -273.438 671.875 -156.250 -171.875 914.062
-343.750 1117.188 46.875 -226.562 93.750 914.062 -679.688 328.125 546.875 78.125 -515.625 742.188 -117.188 -156.250 1000.000
-382.812 789.062 31.250 -140.625 -39.062 929.688 -687.500 328.125 570.312 -23.438 -546.875 632.812 23.438 -148.438 1140.625
-476.562 851.562 -78.125 -234.375 -93.750 914.062 -617.188 312.500 656.250 195.312 -750.000 820.312 39.062 -78.125 1148.438
-476.562 859.375 -78.125 -273.438 7.812 851.562 -703.125 109.375 609.375 -23.438 -609.375 742.188 117.188 -226.562 1218.750
-492.188 882.812 -85.938 -226.562 -117.188 859.375 -734.375 164.062 570.312 -78.125 -546.875 695.312 109.375 -257.812 1156.250
-468.750 984.375 -117.188 -234.375 -54.688 867.188 -757.812 179.688 515.625 -210.938 -539.062 546.875 -93.750 -312.500 843.750
-468.750 984.375 -117.188 -234.375 -54.688 867.188 -757.812 179.688 515.625 -210.938 -539.062 546.875 -93.750 -312.500 843.750
-390.625 1015.625 -15.625 -187.500 -117.188 1007.812 -648.438 421.875 671.875 -203.125 -531.250 593.750 -179.688 -304.688 750.000
-367.188 984.375 39.062 -257.812 -109.375 1046.875 -625.000 390.625 773.438 -78.125 -585.938 750.000 -125.000 -312.500 851.562
-445.312 1015.625 23.438 -132.812 -164.062 1070.312 -484.375 351.562 992.188 109.375 -664.062 960.938 62.500 -125.000 1109.375
-312.500 1039.062 117.188 -304.688 -242.188 781.250 -781.250 -335.938 625.000 -101.562 -859.375 710.938 203.125 -296.875 1250.000
-281.250 1054.688 70.312 -312.500 -304.688 585.938 -835.938 -234.375 476.562 -156.250 -781.250 523.438 210.938 -437.500 1234.375
-343.750 1218.750 70.312 -179.688 -359.375 593.750 -742.188 -117.188 468.750 -93.750 -820.312 460.938 187.500 -429.688 1109.375
-406.250 1367.188 132.812 179.688 -179.688 890.625 -257.812 296.875 734.375 31.250 -234.375 429.688 7.812 -375.000 664.062
-414.062 1203.125 117.188 93.750 -242.188 695.312 -164.062 312.500 687.500 226.562 -398.438 570.312 -70.312 -421.875 507.812
-414.062 1203.125 117.188 93.750 -242.188 695.312 -164.062 312.500 687.500 226.562 -398.438 570.312 -70.312 -421.875 507.812
-484.375 1062.500 23.438 296.875 -46.875 789.062 -187.500 31.250 734.375 320.312 -546.875 695.312 85.938 -414.062 593.750
-437.500 656.250 54.688 406.250 -234.375 984.375 -7.812 46.875 921.875 390.625 -531.250 609.375 375.000 -250.000 875.000
-585.938 601.562 46.875 382.812 31.250 1218.750 85.938 414.062 1101.562 531.250 -546.875 750.000 445.312 -296.875 1140.625
-664.062 593.750 -93.750 304.688 -62.500 1234.375 78.125 335.938 1203.125 492.188 -562.500 1000.000 375.000 -421.875 1195.312
-679.688 546.875 -242.188 242.188 -265.625 1007.812 0.000 93.750 1171.875 382.812 -812.500 898.438 179.688 -242.188 1007.812
-718.750 437.500 -328.125 328.125 -476.562 914.062 31.250 109.375 1132.812 320.312 -773.438 750.000 218.750 -343.750 992.188
-703.125 359.375 -234.375 320.312 -343.750 960.938 62.500 179.688 1203.125 382.812 -609.375 851.562 164.062 -218.750 937.500
-710.938 273.438 -210.938 164.062 -218.750 921.875 -125.000 289.062 984.375 257.812 -476.562 812.500 132.812 -210.938 867.188
-710.938 273.438 -210.938 164.062 -218.750 921.875 -125.000 289.062 984.375 257.812 -476.562 812.500 132.812 -210.938 867.188
-750.000 281.250 -250.000 140.625 -85.938 835.938 -117.188 367.188 750.000 203.125 -335.938 617.188 109.375 -101.562 710.938
-718.750 437.500 -203.125 625.000 -156.250 1085.938 304.688 414.062 1242.188 500.000 -531.250 835.938 203.125 -195.312 906.250
-820.312 671.875 -156.250 781.250 -265.625 1148.438 437.500 304.688 1476.562 664.062 -585.938 968.750 328.125 -218.750 1039.062
-625.000 1007.812 15.625 617.188 -343.750 1062.500 242.188 179.688 1250.000 687.500 -812.500 1007.812 265.625 -382.812 1140.625
-554.688 1078.125 101.562 492.188 -367.188 992.188 62.500 93.750 1117.188 554.688 -953.125 882.812 281.250 -273.438 1078.125
-359.375 1226.562 242.188 171.875 -445.312 914.062 -273.438 54.688 882.812 132.812 -687.500 664.062 85.938 -398.438 1062.500
-539.062 726.562 171.875 -265.625 -226.562 898.438 -593.750 156.250 585.938 -242.188 -468.750 562.500 -289.062 -351.562 695.312
-507.812 -210.938 125.000 -23.438 -7.812 968.750 -312.500 375.000 570.312 -125.000 -265.625 421.875 -171.875 -148.438 445.312
-507.812 -210.938 125.000 -23.438 -7.812 968.750 -312.500 375.000 570.312 -125.000 -265.625 421.875 -171.875 -148.438 445.312
-585.938 -23.438 109.375 390.625 -78.125 773.438 -187.500 359.375 726.562 257.812 -335.938 398.438 210.938 -335.938 515.625
-585.938 -23.438 109.375 390.625 -78.125 773.438 -187.500 359.375 726.562 257.812 -335.938 398.438 210.938 -335.938 515.625
-812.500 492.188 -70.312 320.312 -15.625 929.688 -210.938 367.188 812.500 453.125 -593.750 687.500 382.812 -343.750 890.625
-1023.438 976.562 -187.500 218.750 -148.438 921.875 -382.812 226.562 781.250 273.438 -484.375 632.812 445.312 -187.500 914.062
-1007.812 890.625 -218.750 -203.125 -218.750 921.875 -218.750 296.875 843.750 242.188 -515.625 726.562 320.312 -203.125 898.438
-804.688 640.625 -179.688 484.375 -179.688 781.250 -632.812 -23.438 742.188 445.312 -593.750 757.812 484.375 -234.375 914.062
-804.688 640.625 -179.688 484.375 -179.688 781.250 -632.812 -23.438 742.188 445.312 -593.750 757.812 484.375 -234.375 914.062
-671.875 789.062 -109.375 -328.125 -468.750 640.625 -445.312 -320.312 804.688 289.062 -710.938 679.688 382.812 -390.625 937.500
-671.875 789.062 -109.375 -328.125 -468.750 640.625 -445.312 -320.312 804.688 289.062 -710.938 679.688 382.812 -390.625 937.500
-671.875 789.062 -109.375 -328.125 -468.750 640.625 -445.312 -320.312 804.688 289.062 -710.938 679.688 382.812 -390.625 937.500
-562.500 656.250 -78.125 -656.250 -679.688 632.812 -640.625 -312.500 656.250 203.125 -703.125 554.688 343.750 -351.562 851.562
-375.000 781.250 179.688 -781.250 -320.312 218.750 -492.188 -171.875 671.875 273.438 -804.688 562.500 617.188 -375.000 1179.688
-406.250 1125.000 273.438 -507.812 -359.375 531.250 -367.188 -234.375 671.875 421.875 -656.250 734.375 539.062 -70.312 1093.750
-390.625 1148.438 281.250 -375.000 -445.312 601.562 -335.938 -171.875 773.438 515.625 -539.062 773.438 570.312 -15.625 1218.750
-601.562 1203.125 164.062 -140.625 -539.062 484.375 -195.312 -242.188 750.000 562.500 -546.875 843.750 546.875 -93.750 1351.562
-765.625 1351.562 62.500 -23.438 -632.812 406.250 -46.875 -312.500 765.625 484.375 -515.625 937.500 593.750 -132.812 1296.875
-765.625 1351.562 62.500 -23.438 -632.812 406.250 -46.875 -312.500 765.625 484.375 -515.625 937.500 593.750 -132.812 1296.875
-687.500 937.500 -62.500 367.188 -539.062 781.250 492.188 -148.438 976.562 335.938 -656.250 562.500 359.375 -468.750 1031.250
-703.125 812.500 -78.125 1210.938 -328.125 765.625 -39.062 -195.312 937.500 312.500 -484.375 398.438 335.938 -445.312 921.875
-570.312 914.062 101.562 695.312 -85.938 1507.812 710.938 648.438 1171.875 195.312 -703.125 703.125 85.938 -898.438 578.125
-664.062 820.312 -31.250 726.562 -15.625 1578.125 585.938 710.938 1226.562 320.312 -390.625 984.375 70.312 -101.562 882.812
-671.875 679.688 -195.312 421.875 -343.750 890.625 359.375 226.562 1031.250 296.875 -515.625 742.188 -210.938 -203.125 648.438
-671.875 679.688 -195.312 421.875 -343.750 890.625 359.375 226.562 1031.250 296.875 -515.625 742.188 -210.938 -203.125 648.438
-679.688 585.938 -195.312 164.062 -273.438 781.250 101.562 203.125 820.312 281.250 -429.688 695.312 -296.875 -335.938 734.375
-617.188 406.250 -234.375 132.812 -148.438 804.688 148.438 359.375 773.438 156.250 -335.938 710.938 -351.562 -164.062 632.812
-601.562 343.750 -234.375 171.875 -85.938 859.375 210.938 421.875 781.250 171.875 -242.188 781.250 -320.312 -54.688 664.062
-601.562 343.750 -234.375 171.875 -85.938 859.375 210.938 421.875 781.250 171.875 -242.188 781.250 -320.312 -54.688 664.062
-609.375 382.812 -210.938 171.875 -46.875 843.750 179.688 437.500 757.812 257.812 -210.938 820.312 -335.938 -85.938 750.000
-671.875 484.375 -273.438 304.688 -148.438 781.250 234.375 281.250 789.062 187.500 -296.875 742.188 -414.062 -273.438 703.125
-656.250 578.125 -203.125 468.750 -250.000 867.188 390.625 250.000 921.875 218.750 -437.500 835.938 -406.250 -351.562 828.125
-664.062 625.000 -148.438 437.500 -273.438 835.938 375.000 210.938 898.438 273.438 -445.312 812.500 -367.188 -359.375 867.188
-695.312 617.188 -125.000 437.500 -250.000 843.750 382.812 226.562 898.438 296.875 -414.062 835.938 -320.312 -273.438 843.750
-734.375 609.375 -117.188 429.688 -203.125 851.562 414.062 281.250 898.438 351.562 -367.188 843.750 -250.000 -226.562 929.688
-757.812 617.188 -117.188 437.500 -187.500 859.375 414.062 296.875 882.812 390.625 -359.375 843.750 -226.562 -187.500 945.312
-796.875 640.625 -125.000 421.875 -148.438 867.188 421.875 320.312 835.938 375.000 -320.312 804.688 -234.375 -195.312 914.062
-796.875 640.625 -125.000 421.875 -148.438 867.188 421.875 320.312 835.938 375.000 -320.312 804.688 -234.375 -195.312 914.062
-781.250 648.438 -125.000 398.438 -195.312 820.312 359.375 257.812 820.312 328.125 -359.375 757.812 -234.375 -242.188 882.812
-773.438 664.062 -93.750 351.562 -226.562 765.625 304.688 210.938 804.688 273.438 -382.812 718.750 -265.625 -265.625 804.688
-546.875 703.125 132.812 375.000 -343.750 742.188 281.250 109.375 867.188 226.562 -500.000 734.375 -296.875 -406.250 835.938
-640.625 734.375 109.375 429.688 -382.812 773.438 335.938 78.125 906.250 257.812 -531.250 757.812 -281.250 -406.250 843.750
-656.250 750.000 70.312 500.000 -367.188 796.875 406.250 109.375 945.312 304.688 -523.438 773.438 -265.625 -390.625 882.812
-664.062 750.000 46.875 515.625 -351.562 812.500 429.688 117.188 921.875 335.938 -507.812 789.062 -257.812 -367.188 898.438
-687.500 750.000 31.250 484.375 -312.500 796.875 421.875 148.438 898.438 382.812 -476.562 796.875 -218.750 -312.500 960.938
-703.125 734.375 7.812 500.000 -273.438 820.312 445.312 179.688 906.250 421.875 -460.938 812.500 -195.312 -257.812 1000.000
-703.125 734.375 7.812 500.000 -273.438 820.312 445.312 179.688 906.250 421.875 -460.938 812.500 -195.312 -257.812 1000.000
-695.312 695.312 -7.812 531.250 -250.000 835.938 476.562 203.125 914.062 429.688 -437.500 828.125 -195.312 -242.188 992.188
-687.500 703.125 -15.625 523.438 -242.188 843.750 468.750 226.562 890.625 421.875 -414.062 804.688 -218.750 -234.375 968.750
-679.688 726.562 -15.625 523.438 -242.188 828.125 468.750 234.375 890.625 406.250 -398.438 820.312 -218.750 -234.375 937.500
-656.250 789.062 -7.812 484.375 -234.375 828.125 414.062 226.562 867.188 359.375 -406.250 796.875 -265.625 -257.812 898.438
-656.250 750.000 -23.438 453.125 -234.375 820.312 375.000 218.750 843.750 312.500 -398.438 773.438 -273.438 -273.438 851.562
-656.250 742.188 -15.625 445.312 -234.375 812.500 390.625 210.938 851.562 312.500 -398.438 781.250 -281.250 -273.438 859.375
-656.250 742.188 -15.625 445.312 -234.375 812.500 390.625 210.938 851.562 312.500 -398.438 781.250 -281.250 -273.438 859.375
-648.438 695.312 -46.875 453.125 -218.750 828.125 406.250 234.375 851.562 359.375 -390.625 804.688 -257.812 -234.375 929.688
-648.438 695.312 -46.875 453.125 -218.750 828.125 406.250 234.375 851.562 359.375 -390.625 804.688 -257.812 -234.375 929.688
-695.312 687.500 -70.312 429.688 -171.875 789.062 406.250 265.625 820.312 398.438 -343.750 804.688 -218.750 -179.688 960.938
-679.688 718.750 -85.938 468.750 -148.438 851.562 453.125 304.688 859.375 390.625 -320.312 820.312 -250.000 -179.688 937.500
-687.500 734.375 -78.125 460.938 -171.875 843.750 414.062 281.250 851.562 351.562 -351.562 804.688 -265.625 -218.750 890.625
-671.875 742.188 -62.500 437.500 -203.125 820.312 382.812 250.000 851.562 320.312 -382.812 796.875 -281.250 -250.000 851.562
-671.875 742.188 -54.688 421.875 -210.938 828.125 375.000 250.000 859.375 304.688 -367.188 796.875 -281.250 -257.812 851.562
-656.250 734.375 -46.875 414.062 -210.938 828.125 359.375 250.000 851.562 296.875 -375.000 796.875 -296.875 -273.438 843.750
-656.250 710.938 -31.250 390.625 -250.000 812.500 343.750 203.125 859.375 281.250 -421.875 765.625 -304.688 -328.125 828.125
-640.625 679.688 -23.438 398.438 -281.250 820.312 328.125 187.500 875.000 265.625 -437.500 757.812 -312.500 -351.562 804.688
-640.625 679.688 -23.438 398.438 -281.250 820.312 328.125 187.500 875.000 265.625 -437.500 757.812 -312.500 -351.562 804.688
-679.688 625.000 -15.625 414.062 -242.188 843.750 367.188 218.750 875.000 312.500 -421.875 773.438 -218.750 -281.250 867.188
-679.688 625.000 -15.625 414.062 -242.188 843.750 367.188 218.750 875.000 312.500 -421.875 773.438 -218.750 -281.250 867.188
-726.562 710.938 -15.625 414.062 -140.625 890.625 414.062 312.500 882.812 437.500 -343.750 859.375 -132.812 -148.438 1039.062
-718.750 734.375 -39.062 421.875 -156.250 882.812 414.062 304.688 890.625 429.688 -375.000 867.188 -164.062 -179.688 1023.438
-695.312 757.812 -54.688 445.312 -234.375 875.000 382.812 226.562 914.062 328.125 -437.500 835.938 -226.562 -281.250 906.250
-687.500 750.000 -31.250 437.500 -250.000 859.375 367.188 210.938 914.062 289.062 -453.125 789.062 -242.188 -304.688 867.188
-687.500 750.000 -31.250 437.500 -250.000 859.375 367.188 210.938 914.062 289.062 -453.125 789.062 -242.188 -304.688 867.188
-609.375 796.875 15.625 390.625 -257.812 843.750 320.312 218.750 890.625 265.625 -437.500 773.438 -257.812 -304.688 851.562
-609.375 796.875 15.625 390.625 -257.812 843.750 320.312 218.750 890.625 265.625 -437.500 773.438 -257.812 -304.688 851.562
-609.375 773.438 7.812 343.750 -234.375 851.562 312.500 226.562 882.812 242.188 -437.500 773.438 -234.375 -304.688 859.375
-617.188 765.625 -7.812 359.375 -234.375 851.562 273.438 218.750 882.812 265.625 -437.500 773.438 -242.188 -304.688 859.375
-640.625 718.750 -15.625 359.375 -218.750 867.188 250.000 226.562 890.625 242.188 -453.125 765.625 -234.375 -328.125 843.750
-648.438 710.938 7.812 281.250 -218.750 851.562 234.375 210.938 882.812 250.000 -460.938 757.812 -187.500 -296.875 882.812
-640.625 703.125 15.625 257.812 -234.375 867.188 257.812 226.562 867.188 273.438 -437.500 765.625 -148.438 -281.250 882.812
-648.438 703.125 15.625 289.062 -171.875 851.562 210.938 203.125 882.812 281.250 -445.312 781.250 -117.188 -257.812 906.250
