-171.875 679.688 328.125 7.812 -679.688 570.312 195.312 -593.750 609.375 429.688 -773.438 15.625 500.000 -671.875 445.312
-187.500 750.000 328.125 0.000 -625.000 601.562 187.500 -554.688 625.000 445.312 -765.625 31.250 445.312 -648.438 406.250
-226.562 812.500 335.938 -23.438 -593.750 640.625 164.062 -539.062 640.625 406.250 -765.625 23.438 398.438 -656.250 414.062
-265.625 859.375 328.125 -39.062 -593.750 679.688 156.250 -539.062 687.500 382.812 -773.438 54.688 375.000 -664.062 453.125
-289.062 898.438 328.125 -46.875 -601.562 703.125 148.438 -515.625 718.750 367.188 -812.500 85.938 351.562 -664.062 460.938
-289.062 898.438 335.938 -62.500 -593.750 710.938 148.438 -500.000 718.750 359.375 -820.312 117.188 351.562 -656.250 476.562
-312.500 882.812 335.938 -85.938 -585.938 718.750 148.438 -476.562 718.750 367.188 -796.875 109.375 296.875 -679.688 414.062
-312.500 835.938 328.125 -101.562 -578.125 679.688 140.625 -531.250 679.688 351.562 -750.000 117.188 453.125 -695.312 484.375
-312.500 835.938 328.125 -101.562 -578.125 679.688 140.625 -531.250 679.688 351.562 -750.000 117.188 453.125 -695.312 484.375
-304.688 773.438 343.750 -78.125 -648.438 648.438 171.875 -562.500 656.250 445.312 -789.062 70.312 523.438 -648.438 468.750
-250.000 757.812 359.375 -15.625 -703.125 609.375 273.438 -671.875 648.438 492.188 -789.062 31.250 609.375 -687.500 445.312
-195.312 765.625 367.188 78.125 -773.438 617.188 328.125 -734.375 656.250 554.688 -828.125 7.812 656.250 -703.125 468.750
-148.438 843.750 367.188 164.062 -828.125 656.250 398.438 -757.812 664.062 632.812 -898.438 -31.250 695.312 -757.812 500.000
-117.188 875.000 367.188 195.312 -828.125 664.062 351.562 -757.812 656.250 648.438 -867.188 -70.312 710.938 -750.000 468.750
-62.500 945.312 382.812 265.625 -812.500 664.062 492.188 -750.000 640.625 679.688 -890.625 -54.688 734.375 -742.188 437.500
23.438 1000.000 390.625 382.812 -796.875 679.688 593.750 -750.000 617.188 781.250 -820.312 -156.250 773.438 -718.750 375.000
85.938 1031.250 406.250 460.938 -773.438 703.125 593.750 -750.000 578.125 773.438 -773.438 -203.125 804.688 -718.750 312.500
85.938 1031.250 406.250 460.938 -773.438 703.125 593.750 -750.000 578.125 773.438 -773.438 -203.125 804.688 -718.750 312.500
117.188 1070.312 390.625 500.000 -765.625 695.312 671.875 -742.188 554.688 796.875 -804.688 -187.500 828.125 -679.688 281.250
117.188 1070.312 390.625 500.000 -765.625 695.312 671.875 -742.188 554.688 796.875 -804.688 -187.500 828.125 -679.688 281.250
203.125 1125.000 406.250 554.688 -773.438 703.125 695.312 -828.125 531.250 796.875 -828.125 -265.625 820.312 -671.875 257.812
312.500 1203.125 437.500 570.312 -757.812 664.062 687.500 -890.625 593.750 789.062 -882.812 -343.750 718.750 -789.062 226.562
382.812 1375.000 445.312 664.062 -812.500 734.375 890.625 -882.812 703.125 757.812 -859.375 -304.688 664.062 -867.188 187.500
375.000 1507.812 414.062 742.188 -882.812 804.688 937.500 -882.812 867.188 695.312 -992.188 -398.438 585.938 -953.125 78.125
429.688 1570.312 421.875 687.500 -992.188 796.875 929.688 -1070.312 710.938 703.125 -1125.000 -523.438 585.938 -1046.875 70.312
429.688 1570.312 421.875 687.500 -992.188 796.875 929.688 -1070.312 710.938 703.125 -1125.000 -523.438 585.938 -1046.875 70.312
312.500 1500.000 359.375 796.875 -1164.062 906.250 468.750 -1062.500 523.438 640.625 -1015.625 -453.125 609.375 -1164.062 70.312
312.500 1500.000 359.375 796.875 -1164.062 906.250 468.750 -1062.500 523.438 640.625 -1015.625 -453.125 609.375 -1164.062 70.312
460.938 1320.312 484.375 554.688 -1000.000 609.375 234.375 -1234.375 421.875 554.688 -1132.812 -734.375 625.000 -1445.312 -164.062
476.562 1382.812 500.000 562.500 -1023.438 640.625 382.812 -1281.250 507.812 554.688 -1343.750 -1039.062 593.750 -1562.500 -187.500
507.812 1414.062 562.500 523.438 -1125.000 640.625 156.250 -1437.500 554.688 453.125 -1343.750 -1015.625 601.562 -1734.375 -296.875
468.750 1375.000 507.812 398.438 -1179.688 507.812 164.062 -1554.688 570.312 679.688 -1414.062 -875.000 671.875 -1757.812 -273.438
414.062 1226.562 304.688 117.188 -1218.750 320.312 171.875 -1421.875 554.688 570.312 -1359.375 -953.125 765.625 -1710.938 -125.000
250.000 1140.625 179.688 109.375 -1250.000 226.562 171.875 -1351.562 460.938 640.625 -1179.688 -804.688 781.250 -1640.625 -54.688
-109.375 679.688 -101.562 78.125 -750.000 343.750 257.812 -703.125 437.500 640.625 -1070.312 -804.688 851.562 -1179.688 -289.062
-109.375 679.688 -101.562 78.125 -750.000 343.750 257.812 -703.125 437.500 640.625 -1070.312 -804.688 851.562 -1179.688 -289.062
-156.250 453.125 -93.750 54.688 -617.188 320.312 265.625 -593.750 414.062 906.250 -531.250 -500.000 906.250 -1070.312 -335.938
-335.938 117.188 31.250 -140.625 -437.500 226.562 257.812 -398.438 453.125 914.062 -390.625 -210.938 1210.938 -703.125 -132.812
-671.875 -39.062 148.438 -195.312 -523.438 273.438 70.312 -351.562 601.562 867.188 -390.625 -117.188 1117.188 -335.938 187.500
-757.812 -101.562 187.500 -210.938 -523.438 296.875 31.250 -375.000 625.000 718.750 -554.688 93.750 992.188 -367.188 257.812
-617.188 125.000 281.250 -250.000 -546.875 328.125 -54.688 -359.375 609.375 765.625 -523.438 46.875 914.062 -375.000 390.625
-593.750 210.938 281.250 -273.438 -554.688 335.938 46.875 -359.375 585.938 718.750 -585.938 101.562 828.125 -343.750 429.688
-562.500 453.125 304.688 -320.312 -484.375 375.000 -234.375 -312.500 507.812 414.062 -601.562 93.750 375.000 -468.750 414.062
-539.062 523.438 312.500 -320.312 -484.375 382.812 -250.000 -312.500 492.188 78.125 -640.625 -23.438 257.812 -500.000 367.188
-453.125 609.375 390.625 -328.125 -539.062 375.000 -250.000 -453.125 437.500 85.938 -726.562 -78.125 70.312 -609.375 312.500
-453.125 609.375 390.625 -328.125 -539.062 375.000 -250.000 -453.125 437.500 85.938 -726.562 -78.125 70.312 -609.375 312.500
-312.500 562.500 484.375 -312.500 -726.562 195.312 -382.812 -648.438 359.375 -7.812 -750.000 -93.750 23.438 -734.375 320.312
-289.062 554.688 523.438 -328.125 -773.438 164.062 -390.625 -671.875 343.750 -54.688 -828.125 -171.875 23.438 -765.625 320.312
-273.438 460.938 570.312 -328.125 -835.938 109.375 -414.062 -718.750 312.500 -31.250 -820.312 -164.062 7.812 -765.625 296.875
-218.750 406.250 632.812 -367.188 -851.562 23.438 -468.750 -710.938 265.625 -70.312 -828.125 -179.688 0.000 -781.250 289.062
-226.562 390.625 671.875 -398.438 -843.750 15.625 -484.375 -695.312 242.188 -93.750 -812.500 -187.500 -39.062 -781.250 265.625
-250.000 398.438 671.875 -421.875 -828.125 7.812 -476.562 -687.500 265.625 -148.438 -796.875 -195.312 -46.875 -773.438 257.812
-250.000 398.438 671.875 -421.875 -828.125 7.812 -476.562 -687.500 265.625 -148.438 -796.875 -195.312 -46.875 -773.438 257.812
-343.750 367.188 695.312 -406.250 -890.625 23.438 -445.312 -765.625 335.938 46.875 -906.250 -164.062 62.500 -796.875 304.688
-343.750 367.188 695.312 -406.250 -890.625 23.438 -445.312 -765.625 335.938 46.875 -906.250 -164.062 62.500 -796.875 304.688
-367.188 312.500 718.750 -406.250 -953.125 46.875 -437.500 -828.125 398.438 109.375 -968.750 -164.062 195.312 -835.938 398.438
-304.688 312.500 773.438 -414.062 -992.188 31.250 -453.125 -890.625 375.000 93.750 -929.688 -148.438 226.562 -882.812 398.438
-296.875 289.062 796.875 -398.438 -1101.562 0.000 -429.688 -1046.875 406.250 125.000 -1039.062 -203.125 351.562 -1023.438 445.312
-367.188 218.750 757.812 -382.812 -1164.062 -7.812 -406.250 -1109.375 421.875 187.500 -1132.812 -242.188 531.250 -1125.000 453.125
-437.500 187.500 742.188 -382.812 -1171.875 -46.875 -382.812 -1117.188 421.875 328.125 -1242.188 -234.375 640.625 -1093.750 523.438
-421.875 117.188 726.562 -390.625 -1164.062 -85.938 -414.062 -1148.438 421.875 437.500 -1226.562 -226.562 835.938 -992.188 335.938
-539.062 -335.938 312.500 -632.812 -953.125 -273.438 -710.938 -1039.062 203.125 406.250 -1382.812 -320.312 2554.688 -921.875 2406.250
-539.062 -335.938 312.500 -632.812 -953.125 -273.438 -710.938 -1039.062 203.125 406.250 -1382.812 -320.312 2554.688 -921.875 2406.250
-570.312 -359.375 156.250 -773.438 -906.250 -382.812 -773.438 -929.688 250.000 828.125 -1625.000 -273.438 2148.438 -1679.688 601.562
-570.312 -359.375 156.250 -773.438 -906.250 -382.812 -773.438 -929.688 250.000 828.125 -1625.000 -273.438 2148.438 -1679.688 601.562
-281.250 -31.250 -570.312 -664.062 -390.625 -15.625 -796.875 -976.562 492.188 -273.438 -2195.312 -320.312 1695.312 -2828.125 539.062
-218.750 882.812 -1000.000 -367.188 -226.562 320.312 -429.688 -476.562 507.812 257.812 -1546.875 -234.375 1367.188 -3109.375 -39.062
-218.750 882.812 -1000.000 -367.188 -226.562 320.312 -429.688 -476.562 507.812 257.812 -1546.875 -234.375 1367.188 -3109.375 -39.062
-335.938 1445.312 -1078.125 54.688 171.875 812.500 -500.000 265.625 671.875 312.500 -1070.312 -460.938 -179.688 -2296.875 -1078.125
-398.438 1992.188 -1140.625 476.562 554.688 1289.062 484.375 679.688 789.062 -70.312 -1273.438 -351.562 -265.625 -1265.625 -960.938
-460.938 3000.000 -1054.688 1046.875 789.062 1593.750 554.688 757.812 734.375 -148.438 281.250 468.750 -710.938 -453.125 -843.750
-460.938 3000.000 -1054.688 1046.875 789.062 1593.750 554.688 757.812 734.375 -148.438 281.250 468.750 -710.938 -453.125 -843.750
-460.938 3000.000 -1054.688 1046.875 789.062 1593.750 554.688 757.812 734.375 -148.438 281.250 468.750 -710.938 -453.125 -843.750
-304.688 2312.500 -585.938 640.625 695.312 1382.812 468.750 859.375 828.125 -164.062 250.000 757.812 -718.750 257.812 -312.500
-359.375 726.562 -351.562 0.000 203.125 960.938 85.938 351.562 773.438 23.438 164.062 789.062 -445.312 -62.500 726.562
-429.688 406.250 -351.562 -101.562 62.500 851.562 0.000 234.375 757.812 140.625 -312.500 859.375 -429.688 -148.438 867.188
-453.125 -164.062 -320.312 -203.125 -148.438 648.438 15.625 140.625 757.812 132.812 -257.812 867.188 -375.000 -257.812 1132.812
-429.688 85.938 -320.312 -171.875 -46.875 648.438 39.062 242.188 742.188 171.875 -335.938 875.000 -375.000 -187.500 1000.000
-507.812 882.812 -476.562 93.750 210.938 882.812 273.438 476.562 742.188 7.812 54.688 695.312 -515.625 -93.750 531.250
-507.812 882.812 -476.562 93.750 210.938 882.812 273.438 476.562 742.188 7.812 54.688 695.312 -515.625 -93.750 531.250
-585.938 1187.500 -562.500 273.438 343.750 1031.250 250.000 546.875 765.625 7.812 101.562 687.500 -570.312 46.875 265.625
-585.938 1187.500 -562.500 273.438 343.750 1031.250 250.000 546.875 765.625 7.812 101.562 687.500 -570.312 46.875 265.625
-617.188 937.500 -578.125 328.125 484.375 1101.562 476.562 625.000 773.438 125.000 117.188 687.500 -406.250 117.188 500.000
-585.938 726.562 -593.750 296.875 265.625 1078.125 406.250 460.938 820.312 289.062 -7.812 765.625 -203.125 179.688 812.500
-546.875 656.250 -570.312 265.625 195.312 1031.250 484.375 296.875 828.125 359.375 -242.188 929.688 -179.688 156.250 890.625
-507.812 492.188 -539.062 195.312 78.125 914.062 289.062 125.000 796.875 359.375 -210.938 867.188 -109.375 101.562 1007.812
-421.875 515.625 -507.812 171.875 -31.250 804.688 335.938 62.500 859.375 429.688 -281.250 945.312 46.875 125.000 1125.000
-445.312 773.438 -453.125 203.125 46.875 921.875 382.812 203.125 882.812 468.750 -320.312 906.250 54.688 -7.812 1046.875
-500.000 765.625 -476.562 226.562 31.250 937.500 328.125 218.750 890.625 570.312 -242.188 789.062 -46.875 46.875 984.375
-640.625 750.000 -726.562 250.000 -15.625 1039.062 335.938 179.688 835.938 406.250 -242.188 750.000 -109.375 -62.500 562.500
-640.625 750.000 -726.562 250.000 -15.625 1039.062 335.938 179.688 835.938 406.250 -242.188 750.000 -109.375 -62.500 562.500
-593.750 718.750 -539.062 156.250 156.250 960.938 359.375 156.250 718.750 406.250 -234.375 656.250 179.688 -54.688 796.875
-632.812 687.500 -570.312 31.250 203.125 867.188 304.688 257.812 703.125 421.875 -429.688 648.438 656.250 -171.875 898.438
-726.562 531.250 -632.812 -70.312 156.250 742.188 515.625 -54.688 828.125 390.625 -39.062 382.812 570.312 -210.938 1156.250
-648.438 437.500 -531.250 156.250 148.438 984.375 632.812 -46.875 1132.812 859.375 -500.000 1140.625 570.312 132.812 1250.000
-593.750 453.125 -460.938 234.375 140.625 1203.125 414.062 234.375 1007.812 1031.250 -507.812 1023.438 507.812 226.562 1437.500
-585.938 515.625 -570.312 78.125 242.188 1109.375 601.562 320.312 828.125 937.500 -171.875 640.625 375.000 296.875 1281.250
-742.188 664.062 -554.688 132.812 296.875 1054.688 515.625 273.438 812.500 562.500 -359.375 882.812 312.500 296.875 679.688
-718.750 531.250 -539.062 46.875 265.625 1039.062 554.688 328.125 882.812 242.188 -164.062 750.000 195.312 117.188 710.938
-718.750 531.250 -539.062 46.875 265.625 1039.062 554.688 328.125 882.812 242.188 -164.062 750.000 195.312 117.188 710.938
-820.312 1093.750 -625.000 -62.500 484.375 1109.375 531.250 492.188 750.000 257.812 -54.688 585.938 -257.812 203.125 562.500
-953.125 1093.750 -765.625 -78.125 640.625 1101.562 250.000 437.500 718.750 -46.875 -7.812 617.188 -500.000 70.312 281.250
-812.500 1078.125 -734.375 54.688 351.562 1000.000 367.188 -23.438 726.562 156.250 -617.188 281.250 -265.625 -328.125 507.812
-820.312 1164.062 -671.875 62.500 109.375 929.688 335.938 -210.938 742.188 85.938 -539.062 421.875 -117.188 -578.125 437.500
-812.500 1164.062 -679.688 39.062 70.312 890.625 367.188 -257.812 742.188 195.312 -882.812 195.312 -70.312 -648.438 484.375
-804.688 1039.062 -703.125 -78.125 -46.875 757.812 171.875 -335.938 679.688 195.312 -812.500 265.625 -31.250 -867.188 460.938
-687.500 656.250 -625.000 -195.312 -515.625 484.375 179.688 -695.312 679.688 531.250 -1250.000 23.438 304.688 -1085.938 546.875
-507.812 585.938 -468.750 -101.562 -703.125 460.938 218.750 -781.250 679.688 468.750 -1125.000 85.938 453.125 -1195.312 656.250
-507.812 585.938 -468.750 -101.562 -703.125 460.938 218.750 -781.250 679.688 468.750 -1125.000 85.938 453.125 -1195.312 656.250
-593.750 218.750 -320.312 -335.938 -664.062 343.750 218.750 -687.500 648.438 609.375 -1187.500 0.000 585.938 -1234.375 625.000
-507.812 -265.625 -93.750 -468.750 -757.812 164.062 7.812 -656.250 539.062 531.250 -929.688 -23.438 742.188 -1078.125 585.938
-531.250 -304.688 117.188 -492.188 -820.312 62.500 -39.062 -718.750 484.375 601.562 -992.188 0.000 695.312 -953.125 546.875
-453.125 -250.000 257.812 -437.500 -898.438 70.312 7.812 -835.938 500.000 546.875 -1039.062 -39.062 710.938 -968.750 554.688
-343.750 -54.688 437.500 -273.438 -1085.938 101.562 31.250 -1023.438 523.438 492.188 -1132.812 -46.875 656.250 -1023.438 648.438
-453.125 164.062 570.312 -140.625 -1109.375 179.688 109.375 -1062.500 546.875 445.312 -1187.500 -62.500 398.438 -1054.688 593.750
-578.125 453.125 554.688 54.688 -1226.562 390.625 85.938 -1117.188 695.312 437.500 -1171.875 -62.500 343.750 -1125.000 640.625
-578.125 453.125 554.688 54.688 -1226.562 390.625 85.938 -1117.188 695.312 437.500 -1171.875 -62.500 343.750 -1125.000 640.625
-578.125 453.125 554.688 54.688 -1226.562 390.625 85.938 -1117.188 695.312 437.500 -1171.875 -62.500 343.750 -1125.000 640.625
-585.938 601.562 617.188 -164.062 -1085.938 320.312 -78.125 -976.562 539.062 460.938 -1148.438 -46.875 179.688 -1039.062 546.875
-507.812 617.188 671.875 -257.812 -1054.688 312.500 -203.125 -945.312 492.188 140.625 -1117.188 -93.750 -101.562 -1054.688 437.500
-554.688 570.312 656.250 -273.438 -984.375 312.500 -132.812 -875.000 437.500 85.938 -992.188 -203.125 -109.375 -1046.875 390.625
-632.812 328.125 601.562 -289.062 -820.312 328.125 -31.250 -773.438 531.250 125.000 -945.312 -195.312 187.500 -875.000 382.812
-601.562 289.062 562.500 -234.375 -851.562 328.125 0.000 -812.500 585.938 257.812 -968.750 -78.125 226.562 -890.625 414.062
-609.375 335.938 523.438 -132.812 -859.375 390.625 -23.438 -804.688 578.125 289.062 -945.312 -78.125 164.062 -898.438 429.688
-640.625 375.000 507.812 -179.688 -976.562 328.125 7.812 -843.750 562.500 273.438 -1023.438 -117.188 179.688 -867.188 460.938
-593.750 609.375 578.125 -164.062 -1023.438 320.312 -70.312 -859.375 625.000 -23.438 -984.375 -132.812 -125.000 -976.562 320.312
-593.750 609.375 578.125 -164.062 -1023.438 320.312 -70.312 -859.375 625.000 -23.438 -984.375 -132.812 -125.000 -976.562 320.312
-468.750 617.188 593.750 -148.438 -968.750 320.312 -171.875 -882.812 585.938 7.812 -1070.312 -117.188 -289.062 -1000.000 343.750
-468.750 531.250 664.062 -367.188 -1007.812 78.125 -460.938 -843.750 390.625 -132.812 -1039.062 -140.625 -257.812 -984.375 273.438
-281.250 515.625 765.625 -531.250 -1046.875 -140.625 -593.750 -890.625 414.062 -195.312 -960.938 -164.062 -437.500 -937.500 257.812
-210.938 476.562 773.438 -468.750 -1000.000 -109.375 -546.875 -898.438 492.188 -757.812 -843.750 -195.312 -539.062 -914.062 164.062
-109.375 453.125 843.750 -445.312 -945.312 -171.875 -648.438 -843.750 234.375 -453.125 -1015.625 -242.188 -742.188 -1023.438 15.625
-195.312 726.562 812.500 -460.938 -1085.938 -101.562 -617.188 -789.062 257.812 -804.688 -664.062 -296.875 -453.125 -1117.188 23.438
-390.625 679.688 664.062 -335.938 -882.812 54.688 -460.938 -875.000 -70.312 -273.438 -968.750 -125.000 -7.812 -1085.938 226.562
-601.562 562.500 562.500 -265.625 -968.750 39.062 -343.750 -953.125 164.062 93.750 -929.688 -429.688 210.938 -1039.062 414.062
-601.562 562.500 562.500 -265.625 -968.750 39.062 -343.750 -953.125 164.062 93.750 -929.688 -429.688 210.938 -1039.062 414.062
-476.562 585.938 671.875 -242.188 -1203.125 39.062 -390.625 -851.562 500.000 62.500 -1148.438 -148.438 421.875 -968.750 523.438
-640.625 351.562 609.375 -289.062 -1054.688 117.188 -335.938 -781.250 328.125 375.000 -1085.938 -117.188 335.938 -929.688 507.812
-523.438 539.062 609.375 -429.688 -882.812 31.250 -382.812 -671.875 328.125 70.312 -812.500 -164.062 281.250 -742.188 429.688
-359.375 578.125 578.125 -398.438 -820.312 101.562 -351.562 -648.438 437.500 85.938 -835.938 -226.562 148.438 -734.375 367.188
-296.875 453.125 632.812 -367.188 -843.750 179.688 -390.625 -656.250 460.938 78.125 -812.500 -132.812 85.938 -765.625 398.438
-242.188 726.562 578.125 -382.812 -796.875 187.500 -437.500 -640.625 375.000 0.000 -875.000 -109.375 -164.062 -843.750 320.312
-242.188 726.562 578.125 -382.812 -796.875 187.500 -437.500 -640.625 375.000 0.000 -875.000 -109.375 -164.062 -843.750 320.312
-125.000 804.688 656.250 -351.562 -992.188 171.875 -421.875 -875.000 484.375 -242.188 -960.938 -265.625 -187.500 -960.938 328.125
-125.000 804.688 656.250 -351.562 -992.188 171.875 -421.875 -875.000 484.375 -242.188 -960.938 -265.625 -187.500 -960.938 328.125
-125.000 804.688 656.250 -351.562 -992.188 171.875 -421.875 -875.000 484.375 -242.188 -960.938 -265.625 -187.500 -960.938 328.125
-250.000 617.188 687.500 -320.312 -1101.562 195.312 -343.750 -906.250 593.750 218.750 -1078.125 -148.438 117.188 -929.688 429.688
-343.750 328.125 703.125 -343.750 -1203.125 117.188 -335.938 -976.562 601.562 203.125 -1070.312 -93.750 460.938 -906.250 593.750
-398.438 156.250 703.125 -390.625 -1187.500 31.250 -351.562 -960.938 585.938 351.562 -1070.312 -125.000 687.500 -851.562 671.875
-406.250 70.312 679.688 -476.562 -1148.438 -15.625 -375.000 -945.312 531.250 468.750 -1078.125 -78.125 773.438 -890.625 632.812
-429.688 78.125 648.438 -500.000 -1093.750 -62.500 -375.000 -960.938 507.812 500.000 -1195.312 -250.000 796.875 -968.750 625.000
-468.750 125.000 492.188 -492.188 -1132.812 -78.125 -375.000 -984.375 523.438 500.000 -1445.312 -367.188 914.062 -1148.438 609.375
-468.750 125.000 492.188 -492.188 -1132.812 -78.125 -375.000 -984.375 523.438 500.000 -1445.312 -367.188 914.062 -1148.438 609.375
-656.250 0.000 257.812 -367.188 -992.188 -101.562 -414.062 -875.000 343.750 734.375 -1390.625 -343.750 1335.938 -1406.250 585.938
-531.250 15.625 148.438 -703.125 -679.688 -54.688 -421.875 -656.250 351.562 445.312 -1406.250 -601.562 1265.625 -1539.062 460.938
-421.875 -257.812 -265.625 -648.438 -609.375 -156.250 -531.250 -726.562 132.812 507.812 -1664.062 -593.750 554.688 -2710.938 750.000
-54.688 -93.750 -445.312 -898.438 -218.750 -187.500 -875.000 -414.062 93.750 46.875 -1828.125 -734.375 1992.188 -1343.750 1117.188
-85.938 531.250 -804.688 -593.750 85.938 23.438 -445.312 -109.375 367.188 31.250 -1507.812 -593.750 718.750 -3703.125 484.375
-195.312 796.875 -1031.250 -406.250 281.250 250.000 -781.250 -750.000 1484.375 -781.250 -859.375 -46.875 -117.188 -3039.062 46.875
-351.562 1929.688 -1210.938 203.125 507.812 828.125 -367.188 265.625 546.875 -625.000 -289.062 117.188 -257.812 -1640.625 -359.375
-320.312 2296.875 -1031.250 492.188 531.250 1164.062 398.438 453.125 773.438 -984.375 -632.812 -78.125 -421.875 -1007.812 -578.125
-320.312 2296.875 -1031.250 492.188 531.250 1164.062 398.438 453.125 773.438 -984.375 -632.812 -78.125 -421.875 -1007.812 -578.125
-359.375 1984.375 -804.688 593.750 492.188 1351.562 789.062 625.000 1023.438 -390.625 -242.188 289.062 -609.375 -476.562 -593.750
-468.750 1250.000 -687.500 632.812 421.875 1500.000 843.750 656.250 1046.875 437.500 -85.938 640.625 -554.688 -93.750 -117.188
-671.875 1093.750 -695.312 375.000 328.125 1390.625 507.812 515.625 953.125 343.750 -93.750 671.875 -328.125 -23.438 562.500
-609.375 1023.438 -656.250 234.375 164.062 1148.438 507.812 453.125 960.938 335.938 -117.188 781.250 -312.500 31.250 734.375
-445.312 859.375 -554.688 218.750 164.062 1007.812 523.438 460.938 929.688 429.688 -156.250 812.500 -289.062 109.375 828.125
-492.188 875.000 -578.125 179.688 179.688 953.125 492.188 507.812 968.750 445.312 -62.500 929.688 -265.625 117.188 875.000
-601.562 968.750 -539.062 -125.000 398.438 789.062 70.312 -7.812 851.562 460.938 31.250 1031.250 -375.000 226.562 710.938
-601.562 968.750 -539.062 -125.000 398.438 789.062 70.312 -7.812 851.562 460.938 31.250 1031.250 -375.000 226.562 710.938
-539.062 1085.938 -531.250 -39.062 320.312 531.250 367.188 515.625 1164.062 335.938 -109.375 953.125 -382.812 23.438 742.188
-539.062 1085.938 -531.250 -39.062 320.312 531.250 367.188 515.625 1164.062 335.938 -109.375 953.125 -382.812 23.438 742.188
31.250 750.000 -117.188 492.188 -109.375 1453.125 687.500 523.438 1171.875 93.750 -375.000 789.062 -304.688 -195.312 773.438
-687.500 500.000 -593.750 976.562 234.375 1367.188 15.625 648.438 960.938 945.312 -1078.125 1070.312 -226.562 -195.312 859.375
-687.500 500.000 -593.750 976.562 234.375 1367.188 15.625 648.438 960.938 945.312 -1078.125 1070.312 -226.562 -195.312 859.375
-562.500 796.875 -468.750 484.375 406.250 1054.688 203.125 164.062 468.750 953.125 -484.375 750.000 -101.562 78.125 1156.250
-585.938 1015.625 -460.938 7.812 132.812 773.438 -718.750 273.438 85.938 218.750 -656.250 945.312 23.438 -101.562 1148.438
-453.125 585.938 -343.750 -320.312 101.562 539.062 -875.000 226.562 15.625 -453.125 -195.312 359.375 -109.375 109.375 968.750
-625.000 328.125 -406.250 -23.438 101.562 773.438 -843.750 445.312 664.062 -468.750 -445.312 695.312 -132.812 -171.875 765.625
-625.000 328.125 -406.250 -23.438 101.562 773.438 -843.750 445.312 664.062 -468.750 -445.312 695.312 -132.812 -171.875 765.625
-570.312 632.812 -445.312 484.375 171.875 1164.062 -226.562 554.688 960.938 -195.312 -335.938 546.875 -93.750 -203.125 875.000
-429.688 1046.875 -320.312 93.750 492.188 1062.500 -476.562 562.500 414.062 -312.500 -132.812 648.438 -7.812 -187.500 984.375
-328.125 843.750 -273.438 -226.562 625.000 1062.500 -546.875 585.938 273.438 -132.812 -312.500 773.438 -164.062 62.500 781.250
-312.500 632.812 -250.000 -70.312 781.250 1210.938 -468.750 812.500 328.125 -289.062 -23.438 554.688 -234.375 132.812 640.625
-351.562 210.938 -164.062 -15.625 859.375 757.812 -640.625 929.688 281.250 -500.000 15.625 539.062 -375.000 7.812 460.938
-398.438 421.875 -304.688 15.625 234.375 625.000 -585.938 453.125 437.500 31.250 -343.750 734.375 -257.812 -132.812 546.875
-328.125 671.875 -304.688 281.250 148.438 882.812 -523.438 156.250 609.375 -335.938 -257.812 585.938 -39.062 -101.562 789.062
-203.125 1148.438 -351.562 179.688 0.000 921.875 -531.250 132.812 890.625 164.062 -437.500 828.125 242.188 -171.875 1156.250
-390.625 1210.938 -484.375 -23.438 -187.500 921.875 -359.375 148.438 960.938 242.188 -812.500 796.875 234.375 -296.875 1140.625
-390.625 1210.938 -484.375 -23.438 -187.500 921.875 -359.375 148.438 960.938 242.188 -812.500 796.875 234.375 -296.875 1140.625
-390.625 1210.938 -484.375 -23.438 -187.500 921.875 -359.375 148.438 960.938 242.188 -812.500 796.875 234.375 -296.875 1140.625
-335.938 1015.625 -343.750 -132.812 -93.750 953.125 -476.562 54.688 843.750 234.375 -687.500 898.438 234.375 -195.312 1093.750
-265.625 757.812 -187.500 -343.750 -70.312 867.188 -625.000 46.875 851.562 304.688 -828.125 882.812 351.562 -148.438 1093.750
-343.750 859.375 -304.688 -242.188 -23.438 914.062 -609.375 132.812 851.562 218.750 -664.062 843.750 296.875 -117.188 1046.875
-523.438 820.312 -414.062 -156.250 31.250 1062.500 -593.750 242.188 953.125 226.562 -648.438 835.938 304.688 -148.438 1078.125
-531.250 843.750 -437.500 -101.562 46.875 1156.250 -601.562 257.812 992.188 218.750 -687.500 835.938 289.062 -210.938 1078.125
-390.625 1195.312 -421.875 -117.188 46.875 1109.375 -617.188 250.000 882.812 250.000 -679.688 843.750 257.812 -250.000 1000.000
-429.688 1101.562 -453.125 -140.625 23.438 1093.750 -554.688 218.750 937.500 273.438 -671.875 789.062 242.188 -226.562 960.938
-429.688 1101.562 -453.125 -140.625 23.438 1093.750 -554.688 218.750 937.500 273.438 -671.875 789.062 242.188 -226.562 960.938
-210.938 789.062 -289.062 -203.125 -93.750 859.375 -578.125 140.625 718.750 195.312 -734.375 710.938 273.438 -203.125 960.938
-210.938 789.062 -289.062 -203.125 -93.750 859.375 -578.125 140.625 718.750 195.312 -734.375 710.938 273.438 -203.125 960.938
-242.188 812.500 -289.062 -218.750 -23.438 882.812 -554.688 218.750 734.375 171.875 -515.625 718.750 234.375 -164.062 875.000
-343.750 875.000 -367.188 -242.188 62.500 929.688 -570.312 226.562 734.375 132.812 -539.062 687.500 195.312 -125.000 796.875
-382.812 890.625 -390.625 -257.812 46.875 921.875 -570.312 187.500 750.000 164.062 -546.875 750.000 226.562 -109.375 812.500
-398.438 765.625 -421.875 -210.938 15.625 929.688 -554.688 148.438 789.062 226.562 -570.312 773.438 312.500 -132.812 953.125
-390.625 757.812 -421.875 -203.125 7.812 921.875 -554.688 156.250 781.250 195.312 -554.688 734.375 312.500 -125.000 960.938
-390.625 773.438 -429.688 -156.250 31.250 992.188 -554.688 218.750 804.688 203.125 -562.500 710.938 242.188 -164.062 890.625
-390.625 773.438 -429.688 -156.250 31.250 992.188 -554.688 218.750 804.688 203.125 -562.500 710.938 242.188 -164.062 890.625
-375.000 851.562 -445.312 -187.500 -39.062 890.625 -562.500 109.375 687.500 179.688 -562.500 703.125 226.562 -171.875 859.375
-375.000 851.562 -445.312 -187.500 -39.062 890.625 -562.500 109.375 687.500 179.688 -562.500 703.125 226.562 -171.875 859.375
-312.500 687.500 -367.188 -203.125 -70.312 843.750 -515.625 93.750 757.812 132.812 -570.312 648.438 218.750 -187.500 835.938
-304.688 750.000 -351.562 -93.750 -23.438 1031.250 -492.188 109.375 882.812 210.938 -562.500 695.312 296.875 -203.125 921.875
-351.562 890.625 -406.250 -117.188 -62.500 992.188 -523.438 101.562 859.375 265.625 -625.000 734.375 312.500 -195.312 929.688
-390.625 921.875 -421.875 -117.188 -62.500 1007.812 -539.062 109.375 851.562 234.375 -625.000 710.938 296.875 -242.188 929.688
-375.000 867.188 -429.688 -156.250 -54.688 968.750 -539.062 117.188 828.125 226.562 -632.812 695.312 281.250 -210.938 890.625
-382.812 804.688 -414.062 -187.500 -23.438 960.938 -554.688 140.625 796.875 234.375 -625.000 710.938 335.938 -156.250 890.625
-382.812 804.688 -414.062 -187.500 -23.438 960.938 -554.688 140.625 796.875 234.375 -625.000 710.938 335.938 -156.250 890.625
-367.188 851.562 -421.875 -203.125 -31.250 914.062 -562.500 148.438 781.250 210.938 -554.688 687.500 304.688 -164.062 867.188
-351.562 851.562 -421.875 -195.312 -31.250 929.688 -546.875 132.812 773.438 210.938 -570.312 687.500 281.250 -171.875 851.562
-343.750 851.562 -429.688 -210.938 -31.250 890.625 -539.062 109.375 765.625 226.562 -562.500 687.500 328.125 -148.438 859.375
-367.188 781.250 -460.938 -210.938 -39.062 875.000 -539.062 117.188 773.438 226.562 -554.688 679.688 335.938 -132.812 867.188
-382.812 750.000 -453.125 -195.312 -31.250 882.812 -515.625 140.625 765.625 250.000 -531.250 703.125 343.750 -132.812 875.000
-367.188 710.938 -437.500 -164.062 -23.438 921.875 -515.625 164.062 789.062 257.812 -546.875 710.938 335.938 -125.000 859.375
-312.500 765.625 -398.438 -109.375 -62.500 953.125 -515.625 93.750 796.875 234.375 -539.062 695.312 296.875 -171.875 843.750
-312.500 765.625 -398.438 -109.375 -62.500 953.125 -515.625 93.750 796.875 234.375 -539.062 695.312 296.875 -171.875 843.750
-296.875 851.562 -414.062 78.125 -625.000 1148.438 -406.250 257.812 843.750 234.375 -578.125 656.250 281.250 -218.750 820.312
-281.250 1023.438 -382.812 -101.562 -156.250 976.562 -484.375 179.688 757.812 179.688 -562.500 601.562 257.812 -195.312 757.812
-281.250 1054.688 -367.188 -117.188 23.438 953.125 -429.688 93.750 765.625 273.438 -546.875 617.188 328.125 -171.875 765.625
-328.125 968.750 -343.750 -125.000 -218.750 898.438 -382.812 85.938 804.688 250.000 -546.875 609.375 390.625 -187.500 789.062
-312.500 937.500 -343.750 -93.750 -7.812 898.438 -429.688 -39.062 734.375 312.500 -687.500 601.562 406.250 -179.688 820.312
-273.438 921.875 -289.062 -46.875 -85.938 820.312 -406.250 -171.875 742.188 296.875 -539.062 625.000 382.812 -242.188 820.312
-257.812 945.312 -273.438 -7.812 -156.250 945.312 -218.750 -31.250 898.438 320.312 -523.438 640.625 390.625 -187.500 773.438
-296.875 953.125 -281.250 85.938 -140.625 945.312 -187.500 15.625 906.250 367.188 -578.125 625.000 406.250 -281.250 804.688
