-421.875 804.688 -289.062 203.125 31.250 929.688 93.750 156.250 960.938 359.375 -460.938 765.625 375.000 -132.812 898.438
-468.750 812.500 -320.312 203.125 39.062 953.125 93.750 164.062 968.750 375.000 -468.750 757.812 382.812 -148.438 890.625
-484.375 796.875 -335.938 226.562 62.500 968.750 109.375 171.875 976.562 382.812 -460.938 757.812 398.438 -132.812 882.812
-500.000 765.625 -335.938 242.188 93.750 1015.625 140.625 226.562 1015.625 414.062 -445.312 781.250 429.688 -109.375 882.812
-492.188 773.438 -328.125 242.188 93.750 1023.438 140.625 242.188 1015.625 421.875 -437.500 796.875 437.500 -109.375 875.000
-523.438 796.875 -382.812 179.688 132.812 968.750 109.375 242.188 984.375 414.062 -398.438 804.688 437.500 -70.312 882.812
-531.250 789.062 -398.438 179.688 132.812 968.750 93.750 250.000 968.750 398.438 -406.250 796.875 429.688 -70.312 875.000
-539.062 757.812 -429.688 226.562 132.812 984.375 125.000 210.938 1007.812 468.750 -437.500 843.750 460.938 -132.812 921.875
-523.438 710.938 -398.438 265.625 85.938 1054.688 171.875 210.938 1109.375 515.625 -492.188 929.688 500.000 -46.875 1007.812
-476.562 765.625 -343.750 226.562 54.688 1039.062 125.000 218.750 1070.312 445.312 -460.938 859.375 445.312 -70.312 945.312
-421.875 742.188 -328.125 234.375 46.875 1031.250 148.438 203.125 1062.500 421.875 -460.938 828.125 414.062 -85.938 914.062
-445.312 734.375 -328.125 296.875 15.625 1132.812 164.062 195.312 1085.938 414.062 -500.000 796.875 406.250 -164.062 898.438
-484.375 750.000 -390.625 328.125 -15.625 1171.875 148.438 195.312 1109.375 437.500 -515.625 843.750 406.250 -156.250 953.125
-476.562 703.125 -460.938 460.938 -31.250 1351.562 164.062 179.688 1109.375 414.062 -531.250 820.312 398.438 -140.625 937.500
-531.250 632.812 -523.438 546.875 -31.250 1468.750 171.875 210.938 1125.000 382.812 -539.062 804.688 382.812 -171.875 953.125
-617.188 648.438 -585.938 640.625 -15.625 1531.250 78.125 179.688 1156.250 335.938 -593.750 804.688 343.750 -296.875 992.188
-742.188 640.625 -679.688 523.438 351.562 1054.688 -31.250 343.750 1164.062 273.438 -531.250 906.250 242.188 -203.125 1015.625
-718.750 765.625 -757.812 -39.062 328.125 687.500 156.250 226.562 1093.750 226.562 -382.812 929.688 218.750 -242.188 1031.250
-789.062 804.688 -820.312 -23.438 234.375 523.438 -54.688 304.688 1101.562 242.188 -398.438 937.500 273.438 -234.375 1046.875
-679.688 828.125 -734.375 -671.875 187.500 156.250 164.062 148.438 1062.500 359.375 -445.312 1015.625 492.188 15.625 1148.438
-429.688 945.312 -539.062 -906.250 -117.188 85.938 -218.750 234.375 890.625 250.000 -367.188 945.312 484.375 140.625 1093.750
-273.438 992.188 -265.625 -1117.188 -54.688 187.500 -609.375 343.750 546.875 31.250 -421.875 703.125 359.375 23.438 984.375
-125.000 1007.812 -187.500 -1101.562 54.688 226.562 -750.000 164.062 445.312 -78.125 -492.188 640.625 250.000 -7.812 906.250
-234.375 875.000 -273.438 -1007.812 117.188 351.562 -703.125 -109.375 460.938 -304.688 -562.500 546.875 -234.375 -140.625 710.938
-375.000 890.625 -390.625 -960.938 23.438 335.938 -687.500 -117.188 554.688 -351.562 -781.250 398.438 -281.250 -234.375 695.312
-476.562 765.625 -367.188 -953.125 -54.688 398.438 -562.500 54.688 562.500 -265.625 -648.438 492.188 -273.438 -265.625 726.562
-406.250 781.250 -312.500 -914.062 0.000 367.188 -546.875 -85.938 664.062 -265.625 -632.812 578.125 -218.750 -164.062 750.000
-429.688 648.438 -273.438 -906.250 31.250 335.938 -687.500 164.062 710.938 -281.250 -398.438 640.625 -320.312 -15.625 710.938
-570.312 625.000 -265.625 -890.625 109.375 257.812 -468.750 15.625 726.562 -343.750 -500.000 593.750 -210.938 -117.188 812.500
-476.562 585.938 -242.188 -820.312 54.688 351.562 -468.750 -15.625 757.812 -257.812 -539.062 656.250 -210.938 -187.500 820.312
-593.750 609.375 -273.438 -789.062 23.438 414.062 -421.875 -62.500 773.438 -218.750 -546.875 656.250 -179.688 -187.500 843.750
-437.500 781.250 -242.188 -734.375 93.750 523.438 -398.438 -46.875 812.500 -234.375 -578.125 632.812 -195.312 -242.188 828.125
-359.375 812.500 -187.500 -718.750 140.625 562.500 -445.312 -46.875 765.625 -257.812 -593.750 609.375 -187.500 -234.375 851.562
-359.375 789.062 -210.938 -625.000 164.062 664.062 -429.688 -39.062 789.062 -210.938 -617.188 648.438 -132.812 -203.125 906.250
-375.000 773.438 -234.375 -648.438 140.625 671.875 -406.250 -54.688 828.125 -171.875 -625.000 671.875 -78.125 -171.875 945.312
-351.562 859.375 -242.188 -750.000 125.000 609.375 -398.438 -46.875 867.188 -46.875 -640.625 828.125 187.500 -31.250 1289.062
-359.375 859.375 -210.938 -742.188 203.125 632.812 -375.000 7.812 890.625 -54.688 -578.125 875.000 328.125 257.812 1476.562
-359.375 890.625 -195.312 -742.188 218.750 617.188 -382.812 31.250 914.062 -31.250 -531.250 867.188 210.938 281.250 1296.875
-234.375 703.125 -304.688 -781.250 195.312 593.750 -281.250 -70.312 1070.312 -109.375 -570.312 843.750 148.438 398.438 898.438
-562.500 617.188 -296.875 -789.062 148.438 492.188 -265.625 70.312 968.750 -171.875 -296.875 765.625 -23.438 62.500 835.938
-554.688 773.438 -453.125 -921.875 281.250 398.438 -437.500 179.688 851.562 -85.938 -445.312 828.125 -421.875 -640.625 703.125
-390.625 648.438 -515.625 -1015.625 250.000 406.250 -453.125 218.750 828.125 -132.812 -328.125 828.125 -710.938 -890.625 570.312
-375.000 507.812 -515.625 -1046.875 234.375 414.062 -453.125 195.312 812.500 -195.312 -453.125 757.812 -210.938 85.938 1000.000
-625.000 937.500 -703.125 -914.062 320.312 390.625 -531.250 125.000 648.438 132.812 -500.000 890.625 -281.250 -359.375 929.688
-570.312 859.375 -726.562 -656.250 164.062 546.875 -375.000 -156.250 757.812 93.750 -218.750 960.938 -390.625 -109.375 718.750
-640.625 726.562 -765.625 -257.812 -125.000 773.438 -492.188 375.000 789.062 125.000 -250.000 914.062 -492.188 -320.312 820.312
-562.500 460.938 -750.000 -531.250 375.000 570.312 343.750 23.438 1125.000 85.938 -476.562 1007.812 -421.875 -218.750 664.062
-593.750 398.438 -757.812 -15.625 -148.438 875.000 -132.812 -23.438 976.562 -117.188 -343.750 976.562 -656.250 -593.750 875.000
-601.562 445.312 -687.500 -156.250 187.500 875.000 265.625 -39.062 1031.250 31.250 -375.000 953.125 -500.000 -281.250 851.562
-445.312 609.375 -570.312 -328.125 484.375 679.688 515.625 476.562 1265.625 -54.688 -304.688 914.062 -578.125 -328.125 687.500
-500.000 554.688 -585.938 -109.375 421.875 1039.062 -31.250 539.062 968.750 -203.125 -179.688 843.750 -671.875 -273.438 500.000
-531.250 531.250 -648.438 -117.188 445.312 1062.500 -171.875 554.688 882.812 -54.688 -70.312 828.125 -671.875 -281.250 484.375
-554.688 507.812 -695.312 -70.312 460.938 1101.562 -70.312 531.250 953.125 -125.000 -132.812 843.750 -687.500 -250.000 421.875
-539.062 500.000 -679.688 15.625 398.438 1132.812 187.500 601.562 1117.188 -31.250 -156.250 882.812 -609.375 -195.312 523.438
-546.875 554.688 -718.750 101.562 210.938 1132.812 257.812 421.875 1109.375 78.125 -218.750 828.125 -546.875 -265.625 718.750
-640.625 546.875 -796.875 117.188 218.750 1093.750 320.312 453.125 1281.250 125.000 -343.750 859.375 -546.875 -320.312 695.312
-750.000 375.000 -953.125 273.438 -54.688 1257.812 304.688 281.250 1382.812 85.938 -328.125 890.625 -570.312 -390.625 632.812
-828.125 320.312 -968.750 109.375 156.250 1289.062 62.500 429.688 968.750 -7.812 -226.562 679.688 -617.188 -453.125 539.062
-750.000 601.562 -1078.125 -335.938 468.750 726.562 -726.562 242.188 414.062 -273.438 -7.812 515.625 -601.562 -351.562 406.250
-750.000 718.750 -1078.125 -468.750 273.438 640.625 -710.938 296.875 468.750 -226.562 -304.688 570.312 -531.250 -265.625 429.688
-500.000 867.188 -789.062 -460.938 125.000 531.250 -500.000 164.062 554.688 367.188 -375.000 820.312 -359.375 -23.438 687.500
-335.938 929.688 -343.750 -398.438 -156.250 710.938 -39.062 125.000 1117.188 929.688 -585.938 906.250 -15.625 125.000 1125.000
-390.625 867.188 -351.562 -195.312 15.625 820.312 -31.250 -15.625 1023.438 992.188 -695.312 867.188 132.812 0.000 1218.750
-515.625 804.688 -367.188 -187.500 31.250 859.375 0.000 62.500 1109.375 843.750 -703.125 851.562 195.312 -7.812 1218.750
-585.938 992.188 -320.312 -117.188 414.062 851.562 7.812 289.062 1070.312 523.438 -640.625 804.688 132.812 -117.188 1117.188
-226.562 1031.250 -117.188 -351.562 1062.500 679.688 -156.250 273.438 929.688 296.875 -359.375 812.500 46.875 15.625 742.188
-476.562 570.312 -132.812 -382.812 742.188 984.375 -453.125 429.688 835.938 242.188 -367.188 976.562 -117.188 -218.750 578.125
-507.812 460.938 -148.438 -343.750 578.125 890.625 -476.562 429.688 867.188 265.625 -429.688 1085.938 -46.875 -226.562 578.125
-531.250 335.938 -93.750 -328.125 421.875 921.875 -242.188 515.625 1078.125 -54.688 1625.000 -609.375 70.312 3328.125 1734.375
-585.938 710.938 -156.250 -234.375 414.062 812.500 -351.562 179.688 812.500 343.750 -546.875 921.875 453.125 15.625 1531.250
-578.125 578.125 -132.812 -242.188 250.000 773.438 -273.438 179.688 906.250 335.938 -562.500 789.062 304.688 -93.750 1125.000
-578.125 492.188 -117.188 -250.000 304.688 789.062 -250.000 242.188 914.062 250.000 -570.312 726.562 164.062 -195.312 1023.438
-546.875 554.688 -101.562 -171.875 414.062 890.625 -304.688 273.438 867.188 203.125 -468.750 750.000 85.938 -15.625 875.000
-632.812 546.875 -156.250 -187.500 468.750 828.125 -289.062 281.250 851.562 242.188 -507.812 757.812 171.875 -62.500 945.312
-640.625 593.750 -171.875 -171.875 445.312 812.500 -234.375 273.438 882.812 359.375 -484.375 804.688 257.812 -7.812 945.312
-632.812 585.938 -179.688 -125.000 484.375 875.000 -218.750 281.250 898.438 382.812 -500.000 812.500 281.250 -15.625 960.938
-609.375 585.938 -179.688 -70.312 507.812 929.688 -164.062 304.688 960.938 421.875 -539.062 789.062 296.875 -117.188 984.375
-531.250 656.250 -164.062 23.438 453.125 953.125 -117.188 289.062 1023.438 414.062 -617.188 828.125 257.812 -70.312 945.312
-445.312 578.125 -117.188 15.625 445.312 984.375 -54.688 312.500 1070.312 273.438 -546.875 882.812 242.188 -109.375 953.125
-562.500 546.875 -179.688 -140.625 367.188 1000.000 -93.750 296.875 1109.375 289.062 -554.688 906.250 156.250 -140.625 953.125
-593.750 562.500 -195.312 -187.500 359.375 937.500 -179.688 304.688 1070.312 406.250 -617.188 984.375 140.625 -414.062 945.312
-523.438 453.125 -164.062 -15.625 218.750 1093.750 -15.625 250.000 1328.125 468.750 -921.875 1281.250 46.875 -656.250 937.500
-554.688 296.875 -234.375 -23.438 414.062 1187.500 -140.625 328.125 1375.000 1054.688 -1414.062 2156.250 -195.312 -1023.438 773.438
-656.250 359.375 -218.750 -93.750 460.938 1234.375 7.812 554.688 1351.562 1031.250 -1679.688 1804.688 -296.875 -23.438 1203.125
-726.562 351.562 -312.500 -15.625 843.750 1414.062 -140.625 1031.250 953.125 -62.500 -1093.750 554.688 750.000 -750.000 1796.875
-843.750 554.688 -671.875 218.750 687.500 578.125 -359.375 640.625 429.688 -226.562 -46.875 765.625 31.250 -164.062 1078.125
-851.562 1273.438 -929.688 -1125.000 140.625 -421.875 -804.688 492.188 -304.688 148.438 -218.750 601.562 281.250 -351.562 812.500
-898.438 1640.625 -1117.188 -1632.812 -289.062 -453.125 -1093.750 -7.812 -210.938 7.812 -328.125 460.938 343.750 -476.562 703.125
-1031.250 1000.000 -1234.375 -1187.500 -351.562 226.562 -640.625 -812.500 453.125 -601.562 -414.062 179.688 31.250 -1078.125 796.875
-750.000 562.500 -812.500 -757.812 -140.625 617.188 -429.688 -335.938 765.625 -539.062 -890.625 281.250 -421.875 -156.250 570.312
-468.750 742.188 -414.062 -781.250 109.375 601.562 -671.875 203.125 703.125 -273.438 -679.688 671.875 -140.625 -156.250 921.875
-445.312 585.938 -335.938 -789.062 281.250 578.125 -601.562 234.375 710.938 -304.688 -523.438 796.875 -140.625 -125.000 992.188
-578.125 625.000 -304.688 -460.938 351.562 976.562 -390.625 437.500 898.438 -320.312 -414.062 796.875 -187.500 -15.625 890.625
-93.750 757.812 93.750 -539.062 921.875 804.688 -328.125 937.500 960.938 -382.812 -296.875 835.938 -265.625 54.688 828.125
-859.375 757.812 -460.938 -726.562 257.812 609.375 -679.688 148.438 656.250 -500.000 -390.625 695.312 -312.500 140.625 750.000
-648.438 640.625 -398.438 -703.125 156.250 617.188 -593.750 296.875 656.250 -476.562 -476.562 640.625 -265.625 7.812 835.938
-445.312 734.375 -296.875 -625.000 93.750 546.875 -617.188 218.750 718.750 -390.625 -515.625 695.312 -265.625 -78.125 867.188
-453.125 593.750 -265.625 -523.438 132.812 804.688 -640.625 54.688 671.875 -421.875 -539.062 671.875 -312.500 -62.500 867.188
-484.375 648.438 -375.000 -585.938 85.938 664.062 -515.625 125.000 750.000 -382.812 -539.062 625.000 -257.812 -148.438 859.375
-546.875 625.000 -406.250 -726.562 93.750 593.750 -445.312 117.188 781.250 -351.562 -593.750 656.250 -234.375 -179.688 906.250
-593.750 578.125 -429.688 -656.250 23.438 703.125 -375.000 85.938 898.438 -156.250 -656.250 828.125 0.000 -54.688 1101.562
-578.125 734.375 -437.500 -617.188 171.875 726.562 -390.625 125.000 859.375 -179.688 -601.562 835.938 -23.438 -46.875 1070.312
-398.438 460.938 296.875 -796.875 296.875 750.000 23.438 601.562 1015.625 -70.312 -500.000 890.625 -70.312 -117.188 976.562
-156.250 554.688 -601.562 -656.250 195.312 523.438 -335.938 -39.062 976.562 -187.500 -453.125 1015.625 164.062 78.125 1062.500
-359.375 671.875 -320.312 -734.375 273.438 664.062 -601.562 195.312 812.500 -359.375 -531.250 781.250 -203.125 -62.500 906.250
-468.750 632.812 -468.750 -750.000 70.312 640.625 -429.688 140.625 914.062 -351.562 -585.938 781.250 -203.125 -132.812 937.500
-710.938 539.062 -726.562 -875.000 273.438 445.312 -453.125 125.000 1054.688 -242.188 -679.688 796.875 -62.500 -85.938 992.188
-835.938 578.125 -898.438 -445.312 -578.125 609.375 -804.688 312.500 773.438 -250.000 -429.688 765.625 -101.562 -328.125 953.125
-640.625 703.125 -828.125 -781.250 -265.625 585.938 -515.625 140.625 632.812 -398.438 -640.625 500.000 -132.812 -359.375 859.375
-625.000 718.750 -796.875 -703.125 -242.188 460.938 -625.000 39.062 554.688 -445.312 -445.312 484.375 -125.000 -429.688 835.938
-718.750 460.938 -843.750 -1351.562 609.375 -281.250 257.812 132.812 593.750 -515.625 -796.875 296.875 -164.062 -671.875 867.188
-679.688 546.875 -585.938 273.438 -132.812 851.562 -187.500 226.562 859.375 -171.875 -562.500 609.375 -85.938 -359.375 843.750
-468.750 1031.250 -445.312 70.312 -125.000 625.000 -62.500 257.812 953.125 -23.438 -382.812 843.750 70.312 -125.000 914.062
-289.062 789.062 54.688 812.500 140.625 1132.812 -679.688 710.938 937.500 15.625 -281.250 937.500 7.812 -7.812 929.688
-820.312 773.438 -406.250 726.562 210.938 867.188 -593.750 546.875 1046.875 62.500 -578.125 976.562 31.250 15.625 976.562
-187.500 523.438 -492.188 -125.000 460.938 1023.438 -93.750 539.062 960.938 -242.188 -257.812 890.625 -234.375 140.625 804.688
-843.750 531.250 -468.750 -85.938 382.812 882.812 -257.812 429.688 828.125 -23.438 -406.250 906.250 31.250 -85.938 984.375
-609.375 460.938 -421.875 -62.500 437.500 898.438 -132.812 429.688 828.125 23.438 -406.250 820.312 148.438 -23.438 1000.000
-718.750 304.688 -570.312 78.125 507.812 1000.000 -85.938 523.438 859.375 -54.688 -320.312 820.312 39.062 15.625 968.750
-546.875 445.312 -460.938 -101.562 218.750 757.812 -250.000 367.188 781.250 -46.875 -343.750 867.188 -31.250 39.062 867.188
-531.250 664.062 -437.500 -23.438 242.188 851.562 -70.312 445.312 796.875 -15.625 -320.312 789.062 109.375 54.688 914.062
-585.938 382.812 -484.375 140.625 312.500 906.250 101.562 390.625 898.438 109.375 -421.875 820.312 85.938 -23.438 960.938
-781.250 390.625 -601.562 515.625 351.562 1085.938 414.062 351.562 1156.250 429.688 -640.625 1039.062 187.500 -210.938 1093.750
-523.438 843.750 -484.375 382.812 265.625 1062.500 187.500 429.688 1078.125 187.500 -468.750 945.312 171.875 70.312 1031.250
-593.750 625.000 -476.562 156.250 335.938 976.562 39.062 421.875 976.562 148.438 -414.062 906.250 164.062 -7.812 1000.000
-625.000 507.812 -484.375 93.750 335.938 968.750 15.625 437.500 960.938 203.125 -406.250 914.062 242.188 23.438 976.562
-640.625 500.000 -468.750 140.625 320.312 1007.812 39.062 421.875 984.375 203.125 -445.312 929.688 265.625 46.875 1031.250
-570.312 242.188 -328.125 226.562 710.938 1304.688 109.375 742.188 1078.125 132.812 -312.500 890.625 140.625 23.438 914.062
-710.938 742.188 -414.062 265.625 -1812.500 2609.375 421.875 -2125.000 -945.312 -39.062 -7.812 953.125 78.125 -62.500 820.312
-617.188 734.375 -468.750 -117.188 1101.562 601.562 62.500 742.188 835.938 125.000 -257.812 796.875 93.750 -140.625 867.188
-539.062 882.812 -382.812 -289.062 -23.438 546.875 -203.125 -31.250 750.000 265.625 -539.062 882.812 265.625 7.812 1023.438
-460.938 953.125 -304.688 -179.688 23.438 710.938 -39.062 125.000 820.312 156.250 -468.750 750.000 218.750 -179.688 968.750
-507.812 1054.688 -375.000 -70.312 23.438 750.000 -23.438 125.000 851.562 195.312 -476.562 757.812 203.125 -109.375 867.188
-554.688 1101.562 -398.438 -46.875 85.938 765.625 -7.812 171.875 812.500 187.500 -468.750 750.000 242.188 -93.750 906.250
-578.125 875.000 -468.750 31.250 398.438 890.625 7.812 296.875 835.938 187.500 -398.438 773.438 250.000 -85.938 914.062
-625.000 718.750 -609.375 54.688 203.125 835.938 15.625 226.562 835.938 156.250 -437.500 734.375 226.562 -148.438 906.250
-820.312 765.625 -914.062 -23.438 148.438 687.500 -140.625 78.125 679.688 46.875 -492.188 656.250 179.688 -101.562 835.938
-1000.000 796.875 -1023.438 39.062 -140.625 703.125 -125.000 289.062 687.500 0.000 -398.438 562.500 140.625 -203.125 835.938
-796.875 515.625 -812.500 398.438 281.250 984.375 203.125 476.562 781.250 195.312 -445.312 617.188 117.188 -234.375 718.750
-648.438 304.688 -671.875 398.438 218.750 1093.750 382.812 406.250 1093.750 429.688 -296.875 921.875 273.438 -46.875 867.188
-757.812 234.375 -570.312 382.812 265.625 1093.750 437.500 343.750 1156.250 523.438 -562.500 1085.938 429.688 312.500 984.375
-796.875 257.812 -570.312 328.125 234.375 1078.125 335.938 335.938 1148.438 570.312 -367.188 1101.562 523.438 195.312 1109.375
-695.312 265.625 -375.000 367.188 406.250 1117.188 351.562 445.312 976.562 460.938 -289.062 898.438 406.250 31.250 929.688
-109.375 -210.938 195.312 539.062 546.875 953.125 437.500 593.750 960.938 492.188 -171.875 882.812 375.000 39.062 835.938
-960.938 109.375 -296.875 281.250 132.812 773.438 250.000 265.625 843.750 414.062 -460.938 804.688 406.250 -62.500 1007.812
-757.812 187.500 -273.438 226.562 203.125 859.375 320.312 328.125 914.062 445.312 -296.875 843.750 375.000 23.438 906.250
-796.875 242.188 -281.250 406.250 171.875 867.188 375.000 289.062 906.250 445.312 -343.750 828.125 382.812 -15.625 929.688
-664.062 242.188 -226.562 515.625 70.312 859.375 445.312 226.562 945.312 460.938 -398.438 812.500 359.375 -78.125 945.312
-703.125 367.188 -265.625 500.000 39.062 882.812 421.875 195.312 953.125 484.375 -437.500 781.250 398.438 -132.812 937.500
-703.125 289.062 -273.438 523.438 109.375 875.000 500.000 218.750 976.562 546.875 -421.875 820.312 429.688 -93.750 984.375
-664.062 289.062 -234.375 523.438 46.875 875.000 468.750 148.438 984.375 507.812 -492.188 820.312 429.688 -132.812 1000.000
-804.688 414.062 -273.438 500.000 148.438 937.500 492.188 296.875 984.375 437.500 -414.062 804.688 359.375 -93.750 906.250
-953.125 398.438 -351.562 562.500 140.625 984.375 390.625 468.750 929.688 429.688 -445.312 656.250 406.250 -156.250 875.000
-835.938 687.500 -328.125 164.062 -46.875 812.500 171.875 164.062 929.688 375.000 -515.625 687.500 429.688 39.062 921.875
-781.250 914.062 -85.938 -242.188 -796.875 718.750 179.688 -39.062 1265.625 437.500 -265.625 1093.750 273.438 171.875 789.062
-625.000 531.250 -179.688 -281.250 304.688 921.875 -117.188 320.312 796.875 218.750 -328.125 765.625 257.812 -54.688 843.750
-867.188 226.562 -265.625 117.188 109.375 1085.938 -210.938 390.625 820.312 78.125 -523.438 726.562 257.812 242.188 937.500
-843.750 492.188 -296.875 -585.938 429.688 906.250 -437.500 320.312 648.438 31.250 -179.688 835.938 70.312 7.812 820.312
-835.938 398.438 -273.438 -484.375 296.875 1054.688 -289.062 367.188 828.125 -23.438 -265.625 835.938 101.562 156.250 796.875
-789.062 39.062 -304.688 -15.625 617.188 1320.312 -7.812 476.562 984.375 156.250 -398.438 921.875 101.562 132.812 945.312
-820.312 132.812 -296.875 109.375 210.938 679.688 7.812 -62.500 859.375 312.500 -453.125 781.250 226.562 -78.125 890.625
-843.750 585.938 -250.000 -125.000 -117.188 601.562 -148.438 132.812 812.500 429.688 -445.312 734.375 367.188 -273.438 875.000
-750.000 617.188 -250.000 -85.938 -335.938 750.000 -31.250 273.438 1070.312 468.750 -367.188 765.625 421.875 -210.938 921.875
-750.000 437.500 -296.875 -710.938 -804.688 -117.188 117.188 546.875 1296.875 609.375 -523.438 960.938 359.375 140.625 976.562
-703.125 320.312 -195.312 23.438 148.438 1164.062 -281.250 625.000 890.625 437.500 -750.000 875.000 554.688 -54.688 1148.438
-601.562 640.625 -156.250 210.938 867.188 992.188 -101.562 734.375 984.375 312.500 -460.938 835.938 250.000 -54.688 859.375
-625.000 640.625 -187.500 -203.125 195.312 1039.062 -257.812 734.375 898.438 187.500 -335.938 937.500 125.000 93.750 835.938
-726.562 703.125 -203.125 -195.312 476.562 992.188 -328.125 500.000 617.188 156.250 -328.125 890.625 203.125 31.250 906.250
-710.938 625.000 -343.750 -156.250 -39.062 1242.188 -671.875 429.688 195.312 109.375 -273.438 828.125 312.500 -54.688 890.625
-765.625 554.688 -468.750 -375.000 62.500 664.062 -585.938 195.312 523.438 -62.500 -539.062 578.125 218.750 -109.375 843.750
-734.375 523.438 -468.750 -85.938 -7.812 703.125 -585.938 140.625 632.812 -15.625 -601.562 648.438 218.750 -218.750 906.250
-632.812 328.125 -484.375 -304.688 -132.812 1007.812 -164.062 226.562 1085.938 226.562 -617.188 867.188 304.688 -226.562 1023.438
-679.688 453.125 -468.750 304.688 -1242.188 1734.375 -78.125 -664.062 1148.438 570.312 -1125.000 921.875 453.125 -234.375 1085.938
-687.500 679.688 -507.812 -273.438 -210.938 804.688 -382.812 210.938 929.688 242.188 -726.562 804.688 445.312 -109.375 1101.562
-656.250 695.312 -562.500 -101.562 15.625 789.062 -671.875 -468.750 601.562 0.000 -789.062 640.625 390.625 -132.812 1070.312
-593.750 695.312 -640.625 -312.500 -101.562 804.688 -750.000 23.438 437.500 -281.250 -648.438 398.438 234.375 -406.250 906.250
-437.500 945.312 -500.000 -164.062 -70.312 960.938 -640.625 210.938 601.562 -289.062 -554.688 468.750 -226.562 -351.562 640.625
-203.125 1109.375 -414.062 -78.125 0.000 1132.812 -484.375 312.500 875.000 -273.438 -679.688 484.375 -164.062 -406.250 718.750
-257.812 1187.500 -390.625 -125.000 -23.438 1085.938 -515.625 281.250 835.938 -234.375 -679.688 539.062 -101.562 -429.688 781.250
-515.625 898.438 -359.375 -359.375 0.000 882.812 -687.500 187.500 687.500 -39.062 -640.625 734.375 132.812 -187.500 898.438
-546.875 609.375 -390.625 -421.875 23.438 843.750 -718.750 156.250 664.062 -23.438 -648.438 773.438 171.875 -179.688 953.125
-617.188 367.188 -476.562 -453.125 0.000 843.750 -695.312 179.688 687.500 0.000 -671.875 812.500 265.625 -125.000 1062.500
-625.000 359.375 -500.000 -460.938 15.625 843.750 -710.938 203.125 703.125 7.812 -648.438 859.375 289.062 -62.500 1085.938
-648.438 429.688 -515.625 -570.312 78.125 773.438 -765.625 242.188 593.750 -15.625 -562.500 898.438 289.062 15.625 1062.500
-640.625 476.562 -664.062 -578.125 70.312 718.750 -828.125 265.625 453.125 -195.312 -500.000 734.375 93.750 -62.500 914.062
-585.938 695.312 -609.375 -539.062 93.750 679.688 -726.562 242.188 531.250 -218.750 -492.188 718.750 -39.062 -101.562 867.188
-539.062 828.125 -593.750 -656.250 -851.562 -179.688 -867.188 -1351.562 1070.312 210.938 -796.875 1085.938 -78.125 125.000 914.062
-375.000 750.000 -593.750 -421.875 -39.062 789.062 -625.000 351.562 656.250 -109.375 -671.875 750.000 328.125 -242.188 1210.938
-171.875 757.812 -328.125 562.500 281.250 1570.312 -562.500 421.875 765.625 -7.812 -500.000 757.812 -46.875 -242.188 867.188
-335.938 1039.062 -500.000 -15.625 437.500 1328.125 -437.500 953.125 843.750 -210.938 -296.875 710.938 -148.438 -226.562 734.375
-421.875 1023.438 -687.500 -93.750 437.500 1257.812 -484.375 906.250 820.312 -257.812 -281.250 726.562 -187.500 -85.938 687.500
-585.938 664.062 -695.312 -132.812 945.312 1375.000 -554.688 984.375 820.312 -85.938 -460.938 851.562 218.750 -140.625 1031.250
-523.438 523.438 -468.750 492.188 1656.250 2312.500 -468.750 1578.125 898.438 -62.500 -460.938 890.625 234.375 -109.375 1054.688
-398.438 296.875 -281.250 2156.250 1632.812 1796.875 -796.875 687.500 742.188 -351.562 0.000 1023.438 78.125 85.938 968.750
-554.688 335.938 -421.875 1828.125 -195.312 1523.438 -1375.000 -367.188 -46.875 23.438 -398.438 914.062 0.000 132.812 882.812
-656.250 1796.875 -1390.625 -3992.188 -2539.062 -3273.438 125.000 -2593.750 335.938 218.750 -1648.438 664.062 671.875 -1281.250 1523.438
-656.250 1367.188 -781.250 -625.000 -1585.938 -140.625 -640.625 -578.125 960.938 85.938 -1179.688 890.625 343.750 -1234.375 1601.562
-335.938 -1601.562 -195.312 179.688 -554.688 1656.250 -304.688 23.438 1148.438 -7.812 -820.312 687.500 273.438 453.125 960.938
-789.062 1851.562 -992.188 -335.938 -171.875 570.312 -570.312 -234.375 500.000 234.375 -1085.938 601.562 312.500 -718.750 1109.375
-570.312 648.438 -734.375 -93.750 -453.125 796.875 23.438 -125.000 898.438 0.000 -578.125 523.438 62.500 -31.250 687.500
-695.312 867.188 -859.375 -281.250 -476.562 585.938 289.062 -54.688 859.375 39.062 -664.062 578.125 46.875 -234.375 765.625
-960.938 718.750 -968.750 -492.188 -117.188 242.188 70.312 273.438 750.000 0.000 -250.000 695.312 132.812 -328.125 828.125
-992.188 398.438 -906.250 -375.000 -296.875 351.562 -312.500 187.500 742.188 7.812 -250.000 726.562 148.438 -46.875 789.062
-1164.062 976.562 -1195.312 -1117.188 -70.312 -46.875 -1273.438 -31.250 210.938 -664.062 -601.562 1101.562 -843.750 1382.812 554.688
-1695.312 273.438 -203.125 -164.062 1609.375 1101.562 -414.062 1492.188 679.688 -671.875 93.750 906.250 -625.000 664.062 804.688
-726.562 62.500 -593.750 -351.562 695.312 1093.750 -234.375 953.125 890.625 -281.250 0.000 953.125 -312.500 273.438 695.312
-1164.062 250.000 -515.625 -406.250 562.500 718.750 -257.812 476.562 757.812 -7.812 -156.250 1007.812 -273.438 414.062 625.000
-476.562 398.438 -484.375 -23.438 367.188 882.812 85.938 500.000 828.125 203.125 -289.062 796.875 273.438 -7.812 929.688
-648.438 289.062 -484.375 39.062 117.188 851.562 148.438 218.750 1007.812 234.375 -507.812 906.250 218.750 0.000 929.688
-664.062 93.750 -460.938 101.562 85.938 929.688 117.188 171.875 1070.312 257.812 -585.938 1000.000 218.750 -23.438 1132.812
-585.938 343.750 -390.625 0.000 132.812 914.062 0.000 226.562 1000.000 218.750 -515.625 945.312 226.562 15.625 1117.188
-695.312 453.125 -414.062 -31.250 250.000 953.125 0.000 343.750 945.312 148.438 -421.875 851.562 148.438 -39.062 937.500
-734.375 507.812 -429.688 -31.250 304.688 960.938 15.625 359.375 953.125 179.688 -421.875 867.188 187.500 -15.625 968.750
-726.562 585.938 -414.062 -46.875 289.062 960.938 0.000 359.375 945.312 195.312 -406.250 859.375 210.938 -31.250 945.312
-734.375 625.000 -398.438 -46.875 289.062 960.938 7.812 335.938 929.688 195.312 -437.500 820.312 210.938 -78.125 921.875
-703.125 609.375 -375.000 23.438 218.750 968.750 46.875 257.812 960.938 210.938 -507.812 820.312 218.750 -117.188 953.125
-679.688 648.438 -382.812 39.062 187.500 976.562 46.875 250.000 984.375 218.750 -531.250 812.500 218.750 -132.812 960.938
-687.500 570.312 -382.812 46.875 164.062 984.375 85.938 218.750 992.188 257.812 -546.875 820.312 250.000 -140.625 992.188
-679.688 609.375 -390.625 101.562 171.875 984.375 125.000 234.375 1000.000 296.875 -539.062 820.312 312.500 -140.625 992.188
-703.125 578.125 -429.688 148.438 203.125 1000.000 195.312 234.375 1039.062 367.188 -546.875 859.375 335.938 -132.812 1023.438
-703.125 625.000 -437.500 164.062 218.750 1000.000 203.125 250.000 1039.062 351.562 -531.250 867.188 343.750 -93.750 1015.625
-718.750 601.562 -437.500 109.375 257.812 992.188 140.625 289.062 1000.000 312.500 -492.188 859.375 296.875 -85.938 1000.000
-703.125 593.750 -406.250 -93.750 304.688 953.125 -54.688 375.000 929.688 93.750 -390.625 859.375 117.188 0.000 914.062
-703.125 539.062 -390.625 -140.625 296.875 914.062 -93.750 390.625 875.000 93.750 -359.375 851.562 140.625 23.438 906.250
-718.750 507.812 -398.438 -140.625 312.500 914.062 -85.938 390.625 882.812 132.812 -359.375 851.562 171.875 23.438 914.062
-671.875 539.062 -390.625 -101.562 281.250 914.062 -70.312 367.188 898.438 117.188 -375.000 851.562 171.875 46.875 921.875
-734.375 531.250 -429.688 -7.812 328.125 929.688 62.500 390.625 921.875 210.938 -359.375 859.375 242.188 15.625 914.062
-757.812 593.750 -460.938 39.062 257.812 906.250 62.500 359.375 914.062 257.812 -460.938 851.562 257.812 -15.625 937.500
-695.312 640.625 -390.625 62.500 398.438 945.312 125.000 203.125 890.625 210.938 -445.312 835.938 218.750 -23.438 945.312
-562.500 601.562 -382.812 46.875 148.438 906.250 85.938 242.188 953.125 250.000 -500.000 828.125 218.750 -54.688 968.750
-679.688 554.688 -375.000 31.250 273.438 929.688 117.188 367.188 953.125 265.625 -382.812 859.375 242.188 7.812 921.875
-656.250 539.062 -390.625 15.625 320.312 976.562 85.938 414.062 968.750 226.562 -367.188 875.000 195.312 46.875 906.250
-632.812 585.938 -343.750 31.250 328.125 984.375 46.875 390.625 960.938 179.688 -367.188 882.812 140.625 78.125 906.250
-656.250 492.188 -304.688 -398.438 -125.000 1148.438 -62.500 -273.438 890.625 312.500 -265.625 953.125 195.312 39.062 906.250
-679.688 265.625 -328.125 -289.062 484.375 890.625 70.312 304.688 804.688 242.188 -179.688 906.250 250.000 23.438 929.688
-218.750 617.188 -93.750 -46.875 406.250 945.312 -109.375 390.625 835.938 46.875 -117.188 875.000 187.500 148.438 867.188
-562.500 531.250 -265.625 -46.875 359.375 890.625 -195.312 468.750 742.188 15.625 -164.062 851.562 15.625 125.000 812.500
-539.062 601.562 -367.188 -101.562 320.312 898.438 -109.375 414.062 859.375 -7.812 -328.125 757.812 54.688 -164.062 867.188
