-382.812 906.250 289.062 15.625 -335.938 1054.688 140.625 -7.812 1093.750 343.750 -632.812 671.875 445.312 -351.562 859.375
-406.250 828.125 226.562 23.438 -359.375 1039.062 140.625 -31.250 1109.375 421.875 -648.438 726.562 484.375 -351.562 906.250
-406.250 796.875 218.750 31.250 -367.188 1039.062 132.812 -54.688 1093.750 437.500 -671.875 710.938 460.938 -359.375 898.438
-382.812 804.688 210.938 7.812 -406.250 1007.812 117.188 -78.125 1054.688 351.562 -664.062 679.688 421.875 -390.625 859.375
-343.750 867.188 234.375 -39.062 -406.250 921.875 62.500 -93.750 992.188 390.625 -679.688 703.125 406.250 -375.000 835.938
-242.188 945.312 328.125 -85.938 -367.188 867.188 23.438 -93.750 929.688 343.750 -648.438 656.250 382.812 -351.562 789.062
-210.938 945.312 351.562 -78.125 -351.562 835.938 46.875 -117.188 898.438 320.312 -609.375 593.750 375.000 -343.750 773.438
-187.500 960.938 398.438 -78.125 -359.375 843.750 31.250 -101.562 914.062 304.688 -632.812 609.375 375.000 -343.750 757.812
-210.938 921.875 367.188 -70.312 -375.000 851.562 54.688 -117.188 937.500 375.000 -632.812 609.375 406.250 -367.188 765.625
-257.812 882.812 320.312 -54.688 -398.438 867.188 85.938 -125.000 984.375 343.750 -625.000 585.938 460.938 -367.188 804.688
-281.250 835.938 296.875 -46.875 -406.250 875.000 54.688 -140.625 992.188 367.188 -687.500 648.438 484.375 -367.188 820.312
-304.688 812.500 273.438 -15.625 -421.875 906.250 132.812 -140.625 1046.875 437.500 -703.125 671.875 492.188 -375.000 859.375
-273.438 820.312 312.500 39.062 -445.312 984.375 140.625 -148.438 1062.500 398.438 -710.938 656.250 460.938 -398.438 851.562
-250.000 906.250 335.938 7.812 -437.500 945.312 101.562 -171.875 1023.438 429.688 -703.125 656.250 429.688 -406.250 828.125
-242.188 945.312 359.375 -23.438 -421.875 921.875 140.625 -179.688 1000.000 414.062 -703.125 609.375 414.062 -421.875 812.500
-226.562 968.750 351.562 -62.500 -421.875 882.812 54.688 -203.125 945.312 382.812 -703.125 632.812 390.625 -437.500 789.062
-148.438 976.562 421.875 15.625 -484.375 875.000 101.562 -179.688 968.750 367.188 -703.125 570.312 390.625 -421.875 765.625
-140.625 992.188 437.500 148.438 -460.938 1062.500 210.938 -101.562 1117.188 335.938 -703.125 546.875 414.062 -390.625 781.250
-156.250 960.938 460.938 148.438 -429.688 1093.750 101.562 -109.375 1187.500 359.375 -742.188 804.688 421.875 -406.250 796.875
-265.625 882.812 367.188 125.000 -507.812 1101.562 289.062 -203.125 1359.375 593.750 -757.812 851.562 546.875 -398.438 1039.062
-257.812 859.375 367.188 109.375 -539.062 1101.562 273.438 -234.375 1328.125 601.562 -890.625 882.812 617.188 -445.312 1140.625
-265.625 843.750 367.188 70.312 -578.125 1015.625 281.250 -218.750 1296.875 640.625 -859.375 945.312 617.188 -414.062 1171.875
-218.750 851.562 398.438 70.312 -546.875 984.375 289.062 -257.812 1226.562 640.625 -898.438 742.188 609.375 -445.312 1132.812
46.875 820.312 578.125 187.500 -609.375 1085.938 164.062 -265.625 1109.375 398.438 -898.438 679.688 343.750 -578.125 937.500
101.562 828.125 609.375 335.938 -515.625 1210.938 156.250 -234.375 1078.125 304.688 -898.438 562.500 296.875 -640.625 906.250
-23.438 851.562 445.312 359.375 -492.188 1304.688 328.125 -46.875 1281.250 242.188 -906.250 531.250 328.125 -679.688 914.062
-70.312 906.250 468.750 375.000 -476.562 1195.312 164.062 -31.250 1171.875 273.438 -726.562 625.000 312.500 -585.938 875.000
-507.812 906.250 -15.625 -500.000 -203.125 265.625 -609.375 -187.500 171.875 289.062 -601.562 585.938 203.125 -187.500 601.562
-625.000 843.750 -218.750 -726.562 -62.500 148.438 -828.125 -226.562 62.500 -218.750 -531.250 359.375 164.062 -179.688 640.625
-734.375 773.438 -414.062 -976.562 -132.812 15.625 -796.875 -156.250 187.500 -15.625 -437.500 507.812 164.062 -429.688 867.188
-453.125 828.125 -179.688 -625.000 -250.000 429.688 -921.875 -234.375 85.938 -250.000 -656.250 304.688 23.438 -500.000 828.125
-437.500 796.875 -125.000 -726.562 -429.688 578.125 -609.375 7.812 695.312 -304.688 -601.562 343.750 -250.000 -453.125 523.438
-507.812 960.938 -164.062 -695.312 -390.625 656.250 -601.562 70.312 750.000 -476.562 -476.562 515.625 -335.938 -421.875 531.250
-492.188 1070.312 -218.750 -578.125 -187.500 835.938 -484.375 -109.375 859.375 -429.688 -546.875 507.812 -343.750 -375.000 601.562
-445.312 1078.125 -125.000 -640.625 -156.250 781.250 -640.625 -39.062 718.750 -460.938 -398.438 593.750 -359.375 -148.438 679.688
-429.688 1015.625 -140.625 -679.688 -265.625 695.312 -640.625 101.562 648.438 -445.312 -390.625 703.125 -281.250 -187.500 843.750
-390.625 960.938 -117.188 -632.812 -210.938 679.688 -656.250 85.938 664.062 -437.500 -531.250 617.188 -281.250 -234.375 851.562
-429.688 867.188 -195.312 -617.188 -242.188 679.688 -656.250 62.500 687.500 -460.938 -500.000 625.000 -312.500 -289.062 804.688
-429.688 859.375 -164.062 -718.750 -273.438 593.750 -703.125 0.000 648.438 -453.125 -546.875 625.000 -335.938 -375.000 812.500
-390.625 898.438 -125.000 -664.062 -281.250 601.562 -718.750 -15.625 601.562 -484.375 -585.938 609.375 -328.125 -351.562 804.688
-398.438 882.812 -140.625 -671.875 -281.250 601.562 -710.938 -23.438 609.375 -476.562 -578.125 554.688 -351.562 -359.375 757.812
-398.438 875.000 -140.625 -671.875 -304.688 585.938 -671.875 -15.625 703.125 -500.000 -562.500 554.688 -351.562 -367.188 757.812
-414.062 906.250 -125.000 -578.125 -289.062 734.375 -625.000 23.438 734.375 -445.312 -609.375 585.938 -312.500 -398.438 796.875
-437.500 968.750 -93.750 -601.562 -281.250 710.938 -656.250 7.812 718.750 -406.250 -601.562 593.750 -312.500 -406.250 796.875
-429.688 992.188 -78.125 -609.375 -281.250 695.312 -656.250 -15.625 687.500 -429.688 -625.000 585.938 -304.688 -398.438 812.500
-445.312 1000.000 -70.312 -609.375 -289.062 687.500 -648.438 -7.812 679.688 -421.875 -625.000 609.375 -281.250 -390.625 820.312
-476.562 992.188 -101.562 -546.875 -273.438 710.938 -562.500 23.438 718.750 -406.250 -625.000 570.312 -281.250 -382.812 796.875
-484.375 960.938 -140.625 -531.250 -281.250 687.500 -578.125 -15.625 695.312 -406.250 -585.938 570.312 -265.625 -398.438 765.625
-500.000 968.750 -164.062 -531.250 -250.000 695.312 -531.250 -7.812 664.062 -343.750 -656.250 414.062 -242.188 -421.875 765.625
-507.812 1023.438 -171.875 -453.125 -289.062 609.375 -429.688 -148.438 656.250 -375.000 -609.375 484.375 -187.500 -460.938 734.375
-492.188 1046.875 -187.500 -273.438 -703.125 265.625 -70.312 -406.250 632.812 -210.938 -601.562 406.250 -39.062 -679.688 812.500
-476.562 953.125 -226.562 70.312 -804.688 179.688 -78.125 -625.000 648.438 -23.438 -679.688 351.562 46.875 -710.938 875.000
-468.750 859.375 -210.938 460.938 -718.750 421.875 187.500 -367.188 796.875 382.812 -765.625 609.375 54.688 -507.812 781.250
-515.625 585.938 -250.000 867.188 -187.500 585.938 351.562 -101.562 734.375 382.812 -382.812 421.875 148.438 -320.312 625.000
-523.438 375.000 -234.375 671.875 210.938 1070.312 312.500 656.250 757.812 289.062 -679.688 679.688 320.312 -554.688 710.938
-695.312 367.188 -164.062 507.812 296.875 1382.812 523.438 539.062 1125.000 351.562 -343.750 406.250 390.625 -234.375 710.938
-710.938 492.188 -187.500 343.750 289.062 1273.438 468.750 468.750 1289.062 515.625 -265.625 890.625 382.812 -140.625 750.000
-695.312 867.188 -218.750 570.312 234.375 1609.375 492.188 343.750 1492.188 476.562 -640.625 1367.188 414.062 -70.312 1210.938
-679.688 742.188 -250.000 687.500 -23.438 1382.812 406.250 -31.250 1437.500 773.438 -593.750 1281.250 500.000 93.750 1437.500
-742.188 648.438 -265.625 515.625 -125.000 1000.000 375.000 39.062 1171.875 750.000 -625.000 1414.062 585.938 -140.625 1390.625
-804.688 718.750 -273.438 468.750 -101.562 945.312 281.250 46.875 1070.312 468.750 -304.688 757.812 531.250 -148.438 1281.250
-54.688 578.125 406.250 687.500 429.688 750.000 296.875 335.938 1007.812 445.312 -523.438 742.188 289.062 -132.812 773.438
-218.750 1132.812 132.812 351.562 -281.250 695.312 -62.500 -320.312 773.438 453.125 62.500 554.688 171.875 -85.938 742.188
-710.938 906.250 -7.812 390.625 46.875 687.500 265.625 156.250 914.062 132.812 -593.750 648.438 132.812 -289.062 898.438
-796.875 445.312 -125.000 468.750 -460.938 820.312 -125.000 -554.688 992.188 367.188 -429.688 750.000 335.938 -226.562 921.875
-742.188 593.750 -226.562 437.500 78.125 906.250 31.250 -85.938 953.125 398.438 -390.625 765.625 320.312 -195.312 882.812
-781.250 562.500 -132.812 328.125 -234.375 828.125 218.750 78.125 953.125 359.375 -484.375 734.375 359.375 -101.562 812.500
-750.000 562.500 -164.062 429.688 -234.375 875.000 218.750 15.625 960.938 398.438 -351.562 765.625 359.375 -93.750 843.750
-828.125 523.438 -273.438 343.750 -132.812 914.062 179.688 117.188 898.438 375.000 -375.000 773.438 289.062 -78.125 765.625
-875.000 570.312 -242.188 382.812 -171.875 945.312 93.750 -7.812 906.250 375.000 -289.062 664.062 234.375 -78.125 734.375
-742.188 640.625 -312.500 390.625 -156.250 1000.000 -78.125 265.625 734.375 289.062 -296.875 710.938 156.250 -46.875 726.562
-804.688 757.812 -289.062 179.688 7.812 992.188 -109.375 257.812 664.062 117.188 -210.938 671.875 78.125 15.625 632.812
-718.750 507.812 -242.188 375.000 -382.812 1164.062 156.250 -328.125 609.375 -54.688 -171.875 578.125 85.938 -125.000 539.062
-632.812 414.062 -218.750 703.125 -46.875 1703.125 -257.812 156.250 593.750 0.000 -375.000 523.438 203.125 -187.500 617.188
-406.250 62.500 -62.500 562.500 -296.875 1398.438 -335.938 -304.688 671.875 234.375 -382.812 484.375 312.500 -203.125 664.062
-789.062 250.000 -265.625 359.375 -70.312 773.438 578.125 101.562 1039.062 429.688 -390.625 523.438 500.000 -195.312 757.812
-695.312 304.688 -164.062 54.688 -468.750 -132.812 515.625 -328.125 796.875 710.938 -375.000 585.938 609.375 -257.812 734.375
-648.438 523.438 -46.875 70.312 -492.188 265.625 984.375 -398.438 789.062 804.688 -570.312 468.750 671.875 -343.750 828.125
-695.312 703.125 0.000 101.562 -648.438 539.062 578.125 -500.000 773.438 781.250 -593.750 476.562 554.688 -375.000 789.062
-773.438 500.000 -54.688 15.625 -570.312 562.500 570.312 -531.250 710.938 781.250 -578.125 468.750 578.125 -437.500 750.000
-757.812 773.438 39.062 -109.375 -695.312 609.375 578.125 -625.000 757.812 851.562 -554.688 421.875 742.188 -312.500 765.625
-671.875 703.125 0.000 -62.500 -742.188 671.875 570.312 -695.312 828.125 890.625 -671.875 429.688 757.812 -367.188 773.438
-765.625 570.312 -70.312 54.688 -820.312 835.938 726.562 -671.875 890.625 921.875 -625.000 445.312 757.812 -453.125 796.875
-593.750 609.375 93.750 -7.812 -843.750 750.000 648.438 -671.875 773.438 906.250 -648.438 398.438 789.062 -414.062 796.875
-539.062 820.312 132.812 -148.438 -820.312 656.250 554.688 -617.188 789.062 914.062 -640.625 398.438 781.250 -398.438 812.500
-476.562 882.812 148.438 -148.438 -789.062 664.062 687.500 -671.875 820.312 898.438 -671.875 492.188 812.500 -398.438 859.375
-265.625 1031.250 226.562 -78.125 -820.312 789.062 515.625 -609.375 789.062 1062.500 -656.250 484.375 914.062 -343.750 953.125
-304.688 1109.375 226.562 -117.188 -820.312 828.125 562.500 -742.188 812.500 1070.312 -664.062 554.688 1039.062 -328.125 1015.625
-453.125 1117.188 187.500 -140.625 -750.000 914.062 546.875 -757.812 835.938 1085.938 -765.625 453.125 1046.875 -265.625 1125.000
-492.188 1117.188 203.125 -109.375 -734.375 937.500 546.875 -773.438 843.750 1000.000 -671.875 453.125 1046.875 -242.188 1039.062
-382.812 1109.375 281.250 -85.938 -773.438 906.250 500.000 -804.688 757.812 992.188 -710.938 507.812 781.250 -328.125 953.125
-296.875 953.125 359.375 -179.688 -781.250 757.812 453.125 -664.062 750.000 679.688 -578.125 421.875 523.438 -304.688 742.188
-531.250 914.062 234.375 -257.812 -664.062 734.375 398.438 -539.062 757.812 726.562 -609.375 390.625 429.688 -335.938 710.938
-531.250 976.562 203.125 -296.875 -570.312 742.188 453.125 -507.812 757.812 718.750 -562.500 554.688 570.312 -31.250 718.750
-484.375 1109.375 148.438 -320.312 -445.312 718.750 382.812 -507.812 750.000 742.188 -460.938 523.438 601.562 -46.875 828.125
-484.375 1093.750 -39.062 -343.750 -421.875 710.938 210.938 78.125 492.188 234.375 -1414.062 398.438 375.000 -671.875 539.062
-421.875 1070.312 -218.750 -109.375 -578.125 664.062 -62.500 -460.938 750.000 992.188 125.000 -109.375 -125.000 1820.312 -351.562
-468.750 1007.812 -218.750 -187.500 -570.312 648.438 257.812 -312.500 789.062 492.188 -515.625 679.688 367.188 742.188 476.562
-484.375 882.812 -250.000 -492.188 -226.562 664.062 523.438 -187.500 843.750 382.812 -773.438 843.750 250.000 -1375.000 812.500
-523.438 625.000 -281.250 -390.625 -273.438 609.375 273.438 -210.938 812.500 351.562 -351.562 648.438 148.438 7.812 718.750
-570.312 390.625 -117.188 -46.875 -429.688 843.750 109.375 -31.250 734.375 359.375 -468.750 570.312 -109.375 31.250 437.500
-562.500 414.062 -70.312 -203.125 -328.125 757.812 328.125 101.562 820.312 335.938 -203.125 562.500 -117.188 -140.625 460.938
-554.688 671.875 -125.000 -125.000 -93.750 859.375 273.438 125.000 843.750 289.062 -210.938 554.688 -203.125 -54.688 609.375
-578.125 656.250 -101.562 -62.500 -117.188 929.688 328.125 234.375 945.312 437.500 -179.688 789.062 -156.250 31.250 765.625
-578.125 734.375 -164.062 93.750 -226.562 1195.312 351.562 234.375 851.562 445.312 -203.125 773.438 -140.625 62.500 875.000
-617.188 750.000 -218.750 46.875 -31.250 1132.812 226.562 265.625 875.000 476.562 -156.250 679.688 -210.938 -39.062 820.312
-601.562 679.688 -156.250 46.875 0.000 1234.375 437.500 210.938 953.125 460.938 -140.625 679.688 -382.812 -101.562 648.438
-515.625 789.062 -117.188 -15.625 -46.875 1148.438 367.188 101.562 906.250 406.250 -304.688 757.812 -375.000 -70.312 710.938
-656.250 921.875 -234.375 -15.625 -382.812 859.375 367.188 -125.000 898.438 382.812 -195.312 757.812 -367.188 -132.812 757.812
-671.875 851.562 -242.188 -23.438 -523.438 781.250 375.000 -156.250 867.188 390.625 -406.250 742.188 -367.188 -187.500 796.875
-382.812 820.312 0.000 -117.188 -304.688 812.500 257.812 62.500 820.312 421.875 -390.625 750.000 -289.062 -171.875 898.438
-304.688 859.375 85.938 -101.562 -179.688 882.812 242.188 117.188 789.062 265.625 -289.062 632.812 -320.312 -210.938 867.188
-265.625 867.188 125.000 -46.875 -54.688 1023.438 320.312 156.250 882.812 296.875 -289.062 656.250 -375.000 -265.625 718.750
-335.938 921.875 78.125 0.000 -109.375 1093.750 242.188 156.250 953.125 273.438 -289.062 656.250 -429.688 -265.625 601.562
-656.250 773.438 -101.562 -78.125 -296.875 1101.562 140.625 109.375 835.938 320.312 -257.812 648.438 -398.438 -296.875 492.188
-554.688 1000.000 -132.812 -156.250 -289.062 898.438 109.375 93.750 742.188 367.188 -296.875 578.125 -335.938 -390.625 585.938
-437.500 1078.125 62.500 -390.625 -140.625 648.438 234.375 -85.938 781.250 367.188 -234.375 562.500 -125.000 -304.688 718.750
-468.750 812.500 15.625 -281.250 -156.250 835.938 359.375 23.438 929.688 492.188 -406.250 671.875 187.500 -156.250 804.688
-578.125 757.812 7.812 -179.688 -109.375 992.188 585.938 -62.500 1000.000 585.938 -398.438 664.062 304.688 -93.750 664.062
-531.250 796.875 15.625 -148.438 -31.250 1070.312 593.750 -31.250 1015.625 890.625 -460.938 773.438 351.562 -132.812 570.312
-531.250 968.750 -15.625 -85.938 -15.625 1117.188 570.312 -46.875 1000.000 984.375 -554.688 773.438 453.125 -125.000 625.000
-546.875 1101.562 -62.500 -140.625 23.438 1046.875 539.062 -195.312 1015.625 703.125 -617.188 820.312 796.875 -15.625 1609.375
-492.188 984.375 -23.438 -164.062 -62.500 1054.688 500.000 -93.750 1062.500 742.188 -765.625 984.375 789.062 257.812 1492.188
-476.562 882.812 -7.812 -171.875 -62.500 1062.500 390.625 -62.500 992.188 531.250 -445.312 664.062 703.125 242.188 1257.812
-421.875 765.625 23.438 -250.000 -46.875 984.375 265.625 -70.312 906.250 656.250 -562.500 828.125 460.938 23.438 1007.812
-492.188 757.812 -15.625 -304.688 -39.062 882.812 226.562 -78.125 906.250 421.875 -453.125 656.250 351.562 -109.375 867.188
-578.125 765.625 -93.750 -375.000 -46.875 789.062 171.875 -23.438 890.625 398.438 -429.688 609.375 375.000 -117.188 812.500
-609.375 710.938 -85.938 -367.188 -23.438 812.500 226.562 -62.500 898.438 468.750 -468.750 679.688 382.812 -109.375 765.625
-429.688 695.312 23.438 -351.562 -23.438 804.688 203.125 -125.000 890.625 460.938 -437.500 671.875 453.125 -62.500 851.562
-531.250 757.812 39.062 -390.625 -46.875 773.438 164.062 -132.812 765.625 484.375 -523.438 640.625 640.625 23.438 859.375
-468.750 851.562 109.375 -351.562 39.062 828.125 242.188 -140.625 820.312 531.250 -445.312 585.938 796.875 -39.062 937.500
-429.688 914.062 125.000 -312.500 7.812 875.000 281.250 -203.125 882.812 562.500 -585.938 648.438 796.875 -148.438 1007.812
-242.188 960.938 242.188 -203.125 -125.000 992.188 257.812 -226.562 953.125 562.500 -703.125 593.750 507.812 -351.562 867.188
-375.000 1000.000 289.062 -156.250 132.812 1101.562 296.875 -195.312 804.688 523.438 -500.000 625.000 414.062 -453.125 812.500
-445.312 929.688 328.125 -343.750 148.438 843.750 125.000 -164.062 835.938 437.500 -531.250 546.875 468.750 -453.125 718.750
-414.062 953.125 304.688 -515.625 -7.812 687.500 171.875 -70.312 835.938 429.688 -468.750 531.250 437.500 -414.062 781.250
-375.000 867.188 265.625 -570.312 -117.188 531.250 164.062 -93.750 914.062 437.500 -500.000 773.438 648.438 -234.375 765.625
-476.562 835.938 101.562 -585.938 -140.625 578.125 226.562 -31.250 921.875 625.000 -500.000 656.250 578.125 -210.938 875.000
-656.250 859.375 -148.438 -125.000 -289.062 671.875 289.062 -171.875 953.125 570.312 -531.250 757.812 492.188 -375.000 796.875
-656.250 867.188 -226.562 39.062 -304.688 781.250 312.500 -171.875 851.562 429.688 -664.062 578.125 421.875 -429.688 828.125
-648.438 859.375 -507.812 445.312 -515.625 1164.062 296.875 -109.375 953.125 382.812 -695.312 554.688 328.125 -492.188 820.312
-843.750 867.188 -500.000 398.438 -281.250 1132.812 414.062 -125.000 953.125 390.625 -703.125 554.688 414.062 -539.062 828.125
-718.750 695.312 -507.812 218.750 -375.000 945.312 453.125 -125.000 1015.625 500.000 -664.062 554.688 476.562 -507.812 843.750
-773.438 632.812 -406.250 195.312 -390.625 843.750 468.750 -62.500 1015.625 617.188 -531.250 718.750 523.438 -406.250 859.375
-500.000 679.688 0.000 125.000 -273.438 898.438 453.125 195.312 945.312 625.000 -406.250 656.250 554.688 -171.875 843.750
-609.375 687.500 -46.875 218.750 -132.812 906.250 281.250 218.750 765.625 453.125 -421.875 687.500 453.125 -179.688 757.812
-726.562 695.312 -210.938 304.688 -85.938 1046.875 265.625 242.188 789.062 375.000 -398.438 632.812 164.062 -312.500 679.688
-710.938 718.750 -218.750 289.062 23.438 1195.312 296.875 250.000 773.438 226.562 -343.750 515.625 62.500 -187.500 625.000
-648.438 703.125 -234.375 437.500 242.188 1437.500 296.875 437.500 1093.750 218.750 -304.688 835.938 132.812 -70.312 664.062
-562.500 796.875 -125.000 335.938 226.562 1359.375 281.250 328.125 929.688 265.625 -351.562 695.312 93.750 23.438 734.375
-484.375 984.375 -39.062 218.750 93.750 1085.938 148.438 140.625 796.875 312.500 -281.250 781.250 148.438 -46.875 726.562
-578.125 601.562 -218.750 476.562 -109.375 1125.000 687.500 -85.938 812.500 250.000 -398.438 507.812 375.000 -257.812 804.688
-625.000 390.625 -210.938 656.250 -125.000 1210.938 531.250 -140.625 1023.438 406.250 -453.125 703.125 445.312 -234.375 851.562
-742.188 195.312 -257.812 250.000 -812.500 718.750 359.375 -93.750 921.875 656.250 -515.625 609.375 515.625 -195.312 820.312
-867.188 250.000 -281.250 -164.062 -632.812 531.250 -164.062 -7.812 750.000 656.250 -421.875 734.375 421.875 -101.562 773.438
-710.938 242.188 -226.562 -773.438 -632.812 359.375 -218.750 453.125 835.938 257.812 -250.000 656.250 234.375 62.500 632.812
-718.750 109.375 -273.438 -757.812 -585.938 554.688 -203.125 281.250 921.875 195.312 -382.812 562.500 250.000 15.625 625.000
-773.438 93.750 -437.500 -437.500 -343.750 687.500 859.375 -132.812 1054.688 265.625 -234.375 593.750 390.625 -242.188 718.750
-695.312 562.500 -289.062 179.688 -593.750 710.938 945.312 -664.062 820.312 695.312 -492.188 578.125 765.625 -453.125 867.188
-734.375 843.750 -203.125 -23.438 -570.312 859.375 718.750 -500.000 867.188 929.688 -703.125 570.312 664.062 -406.250 906.250
-734.375 890.625 -250.000 -125.000 -468.750 890.625 718.750 -398.438 914.062 875.000 -664.062 601.562 570.312 -367.188 828.125
-757.812 718.750 -265.625 -328.125 -398.438 843.750 500.000 -445.312 953.125 695.312 -648.438 531.250 726.562 -281.250 921.875
-656.250 531.250 -187.500 -437.500 -546.875 648.438 367.188 -617.188 828.125 828.125 -718.750 578.125 984.375 -93.750 1039.062
-585.938 523.438 -62.500 -515.625 -468.750 539.062 125.000 -742.188 648.438 882.812 -718.750 648.438 1000.000 -226.562 1109.375
-585.938 609.375 -31.250 -562.500 -414.062 515.625 351.562 -742.188 632.812 820.312 -828.125 421.875 1039.062 -257.812 1187.500
-570.312 835.938 93.750 -539.062 -414.062 593.750 226.562 -523.438 671.875 796.875 -789.062 468.750 789.062 -359.375 984.375
-554.688 1078.125 117.188 -484.375 -273.438 789.062 257.812 -468.750 734.375 414.062 -687.500 398.438 382.812 -664.062 781.250
-609.375 1117.188 54.688 -492.188 -218.750 804.688 296.875 -515.625 687.500 437.500 -640.625 460.938 437.500 -578.125 804.688
-625.000 1140.625 85.938 -507.812 -289.062 742.188 265.625 -539.062 695.312 359.375 -710.938 289.062 328.125 -546.875 734.375
-531.250 1125.000 117.188 -539.062 -335.938 648.438 359.375 -687.500 773.438 523.438 -742.188 375.000 70.312 -1148.438 570.312
-601.562 1062.500 117.188 -398.438 -609.375 648.438 210.938 -273.438 890.625 -85.938 -875.000 1382.812 476.562 -421.875 1140.625
-562.500 867.188 39.062 -23.438 -398.438 507.812 179.688 125.000 1210.938 453.125 -765.625 585.938 2093.750 593.750 2835.938
-570.312 773.438 -23.438 -421.875 -343.750 1031.250 203.125 -335.938 1164.062 195.312 -648.438 796.875 414.062 -2101.562 875.000
-539.062 492.188 -281.250 281.250 -500.000 1125.000 835.938 -273.438 1187.500 609.375 -703.125 812.500 195.312 -46.875 476.562
-539.062 718.750 -187.500 70.312 -390.625 1007.812 359.375 140.625 953.125 273.438 -296.875 640.625 -273.438 -539.062 359.375
-468.750 953.125 -101.562 93.750 -23.438 1156.250 226.562 312.500 914.062 570.312 -296.875 601.562 -531.250 -429.688 148.438
-460.938 898.438 -85.938 39.062 7.812 1140.625 265.625 218.750 890.625 257.812 -234.375 687.500 -515.625 -406.250 210.938
-492.188 945.312 -179.688 70.312 156.250 1210.938 367.188 281.250 921.875 117.188 -234.375 726.562 -320.312 -218.750 742.188
-507.812 859.375 -218.750 31.250 23.438 1132.812 437.500 187.500 1015.625 281.250 -375.000 835.938 -335.938 -273.438 781.250
-468.750 679.688 -289.062 234.375 -179.688 1234.375 773.438 187.500 1242.188 304.688 -257.812 804.688 -351.562 -328.125 796.875
-539.062 601.562 -367.188 382.812 -281.250 1414.062 445.312 203.125 1343.750 320.312 -484.375 875.000 -343.750 -382.812 789.062
-570.312 671.875 -351.562 312.500 -148.438 1421.875 828.125 210.938 1335.938 343.750 -500.000 867.188 -382.812 -398.438 742.188
-593.750 929.688 -289.062 -281.250 -187.500 804.688 -15.625 -23.438 726.562 0.000 -312.500 703.125 -453.125 -375.000 671.875
-625.000 1015.625 -328.125 -656.250 -234.375 210.938 -312.500 -132.812 1000.000 156.250 -328.125 804.688 -429.688 -312.500 593.750
-570.312 984.375 -179.688 -859.375 -593.750 265.625 -23.438 -398.438 1015.625 31.250 -500.000 773.438 -468.750 -359.375 625.000
-421.875 914.062 101.562 -187.500 -218.750 640.625 -7.812 101.562 1015.625 335.938 -429.688 796.875 -109.375 -593.750 1000.000
-429.688 1046.875 -23.438 -273.438 -101.562 585.938 -210.938 -148.438 906.250 164.062 -617.188 937.500 -195.312 -414.062 898.438
-570.312 1007.812 -156.250 23.438 -195.312 890.625 -70.312 -62.500 773.438 140.625 -500.000 890.625 -296.875 -78.125 781.250
-531.250 937.500 -117.188 132.812 15.625 1054.688 0.000 625.000 710.938 148.438 -507.812 781.250 0.000 -140.625 1125.000
-593.750 890.625 -203.125 -250.000 -171.875 710.938 -93.750 140.625 820.312 164.062 -648.438 679.688 -250.000 -429.688 796.875
-671.875 796.875 -296.875 23.438 -179.688 921.875 -132.812 250.000 757.812 -78.125 -453.125 460.938 -265.625 -656.250 640.625
-578.125 898.438 -164.062 23.438 -203.125 1070.312 -132.812 187.500 656.250 -78.125 -570.312 460.938 -242.188 -507.812 554.688
-289.062 1054.688 109.375 117.188 109.375 1117.188 -62.500 93.750 687.500 -85.938 -421.875 468.750 -109.375 -359.375 671.875
-351.562 859.375 164.062 62.500 554.688 1070.312 -54.688 375.000 546.875 -117.188 -367.188 453.125 23.438 -460.938 695.312
-437.500 835.938 93.750 320.312 398.438 1093.750 -1250.000 -992.188 367.188 -15.625 -687.500 382.812 101.562 -484.375 687.500
-437.500 1164.062 0.000 609.375 -109.375 1375.000 -7.812 -171.875 656.250 -70.312 -414.062 218.750 109.375 -421.875 664.062
-296.875 1296.875 265.625 148.438 -539.062 742.188 -335.938 203.125 562.500 132.812 -570.312 445.312 148.438 -414.062 507.812
-335.938 882.812 -46.875 140.625 -625.000 484.375 31.250 -328.125 843.750 210.938 -242.188 335.938 312.500 -179.688 695.312
-500.000 523.438 -242.188 -257.812 -546.875 125.000 218.750 -62.500 1007.812 750.000 -484.375 812.500 328.125 -70.312 875.000
-718.750 148.438 -156.250 -867.188 -812.500 62.500 187.500 -375.000 898.438 546.875 -546.875 593.750 546.875 -101.562 1140.625
-867.188 203.125 -164.062 -882.812 -648.438 265.625 601.562 -398.438 1093.750 789.062 -898.438 757.812 468.750 -39.062 1015.625
-585.938 546.875 54.688 -664.062 -617.188 468.750 375.000 -640.625 976.562 703.125 -679.688 718.750 546.875 226.562 921.875
-593.750 593.750 46.875 -695.312 -421.875 531.250 453.125 -695.312 921.875 750.000 -882.812 664.062 546.875 -148.438 1148.438
-593.750 1023.438 164.062 -515.625 -625.000 570.312 445.312 -812.500 734.375 781.250 -765.625 687.500 515.625 -289.062 1085.938
-601.562 773.438 359.375 -125.000 -703.125 890.625 851.562 -820.312 882.812 1015.625 -898.438 523.438 601.562 -492.188 875.000
-414.062 1171.875 375.000 -46.875 -796.875 976.562 796.875 -656.250 1023.438 937.500 -898.438 414.062 820.312 -328.125 1125.000
-421.875 1156.250 445.312 -101.562 -546.875 968.750 640.625 -367.188 960.938 820.312 -484.375 617.188 765.625 -242.188 1117.188
-320.312 882.812 476.562 -171.875 -109.375 1132.812 671.875 -54.688 1031.250 820.312 -421.875 617.188 695.312 -23.438 750.000
-242.188 617.188 390.625 -148.438 -242.188 1007.812 437.500 -351.562 890.625 835.938 -320.312 593.750 820.312 -109.375 929.688
-617.188 804.688 304.688 -140.625 -382.812 937.500 523.438 -296.875 867.188 882.812 -523.438 593.750 585.938 -250.000 914.062
-554.688 867.188 375.000 -93.750 -304.688 976.562 507.812 -359.375 835.938 625.000 -625.000 500.000 500.000 -265.625 859.375
-398.438 804.688 273.438 -31.250 -218.750 1023.438 500.000 -250.000 835.938 625.000 -484.375 531.250 453.125 -250.000 867.188
-492.188 750.000 218.750 671.875 -257.812 1101.562 484.375 -203.125 867.188 664.062 -445.312 515.625 492.188 -187.500 812.500
-656.250 695.312 164.062 -85.938 -78.125 937.500 453.125 -171.875 843.750 656.250 -476.562 531.250 476.562 -140.625 812.500
-625.000 710.938 164.062 -148.438 -15.625 992.188 476.562 -140.625 843.750 648.438 -437.500 546.875 500.000 -125.000 804.688
-625.000 703.125 156.250 -46.875 -15.625 1023.438 460.938 -156.250 835.938 632.812 -460.938 554.688 437.500 -156.250 804.688
-625.000 742.188 179.688 -46.875 0.000 1015.625 406.250 -140.625 828.125 609.375 -453.125 554.688 382.812 -140.625 781.250
-625.000 734.375 187.500 -125.000 31.250 984.375 367.188 -85.938 820.312 531.250 -437.500 554.688 312.500 -140.625 765.625
-640.625 750.000 179.688 -93.750 62.500 984.375 359.375 -70.312 812.500 492.188 -390.625 562.500 320.312 -117.188 750.000
-664.062 640.625 164.062 -140.625 78.125 953.125 359.375 -70.312 828.125 476.562 -390.625 585.938 343.750 -93.750 765.625
-679.688 625.000 156.250 -171.875 85.938 937.500 335.938 -78.125 828.125 484.375 -390.625 578.125 343.750 -109.375 789.062
-664.062 625.000 156.250 -132.812 31.250 945.312 367.188 -109.375 835.938 492.188 -406.250 585.938 343.750 -132.812 789.062
-656.250 625.000 179.688 -132.812 7.812 945.312 375.000 -125.000 828.125 531.250 -468.750 570.312 367.188 -140.625 804.688
-625.000 648.438 187.500 -70.312 -23.438 960.938 375.000 -156.250 843.750 531.250 -476.562 562.500 351.562 -164.062 812.500
-609.375 664.062 210.938 -70.312 -62.500 968.750 414.062 -195.312 851.562 523.438 -468.750 562.500 351.562 -171.875 812.500
-585.938 703.125 226.562 -78.125 -109.375 937.500 414.062 -210.938 843.750 539.062 -492.188 570.312 390.625 -195.312 843.750
-578.125 687.500 226.562 -85.938 -101.562 914.062 453.125 -187.500 843.750 585.938 -500.000 539.062 406.250 -203.125 851.562
-546.875 710.938 250.000 -125.000 -171.875 953.125 453.125 -234.375 843.750 601.562 -546.875 539.062 429.688 -203.125 835.938
-531.250 742.188 273.438 -101.562 -156.250 937.500 398.438 -242.188 843.750 578.125 -515.625 554.688 382.812 -226.562 843.750
-523.438 734.375 281.250 -85.938 -242.188 945.312 382.812 -226.562 867.188 554.688 -554.688 546.875 382.812 -250.000 859.375
-437.500 679.688 335.938 -101.562 -265.625 945.312 398.438 -312.500 875.000 554.688 -570.312 539.062 390.625 -250.000 851.562
-375.000 679.688 390.625 -85.938 -273.438 937.500 359.375 -234.375 851.562 546.875 -531.250 554.688 398.438 -234.375 843.750
-351.562 726.562 429.688 -117.188 -179.688 976.562 390.625 -93.750 843.750 585.938 -570.312 539.062 476.562 -140.625 820.312
-429.688 898.438 414.062 -156.250 -70.312 1015.625 414.062 -62.500 921.875 625.000 -492.188 554.688 437.500 -132.812 765.625
-507.812 781.250 289.062 -140.625 -101.562 1015.625 382.812 -140.625 914.062 578.125 -515.625 625.000 429.688 -132.812 828.125
-429.688 750.000 304.688 -132.812 -164.062 960.938 421.875 -148.438 898.438 601.562 -484.375 585.938 414.062 -156.250 835.938
-421.875 773.438 257.812 -210.938 -164.062 906.250 289.062 -132.812 875.000 570.312 -500.000 601.562 414.062 -148.438 828.125
-617.188 851.562 132.812 -265.625 -109.375 867.188 281.250 -101.562 859.375 539.062 -507.812 617.188 414.062 -148.438 804.688
-648.438 828.125 39.062 -265.625 -109.375 851.562 265.625 -156.250 828.125 523.438 -445.312 578.125 359.375 -187.500 781.250
-632.812 828.125 46.875 -257.812 -140.625 843.750 281.250 -164.062 812.500 515.625 -507.812 523.438 375.000 -210.938 796.875
-601.562 828.125 31.250 -195.312 -164.062 859.375 335.938 -210.938 835.938 500.000 -476.562 546.875 398.438 -226.562 804.688
