-398.438 671.875 -601.562 -31.250 312.500 890.625 -54.688 218.750 945.312 210.938 -234.375 906.250 203.125 -15.625 945.312
-351.562 695.312 -562.500 -15.625 273.438 890.625 -39.062 203.125 960.938 195.312 -250.000 906.250 195.312 -39.062 953.125
-375.000 695.312 -570.312 -7.812 289.062 914.062 -46.875 195.312 960.938 195.312 -273.438 898.438 164.062 -46.875 945.312
-359.375 703.125 -570.312 7.812 296.875 929.688 -54.688 179.688 960.938 179.688 -273.438 906.250 156.250 -54.688 945.312
-367.188 742.188 -585.938 -23.438 281.250 914.062 -70.312 195.312 960.938 156.250 -265.625 890.625 125.000 -70.312 937.500
-375.000 750.000 -570.312 -23.438 289.062 929.688 -70.312 203.125 968.750 164.062 -257.812 906.250 140.625 -54.688 937.500
-382.812 718.750 -593.750 -7.812 312.500 929.688 -62.500 218.750 960.938 171.875 -250.000 906.250 148.438 -39.062 937.500
-382.812 703.125 -593.750 -15.625 335.938 937.500 -70.312 226.562 968.750 179.688 -250.000 898.438 156.250 -31.250 937.500
-367.188 664.062 -578.125 7.812 320.312 945.312 -46.875 210.938 976.562 210.938 -257.812 921.875 195.312 -31.250 960.938
-367.188 679.688 -578.125 7.812 328.125 953.125 -31.250 218.750 976.562 218.750 -250.000 921.875 203.125 -23.438 976.562
-343.750 718.750 -570.312 7.812 312.500 937.500 -23.438 218.750 992.188 226.562 -242.188 937.500 195.312 -23.438 968.750
-343.750 726.562 -585.938 0.000 312.500 937.500 -31.250 210.938 1000.000 226.562 -242.188 945.312 187.500 -31.250 960.938
-367.188 734.375 -593.750 23.438 328.125 968.750 -15.625 203.125 1007.812 218.750 -265.625 937.500 171.875 -54.688 960.938
-367.188 726.562 -601.562 15.625 320.312 960.938 -15.625 203.125 1023.438 210.938 -273.438 929.688 187.500 -46.875 960.938
-367.188 726.562 -585.938 0.000 296.875 953.125 -31.250 203.125 1015.625 210.938 -273.438 929.688 171.875 -62.500 960.938
-359.375 726.562 -601.562 -7.812 304.688 953.125 -39.062 179.688 1015.625 210.938 -273.438 921.875 179.688 -62.500 960.938
-343.750 687.500 -601.562 -23.438 343.750 937.500 -85.938 203.125 960.938 179.688 -273.438 906.250 171.875 -39.062 953.125
-359.375 703.125 -609.375 -39.062 343.750 921.875 -109.375 203.125 945.312 179.688 -265.625 890.625 171.875 -46.875 945.312
-375.000 710.938 -617.188 -54.688 359.375 898.438 -140.625 210.938 914.062 164.062 -257.812 898.438 164.062 -39.062 929.688
-367.188 718.750 -609.375 -78.125 359.375 875.000 -148.438 210.938 914.062 171.875 -265.625 890.625 164.062 -46.875 945.312
-382.812 695.312 -609.375 -109.375 335.938 851.562 -171.875 187.500 914.062 179.688 -257.812 906.250 164.062 -31.250 937.500
-390.625 687.500 -609.375 -117.188 335.938 859.375 -171.875 187.500 914.062 164.062 -265.625 890.625 171.875 -31.250 937.500
-359.375 695.312 -570.312 -101.562 335.938 851.562 -148.438 179.688 914.062 179.688 -281.250 914.062 171.875 -39.062 968.750
-375.000 726.562 -570.312 -101.562 335.938 882.812 -132.812 195.312 953.125 218.750 -281.250 976.562 171.875 -23.438 984.375
-367.188 726.562 -554.688 -93.750 335.938 890.625 -117.188 195.312 976.562 210.938 -273.438 968.750 171.875 -15.625 984.375
-343.750 703.125 -562.500 -85.938 335.938 890.625 -125.000 187.500 960.938 171.875 -281.250 937.500 171.875 -31.250 976.562
-351.562 687.500 -570.312 -70.312 343.750 898.438 -140.625 210.938 953.125 140.625 -281.250 890.625 125.000 -31.250 929.688
-367.188 640.625 -578.125 -23.438 343.750 968.750 -117.188 203.125 1000.000 179.688 -351.562 929.688 31.250 -117.188 828.125
-531.250 617.188 -734.375 -39.062 367.188 937.500 -101.562 140.625 1023.438 210.938 -328.125 1015.625 0.000 -257.812 835.938
-609.375 593.750 -843.750 -62.500 390.625 906.250 -85.938 78.125 1039.062 234.375 -335.938 984.375 -46.875 -265.625 773.438
-835.938 531.250 -1054.688 7.812 406.250 882.812 15.625 320.312 1148.438 78.125 -375.000 804.688 -46.875 -257.812 703.125
-851.562 406.250 -1226.562 46.875 460.938 890.625 70.312 617.188 1414.062 109.375 -398.438 828.125 -15.625 -343.750 750.000
-664.062 414.062 -1000.000 -179.688 15.625 695.312 15.625 312.500 1281.250 78.125 -289.062 906.250 132.812 -312.500 882.812
-484.375 515.625 -843.750 -304.688 -257.812 765.625 -7.812 234.375 1156.250 39.062 -289.062 929.688 281.250 -320.312 968.750
-773.438 906.250 -929.688 -343.750 -46.875 546.875 -171.875 7.812 984.375 -23.438 -437.500 953.125 445.312 -257.812 1085.938
-242.188 976.562 -453.125 171.875 578.125 539.062 -359.375 437.500 757.812 85.938 -570.312 867.188 718.750 -210.938 1187.500
273.438 1234.375 39.062 398.438 710.938 1070.312 -117.188 468.750 1046.875 210.938 -453.125 1007.812 617.188 -179.688 1054.688
515.625 1140.625 -62.500 507.812 960.938 984.375 -117.188 578.125 1171.875 140.625 -507.812 1007.812 625.000 -234.375 1101.562
-445.312 1000.000 -375.000 492.188 890.625 1406.250 -210.938 398.438 1007.812 23.438 -593.750 882.812 523.438 -132.812 1140.625
-125.000 953.125 -218.750 23.438 593.750 773.438 -343.750 265.625 812.500 101.562 -406.250 960.938 414.062 -132.812 937.500
-257.812 625.000 -250.000 -23.438 453.125 773.438 -453.125 210.938 734.375 -23.438 -500.000 789.062 335.938 -62.500 867.188
-296.875 515.625 -234.375 -78.125 500.000 859.375 -429.688 156.250 703.125 -109.375 -484.375 742.188 328.125 -39.062 828.125
-257.812 617.188 -195.312 -85.938 429.688 679.688 -484.375 148.438 609.375 -140.625 -484.375 656.250 203.125 -156.250 796.875
-351.562 687.500 -210.938 -31.250 429.688 757.812 -460.938 140.625 640.625 -164.062 -507.812 656.250 234.375 -156.250 828.125
-390.625 648.438 -218.750 15.625 414.062 757.812 -398.438 179.688 710.938 -117.188 -515.625 687.500 250.000 -195.312 851.562
-375.000 687.500 -226.562 15.625 390.625 734.375 -375.000 164.062 726.562 -109.375 -531.250 695.312 265.625 -179.688 867.188
-320.312 765.625 -195.312 -31.250 460.938 742.188 -429.688 179.688 679.688 -93.750 -531.250 773.438 367.188 -132.812 1015.625
-492.188 679.688 -257.812 -54.688 523.438 757.812 -429.688 304.688 703.125 -85.938 -453.125 812.500 312.500 -62.500 945.312
-554.688 656.250 -289.062 -132.812 617.188 757.812 -460.938 507.812 695.312 -140.625 -203.125 867.188 289.062 54.688 875.000
-437.500 625.000 -242.188 -148.438 648.438 757.812 -414.062 445.312 718.750 -85.938 -257.812 867.188 289.062 140.625 875.000
0.000 734.375 -78.125 -140.625 414.062 710.938 -429.688 453.125 656.250 -250.000 -93.750 820.312 -62.500 -23.438 851.562
-242.188 796.875 -140.625 -234.375 679.688 695.312 -500.000 500.000 562.500 -203.125 -148.438 1007.812 523.438 250.000 1156.250
-23.438 609.375 -54.688 -203.125 585.938 703.125 -281.250 578.125 718.750 70.312 85.938 890.625 140.625 125.000 1062.500
-132.812 648.438 -234.375 46.875 539.062 781.250 -218.750 843.750 742.188 -125.000 109.375 851.562 195.312 296.875 1125.000
-593.750 539.062 -882.812 -39.062 867.188 945.312 -242.188 609.375 648.438 -78.125 -62.500 609.375 398.438 117.188 1039.062
-976.562 398.438 -1265.625 164.062 312.500 875.000 -398.438 320.312 546.875 46.875 -648.438 703.125 23.438 -695.312 804.688
-1062.500 390.625 -1250.000 210.938 85.938 882.812 -242.188 -351.562 671.875 62.500 -164.062 609.375 -398.438 -78.125 562.500
-781.250 398.438 -1101.562 187.500 125.000 820.312 31.250 -242.188 773.438 62.500 -429.688 1023.438 -203.125 -843.750 664.062
-562.500 429.688 -804.688 109.375 187.500 859.375 273.438 140.625 1351.562 406.250 -351.562 1429.688 -437.500 -335.938 710.938
-546.875 539.062 -703.125 117.188 453.125 843.750 421.875 671.875 1656.250 554.688 -39.062 1500.000 -414.062 101.562 773.438
-539.062 695.312 -718.750 250.000 351.562 1171.875 187.500 703.125 1406.250 171.875 250.000 1343.750 -476.562 70.312 789.062
-546.875 726.562 -726.562 117.188 656.250 1234.375 171.875 648.438 1289.062 539.062 101.562 1265.625 -453.125 109.375 710.938
-359.375 585.938 -703.125 46.875 515.625 1007.812 -46.875 570.312 890.625 -117.188 195.312 875.000 -539.062 0.000 468.750
-414.062 531.250 -773.438 7.812 554.688 945.312 -101.562 601.562 742.188 -296.875 -15.625 671.875 -671.875 -156.250 273.438
-343.750 484.375 -718.750 70.312 632.812 992.188 -109.375 421.875 875.000 -164.062 62.500 796.875 -718.750 -164.062 132.812
-312.500 468.750 -687.500 398.438 625.000 1234.375 85.938 414.062 1132.812 -39.062 -109.375 1117.188 -648.438 -117.188 484.375
-351.562 578.125 -687.500 304.688 585.938 1140.625 85.938 398.438 1171.875 85.938 -195.312 1179.688 -656.250 -132.812 648.438
-382.812 632.812 -820.312 -15.625 296.875 812.500 140.625 140.625 1226.562 140.625 -257.812 1312.500 -640.625 -203.125 859.375
-398.438 585.938 -835.938 -132.812 46.875 796.875 -62.500 210.938 1078.125 93.750 -281.250 1265.625 -632.812 -164.062 875.000
-320.312 789.062 -757.812 -195.312 382.812 765.625 -304.688 617.188 648.438 46.875 -156.250 765.625 -546.875 -242.188 828.125
-320.312 914.062 -757.812 -109.375 539.062 1140.625 289.062 70.312 85.938 -398.438 31.250 695.312 -539.062 -218.750 882.812
-289.062 812.500 -812.500 -70.312 445.312 734.375 -429.688 414.062 453.125 -453.125 132.812 539.062 -507.812 -7.812 875.000
-242.188 429.688 -796.875 -1179.688 31.250 1210.938 812.500 -31.250 398.438 -484.375 15.625 531.250 -500.000 -156.250 828.125
-312.500 468.750 -820.312 -437.500 117.188 710.938 -421.875 101.562 812.500 -585.938 -117.188 750.000 -531.250 -234.375 882.812
-281.250 640.625 -812.500 -500.000 132.812 750.000 -859.375 789.062 1000.000 -382.812 -234.375 828.125 -507.812 -234.375 875.000
-304.688 726.562 -843.750 -296.875 132.812 734.375 -468.750 273.438 835.938 -585.938 -31.250 804.688 -500.000 -109.375 875.000
-367.188 609.375 -890.625 -531.250 289.062 835.938 -468.750 375.000 882.812 -539.062 -23.438 890.625 -484.375 -78.125 859.375
-328.125 523.438 -976.562 -609.375 93.750 734.375 -515.625 117.188 890.625 -539.062 -148.438 890.625 -414.062 -148.438 976.562
-320.312 539.062 -976.562 -617.188 78.125 718.750 -515.625 132.812 914.062 -507.812 -218.750 921.875 -390.625 -148.438 1031.250
-343.750 710.938 -976.562 -640.625 234.375 703.125 -492.188 234.375 867.188 -460.938 -187.500 906.250 -343.750 -156.250 1007.812
-85.938 812.500 -679.688 -390.625 375.000 562.500 -375.000 140.625 992.188 -445.312 -171.875 890.625 -312.500 -93.750 960.938
-93.750 773.438 -640.625 -734.375 250.000 62.500 -468.750 343.750 898.438 -523.438 -617.188 781.250 -242.188 -117.188 1070.312
-109.375 742.188 -679.688 -835.938 -78.125 273.438 -437.500 -132.812 695.312 -382.812 -679.688 750.000 -226.562 -195.312 1101.562
-109.375 687.500 -664.062 -93.750 -1335.938 820.312 -1039.062 -1921.875 250.000 -562.500 -390.625 906.250 -250.000 -257.812 1070.312
-7.812 453.125 -453.125 703.125 359.375 1054.688 -523.438 429.688 445.312 -140.625 -656.250 640.625 -101.562 -304.688 1085.938
-62.500 875.000 -507.812 453.125 515.625 1171.875 -539.062 281.250 679.688 -382.812 -289.062 781.250 -289.062 -242.188 781.250
-156.250 1070.312 -539.062 343.750 687.500 1187.500 -632.812 398.438 554.688 -406.250 -179.688 796.875 -320.312 -210.938 742.188
-218.750 1234.375 -640.625 226.562 742.188 1156.250 -609.375 476.562 625.000 -398.438 -85.938 742.188 -304.688 -93.750 687.500
-195.312 992.188 -750.000 15.625 812.500 1445.312 -507.812 585.938 703.125 -367.188 -187.500 695.312 -250.000 -85.938 726.562
-164.062 437.500 -492.188 46.875 601.562 1023.438 -562.500 625.000 492.188 -281.250 -195.312 648.438 -187.500 -132.812 718.750
-117.188 531.250 -453.125 -117.188 562.500 1046.875 -640.625 593.750 375.000 -218.750 -179.688 703.125 -187.500 -54.688 726.562
-140.625 343.750 -414.062 -148.438 640.625 1070.312 -640.625 906.250 406.250 -250.000 125.000 789.062 -187.500 85.938 687.500
-382.812 226.562 -554.688 0.000 343.750 914.062 -460.938 882.812 796.875 195.312 -210.938 1156.250 -62.500 132.812 953.125
-500.000 554.688 -968.750 -250.000 210.938 828.125 -429.688 445.312 875.000 289.062 -648.438 1265.625 164.062 -46.875 1375.000
-625.000 585.938 -1117.188 93.750 257.812 851.562 -554.688 265.625 867.188 226.562 -703.125 1187.500 226.562 -140.625 1484.375
-523.438 328.125 -1171.875 85.938 -78.125 828.125 -585.938 101.562 804.688 0.000 -679.688 914.062 101.562 -226.562 1351.562
-289.062 601.562 -843.750 -273.438 -23.438 625.000 -703.125 132.812 507.812 -7.812 -750.000 765.625 -164.062 -195.312 921.875
-218.750 632.812 -812.500 -101.562 39.062 632.812 -828.125 164.062 460.938 -218.750 -523.438 617.188 -218.750 -187.500 796.875
-179.688 554.688 -734.375 -226.562 7.812 750.000 -601.562 296.875 570.312 -320.312 -375.000 593.750 -156.250 -203.125 804.688
-109.375 656.250 -609.375 31.250 171.875 1085.938 -492.188 296.875 796.875 0.000 -250.000 976.562 -164.062 -70.312 812.500
-195.312 867.188 -625.000 85.938 367.188 1539.062 -554.688 546.875 960.938 367.188 -234.375 1250.000 -156.250 39.062 960.938
-468.750 734.375 -945.312 703.125 -1234.375 2062.500 -1101.562 -101.562 437.500 -101.562 -78.125 1179.688 -156.250 -93.750 1085.938
-640.625 632.812 -1140.625 -125.000 429.688 1625.000 -351.562 734.375 1179.688 132.812 -273.438 1117.188 -117.188 -93.750 1070.312
-539.062 593.750 -875.000 1671.875 820.312 2765.625 -945.312 484.375 968.750 -78.125 -398.438 1164.062 -164.062 125.000 1156.250
-335.938 789.062 -1023.438 1335.938 -1203.125 2460.938 -390.625 281.250 593.750 218.750 -968.750 843.750 -125.000 148.438 1140.625
-398.438 1460.938 -1367.188 -1921.875 367.188 -1523.438 -382.812 -640.625 695.312 0.000 -1156.250 1093.750 15.625 -78.125 1531.250
-250.000 1937.500 -1320.312 -3125.000 2265.625 -2929.688 -15.625 -765.625 875.000 7.812 -1156.250 1140.625 281.250 -500.000 1671.875
343.750 -539.062 70.312 171.875 367.188 929.688 -265.625 359.375 703.125 -179.688 -242.188 710.938 15.625 -367.188 1085.938
-179.688 726.562 -671.875 -890.625 -234.375 250.000 -328.125 -195.312 203.125 -437.500 -273.438 437.500 -187.500 289.062 539.062
1390.625 -242.188 351.562 1109.375 3671.875 1742.188 -460.938 2078.125 101.562 -812.500 929.688 289.062 -289.062 375.000 101.562
-453.125 -343.750 -1148.438 -1718.750 -1367.188 31.250 -414.062 851.562 546.875 -414.062 625.000 351.562 -601.562 304.688 -31.250
-460.938 148.438 -671.875 -257.812 218.750 820.312 -156.250 265.625 929.688 -31.250 -382.812 1046.875 -117.188 -23.438 1031.250
-531.250 546.875 -804.688 -101.562 234.375 1093.750 -117.188 218.750 1093.750 -46.875 -484.375 1054.688 -54.688 -132.812 1171.875
-328.125 945.312 -671.875 281.250 718.750 1375.000 218.750 406.250 968.750 -70.312 -328.125 1031.250 -46.875 -289.062 1179.688
-539.062 1289.062 -960.938 -101.562 250.000 1289.062 -171.875 375.000 1250.000 -164.062 -398.438 867.188 -289.062 -398.438 937.500
-359.375 812.500 -695.312 -398.438 78.125 851.562 -406.250 234.375 820.312 -289.062 -390.625 781.250 -234.375 -109.375 875.000
-234.375 562.500 -625.000 -515.625 85.938 710.938 -515.625 117.188 734.375 -304.688 -398.438 820.312 -171.875 -39.062 914.062
-312.500 437.500 -585.938 -578.125 31.250 593.750 -554.688 109.375 625.000 -289.062 -406.250 742.188 -117.188 -78.125 929.688
-281.250 390.625 -578.125 -578.125 23.438 578.125 -546.875 78.125 625.000 -265.625 -406.250 742.188 -117.188 -85.938 929.688
-484.375 429.688 -656.250 -468.750 125.000 851.562 -296.875 234.375 968.750 -31.250 -343.750 1039.062 23.438 -78.125 1117.188
-460.938 484.375 -710.938 -460.938 140.625 906.250 -250.000 257.812 1054.688 0.000 -304.688 1117.188 23.438 -54.688 1125.000
234.375 1140.625 -656.250 -367.188 390.625 1437.500 -578.125 320.312 1078.125 -132.812 -437.500 1109.375 -31.250 78.125 1250.000
-531.250 210.938 -625.000 -125.000 164.062 1109.375 7.812 476.562 1085.938 -85.938 -281.250 937.500 -156.250 -156.250 976.562
-382.812 539.062 -812.500 -273.438 226.562 984.375 -203.125 171.875 1000.000 -117.188 -351.562 960.938 -109.375 -132.812 1007.812
-375.000 476.562 -921.875 -406.250 171.875 929.688 -296.875 242.188 968.750 -156.250 -328.125 921.875 -117.188 -140.625 968.750
-476.562 398.438 -1101.562 -359.375 31.250 859.375 -273.438 23.438 992.188 -109.375 -460.938 929.688 -132.812 -195.312 968.750
-578.125 304.688 -1195.312 -289.062 -15.625 906.250 -234.375 7.812 1015.625 -101.562 -507.812 929.688 -140.625 -234.375 992.188
-460.938 562.500 -1062.500 -453.125 187.500 718.750 -328.125 46.875 765.625 -164.062 -390.625 812.500 -101.562 -125.000 921.875
-500.000 562.500 -1085.938 -359.375 15.625 726.562 -265.625 70.312 820.312 -156.250 -437.500 828.125 -70.312 -140.625 960.938
-382.812 500.000 -875.000 -156.250 0.000 820.312 -171.875 125.000 945.312 -85.938 -414.062 914.062 -39.062 -132.812 1031.250
-250.000 546.875 -703.125 -85.938 70.312 835.938 -195.312 218.750 882.812 -148.438 -343.750 828.125 -85.938 -132.812 937.500
-421.875 539.062 -882.812 -54.688 187.500 750.000 -195.312 132.812 820.312 -101.562 -320.312 789.062 -70.312 -140.625 890.625
-445.312 468.750 -890.625 140.625 335.938 914.062 -125.000 289.062 843.750 -101.562 -312.500 773.438 -54.688 -125.000 851.562
-328.125 406.250 -695.312 132.812 554.688 1070.312 -78.125 640.625 937.500 -117.188 -39.062 859.375 -156.250 15.625 734.375
-273.438 500.000 -578.125 -117.188 664.062 960.938 -203.125 625.000 835.938 -7.812 -54.688 992.188 -15.625 125.000 929.688
-453.125 203.125 -773.438 -31.250 515.625 898.438 -125.000 398.438 890.625 54.688 -210.938 1015.625 70.312 62.500 1046.875
-500.000 226.562 -820.312 15.625 671.875 890.625 -101.562 328.125 867.188 78.125 -242.188 1007.812 85.938 62.500 1054.688
-476.562 429.688 -781.250 218.750 585.938 1132.812 54.688 546.875 1062.500 93.750 -171.875 1039.062 31.250 39.062 1007.812
-523.438 312.500 -859.375 -171.875 335.938 757.812 -140.625 351.562 851.562 -31.250 -179.688 953.125 -54.688 78.125 953.125
-203.125 546.875 -601.562 -54.688 62.500 703.125 -203.125 109.375 796.875 -117.188 -406.250 843.750 -70.312 -109.375 1039.062
-85.938 507.812 -546.875 39.062 125.000 835.938 -140.625 234.375 867.188 -117.188 -328.125 859.375 -117.188 -101.562 968.750
-421.875 476.562 -687.500 39.062 414.062 984.375 -101.562 414.062 921.875 -62.500 -171.875 921.875 -93.750 7.812 890.625
-414.062 515.625 -726.562 0.000 523.438 968.750 -109.375 515.625 875.000 -78.125 -132.812 929.688 -85.938 62.500 898.438
-304.688 492.188 -656.250 -39.062 359.375 921.875 -148.438 421.875 898.438 -39.062 -218.750 984.375 -46.875 62.500 992.188
-312.500 476.562 -609.375 0.000 398.438 984.375 -109.375 460.938 945.312 -39.062 -210.938 1000.000 -39.062 46.875 1031.250
-304.688 335.938 -632.812 15.625 375.000 1046.875 -54.688 554.688 1007.812 -23.438 -156.250 1023.438 15.625 62.500 992.188
-343.750 273.438 -695.312 -54.688 281.250 921.875 -117.188 507.812 906.250 -93.750 -125.000 914.062 -46.875 93.750 921.875
-296.875 156.250 -718.750 -296.875 109.375 687.500 -171.875 375.000 734.375 -218.750 -109.375 765.625 -125.000 23.438 796.875
-304.688 164.062 -718.750 -234.375 70.312 656.250 -335.938 343.750 695.312 -250.000 -179.688 710.938 -234.375 -39.062 742.188
-132.812 382.812 -687.500 -164.062 62.500 695.312 -382.812 148.438 703.125 -250.000 -320.312 734.375 -226.562 -31.250 804.688
-335.938 585.938 -851.562 -234.375 0.000 492.188 -585.938 93.750 742.188 -250.000 -281.250 882.812 -257.812 -23.438 851.562
-398.438 617.188 -1046.875 -843.750 390.625 593.750 -289.062 70.312 937.500 -148.438 -382.812 1093.750 -257.812 -187.500 1070.312
-453.125 664.062 -1171.875 -1000.000 171.875 609.375 -437.500 -148.438 945.312 -78.125 -398.438 1148.438 -210.938 -218.750 1195.312
-242.188 703.125 -875.000 -359.375 179.688 1085.938 -421.875 312.500 1015.625 -210.938 -398.438 914.062 -234.375 -234.375 1093.750
-296.875 585.938 -992.188 -609.375 312.500 851.562 -546.875 320.312 812.500 -390.625 -289.062 828.125 -312.500 -109.375 875.000
-375.000 554.688 -1039.062 -562.500 218.750 859.375 -531.250 273.438 757.812 -375.000 -351.562 757.812 -312.500 -132.812 851.562
-273.438 445.312 -921.875 -429.688 179.688 937.500 -460.938 289.062 843.750 -367.188 -414.062 781.250 -304.688 -156.250 898.438
-195.312 554.688 -765.625 -523.438 109.375 835.938 -507.812 226.562 851.562 -343.750 -414.062 867.188 -250.000 -132.812 1007.812
-250.000 578.125 -835.938 -585.938 132.812 789.062 -562.500 210.938 804.688 -367.188 -414.062 859.375 -281.250 -117.188 984.375
-195.312 468.750 -804.688 -539.062 109.375 828.125 -500.000 242.188 835.938 -382.812 -390.625 843.750 -312.500 -125.000 937.500
-195.312 476.562 -812.500 -523.438 156.250 851.562 -507.812 265.625 851.562 -375.000 -367.188 843.750 -328.125 -109.375 929.688
-179.688 593.750 -859.375 -585.938 242.188 796.875 -546.875 320.312 773.438 -406.250 -273.438 835.938 -343.750 -78.125 906.250
-242.188 562.500 -960.938 -671.875 242.188 718.750 -601.562 304.688 742.188 -429.688 -304.688 820.312 -382.812 -85.938 859.375
-257.812 460.938 -984.375 -539.062 296.875 867.188 -515.625 375.000 781.250 -468.750 -281.250 765.625 -390.625 -125.000 820.312
-273.438 484.375 -1015.625 -562.500 273.438 835.938 -507.812 359.375 820.312 -437.500 -289.062 789.062 -406.250 -171.875 835.938
-265.625 484.375 -968.750 -460.938 250.000 945.312 -437.500 328.125 937.500 -328.125 -367.188 968.750 -359.375 -93.750 968.750
-375.000 367.188 -1039.062 -492.188 281.250 992.188 -406.250 382.812 1039.062 -312.500 -289.062 1054.688 -320.312 -93.750 1070.312
-500.000 375.000 -1265.625 -585.938 335.938 914.062 -523.438 453.125 906.250 -359.375 -265.625 1007.812 -304.688 -23.438 1046.875
-625.000 265.625 -1445.312 -593.750 312.500 914.062 -546.875 453.125 867.188 -398.438 -250.000 929.688 -328.125 -46.875 984.375
-476.562 187.500 -1304.688 -562.500 289.062 859.375 -539.062 453.125 812.500 -406.250 -273.438 898.438 -343.750 -54.688 1000.000
-328.125 484.375 -1140.625 -601.562 195.312 789.062 -609.375 453.125 789.062 -390.625 -265.625 937.500 -289.062 -46.875 1085.938
-117.188 648.438 -968.750 -828.125 296.875 773.438 -382.812 125.000 875.000 -296.875 -429.688 945.312 -328.125 -7.812 960.938
-93.750 976.562 -828.125 -679.688 -78.125 687.500 -492.188 31.250 867.188 -328.125 -429.688 890.625 -320.312 -93.750 953.125
7.812 960.938 -687.500 -625.000 54.688 531.250 -515.625 -109.375 648.438 -296.875 -500.000 773.438 -273.438 -148.438 968.750
-70.312 742.188 -562.500 -468.750 -62.500 546.875 -398.438 -39.062 625.000 -296.875 -460.938 687.500 -226.562 -125.000 906.250
1726.562 -46.875 359.375 242.188 2945.312 2218.750 484.375 1898.438 343.750 -460.938 382.812 601.562 -437.500 85.938 382.812
-523.438 437.500 -507.812 -578.125 789.062 703.125 -507.812 242.188 367.188 -148.438 -289.062 789.062 -234.375 -117.188 914.062
0.000 210.938 -468.750 -828.125 257.812 421.875 -515.625 187.500 710.938 -281.250 -312.500 906.250 -93.750 -78.125 1070.312
-695.312 304.688 -710.938 -382.812 -7.812 734.375 -335.938 15.625 843.750 -117.188 -460.938 898.438 -70.312 -101.562 1078.125
-468.750 414.062 -640.625 -414.062 132.812 820.312 -343.750 132.812 906.250 -140.625 -382.812 968.750 -125.000 -93.750 1046.875
-578.125 609.375 -703.125 -351.562 203.125 984.375 -328.125 203.125 968.750 -234.375 -390.625 875.000 -234.375 -132.812 953.125
-500.000 648.438 -671.875 -375.000 203.125 968.750 -375.000 234.375 921.875 -257.812 -375.000 851.562 -242.188 -140.625 945.312
-429.688 718.750 -648.438 -390.625 187.500 929.688 -390.625 171.875 890.625 -281.250 -359.375 804.688 -281.250 -140.625 882.812
-515.625 585.938 -828.125 -70.312 343.750 1093.750 -531.250 -15.625 734.375 -296.875 -562.500 656.250 -234.375 -132.812 921.875
882.812 164.062 148.438 -296.875 453.125 1242.188 -164.062 492.188 757.812 -164.062 -78.125 859.375 -62.500 54.688 804.688
234.375 226.562 -31.250 -328.125 390.625 1203.125 -453.125 554.688 820.312 -312.500 7.812 796.875 -250.000 31.250 757.812
-765.625 484.375 -796.875 -390.625 132.812 945.312 -632.812 164.062 414.062 -382.812 -85.938 507.812 -195.312 85.938 625.000
-601.562 398.438 -851.562 -632.812 -39.062 625.000 -531.250 476.562 437.500 -312.500 23.438 398.438 -187.500 23.438 640.625
-562.500 320.312 -851.562 -882.812 437.500 171.875 -429.688 218.750 437.500 -125.000 -242.188 320.312 -101.562 -234.375 562.500
-609.375 484.375 -867.188 -875.000 281.250 289.062 -562.500 -7.812 242.188 0.000 -140.625 234.375 -15.625 -164.062 476.562
-578.125 750.000 -875.000 -734.375 164.062 367.188 -359.375 31.250 187.500 210.938 -203.125 125.000 132.812 -85.938 398.438
-515.625 257.812 -585.938 -929.688 257.812 70.312 39.062 -281.250 734.375 882.812 -54.688 750.000 281.250 70.312 875.000
-148.438 492.188 -289.062 -781.250 210.938 218.750 218.750 -226.562 1015.625 617.188 -351.562 1242.188 570.312 289.062 1304.688
-164.062 546.875 -273.438 -484.375 226.562 445.312 148.438 -312.500 1203.125 796.875 -351.562 1382.812 679.688 273.438 1421.875
-382.812 453.125 -460.938 -304.688 203.125 828.125 351.562 -304.688 1312.500 796.875 -234.375 1382.812 562.500 242.188 1046.875
-523.438 531.250 -625.000 -289.062 257.812 820.312 335.938 -140.625 1101.562 570.312 -195.312 859.375 507.812 54.688 953.125
-429.688 656.250 -500.000 117.188 367.188 1390.625 445.312 -54.688 1304.688 679.688 -257.812 984.375 460.938 39.062 890.625
-468.750 593.750 -523.438 164.062 554.688 1570.312 507.812 -78.125 1351.562 718.750 -296.875 992.188 500.000 -23.438 929.688
-570.312 781.250 -585.938 -179.688 484.375 1226.562 476.562 -226.562 1187.500 796.875 -382.812 906.250 578.125 -46.875 984.375
-375.000 1039.062 -500.000 -31.250 -62.500 1164.062 632.812 -414.062 1312.500 968.750 -460.938 1062.500 867.188 -23.438 1273.438
-484.375 953.125 -492.188 273.438 156.250 1664.062 773.438 -445.312 1625.000 1046.875 -562.500 1195.312 828.125 -187.500 1453.125
-515.625 929.688 -445.312 367.188 234.375 1828.125 773.438 -476.562 1726.562 1039.062 -500.000 1289.062 609.375 -85.938 1234.375
-125.000 765.625 -351.562 398.438 250.000 1843.750 617.188 -625.000 1695.312 960.938 -742.188 1554.688 390.625 62.500 1179.688
-257.812 265.625 -468.750 -109.375 1070.312 1132.812 750.000 -601.562 1546.875 1007.812 -414.062 1218.750 398.438 -31.250 1031.250
-710.938 265.625 -570.312 -703.125 828.125 343.750 593.750 -93.750 1312.500 1046.875 -468.750 1179.688 179.688 140.625 828.125
-476.562 609.375 -570.312 -1171.875 132.812 -601.562 492.188 750.000 1531.250 1015.625 -382.812 1078.125 281.250 148.438 890.625
-421.875 1101.562 -554.688 -1078.125 -1023.438 -750.000 664.062 -578.125 -171.875 1398.438 273.438 648.438 687.500 109.375 1054.688
-656.250 7.812 -1085.938 -382.812 -820.312 492.188 -1187.500 -1742.188 -867.188 -484.375 -835.938 -500.000 671.875 -234.375 992.188
-562.500 484.375 -921.875 -375.000 7.812 890.625 -765.625 906.250 -15.625 -632.812 -765.625 -437.500 7.812 -1101.562 531.250
-257.812 789.062 -726.562 -531.250 250.000 867.188 -31.250 445.312 796.875 -953.125 -265.625 -343.750 -484.375 -1140.625 125.000
-226.562 1390.625 -656.250 -437.500 609.375 1226.562 -328.125 734.375 687.500 -179.688 -226.562 359.375 -562.500 -484.375 -23.438
-328.125 1000.000 -742.188 695.312 -1195.312 2078.125 -601.562 -1351.562 375.000 -70.312 -593.750 742.188 78.125 -429.688 1007.812
-265.625 710.938 -648.438 -250.000 -968.750 585.938 -523.438 -195.312 875.000 -62.500 -531.250 750.000 171.875 -156.250 1015.625
-421.875 835.938 -710.938 -242.188 -132.812 578.125 -203.125 -171.875 718.750 62.500 -515.625 703.125 281.250 -242.188 1031.250
-687.500 296.875 -984.375 585.938 -703.125 726.562 -953.125 -312.500 890.625 304.688 -632.812 617.188 375.000 -382.812 1007.812
-710.938 406.250 -937.500 843.750 -281.250 781.250 679.688 46.875 1093.750 710.938 -546.875 851.562 617.188 -453.125 1164.062
-601.562 804.688 -875.000 828.125 -539.062 640.625 492.188 70.312 1218.750 906.250 -687.500 828.125 710.938 -250.000 1195.312
-320.312 1218.750 -203.125 2281.250 -703.125 921.875 1609.375 281.250 1726.562 1171.875 -398.438 1031.250 625.000 -296.875 1242.188
-398.438 -312.500 -679.688 718.750 4000.000 2070.312 578.125 2023.438 726.562 15.625 578.125 781.250 156.250 820.312 585.938
-617.188 359.375 -1125.000 62.500 -242.188 710.938 -78.125 875.000 1101.562 54.688 718.750 937.500 -367.188 250.000 484.375
132.812 476.562 -546.875 -85.938 414.062 656.250 -351.562 750.000 632.812 -101.562 226.562 765.625 140.625 695.312 593.750
-101.562 226.562 -601.562 -226.562 250.000 648.438 -312.500 351.562 671.875 39.062 -78.125 843.750 117.188 406.250 757.812
-507.812 554.688 -640.625 304.688 531.250 757.812 171.875 375.000 859.375 453.125 -117.188 812.500 335.938 109.375 835.938
-515.625 484.375 -664.062 390.625 460.938 750.000 281.250 320.312 890.625 484.375 -179.688 804.688 312.500 54.688 828.125
-445.312 468.750 -632.812 468.750 343.750 773.438 281.250 210.938 945.312 460.938 -289.062 828.125 312.500 23.438 953.125
-421.875 539.062 -585.938 375.000 312.500 750.000 203.125 195.312 906.250 421.875 -281.250 835.938 296.875 39.062 937.500
-500.000 523.438 -570.312 296.875 367.188 773.438 148.438 257.812 898.438 398.438 -242.188 820.312 312.500 62.500 906.250
-484.375 500.000 -578.125 257.812 367.188 750.000 125.000 257.812 859.375 367.188 -242.188 789.062 296.875 54.688 875.000
-531.250 468.750 -601.562 304.688 382.812 796.875 140.625 273.438 898.438 367.188 -242.188 812.500 250.000 23.438 875.000
-507.812 523.438 -578.125 289.062 351.562 820.312 117.188 250.000 921.875 343.750 -250.000 835.938 250.000 39.062 882.812
-468.750 539.062 -546.875 296.875 320.312 820.312 109.375 203.125 929.688 367.188 -273.438 828.125 281.250 15.625 921.875
-507.812 546.875 -570.312 312.500 359.375 843.750 132.812 250.000 945.312 359.375 -281.250 851.562 296.875 54.688 906.250
-578.125 570.312 -593.750 328.125 445.312 867.188 171.875 312.500 953.125 421.875 -234.375 851.562 312.500 62.500 890.625
-468.750 531.250 -554.688 304.688 359.375 796.875 164.062 304.688 906.250 445.312 -242.188 820.312 250.000 -15.625 898.438
-531.250 562.500 -578.125 335.938 257.812 812.500 148.438 218.750 937.500 398.438 -289.062 875.000 265.625 164.062 843.750
-500.000 585.938 -523.438 328.125 453.125 875.000 164.062 218.750 929.688 453.125 -296.875 851.562 304.688 62.500 914.062
-507.812 695.312 -500.000 250.000 562.500 804.688 179.688 289.062 953.125 554.688 -210.938 851.562 390.625 0.000 945.312
437.500 1101.562 -367.188 -812.500 2242.188 1617.188 257.812 1046.875 984.375 390.625 320.312 1000.000 492.188 164.062 875.000
-375.000 437.500 -328.125 273.438 804.688 953.125 -179.688 -257.812 750.000 406.250 -289.062 1007.812 0.000 132.812 804.688
-335.938 226.562 -492.188 742.188 203.125 820.312 101.562 648.438 742.188 218.750 -15.625 828.125 414.062 -125.000 929.688
-382.812 414.062 -671.875 -148.438 304.688 335.938 46.875 -46.875 726.562 187.500 -218.750 679.688 406.250 -101.562 953.125
