-445.312 773.438 -421.875 -101.562 -109.375 929.688 -109.375 109.375 953.125 62.500 -500.000 796.875 132.812 -179.688 945.312
-429.688 734.375 -406.250 -85.938 -125.000 937.500 -93.750 101.562 968.750 85.938 -515.625 820.312 156.250 -187.500 960.938
-398.438 757.812 -382.812 -78.125 -132.812 929.688 -93.750 85.938 960.938 85.938 -539.062 804.688 156.250 -179.688 953.125
-359.375 804.688 -359.375 -62.500 -148.438 937.500 -93.750 62.500 960.938 93.750 -531.250 812.500 148.438 -203.125 945.312
-304.688 882.812 -343.750 -39.062 -164.062 945.312 -78.125 70.312 968.750 78.125 -539.062 796.875 125.000 -218.750 921.875
-320.312 921.875 -367.188 -7.812 -148.438 984.375 -54.688 101.562 976.562 78.125 -546.875 781.250 117.188 -242.188 906.250
-328.125 921.875 -375.000 7.812 -132.812 1000.000 -39.062 93.750 992.188 85.938 -531.250 765.625 125.000 -250.000 898.438
-359.375 867.188 -390.625 0.000 -148.438 992.188 -46.875 78.125 1007.812 85.938 -546.875 812.500 140.625 -234.375 898.438
-382.812 835.938 -398.438 -31.250 -140.625 976.562 -46.875 78.125 1007.812 117.188 -539.062 789.062 171.875 -226.562 937.500
-382.812 835.938 -398.438 -31.250 -140.625 976.562 -46.875 78.125 1007.812 117.188 -539.062 789.062 171.875 -226.562 937.500
-390.625 812.500 -390.625 -31.250 -140.625 976.562 -39.062 101.562 1000.000 148.438 -531.250 828.125 210.938 -195.312 960.938
-398.438 796.875 -406.250 -39.062 -117.188 984.375 -39.062 109.375 992.188 148.438 -507.812 820.312 203.125 -187.500 960.938
-406.250 796.875 -414.062 -39.062 -109.375 968.750 -46.875 109.375 976.562 140.625 -515.625 820.312 203.125 -179.688 960.938
-398.438 796.875 -421.875 -46.875 -109.375 953.125 -46.875 109.375 984.375 148.438 -515.625 828.125 210.938 -171.875 960.938
-398.438 796.875 -421.875 -31.250 -109.375 960.938 -46.875 109.375 968.750 140.625 -507.812 820.312 203.125 -179.688 945.312
-390.625 820.312 -437.500 -23.438 -109.375 960.938 -46.875 117.188 976.562 132.812 -500.000 820.312 187.500 -179.688 937.500
-390.625 820.312 -437.500 -23.438 -109.375 960.938 -46.875 117.188 976.562 132.812 -500.000 820.312 187.500 -179.688 937.500
-351.562 851.562 -398.438 -7.812 -101.562 984.375 -31.250 117.188 984.375 125.000 -500.000 804.688 164.062 -187.500 921.875
-351.562 851.562 -398.438 -7.812 -101.562 984.375 -31.250 117.188 984.375 125.000 -500.000 804.688 164.062 -187.500 921.875
-382.812 843.750 -398.438 -23.438 -109.375 968.750 -39.062 109.375 984.375 117.188 -515.625 789.062 179.688 -187.500 921.875
-382.812 843.750 -398.438 -23.438 -109.375 968.750 -39.062 109.375 984.375 117.188 -515.625 789.062 179.688 -187.500 921.875
-359.375 765.625 -390.625 23.438 -117.188 1031.250 -23.438 125.000 1000.000 125.000 -531.250 796.875 195.312 -203.125 937.500
-390.625 796.875 -414.062 -7.812 -125.000 1000.000 -39.062 101.562 992.188 140.625 -531.250 812.500 179.688 -234.375 914.062
-382.812 820.312 -421.875 -7.812 -140.625 992.188 -23.438 78.125 1023.438 132.812 -546.875 812.500 171.875 -218.750 929.688
-359.375 843.750 -406.250 46.875 -156.250 1070.312 7.812 101.562 1062.500 140.625 -531.250 796.875 195.312 -203.125 929.688
-359.375 843.750 -390.625 39.062 -156.250 1078.125 -15.625 70.312 1054.688 156.250 -539.062 804.688 195.312 -203.125 945.312
-398.438 882.812 -414.062 -132.812 -70.312 914.062 54.688 7.812 1164.062 164.062 -585.938 796.875 203.125 -234.375 937.500
-398.438 882.812 -414.062 -132.812 -70.312 914.062 54.688 7.812 1164.062 164.062 -585.938 796.875 203.125 -234.375 937.500
-406.250 890.625 -429.688 -156.250 -117.188 875.000 -15.625 -46.875 1242.188 148.438 -671.875 820.312 218.750 -234.375 937.500
-421.875 796.875 -398.438 -335.938 -250.000 851.562 273.438 15.625 1281.250 195.312 -601.562 843.750 210.938 -359.375 945.312
-546.875 476.562 -539.062 -179.688 -265.625 914.062 -179.688 328.125 1132.812 242.188 -632.812 906.250 210.938 -265.625 1023.438
-570.312 429.688 -515.625 -171.875 -85.938 804.688 117.188 85.938 1015.625 265.625 -750.000 1164.062 257.812 -187.500 1125.000
-445.312 531.250 -398.438 -351.562 125.000 921.875 -437.500 -31.250 843.750 398.438 -828.125 1085.938 359.375 -70.312 1234.375
-320.312 726.562 -382.812 -250.000 85.938 835.938 -734.375 -78.125 210.938 -226.562 -531.250 468.750 500.000 -117.188 1250.000
-320.312 914.062 -437.500 -398.438 109.375 757.812 -632.812 78.125 328.125 23.438 -656.250 625.000 375.000 -195.312 1054.688
-273.438 960.938 -476.562 -304.688 117.188 882.812 -765.625 218.750 445.312 -171.875 -406.250 492.188 156.250 -218.750 875.000
-273.438 960.938 -476.562 -304.688 117.188 882.812 -765.625 218.750 445.312 -171.875 -406.250 492.188 156.250 -218.750 875.000
-289.062 867.188 -453.125 85.938 210.938 804.688 -585.938 703.125 539.062 -359.375 -500.000 406.250 -187.500 -320.312 570.312
-343.750 804.688 -500.000 -70.312 335.938 1062.500 -640.625 523.438 578.125 -226.562 -398.438 562.500 -148.438 -281.250 515.625
-445.312 1187.500 -625.000 62.500 125.000 1156.250 -617.188 492.188 804.688 -226.562 -562.500 726.562 -23.438 -234.375 734.375
-382.812 1000.000 -546.875 164.062 289.062 1250.000 -609.375 335.938 820.312 -101.562 -484.375 671.875 23.438 -320.312 859.375
-328.125 812.500 -445.312 -62.500 -101.562 875.000 -773.438 148.438 734.375 15.625 -765.625 773.438 117.188 -367.188 1000.000
-343.750 773.438 -398.438 -203.125 -156.250 843.750 -664.062 93.750 640.625 -7.812 -781.250 750.000 187.500 -273.438 1085.938
-335.938 757.812 -406.250 -367.188 -218.750 781.250 -726.562 101.562 570.312 7.812 -617.188 687.500 195.312 -265.625 1093.750
-351.562 742.188 -382.812 -203.125 -7.812 976.562 -593.750 328.125 742.188 -70.312 -726.562 734.375 85.938 -296.875 960.938
-351.562 742.188 -382.812 -203.125 -7.812 976.562 -593.750 328.125 742.188 -70.312 -726.562 734.375 85.938 -296.875 960.938
-406.250 710.938 -429.688 -109.375 148.438 1187.500 -617.188 437.500 765.625 -46.875 -539.062 781.250 -15.625 -281.250 851.562
-484.375 914.062 -507.812 -359.375 117.188 867.188 -609.375 328.125 539.062 -46.875 -515.625 726.562 78.125 -179.688 898.438
-445.312 789.062 -500.000 -343.750 54.688 859.375 -718.750 304.688 546.875 -101.562 -484.375 750.000 39.062 -140.625 875.000
-421.875 585.938 -460.938 -335.938 7.812 820.312 -757.812 210.938 515.625 -132.812 -562.500 664.062 62.500 -226.562 921.875
-429.688 703.125 -500.000 -335.938 -15.625 781.250 -710.938 210.938 484.375 -101.562 -570.312 703.125 54.688 -242.188 906.250
-414.062 757.812 -507.812 -343.750 -39.062 757.812 -750.000 210.938 507.812 -140.625 -539.062 671.875 15.625 -242.188 867.188
-406.250 601.562 -468.750 -226.562 46.875 937.500 -710.938 203.125 500.000 -132.812 -539.062 656.250 7.812 -203.125 835.938
-460.938 593.750 -484.375 -164.062 78.125 1054.688 -625.000 257.812 781.250 23.438 -648.438 812.500 93.750 -234.375 953.125
-460.938 593.750 -484.375 -164.062 78.125 1054.688 -625.000 257.812 781.250 23.438 -648.438 812.500 93.750 -234.375 953.125
-492.188 718.750 -546.875 -226.562 31.250 984.375 -664.062 226.562 718.750 70.312 -632.812 843.750 164.062 -257.812 1015.625
-382.812 703.125 -437.500 -320.312 -39.062 875.000 -718.750 156.250 585.938 -46.875 -640.625 742.188 54.688 -257.812 921.875
-382.812 703.125 -437.500 -320.312 -39.062 875.000 -718.750 156.250 585.938 -46.875 -640.625 742.188 54.688 -257.812 921.875
-414.062 679.688 -453.125 -359.375 -39.062 796.875 -726.562 179.688 554.688 -109.375 -578.125 679.688 46.875 -242.188 867.188
-414.062 679.688 -453.125 -359.375 -39.062 796.875 -726.562 179.688 554.688 -109.375 -578.125 679.688 46.875 -242.188 867.188
-460.938 718.750 -507.812 -250.000 -46.875 921.875 -656.250 164.062 703.125 -70.312 -585.938 687.500 62.500 -281.250 882.812
-476.562 742.188 -531.250 -226.562 -54.688 929.688 -656.250 156.250 734.375 -7.812 -671.875 718.750 78.125 -304.688 890.625
-476.562 757.812 -554.688 -171.875 -70.312 992.188 -656.250 156.250 843.750 -15.625 -718.750 796.875 117.188 -312.500 953.125
-476.562 757.812 -554.688 -171.875 -70.312 992.188 -656.250 156.250 843.750 -15.625 -718.750 796.875 117.188 -312.500 953.125
-476.562 757.812 -554.688 -171.875 -70.312 992.188 -656.250 156.250 843.750 -15.625 -718.750 796.875 117.188 -312.500 953.125
-500.000 843.750 -593.750 -179.688 -78.125 976.562 -648.438 117.188 781.250 78.125 -726.562 804.688 156.250 -312.500 1007.812
-414.062 1007.812 -523.438 -164.062 39.062 1070.312 -609.375 296.875 835.938 0.000 -687.500 765.625 93.750 -289.062 953.125
-398.438 1148.438 -406.250 -296.875 273.438 1109.375 -625.000 523.438 851.562 23.438 -609.375 812.500 156.250 -265.625 968.750
-304.688 976.562 -414.062 -226.562 273.438 1257.812 -578.125 617.188 898.438 46.875 -578.125 867.188 164.062 -210.938 960.938
-359.375 851.562 -398.438 -140.625 351.562 1406.250 -523.438 820.312 953.125 -117.188 -414.062 828.125 117.188 -195.312 929.688
-531.250 750.000 -390.625 -46.875 992.188 2265.625 -421.875 703.125 531.250 -54.688 -500.000 828.125 62.500 -312.500 914.062
-585.938 882.812 -460.938 671.875 -453.125 937.500 -1078.125 -570.312 125.000 -164.062 -304.688 718.750 54.688 31.250 789.062
-585.938 882.812 -460.938 671.875 -453.125 937.500 -1078.125 -570.312 125.000 -164.062 -304.688 718.750 54.688 31.250 789.062
-445.312 937.500 -718.750 -1031.250 -296.875 -679.688 -718.750 -914.062 453.125 -156.250 -453.125 734.375 62.500 -226.562 890.625
-171.875 429.688 -171.875 -1398.438 -265.625 -320.312 -796.875 -406.250 570.312 -140.625 -984.375 601.562 203.125 -531.250 1117.188
-484.375 343.750 -210.938 -578.125 -250.000 554.688 -742.188 -62.500 460.938 -7.812 -789.062 734.375 93.750 -187.500 984.375
-445.312 812.500 -320.312 -664.062 117.188 460.938 -578.125 70.312 750.000 -250.000 -632.812 601.562 -54.688 -289.062 804.688
-390.625 859.375 -257.812 -882.812 -62.500 570.312 -703.125 -31.250 773.438 39.062 -570.312 828.125 -46.875 -234.375 789.062
-460.938 1023.438 -296.875 -671.875 -7.812 773.438 -703.125 46.875 726.562 -62.500 -476.562 796.875 125.000 -195.312 921.875
-445.312 835.938 -242.188 -562.500 -179.688 804.688 -671.875 46.875 734.375 -15.625 -617.188 796.875 132.812 -226.562 968.750
-445.312 835.938 -242.188 -562.500 -179.688 804.688 -671.875 46.875 734.375 -15.625 -617.188 796.875 132.812 -226.562 968.750
-398.438 820.312 -187.500 -562.500 -171.875 835.938 -726.562 54.688 687.500 -54.688 -648.438 765.625 78.125 -257.812 960.938
-359.375 929.688 -218.750 -585.938 -203.125 750.000 -703.125 31.250 632.812 -125.000 -632.812 687.500 0.000 -289.062 875.000
-398.438 828.125 -203.125 -593.750 -234.375 656.250 -750.000 -7.812 531.250 -171.875 -625.000 648.438 -46.875 -296.875 851.562
-492.188 710.938 -273.438 -585.938 -242.188 664.062 -695.312 15.625 609.375 -234.375 -601.562 593.750 -46.875 -304.688 820.312
-437.500 687.500 -203.125 -562.500 -226.562 687.500 -679.688 15.625 640.625 -140.625 -625.000 679.688 -31.250 -296.875 835.938
-429.688 812.500 -195.312 -570.312 -218.750 718.750 -679.688 46.875 664.062 -148.438 -593.750 718.750 46.875 -242.188 914.062
-492.188 796.875 -226.562 -585.938 -164.062 750.000 -656.250 78.125 679.688 -109.375 -609.375 718.750 62.500 -234.375 929.688
-484.375 789.062 -242.188 -578.125 -148.438 757.812 -679.688 85.938 679.688 -93.750 -593.750 718.750 31.250 -210.938 898.438
-484.375 789.062 -242.188 -578.125 -148.438 757.812 -679.688 85.938 679.688 -93.750 -593.750 718.750 31.250 -210.938 898.438
-484.375 781.250 -242.188 -585.938 -148.438 757.812 -687.500 62.500 671.875 -125.000 -601.562 742.188 39.062 -218.750 890.625
-468.750 765.625 -218.750 -593.750 -210.938 703.125 -679.688 31.250 648.438 -101.562 -609.375 718.750 78.125 -234.375 953.125
-382.812 812.500 -171.875 -601.562 -179.688 695.312 -710.938 62.500 601.562 -117.188 -601.562 710.938 31.250 -210.938 898.438
-335.938 796.875 -156.250 -617.188 -171.875 671.875 -726.562 70.312 585.938 -148.438 -562.500 695.312 23.438 -218.750 890.625
-265.625 812.500 -93.750 -687.500 -125.000 625.000 -718.750 78.125 531.250 -148.438 -585.938 718.750 78.125 -203.125 937.500
-234.375 835.938 -70.312 -664.062 -156.250 609.375 -703.125 70.312 578.125 -93.750 -601.562 742.188 320.312 -187.500 1218.750
-234.375 835.938 -70.312 -664.062 -156.250 609.375 -703.125 70.312 578.125 -93.750 -601.562 742.188 320.312 -187.500 1218.750
-281.250 796.875 -93.750 -632.812 -140.625 601.562 -695.312 54.688 609.375 -23.438 -648.438 867.188 398.438 -156.250 1320.312
-445.312 734.375 -250.000 -578.125 -187.500 617.188 -695.312 -23.438 601.562 -15.625 -484.375 710.938 507.812 570.312 1500.000
-445.312 734.375 -250.000 -578.125 -187.500 617.188 -695.312 -23.438 601.562 -15.625 -484.375 710.938 507.812 570.312 1500.000
-406.250 734.375 -304.688 -523.438 -226.562 632.812 -679.688 15.625 554.688 -148.438 -421.875 687.500 31.250 -445.312 671.875
-406.250 734.375 -304.688 -523.438 -226.562 632.812 -679.688 15.625 554.688 -148.438 -421.875 687.500 31.250 -445.312 671.875
-492.188 843.750 -500.000 -414.062 -101.562 718.750 -460.938 164.062 609.375 -23.438 -531.250 671.875 -476.562 -632.812 335.938
-398.438 1015.625 -460.938 -179.688 -78.125 750.000 -398.438 -132.812 781.250 -320.312 -312.500 500.000 -671.875 -437.500 351.562
-500.000 1031.250 -484.375 -46.875 -93.750 703.125 -148.438 117.188 679.688 -351.562 -289.062 617.188 -500.000 -234.375 625.000
-531.250 898.438 -484.375 0.000 -70.312 906.250 70.312 203.125 1000.000 -85.938 -343.750 757.812 -484.375 -351.562 859.375
-539.062 843.750 -453.125 171.875 -101.562 960.938 -257.812 203.125 1070.312 109.375 -359.375 1039.062 -523.438 -242.188 789.062
-453.125 968.750 -429.688 320.312 281.250 1156.250 195.312 335.938 1218.750 109.375 -156.250 1039.062 -320.312 -398.438 1203.125
-453.125 968.750 -429.688 320.312 281.250 1156.250 195.312 335.938 1218.750 109.375 -156.250 1039.062 -320.312 -398.438 1203.125
-453.125 968.750 -429.688 320.312 281.250 1156.250 195.312 335.938 1218.750 109.375 -156.250 1039.062 -320.312 -398.438 1203.125
-460.938 898.438 -445.312 531.250 -70.312 1226.562 515.625 304.688 1273.438 304.688 -476.562 1070.312 -562.500 -54.688 437.500
-421.875 1085.938 -445.312 437.500 320.312 1367.188 289.062 554.688 1085.938 171.875 -187.500 914.062 -570.312 -109.375 390.625
-210.938 1250.000 -335.938 367.188 234.375 1281.250 250.000 375.000 1054.688 7.812 -156.250 773.438 -460.938 -125.000 468.750
-328.125 1523.438 -421.875 414.062 257.812 1296.875 320.312 554.688 1031.250 93.750 -187.500 804.688 -539.062 0.000 -23.438
-312.500 1656.250 -468.750 445.312 312.500 1382.812 265.625 539.062 976.562 62.500 -171.875 437.500 -601.562 -93.750 -320.312
-210.938 1656.250 -570.312 398.438 85.938 1257.812 -15.625 -93.750 906.250 -320.312 -273.438 421.875 -39.062 -835.938 437.500
-210.938 1656.250 -570.312 398.438 85.938 1257.812 -15.625 -93.750 906.250 -320.312 -273.438 421.875 -39.062 -835.938 437.500
-210.938 1656.250 -570.312 398.438 85.938 1257.812 -15.625 -93.750 906.250 -320.312 -273.438 421.875 -39.062 -835.938 437.500
-390.625 742.188 -398.438 343.750 -273.438 921.875 234.375 -429.688 1164.062 250.000 -921.875 546.875 257.812 -906.250 1085.938
-515.625 445.312 -242.188 85.938 -593.750 726.562 70.312 -500.000 1171.875 476.562 -1195.312 695.312 367.188 -1093.750 1156.250
-617.188 421.875 -109.375 -39.062 -632.812 664.062 -93.750 -437.500 992.188 515.625 -1039.062 765.625 406.250 -757.812 1101.562
-679.688 343.750 -125.000 -132.812 -531.250 664.062 23.438 -437.500 1023.438 500.000 -1062.500 750.000 382.812 -804.688 1132.812
-718.750 281.250 -140.625 -78.125 -585.938 679.688 -101.562 -445.312 1093.750 507.812 -953.125 828.125 406.250 -789.062 1085.938
-710.938 218.750 -93.750 -31.250 -632.812 757.812 -70.312 -406.250 1093.750 476.562 -992.188 765.625 382.812 -781.250 976.562
-320.312 289.062 187.500 -257.812 -648.438 515.625 -367.188 -390.625 679.688 70.312 -914.062 562.500 367.188 -773.438 835.938
-507.812 117.188 93.750 -437.500 -765.625 421.875 -343.750 -421.875 695.312 101.562 -828.125 460.938 570.312 -640.625 1078.125
-507.812 117.188 93.750 -437.500 -765.625 421.875 -343.750 -421.875 695.312 101.562 -828.125 460.938 570.312 -640.625 1078.125
-585.938 -85.938 23.438 -195.312 -648.438 578.125 -242.188 -304.688 828.125 93.750 -929.688 523.438 468.750 -257.812 1078.125
-632.812 78.125 -62.500 -304.688 -617.188 593.750 -195.312 -421.875 757.812 140.625 -960.938 398.438 578.125 -281.250 1210.938
-609.375 312.500 -242.188 -164.062 -664.062 640.625 -179.688 -468.750 843.750 226.562 -914.062 375.000 562.500 -367.188 1210.938
-367.188 781.250 -187.500 -78.125 -546.875 914.062 -265.625 -390.625 1015.625 171.875 -1132.812 640.625 359.375 -695.312 992.188
-367.188 781.250 -187.500 -78.125 -546.875 914.062 -265.625 -390.625 1015.625 171.875 -1132.812 640.625 359.375 -695.312 992.188
-367.188 1429.688 -343.750 -304.688 -546.875 828.125 -250.000 -523.438 1031.250 296.875 -1320.312 617.188 429.688 -742.188 1156.250
-367.188 1429.688 -343.750 -304.688 -546.875 828.125 -250.000 -523.438 1031.250 296.875 -1320.312 617.188 429.688 -742.188 1156.250
-210.938 1242.188 -31.250 -695.312 -234.375 421.875 -351.562 101.562 335.938 -531.250 -195.312 23.438 437.500 -453.125 726.562
-210.938 1242.188 -31.250 -695.312 -234.375 421.875 -351.562 101.562 335.938 -531.250 -195.312 23.438 437.500 -453.125 726.562
-515.625 585.938 -171.875 -625.000 -250.000 554.688 -546.875 15.625 593.750 -250.000 -703.125 218.750 -23.438 -421.875 195.312
-515.625 585.938 -171.875 -625.000 -250.000 554.688 -546.875 15.625 593.750 -250.000 -703.125 218.750 -23.438 -421.875 195.312
-515.625 945.312 -289.062 -523.438 -351.562 835.938 -554.688 -7.812 984.375 -265.625 -890.625 531.250 54.688 -734.375 625.000
-375.000 1460.938 -289.062 -632.812 -351.562 890.625 -468.750 15.625 1007.812 -171.875 -898.438 539.062 78.125 -679.688 781.250
-367.188 1359.375 -265.625 -601.562 -390.625 937.500 -484.375 -31.250 1078.125 -234.375 -781.250 609.375 23.438 -656.250 703.125
-375.000 1078.125 -210.938 -625.000 -390.625 953.125 -546.875 -7.812 960.938 -218.750 -773.438 539.062 -46.875 -750.000 703.125
-367.188 1085.938 -203.125 -625.000 -398.438 898.438 -468.750 -78.125 914.062 -218.750 -757.812 429.688 -23.438 -742.188 765.625
-320.312 968.750 -93.750 -648.438 -367.188 617.188 -593.750 -23.438 695.312 -398.438 -742.188 390.625 -85.938 -585.938 679.688
-320.312 968.750 -93.750 -648.438 -367.188 617.188 -593.750 -23.438 695.312 -398.438 -742.188 390.625 -85.938 -585.938 679.688
-304.688 828.125 -62.500 -609.375 -375.000 617.188 -632.812 -54.688 664.062 -406.250 -726.562 406.250 -93.750 -562.500 718.750
-375.000 703.125 -70.312 -671.875 -382.812 500.000 -632.812 -15.625 648.438 -414.062 -625.000 539.062 -78.125 -507.812 765.625
-390.625 718.750 -117.188 -632.812 -296.875 609.375 -539.062 109.375 750.000 -390.625 -562.500 562.500 -148.438 -476.562 781.250
-414.062 773.438 -171.875 -593.750 -257.812 687.500 -531.250 85.938 789.062 -562.500 -562.500 406.250 -195.312 -531.250 718.750
-421.875 867.188 -257.812 -593.750 -289.062 734.375 -515.625 156.250 789.062 -515.625 -601.562 437.500 -320.312 -601.562 539.062
-398.438 937.500 -281.250 -578.125 -226.562 765.625 -515.625 203.125 773.438 -546.875 -468.750 429.688 -351.562 -593.750 507.812
-437.500 812.500 -250.000 -500.000 -476.562 820.312 -523.438 23.438 609.375 -546.875 -414.062 476.562 -304.688 -421.875 554.688
-554.688 578.125 -335.938 -656.250 -23.438 562.500 -804.688 46.875 539.062 -460.938 -492.188 531.250 -210.938 -429.688 718.750
-554.688 578.125 -335.938 -656.250 -23.438 562.500 -804.688 46.875 539.062 -460.938 -492.188 531.250 -210.938 -429.688 718.750
-562.500 593.750 -335.938 -710.938 -312.500 406.250 -718.750 101.562 460.938 -515.625 -523.438 484.375 -195.312 -414.062 757.812
-492.188 679.688 -351.562 -734.375 -242.188 429.688 -898.438 195.312 70.312 -648.438 -531.250 289.062 -226.562 -492.188 671.875
-414.062 812.500 -390.625 -921.875 0.000 289.062 -789.062 -148.438 179.688 -781.250 -335.938 -125.000 -421.875 -664.062 156.250
-414.062 812.500 -390.625 -921.875 0.000 289.062 -789.062 -148.438 179.688 -781.250 -335.938 -125.000 -421.875 -664.062 156.250
-500.000 898.438 -421.875 -898.438 -78.125 375.000 -226.562 70.312 625.000 -539.062 -335.938 -140.625 -218.750 -703.125 281.250
-500.000 914.062 -414.062 -929.688 70.312 539.062 140.625 31.250 1039.062 -101.562 -414.062 156.250 54.688 -304.688 429.688
-640.625 890.625 -484.375 -1007.812 39.062 507.812 234.375 -226.562 1156.250 671.875 -609.375 953.125 210.938 -187.500 609.375
-765.625 828.125 -523.438 -718.750 -257.812 679.688 187.500 -125.000 1289.062 492.188 -640.625 773.438 507.812 -70.312 929.688
-765.625 828.125 -523.438 -718.750 -257.812 679.688 187.500 -125.000 1289.062 492.188 -640.625 773.438 507.812 -70.312 929.688
-640.625 718.750 -453.125 -867.188 -226.562 656.250 -125.000 -406.250 929.688 625.000 -640.625 984.375 656.250 -250.000 1195.312
-585.938 757.812 -445.312 -812.500 -265.625 500.000 62.500 -515.625 1015.625 570.312 -773.438 828.125 500.000 -437.500 1078.125
-492.188 687.500 -273.438 -773.438 -273.438 445.312 15.625 -562.500 1062.500 429.688 -695.312 617.188 343.750 -187.500 914.062
-375.000 859.375 -85.938 -703.125 -273.438 625.000 54.688 -554.688 968.750 593.750 -875.000 875.000 539.062 -226.562 1023.438
-390.625 867.188 -70.312 -695.312 -304.688 710.938 117.188 -640.625 945.312 648.438 -781.250 718.750 546.875 -460.938 1046.875
-390.625 843.750 -85.938 -625.000 -328.125 750.000 179.688 -679.688 960.938 609.375 -820.312 601.562 476.562 -390.625 953.125
-484.375 976.562 -101.562 -632.812 -367.188 765.625 125.000 -687.500 914.062 601.562 -882.812 585.938 476.562 -421.875 906.250
-453.125 914.062 -101.562 -601.562 -414.062 765.625 132.812 -726.562 890.625 609.375 -703.125 554.688 507.812 -437.500 906.250
-453.125 914.062 -101.562 -601.562 -414.062 765.625 132.812 -726.562 890.625 609.375 -703.125 554.688 507.812 -437.500 906.250
-554.688 812.500 -203.125 -640.625 -468.750 765.625 226.562 -679.688 992.188 765.625 -781.250 632.812 632.812 -429.688 929.688
-554.688 812.500 -203.125 -640.625 -468.750 765.625 226.562 -679.688 992.188 765.625 -781.250 632.812 632.812 -429.688 929.688
-632.812 796.875 -320.312 -734.375 -500.000 664.062 218.750 -656.250 945.312 742.188 -765.625 585.938 632.812 -382.812 953.125
-617.188 625.000 -382.812 -765.625 -226.562 492.188 62.500 -429.688 804.688 625.000 -710.938 570.312 640.625 -320.312 898.438
-585.938 570.312 -398.438 -710.938 -164.062 500.000 46.875 -367.188 765.625 539.062 -546.875 523.438 664.062 -281.250 945.312
-687.500 429.688 -546.875 -601.562 54.688 546.875 62.500 -187.500 554.688 562.500 -500.000 367.188 523.438 -273.438 789.062
-562.500 648.438 -421.875 -421.875 117.188 671.875 164.062 -140.625 742.188 390.625 -507.812 398.438 492.188 -273.438 828.125
-562.500 648.438 -421.875 -421.875 117.188 671.875 164.062 -140.625 742.188 390.625 -507.812 398.438 492.188 -273.438 828.125
-343.750 914.062 -281.250 -273.438 93.750 789.062 179.688 -62.500 804.688 320.312 -398.438 390.625 531.250 -171.875 937.500
-304.688 1156.250 -250.000 -140.625 -7.812 804.688 179.688 -367.188 890.625 304.688 -500.000 851.562 515.625 609.375 1843.750
-304.688 1156.250 -250.000 -140.625 -7.812 804.688 179.688 -367.188 890.625 304.688 -500.000 851.562 515.625 609.375 1843.750
-343.750 875.000 -179.688 156.250 -273.438 1109.375 468.750 -117.188 1117.188 1187.500 -679.688 976.562 445.312 15.625 968.750
-273.438 804.688 -164.062 281.250 -320.312 1179.688 437.500 -187.500 1085.938 523.438 -570.312 750.000 546.875 -117.188 1156.250
-367.188 1046.875 -210.938 195.312 -328.125 1187.500 406.250 -148.438 1054.688 679.688 -492.188 726.562 210.938 -312.500 1007.812
-390.625 875.000 -234.375 375.000 -351.562 1164.062 437.500 -101.562 1062.500 632.812 -570.312 710.938 101.562 -164.062 757.812
-468.750 851.562 -335.938 -85.938 -117.188 1015.625 343.750 187.500 1046.875 437.500 -281.250 679.688 -148.438 -54.688 562.500
-468.750 851.562 -335.938 -85.938 -117.188 1015.625 343.750 187.500 1046.875 437.500 -281.250 679.688 -148.438 -54.688 562.500
-468.750 851.562 -335.938 -85.938 -117.188 1015.625 343.750 187.500 1046.875 437.500 -281.250 679.688 -148.438 -54.688 562.500
-500.000 1140.625 -359.375 -140.625 109.375 835.938 320.312 218.750 906.250 382.812 -140.625 703.125 -273.438 23.438 468.750
-546.875 382.812 -437.500 -15.625 -54.688 1015.625 390.625 179.688 929.688 375.000 -179.688 679.688 -312.500 -46.875 671.875
-601.562 328.125 -492.188 156.250 -171.875 1062.500 648.438 132.812 1132.812 398.438 -250.000 757.812 -242.188 -23.438 898.438
-585.938 429.688 -500.000 164.062 -179.688 1078.125 414.062 85.938 1203.125 429.688 -390.625 960.938 -226.562 -15.625 976.562
-539.062 679.688 -445.312 375.000 -367.188 1179.688 664.062 164.062 1187.500 656.250 -296.875 937.500 -203.125 -7.812 1000.000
-304.688 812.500 -328.125 -54.688 117.188 968.750 226.562 257.812 1046.875 523.438 -359.375 898.438 -320.312 -148.438 875.000
-476.562 679.688 -414.062 109.375 -117.188 1078.125 -70.312 85.938 781.250 507.812 -265.625 742.188 -414.062 -273.438 718.750
-570.312 546.875 -500.000 62.500 39.062 953.125 398.438 210.938 718.750 250.000 15.625 484.375 -476.562 -343.750 593.750
-570.312 546.875 -500.000 62.500 39.062 953.125 398.438 210.938 718.750 250.000 15.625 484.375 -476.562 -343.750 593.750
-640.625 406.250 -484.375 -125.000 390.625 585.938 -265.625 -500.000 195.312 -593.750 164.062 710.938 -632.812 -437.500 226.562
-851.562 1023.438 -984.375 -7.812 -500.000 906.250 -78.125 -31.250 835.938 -31.250 -609.375 492.188 -343.750 -507.812 828.125
-523.438 1109.375 -742.188 23.438 -250.000 843.750 -296.875 7.812 656.250 -171.875 -718.750 656.250 -437.500 -500.000 632.812
-343.750 867.188 -492.188 0.000 250.000 953.125 -359.375 0.000 664.062 265.625 -546.875 632.812 -406.250 -367.188 570.312
-546.875 1164.062 -609.375 132.812 296.875 1242.188 -359.375 257.812 726.562 414.062 -359.375 664.062 -93.750 -312.500 921.875
-539.062 859.375 -460.938 -179.688 -93.750 1210.938 -484.375 437.500 625.000 460.938 -570.312 765.625 15.625 -335.938 976.562
-484.375 898.438 -429.688 -210.938 320.312 992.188 -398.438 148.438 648.438 382.812 -484.375 695.312 140.625 -335.938 1000.000
-484.375 898.438 -429.688 -210.938 320.312 992.188 -398.438 148.438 648.438 382.812 -484.375 695.312 140.625 -335.938 1000.000
-601.562 820.312 -546.875 -320.312 132.812 781.250 -562.500 31.250 625.000 375.000 -351.562 640.625 304.688 -93.750 945.312
-210.938 773.438 -242.188 -429.688 101.562 593.750 -554.688 203.125 554.688 109.375 -414.062 578.125 273.438 23.438 820.312
-304.688 617.188 -257.812 -242.188 156.250 781.250 -539.062 46.875 601.562 132.812 -640.625 515.625 242.188 109.375 765.625
-515.625 679.688 -429.688 -101.562 85.938 765.625 -171.875 -140.625 898.438 39.062 -484.375 500.000 492.188 187.500 1085.938
-375.000 851.562 -335.938 109.375 62.500 914.062 -70.312 -109.375 1093.750 617.188 -671.875 789.062 546.875 93.750 1304.688
-507.812 804.688 -414.062 117.188 117.188 1007.812 -85.938 -31.250 1117.188 734.375 -656.250 851.562 523.438 -7.812 1210.938
-523.438 781.250 -406.250 132.812 171.875 1054.688 -78.125 46.875 1125.000 632.812 -523.438 734.375 507.812 -31.250 1132.812
-570.312 750.000 -359.375 70.312 257.812 1171.875 -125.000 101.562 1125.000 562.500 -585.938 750.000 359.375 -31.250 929.688
-460.938 750.000 -320.312 62.500 109.375 1054.688 -171.875 -70.312 1007.812 507.812 -578.125 679.688 367.188 -132.812 929.688
-460.938 750.000 -320.312 62.500 109.375 1054.688 -171.875 -70.312 1007.812 507.812 -578.125 679.688 367.188 -132.812 929.688
-460.938 750.000 -320.312 62.500 109.375 1054.688 -171.875 -70.312 1007.812 507.812 -578.125 679.688 367.188 -132.812 929.688
-515.625 734.375 -312.500 39.062 117.188 984.375 -132.812 23.438 1000.000 507.812 -625.000 601.562 375.000 -148.438 890.625
-554.688 718.750 -351.562 109.375 125.000 1000.000 -93.750 -15.625 1000.000 476.562 -570.312 585.938 406.250 -140.625 882.812
-554.688 718.750 -351.562 109.375 125.000 1000.000 -93.750 -15.625 1000.000 476.562 -570.312 585.938 406.250 -140.625 882.812
-546.875 734.375 -351.562 101.562 109.375 992.188 -132.812 -31.250 992.188 523.438 -593.750 570.312 414.062 -148.438 890.625
-546.875 718.750 -351.562 46.875 117.188 953.125 -164.062 23.438 929.688 492.188 -578.125 578.125 351.562 -132.812 843.750
-570.312 679.688 -343.750 31.250 125.000 945.312 -164.062 23.438 914.062 468.750 -531.250 585.938 367.188 -109.375 843.750
-570.312 679.688 -343.750 31.250 125.000 945.312 -164.062 23.438 914.062 468.750 -531.250 585.938 367.188 -109.375 843.750
-554.688 648.438 -335.938 23.438 93.750 906.250 -171.875 -15.625 921.875 468.750 -554.688 570.312 367.188 -109.375 851.562
-531.250 679.688 -343.750 54.688 54.688 929.688 -140.625 -39.062 921.875 445.312 -562.500 570.312 335.938 -140.625 828.125
-531.250 679.688 -343.750 54.688 54.688 929.688 -140.625 -39.062 921.875 445.312 -562.500 570.312 335.938 -140.625 828.125
-531.250 703.125 -328.125 85.938 54.688 945.312 -85.938 -54.688 992.188 460.938 -562.500 562.500 359.375 -140.625 851.562
-523.438 710.938 -335.938 125.000 54.688 968.750 -140.625 -70.312 1007.812 460.938 -625.000 570.312 359.375 -171.875 851.562
-531.250 820.312 -351.562 164.062 15.625 984.375 -85.938 -101.562 992.188 523.438 -617.188 554.688 406.250 -203.125 867.188
-523.438 812.500 -351.562 140.625 15.625 976.562 -101.562 -101.562 1000.000 500.000 -625.000 562.500 398.438 -187.500 859.375
-500.000 812.500 -328.125 140.625 23.438 976.562 -101.562 -85.938 984.375 523.438 -625.000 570.312 390.625 -195.312 851.562
-500.000 812.500 -328.125 140.625 23.438 976.562 -101.562 -85.938 984.375 523.438 -625.000 570.312 390.625 -195.312 851.562
-437.500 875.000 -296.875 148.438 -7.812 1007.812 -117.188 -93.750 992.188 492.188 -710.938 593.750 375.000 -218.750 851.562
-460.938 882.812 -296.875 125.000 15.625 1000.000 -117.188 -54.688 976.562 468.750 -671.875 570.312 351.562 -203.125 820.312
-445.312 890.625 -281.250 93.750 31.250 1000.000 -156.250 -31.250 976.562 445.312 -648.438 585.938 359.375 -195.312 812.500
-437.500 843.750 -265.625 62.500 23.438 992.188 -156.250 -23.438 953.125 453.125 -593.750 585.938 375.000 -203.125 828.125
-429.688 820.312 -281.250 734.375 -132.812 937.500 -218.750 0.000 890.625 437.500 -585.938 593.750 367.188 -226.562 828.125
-421.875 835.938 -273.438 -70.312 23.438 1093.750 -179.688 -70.312 921.875 398.438 -562.500 570.312 382.812 -218.750 828.125
-406.250 765.625 -226.562 -15.625 7.812 960.938 -187.500 -23.438 906.250 375.000 -468.750 593.750 429.688 -226.562 828.125
-421.875 687.500 -203.125 -39.062 -7.812 937.500 -210.938 -46.875 882.812 414.062 -531.250 593.750 453.125 -210.938 835.938
-421.875 687.500 -203.125 -39.062 -7.812 937.500 -210.938 -46.875 882.812 414.062 -531.250 593.750 453.125 -210.938 835.938
-398.438 734.375 -257.812 -54.688 -85.938 968.750 -234.375 -70.312 843.750 343.750 -507.812 609.375 375.000 -210.938 796.875
-398.438 734.375 -257.812 -54.688 -85.938 968.750 -234.375 -70.312 843.750 343.750 -507.812 609.375 375.000 -210.938 796.875
-468.750 781.250 -343.750 -109.375 -54.688 906.250 -218.750 -15.625 835.938 289.062 -515.625 585.938 312.500 -234.375 742.188
-531.250 804.688 -406.250 -187.500 15.625 843.750 -195.312 0.000 820.312 281.250 -507.812 585.938 312.500 -226.562 687.500
-554.688 812.500 -437.500 -234.375 -7.812 804.688 -210.938 -31.250 812.500 312.500 -500.000 554.688 296.875 -226.562 656.250
-531.250 843.750 -421.875 -242.188 -62.500 796.875 -210.938 -101.562 796.875 320.312 -562.500 515.625 398.438 -289.062 703.125
