31.250 554.688 742.188 195.312 -625.000 718.750 62.500 -687.500 671.875 406.250 -867.188 -39.062 390.625 -851.562 218.750
62.500 539.062 781.250 195.312 -648.438 695.312 54.688 -742.188 656.250 406.250 -898.438 -62.500 382.812 -875.000 210.938
70.312 523.438 773.438 203.125 -671.875 687.500 62.500 -742.188 648.438 390.625 -914.062 -70.312 375.000 -882.812 218.750
62.500 531.250 773.438 226.562 -664.062 718.750 78.125 -750.000 656.250 406.250 -914.062 -78.125 382.812 -890.625 210.938
70.312 609.375 796.875 242.188 -656.250 734.375 101.562 -734.375 679.688 437.500 -898.438 -54.688 414.062 -875.000 210.938
78.125 609.375 804.688 257.812 -640.625 750.000 109.375 -726.562 703.125 445.312 -906.250 -31.250 414.062 -867.188 226.562
78.125 617.188 789.062 242.188 -632.812 750.000 101.562 -718.750 687.500 437.500 -898.438 -31.250 414.062 -867.188 226.562
62.500 617.188 781.250 226.562 -617.188 742.188 85.938 -687.500 671.875 437.500 -875.000 -39.062 414.062 -859.375 218.750
46.875 617.188 757.812 203.125 -601.562 726.562 78.125 -671.875 679.688 429.688 -851.562 -15.625 421.875 -843.750 226.562
39.062 601.562 734.375 195.312 -585.938 718.750 70.312 -671.875 671.875 421.875 -843.750 7.812 414.062 -843.750 226.562
39.062 617.188 742.188 195.312 -593.750 734.375 62.500 -664.062 664.062 414.062 -859.375 -7.812 398.438 -835.938 234.375
31.250 609.375 734.375 187.500 -593.750 726.562 70.312 -671.875 679.688 429.688 -851.562 0.000 406.250 -835.938 234.375
31.250 601.562 750.000 171.875 -617.188 718.750 54.688 -679.688 671.875 406.250 -859.375 15.625 398.438 -835.938 242.188
23.438 578.125 726.562 164.062 -625.000 710.938 39.062 -687.500 664.062 398.438 -875.000 7.812 390.625 -882.812 273.438
0.000 578.125 726.562 164.062 -617.188 695.312 39.062 -671.875 656.250 390.625 -875.000 0.000 382.812 -851.562 234.375
31.250 632.812 750.000 265.625 -523.438 804.688 70.312 -625.000 656.250 375.000 -882.812 -7.812 382.812 -843.750 242.188
31.250 687.500 765.625 203.125 -609.375 703.125 78.125 -671.875 710.938 468.750 -851.562 31.250 390.625 -859.375 273.438
46.875 617.188 750.000 226.562 -601.562 750.000 101.562 -671.875 703.125 429.688 -851.562 31.250 445.312 -742.188 179.688
31.250 609.375 750.000 226.562 -585.938 742.188 93.750 -656.250 687.500 460.938 -835.938 7.812 437.500 -835.938 250.000
39.062 601.562 757.812 171.875 -601.562 703.125 62.500 -664.062 664.062 421.875 -835.938 15.625 414.062 -835.938 234.375
39.062 617.188 781.250 179.688 -593.750 703.125 46.875 -656.250 648.438 390.625 -828.125 15.625 398.438 -828.125 250.000
62.500 648.438 796.875 179.688 -617.188 710.938 46.875 -695.312 664.062 414.062 -859.375 15.625 421.875 -843.750 250.000
62.500 640.625 789.062 164.062 -632.812 695.312 70.312 -710.938 664.062 429.688 -882.812 0.000 406.250 -843.750 250.000
46.875 726.562 867.188 281.250 -609.375 804.688 140.625 -679.688 757.812 500.000 -875.000 31.250 445.312 -835.938 250.000
78.125 750.000 882.812 265.625 -585.938 796.875 132.812 -656.250 734.375 468.750 -859.375 15.625 437.500 -843.750 250.000
101.562 695.312 851.562 265.625 -570.312 781.250 125.000 -679.688 687.500 460.938 -882.812 -7.812 445.312 -859.375 250.000
93.750 632.812 835.938 164.062 -656.250 703.125 125.000 -679.688 757.812 500.000 -882.812 39.062 437.500 -843.750 265.625
148.438 742.188 875.000 484.375 -609.375 968.750 226.562 -617.188 914.062 554.688 -875.000 148.438 414.062 -742.188 296.875
140.625 765.625 906.250 601.562 -414.062 1195.312 328.125 -554.688 976.562 570.312 -937.500 117.188 421.875 -812.500 289.062
531.250 1500.000 1671.875 671.875 -398.438 1398.438 382.812 -562.500 1085.938 593.750 -984.375 109.375 539.062 -789.062 250.000
859.375 1476.562 1468.750 648.438 -398.438 1359.375 320.312 -625.000 1046.875 664.062 -1046.875 164.062 781.250 -750.000 500.000
15.625 820.312 765.625 367.188 -679.688 812.500 187.500 -937.500 945.312 789.062 -1140.625 296.875 906.250 -1023.438 781.250
-15.625 898.438 632.812 312.500 -656.250 703.125 195.312 -882.812 906.250 804.688 -1093.750 312.500 812.500 -1210.938 750.000
-148.438 835.938 687.500 257.812 -687.500 648.438 125.000 -898.438 843.750 789.062 -1023.438 210.938 703.125 -1109.375 531.250
-132.812 757.812 718.750 234.375 -835.938 687.500 179.688 -890.625 820.312 679.688 -992.188 164.062 687.500 -921.875 375.000
7.812 578.125 992.188 296.875 -976.562 859.375 23.438 -992.188 789.062 406.250 -1234.375 -23.438 500.000 -1117.188 328.125
0.000 445.312 1078.125 296.875 -1023.438 867.188 31.250 -1078.125 812.500 476.562 -1289.062 -15.625 523.438 -1203.125 359.375
-54.688 31.250 1132.812 250.000 -1296.875 734.375 -15.625 -1320.312 796.875 507.812 -1453.125 -7.812 539.062 -1484.375 429.688
62.500 -445.312 1335.938 101.562 -1875.000 445.312 -250.000 -1812.500 640.625 304.688 -1859.375 -132.812 406.250 -1781.250 453.125
-117.188 -523.438 1367.188 31.250 -1968.750 187.500 -367.188 -2015.625 414.062 257.812 -2007.812 -296.875 375.000 -1929.688 421.875
-218.750 -460.938 1335.938 23.438 -1976.562 109.375 -359.375 -1976.562 328.125 218.750 -2007.812 -382.812 351.562 -1992.188 359.375
-359.375 -242.188 1257.812 -226.562 -2070.312 -179.688 -539.062 -2039.062 140.625 -39.062 -1851.562 -539.062 78.125 -2156.250 156.250
-359.375 -265.625 1265.625 -46.875 -2062.500 -445.312 -296.875 -2031.250 -54.688 -54.688 -1765.625 -750.000 46.875 -2007.812 -125.000
-234.375 -148.438 1406.250 257.812 -1132.812 289.062 -31.250 -1148.438 257.812 39.062 -1414.062 -570.312 117.188 -1570.312 -7.812
-187.500 46.875 1296.875 281.250 -820.312 632.812 -78.125 -968.750 476.562 125.000 -1406.250 -203.125 39.062 -1015.625 -62.500
-289.062 -304.688 976.562 437.500 -1421.875 382.812 218.750 -1039.062 882.812 476.562 -1218.750 281.250 187.500 -1335.938 531.250
-484.375 -195.312 859.375 406.250 -476.562 820.312 78.125 -867.188 742.188 453.125 -1109.375 289.062 359.375 -1093.750 578.125
-203.125 156.250 1054.688 359.375 -656.250 429.688 -62.500 -679.688 445.312 46.875 -1156.250 -54.688 -23.438 -1125.000 281.250
-273.438 492.188 937.500 273.438 -976.562 421.875 -109.375 -945.312 531.250 39.062 -1140.625 -39.062 -109.375 -1218.750 289.062
-250.000 -31.250 703.125 515.625 -875.000 484.375 140.625 -835.938 632.812 187.500 -1062.500 109.375 -54.688 -1070.312 375.000
-507.812 125.000 750.000 312.500 -664.062 359.375 23.438 -664.062 484.375 117.188 -875.000 62.500 46.875 -937.500 343.750
-273.438 179.688 421.875 273.438 -460.938 460.938 70.312 -437.500 500.000 273.438 -656.250 62.500 195.312 -726.562 281.250
-890.625 210.938 171.875 328.125 -398.438 546.875 234.375 -312.500 601.562 429.688 -562.500 164.062 335.938 -578.125 351.562
-812.500 359.375 257.812 367.188 23.438 578.125 312.500 -62.500 617.188 531.250 -304.688 273.438 492.188 -398.438 398.438
-1000.000 1093.750 117.188 546.875 -109.375 640.625 335.938 85.938 664.062 453.125 -281.250 328.125 335.938 -234.375 390.625
-773.438 835.938 289.062 484.375 328.125 710.938 429.688 304.688 679.688 546.875 -54.688 414.062 398.438 -62.500 414.062
-742.188 867.188 15.625 523.438 281.250 796.875 367.188 296.875 718.750 468.750 -62.500 460.938 351.562 -15.625 421.875
-734.375 648.438 -46.875 351.562 273.438 757.812 203.125 335.938 687.500 375.000 -31.250 515.625 304.688 31.250 492.188
-664.062 562.500 -101.562 234.375 179.688 656.250 78.125 257.812 625.000 234.375 -62.500 515.625 164.062 54.688 492.188
-539.062 562.500 -101.562 148.438 164.062 601.562 31.250 226.562 578.125 257.812 -70.312 507.812 257.812 31.250 539.062
-554.688 445.312 -132.812 93.750 117.188 546.875 0.000 164.062 570.312 296.875 -109.375 531.250 312.500 31.250 570.312
-398.438 312.500 -109.375 54.688 -23.438 500.000 -78.125 62.500 570.312 203.125 -218.750 562.500 203.125 -15.625 648.438
-406.250 390.625 -187.500 101.562 125.000 523.438 23.438 195.312 570.312 273.438 -62.500 546.875 265.625 85.938 601.562
-539.062 406.250 -359.375 304.688 351.562 640.625 289.062 375.000 679.688 578.125 78.125 656.250 515.625 234.375 617.188
-531.250 546.875 -351.562 460.938 382.812 671.875 375.000 414.062 703.125 578.125 109.375 656.250 375.000 390.625 640.625
-585.938 781.250 -476.562 890.625 593.750 812.500 859.375 617.188 953.125 1171.875 312.500 812.500 765.625 335.938 523.438
-726.562 804.688 -437.500 781.250 523.438 890.625 656.250 554.688 984.375 890.625 195.312 914.062 718.750 414.062 750.000
-437.500 1171.875 -609.375 664.062 585.938 1078.125 617.188 1015.625 953.125 632.812 156.250 914.062 242.188 234.375 781.250
-570.312 1156.250 -367.188 398.438 328.125 867.188 250.000 531.250 1023.438 492.188 109.375 1125.000 210.938 460.938 773.438
-375.000 765.625 203.125 -1070.312 2289.062 2343.750 617.188 1343.750 710.938 453.125 453.125 1125.000 367.188 1390.625 796.875
289.062 -1140.625 570.312 -773.438 1281.250 523.438 -250.000 1148.438 195.312 1039.062 320.312 1085.938 687.500 1046.875 773.438
234.375 -578.125 492.188 -664.062 968.750 218.750 -242.188 1031.250 -218.750 398.438 476.562 390.625 1015.625 656.250 1000.000
-203.125 234.375 -601.562 39.062 929.688 460.938 -226.562 781.250 -257.812 -203.125 -39.062 -328.125 507.812 -1132.812 570.312
-250.000 1171.875 -960.938 2992.188 1085.938 703.125 -703.125 -46.875 -39.062 -578.125 -101.562 -242.188 -968.750 -289.062 -617.188
-460.938 2593.750 -843.750 757.812 101.562 726.562 -437.500 109.375 492.188 -210.938 -578.125 500.000 -710.938 414.062 156.250
-593.750 2156.250 -554.688 -1375.000 -320.312 945.312 234.375 515.625 1125.000 -132.812 -179.688 820.312 -148.438 -273.438 1101.562
-304.688 1000.000 -515.625 -789.062 250.000 695.312 -375.000 671.875 859.375 -382.812 343.750 960.938 -515.625 203.125 585.938
-453.125 1000.000 -492.188 -796.875 312.500 390.625 -867.188 546.875 500.000 -601.562 195.312 750.000 -523.438 234.375 679.688
-281.250 867.188 -460.938 -2609.375 281.250 375.000 1320.312 757.812 523.438 -640.625 -195.312 546.875 -578.125 78.125 921.875
-343.750 695.312 -507.812 -796.875 -218.750 375.000 -710.938 39.062 601.562 -531.250 -367.188 789.062 -460.938 -210.938 1078.125
-351.562 734.375 -585.938 -976.562 -406.250 617.188 -851.562 250.000 992.188 -453.125 -226.562 1101.562 -554.688 -15.625 1210.938
-390.625 937.500 -523.438 -835.938 187.500 820.312 -773.438 312.500 796.875 -554.688 -406.250 1125.000 -546.875 -117.188 1281.250
-140.625 1078.125 -195.312 -1312.500 648.438 632.812 867.188 2070.312 1820.312 -718.750 -304.688 945.312 -648.438 -125.000 1039.062
-132.812 1398.438 -132.812 -500.000 445.312 1148.438 -578.125 695.312 671.875 -812.500 -101.562 601.562 -726.562 -85.938 632.812
-125.000 1320.312 -125.000 -460.938 437.500 1164.062 -484.375 703.125 859.375 -593.750 7.812 796.875 -656.250 15.625 601.562
-250.000 1218.750 -226.562 -523.438 343.750 1023.438 -562.500 585.938 882.812 -523.438 23.438 968.750 -570.312 101.562 765.625
-195.312 1046.875 -210.938 -656.250 210.938 765.625 -562.500 484.375 757.812 -507.812 -125.000 1000.000 -476.562 78.125 1046.875
-210.938 906.250 -289.062 -585.938 179.688 726.562 -625.000 375.000 726.562 -484.375 -234.375 992.188 -406.250 7.812 1132.812
-257.812 789.062 -375.000 -609.375 125.000 765.625 -625.000 359.375 742.188 -523.438 -265.625 937.500 -476.562 -46.875 1070.312
-234.375 812.500 -343.750 -664.062 117.188 703.125 -687.500 359.375 679.688 -585.938 -281.250 914.062 -515.625 -46.875 1054.688
-257.812 929.688 -289.062 -750.000 132.812 656.250 -765.625 359.375 593.750 -648.438 -281.250 835.938 -562.500 -70.312 984.375
-218.750 984.375 -226.562 -601.562 218.750 804.688 -648.438 453.125 648.438 -632.812 -171.875 765.625 -570.312 -46.875 796.875
-156.250 1156.250 -109.375 -609.375 289.062 828.125 -562.500 531.250 679.688 -632.812 -15.625 757.812 -554.688 0.000 734.375
-257.812 1195.312 -156.250 -523.438 273.438 937.500 -500.000 554.688 757.812 -609.375 -39.062 718.750 -539.062 -54.688 687.500
15.625 1187.500 15.625 -828.125 -226.562 1093.750 -312.500 640.625 882.812 -460.938 0.000 992.188 -507.812 31.250 867.188
-101.562 1179.688 62.500 -539.062 125.000 937.500 -546.875 359.375 859.375 -453.125 -351.562 992.188 -296.875 -78.125 1242.188
-421.875 890.625 -273.438 -601.562 62.500 734.375 -617.188 281.250 695.312 -539.062 -125.000 796.875 -507.812 -93.750 726.562
-453.125 867.188 -304.688 -664.062 31.250 695.312 -632.812 320.312 656.250 -570.312 -226.562 757.812 -546.875 -132.812 765.625
-148.438 968.750 -132.812 -617.188 70.312 710.938 -648.438 312.500 609.375 -546.875 -218.750 710.938 -453.125 -140.625 773.438
-460.938 992.188 -257.812 -679.688 15.625 695.312 -703.125 250.000 617.188 -570.312 -289.062 718.750 -484.375 -203.125 804.688
-117.188 914.062 31.250 -539.062 -93.750 765.625 -562.500 187.500 750.000 -539.062 -273.438 703.125 -515.625 -257.812 765.625
140.625 812.500 195.312 -460.938 -54.688 937.500 -507.812 281.250 859.375 -523.438 -234.375 765.625 -515.625 -210.938 734.375
-62.500 882.812 312.500 -546.875 -15.625 859.375 -617.188 218.750 726.562 -554.688 -289.062 718.750 -531.250 -203.125 750.000
-210.938 867.188 171.875 -468.750 -117.188 851.562 -617.188 164.062 734.375 -554.688 -351.562 695.312 -570.312 -250.000 703.125
-125.000 765.625 210.938 -695.312 -140.625 601.562 -804.688 78.125 570.312 -578.125 -351.562 664.062 -570.312 -304.688 710.938
-265.625 851.562 164.062 -835.938 -187.500 390.625 -828.125 -23.438 445.312 -593.750 -343.750 640.625 -578.125 -304.688 679.688
-367.188 867.188 62.500 -671.875 -93.750 492.188 -710.938 140.625 406.250 -656.250 -304.688 476.562 -585.938 -250.000 593.750
-375.000 953.125 125.000 -710.938 62.500 507.812 -695.312 281.250 390.625 -617.188 -125.000 460.938 -562.500 -156.250 484.375
-398.438 968.750 109.375 -640.625 -31.250 617.188 -601.562 203.125 750.000 -382.812 -54.688 906.250 -531.250 78.125 625.000
-476.562 859.375 39.062 -648.438 23.438 726.562 -640.625 242.188 750.000 -453.125 -195.312 960.938 -515.625 -23.438 875.000
-781.250 617.188 -242.188 -437.500 -85.938 882.812 -585.938 203.125 750.000 -570.312 -320.312 726.562 -585.938 -226.562 742.188
0.000 671.875 179.688 -390.625 -156.250 859.375 -656.250 132.812 648.438 -640.625 -406.250 585.938 -601.562 -296.875 710.938
-437.500 1210.938 93.750 -601.562 -70.312 687.500 -773.438 171.875 492.188 -718.750 -406.250 507.812 -343.750 -179.688 984.375
-351.562 1062.500 117.188 -703.125 -93.750 671.875 -609.375 234.375 492.188 -757.812 -382.812 500.000 289.062 101.562 1500.000
-414.062 390.625 46.875 -960.938 23.438 460.938 -539.062 273.438 250.000 -734.375 -132.812 187.500 -906.250 -296.875 54.688
-132.812 640.625 195.312 -1023.438 125.000 156.250 -664.062 148.438 -62.500 -718.750 -46.875 23.438 -828.125 -242.188 -125.000
-187.500 632.812 210.938 -671.875 968.750 445.312 507.812 1273.438 828.125 -398.438 -39.062 210.938 -515.625 23.438 39.062
-203.125 460.938 195.312 -906.250 289.062 257.812 39.062 429.688 554.688 -179.688 164.062 445.312 -351.562 179.688 218.750
-312.500 906.250 85.938 -632.812 -132.812 750.000 -132.812 187.500 1000.000 7.812 -187.500 656.250 101.562 62.500 921.875
-281.250 1039.062 117.188 -437.500 117.188 984.375 -117.188 -109.375 1093.750 93.750 -203.125 820.312 54.688 78.125 921.875
-62.500 1054.688 304.688 -632.812 140.625 921.875 -304.688 78.125 898.438 242.188 -93.750 851.562 62.500 -46.875 882.812
-23.438 1218.750 242.188 -648.438 31.250 773.438 -437.500 -226.562 726.562 335.938 -289.062 820.312 46.875 54.688 796.875
-210.938 757.812 148.438 -687.500 -7.812 468.750 -187.500 -62.500 664.062 507.812 -23.438 601.562 234.375 62.500 679.688
-234.375 710.938 117.188 -625.000 23.438 492.188 -234.375 -46.875 609.375 562.500 -132.812 601.562 320.312 78.125 679.688
-312.500 726.562 62.500 -585.938 125.000 656.250 -171.875 -156.250 398.438 398.438 -171.875 398.438 500.000 -70.312 757.812
-328.125 875.000 39.062 -562.500 0.000 656.250 -15.625 85.938 421.875 539.062 -46.875 312.500 507.812 -203.125 773.438
-367.188 960.938 -7.812 -390.625 195.312 718.750 375.000 -164.062 757.812 484.375 -375.000 312.500 562.500 -195.312 625.000
-414.062 1070.312 -46.875 -203.125 23.438 976.562 820.312 -335.938 937.500 609.375 -304.688 320.312 671.875 -312.500 742.188
-343.750 1031.250 70.312 -210.938 -195.312 1210.938 648.438 -593.750 1226.562 1187.500 -445.312 460.938 726.562 -218.750 859.375
-375.000 1039.062 78.125 -164.062 -273.438 1117.188 601.562 -695.312 1140.625 1429.688 -687.500 593.750 851.562 195.312 703.125
-187.500 640.625 140.625 -406.250 -382.812 523.438 164.062 -640.625 632.812 976.562 -539.062 460.938 937.500 7.812 914.062
-132.812 445.312 164.062 -523.438 -515.625 312.500 210.938 -437.500 671.875 851.562 -250.000 320.312 835.938 -109.375 687.500
-46.875 359.375 148.438 -359.375 -445.312 250.000 46.875 -460.938 367.188 773.438 -335.938 203.125 757.812 -46.875 429.688
62.500 515.625 195.312 -234.375 -437.500 335.938 281.250 -484.375 523.438 812.500 -210.938 242.188 773.438 -85.938 554.688
-54.688 820.312 148.438 -85.938 -265.625 796.875 765.625 -382.812 710.938 1109.375 -289.062 148.438 968.750 -148.438 523.438
-179.688 835.938 39.062 140.625 -460.938 1007.812 875.000 -429.688 835.938 1140.625 -312.500 195.312 1000.000 -156.250 585.938
31.250 1093.750 210.938 179.688 -398.438 1296.875 1023.438 -562.500 984.375 1390.625 -414.062 265.625 1203.125 -179.688 718.750
-148.438 1507.812 273.438 171.875 -343.750 1382.812 1117.188 -546.875 1000.000 1468.750 -398.438 226.562 1265.625 -179.688 703.125
-312.500 1343.750 156.250 382.812 -171.875 1875.000 1296.875 -437.500 1242.188 1585.938 -382.812 328.125 1320.312 -148.438 765.625
-375.000 1398.438 101.562 289.062 -187.500 1750.000 1234.375 -437.500 1187.500 1531.250 -375.000 320.312 1273.438 -148.438 726.562
-187.500 1343.750 117.188 179.688 -164.062 1492.188 1046.875 -367.188 1031.250 1382.812 -296.875 265.625 1187.500 -117.188 648.438
-78.125 1039.062 62.500 39.062 -226.562 1031.250 750.000 -273.438 750.000 1062.500 -210.938 148.438 976.562 -93.750 460.938
-70.312 875.000 15.625 -54.688 -335.938 695.312 453.125 -140.625 421.875 859.375 -179.688 -15.625 875.000 -85.938 343.750
-39.062 812.500 70.312 -109.375 -179.688 656.250 507.812 -312.500 437.500 812.500 -218.750 -7.812 812.500 -148.438 359.375
109.375 968.750 140.625 62.500 -148.438 945.312 656.250 -296.875 617.188 929.688 -265.625 101.562 835.938 -156.250 421.875
-148.438 1109.375 117.188 117.188 -132.812 1179.688 875.000 -351.562 828.125 1203.125 -304.688 195.312 1062.500 -132.812 593.750
-117.188 1210.938 109.375 93.750 -312.500 1187.500 937.500 -281.250 953.125 1281.250 -226.562 242.188 1125.000 -78.125 593.750
-171.875 1203.125 54.688 125.000 -406.250 1132.812 953.125 -335.938 960.938 1304.688 -250.000 265.625 1125.000 -85.938 601.562
-273.438 679.688 -78.125 140.625 -304.688 1156.250 937.500 -562.500 851.562 1304.688 -492.188 226.562 1171.875 -289.062 773.438
-242.188 1000.000 46.875 85.938 54.688 1132.812 781.250 -312.500 664.062 1140.625 -343.750 62.500 1117.188 -210.938 593.750
-304.688 1289.062 148.438 15.625 109.375 1000.000 632.812 -257.812 632.812 937.500 -273.438 85.938 875.000 -195.312 437.500
-468.750 1437.500 -78.125 7.812 -85.938 906.250 546.875 -343.750 609.375 828.125 -343.750 132.812 726.562 -226.562 468.750
-390.625 1039.062 117.188 46.875 -109.375 937.500 625.000 -437.500 687.500 890.625 -445.312 226.562 695.312 -226.562 648.438
-93.750 1125.000 242.188 54.688 39.062 921.875 445.312 -210.938 710.938 796.875 -273.438 257.812 718.750 -85.938 562.500
-164.062 1015.625 171.875 -46.875 203.125 851.562 484.375 -210.938 703.125 835.938 -257.812 265.625 703.125 -70.312 546.875
-125.000 875.000 171.875 0.000 179.688 890.625 429.688 -132.812 750.000 843.750 -210.938 289.062 742.188 -31.250 585.938
-93.750 960.938 148.438 0.000 312.500 921.875 390.625 -179.688 773.438 835.938 -187.500 375.000 726.562 0.000 617.188
-156.250 945.312 156.250 39.062 203.125 859.375 367.188 -171.875 718.750 789.062 -195.312 359.375 671.875 -7.812 593.750
101.562 1007.812 117.188 -23.438 304.688 835.938 390.625 -179.688 695.312 804.688 -195.312 359.375 695.312 23.438 625.000
-7.812 937.500 328.125 0.000 242.188 828.125 414.062 23.438 757.812 812.500 -171.875 367.188 703.125 46.875 625.000
414.062 921.875 648.438 -15.625 460.938 828.125 585.938 15.625 835.938 1007.812 -39.062 445.312 929.688 164.062 679.688
46.875 867.188 640.625 -164.062 445.312 585.938 671.875 -62.500 867.188 1078.125 -31.250 507.812 953.125 187.500 695.312
-312.500 1093.750 171.875 -250.000 421.875 398.438 570.312 -210.938 859.375 945.312 -164.062 515.625 742.188 0.000 671.875
-367.188 1226.562 -117.188 46.875 234.375 539.062 492.188 -187.500 765.625 828.125 -226.562 476.562 617.188 -117.188 671.875
-601.562 1101.562 -570.312 515.625 -585.938 328.125 421.875 140.625 867.188 437.500 -101.562 304.688 375.000 -31.250 476.562
-593.750 601.562 -835.938 500.000 101.562 468.750 93.750 -429.688 609.375 421.875 -398.438 562.500 250.000 -31.250 757.812
-1000.000 140.625 -937.500 609.375 484.375 1187.500 -210.938 203.125 867.188 476.562 -117.188 539.062 390.625 -62.500 671.875
-976.562 0.000 -976.562 671.875 835.938 1476.562 312.500 500.000 906.250 554.688 54.688 570.312 406.250 179.688 617.188
-796.875 203.125 -484.375 171.875 507.812 906.250 156.250 578.125 632.812 492.188 164.062 562.500 453.125 367.188 617.188
-523.438 1007.812 -226.562 -570.312 1085.938 203.125 453.125 2320.312 1500.000 164.062 7.812 453.125 179.688 351.562 562.500
-640.625 1273.438 -359.375 578.125 828.125 1062.500 171.875 789.062 671.875 23.438 289.062 578.125 15.625 445.312 445.312
-578.125 1015.625 -250.000 320.312 1023.438 1078.125 234.375 851.562 703.125 289.062 273.438 625.000 -15.625 351.562 492.188
-234.375 1078.125 -15.625 351.562 523.438 742.188 195.312 578.125 664.062 304.688 164.062 625.000 125.000 359.375 570.312
-476.562 1023.438 -203.125 484.375 500.000 812.500 351.562 484.375 750.000 484.375 109.375 640.625 281.250 281.250 648.438
-507.812 625.000 -421.875 617.188 359.375 796.875 507.812 359.375 875.000 757.812 7.812 703.125 507.812 203.125 804.688
-554.688 500.000 -539.062 703.125 320.312 804.688 625.000 320.312 945.312 882.812 -39.062 710.938 640.625 156.250 859.375
-515.625 429.688 -398.438 1062.500 265.625 953.125 937.500 218.750 1187.500 1187.500 -148.438 765.625 875.000 54.688 1000.000
-406.250 726.562 -296.875 1171.875 117.188 1007.812 960.938 117.188 1257.812 1265.625 -273.438 765.625 960.938 -7.812 1078.125
-585.938 914.062 -375.000 867.188 445.312 968.750 585.938 273.438 851.562 960.938 -351.562 625.000 703.125 242.188 812.500
-593.750 546.875 -562.500 78.125 492.188 1085.938 -218.750 531.250 695.312 -62.500 -242.188 562.500 -382.812 -15.625 500.000
-687.500 476.562 -492.188 -203.125 375.000 1007.812 -460.938 546.875 609.375 -406.250 -203.125 468.750 -484.375 7.812 437.500
-320.312 742.188 -218.750 -421.875 187.500 820.312 -390.625 54.688 898.438 -351.562 -882.812 367.188 -468.750 -156.250 742.188
-187.500 656.250 -164.062 195.312 593.750 1171.875 117.188 476.562 945.312 -7.812 54.688 593.750 -195.312 195.312 421.875
-421.875 1562.500 -23.438 703.125 -250.000 429.688 304.688 -351.562 710.938 632.812 -304.688 515.625 726.562 -62.500 898.438
-375.000 1601.562 15.625 742.188 -343.750 882.812 476.562 -585.938 1500.000 1054.688 -507.812 601.562 789.062 -437.500 968.750
-515.625 906.250 -242.188 1070.312 78.125 1023.438 585.938 -296.875 796.875 1812.500 -1632.812 46.875 945.312 -984.375 1320.312
-343.750 1539.062 78.125 609.375 -203.125 921.875 312.500 -242.188 1140.625 1289.062 -718.750 406.250 1304.688 -281.250 1007.812
-15.625 789.062 171.875 -468.750 398.438 578.125 -250.000 257.812 742.188 835.938 -320.312 531.250 968.750 93.750 710.938
-460.938 789.062 -78.125 -609.375 437.500 562.500 -429.688 257.812 625.000 640.625 -242.188 507.812 710.938 101.562 671.875
-921.875 726.562 -507.812 -460.938 132.812 640.625 -406.250 101.562 734.375 640.625 -281.250 585.938 593.750 70.312 726.562
125.000 757.812 125.000 -429.688 453.125 656.250 -257.812 101.562 835.938 765.625 -328.125 507.812 695.312 -15.625 703.125
-328.125 1031.250 -109.375 -250.000 257.812 750.000 -203.125 7.812 781.250 773.438 -414.062 414.062 695.312 -78.125 710.938
-429.688 976.562 -140.625 -125.000 179.688 820.312 -109.375 -93.750 875.000 796.875 -507.812 406.250 750.000 -125.000 789.062
-132.812 937.500 -101.562 23.438 109.375 921.875 0.000 -179.688 1007.812 882.812 -617.188 398.438 789.062 -203.125 851.562
-289.062 1054.688 -125.000 -70.312 250.000 882.812 -109.375 -70.312 945.312 757.812 -484.375 476.562 648.438 -101.562 781.250
-273.438 921.875 -101.562 -476.562 2296.875 -601.562 1523.438 2937.500 2187.500 125.000 -507.812 304.688 531.250 -7.812 703.125
-398.438 835.938 -101.562 1945.312 429.688 343.750 -257.812 93.750 718.750 898.438 -523.438 828.125 687.500 23.438 804.688
-609.375 812.500 -304.688 -101.562 835.938 890.625 -250.000 117.188 882.812 695.312 -312.500 671.875 593.750 85.938 695.312
-460.938 773.438 -203.125 -1351.562 2695.312 -726.562 1914.062 3882.812 2843.750 492.188 -421.875 648.438 820.312 46.875 929.688
-390.625 710.938 -203.125 -492.188 906.250 1328.125 -109.375 117.188 1164.062 875.000 -710.938 882.812 867.188 70.312 1007.812
-500.000 898.438 -203.125 343.750 804.688 1195.312 -78.125 62.500 1179.688 820.312 -703.125 851.562 773.438 62.500 1007.812
-265.625 671.875 -85.938 31.250 320.312 1039.062 -117.188 203.125 1210.938 867.188 -679.688 960.938 671.875 78.125 1031.250
101.562 648.438 140.625 -1570.312 -523.438 1257.812 -437.500 -570.312 968.750 687.500 -546.875 570.312 476.562 -15.625 882.812
328.125 562.500 367.188 -617.188 882.812 710.938 -554.688 164.062 140.625 507.812 -468.750 562.500 382.812 7.812 1046.875
320.312 617.188 328.125 -242.188 804.688 546.875 -601.562 164.062 85.938 234.375 -273.438 406.250 500.000 39.062 1054.688
-117.188 570.312 117.188 -703.125 562.500 273.438 -570.312 343.750 312.500 437.500 -515.625 593.750 859.375 -93.750 1132.812
-460.938 820.312 -234.375 -640.625 437.500 476.562 -429.688 984.375 562.500 -7.812 -1109.375 132.812 1914.062 -39.062 1796.875
-421.875 781.250 -460.938 -382.812 906.250 585.938 -617.188 -296.875 1156.250 726.562 -601.562 546.875 -62.500 -406.250 -375.000
-359.375 921.875 -554.688 -382.812 156.250 625.000 -453.125 281.250 960.938 242.188 1015.625 828.125 -1000.000 -156.250 -976.562
-468.750 1109.375 -757.812 -234.375 164.062 929.688 -359.375 812.500 750.000 -218.750 320.312 445.312 -507.812 -257.812 -62.500
-296.875 1539.062 -359.375 -203.125 320.312 1000.000 -445.312 476.562 867.188 -585.938 -289.062 539.062 -125.000 -500.000 968.750
0.000 1117.188 -171.875 -265.625 62.500 929.688 -445.312 343.750 1031.250 -390.625 -234.375 937.500 -289.062 -226.562 960.938
-125.000 1085.938 -250.000 -242.188 132.812 960.938 -468.750 390.625 1023.438 -375.000 -304.688 992.188 -343.750 -281.250 945.312
-398.438 1289.062 -484.375 -7.812 453.125 1429.688 -218.750 679.688 1273.438 -351.562 -250.000 921.875 -351.562 -218.750 828.125
-148.438 851.562 -70.312 -171.875 835.938 1296.875 -695.312 1375.000 718.750 -585.938 -15.625 585.938 -609.375 -257.812 468.750
-250.000 1250.000 -250.000 -273.438 539.062 1007.812 -789.062 468.750 46.875 -781.250 -101.562 398.438 -671.875 -218.750 484.375
-218.750 1375.000 -265.625 -312.500 359.375 1000.000 -718.750 31.250 0.000 -812.500 -140.625 414.062 -656.250 -140.625 570.312
-226.562 875.000 -234.375 -1148.438 -210.938 -117.188 -1453.125 -62.500 390.625 -562.500 -445.312 960.938 -460.938 -289.062 1117.188
-312.500 1242.188 -273.438 -1406.250 -421.875 -85.938 -906.250 -210.938 523.438 -500.000 -375.000 1117.188 -421.875 -156.250 1250.000
-492.188 1093.750 -562.500 -359.375 210.938 890.625 -531.250 312.500 851.562 -468.750 -281.250 984.375 -398.438 -132.812 1078.125
-578.125 671.875 -671.875 0.000 554.688 1398.438 -343.750 617.188 1007.812 -500.000 -289.062 898.438 -523.438 -164.062 992.188
-148.438 1937.500 -289.062 -375.000 156.250 1109.375 -750.000 460.938 1015.625 -570.312 -156.250 1062.500 -515.625 -93.750 1015.625
-445.312 2101.562 -390.625 -515.625 93.750 1085.938 -617.188 468.750 968.750 -570.312 -250.000 937.500 -554.688 -125.000 976.562
-695.312 2085.938 -359.375 -335.938 531.250 1125.000 -593.750 328.125 765.625 -578.125 -312.500 960.938 -640.625 -132.812 1007.812
-281.250 2000.000 -62.500 -179.688 242.188 1171.875 -765.625 500.000 960.938 -632.812 -203.125 1125.000 -679.688 -117.188 1156.250
226.562 -562.500 -117.188 -742.188 0.000 460.938 -632.812 164.062 492.188 -648.438 -132.812 562.500 -562.500 -164.062 492.188
-765.625 156.250 -203.125 -773.438 -101.562 179.688 -648.438 70.312 203.125 -718.750 -226.562 304.688 -726.562 -390.625 421.875
-328.125 -93.750 -242.188 -921.875 -179.688 15.625 -789.062 54.688 203.125 -726.562 -148.438 375.000 -796.875 -132.812 257.812
-15.625 609.375 250.000 -687.500 171.875 429.688 -718.750 273.438 281.250 -617.188 -210.938 492.188 -546.875 -117.188 593.750
-453.125 921.875 62.500 -601.562 210.938 687.500 -585.938 343.750 546.875 -500.000 -195.312 625.000 -546.875 -93.750 546.875
-304.688 703.125 117.188 -445.312 203.125 867.188 -460.938 421.875 765.625 -468.750 -46.875 757.812 -585.938 -31.250 546.875
-359.375 812.500 171.875 -554.688 281.250 742.188 -546.875 445.312 617.188 -507.812 -85.938 757.812 -546.875 0.000 710.938
-382.812 734.375 148.438 -585.938 250.000 648.438 -578.125 421.875 523.438 -617.188 -93.750 625.000 -640.625 0.000 539.062
-273.438 812.500 195.312 -507.812 250.000 750.000 -531.250 414.062 609.375 -531.250 -117.188 656.250 -640.625 -78.125 546.875
-242.188 859.375 210.938 -523.438 203.125 757.812 -578.125 367.188 640.625 -531.250 -179.688 718.750 -617.188 -39.062 625.000
-421.875 937.500 117.188 -500.000 171.875 789.062 -554.688 375.000 671.875 -531.250 -234.375 734.375 -578.125 -85.938 742.188
-429.688 789.062 109.375 -585.938 164.062 656.250 -617.188 351.562 585.938 -546.875 -203.125 710.938 -578.125 -70.312 734.375
-406.250 773.438 125.000 -601.562 156.250 656.250 -640.625 343.750 570.312 -562.500 -226.562 726.562 -578.125 -46.875 742.188
-390.625 781.250 132.812 -609.375 164.062 656.250 -632.812 351.562 585.938 -539.062 -226.562 757.812 -562.500 -78.125 781.250
-453.125 828.125 117.188 -570.312 164.062 726.562 -617.188 351.562 664.062 -507.812 -242.188 804.688 -546.875 -70.312 820.312
-445.312 851.562 101.562 -500.000 218.750 828.125 -546.875 414.062 726.562 -492.188 -218.750 835.938 -539.062 -54.688 843.750
-414.062 875.000 132.812 -507.812 226.562 859.375 -546.875 429.688 773.438 -468.750 -195.312 875.000 -554.688 -23.438 820.312
-421.875 929.688 125.000 -539.062 218.750 820.312 -593.750 406.250 726.562 -500.000 -203.125 867.188 -546.875 -31.250 851.562
-375.000 898.438 132.812 -507.812 226.562 851.562 -546.875 429.688 734.375 -484.375 -195.312 851.562 -546.875 -46.875 820.312
-460.938 984.375 109.375 -554.688 195.312 804.688 -593.750 390.625 687.500 -515.625 -226.562 812.500 -539.062 -70.312 828.125
-351.562 921.875 148.438 -531.250 218.750 804.688 -578.125 406.250 679.688 -523.438 -195.312 789.062 -570.312 -39.062 757.812
-320.312 929.688 171.875 -554.688 242.188 773.438 -601.562 406.250 640.625 -531.250 -179.688 773.438 -570.312 -39.062 742.188
-218.750 921.875 226.562 -593.750 218.750 687.500 -625.000 398.438 531.250 -578.125 -187.500 671.875 -570.312 -46.875 687.500
-234.375 843.750 218.750 -507.812 218.750 734.375 -515.625 421.875 617.188 -546.875 -78.125 664.062 -570.312 -15.625 601.562
-210.938 812.500 234.375 -484.375 265.625 820.312 -484.375 468.750 703.125 -468.750 -62.500 773.438 -531.250 54.688 656.250
-203.125 843.750 242.188 -492.188 265.625 796.875 -492.188 460.938 687.500 -460.938 -62.500 781.250 -492.188 62.500 695.312
-148.438 835.938 250.000 -460.938 218.750 789.062 -500.000 437.500 703.125 -468.750 -109.375 734.375 -445.312 31.250 718.750
-70.312 750.000 250.000 -460.938 101.562 765.625 -531.250 281.250 679.688 -429.688 -210.938 679.688 -445.312 -46.875 695.312
-132.812 867.188 187.500 -460.938 7.812 695.312 -539.062 218.750 617.188 -390.625 -304.688 671.875 -390.625 -85.938 742.188
-187.500 984.375 85.938 -468.750 15.625 664.062 -546.875 187.500 609.375 -351.562 -312.500 679.688 -351.562 -70.312 765.625
-554.688 906.250 -140.625 -531.250 78.125 703.125 -523.438 179.688 671.875 -507.812 -375.000 695.312 -273.438 -109.375 812.500
-453.125 781.250 15.625 -500.000 46.875 750.000 -609.375 242.188 687.500 -179.688 -343.750 781.250 -187.500 -187.500 929.688
-148.438 867.188 218.750 -429.688 78.125 710.938 -531.250 140.625 664.062 -125.000 -445.312 828.125 -85.938 -148.438 1023.438
-187.500 1078.125 187.500 -429.688 46.875 710.938 -484.375 148.438 671.875 -7.812 -343.750 851.562 -54.688 -101.562 1023.438
-414.062 1117.188 7.812 -328.125 -39.062 906.250 -359.375 -148.438 742.188 -15.625 -453.125 906.250 7.812 -179.688 1062.500
-476.562 1007.812 -7.812 -195.312 117.188 953.125 -320.312 117.188 929.688 179.688 -445.312 976.562 23.438 -218.750 1070.312
-453.125 984.375 0.000 -109.375 70.312 1007.812 -250.000 148.438 1015.625 171.875 -453.125 1015.625 78.125 -187.500 1085.938
-445.312 992.188 39.062 -70.312 93.750 1015.625 -242.188 148.438 1031.250 203.125 -429.688 1031.250 101.562 -148.438 1109.375
-390.625 1015.625 70.312 7.812 250.000 1093.750 -187.500 257.812 1062.500 257.812 -351.562 1078.125 203.125 -31.250 1140.625
