125.000 835.938 234.375 39.062 -203.125 625.000 210.938 -265.625 507.812 445.312 -421.875 85.938 539.062 -296.875 312.500
148.438 914.062 218.750 101.562 -125.000 648.438 265.625 -203.125 500.000 515.625 -367.188 101.562 601.562 -187.500 296.875
195.312 929.688 203.125 187.500 -164.062 617.188 390.625 -195.312 507.812 640.625 -320.312 101.562 710.938 -125.000 304.688
195.312 929.688 203.125 187.500 -164.062 617.188 390.625 -195.312 507.812 640.625 -320.312 101.562 710.938 -125.000 304.688
210.938 882.812 234.375 273.438 -210.938 632.812 476.562 -226.562 523.438 742.188 -335.938 132.812 796.875 -117.188 335.938
250.000 796.875 179.688 406.250 -296.875 648.438 601.562 -296.875 562.500 867.188 -367.188 156.250 921.875 -93.750 406.250
273.438 757.812 171.875 453.125 -296.875 664.062 625.000 -281.250 625.000 914.062 -406.250 195.312 945.312 -78.125 484.375
359.375 773.438 156.250 554.688 -257.812 726.562 679.688 -281.250 656.250 945.312 -414.062 226.562 976.562 -62.500 546.875
414.062 851.562 187.500 593.750 -203.125 804.688 726.562 -210.938 703.125 968.750 -390.625 250.000 968.750 -39.062 601.562
414.062 851.562 187.500 593.750 -203.125 804.688 726.562 -210.938 703.125 968.750 -390.625 250.000 968.750 -39.062 601.562
460.938 984.375 179.688 671.875 -101.562 875.000 812.500 -140.625 750.000 1023.438 -343.750 296.875 984.375 -7.812 585.938
500.000 1125.000 187.500 742.188 -39.062 976.562 851.562 -62.500 828.125 1046.875 -289.062 343.750 953.125 46.875 539.062
445.312 1203.125 179.688 812.500 -7.812 1164.062 937.500 15.625 984.375 1101.562 -296.875 414.062 953.125 54.688 593.750
476.562 1273.438 187.500 851.562 0.000 1320.312 984.375 7.812 1164.062 1195.312 -367.188 539.062 1015.625 39.062 742.188
507.812 1273.438 210.938 867.188 -23.438 1429.688 1046.875 23.438 1335.938 1265.625 -414.062 656.250 1046.875 54.688 835.938
398.438 1218.750 70.312 882.812 -156.250 1500.000 1054.688 7.812 1507.812 1351.562 -476.562 781.250 1101.562 39.062 914.062
398.438 1218.750 70.312 882.812 -156.250 1500.000 1054.688 7.812 1507.812 1351.562 -476.562 781.250 1101.562 39.062 914.062
390.625 1164.062 31.250 828.125 -70.312 1476.562 976.562 -70.312 1468.750 1343.750 -546.875 765.625 1179.688 54.688 1000.000
390.625 1164.062 31.250 828.125 -70.312 1476.562 976.562 -70.312 1468.750 1343.750 -546.875 765.625 1179.688 54.688 1000.000
453.125 1242.188 117.188 812.500 54.688 1390.625 968.750 -46.875 1359.375 1359.375 -453.125 726.562 1226.562 148.438 960.938
531.250 1140.625 101.562 789.062 125.000 1203.125 953.125 218.750 1234.375 1289.062 -179.688 617.188 1164.062 250.000 671.875
515.625 1023.438 39.062 765.625 179.688 1101.562 890.625 226.562 1101.562 1226.562 -125.000 500.000 1125.000 242.188 539.062
515.625 1031.250 -7.812 750.000 218.750 1023.438 765.625 203.125 921.875 1171.875 -140.625 406.250 1125.000 250.000 507.812
507.812 1000.000 -23.438 710.938 179.688 992.188 695.312 171.875 867.188 1101.562 -78.125 390.625 1093.750 320.312 500.000
453.125 953.125 -39.062 671.875 125.000 976.562 664.062 171.875 890.625 1078.125 -101.562 406.250 1062.500 296.875 492.188
437.500 859.375 -78.125 632.812 85.938 984.375 609.375 117.188 898.438 1062.500 -179.688 406.250 1039.062 195.312 500.000
453.125 976.562 7.812 539.062 164.062 953.125 562.500 70.312 937.500 1031.250 -234.375 421.875 1023.438 117.188 546.875
453.125 976.562 7.812 539.062 164.062 953.125 562.500 70.312 937.500 1031.250 -234.375 421.875 1023.438 117.188 546.875
421.875 1000.000 23.438 492.188 148.438 984.375 570.312 101.562 1046.875 1000.000 -226.562 468.750 984.375 156.250 570.312
265.625 851.562 -164.062 523.438 -78.125 1109.375 578.125 70.312 1195.312 1062.500 -335.938 507.812 1000.000 39.062 578.125
265.625 851.562 -164.062 523.438 -78.125 1109.375 578.125 70.312 1195.312 1062.500 -335.938 507.812 1000.000 39.062 578.125
328.125 992.188 -46.875 296.875 250.000 1195.312 546.875 -15.625 1429.688 1226.562 -453.125 765.625 1085.938 156.250 820.312
140.625 953.125 -203.125 171.875 46.875 1187.500 562.500 62.500 1562.500 1218.750 -445.312 750.000 1093.750 85.938 851.562
78.125 1156.250 -304.688 54.688 -62.500 1164.062 492.188 23.438 1546.875 1304.688 -578.125 726.562 1125.000 54.688 875.000
234.375 1320.312 -195.312 -23.438 367.188 1242.188 367.188 -203.125 1414.062 1320.312 -656.250 804.688 1164.062 140.625 1000.000
234.375 1320.312 -195.312 -23.438 367.188 1242.188 367.188 -203.125 1414.062 1320.312 -656.250 804.688 1164.062 140.625 1000.000
62.500 1250.000 -359.375 93.750 390.625 1367.188 179.688 -382.812 1281.250 1320.312 -750.000 789.062 1171.875 140.625 992.188
-46.875 1140.625 -500.000 125.000 382.812 1437.500 70.312 -367.188 1218.750 1320.312 -835.938 710.938 1187.500 70.312 984.375
-70.312 1164.062 -554.688 -85.938 117.188 1382.812 -125.000 -250.000 1125.000 1054.688 -781.250 476.562 1195.312 -265.625 1023.438
257.812 1554.688 -343.750 -125.000 -7.812 1250.000 -101.562 203.125 1156.250 890.625 -460.938 500.000 929.688 -203.125 640.625
304.688 1609.375 -414.062 -85.938 242.188 1171.875 -273.438 148.438 765.625 445.312 -210.938 117.188 468.750 -218.750 132.812
460.938 1390.625 -304.688 -54.688 23.438 781.250 -179.688 93.750 500.000 343.750 -234.375 -15.625 265.625 -273.438 15.625
656.250 656.250 -140.625 70.312 -23.438 351.562 -78.125 -226.562 179.688 164.062 -343.750 109.375 289.062 -85.938 242.188
414.062 375.000 -273.438 -250.000 -195.312 -7.812 -156.250 -234.375 101.562 70.312 -320.312 101.562 304.688 -164.062 406.250
250.000 304.688 -273.438 -367.188 -156.250 -109.375 -257.812 -156.250 15.625 31.250 -328.125 203.125 296.875 -218.750 382.812
250.000 304.688 -273.438 -367.188 -156.250 -109.375 -257.812 -156.250 15.625 31.250 -328.125 203.125 296.875 -218.750 382.812
179.688 328.125 -187.500 -437.500 7.812 -195.312 -335.938 -7.812 -93.750 -62.500 -179.688 234.375 375.000 54.688 429.688
-218.750 421.875 -250.000 -640.625 218.750 -187.500 -515.625 -15.625 -117.188 -195.312 -171.875 226.562 187.500 -117.188 429.688
-148.438 648.438 -179.688 -625.000 250.000 148.438 -640.625 93.750 140.625 -156.250 -343.750 406.250 234.375 -164.062 546.875
-250.000 734.375 -226.562 -640.625 335.938 234.375 -632.812 109.375 296.875 -125.000 -414.062 476.562 93.750 -257.812 570.312
-171.875 710.938 -210.938 -578.125 390.625 343.750 -671.875 101.562 289.062 -156.250 -429.688 484.375 85.938 -257.812 585.938
-343.750 828.125 -328.125 -648.438 359.375 429.688 -796.875 15.625 218.750 -242.188 -523.438 414.062 62.500 -351.562 601.562
-289.062 804.688 -343.750 -656.250 296.875 437.500 -773.438 70.312 273.438 -242.188 -507.812 406.250 23.438 -367.188 593.750
-343.750 523.438 -351.562 -671.875 218.750 210.938 -789.062 0.000 164.062 -164.062 -492.188 531.250 273.438 -218.750 710.938
-343.750 523.438 -351.562 -671.875 218.750 210.938 -789.062 0.000 164.062 -164.062 -492.188 531.250 273.438 -218.750 710.938
-382.812 492.188 -367.188 -679.688 234.375 164.062 -734.375 31.250 179.688 -171.875 -453.125 531.250 234.375 -195.312 679.688
-335.938 531.250 -351.562 -671.875 320.312 148.438 -703.125 148.438 187.500 -187.500 -367.188 554.688 210.938 -125.000 679.688
-335.938 679.688 -335.938 -648.438 453.125 382.812 -671.875 203.125 429.688 -93.750 -468.750 664.062 234.375 -187.500 742.188
-351.562 765.625 -328.125 -632.812 429.688 437.500 -632.812 226.562 585.938 -15.625 -484.375 726.562 265.625 -187.500 781.250
-367.188 796.875 -367.188 -664.062 460.938 562.500 -757.812 195.312 593.750 -7.812 -554.688 742.188 351.562 -242.188 812.500
-398.438 859.375 -390.625 -679.688 445.312 570.312 -781.250 140.625 570.312 23.438 -570.312 726.562 351.562 -250.000 804.688
-343.750 812.500 -398.438 -687.500 414.062 539.062 -812.500 109.375 539.062 -7.812 -578.125 703.125 359.375 -273.438 804.688
-335.938 812.500 -414.062 -695.312 406.250 539.062 -812.500 93.750 515.625 -15.625 -601.562 687.500 367.188 -281.250 820.312
-296.875 835.938 -398.438 -718.750 343.750 593.750 -851.562 15.625 554.688 15.625 -679.688 695.312 421.875 -343.750 859.375
-296.875 835.938 -398.438 -718.750 343.750 593.750 -851.562 15.625 554.688 15.625 -679.688 695.312 421.875 -343.750 859.375
-296.875 835.938 -398.438 -718.750 343.750 593.750 -851.562 15.625 554.688 15.625 -679.688 695.312 421.875 -343.750 859.375
-320.312 968.750 -398.438 -750.000 367.188 648.438 -851.562 7.812 640.625 117.188 -734.375 781.250 578.125 -335.938 992.188
-320.312 1039.062 -382.812 -773.438 437.500 703.125 -906.250 23.438 640.625 132.812 -718.750 820.312 585.938 -265.625 1000.000
-203.125 1101.562 -351.562 -812.500 382.812 796.875 -898.438 -54.688 632.812 93.750 -796.875 734.375 484.375 -296.875 968.750
-23.438 1226.562 -265.625 -820.312 242.188 773.438 -812.500 -93.750 570.312 -39.062 -796.875 531.250 320.312 -265.625 781.250
46.875 1281.250 -242.188 -859.375 343.750 648.438 -773.438 -85.938 515.625 70.312 -789.062 523.438 85.938 -890.625 656.250
-15.625 1257.812 -218.750 -898.438 218.750 523.438 -625.000 -70.312 375.000 -335.938 -781.250 210.938 335.938 140.625 1054.688
-15.625 1257.812 -218.750 -898.438 218.750 523.438 -625.000 -70.312 375.000 -335.938 -781.250 210.938 335.938 140.625 1054.688
-250.000 1085.938 -289.062 -593.750 156.250 132.812 -468.750 171.875 164.062 148.438 -789.062 703.125 328.125 -328.125 531.250
-414.062 875.000 -242.188 -476.562 156.250 148.438 -265.625 187.500 539.062 476.562 -484.375 781.250 328.125 234.375 1132.812
-453.125 671.875 -265.625 -46.875 164.062 320.312 421.875 -578.125 1835.938 289.062 601.562 734.375 664.062 -31.250 1164.062
-460.938 359.375 -265.625 210.938 -406.250 734.375 140.625 -367.188 1414.062 609.375 -859.375 1421.875 -328.125 -39.062 320.312
-359.375 109.375 -218.750 335.938 31.250 1093.750 273.438 304.688 1492.188 515.625 -265.625 1078.125 -367.188 -476.562 414.062
-453.125 148.438 -250.000 507.812 421.875 1242.188 312.500 726.562 1328.125 140.625 -257.812 757.812 -328.125 -632.812 546.875
-648.438 820.312 -445.312 375.000 593.750 1343.750 164.062 632.812 867.188 195.312 -93.750 578.125 -570.312 -218.750 328.125
-625.000 1125.000 -531.250 414.062 429.688 1195.312 39.062 554.688 781.250 46.875 -148.438 632.812 -585.938 -132.812 312.500
-625.000 1125.000 -531.250 414.062 429.688 1195.312 39.062 554.688 781.250 46.875 -148.438 632.812 -585.938 -132.812 312.500
-539.062 1125.000 -453.125 257.812 335.938 1078.125 132.812 562.500 960.938 117.188 -148.438 859.375 -585.938 -125.000 453.125
-578.125 570.312 -414.062 179.688 289.062 1054.688 109.375 507.812 1000.000 312.500 -179.688 953.125 -468.750 -15.625 750.000
-640.625 382.812 -406.250 -78.125 281.250 882.812 -117.188 382.812 804.688 226.562 -203.125 867.188 -484.375 -85.938 898.438
-617.188 421.875 -414.062 -132.812 109.375 781.250 -140.625 320.312 843.750 187.500 -218.750 937.500 -578.125 -109.375 804.688
-562.500 453.125 -359.375 -117.188 101.562 812.500 -156.250 328.125 859.375 125.000 -218.750 914.062 -585.938 -156.250 773.438
-578.125 648.438 -335.938 23.438 257.812 875.000 -39.062 421.875 843.750 218.750 -132.812 929.688 -539.062 7.812 750.000
-617.188 710.938 -398.438 101.562 351.562 898.438 85.938 515.625 859.375 289.062 -62.500 921.875 -531.250 70.312 734.375
-617.188 679.688 -437.500 187.500 343.750 921.875 109.375 484.375 843.750 312.500 -93.750 898.438 -539.062 62.500 750.000
-617.188 679.688 -437.500 187.500 343.750 921.875 109.375 484.375 843.750 312.500 -93.750 898.438 -539.062 62.500 750.000
-625.000 687.500 -453.125 218.750 320.312 906.250 132.812 468.750 859.375 320.312 -109.375 882.812 -531.250 70.312 757.812
-570.312 757.812 -414.062 234.375 312.500 929.688 164.062 460.938 882.812 328.125 -164.062 875.000 -539.062 39.062 796.875
-500.000 703.125 -375.000 203.125 250.000 875.000 148.438 398.438 859.375 320.312 -164.062 875.000 -515.625 -7.812 812.500
-554.688 703.125 -375.000 171.875 250.000 867.188 117.188 414.062 851.562 320.312 -140.625 859.375 -500.000 15.625 820.312
-539.062 664.062 -359.375 164.062 265.625 851.562 101.562 414.062 835.938 328.125 -132.812 851.562 -468.750 78.125 789.062
-609.375 695.312 -375.000 195.312 328.125 875.000 187.500 476.562 843.750 476.562 -78.125 914.062 -406.250 187.500 906.250
-539.062 750.000 -367.188 328.125 328.125 937.500 296.875 468.750 937.500 492.188 -125.000 945.312 -445.312 132.812 937.500
-460.938 750.000 -367.188 367.188 289.062 968.750 296.875 453.125 960.938 445.312 -164.062 945.312 -468.750 78.125 914.062
-460.938 750.000 -367.188 367.188 289.062 968.750 296.875 453.125 960.938 445.312 -164.062 945.312 -468.750 78.125 914.062
-492.188 796.875 -367.188 453.125 218.750 976.562 367.188 390.625 1000.000 453.125 -234.375 937.500 -476.562 46.875 859.375
-328.125 906.250 -351.562 710.938 234.375 1187.500 570.312 429.688 1195.312 617.188 -281.250 1085.938 -453.125 85.938 945.312
-296.875 929.688 -304.688 648.438 187.500 1132.812 507.812 375.000 1171.875 578.125 -312.500 1078.125 -453.125 62.500 960.938
-421.875 828.125 -375.000 570.312 210.938 1171.875 492.188 429.688 1250.000 617.188 -250.000 1179.688 -453.125 117.188 898.438
-531.250 640.625 -375.000 210.938 429.688 1187.500 203.125 664.062 1125.000 414.062 -31.250 1148.438 -539.062 140.625 726.562
-351.562 375.000 -328.125 -62.500 539.062 1109.375 -7.812 742.188 921.875 70.312 70.312 1007.812 -695.312 0.000 445.312
-460.938 398.438 -468.750 0.000 734.375 867.188 -281.250 773.438 429.688 -179.688 195.312 648.438 -671.875 -210.938 351.562
-578.125 390.625 -617.188 -117.188 617.188 679.688 -328.125 703.125 375.000 -375.000 148.438 640.625 -632.812 -234.375 390.625
-578.125 390.625 -617.188 -117.188 617.188 679.688 -328.125 703.125 375.000 -375.000 148.438 640.625 -632.812 -234.375 390.625
-539.062 539.062 -492.188 -101.562 -242.188 515.625 -234.375 757.812 1296.875 -640.625 468.750 757.812 -687.500 -390.625 375.000
-679.688 984.375 -757.812 -273.438 -257.812 429.688 -39.062 62.500 695.312 -85.938 -601.562 617.188 -343.750 -601.562 1703.125
-515.625 906.250 -757.812 -703.125 125.000 335.938 -953.125 -46.875 -132.812 -390.625 -500.000 210.938 -414.062 -421.875 1140.625
-539.062 632.812 -695.312 -1039.062 132.812 164.062 -1085.938 15.625 -23.438 -804.688 -335.938 218.750 -648.438 -304.688 750.000
-460.938 601.562 -617.188 -1000.000 109.375 312.500 -726.562 351.562 460.938 -875.000 -62.500 367.188 -656.250 -289.062 625.000
-593.750 921.875 -703.125 -835.938 468.750 656.250 -773.438 507.812 531.250 -648.438 -70.312 703.125 -664.062 -85.938 585.938
-593.750 921.875 -703.125 -835.938 468.750 656.250 -773.438 507.812 531.250 -648.438 -70.312 703.125 -664.062 -85.938 585.938
-453.125 835.938 -648.438 -781.250 234.375 617.188 -710.938 351.562 632.812 -632.812 -195.312 695.312 -601.562 -289.062 671.875
-453.125 835.938 -648.438 -781.250 234.375 617.188 -710.938 351.562 632.812 -632.812 -195.312 695.312 -601.562 -289.062 671.875
-414.062 578.125 -617.188 -734.375 156.250 578.125 -742.188 210.938 601.562 -617.188 -328.125 703.125 -570.312 -273.438 851.562
-398.438 585.938 -625.000 -773.438 140.625 500.000 -757.812 210.938 554.688 -656.250 -320.312 679.688 -570.312 -289.062 843.750
-398.438 609.375 -601.562 -757.812 187.500 515.625 -742.188 265.625 531.250 -671.875 -273.438 632.812 -593.750 -273.438 781.250
-375.000 718.750 -625.000 -789.062 250.000 507.812 -750.000 304.688 476.562 -710.938 -140.625 523.438 -687.500 -281.250 570.312
-375.000 578.125 -632.812 -726.562 257.812 554.688 -703.125 328.125 562.500 -695.312 -187.500 593.750 -648.438 -273.438 593.750
-382.812 554.688 -632.812 -718.750 257.812 562.500 -695.312 328.125 554.688 -648.438 -210.938 625.000 -625.000 -273.438 640.625
-398.438 593.750 -617.188 -710.938 265.625 562.500 -695.312 320.312 546.875 -640.625 -210.938 656.250 -562.500 -226.562 726.562
-382.812 609.375 -617.188 -726.562 250.000 531.250 -718.750 312.500 539.062 -632.812 -210.938 648.438 -562.500 -234.375 726.562
-382.812 609.375 -617.188 -726.562 250.000 531.250 -718.750 312.500 539.062 -632.812 -210.938 648.438 -562.500 -234.375 726.562
-414.062 585.938 -632.812 -710.938 218.750 585.938 -648.438 304.688 640.625 -578.125 -210.938 726.562 -546.875 -218.750 734.375
-406.250 593.750 -648.438 -703.125 226.562 601.562 -687.500 289.062 640.625 -554.688 -226.562 765.625 -546.875 -218.750 742.188
-296.875 679.688 -531.250 -726.562 171.875 554.688 -703.125 203.125 601.562 -570.312 -312.500 742.188 -492.188 -234.375 835.938
-406.250 625.000 -640.625 -718.750 70.312 632.812 -648.438 218.750 718.750 -562.500 -281.250 750.000 -500.000 -234.375 804.688
-429.688 601.562 -664.062 -718.750 54.688 648.438 -664.062 210.938 718.750 -546.875 -289.062 781.250 -507.812 -234.375 804.688
-398.438 656.250 -648.438 -742.188 109.375 656.250 -664.062 171.875 679.688 -546.875 -289.062 757.812 -500.000 -242.188 804.688
-398.438 718.750 -648.438 -750.000 140.625 640.625 -679.688 250.000 648.438 -601.562 -218.750 718.750 -507.812 -195.312 750.000
-476.562 726.562 -734.375 -742.188 203.125 695.312 -625.000 281.250 664.062 -664.062 -187.500 554.688 -539.062 -265.625 648.438
-476.562 726.562 -734.375 -742.188 203.125 695.312 -625.000 281.250 664.062 -664.062 -187.500 554.688 -539.062 -265.625 648.438
-523.438 742.188 -789.062 -750.000 210.938 687.500 -648.438 304.688 664.062 -664.062 -234.375 515.625 -492.188 -289.062 671.875
-515.625 812.500 -773.438 -710.938 195.312 718.750 -648.438 406.250 554.688 -664.062 -218.750 406.250 -343.750 -242.188 789.062
-585.938 875.000 -734.375 -679.688 179.688 664.062 -703.125 195.312 515.625 -257.812 -390.625 562.500 -460.938 -257.812 671.875
-679.688 742.188 -804.688 -742.188 257.812 515.625 -617.188 -70.312 539.062 -125.000 -453.125 664.062 -265.625 -367.188 773.438
-453.125 687.500 -648.438 -710.938 390.625 515.625 -382.812 171.875 679.688 -31.250 -250.000 593.750 -93.750 -429.688 679.688
-367.188 867.188 -554.688 -593.750 39.062 500.000 -31.250 15.625 898.438 210.938 -335.938 710.938 85.938 62.500 570.312
-367.188 867.188 -554.688 -593.750 39.062 500.000 -31.250 15.625 898.438 210.938 -335.938 710.938 85.938 62.500 570.312
-492.188 750.000 -382.812 -429.688 187.500 570.312 54.688 -70.312 992.188 679.688 -390.625 1015.625 554.688 70.312 1132.812
-492.188 750.000 -382.812 -429.688 187.500 570.312 54.688 -70.312 992.188 679.688 -390.625 1015.625 554.688 70.312 1132.812
-281.250 679.688 -203.125 -242.188 367.188 710.938 109.375 0.000 1093.750 640.625 -460.938 1132.812 679.688 507.812 1484.375
-312.500 593.750 -70.312 -242.188 562.500 859.375 54.688 218.750 1226.562 523.438 -273.438 1296.875 265.625 242.188 1156.250
-445.312 382.812 -93.750 -304.688 710.938 953.125 -7.812 468.750 1218.750 281.250 -117.188 1085.938 203.125 250.000 945.312
-421.875 703.125 -156.250 -328.125 695.312 843.750 -117.188 304.688 1000.000 398.438 -218.750 968.750 265.625 203.125 945.312
-656.250 609.375 -179.688 -289.062 539.062 796.875 -78.125 250.000 921.875 375.000 -281.250 867.188 304.688 85.938 968.750
-609.375 640.625 -242.188 -218.750 492.188 828.125 39.062 179.688 976.562 375.000 -312.500 835.938 328.125 15.625 945.312
-664.062 648.438 -234.375 -203.125 453.125 867.188 39.062 179.688 1007.812 382.812 -335.938 859.375 343.750 23.438 953.125
-593.750 765.625 -195.312 -93.750 539.062 929.688 85.938 156.250 1031.250 484.375 -382.812 921.875 406.250 117.188 1039.062
-593.750 765.625 -195.312 -93.750 539.062 929.688 85.938 156.250 1031.250 484.375 -382.812 921.875 406.250 117.188 1039.062
-609.375 742.188 -195.312 -101.562 515.625 929.688 85.938 156.250 1039.062 468.750 -359.375 906.250 406.250 109.375 992.188
-601.562 757.812 -187.500 -109.375 539.062 937.500 78.125 164.062 1000.000 421.875 -359.375 851.562 484.375 85.938 1101.562
-601.562 757.812 -187.500 -109.375 539.062 937.500 78.125 164.062 1000.000 421.875 -359.375 851.562 484.375 85.938 1101.562
-664.062 710.938 -203.125 -218.750 468.750 851.562 15.625 226.562 1000.000 359.375 -281.250 851.562 359.375 101.562 1023.438
-625.000 734.375 -187.500 -210.938 515.625 843.750 -7.812 226.562 960.938 343.750 -273.438 859.375 351.562 257.812 1101.562
-625.000 742.188 -195.312 -218.750 484.375 867.188 7.812 226.562 960.938 289.062 -257.812 835.938 281.250 210.938 1070.312
-710.938 757.812 -242.188 -218.750 500.000 859.375 -39.062 234.375 929.688 265.625 -195.312 820.312 117.188 -78.125 851.562
-695.312 750.000 -234.375 -218.750 476.562 835.938 -7.812 250.000 953.125 265.625 -203.125 851.562 54.688 15.625 812.500
-695.312 750.000 -234.375 -218.750 476.562 835.938 -7.812 250.000 953.125 265.625 -203.125 851.562 54.688 15.625 812.500
-679.688 765.625 -242.188 -195.312 429.688 859.375 54.688 156.250 984.375 375.000 -234.375 914.062 39.062 62.500 835.938
-531.250 765.625 -132.812 -304.688 375.000 859.375 39.062 187.500 921.875 320.312 -265.625 937.500 54.688 125.000 1070.312
-531.250 765.625 -132.812 -304.688 375.000 859.375 39.062 187.500 921.875 320.312 -265.625 937.500 54.688 125.000 1070.312
-437.500 609.375 -85.938 -500.000 226.562 875.000 171.875 23.438 914.062 296.875 -304.688 1007.812 250.000 492.188 1625.000
-476.562 828.125 -93.750 -164.062 421.875 765.625 0.000 218.750 890.625 390.625 -265.625 1132.812 625.000 578.125 1898.438
-531.250 742.188 -195.312 -171.875 312.500 867.188 70.312 398.438 890.625 320.312 -101.562 804.688 -39.062 46.875 820.312
-562.500 804.688 -234.375 -156.250 296.875 859.375 62.500 382.812 898.438 328.125 -93.750 851.562 -195.312 39.062 734.375
-796.875 742.188 -437.500 -132.812 406.250 906.250 46.875 343.750 835.938 164.062 -62.500 742.188 -617.188 54.688 406.250
-796.875 742.188 -437.500 -132.812 406.250 906.250 46.875 343.750 835.938 164.062 -62.500 742.188 -617.188 54.688 406.250
-796.875 742.188 -437.500 -132.812 406.250 906.250 46.875 343.750 835.938 164.062 -62.500 742.188 -617.188 54.688 406.250
-671.875 632.812 -398.438 -62.500 351.562 945.312 148.438 367.188 890.625 171.875 -70.312 796.875 -695.312 -7.812 468.750
-710.938 632.812 -390.625 -54.688 218.750 1007.812 187.500 398.438 992.188 242.188 -54.688 921.875 -562.500 85.938 703.125
-687.500 578.125 -320.312 -125.000 203.125 914.062 187.500 328.125 929.688 328.125 -132.812 914.062 -523.438 93.750 820.312
-507.812 671.875 -218.750 -93.750 148.438 898.438 203.125 265.625 953.125 398.438 -164.062 953.125 -476.562 70.312 906.250
-492.188 679.688 -203.125 -70.312 164.062 882.812 187.500 218.750 906.250 382.812 -171.875 906.250 -492.188 23.438 882.812
-531.250 679.688 -218.750 -62.500 140.625 898.438 195.312 218.750 898.438 304.688 -210.938 851.562 -578.125 -39.062 750.000
-570.312 656.250 -273.438 0.000 101.562 968.750 195.312 250.000 968.750 289.062 -195.312 882.812 -531.250 -23.438 781.250
-570.312 656.250 -273.438 0.000 101.562 968.750 195.312 250.000 968.750 289.062 -195.312 882.812 -531.250 -23.438 781.250
-632.812 671.875 -250.000 -78.125 203.125 921.875 171.875 304.688 890.625 359.375 -117.188 882.812 -476.562 101.562 843.750
-625.000 734.375 -250.000 -101.562 289.062 945.312 179.688 375.000 898.438 359.375 -46.875 890.625 -484.375 132.812 773.438
-648.438 742.188 -296.875 -70.312 273.438 929.688 179.688 375.000 882.812 296.875 -54.688 859.375 -531.250 140.625 687.500
-648.438 742.188 -296.875 -70.312 273.438 929.688 179.688 375.000 882.812 296.875 -54.688 859.375 -531.250 140.625 687.500
-664.062 734.375 -289.062 -46.875 320.312 1000.000 250.000 414.062 945.312 406.250 -46.875 929.688 -468.750 171.875 820.312
-609.375 710.938 -281.250 -31.250 289.062 992.188 234.375 375.000 953.125 414.062 -85.938 937.500 -468.750 148.438 859.375
-585.938 695.312 -289.062 -93.750 187.500 914.062 171.875 289.062 937.500 343.750 -125.000 914.062 -500.000 70.312 843.750
-664.062 679.688 -351.562 -148.438 156.250 875.000 125.000 250.000 921.875 296.875 -156.250 929.688 -507.812 46.875 828.125
-687.500 656.250 -359.375 -156.250 164.062 867.188 101.562 265.625 929.688 273.438 -140.625 929.688 -515.625 31.250 812.500
-687.500 656.250 -359.375 -156.250 164.062 867.188 101.562 265.625 929.688 273.438 -140.625 929.688 -515.625 31.250 812.500
-562.500 640.625 -296.875 -156.250 203.125 921.875 132.812 320.312 968.750 304.688 -101.562 976.562 -531.250 70.312 750.000
-585.938 625.000 -320.312 -78.125 234.375 1000.000 218.750 359.375 1046.875 304.688 -70.312 992.188 -578.125 132.812 632.812
-750.000 664.062 -453.125 -23.438 171.875 1070.312 351.562 328.125 1195.312 359.375 -70.312 1078.125 -570.312 -31.250 593.750
-601.562 781.250 -343.750 -101.562 296.875 960.938 125.000 304.688 1031.250 234.375 -140.625 1039.062 -523.438 -195.312 671.875
-890.625 546.875 -617.188 -242.188 257.812 875.000 -23.438 390.625 835.938 -78.125 -210.938 773.438 -523.438 -437.500 617.188
-1242.188 281.250 -914.062 -414.062 187.500 664.062 -265.625 367.188 695.312 -164.062 -164.062 640.625 -453.125 -578.125 648.438
-1203.125 265.625 -820.312 -554.688 164.062 507.812 -351.562 312.500 625.000 -242.188 -257.812 679.688 -437.500 -632.812 648.438
-1203.125 265.625 -820.312 -554.688 164.062 507.812 -351.562 312.500 625.000 -242.188 -257.812 679.688 -437.500 -632.812 648.438
-1000.000 578.125 -656.250 -796.875 234.375 132.812 -351.562 156.250 789.062 187.500 -320.312 1242.188 -257.812 -632.812 734.375
-656.250 835.938 -312.500 -882.812 382.812 195.312 218.750 648.438 1515.625 140.625 62.500 1031.250 -484.375 -140.625 640.625
-265.625 1437.500 -54.688 265.625 789.062 1046.875 -656.250 539.062 117.188 -773.438 -93.750 148.438 257.812 31.250 1140.625
15.625 1039.062 132.812 351.562 898.438 1195.312 -570.312 523.438 554.688 -367.188 -382.812 601.562 187.500 62.500 1101.562
-390.625 687.500 23.438 -210.938 625.000 765.625 -546.875 187.500 531.250 -203.125 -640.625 804.688 398.438 -31.250 1273.438
-695.312 437.500 -62.500 -546.875 296.875 476.562 -554.688 281.250 695.312 -281.250 -570.312 906.250 429.688 156.250 1421.875
-632.812 460.938 -70.312 -476.562 429.688 570.312 -625.000 421.875 648.438 -242.188 -585.938 882.812 328.125 62.500 1265.625
-562.500 687.500 7.812 -210.938 773.438 796.875 -609.375 687.500 609.375 -351.562 -289.062 765.625 15.625 7.812 882.812
-562.500 687.500 7.812 -210.938 773.438 796.875 -609.375 687.500 609.375 -351.562 -289.062 765.625 15.625 7.812 882.812
-640.625 765.625 -23.438 -117.188 789.062 835.938 -468.750 726.562 625.000 -335.938 -382.812 773.438 62.500 39.062 929.688
-687.500 734.375 -54.688 -23.438 671.875 867.188 -414.062 546.875 804.688 -132.812 -515.625 906.250 210.938 46.875 1023.438
-625.000 617.188 -46.875 -101.562 625.000 796.875 -492.188 500.000 687.500 -242.188 -492.188 750.000 132.812 -62.500 953.125
-570.312 632.812 -23.438 -117.188 593.750 773.438 -546.875 398.438 625.000 -304.688 -531.250 703.125 78.125 -54.688 937.500
-570.312 632.812 -31.250 -125.000 554.688 726.562 -531.250 406.250 609.375 -273.438 -523.438 703.125 101.562 -109.375 937.500
-664.062 593.750 -70.312 -85.938 546.875 742.188 -445.312 421.875 718.750 -148.438 -570.312 765.625 210.938 -70.312 976.562
-710.938 609.375 -78.125 -85.938 585.938 757.812 -437.500 460.938 726.562 -117.188 -531.250 812.500 234.375 -54.688 984.375
-734.375 648.438 -78.125 -39.062 664.062 804.688 -390.625 539.062 765.625 -54.688 -523.438 859.375 234.375 7.812 953.125
-734.375 648.438 -78.125 -39.062 664.062 804.688 -390.625 539.062 765.625 -54.688 -523.438 859.375 234.375 7.812 953.125
-742.188 703.125 -101.562 46.875 671.875 835.938 -320.312 570.312 820.312 -31.250 -531.250 859.375 257.812 7.812 976.562
-695.312 765.625 -85.938 93.750 710.938 906.250 -281.250 578.125 859.375 0.000 -539.062 867.188 273.438 -7.812 960.938
-523.438 750.000 -39.062 23.438 554.688 851.562 -304.688 523.438 882.812 -23.438 -546.875 867.188 234.375 -101.562 1007.812
-476.562 664.062 -23.438 0.000 476.562 875.000 -367.188 460.938 867.188 -101.562 -585.938 812.500 125.000 -117.188 968.750
-359.375 539.062 0.000 23.438 687.500 1000.000 -375.000 515.625 867.188 -132.812 -523.438 851.562 70.312 -70.312 945.312
-398.438 523.438 -7.812 0.000 742.188 1031.250 -414.062 578.125 835.938 -132.812 -523.438 867.188 93.750 -70.312 984.375
-523.438 578.125 -46.875 -125.000 601.562 968.750 -359.375 507.812 882.812 54.688 -460.938 1062.500 296.875 85.938 1101.562
-390.625 507.812 -187.500 15.625 484.375 976.562 -414.062 367.188 914.062 109.375 -601.562 1101.562 445.312 148.438 1164.062
-390.625 507.812 -187.500 15.625 484.375 976.562 -414.062 367.188 914.062 109.375 -601.562 1101.562 445.312 148.438 1164.062
-718.750 453.125 -125.000 156.250 695.312 1312.500 -460.938 828.125 921.875 -31.250 -468.750 1023.438 312.500 289.062 1109.375
-625.000 343.750 -85.938 351.562 648.438 1156.250 -523.438 781.250 906.250 -101.562 -367.188 1015.625 171.875 281.250 1062.500
-390.625 898.438 -429.688 -1265.625 632.812 -578.125 -820.312 0.000 414.062 -31.250 -320.312 1007.812 250.000 31.250 945.312
-914.062 945.312 -1164.062 -1140.625 -140.625 23.438 -921.875 -7.812 281.250 -500.000 -351.562 367.188 -234.375 -445.312 515.625
-1132.812 734.375 -1328.125 -1265.625 -328.125 195.312 -796.875 -78.125 281.250 -664.062 -406.250 250.000 -265.625 -421.875 468.750
-1273.438 789.062 -1445.312 -742.188 -328.125 523.438 -437.500 -320.312 656.250 -734.375 -679.688 210.938 -281.250 -429.688 609.375
-648.438 1210.938 -851.562 -562.500 -242.188 429.688 -468.750 -226.562 453.125 -335.938 -703.125 390.625 39.062 -312.500 835.938
-648.438 1210.938 -851.562 -562.500 -242.188 429.688 -468.750 -226.562 453.125 -335.938 -703.125 390.625 39.062 -312.500 835.938
-648.438 1210.938 -851.562 -562.500 -242.188 429.688 -468.750 -226.562 453.125 -335.938 -703.125 390.625 39.062 -312.500 835.938
-664.062 804.688 -843.750 -578.125 -367.188 367.188 -242.188 -234.375 492.188 -234.375 -710.938 375.000 101.562 -398.438 1007.812
-671.875 148.438 195.312 578.125 -929.688 593.750 250.000 867.188 1359.375 406.250 -343.750 1148.438 265.625 7.812 1023.438
-671.875 148.438 195.312 578.125 -929.688 593.750 250.000 867.188 1359.375 406.250 -343.750 1148.438 265.625 7.812 1023.438
-1062.500 62.500 -125.000 703.125 3515.625 2078.125 -835.938 2171.875 382.812 -218.750 -46.875 890.625 54.688 343.750 976.562
-632.812 601.562 -398.438 -171.875 250.000 773.438 -265.625 218.750 937.500 -156.250 -296.875 859.375 -460.938 -148.438 703.125
-328.125 484.375 -351.562 164.062 62.500 843.750 -70.312 23.438 820.312 101.562 -695.312 656.250 203.125 -257.812 1015.625
-328.125 812.500 -375.000 101.562 39.062 984.375 -54.688 203.125 1031.250 242.188 -375.000 812.500 210.938 -70.312 906.250
-328.125 812.500 -375.000 101.562 39.062 984.375 -54.688 203.125 1031.250 242.188 -375.000 812.500 210.938 -70.312 906.250
-695.312 757.812 -320.312 125.000 343.750 945.312 -15.625 312.500 937.500 203.125 -492.188 851.562 187.500 0.000 984.375
-507.812 578.125 -406.250 132.812 265.625 1015.625 23.438 281.250 1054.688 195.312 -476.562 867.188 164.062 -101.562 945.312
-601.562 625.000 -421.875 265.625 156.250 1031.250 140.625 156.250 1125.000 406.250 -625.000 898.438 359.375 -195.312 1054.688
-679.688 710.938 -382.812 179.688 250.000 976.562 85.938 195.312 1046.875 382.812 -531.250 859.375 359.375 -132.812 1000.000
-601.562 695.312 -351.562 70.312 226.562 921.875 0.000 164.062 1015.625 328.125 -546.875 851.562 343.750 -148.438 1000.000
-585.938 750.000 -312.500 46.875 234.375 898.438 -70.312 210.938 921.875 195.312 -484.375 765.625 234.375 -148.438 898.438
-578.125 742.188 -343.750 125.000 218.750 945.312 -7.812 218.750 984.375 234.375 -507.812 789.062 250.000 -148.438 914.062
-578.125 742.188 -351.562 148.438 257.812 937.500 15.625 218.750 976.562 257.812 -492.188 781.250 289.062 -140.625 921.875
-578.125 664.062 -367.188 140.625 265.625 937.500 7.812 210.938 984.375 250.000 -507.812 796.875 273.438 -140.625 937.500
-578.125 664.062 -367.188 140.625 265.625 937.500 7.812 210.938 984.375 250.000 -507.812 796.875 273.438 -140.625 937.500
-593.750 671.875 -367.188 132.812 281.250 937.500 31.250 226.562 960.938 273.438 -492.188 796.875 320.312 -117.188 937.500
-625.000 648.438 -406.250 203.125 304.688 953.125 109.375 242.188 1007.812 367.188 -492.188 835.938 367.188 -109.375 953.125
-617.188 742.188 -390.625 234.375 304.688 953.125 109.375 257.812 1007.812 335.938 -484.375 820.312 335.938 -125.000 929.688
-601.562 664.062 -367.188 171.875 273.438 914.062 62.500 234.375 953.125 320.312 -500.000 789.062 367.188 -132.812 914.062
-593.750 679.688 -359.375 148.438 289.062 914.062 54.688 242.188 945.312 289.062 -476.562 773.438 312.500 -140.625 906.250
-593.750 718.750 -359.375 164.062 289.062 906.250 39.062 250.000 953.125 265.625 -468.750 773.438 281.250 -132.812 890.625
-546.875 726.562 -335.938 132.812 257.812 906.250 7.812 203.125 945.312 234.375 -507.812 765.625 257.812 -140.625 906.250
-515.625 773.438 -304.688 148.438 203.125 906.250 -7.812 179.688 953.125 203.125 -531.250 757.812 226.562 -164.062 898.438
-515.625 773.438 -304.688 148.438 203.125 906.250 -7.812 179.688 953.125 203.125 -531.250 757.812 226.562 -164.062 898.438
-570.312 757.812 -304.688 125.000 265.625 921.875 15.625 234.375 937.500 257.812 -484.375 765.625 289.062 -132.812 882.812
-585.938 750.000 -328.125 140.625 257.812 914.062 31.250 226.562 960.938 289.062 -492.188 773.438 304.688 -140.625 898.438
-593.750 781.250 -328.125 164.062 265.625 945.312 70.312 234.375 968.750 335.938 -507.812 789.062 359.375 -156.250 921.875
-578.125 703.125 -343.750 164.062 250.000 968.750 31.250 210.938 1007.812 312.500 -507.812 820.312 343.750 -125.000 914.062
-578.125 742.188 -343.750 140.625 265.625 945.312 39.062 250.000 984.375 328.125 -492.188 812.500 390.625 -125.000 914.062
-445.312 742.188 -257.812 132.812 203.125 945.312 -15.625 156.250 968.750 210.938 -593.750 781.250 218.750 -46.875 890.625
-554.688 546.875 -156.250 156.250 289.062 976.562 0.000 226.562 976.562 210.938 -554.688 796.875 257.812 -62.500 890.625
-500.000 687.500 -257.812 39.062 265.625 945.312 -78.125 242.188 953.125 226.562 -500.000 820.312 289.062 -93.750 914.062
-500.000 687.500 -257.812 39.062 265.625 945.312 -78.125 242.188 953.125 226.562 -500.000 820.312 289.062 -93.750 914.062
-492.188 679.688 -242.188 23.438 218.750 890.625 -78.125 296.875 945.312 195.312 -484.375 804.688 289.062 -78.125 937.500
-289.062 820.312 -62.500 78.125 375.000 976.562 31.250 390.625 953.125 234.375 -312.500 875.000 304.688 109.375 828.125
-429.688 695.312 -218.750 -117.188 437.500 945.312 -117.188 531.250 890.625 257.812 -437.500 820.312 312.500 -234.375 937.500
