-539.062 773.438 117.188 -31.250 70.312 1023.438 -156.250 500.000 875.000 -140.625 -320.312 828.125 7.812 -226.562 882.812
-773.438 460.938 0.000 -265.625 125.000 937.500 -78.125 375.000 867.188 -62.500 -429.688 789.062 -54.688 -273.438 859.375
-765.625 617.188 7.812 -234.375 85.938 929.688 -140.625 335.938 859.375 -78.125 -414.062 781.250 -31.250 -242.188 875.000
-789.062 687.500 -7.812 -218.750 70.312 890.625 -148.438 335.938 828.125 -132.812 -437.500 750.000 -85.938 -257.812 843.750
-757.812 648.438 0.000 -210.938 101.562 906.250 -125.000 328.125 835.938 -125.000 -421.875 742.188 -101.562 -265.625 828.125
-718.750 664.062 46.875 -140.625 70.312 984.375 -117.188 265.625 914.062 -109.375 -523.438 781.250 -78.125 -289.062 875.000
-679.688 656.250 62.500 -125.000 109.375 992.188 -101.562 328.125 914.062 -101.562 -515.625 765.625 -85.938 -312.500 890.625
-593.750 687.500 117.188 0.000 117.188 1078.125 -125.000 257.812 945.312 -210.938 -593.750 734.375 -187.500 -351.562 851.562
-554.688 921.875 210.938 46.875 218.750 1046.875 -250.000 250.000 851.562 -343.750 -546.875 554.688 -273.438 -398.438 710.938
-734.375 765.625 101.562 -406.250 156.250 773.438 -312.500 328.125 742.188 -242.188 -429.688 554.688 -171.875 -343.750 687.500
-781.250 625.000 39.062 -578.125 125.000 632.812 -390.625 304.688 640.625 -203.125 -406.250 593.750 -54.688 -304.688 734.375
-796.875 351.562 -46.875 -742.188 -171.875 406.250 -750.000 78.125 437.500 -125.000 -406.250 601.562 62.500 -187.500 765.625
-757.812 335.938 -54.688 -625.000 -585.938 460.938 -429.688 -54.688 765.625 39.062 -367.188 648.438 101.562 -210.938 789.062
-562.500 437.500 109.375 -398.438 -351.562 820.312 148.438 171.875 960.938 234.375 -531.250 820.312 117.188 -328.125 945.312
-492.188 484.375 117.188 -257.812 -421.875 968.750 148.438 156.250 1132.812 351.562 -500.000 890.625 156.250 -343.750 968.750
-843.750 843.750 -85.938 -539.062 -437.500 773.438 -23.438 -39.062 1023.438 218.750 -593.750 804.688 148.438 -343.750 976.562
-929.688 664.062 -281.250 -765.625 -265.625 531.250 -54.688 0.000 867.188 132.812 -570.312 640.625 132.812 -421.875 890.625
-960.938 476.562 -312.500 -804.688 -437.500 390.625 -125.000 -187.500 843.750 210.938 -578.125 671.875 210.938 -382.812 867.188
-851.562 445.312 -234.375 -796.875 -359.375 437.500 -85.938 -117.188 890.625 210.938 -601.562 695.312 171.875 -343.750 898.438
-859.375 492.188 7.812 -695.312 -367.188 554.688 171.875 -171.875 1015.625 257.812 -664.062 773.438 171.875 -390.625 937.500
-703.125 570.312 54.688 -500.000 -320.312 710.938 296.875 -101.562 968.750 398.438 -562.500 757.812 375.000 -304.688 890.625
-835.938 742.188 31.250 -265.625 -257.812 1015.625 476.562 -117.188 1046.875 484.375 -546.875 820.312 460.938 -265.625 921.875
-835.938 710.938 85.938 -257.812 -187.500 1125.000 523.438 -78.125 1078.125 546.875 -562.500 812.500 468.750 -335.938 984.375
-718.750 695.312 187.500 -406.250 -164.062 1007.812 453.125 -164.062 1054.688 539.062 -546.875 804.688 468.750 -304.688 929.688
-695.312 687.500 117.188 -437.500 -210.938 937.500 406.250 -132.812 1046.875 523.438 -593.750 773.438 468.750 -312.500 976.562
-648.438 617.188 125.000 -406.250 -218.750 1000.000 468.750 -117.188 1070.312 554.688 -585.938 804.688 507.812 -312.500 945.312
-687.500 757.812 109.375 -460.938 -148.438 937.500 406.250 -109.375 1007.812 500.000 -578.125 796.875 492.188 -281.250 898.438
-664.062 796.875 125.000 -460.938 -117.188 937.500 406.250 -85.938 992.188 507.812 -492.188 742.188 460.938 -265.625 851.562
-656.250 757.812 109.375 -500.000 0.000 945.312 414.062 46.875 984.375 562.500 -367.188 757.812 546.875 -148.438 789.062
-796.875 742.188 -70.312 -500.000 62.500 968.750 562.500 250.000 1000.000 390.625 -351.562 640.625 507.812 -195.312 789.062
-671.875 703.125 -15.625 -546.875 109.375 875.000 421.875 78.125 992.188 515.625 -351.562 812.500 546.875 -109.375 812.500
-617.188 1242.188 179.688 -523.438 23.438 820.312 375.000 46.875 1039.062 679.688 -296.875 843.750 578.125 -78.125 859.375
-460.938 726.562 54.688 -390.625 -156.250 953.125 273.438 -265.625 1031.250 429.688 -664.062 757.812 367.188 -359.375 953.125
-453.125 875.000 328.125 -445.312 -312.500 859.375 132.812 -304.688 992.188 250.000 -679.688 726.562 203.125 -351.562 937.500
-445.312 773.438 328.125 -492.188 -289.062 742.188 31.250 -445.312 875.000 242.188 -734.375 679.688 320.312 -265.625 945.312
-484.375 703.125 273.438 -492.188 -140.625 765.625 7.812 -343.750 851.562 351.562 -632.812 679.688 390.625 -320.312 945.312
-687.500 695.312 195.312 -710.938 -218.750 671.875 562.500 343.750 1054.688 609.375 -250.000 718.750 414.062 -39.062 734.375
-859.375 921.875 109.375 -343.750 164.062 1171.875 125.000 -257.812 898.438 359.375 -640.625 625.000 593.750 -312.500 843.750
-453.125 984.375 398.438 -679.688 85.938 1023.438 -85.938 85.938 1335.938 554.688 -718.750 1187.500 148.438 -882.812 1250.000
-554.688 867.188 507.812 -351.562 -156.250 1046.875 515.625 23.438 1023.438 703.125 -664.062 601.562 398.438 -1156.250 992.188
-562.500 828.125 289.062 203.125 -257.812 1570.312 281.250 -148.438 1375.000 390.625 -359.375 687.500 382.812 242.188 671.875
-382.812 882.812 507.812 -578.125 265.625 789.062 15.625 -226.562 1054.688 218.750 -718.750 882.812 7.812 -507.812 945.312
-398.438 1109.375 515.625 -687.500 164.062 328.125 -281.250 -273.438 671.875 203.125 -445.312 703.125 265.625 -171.875 742.188
-335.938 867.188 531.250 -679.688 218.750 335.938 -328.125 -140.625 648.438 195.312 -476.562 664.062 281.250 -187.500 789.062
-484.375 687.500 437.500 -804.688 -39.062 70.312 -210.938 -70.312 718.750 281.250 -468.750 656.250 304.688 -320.312 812.500
-507.812 1132.812 125.000 -890.625 -390.625 117.188 -531.250 -539.062 546.875 132.812 -695.312 585.938 203.125 -414.062 820.312
-695.312 632.812 31.250 -820.312 -648.438 335.938 -414.062 -281.250 718.750 62.500 -500.000 601.562 156.250 -351.562 828.125
-671.875 539.062 15.625 -765.625 -617.188 398.438 -421.875 -210.938 750.000 93.750 -585.938 640.625 156.250 -296.875 835.938
-585.938 312.500 54.688 -843.750 -414.062 343.750 -492.188 -203.125 687.500 54.688 -554.688 656.250 210.938 -304.688 859.375
-695.312 234.375 101.562 -804.688 -437.500 320.312 -484.375 -210.938 679.688 -23.438 -593.750 578.125 117.188 -335.938 812.500
-632.812 382.812 132.812 -765.625 -390.625 406.250 -500.000 -140.625 687.500 -70.312 -578.125 570.312 125.000 -351.562 812.500
-546.875 445.312 203.125 -742.188 -312.500 453.125 -453.125 -54.688 710.938 -46.875 -500.000 570.312 125.000 -312.500 773.438
-632.812 492.188 85.938 -757.812 -242.188 398.438 -515.625 -62.500 585.938 -78.125 -492.188 500.000 156.250 -343.750 742.188
-671.875 648.438 78.125 -703.125 -265.625 414.062 -476.562 -93.750 585.938 -78.125 -492.188 507.812 171.875 -343.750 757.812
-765.625 671.875 15.625 -703.125 -359.375 414.062 -492.188 -31.250 570.312 -46.875 -414.062 507.812 70.312 -289.062 679.688
-742.188 601.562 -7.812 -726.562 -367.188 328.125 -500.000 -23.438 531.250 -31.250 -406.250 500.000 78.125 -296.875 679.688
-765.625 265.625 -62.500 -929.688 15.625 31.250 -250.000 -78.125 671.875 257.812 -328.125 734.375 289.062 -109.375 742.188
-484.375 70.312 46.875 -867.188 1101.562 390.625 -281.250 15.625 710.938 273.438 -382.812 773.438 367.188 -85.938 773.438
-132.812 984.375 531.250 -890.625 -351.562 -148.438 -156.250 -85.938 804.688 312.500 -445.312 742.188 351.562 -218.750 882.812
-70.312 1351.562 257.812 -882.812 -93.750 132.812 -164.062 -226.562 843.750 312.500 -593.750 710.938 304.688 -250.000 843.750
-828.125 1195.312 -101.562 -796.875 -156.250 1000.000 242.188 -312.500 1273.438 523.438 -750.000 773.438 390.625 -492.188 914.062
-851.562 1117.188 -78.125 -609.375 -195.312 1046.875 265.625 -343.750 1242.188 570.312 -804.688 796.875 484.375 -437.500 968.750
-796.875 882.812 -62.500 -843.750 -468.750 898.438 367.188 -437.500 1281.250 648.438 -742.188 812.500 523.438 -453.125 992.188
-765.625 789.062 -7.812 -781.250 -460.938 773.438 289.062 -437.500 1242.188 671.875 -757.812 789.062 578.125 -406.250 968.750
-664.062 742.188 46.875 -781.250 -328.125 585.938 171.875 -328.125 992.188 546.875 -570.312 570.312 546.875 -351.562 742.188
-679.688 914.062 70.312 -789.062 -289.062 617.188 132.812 -273.438 875.000 523.438 -546.875 554.688 546.875 -359.375 734.375
-632.812 898.438 93.750 -726.562 -250.000 726.562 257.812 -304.688 992.188 578.125 -593.750 562.500 562.500 -398.438 757.812
-570.312 984.375 281.250 -765.625 -468.750 812.500 296.875 -570.312 1093.750 640.625 -851.562 687.500 531.250 -507.812 921.875
-585.938 882.812 281.250 -820.312 -500.000 664.062 218.750 -601.562 984.375 554.688 -851.562 585.938 523.438 -562.500 851.562
-593.750 859.375 257.812 -773.438 -484.375 625.000 210.938 -523.438 960.938 546.875 -789.062 570.312 507.812 -507.812 804.688
-609.375 835.938 203.125 -757.812 -429.688 601.562 210.938 -484.375 937.500 562.500 -726.562 562.500 531.250 -453.125 781.250
-656.250 750.000 132.812 -781.250 -445.312 593.750 250.000 -468.750 984.375 640.625 -718.750 617.188 632.812 -453.125 851.562
-695.312 664.062 62.500 -789.062 -421.875 585.938 203.125 -445.312 937.500 648.438 -687.500 593.750 640.625 -460.938 828.125
-710.938 648.438 23.438 -789.062 -375.000 539.062 171.875 -414.062 867.188 585.938 -664.062 546.875 617.188 -468.750 781.250
-648.438 734.375 15.625 -757.812 -289.062 539.062 140.625 -328.125 843.750 468.750 -562.500 468.750 460.938 -414.062 648.438
-695.312 859.375 -15.625 -781.250 -210.938 570.312 117.188 -312.500 851.562 390.625 -593.750 484.375 335.938 -437.500 664.062
-640.625 773.438 54.688 -757.812 -351.562 484.375 85.938 -445.312 859.375 367.188 -679.688 523.438 312.500 -429.688 734.375
-421.875 718.750 304.688 -750.000 -523.438 367.188 -15.625 -625.000 828.125 304.688 -828.125 554.688 289.062 -492.188 843.750
-562.500 843.750 273.438 -781.250 -429.688 492.188 62.500 -539.062 859.375 328.125 -796.875 484.375 265.625 -585.938 742.188
-601.562 867.188 195.312 -789.062 -382.812 585.938 140.625 -460.938 921.875 375.000 -726.562 515.625 296.875 -507.812 703.125
-632.812 851.562 171.875 -796.875 -367.188 570.312 140.625 -445.312 953.125 507.812 -703.125 609.375 484.375 -437.500 835.938
-640.625 820.312 132.812 -796.875 -367.188 554.688 132.812 -445.312 945.312 515.625 -703.125 617.188 500.000 -445.312 851.562
-617.188 703.125 93.750 -789.062 -390.625 507.812 85.938 -468.750 851.562 421.875 -710.938 492.188 382.812 -523.438 757.812
-609.375 773.438 125.000 -781.250 -351.562 468.750 54.688 -421.875 812.500 335.938 -671.875 453.125 289.062 -484.375 640.625
-617.188 804.688 125.000 -765.625 -296.875 421.875 7.812 -382.812 773.438 289.062 -640.625 468.750 265.625 -460.938 656.250
-546.875 796.875 156.250 -750.000 -304.688 390.625 -15.625 -398.438 765.625 265.625 -656.250 468.750 242.188 -453.125 671.875
-515.625 773.438 265.625 -765.625 -398.438 320.312 -78.125 -515.625 734.375 234.375 -750.000 476.562 218.750 -515.625 726.562
-546.875 718.750 210.938 -781.250 -421.875 351.562 -46.875 -515.625 757.812 257.812 -742.188 468.750 226.562 -539.062 703.125
-593.750 726.562 164.062 -781.250 -390.625 406.250 7.812 -476.562 820.312 320.312 -718.750 484.375 281.250 -523.438 718.750
-617.188 640.625 93.750 -796.875 -421.875 453.125 93.750 -437.500 882.812 453.125 -687.500 578.125 445.312 -445.312 796.875
-632.812 632.812 70.312 -796.875 -414.062 460.938 101.562 -429.688 898.438 492.188 -671.875 593.750 492.188 -429.688 812.500
-632.812 648.438 54.688 -789.062 -398.438 468.750 101.562 -429.688 890.625 468.750 -687.500 593.750 453.125 -421.875 812.500
-609.375 710.938 93.750 -820.312 -398.438 476.562 101.562 -453.125 882.812 429.688 -703.125 570.312 390.625 -453.125 789.062
-609.375 781.250 148.438 -851.562 -437.500 523.438 125.000 -523.438 921.875 437.500 -765.625 570.312 375.000 -500.000 812.500
-625.000 789.062 140.625 -851.562 -429.688 531.250 132.812 -523.438 929.688 460.938 -765.625 578.125 398.438 -492.188 828.125
-632.812 765.625 117.188 -859.375 -453.125 546.875 171.875 -570.312 937.500 539.062 -765.625 585.938 500.000 -437.500 835.938
-648.438 789.062 93.750 -843.750 -429.688 539.062 179.688 -531.250 921.875 539.062 -750.000 601.562 539.062 -460.938 867.188
-648.438 828.125 54.688 -773.438 -398.438 593.750 179.688 -398.438 890.625 500.000 -687.500 585.938 460.938 -429.688 812.500
-656.250 851.562 46.875 -750.000 -375.000 601.562 125.000 -382.812 898.438 484.375 -671.875 578.125 445.312 -445.312 804.688
-648.438 882.812 7.812 -789.062 -296.875 609.375 54.688 -281.250 945.312 421.875 -640.625 617.188 390.625 -476.562 812.500
-640.625 890.625 15.625 -898.438 -351.562 554.688 46.875 -335.938 960.938 429.688 -710.938 617.188 367.188 -500.000 828.125
-593.750 882.812 70.312 -640.625 -468.750 648.438 15.625 -406.250 953.125 375.000 -726.562 625.000 328.125 -593.750 867.188
-578.125 890.625 101.562 -562.500 -507.812 726.562 0.000 -414.062 937.500 367.188 -765.625 625.000 296.875 -601.562 859.375
-539.062 859.375 125.000 -484.375 -468.750 773.438 7.812 -445.312 968.750 312.500 -773.438 625.000 257.812 -617.188 851.562
-546.875 851.562 171.875 -585.938 -468.750 609.375 31.250 -375.000 882.812 320.312 -726.562 593.750 281.250 -539.062 804.688
-515.625 820.312 179.688 -460.938 -515.625 640.625 -117.188 -406.250 843.750 234.375 -593.750 585.938 265.625 -468.750 773.438
-507.812 773.438 187.500 -554.688 -406.250 570.312 -23.438 -359.375 812.500 234.375 -617.188 578.125 242.188 -429.688 765.625
-523.438 710.938 187.500 -445.312 -507.812 539.062 -39.062 -257.812 789.062 367.188 -632.812 554.688 234.375 -406.250 742.188
-515.625 593.750 148.438 -328.125 -273.438 671.875 -39.062 -70.312 828.125 179.688 -515.625 609.375 242.188 -273.438 726.562
-554.688 531.250 125.000 -351.562 -226.562 703.125 -15.625 7.812 843.750 218.750 -445.312 632.812 257.812 -218.750 742.188
-570.312 539.062 109.375 -335.938 -187.500 726.562 -7.812 62.500 828.125 234.375 -406.250 671.875 257.812 -187.500 750.000
