-289.062 921.875 -23.438 -62.500 351.562 867.188 -46.875 281.250 890.625 171.875 -54.688 898.438 234.375 132.812 898.438
-281.250 960.938 -31.250 -62.500 382.812 875.000 -46.875 296.875 875.000 148.438 -31.250 875.000 195.312 148.438 875.000
-273.438 968.750 -23.438 -39.062 375.000 882.812 -46.875 296.875 882.812 140.625 -46.875 875.000 179.688 140.625 867.188
-273.438 960.938 -23.438 -15.625 367.188 898.438 -39.062 304.688 906.250 140.625 -54.688 875.000 171.875 132.812 875.000
-250.000 921.875 -23.438 15.625 328.125 945.312 -15.625 281.250 953.125 164.062 -78.125 914.062 164.062 93.750 882.812
-242.188 921.875 31.250 7.812 296.875 937.500 -23.438 242.188 960.938 164.062 -117.188 921.875 164.062 78.125 914.062
-195.312 945.312 70.312 31.250 265.625 960.938 -7.812 156.250 1000.000 218.750 -187.500 992.188 210.938 23.438 1007.812
-273.438 945.312 62.500 7.812 218.750 953.125 0.000 132.812 1015.625 218.750 -210.938 992.188 218.750 39.062 1000.000
-250.000 937.500 54.688 -54.688 195.312 914.062 -31.250 132.812 984.375 187.500 -187.500 945.312 226.562 46.875 976.562
-250.000 937.500 54.688 -54.688 195.312 914.062 -31.250 132.812 984.375 187.500 -187.500 945.312 226.562 46.875 976.562
-257.812 945.312 31.250 -54.688 218.750 914.062 -39.062 140.625 976.562 195.312 -179.688 929.688 242.188 62.500 968.750
-460.938 1000.000 -85.938 0.000 242.188 960.938 15.625 164.062 1078.125 257.812 -140.625 1031.250 234.375 93.750 953.125
-289.062 1023.438 -23.438 23.438 351.562 1054.688 54.688 296.875 1164.062 312.500 -62.500 1132.812 250.000 179.688 1007.812
-187.500 984.375 117.188 0.000 484.375 1015.625 -54.688 359.375 1000.000 156.250 -93.750 976.562 265.625 101.562 1039.062
-312.500 1000.000 31.250 15.625 460.938 1031.250 -85.938 320.312 960.938 62.500 -156.250 906.250 187.500 70.312 953.125
-195.312 1007.812 93.750 -7.812 421.875 1007.812 -125.000 289.062 953.125 -7.812 -156.250 843.750 23.438 31.250 828.125
-70.312 921.875 187.500 7.812 585.938 1015.625 -156.250 234.375 898.438 -15.625 -195.312 820.312 7.812 -39.062 804.688
-101.562 937.500 187.500 -140.625 351.562 921.875 -179.688 257.812 906.250 7.812 -203.125 835.938 39.062 -54.688 828.125
-101.562 937.500 187.500 -140.625 351.562 921.875 -179.688 257.812 906.250 7.812 -203.125 835.938 39.062 -54.688 828.125
-117.188 921.875 210.938 -39.062 484.375 960.938 -117.188 187.500 976.562 109.375 -234.375 945.312 117.188 -39.062 914.062
-304.688 1062.500 125.000 -375.000 234.375 718.750 -93.750 140.625 1031.250 203.125 -117.188 1164.062 210.938 187.500 1031.250
-296.875 1078.125 70.312 -445.312 226.562 656.250 -273.438 117.188 882.812 140.625 -171.875 1078.125 296.875 171.875 1132.812
-382.812 742.188 -101.562 -421.875 210.938 726.562 -375.000 117.188 757.812 -70.312 -296.875 851.562 187.500 46.875 1062.500
-328.125 640.625 -85.938 -476.562 39.062 703.125 -375.000 62.500 773.438 -109.375 -296.875 812.500 39.062 -39.062 914.062
-226.562 687.500 -15.625 -546.875 31.250 546.875 -406.250 -62.500 710.938 -148.438 -312.500 789.062 -39.062 -93.750 835.938
-226.562 765.625 39.062 -539.062 -54.688 554.688 -429.688 -39.062 695.312 -171.875 -289.062 742.188 -46.875 -156.250 804.688
-226.562 765.625 39.062 -539.062 -54.688 554.688 -429.688 -39.062 695.312 -171.875 -289.062 742.188 -46.875 -156.250 804.688
-296.875 742.188 -7.812 -414.062 179.688 617.188 -390.625 148.438 695.312 -210.938 -226.562 750.000 -78.125 -15.625 796.875
-234.375 765.625 70.312 -273.438 335.938 742.188 -367.188 257.812 695.312 -218.750 -250.000 718.750 -78.125 -46.875 812.500
-125.000 992.188 132.812 -195.312 664.062 875.000 -359.375 398.438 640.625 -250.000 -117.188 656.250 -54.688 -54.688 710.938
-140.625 992.188 195.312 -304.688 468.750 789.062 -367.188 476.562 664.062 -234.375 39.062 664.062 -93.750 78.125 601.562
-23.438 1515.625 257.812 -414.062 281.250 1164.062 -320.312 234.375 289.062 -289.062 93.750 281.250 -164.062 140.625 289.062
-171.875 1539.062 375.000 -140.625 664.062 1023.438 -492.188 476.562 -125.000 -468.750 85.938 -210.938 -312.500 -140.625 -171.875
-54.688 1515.625 367.188 -140.625 648.438 882.812 -359.375 281.250 15.625 -312.500 -109.375 -210.938 -328.125 -250.000 -195.312
-398.438 1031.250 -203.125 -195.312 164.062 664.062 375.000 -648.438 460.938 632.812 -828.125 156.250 562.500 -1023.438 445.312
-398.438 1031.250 -203.125 -195.312 164.062 664.062 375.000 -648.438 460.938 632.812 -828.125 156.250 562.500 -1023.438 445.312
-484.375 812.500 -289.062 -179.688 -125.000 531.250 796.875 -921.875 679.688 945.312 -820.312 273.438 937.500 -789.062 609.375
-468.750 359.375 -125.000 -31.250 -546.875 773.438 921.875 -960.938 984.375 1421.875 -742.188 750.000 1390.625 -476.562 937.500
-359.375 -132.812 109.375 218.750 -273.438 1328.125 1015.625 -781.250 1296.875 1687.500 -750.000 1187.500 1687.500 -515.625 1539.062
-601.562 351.562 7.812 54.688 -265.625 1093.750 1304.688 -835.938 1390.625 1687.500 -695.312 1343.750 1625.000 0.000 1335.938
-695.312 656.250 62.500 93.750 -210.938 1093.750 1039.062 -687.500 1406.250 1765.625 -445.312 1226.562 1609.375 -179.688 1359.375
-453.125 757.812 31.250 132.812 62.500 1218.750 695.312 -328.125 1000.000 1085.938 -335.938 742.188 1156.250 -156.250 835.938
-367.188 882.812 125.000 218.750 39.062 1210.938 804.688 -398.438 1125.000 1070.312 -234.375 843.750 859.375 7.812 710.938
-320.312 859.375 187.500 195.312 46.875 1171.875 695.312 -390.625 1085.938 1078.125 -320.312 882.812 914.062 31.250 796.875
-320.312 859.375 187.500 195.312 46.875 1171.875 695.312 -390.625 1085.938 1078.125 -320.312 882.812 914.062 31.250 796.875
-320.312 937.500 164.062 140.625 78.125 1085.938 710.938 -406.250 1007.812 1007.812 -375.000 820.312 984.375 -101.562 890.625
-296.875 1031.250 117.188 171.875 39.062 1101.562 781.250 -406.250 1007.812 1062.500 -367.188 812.500 1007.812 -70.312 945.312
-328.125 734.375 -187.500 164.062 7.812 1101.562 914.062 -468.750 1148.438 1093.750 -273.438 867.188 851.562 -70.312 687.500
-414.062 695.312 -226.562 226.562 -23.438 1218.750 890.625 -429.688 1210.938 1109.375 -320.312 906.250 890.625 -289.062 890.625
-453.125 562.500 -273.438 320.312 0.000 1359.375 765.625 -328.125 1234.375 984.375 -289.062 882.812 820.312 -132.812 812.500
-195.312 750.000 -289.062 -7.812 -132.812 1140.625 828.125 -437.500 1351.562 1117.188 -351.562 1070.312 664.062 -78.125 734.375
-398.438 945.312 -539.062 648.438 781.250 1632.812 750.000 -421.875 1289.062 843.750 -609.375 445.312 406.250 -492.188 765.625
-109.375 1101.562 -15.625 -39.062 1140.625 515.625 906.250 39.062 710.938 164.062 -85.938 257.812 265.625 -390.625 476.562
117.188 2531.250 171.875 -1476.562 -335.938 -656.250 -445.312 1421.875 -85.938 234.375 312.500 421.875 585.938 -296.875 734.375
117.188 2531.250 171.875 -1476.562 -335.938 -656.250 -445.312 1421.875 -85.938 234.375 312.500 421.875 585.938 -296.875 734.375
109.375 1375.000 -117.188 -492.188 734.375 500.000 -1101.562 -648.438 -703.125 54.688 -1054.688 -54.688 820.312 -257.812 921.875
-171.875 1078.125 -296.875 -273.438 273.438 1218.750 -828.125 -1601.562 -664.062 -382.812 -781.250 -23.438 460.938 -382.812 789.062
-62.500 953.125 -148.438 -195.312 -101.562 1117.188 -500.000 -39.062 515.625 -273.438 -914.062 85.938 39.062 -429.688 492.188
250.000 1273.438 117.188 -351.562 179.688 859.375 -359.375 0.000 718.750 46.875 -632.812 445.312 320.312 -546.875 820.312
-23.438 851.562 -39.062 39.062 937.500 1140.625 -195.312 125.000 773.438 234.375 -898.438 632.812 281.250 109.375 664.062
-335.938 867.188 -218.750 -593.750 -7.812 734.375 -187.500 -15.625 1000.000 250.000 -351.562 867.188 343.750 85.938 710.938
-187.500 804.688 -54.688 -593.750 23.438 640.625 -156.250 93.750 1101.562 179.688 -226.562 953.125 257.812 -31.250 820.312
-187.500 804.688 -54.688 -593.750 23.438 640.625 -156.250 93.750 1101.562 179.688 -226.562 953.125 257.812 -31.250 820.312
-320.312 976.562 -132.812 -414.062 242.188 804.688 -351.562 -93.750 835.938 109.375 -554.688 773.438 250.000 -156.250 906.250
-281.250 1054.688 -132.812 -398.438 265.625 843.750 -328.125 -46.875 812.500 70.312 -593.750 718.750 218.750 -203.125 929.688
-367.188 1234.375 -93.750 -429.688 -195.312 921.875 -398.438 164.062 1164.062 39.062 -546.875 945.312 304.688 15.625 1062.500
-367.188 1234.375 -93.750 -429.688 -195.312 921.875 -398.438 164.062 1164.062 39.062 -546.875 945.312 304.688 15.625 1062.500
125.000 507.812 78.125 -226.562 226.562 1070.312 -140.625 132.812 1226.562 281.250 -515.625 1085.938 343.750 -195.312 1179.688
-312.500 828.125 -234.375 -742.188 0.000 414.062 -375.000 -250.000 937.500 328.125 -460.938 1171.875 429.688 375.000 1093.750
-312.500 828.125 -234.375 -742.188 0.000 414.062 -375.000 -250.000 937.500 328.125 -460.938 1171.875 429.688 375.000 1093.750
-140.625 757.812 -250.000 -648.438 242.188 585.938 -578.125 148.438 515.625 -187.500 -406.250 585.938 187.500 -101.562 890.625
-140.625 757.812 -250.000 -648.438 242.188 585.938 -578.125 148.438 515.625 -187.500 -406.250 585.938 187.500 -101.562 890.625
-148.438 921.875 -343.750 -539.062 132.812 656.250 -570.312 328.125 507.812 -179.688 -367.188 515.625 85.938 -46.875 773.438
-398.438 1070.312 -414.062 -828.125 109.375 632.812 -554.688 179.688 625.000 -445.312 -226.562 507.812 -250.000 -531.250 593.750
-195.312 1171.875 -281.250 -492.188 289.062 1054.688 -250.000 406.250 968.750 -500.000 -109.375 421.875 -460.938 -726.562 414.062
-7.812 1421.875 -7.812 -632.812 320.312 1085.938 -304.688 343.750 1000.000 -210.938 -46.875 703.125 -375.000 -132.812 406.250
7.812 1484.375 -23.438 -718.750 171.875 906.250 -390.625 109.375 953.125 -39.062 -195.312 906.250 -171.875 -46.875 664.062
-398.438 1117.188 -523.438 -726.562 -187.500 687.500 -289.062 -164.062 828.125 -164.062 -656.250 734.375 62.500 -320.312 1085.938
-375.000 632.812 -265.625 -664.062 -296.875 289.062 -320.312 -195.312 406.250 -171.875 -367.188 460.938 171.875 -125.000 867.188
-406.250 789.062 -437.500 -156.250 -515.625 -125.000 -414.062 -414.062 132.812 -23.438 -523.438 367.188 179.688 -164.062 843.750
-304.688 945.312 -187.500 851.562 257.812 1140.625 742.188 468.750 1195.312 460.938 -195.312 593.750 210.938 -265.625 632.812
-304.688 945.312 -187.500 851.562 257.812 1140.625 742.188 468.750 1195.312 460.938 -195.312 593.750 210.938 -265.625 632.812
-445.312 835.938 62.500 375.000 273.438 1101.562 1585.938 492.188 1734.375 1148.438 23.438 1109.375 375.000 -226.562 664.062
39.062 1328.125 101.562 757.812 140.625 695.312 640.625 -703.125 1906.250 1515.625 -421.875 1234.375 625.000 -257.812 1187.500
-375.000 1476.562 -390.625 1390.625 -132.812 687.500 304.688 -140.625 1140.625 1203.125 -843.750 1148.438 976.562 54.688 1328.125
-171.875 789.062 132.812 609.375 2406.250 1476.562 -171.875 960.938 984.375 671.875 164.062 1367.188 578.125 812.500 1359.375
-437.500 468.750 -343.750 -15.625 492.188 765.625 -46.875 328.125 804.688 218.750 -164.062 710.938 242.188 -78.125 734.375
-429.688 570.312 -257.812 148.438 406.250 781.250 62.500 289.062 867.188 351.562 -132.812 757.812 343.750 125.000 750.000
-382.812 859.375 -109.375 226.562 421.875 695.312 93.750 273.438 812.500 375.000 -140.625 773.438 320.312 62.500 835.938
-382.812 859.375 -109.375 226.562 421.875 695.312 93.750 273.438 812.500 375.000 -140.625 773.438 320.312 62.500 835.938
-335.938 718.750 -187.500 273.438 296.875 781.250 148.438 226.562 867.188 359.375 -218.750 710.938 351.562 -7.812 781.250
-335.938 609.375 -179.688 281.250 242.188 781.250 171.875 140.625 929.688 476.562 -289.062 835.938 398.438 23.438 906.250
-359.375 742.188 -148.438 320.312 296.875 796.875 203.125 187.500 921.875 492.188 -265.625 851.562 484.375 101.562 960.938
-406.250 843.750 -101.562 367.188 382.812 789.062 242.188 250.000 898.438 539.062 -242.188 804.688 500.000 62.500 914.062
-414.062 914.062 -132.812 351.562 429.688 859.375 203.125 343.750 929.688 429.688 -171.875 835.938 390.625 93.750 843.750
-351.562 867.188 -70.312 265.625 335.938 820.312 109.375 226.562 921.875 367.188 -242.188 859.375 312.500 70.312 867.188
-351.562 867.188 -70.312 265.625 335.938 820.312 109.375 226.562 921.875 367.188 -242.188 859.375 312.500 70.312 867.188
-367.188 859.375 -39.062 257.812 390.625 828.125 70.312 312.500 835.938 273.438 -234.375 757.812 312.500 7.812 843.750
-445.312 921.875 -101.562 273.438 398.438 820.312 164.062 320.312 898.438 351.562 -203.125 789.062 320.312 7.812 804.688
-445.312 921.875 -101.562 273.438 398.438 820.312 164.062 320.312 898.438 351.562 -203.125 789.062 320.312 7.812 804.688
-453.125 953.125 -85.938 281.250 437.500 812.500 140.625 312.500 906.250 382.812 -179.688 820.312 351.562 -7.812 828.125
-382.812 945.312 -93.750 351.562 429.688 859.375 179.688 304.688 929.688 343.750 -210.938 851.562 328.125 46.875 882.812
-195.312 906.250 125.000 242.188 132.812 914.062 226.562 218.750 1054.688 367.188 -210.938 906.250 281.250 7.812 906.250
-132.812 718.750 148.438 335.938 523.438 914.062 85.938 367.188 898.438 304.688 -210.938 867.188 343.750 101.562 906.250
-554.688 960.938 -335.938 242.188 398.438 804.688 78.125 203.125 875.000 382.812 -250.000 867.188 398.438 -85.938 984.375
-554.688 960.938 -335.938 242.188 398.438 804.688 78.125 203.125 875.000 382.812 -250.000 867.188 398.438 -85.938 984.375
-398.438 937.500 -226.562 39.062 257.812 648.438 -15.625 62.500 820.312 281.250 -335.938 859.375 335.938 62.500 984.375
-398.438 937.500 -226.562 39.062 257.812 648.438 -15.625 62.500 820.312 281.250 -335.938 859.375 335.938 62.500 984.375
-375.000 1054.688 -218.750 -15.625 117.188 742.188 -54.688 101.562 843.750 218.750 -289.062 820.312 289.062 -140.625 906.250
-390.625 1117.188 -210.938 78.125 179.688 851.562 -15.625 132.812 890.625 179.688 -265.625 796.875 226.562 -101.562 843.750
-335.938 1148.438 -164.062 70.312 226.562 945.312 -7.812 203.125 953.125 164.062 -250.000 789.062 171.875 -148.438 804.688
-273.438 1195.312 -85.938 15.625 242.188 976.562 -31.250 195.312 984.375 148.438 -234.375 859.375 171.875 -125.000 812.500
-296.875 1226.562 -54.688 -70.312 281.250 945.312 -85.938 195.312 968.750 187.500 -234.375 890.625 242.188 -31.250 906.250
-312.500 1093.750 -93.750 -140.625 250.000 937.500 -125.000 164.062 968.750 195.312 -250.000 921.875 257.812 -23.438 937.500
-289.062 781.250 -242.188 -250.000 265.625 921.875 -156.250 140.625 968.750 171.875 -257.812 921.875 234.375 -23.438 929.688
