359.375 -1031.250 -203.125 -39.062 -453.125 960.938 -125.000 7.812 1078.125 -476.562 304.688 882.812 -476.562 101.562 867.188
328.125 -945.312 -179.688 -23.438 -398.438 976.562 -117.188 62.500 1078.125 -453.125 312.500 867.188 -476.562 109.375 875.000
343.750 -914.062 -179.688 0.000 -367.188 968.750 -101.562 85.938 1054.688 -437.500 335.938 859.375 -476.562 125.000 890.625
343.750 -906.250 -164.062 7.812 -367.188 960.938 -93.750 78.125 1031.250 -437.500 351.562 867.188 -476.562 140.625 890.625
328.125 -929.688 -148.438 46.875 -335.938 906.250 -70.312 101.562 1023.438 -429.688 343.750 851.562 -492.188 117.188 890.625
320.312 -945.312 -125.000 23.438 -335.938 914.062 -85.938 93.750 984.375 -453.125 351.562 851.562 -492.188 140.625 882.812
312.500 -953.125 -125.000 7.812 -320.312 921.875 -101.562 109.375 1000.000 -468.750 359.375 859.375 -492.188 156.250 890.625
289.062 -968.750 -101.562 -39.062 -312.500 960.938 -148.438 140.625 1023.438 -492.188 375.000 843.750 -515.625 156.250 906.250
296.875 -1015.625 -85.938 -54.688 -343.750 968.750 -148.438 109.375 1023.438 -500.000 359.375 859.375 -523.438 156.250 898.438
296.875 -1015.625 -85.938 -54.688 -343.750 968.750 -148.438 109.375 1023.438 -500.000 359.375 859.375 -523.438 156.250 898.438
296.875 -1031.250 -101.562 -62.500 -351.562 984.375 -140.625 93.750 1015.625 -492.188 351.562 851.562 -515.625 148.438 890.625
304.688 -1023.438 -109.375 -62.500 -367.188 1000.000 -156.250 85.938 1015.625 -484.375 343.750 859.375 -500.000 148.438 890.625
289.062 -984.375 -70.312 -70.312 -343.750 1000.000 -164.062 93.750 1031.250 -468.750 351.562 867.188 -468.750 148.438 898.438
289.062 -984.375 -70.312 -70.312 -343.750 1000.000 -164.062 93.750 1031.250 -468.750 351.562 867.188 -468.750 148.438 898.438
218.750 -1000.000 -15.625 -31.250 -296.875 953.125 -109.375 132.812 992.188 -414.062 367.188 835.938 -468.750 156.250 898.438
304.688 -1007.812 -78.125 0.000 -343.750 953.125 -85.938 85.938 960.938 -398.438 335.938 804.688 -445.312 148.438 843.750
343.750 -984.375 -101.562 0.000 -375.000 937.500 -93.750 85.938 984.375 -429.688 335.938 835.938 -468.750 148.438 859.375
312.500 -921.875 -156.250 -15.625 -328.125 953.125 -203.125 148.438 1125.000 -507.812 359.375 968.750 -507.812 140.625 929.688
312.500 -921.875 -156.250 -15.625 -328.125 953.125 -203.125 148.438 1125.000 -507.812 359.375 968.750 -507.812 140.625 929.688
312.500 -921.875 -156.250 -15.625 -328.125 953.125 -203.125 148.438 1125.000 -507.812 359.375 968.750 -507.812 140.625 929.688
382.812 -921.875 -203.125 -7.812 -359.375 968.750 -148.438 109.375 1078.125 -539.062 398.438 1015.625 -562.500 140.625 1046.875
320.312 -953.125 -148.438 -7.812 -390.625 984.375 -93.750 70.312 1023.438 -515.625 367.188 984.375 -539.062 93.750 1054.688
257.812 -960.938 -93.750 7.812 -390.625 976.562 31.250 39.062 1007.812 -289.062 359.375 828.125 -390.625 78.125 929.688
296.875 -1031.250 -85.938 117.188 -429.688 875.000 23.438 0.000 953.125 -156.250 265.625 765.625 -281.250 93.750 820.312
296.875 -1031.250 -85.938 117.188 -429.688 875.000 23.438 0.000 953.125 -156.250 265.625 765.625 -281.250 93.750 820.312
289.062 -1031.250 -78.125 132.812 -437.500 828.125 85.938 0.000 929.688 -210.938 289.062 820.312 -289.062 101.562 820.312
281.250 -1031.250 -85.938 148.438 -414.062 828.125 31.250 7.812 929.688 -171.875 281.250 851.562 -281.250 101.562 835.938
281.250 -1031.250 -85.938 148.438 -414.062 828.125 31.250 7.812 929.688 -171.875 281.250 851.562 -281.250 101.562 835.938
289.062 -984.375 -85.938 140.625 -406.250 828.125 70.312 15.625 929.688 -171.875 281.250 882.812 -296.875 54.688 898.438
273.438 -960.938 -109.375 132.812 -398.438 867.188 62.500 23.438 968.750 -132.812 289.062 875.000 -312.500 46.875 906.250
312.500 -921.875 -93.750 54.688 -367.188 960.938 46.875 62.500 1054.688 -171.875 320.312 914.062 -257.812 93.750 921.875
265.625 -953.125 -117.188 85.938 -445.312 937.500 15.625 46.875 992.188 -179.688 335.938 929.688 -273.438 179.688 984.375
265.625 -953.125 -117.188 85.938 -445.312 937.500 15.625 46.875 992.188 -179.688 335.938 929.688 -273.438 179.688 984.375
335.938 -945.312 -250.000 93.750 -398.438 960.938 85.938 46.875 1000.000 -265.625 328.125 1062.500 -328.125 31.250 1148.438
375.000 -968.750 -171.875 203.125 -500.000 828.125 78.125 7.812 1046.875 -187.500 367.188 1039.062 -343.750 117.188 1210.938
312.500 -992.188 -203.125 250.000 -460.938 773.438 93.750 0.000 1015.625 -125.000 390.625 1023.438 -335.938 93.750 1234.375
453.125 -1070.312 -257.812 265.625 -398.438 796.875 140.625 85.938 984.375 -125.000 375.000 1062.500 -351.562 -70.312 1257.812
453.125 -1070.312 -257.812 265.625 -398.438 796.875 140.625 85.938 984.375 -125.000 375.000 1062.500 -351.562 -70.312 1257.812
500.000 -1070.312 -242.188 195.312 -375.000 968.750 257.812 54.688 1007.812 85.938 179.688 929.688 -351.562 -70.312 1109.375
343.750 -851.562 -312.500 101.562 -492.188 1164.062 62.500 7.812 1164.062 140.625 257.812 757.812 226.562 125.000 656.250
468.750 -890.625 -375.000 132.812 -570.312 1109.375 93.750 -39.062 1140.625 304.688 289.062 656.250 335.938 234.375 578.125
437.500 -1007.812 -171.875 296.875 -570.312 789.062 437.500 -226.562 867.188 320.312 70.312 835.938 359.375 109.375 664.062
140.625 -1148.438 31.250 367.188 -437.500 585.938 328.125 0.000 796.875 273.438 179.688 937.500 39.062 -62.500 1062.500
203.125 -1265.625 -132.812 335.938 -445.312 609.375 382.812 -85.938 796.875 234.375 257.812 890.625 23.438 -23.438 1085.938
398.438 -984.375 39.062 375.000 -445.312 781.250 320.312 -31.250 859.375 312.500 203.125 851.562 54.688 -39.062 1023.438
0.000 -1140.625 54.688 562.500 -320.312 664.062 250.000 70.312 1023.438 351.562 195.312 976.562 351.562 -164.062 890.625
0.000 -1140.625 54.688 562.500 -320.312 664.062 250.000 70.312 1023.438 351.562 195.312 976.562 351.562 -164.062 890.625
343.750 -1156.250 39.062 328.125 -585.938 1054.688 632.812 -132.812 757.812 421.875 359.375 820.312 312.500 -179.688 953.125
281.250 -1031.250 70.312 351.562 -546.875 976.562 554.688 -101.562 812.500 359.375 375.000 835.938 296.875 -132.812 976.562
367.188 -773.438 7.812 570.312 -320.312 640.625 421.875 78.125 921.875 367.188 328.125 953.125 250.000 -117.188 976.562
226.562 -820.312 39.062 554.688 -375.000 632.812 539.062 7.812 781.250 414.062 343.750 898.438 289.062 -257.812 1109.375
250.000 -875.000 46.875 554.688 -390.625 632.812 554.688 -15.625 757.812 437.500 343.750 859.375 273.438 -242.188 1148.438
273.438 -867.188 78.125 531.250 -437.500 671.875 562.500 -70.312 773.438 468.750 367.188 882.812 382.812 -195.312 1039.062
171.875 -906.250 109.375 484.375 -429.688 742.188 523.438 -46.875 820.312 476.562 296.875 812.500 421.875 -218.750 804.688
171.875 -1039.062 171.875 398.438 -476.562 812.500 468.750 -93.750 843.750 476.562 273.438 781.250 476.562 -203.125 789.062
171.875 -1039.062 171.875 398.438 -476.562 812.500 468.750 -93.750 843.750 476.562 273.438 781.250 476.562 -203.125 789.062
15.625 -1078.125 234.375 421.875 -476.562 828.125 500.000 -78.125 851.562 453.125 265.625 781.250 507.812 -148.438 804.688
7.812 -1125.000 250.000 351.562 -468.750 796.875 453.125 -85.938 851.562 390.625 265.625 882.812 468.750 -171.875 882.812
242.188 -1101.562 -132.812 343.750 -390.625 609.375 421.875 -125.000 773.438 351.562 218.750 820.312 445.312 -187.500 859.375
398.438 -984.375 -171.875 367.188 -367.188 500.000 382.812 -62.500 695.312 304.688 171.875 789.062 476.562 -226.562 867.188
414.062 -921.875 -210.938 382.812 -273.438 406.250 421.875 -62.500 632.812 320.312 226.562 742.188 390.625 -218.750 875.000
445.312 -890.625 -296.875 242.188 -421.875 476.562 289.062 -7.812 593.750 203.125 304.688 742.188 250.000 -281.250 1015.625
445.312 -890.625 -296.875 242.188 -421.875 476.562 289.062 -7.812 593.750 203.125 304.688 742.188 250.000 -281.250 1015.625
804.688 -421.875 -421.875 31.250 -585.938 734.375 -445.312 -31.250 1390.625 -171.875 164.062 1109.375 289.062 -7.812 867.188
804.688 -421.875 -421.875 31.250 -585.938 734.375 -445.312 -31.250 1390.625 -171.875 164.062 1109.375 289.062 -7.812 867.188
585.938 -1171.875 -453.125 -328.125 -492.188 1031.250 -15.625 117.188 1437.500 93.750 78.125 1070.312 359.375 156.250 664.062
585.938 -1171.875 -453.125 -328.125 -492.188 1031.250 -15.625 117.188 1437.500 93.750 78.125 1070.312 359.375 156.250 664.062
640.625 -1390.625 -398.438 -257.812 -695.312 1164.062 546.875 62.500 1117.188 187.500 289.062 976.562 375.000 125.000 781.250
539.062 -968.750 -414.062 85.938 -765.625 757.812 750.000 -1007.812 179.688 234.375 62.500 906.250 398.438 -85.938 812.500
492.188 -726.562 -304.688 -39.062 -820.312 1015.625 710.938 -679.688 656.250 578.125 -93.750 773.438 492.188 -179.688 531.250
273.438 -570.312 -234.375 -273.438 -820.312 914.062 421.875 -789.062 828.125 7.812 -39.062 804.688 273.438 -85.938 585.938
382.812 -718.750 -218.750 -296.875 -742.188 906.250 445.312 -742.188 695.312 -289.062 -7.812 890.625 140.625 85.938 703.125
382.812 -718.750 -218.750 -296.875 -742.188 906.250 445.312 -742.188 695.312 -289.062 -7.812 890.625 140.625 85.938 703.125
-85.938 -1109.375 70.312 -171.875 -507.812 914.062 320.312 -304.688 851.562 -296.875 468.750 1054.688 -101.562 203.125 1171.875
-85.938 -1109.375 70.312 -171.875 -507.812 914.062 320.312 -304.688 851.562 -296.875 468.750 1054.688 -101.562 203.125 1171.875
367.188 -546.875 -289.062 -78.125 -742.188 960.938 484.375 -507.812 734.375 367.188 148.438 757.812 -70.312 -250.000 1046.875
601.562 -421.875 -164.062 -148.438 -617.188 765.625 367.188 -515.625 750.000 -46.875 250.000 820.312 -23.438 -171.875 937.500
296.875 -1070.312 -179.688 -31.250 -312.500 593.750 382.812 -187.500 781.250 -437.500 359.375 1023.438 -265.625 -15.625 1023.438
484.375 -953.125 -273.438 -132.812 -601.562 804.688 343.750 -328.125 929.688 -625.000 445.312 1078.125 -539.062 -39.062 1296.875
484.375 -953.125 -273.438 -132.812 -601.562 804.688 343.750 -328.125 929.688 -625.000 445.312 1078.125 -539.062 -39.062 1296.875
539.062 -1070.312 -437.500 -132.812 -460.938 843.750 382.812 -335.938 929.688 -359.375 437.500 984.375 -531.250 -78.125 1359.375
554.688 -664.062 -515.625 -148.438 -375.000 992.188 429.688 -265.625 921.875 -382.812 578.125 1023.438 -265.625 -46.875 1195.312
554.688 -664.062 -515.625 -148.438 -375.000 992.188 429.688 -265.625 921.875 -382.812 578.125 1023.438 -265.625 -46.875 1195.312
140.625 -1281.250 -460.938 -132.812 -320.312 1226.562 531.250 -351.562 750.000 -359.375 218.750 984.375 -117.188 -109.375 984.375
140.625 -1281.250 -460.938 -132.812 -320.312 1226.562 531.250 -351.562 750.000 -359.375 218.750 984.375 -117.188 -109.375 984.375
140.625 -1281.250 -460.938 -132.812 -320.312 1226.562 531.250 -351.562 750.000 -359.375 218.750 984.375 -117.188 -109.375 984.375
195.312 -1210.938 -375.000 -492.188 -906.250 1859.375 898.438 140.625 554.688 164.062 117.188 546.875 -296.875 -328.125 929.688
304.688 -1828.125 -460.938 773.438 -632.812 125.000 15.625 -859.375 1179.688 -226.562 546.875 1125.000 281.250 46.875 640.625
31.250 -1132.812 -93.750 382.812 -734.375 945.312 500.000 109.375 796.875 -242.188 671.875 1000.000 -257.812 226.562 1343.750
31.250 -1132.812 -93.750 382.812 -734.375 945.312 500.000 109.375 796.875 -242.188 671.875 1000.000 -257.812 226.562 1343.750
398.438 -1062.500 -304.688 796.875 -601.562 289.062 335.938 328.125 921.875 70.312 578.125 765.625 -164.062 -78.125 1140.625
398.438 -1062.500 -304.688 796.875 -601.562 289.062 335.938 328.125 921.875 70.312 578.125 765.625 -164.062 -78.125 1140.625
375.000 -960.938 -257.812 796.875 -632.812 257.812 351.562 140.625 843.750 70.312 476.562 828.125 -117.188 31.250 1101.562
367.188 -601.562 -187.500 664.062 -320.312 460.938 210.938 78.125 1007.812 46.875 476.562 859.375 101.562 156.250 960.938
375.000 -757.812 -156.250 625.000 -281.250 492.188 164.062 117.188 1031.250 93.750 593.750 781.250 85.938 250.000 1000.000
-578.125 -601.562 -15.625 757.812 -54.688 304.688 -187.500 -343.750 1390.625 289.062 93.750 742.188 320.312 93.750 671.875
109.375 -625.000 -125.000 726.562 -296.875 367.188 343.750 156.250 828.125 226.562 468.750 671.875 195.312 257.812 804.688
328.125 -687.500 -93.750 664.062 -367.188 453.125 304.688 117.188 765.625 23.438 429.688 781.250 93.750 148.438 828.125
437.500 -867.188 -101.562 539.062 -539.062 632.812 148.438 70.312 921.875 -218.750 460.938 984.375 -156.250 85.938 1085.938
429.688 -906.250 -117.188 578.125 -570.312 640.625 171.875 39.062 992.188 23.438 421.875 851.562 23.438 117.188 960.938
429.688 -906.250 -117.188 578.125 -570.312 640.625 171.875 39.062 992.188 23.438 421.875 851.562 23.438 117.188 960.938
429.688 -906.250 -117.188 578.125 -570.312 640.625 171.875 39.062 992.188 23.438 421.875 851.562 23.438 117.188 960.938
382.812 -882.812 -117.188 570.312 -515.625 648.438 234.375 78.125 953.125 70.312 453.125 820.312 70.312 140.625 929.688
406.250 -851.562 -109.375 648.438 -484.375 562.500 289.062 117.188 921.875 78.125 476.562 835.938 78.125 179.688 968.750
414.062 -843.750 -132.812 695.312 -500.000 476.562 367.188 39.062 890.625 109.375 406.250 875.000 46.875 54.688 968.750
406.250 -851.562 -148.438 695.312 -523.438 484.375 351.562 46.875 890.625 85.938 414.062 890.625 39.062 39.062 976.562
484.375 -875.000 -210.938 687.500 -546.875 500.000 320.312 23.438 921.875 78.125 382.812 906.250 23.438 39.062 984.375
500.000 -875.000 -210.938 679.688 -554.688 507.812 304.688 23.438 937.500 70.312 367.188 914.062 39.062 46.875 984.375
500.000 -875.000 -210.938 679.688 -554.688 507.812 304.688 23.438 937.500 70.312 367.188 914.062 39.062 46.875 984.375
421.875 -929.688 -195.312 632.812 -585.938 585.938 234.375 7.812 984.375 39.062 359.375 921.875 -7.812 0.000 976.562
429.688 -937.500 -203.125 632.812 -578.125 593.750 203.125 0.000 1000.000 15.625 351.562 921.875 -23.438 0.000 976.562
328.125 -984.375 -70.312 601.562 -539.062 617.188 156.250 46.875 1023.438 -23.438 390.625 968.750 -23.438 46.875 1023.438
250.000 -687.500 -226.562 593.750 -390.625 640.625 125.000 265.625 1109.375 140.625 406.250 828.125 -31.250 39.062 1046.875
250.000 -687.500 -226.562 593.750 -390.625 640.625 125.000 265.625 1109.375 140.625 406.250 828.125 -31.250 39.062 1046.875
343.750 -1070.312 -70.312 648.438 -453.125 468.750 195.312 54.688 953.125 7.812 398.438 914.062 31.250 7.812 945.312
54.688 -1015.625 85.938 648.438 -476.562 492.188 289.062 125.000 914.062 93.750 421.875 906.250 39.062 140.625 984.375
