-523.438 773.438 -515.625 85.938 273.438 929.688 179.688 140.625 960.938 460.938 -234.375 789.062 343.750 -54.688 898.438
-507.812 789.062 -515.625 93.750 273.438 914.062 164.062 132.812 929.688 429.688 -234.375 789.062 281.250 -70.312 875.000
-507.812 757.812 -523.438 109.375 273.438 929.688 164.062 132.812 937.500 406.250 -242.188 773.438 257.812 -93.750 867.188
-500.000 757.812 -507.812 117.188 273.438 937.500 156.250 132.812 937.500 406.250 -250.000 781.250 265.625 -93.750 859.375
-468.750 765.625 -476.562 125.000 257.812 937.500 156.250 125.000 937.500 398.438 -257.812 773.438 250.000 -85.938 859.375
-484.375 703.125 -515.625 117.188 250.000 937.500 187.500 109.375 937.500 421.875 -265.625 781.250 265.625 -85.938 875.000
-523.438 679.688 -523.438 140.625 242.188 929.688 203.125 101.562 960.938 468.750 -257.812 789.062 312.500 -101.562 898.438
-539.062 664.062 -531.250 148.438 250.000 937.500 226.562 93.750 984.375 507.812 -265.625 812.500 351.562 -78.125 914.062
-546.875 671.875 -531.250 156.250 250.000 992.188 234.375 109.375 1015.625 531.250 -273.438 851.562 375.000 -78.125 945.312
-523.438 640.625 -539.062 179.688 250.000 992.188 242.188 101.562 1015.625 515.625 -281.250 835.938 359.375 -85.938 945.312
-523.438 609.375 -515.625 171.875 281.250 1031.250 210.938 132.812 1015.625 484.375 -265.625 828.125 335.938 -132.812 945.312
-523.438 625.000 -515.625 140.625 265.625 1015.625 195.312 125.000 1000.000 460.938 -273.438 812.500 312.500 -125.000 914.062
-492.188 718.750 -492.188 46.875 218.750 906.250 125.000 93.750 953.125 421.875 -257.812 796.875 289.062 -101.562 890.625
-468.750 742.188 -476.562 39.062 195.312 898.438 140.625 93.750 937.500 429.688 -273.438 820.312 296.875 -109.375 906.250
-406.250 734.375 -414.062 101.562 140.625 898.438 171.875 46.875 992.188 476.562 -304.688 875.000 296.875 -101.562 937.500
-398.438 726.562 -406.250 109.375 132.812 921.875 179.688 39.062 1000.000 468.750 -296.875 882.812 312.500 -70.312 953.125
-531.250 781.250 -492.188 70.312 320.312 937.500 171.875 171.875 960.938 468.750 -218.750 835.938 367.188 -15.625 937.500
-500.000 796.875 -476.562 39.062 343.750 906.250 171.875 187.500 937.500 453.125 -195.312 812.500 375.000 -7.812 929.688
-500.000 843.750 -429.688 15.625 476.562 898.438 171.875 296.875 914.062 500.000 -117.188 789.062 414.062 70.312 906.250
-460.938 882.812 -398.438 7.812 554.688 828.125 195.312 257.812 867.188 484.375 -93.750 789.062 414.062 0.000 937.500
-460.938 851.562 -671.875 -101.562 -257.812 757.812 156.250 -445.312 617.188 507.812 -375.000 718.750 382.812 -195.312 929.688
-523.438 789.062 -773.438 398.438 -601.562 515.625 -39.062 -179.688 820.312 406.250 -382.812 750.000 281.250 -218.750 945.312
-718.750 359.375 -1093.750 562.500 460.938 1234.375 156.250 156.250 750.000 210.938 -570.312 437.500 210.938 -437.500 953.125
-812.500 156.250 -1210.938 664.062 539.062 1218.750 296.875 281.250 796.875 78.125 -500.000 343.750 296.875 -500.000 921.875
-359.375 593.750 -398.438 359.375 -85.938 656.250 296.875 23.438 828.125 546.875 -476.562 812.500 210.938 -218.750 781.250
-328.125 773.438 -453.125 250.000 -7.812 679.688 226.562 -171.875 906.250 601.562 -367.188 843.750 414.062 109.375 937.500
-625.000 773.438 -539.062 367.188 -101.562 960.938 429.688 93.750 1242.188 804.688 -156.250 1140.625 562.500 54.688 1242.188
-585.938 367.188 -500.000 1226.562 -929.688 1109.375 265.625 632.812 1195.312 851.562 78.125 1031.250 429.688 375.000 1000.000
-765.625 390.625 -562.500 117.188 796.875 1093.750 203.125 468.750 757.812 429.688 -39.062 664.062 242.188 -78.125 757.812
-687.500 625.000 -460.938 343.750 390.625 914.062 195.312 406.250 851.562 335.938 -78.125 679.688 210.938 101.562 585.938
-390.625 453.125 -382.812 242.188 296.875 984.375 156.250 367.188 914.062 289.062 -125.000 898.438 78.125 195.312 828.125
-773.438 367.188 -531.250 343.750 187.500 867.188 242.188 328.125 820.312 273.438 -78.125 695.312 15.625 54.688 695.312
-523.438 476.562 -718.750 593.750 289.062 945.312 414.062 328.125 890.625 421.875 -117.188 757.812 140.625 39.062 789.062
-648.438 679.688 -812.500 570.312 304.688 992.188 382.812 304.688 875.000 359.375 -156.250 726.562 54.688 46.875 781.250
-671.875 1062.500 -523.438 523.438 93.750 906.250 257.812 257.812 828.125 210.938 -171.875 664.062 -125.000 7.812 656.250
-625.000 968.750 -523.438 304.688 109.375 882.812 195.312 226.562 828.125 265.625 -132.812 671.875 -31.250 31.250 671.875
-796.875 703.125 -617.188 23.438 328.125 984.375 62.500 500.000 726.562 312.500 -39.062 578.125 -7.812 0.000 632.812
-734.375 835.938 -601.562 164.062 492.188 1007.812 70.312 445.312 789.062 171.875 78.125 687.500 -54.688 210.938 492.188
-617.188 757.812 -507.812 218.750 320.312 1007.812 -117.188 289.062 679.688 70.312 -93.750 531.250 -78.125 -31.250 492.188
-718.750 335.938 -437.500 1132.812 -414.062 1062.500 289.062 -296.875 703.125 609.375 -398.438 414.062 390.625 -414.062 726.562
-875.000 281.250 -554.688 234.375 -507.812 617.188 1000.000 -726.562 976.562 1101.562 -882.812 648.438 695.312 -820.312 1125.000
-843.750 250.000 -515.625 -132.812 -265.625 125.000 804.688 -835.938 1023.438 1289.062 -812.500 656.250 914.062 -757.812 1109.375
-773.438 507.812 -500.000 570.312 -625.000 1093.750 507.812 -476.562 945.312 914.062 -703.125 656.250 882.812 -453.125 1062.500
-796.875 281.250 -562.500 125.000 -187.500 1062.500 507.812 -85.938 976.562 750.000 -445.312 593.750 570.312 -390.625 812.500
-742.188 335.938 -375.000 -46.875 -156.250 804.688 398.438 -242.188 875.000 820.312 -460.938 578.125 773.438 -351.562 875.000
-671.875 242.188 -351.562 -171.875 -93.750 757.812 492.188 -304.688 882.812 828.125 -546.875 617.188 859.375 -320.312 882.812
-656.250 125.000 -289.062 -62.500 -296.875 710.938 585.938 -484.375 820.312 945.312 -523.438 554.688 859.375 -406.250 921.875
-804.688 242.188 -367.188 -93.750 -328.125 648.438 664.062 -703.125 710.938 953.125 -703.125 492.188 851.562 -476.562 945.312
-796.875 265.625 -273.438 -46.875 -351.562 695.312 718.750 -750.000 695.312 992.188 -750.000 515.625 875.000 -476.562 992.188
-781.250 226.562 -265.625 -70.312 -289.062 656.250 726.562 -859.375 656.250 1023.438 -812.500 492.188 890.625 -515.625 1023.438
-773.438 304.688 -156.250 -242.188 -570.312 414.062 921.875 -953.125 710.938 1210.938 -851.562 546.875 1125.000 -531.250 1164.062
-703.125 218.750 -156.250 492.188 -273.438 1132.812 843.750 -375.000 968.750 1250.000 -507.812 632.812 1187.500 -304.688 968.750
-898.438 195.312 -328.125 492.188 -179.688 1234.375 742.188 -304.688 890.625 1156.250 -398.438 539.062 1085.938 -328.125 835.938
-843.750 265.625 -312.500 289.062 -320.312 1109.375 585.938 -312.500 843.750 1062.500 -445.312 523.438 1015.625 -359.375 843.750
-507.812 -125.000 -406.250 -39.062 -390.625 796.875 367.188 -515.625 789.062 765.625 -632.812 523.438 710.938 -523.438 851.562
-726.562 -93.750 -710.938 -203.125 -468.750 640.625 289.062 -718.750 765.625 664.062 -828.125 500.000 593.750 -679.688 906.250
-726.562 218.750 -476.562 -593.750 1304.688 -7.812 492.188 -781.250 601.562 726.562 -578.125 523.438 554.688 -468.750 804.688
-625.000 304.688 -507.812 492.188 -484.375 1039.062 54.688 -429.688 734.375 546.875 -523.438 578.125 460.938 -414.062 789.062
-664.062 656.250 -648.438 -273.438 390.625 453.125 562.500 1632.812 1742.188 273.438 -562.500 484.375 164.062 -367.188 710.938
-828.125 898.438 -546.875 460.938 93.750 843.750 -218.750 218.750 687.500 70.312 -476.562 539.062 54.688 -171.875 718.750
-601.562 765.625 -507.812 640.625 695.312 1335.938 117.188 375.000 898.438 93.750 -156.250 664.062 -179.688 -195.312 609.375
-546.875 789.062 -664.062 117.188 265.625 992.188 125.000 414.062 898.438 46.875 -171.875 656.250 -125.000 -93.750 632.812
-898.438 875.000 -640.625 281.250 398.438 1000.000 70.312 406.250 867.188 -85.938 -101.562 718.750 -304.688 54.688 617.188
-820.312 757.812 -789.062 296.875 382.812 1070.312 101.562 367.188 898.438 39.062 -101.562 765.625 -382.812 23.438 585.938
-828.125 320.312 -648.438 250.000 343.750 1015.625 195.312 382.812 937.500 328.125 -109.375 867.188 7.812 164.062 921.875
-710.938 359.375 -492.188 296.875 93.750 945.312 312.500 156.250 1023.438 539.062 -234.375 992.188 390.625 250.000 1257.812
-648.438 398.438 -398.438 242.188 31.250 914.062 226.562 31.250 976.562 531.250 -312.500 960.938 265.625 320.312 1101.562
-476.562 335.938 -210.938 117.188 117.188 937.500 195.312 93.750 976.562 531.250 -234.375 906.250 62.500 281.250 1007.812
-445.312 171.875 -289.062 195.312 156.250 937.500 156.250 78.125 968.750 367.188 -179.688 921.875 54.688 -132.812 867.188
-648.438 117.188 -265.625 -70.312 398.438 804.688 85.938 375.000 734.375 359.375 140.625 601.562 289.062 171.875 1007.812
-570.312 226.562 -273.438 -156.250 468.750 648.438 23.438 687.500 406.250 531.250 710.938 0.000 484.375 -320.312 1023.438
-453.125 515.625 -367.188 23.438 164.062 679.688 125.000 -531.250 781.250 -273.438 -632.812 1156.250 -1539.062 921.875 -1117.188
-515.625 429.688 -484.375 117.188 289.062 742.188 132.812 210.938 781.250 140.625 -218.750 937.500 -398.438 -273.438 757.812
-882.812 1132.812 -742.188 -140.625 507.812 742.188 265.625 687.500 835.938 1718.750 679.688 570.312 -1296.875 -2398.438 429.688
-796.875 1148.438 -796.875 70.312 515.625 960.938 375.000 710.938 695.312 1046.875 -531.250 796.875 -570.312 -7.812 328.125
-390.625 132.812 -1156.250 757.812 -195.312 1187.500 859.375 -132.812 1218.750 179.688 -46.875 992.188 -937.500 312.500 -140.625
-757.812 -62.500 -1195.312 929.688 93.750 1320.312 812.500 156.250 1320.312 406.250 -140.625 898.438 -468.750 -515.625 757.812
-750.000 617.188 -984.375 1265.625 -1515.625 1687.500 -226.562 -460.938 1070.312 546.875 -320.312 1226.562 -492.188 -195.312 992.188
-601.562 523.438 -679.688 1054.688 -476.562 1484.375 750.000 -85.938 1539.062 437.500 -414.062 1117.188 -453.125 -335.938 1031.250
-367.188 234.375 -515.625 781.250 1250.000 39.062 398.438 164.062 734.375 39.062 -546.875 664.062 -812.500 -523.438 515.625
-609.375 -62.500 -421.875 -140.625 -601.562 1468.750 70.312 906.250 1875.000 -687.500 273.438 968.750 -937.500 -648.438 15.625
-476.562 -390.625 -835.938 0.000 304.688 523.438 -273.438 187.500 265.625 -914.062 531.250 476.562 -664.062 -929.688 109.375
-539.062 46.875 -890.625 -632.812 539.062 343.750 -609.375 898.438 328.125 -265.625 117.188 445.312 -546.875 -539.062 54.688
-664.062 687.500 -1148.438 -554.688 -335.938 -312.500 -484.375 125.000 375.000 1046.875 -187.500 648.438 -156.250 -85.938 414.062
-757.812 648.438 -1359.375 -195.312 -46.875 257.812 -312.500 -1773.438 -289.062 1453.125 -867.188 804.688 421.875 -93.750 1015.625
-359.375 1843.750 -460.938 531.250 328.125 1179.688 367.188 523.438 1515.625 640.625 -445.312 859.375 1265.625 -859.375 523.438
-85.938 1570.312 -242.188 -7.812 937.500 1546.875 54.688 78.125 1257.812 789.062 -171.875 601.562 1078.125 -414.062 617.188
-304.688 1328.125 -453.125 -109.375 1210.938 1156.250 -273.438 1101.562 843.750 7.812 -539.062 492.188 554.688 492.188 1765.625
-695.312 976.562 -539.062 -218.750 867.188 1015.625 -484.375 531.250 757.812 148.438 -484.375 945.312 718.750 1093.750 1671.875
-382.812 132.812 -289.062 -585.938 257.812 406.250 -351.562 -54.688 820.312 671.875 -414.062 953.125 742.188 85.938 1109.375
-460.938 179.688 -382.812 -734.375 234.375 304.688 -468.750 39.062 718.750 476.562 -578.125 820.312 632.812 39.062 1101.562
-562.500 359.375 -398.438 -250.000 390.625 640.625 -382.812 7.812 679.688 351.562 -500.000 687.500 429.688 -62.500 1046.875
-476.562 625.000 -398.438 203.125 484.375 1039.062 -109.375 125.000 1117.188 578.125 -539.062 773.438 398.438 -132.812 1007.812
-640.625 710.938 -562.500 140.625 617.188 1000.000 -132.812 304.688 1125.000 539.062 -382.812 843.750 351.562 31.250 921.875
-695.312 671.875 -578.125 93.750 695.312 1015.625 -164.062 429.688 1125.000 515.625 -250.000 859.375 351.562 156.250 835.938
-664.062 468.750 -546.875 -15.625 812.500 906.250 -296.875 468.750 937.500 375.000 -148.438 882.812 242.188 203.125 820.312
-570.312 320.312 -421.875 -187.500 609.375 773.438 -406.250 328.125 781.250 250.000 -218.750 781.250 171.875 140.625 804.688
-578.125 335.938 -429.688 -78.125 437.500 796.875 -304.688 210.938 851.562 273.438 -210.938 781.250 203.125 132.812 773.438
-617.188 359.375 -437.500 -31.250 523.438 820.312 -257.812 234.375 867.188 328.125 -257.812 757.812 218.750 93.750 804.688
-625.000 429.688 -476.562 -7.812 539.062 796.875 -242.188 289.062 843.750 382.812 -265.625 734.375 281.250 101.562 812.500
-671.875 468.750 -500.000 54.688 523.438 859.375 -164.062 218.750 937.500 484.375 -296.875 781.250 367.188 93.750 875.000
-585.938 585.938 -460.938 125.000 546.875 898.438 -156.250 179.688 953.125 484.375 -367.188 781.250 359.375 62.500 906.250
-546.875 648.438 -460.938 148.438 492.188 945.312 -171.875 179.688 960.938 437.500 -382.812 789.062 335.938 70.312 906.250
-500.000 710.938 -429.688 156.250 507.812 968.750 -187.500 117.188 960.938 414.062 -437.500 789.062 320.312 31.250 921.875
-296.875 765.625 -312.500 210.938 367.188 1031.250 -203.125 85.938 953.125 390.625 -492.188 765.625 273.438 -31.250 921.875
-367.188 679.688 -304.688 15.625 312.500 960.938 -140.625 156.250 1054.688 429.688 -382.812 812.500 289.062 -39.062 882.812
-500.000 757.812 -382.812 -62.500 398.438 921.875 -195.312 179.688 1039.062 476.562 -335.938 875.000 343.750 -31.250 843.750
-695.312 804.688 -484.375 -85.938 687.500 914.062 -125.000 351.562 1015.625 664.062 -132.812 890.625 546.875 132.812 1007.812
-625.000 804.688 -539.062 -195.312 656.250 960.938 -148.438 382.812 1046.875 593.750 -148.438 843.750 460.938 -7.812 976.562
-546.875 726.562 -562.500 -117.188 367.188 906.250 -132.812 156.250 1062.500 484.375 -343.750 765.625 312.500 -187.500 921.875
-437.500 734.375 -500.000 -101.562 210.938 882.812 -164.062 7.812 992.188 398.438 -351.562 734.375 281.250 -226.562 914.062
-531.250 890.625 -679.688 -187.500 -7.812 765.625 -210.938 -140.625 890.625 515.625 -531.250 695.312 445.312 -281.250 976.562
-664.062 851.562 -765.625 -179.688 70.312 804.688 -171.875 -148.438 937.500 500.000 -453.125 687.500 445.312 -312.500 1000.000
-750.000 742.188 -851.562 -78.125 164.062 906.250 -125.000 15.625 984.375 500.000 -523.438 734.375 414.062 -320.312 968.750
-726.562 664.062 -851.562 -46.875 148.438 914.062 -109.375 -70.312 1015.625 476.562 -476.562 742.188 367.188 -304.688 937.500
-679.688 273.438 -718.750 -15.625 -23.438 898.438 -140.625 -39.062 875.000 546.875 -742.188 773.438 265.625 -242.188 937.500
