-359.375 898.438 78.125 148.438 312.500 835.938 117.188 367.188 867.188 445.312 -187.500 804.688 367.188 46.875 875.000
-406.250 851.562 31.250 164.062 343.750 890.625 140.625 382.812 906.250 460.938 -179.688 828.125 398.438 39.062 882.812
-437.500 882.812 7.812 164.062 343.750 898.438 140.625 398.438 906.250 445.312 -179.688 820.312 367.188 39.062 867.188
-437.500 898.438 15.625 156.250 343.750 898.438 117.188 398.438 890.625 445.312 -171.875 820.312 367.188 39.062 875.000
-414.062 890.625 15.625 140.625 343.750 875.000 109.375 406.250 867.188 414.062 -156.250 804.688 335.938 39.062 851.562
-421.875 945.312 46.875 125.000 390.625 875.000 101.562 437.500 843.750 421.875 -140.625 796.875 351.562 70.312 835.938
-406.250 953.125 31.250 109.375 414.062 867.188 101.562 460.938 851.562 445.312 -109.375 804.688 382.812 93.750 835.938
-398.438 921.875 39.062 117.188 414.062 867.188 101.562 445.312 843.750 445.312 -125.000 812.500 382.812 78.125 859.375
-367.188 859.375 54.688 156.250 328.125 882.812 109.375 382.812 875.000 414.062 -203.125 789.062 335.938 15.625 882.812
-351.562 859.375 31.250 171.875 312.500 882.812 117.188 367.188 882.812 421.875 -218.750 789.062 343.750 7.812 867.188
-359.375 851.562 15.625 242.188 304.688 937.500 195.312 343.750 976.562 500.000 -234.375 859.375 367.188 0.000 906.250
-390.625 820.312 -23.438 289.062 273.438 976.562 242.188 367.188 1046.875 554.688 -265.625 906.250 375.000 -7.812 937.500
-382.812 960.938 54.688 382.812 281.250 1125.000 375.000 398.438 1257.812 679.688 -257.812 1078.125 437.500 85.938 1023.438
-414.062 1023.438 78.125 367.188 351.562 1156.250 375.000 531.250 1265.625 710.938 -234.375 1164.062 562.500 46.875 1148.438
-429.688 1093.750 109.375 210.938 601.562 1148.438 234.375 640.625 1179.688 742.188 -164.062 1265.625 468.750 210.938 1265.625
-429.688 1062.500 54.688 117.188 617.188 1054.688 179.688 593.750 1125.000 679.688 -148.438 1257.812 398.438 320.312 1187.500
-546.875 585.938 -273.438 -156.250 273.438 789.062 -46.875 476.562 804.688 351.562 -234.375 812.500 320.312 46.875 953.125
-507.812 625.000 -296.875 -210.938 226.562 656.250 -132.812 398.438 703.125 289.062 -296.875 765.625 390.625 -70.312 1046.875
-460.938 726.562 -257.812 -304.688 242.188 437.500 -296.875 289.062 539.062 195.312 -320.312 757.812 437.500 -78.125 1156.250
-500.000 882.812 -281.250 -343.750 156.250 382.812 -273.438 156.250 562.500 93.750 -351.562 710.938 289.062 0.000 898.438
-390.625 890.625 -132.812 -414.062 437.500 406.250 -132.812 273.438 828.125 132.812 -320.312 750.000 78.125 -101.562 718.750
-234.375 835.938 31.250 -382.812 320.312 289.062 -101.562 437.500 882.812 78.125 -250.000 750.000 -54.688 -140.625 695.312
-39.062 1101.562 226.562 -132.812 585.938 625.000 -382.812 367.188 609.375 -85.938 -312.500 742.188 -234.375 -187.500 750.000
-140.625 1203.125 117.188 54.688 828.125 937.500 -445.312 390.625 523.438 -187.500 -257.812 718.750 -234.375 -140.625 781.250
-273.438 1328.125 101.562 -39.062 859.375 828.125 -640.625 554.688 468.750 -585.938 -187.500 554.688 -460.938 -132.812 570.312
-171.875 1382.812 210.938 -62.500 710.938 718.750 -585.938 593.750 484.375 -656.250 -93.750 554.688 -562.500 -140.625 531.250
140.625 851.562 375.000 -15.625 1164.062 945.312 -476.562 750.000 531.250 -640.625 62.500 585.938 -625.000 -148.438 421.875
-218.750 1070.312 265.625 -140.625 500.000 625.000 -593.750 476.562 476.562 -648.438 -31.250 585.938 -609.375 -179.688 437.500
-117.188 921.875 148.438 -93.750 554.688 703.125 -687.500 343.750 406.250 -570.312 -234.375 648.438 -570.312 -187.500 726.562
-234.375 882.812 125.000 7.812 460.938 804.688 -703.125 320.312 445.312 -562.500 -320.312 664.062 -507.812 -242.188 835.938
-148.438 859.375 117.188 39.062 382.812 851.562 -562.500 320.312 625.000 -539.062 -367.188 726.562 -507.812 -281.250 898.438
-242.188 781.250 31.250 78.125 367.188 882.812 -414.062 398.438 875.000 -390.625 -445.312 859.375 -476.562 -351.562 914.062
-320.312 835.938 70.312 132.812 406.250 960.938 -375.000 507.812 1031.250 -281.250 -398.438 1125.000 -414.062 -281.250 1039.062
-281.250 914.062 101.562 226.562 460.938 1070.312 -382.812 554.688 1070.312 -234.375 -390.625 1203.125 -382.812 -234.375 1156.250
-289.062 1117.188 148.438 359.375 578.125 1273.438 -429.688 656.250 1085.938 -304.688 -382.812 1234.375 -398.438 -179.688 1281.250
-179.688 1109.375 203.125 187.500 632.812 1085.938 -492.188 609.375 867.188 -429.688 -312.500 1007.812 -476.562 -187.500 1023.438
-390.625 1054.688 164.062 31.250 726.562 867.188 -453.125 679.688 617.188 -578.125 -140.625 726.562 -523.438 -195.312 703.125
-23.438 515.625 210.938 -101.562 468.750 796.875 -703.125 562.500 468.750 -632.812 -93.750 703.125 -593.750 -78.125 601.562
-218.750 593.750 62.500 -304.688 343.750 632.812 -687.500 460.938 226.562 -695.312 -70.312 445.312 -617.188 -93.750 484.375
-312.500 593.750 -101.562 -359.375 437.500 539.062 -687.500 367.188 210.938 -671.875 -148.438 437.500 -562.500 -210.938 539.062
-296.875 734.375 -93.750 -296.875 453.125 578.125 -671.875 250.000 289.062 -492.188 -210.938 632.812 -507.812 -125.000 703.125
-250.000 773.438 -78.125 -250.000 515.625 507.812 -601.562 242.188 382.812 -445.312 -218.750 750.000 -476.562 -62.500 804.688
-265.625 828.125 -70.312 -125.000 679.688 773.438 -500.000 476.562 625.000 -429.688 -187.500 914.062 -453.125 -46.875 976.562
-164.062 1078.125 125.000 85.938 726.562 1156.250 -398.438 789.062 882.812 -382.812 -132.812 953.125 -476.562 -39.062 859.375
-101.562 1046.875 85.938 7.812 796.875 1140.625 -421.875 703.125 851.562 -421.875 -101.562 968.750 -484.375 -31.250 851.562
-132.812 890.625 54.688 -320.312 671.875 859.375 -484.375 726.562 820.312 -523.438 -109.375 968.750 -546.875 -62.500 906.250
-554.688 1140.625 -273.438 -406.250 695.312 617.188 -609.375 601.562 562.500 -726.562 -125.000 632.812 -656.250 -218.750 695.312
-296.875 1320.312 -257.812 -453.125 312.500 460.938 -554.688 328.125 445.312 -734.375 -195.312 437.500 -656.250 -179.688 562.500
93.750 875.000 23.438 -312.500 375.000 632.812 -625.000 289.062 312.500 -640.625 -265.625 351.562 -632.812 -187.500 468.750
62.500 687.500 46.875 -93.750 812.500 578.125 -617.188 484.375 351.562 -546.875 -171.875 429.688 -570.312 -179.688 453.125
-382.812 1062.500 -54.688 -937.500 0.000 85.938 -156.250 710.938 1140.625 132.812 296.875 1390.625 -187.500 265.625 742.188
-242.188 1648.438 78.125 -1429.688 -132.812 -148.438 -125.000 296.875 1234.375 171.875 93.750 1742.188 -54.688 687.500 1335.938
-140.625 1320.312 -226.562 -867.188 437.500 601.562 -804.688 367.188 750.000 -187.500 -437.500 1289.062 54.688 93.750 1820.312
-359.375 960.938 -421.875 -968.750 390.625 671.875 -773.438 250.000 648.438 -429.688 -468.750 1007.812 -15.625 -210.938 1648.438
-664.062 1531.250 -484.375 -859.375 15.625 585.938 -523.438 85.938 992.188 -320.312 -437.500 914.062 -500.000 -273.438 773.438
-250.000 1523.438 78.125 -968.750 203.125 617.188 -687.500 257.812 796.875 -476.562 -328.125 921.875 -460.938 -320.312 992.188
312.500 1687.500 515.625 -757.812 492.188 960.938 -359.375 546.875 1000.000 -414.062 -242.188 898.438 -312.500 -132.812 1007.812
617.188 1695.312 648.438 -781.250 367.188 1023.438 -132.812 664.062 1265.625 -250.000 -117.188 1039.062 -320.312 7.812 890.625
273.438 976.562 226.562 -812.500 414.062 875.000 -343.750 492.188 1000.000 -187.500 -85.938 1007.812 -304.688 -39.062 726.562
-1234.375 632.812 -640.625 -757.812 148.438 640.625 -539.062 210.938 773.438 -304.688 -382.812 804.688 -203.125 -242.188 945.312
-625.000 -265.625 -703.125 -632.812 -304.688 414.062 -445.312 -31.250 843.750 -156.250 -585.938 953.125 -85.938 -304.688 1265.625
-398.438 343.750 -70.312 -710.938 -62.500 164.062 -539.062 187.500 531.250 -179.688 -320.312 914.062 70.312 54.688 1281.250
-320.312 625.000 78.125 -734.375 187.500 250.000 -476.562 375.000 515.625 -289.062 -156.250 789.062 -46.875 54.688 1039.062
-125.000 1046.875 210.938 -671.875 390.625 531.250 -375.000 515.625 656.250 -351.562 -31.250 671.875 -320.312 -70.312 609.375
23.438 960.938 312.500 -625.000 476.562 773.438 -343.750 562.500 734.375 -453.125 -70.312 625.000 -414.062 -85.938 546.875
-78.125 937.500 257.812 -625.000 507.812 640.625 -390.625 687.500 617.188 -335.938 39.062 617.188 -226.562 46.875 671.875
-156.250 757.812 257.812 -640.625 500.000 578.125 -414.062 687.500 601.562 -335.938 31.250 671.875 -179.688 93.750 679.688
-273.438 875.000 93.750 -500.000 312.500 531.250 -414.062 375.000 687.500 -132.812 -164.062 789.062 -109.375 46.875 804.688
-78.125 765.625 164.062 -609.375 210.938 531.250 -421.875 304.688 609.375 31.250 -140.625 867.188 -78.125 78.125 843.750
-179.688 828.125 54.688 -578.125 351.562 507.812 -539.062 601.562 531.250 -93.750 54.688 664.062 23.438 125.000 726.562
-187.500 812.500 39.062 -781.250 109.375 328.125 -351.562 500.000 429.688 -109.375 156.250 609.375 -46.875 179.688 593.750
-312.500 828.125 -132.812 -718.750 343.750 0.000 -492.188 398.438 125.000 -234.375 62.500 453.125 -46.875 7.812 484.375
-476.562 585.938 -460.938 -1085.938 312.500 -226.562 -382.812 164.062 39.062 -101.562 -39.062 250.000 101.562 -125.000 484.375
-226.562 671.875 164.062 -1031.250 273.438 -203.125 -54.688 593.750 531.250 429.688 109.375 757.812 476.562 375.000 718.750
289.062 1031.250 406.250 -585.938 640.625 382.812 312.500 734.375 1000.000 539.062 -15.625 1031.250 640.625 296.875 976.562
-85.938 1804.688 117.188 -546.875 640.625 1101.562 632.812 312.500 1398.438 976.562 -226.562 1195.312 609.375 265.625 1109.375
-390.625 1085.938 -15.625 -531.250 171.875 1312.500 757.812 -281.250 1570.312 773.438 -703.125 960.938 570.312 -328.125 1101.562
-335.938 898.438 93.750 -578.125 -46.875 1117.188 367.188 -187.500 1421.875 1007.812 -585.938 1046.875 742.188 -164.062 1187.500
-328.125 968.750 164.062 -625.000 78.125 937.500 476.562 -234.375 1312.500 750.000 -578.125 1054.688 812.500 -101.562 1210.938
-156.250 1015.625 203.125 -609.375 125.000 843.750 265.625 0.000 1132.812 742.188 -382.812 906.250 695.312 -31.250 1007.812
-187.500 1031.250 304.688 -648.438 109.375 703.125 132.812 -54.688 890.625 539.062 -421.875 585.938 539.062 -187.500 742.188
-93.750 976.562 335.938 -632.812 39.062 812.500 312.500 -117.188 1031.250 656.250 -437.500 671.875 570.312 -187.500 789.062
-226.562 1015.625 312.500 -648.438 62.500 835.938 351.562 -156.250 1039.062 718.750 -421.875 687.500 625.000 -148.438 781.250
-250.000 937.500 234.375 -664.062 7.812 812.500 343.750 -109.375 1054.688 773.438 -382.812 687.500 718.750 -140.625 796.875
-234.375 882.812 132.812 -632.812 -7.812 726.562 312.500 -93.750 1015.625 828.125 -367.188 742.188 796.875 -54.688 867.188
-132.812 812.500 148.438 -539.062 31.250 734.375 304.688 -101.562 968.750 710.938 -351.562 695.312 718.750 -101.562 804.688
-101.562 796.875 171.875 -500.000 54.688 859.375 367.188 -93.750 1023.438 695.312 -359.375 695.312 664.062 -132.812 789.062
-187.500 968.750 218.750 -601.562 31.250 921.875 406.250 -85.938 1125.000 773.438 -382.812 742.188 679.688 -132.812 812.500
-93.750 1031.250 296.875 -570.312 140.625 929.688 328.125 -85.938 1070.312 718.750 -398.438 734.375 632.812 -148.438 835.938
-46.875 960.938 320.312 -679.688 164.062 804.688 148.438 -101.562 835.938 507.812 -398.438 531.250 539.062 -265.625 734.375
-70.312 960.938 312.500 -640.625 171.875 726.562 117.188 -78.125 789.062 453.125 -351.562 492.188 468.750 -171.875 632.812
-101.562 976.562 242.188 -617.188 156.250 679.688 218.750 39.062 843.750 531.250 -210.938 562.500 507.812 -46.875 593.750
-117.188 890.625 125.000 -570.312 179.688 687.500 281.250 85.938 890.625 648.438 -164.062 640.625 656.250 54.688 671.875
-148.438 929.688 125.000 -601.562 187.500 750.000 304.688 70.312 945.312 718.750 -203.125 695.312 703.125 7.812 750.000
-171.875 953.125 148.438 -593.750 187.500 781.250 312.500 46.875 976.562 726.562 -226.562 703.125 710.938 -7.812 773.438
-117.188 953.125 171.875 -593.750 85.938 765.625 304.688 -15.625 984.375 710.938 -289.062 710.938 664.062 -39.062 781.250
-70.312 968.750 234.375 -570.312 132.812 843.750 320.312 -31.250 1000.000 671.875 -312.500 703.125 609.375 -85.938 757.812
-109.375 984.375 296.875 -617.188 117.188 804.688 218.750 -101.562 914.062 570.312 -390.625 617.188 562.500 -195.312 765.625
-85.938 1000.000 296.875 -609.375 93.750 804.688 242.188 -109.375 914.062 546.875 -398.438 593.750 523.438 -210.938 734.375
-109.375 937.500 296.875 -609.375 23.438 828.125 273.438 -156.250 984.375 664.062 -421.875 679.688 617.188 -171.875 820.312
-109.375 921.875 273.438 -609.375 23.438 812.500 289.062 -164.062 984.375 671.875 -414.062 671.875 632.812 -171.875 820.312
-101.562 859.375 257.812 -585.938 23.438 804.688 296.875 -132.812 992.188 671.875 -382.812 679.688 617.188 -140.625 781.250
-109.375 859.375 265.625 -593.750 7.812 789.062 281.250 -140.625 976.562 664.062 -382.812 671.875 625.000 -140.625 765.625
-148.438 914.062 289.062 -609.375 15.625 765.625 273.438 -132.812 937.500 609.375 -375.000 625.000 562.500 -156.250 710.938
-132.812 906.250 296.875 -609.375 -15.625 765.625 250.000 -164.062 921.875 617.188 -398.438 617.188 554.688 -171.875 726.562
-140.625 882.812 296.875 -625.000 -70.312 796.875 257.812 -226.562 937.500 640.625 -476.562 617.188 578.125 -242.188 789.062
-132.812 882.812 304.688 -625.000 -93.750 835.938 281.250 -273.438 976.562 656.250 -515.625 632.812 601.562 -273.438 820.312
-210.938 1031.250 367.188 -640.625 -23.438 976.562 406.250 -281.250 1101.562 789.062 -554.688 726.562 671.875 -242.188 875.000
-218.750 1023.438 359.375 -632.812 -39.062 976.562 429.688 -304.688 1085.938 804.688 -554.688 742.188 703.125 -218.750 906.250
-226.562 1007.812 320.312 -476.562 -203.125 1117.188 54.688 -203.125 1078.125 789.062 -609.375 664.062 734.375 -281.250 960.938
-250.000 1007.812 281.250 -492.188 -31.250 1039.062 421.875 -406.250 1015.625 742.188 -609.375 656.250 687.500 -273.438 921.875
-242.188 1187.500 187.500 -867.188 -23.438 867.188 210.938 -148.438 976.562 648.438 -507.812 726.562 484.375 -382.812 789.062
-234.375 1156.250 218.750 -625.000 -156.250 796.875 367.188 -140.625 1046.875 539.062 -515.625 679.688 445.312 -421.875 773.438
-203.125 1101.562 226.562 -351.562 39.062 1007.812 39.062 -210.938 921.875 640.625 -531.250 593.750 468.750 -414.062 773.438
-140.625 1015.625 203.125 -15.625 -31.250 929.688 54.688 -46.875 828.125 656.250 -367.188 585.938 492.188 -304.688 742.188
-85.938 898.438 148.438 171.875 54.688 867.188 304.688 132.812 789.062 617.188 -226.562 617.188 585.938 -179.688 742.188
-78.125 796.875 148.438 148.438 -54.688 914.062 -132.812 257.812 765.625 671.875 -132.812 617.188 632.812 -125.000 757.812
-62.500 585.938 109.375 15.625 570.312 500.000 351.562 210.938 843.750 492.188 -203.125 656.250 601.562 46.875 757.812
