-93.750 1031.250 39.062 171.875 445.312 875.000 250.000 203.125 976.562 523.438 -109.375 835.938 500.000 140.625 851.562
-93.750 1015.625 -7.812 164.062 492.188 898.438 242.188 203.125 921.875 476.562 -117.188 765.625 468.750 101.562 781.250
-140.625 1023.438 -54.688 179.688 445.312 843.750 234.375 234.375 906.250 484.375 -109.375 757.812 460.938 85.938 757.812
-164.062 1039.062 -62.500 156.250 546.875 890.625 242.188 203.125 906.250 507.812 -101.562 773.438 500.000 117.188 765.625
-171.875 992.188 -62.500 171.875 500.000 851.562 250.000 226.562 921.875 515.625 -85.938 789.062 515.625 125.000 789.062
-148.438 953.125 -85.938 179.688 500.000 851.562 257.812 226.562 929.688 523.438 -78.125 796.875 515.625 125.000 781.250
-164.062 867.188 -85.938 210.938 500.000 882.812 265.625 250.000 945.312 539.062 -93.750 796.875 523.438 132.812 789.062
-179.688 921.875 -85.938 187.500 500.000 898.438 265.625 226.562 953.125 546.875 -101.562 812.500 539.062 109.375 820.312
-148.438 984.375 -46.875 179.688 437.500 843.750 265.625 195.312 960.938 554.688 -101.562 843.750 546.875 132.812 835.938
-140.625 992.188 -15.625 179.688 429.688 835.938 257.812 179.688 945.312 554.688 -109.375 843.750 531.250 125.000 828.125
-85.938 1000.000 15.625 171.875 429.688 835.938 250.000 179.688 929.688 515.625 -117.188 804.688 507.812 101.562 812.500
-101.562 1000.000 0.000 164.062 414.062 828.125 234.375 171.875 890.625 484.375 -125.000 773.438 468.750 85.938 789.062
-117.188 1007.812 -15.625 187.500 429.688 835.938 242.188 171.875 898.438 492.188 -125.000 765.625 476.562 78.125 773.438
-109.375 1000.000 -15.625 187.500 437.500 835.938 250.000 187.500 914.062 500.000 -125.000 757.812 476.562 85.938 781.250
-109.375 976.562 -23.438 187.500 429.688 835.938 257.812 179.688 921.875 515.625 -125.000 789.062 500.000 93.750 796.875
-101.562 929.688 -31.250 203.125 429.688 851.562 265.625 164.062 945.312 539.062 -125.000 820.312 523.438 101.562 820.312
-140.625 906.250 -54.688 210.938 445.312 875.000 281.250 203.125 945.312 539.062 -132.812 804.688 546.875 117.188 828.125
-140.625 937.500 -46.875 195.312 468.750 867.188 273.438 210.938 937.500 546.875 -117.188 804.688 546.875 125.000 820.312
-140.625 984.375 -31.250 171.875 453.125 843.750 265.625 210.938 921.875 546.875 -93.750 804.688 531.250 125.000 812.500
-132.812 1000.000 -31.250 171.875 476.562 851.562 265.625 226.562 921.875 531.250 -78.125 796.875 531.250 140.625 796.875
-125.000 1007.812 -39.062 187.500 492.188 859.375 265.625 242.188 921.875 523.438 -93.750 781.250 500.000 125.000 796.875
-117.188 1000.000 -54.688 187.500 492.188 867.188 257.812 242.188 921.875 515.625 -85.938 789.062 492.188 132.812 781.250
-101.562 976.562 -54.688 179.688 460.938 843.750 250.000 203.125 914.062 507.812 -93.750 789.062 484.375 117.188 781.250
-101.562 968.750 -54.688 195.312 437.500 828.125 250.000 195.312 914.062 523.438 -109.375 804.688 492.188 109.375 820.312
-101.562 960.938 -46.875 171.875 421.875 828.125 257.812 179.688 929.688 523.438 -117.188 812.500 515.625 125.000 828.125
-117.188 960.938 -46.875 179.688 429.688 828.125 257.812 179.688 929.688 539.062 -117.188 812.500 515.625 101.562 820.312
-109.375 960.938 -39.062 179.688 429.688 835.938 250.000 195.312 937.500 539.062 -109.375 820.312 523.438 125.000 812.500
-109.375 898.438 -62.500 203.125 507.812 890.625 273.438 234.375 945.312 523.438 -93.750 796.875 523.438 125.000 796.875
-132.812 945.312 -85.938 179.688 492.188 875.000 265.625 242.188 921.875 515.625 -78.125 789.062 523.438 117.188 789.062
-140.625 976.562 -78.125 164.062 500.000 851.562 250.000 250.000 906.250 523.438 -70.312 781.250 523.438 132.812 789.062
-132.812 1046.875 -54.688 125.000 500.000 796.875 226.562 250.000 882.812 507.812 -39.062 773.438 523.438 148.438 781.250
-85.938 1054.688 -23.438 62.500 593.750 710.938 203.125 210.938 812.500 468.750 -46.875 757.812 492.188 140.625 765.625
-125.000 1093.750 0.000 46.875 523.438 703.125 140.625 257.812 812.500 445.312 -15.625 726.562 492.188 101.562 726.562
-132.812 1132.812 -7.812 39.062 523.438 625.000 109.375 179.688 703.125 414.062 -31.250 679.688 460.938 70.312 695.312
-85.938 1148.438 15.625 117.188 312.500 546.875 140.625 101.562 593.750 429.688 -125.000 531.250 484.375 -39.062 640.625
-7.812 1148.438 7.812 289.062 367.188 695.312 257.812 164.062 492.188 382.812 -304.688 328.125 421.875 -54.688 593.750
-54.688 1093.750 31.250 390.625 445.312 882.812 421.875 148.438 632.812 390.625 -164.062 335.938 414.062 -78.125 515.625
-70.312 1054.688 62.500 359.375 359.375 734.375 320.312 179.688 593.750 398.438 -125.000 335.938 382.812 -195.312 492.188
-125.000 1070.312 -70.312 445.312 46.875 578.125 617.188 164.062 687.500 671.875 -46.875 382.812 554.688 -117.188 421.875
-164.062 992.188 -23.438 539.062 375.000 625.000 679.688 39.062 687.500 796.875 -62.500 414.062 617.188 -93.750 531.250
-156.250 929.688 117.188 679.688 164.062 375.000 656.250 -656.250 703.125 890.625 -132.812 656.250 804.688 210.938 578.125
-70.312 828.125 164.062 617.188 23.438 664.062 625.000 -31.250 796.875 953.125 -125.000 625.000 875.000 31.250 765.625
15.625 734.375 250.000 718.750 304.688 648.438 742.188 -500.000 843.750 945.312 -210.938 679.688 945.312 109.375 757.812
-234.375 781.250 0.000 906.250 -46.875 875.000 898.438 85.938 906.250 945.312 -109.375 515.625 828.125 0.000 539.062
-242.188 843.750 -140.625 742.188 31.250 812.500 812.500 -39.062 773.438 968.750 -210.938 406.250 906.250 -171.875 570.312
-234.375 750.000 -23.438 789.062 78.125 742.188 882.812 -93.750 742.188 1031.250 -195.312 429.688 960.938 -62.500 562.500
-117.188 835.938 -39.062 882.812 23.438 757.812 984.375 -62.500 835.938 1164.062 -187.500 515.625 1125.000 -46.875 609.375
-281.250 851.562 0.000 984.375 23.438 812.500 1101.562 15.625 898.438 1289.062 -125.000 500.000 1210.938 -31.250 593.750
-218.750 906.250 -15.625 953.125 31.250 773.438 1039.062 -15.625 867.188 1312.500 -140.625 531.250 1281.250 7.812 664.062
-210.938 898.438 -31.250 953.125 54.688 828.125 1054.688 0.000 859.375 1343.750 -164.062 507.812 1304.688 0.000 679.688
-187.500 828.125 -117.188 1031.250 0.000 867.188 1085.938 -15.625 914.062 1335.938 -187.500 492.188 1242.188 -93.750 648.438
-195.312 914.062 -101.562 976.562 85.938 820.312 1117.188 -7.812 953.125 1328.125 -125.000 515.625 1234.375 -15.625 609.375
-117.188 1179.688 -46.875 1078.125 85.938 960.938 1179.688 -15.625 1109.375 1382.812 -85.938 601.562 1273.438 39.062 664.062
-148.438 1148.438 -70.312 1000.000 101.562 929.688 1109.375 15.625 1085.938 1367.188 -70.312 601.562 1296.875 54.688 703.125
-203.125 867.188 -125.000 570.312 539.062 1179.688 937.500 54.688 1054.688 1351.562 -117.188 562.500 1265.625 78.125 703.125
-78.125 648.438 -140.625 640.625 460.938 796.875 640.625 187.500 445.312 1023.438 -117.188 398.438 882.812 109.375 554.688
-265.625 1101.562 -234.375 421.875 7.812 695.312 523.438 -164.062 1023.438 531.250 117.188 460.938 523.438 140.625 296.875
-164.062 1070.312 -203.125 882.812 -1039.062 1039.062 1390.625 242.188 2726.562 906.250 929.688 968.750 421.875 218.750 226.562
0.000 1703.125 171.875 484.375 351.562 859.375 492.188 265.625 773.438 398.438 -320.312 312.500 281.250 -23.438 343.750
54.688 2125.000 117.188 554.688 85.938 789.062 390.625 226.562 875.000 726.562 -218.750 515.625 281.250 101.562 414.062
132.812 1296.875 164.062 414.062 257.812 882.812 296.875 234.375 781.250 648.438 -726.562 500.000 625.000 -109.375 898.438
-31.250 992.188 117.188 281.250 85.938 710.938 195.312 179.688 757.812 671.875 -585.938 492.188 703.125 -203.125 929.688
-179.688 671.875 -148.438 -85.938 226.562 625.000 -23.438 265.625 679.688 703.125 -250.000 578.125 835.938 132.812 687.500
-195.312 679.688 -164.062 -140.625 250.000 593.750 -70.312 304.688 664.062 671.875 -226.562 617.188 789.062 179.688 679.688
-156.250 812.500 -164.062 -203.125 367.188 648.438 -109.375 390.625 671.875 585.938 -226.562 625.000 687.500 125.000 679.688
-156.250 898.438 -187.500 -195.312 414.062 742.188 -125.000 414.062 703.125 546.875 -226.562 617.188 625.000 85.938 664.062
-140.625 1062.500 -203.125 -203.125 93.750 601.562 -250.000 203.125 718.750 523.438 -226.562 585.938 390.625 531.250 296.875
-132.812 1125.000 -203.125 -226.562 70.312 625.000 -281.250 164.062 679.688 382.812 -437.500 390.625 796.875 -281.250 953.125
-23.438 1210.938 -54.688 -234.375 -46.875 625.000 -351.562 -23.438 664.062 343.750 -867.188 398.438 867.188 -304.688 1390.625
171.875 1351.562 187.500 -195.312 -148.438 531.250 -437.500 -210.938 500.000 382.812 -1039.062 335.938 789.062 -140.625 1445.312
46.875 1781.250 242.188 335.938 62.500 890.625 46.875 156.250 664.062 476.562 -710.938 445.312 781.250 234.375 1343.750
-39.062 1781.250 117.188 414.062 531.250 1250.000 265.625 203.125 953.125 617.188 -226.562 328.125 695.312 437.500 1312.500
-179.688 1226.562 -132.812 429.688 351.562 1101.562 406.250 421.875 1054.688 742.188 164.062 468.750 1031.250 1273.438 1171.875
-195.312 789.062 -195.312 117.188 390.625 804.688 257.812 351.562 1203.125 1093.750 0.000 1445.312 195.312 -1812.500 695.312
-328.125 539.062 -351.562 265.625 312.500 718.750 437.500 453.125 1039.062 601.562 -7.812 1125.000 531.250 1226.562 976.562
-250.000 242.188 -289.062 304.688 468.750 718.750 351.562 507.812 835.938 632.812 289.062 914.062 187.500 -210.938 812.500
-15.625 257.812 -351.562 398.438 789.062 1000.000 414.062 531.250 671.875 125.000 -23.438 507.812 -359.375 -304.688 250.000
-250.000 843.750 -390.625 445.312 812.500 1250.000 320.312 734.375 726.562 117.188 164.062 562.500 -648.438 -101.562 54.688
-289.062 1007.812 -328.125 304.688 914.062 1132.812 445.312 757.812 882.812 195.312 203.125 851.562 -679.688 421.875 148.438
-218.750 1062.500 -359.375 242.188 476.562 1078.125 250.000 976.562 960.938 414.062 914.062 851.562 -531.250 562.500 296.875
-203.125 726.562 -398.438 85.938 335.938 734.375 54.688 609.375 851.562 226.562 296.875 1007.812 -515.625 421.875 710.938
-359.375 398.438 -640.625 -164.062 531.250 867.188 -93.750 664.062 710.938 -78.125 273.438 812.500 -742.188 117.188 382.812
-343.750 226.562 -734.375 -54.688 632.812 906.250 70.312 703.125 718.750 54.688 320.312 765.625 -726.562 281.250 226.562
-406.250 296.875 -718.750 85.938 687.500 914.062 179.688 734.375 750.000 203.125 335.938 804.688 -593.750 375.000 390.625
-343.750 734.375 -585.938 414.062 734.375 1023.438 484.375 687.500 851.562 539.062 265.625 875.000 -390.625 445.312 734.375
-164.062 656.250 -570.312 820.312 312.500 1078.125 773.438 492.188 1031.250 210.938 -70.312 757.812 -554.688 -23.438 625.000
-250.000 625.000 -546.875 531.250 382.812 953.125 375.000 398.438 820.312 312.500 15.625 695.312 -500.000 179.688 554.688
-265.625 625.000 -593.750 562.500 429.688 945.312 375.000 523.438 851.562 250.000 93.750 703.125 -500.000 242.188 492.188
-437.500 562.500 -695.312 273.438 515.625 1085.938 23.438 765.625 812.500 148.438 250.000 765.625 -617.188 328.125 351.562
-546.875 578.125 -781.250 -39.062 523.438 875.000 -843.750 664.062 304.688 -187.500 445.312 648.438 -687.500 335.938 164.062
-226.562 890.625 -765.625 406.250 609.375 703.125 -1140.625 140.625 -54.688 -156.250 320.312 445.312 -531.250 203.125 148.438
-375.000 968.750 -765.625 414.062 1085.938 968.750 -984.375 992.188 289.062 -234.375 484.375 265.625 -343.750 62.500 117.188
-539.062 812.500 -421.875 -570.312 734.375 0.000 1007.812 1148.438 1179.688 484.375 726.562 453.125 -210.938 125.000 62.500
-398.438 1101.562 -507.812 -171.875 539.062 625.000 640.625 0.000 804.688 1382.812 -140.625 718.750 578.125 421.875 859.375
-460.938 1335.938 -445.312 -453.125 46.875 421.875 750.000 -281.250 835.938 1523.438 93.750 640.625 625.000 -257.812 1281.250
-335.938 1171.875 -500.000 -671.875 -156.250 281.250 804.688 -460.938 1015.625 1421.875 140.625 640.625 546.875 -976.562 1507.812
-343.750 500.000 -406.250 -632.812 -468.750 320.312 31.250 -367.188 1023.438 859.375 -304.688 921.875 664.062 257.812 1523.438
-62.500 210.938 -187.500 -851.562 -23.438 101.562 -203.125 -101.562 992.188 343.750 -62.500 968.750 226.562 617.188 929.688
-250.000 78.125 -335.938 -828.125 164.062 0.000 -54.688 -171.875 937.500 437.500 54.688 726.562 85.938 398.438 437.500
-328.125 281.250 -468.750 -804.688 93.750 23.438 -117.188 85.938 804.688 429.688 523.438 664.062 242.188 351.562 359.375
-304.688 726.562 -570.312 -960.938 406.250 328.125 -210.938 195.312 320.312 828.125 -476.562 226.562 812.500 -187.500 796.875
171.875 1523.438 -164.062 -648.438 515.625 671.875 101.562 -46.875 546.875 468.750 -429.688 257.812 1046.875 -140.625 1140.625
359.375 1617.188 23.438 -390.625 320.312 1343.750 617.188 -304.688 1210.938 914.062 -492.188 562.500 617.188 -7.812 867.188
101.562 1343.750 -109.375 -500.000 179.688 1312.500 648.438 -250.000 1250.000 1054.688 -570.312 562.500 726.562 -171.875 882.812
-164.062 1296.875 -265.625 -578.125 23.438 921.875 328.125 -414.062 898.438 843.750 -554.688 460.938 851.562 -85.938 906.250
93.750 1210.938 -46.875 -585.938 -31.250 984.375 320.312 -414.062 984.375 937.500 -570.312 507.812 828.125 -195.312 882.812
-179.688 1039.062 -421.875 -718.750 -171.875 789.062 296.875 -445.312 875.000 898.438 -625.000 335.938 976.562 -250.000 898.438
-531.250 773.438 -671.875 -671.875 -328.125 812.500 351.562 -562.500 890.625 945.312 -609.375 375.000 968.750 -203.125 882.812
-125.000 804.688 -242.188 -593.750 -382.812 914.062 492.188 -492.188 1117.188 1148.438 -539.062 523.438 1125.000 -132.812 921.875
-85.938 898.438 -125.000 -664.062 -179.688 882.812 367.188 -492.188 1007.812 1015.625 -539.062 484.375 1000.000 -117.188 843.750
-296.875 1093.750 -234.375 -679.688 -179.688 851.562 328.125 -453.125 968.750 843.750 -515.625 421.875 750.000 -203.125 726.562
-257.812 1109.375 -242.188 -687.500 -156.250 843.750 328.125 -414.062 968.750 828.125 -476.562 429.688 703.125 -203.125 703.125
-257.812 1000.000 -242.188 -703.125 -54.688 781.250 359.375 -289.062 976.562 929.688 -343.750 507.812 843.750 0.000 710.938
-289.062 906.250 -312.500 -687.500 -23.438 710.938 312.500 -351.562 1054.688 796.875 -148.438 507.812 835.938 31.250 750.000
-265.625 859.375 -304.688 -640.625 23.438 703.125 289.062 -179.688 937.500 796.875 -320.312 539.062 679.688 31.250 648.438
-187.500 890.625 -226.562 -625.000 39.062 648.438 265.625 -164.062 875.000 718.750 -281.250 539.062 601.562 7.812 632.812
-164.062 898.438 -203.125 -625.000 31.250 648.438 328.125 -156.250 851.562 757.812 -359.375 523.438 617.188 -15.625 664.062
-132.812 898.438 -187.500 -578.125 31.250 664.062 312.500 -210.938 835.938 671.875 -304.688 476.562 632.812 -39.062 703.125
-164.062 945.312 -179.688 -492.188 46.875 703.125 273.438 -210.938 812.500 718.750 -390.625 515.625 617.188 -101.562 687.500
-132.812 968.750 -85.938 -500.000 -85.938 914.062 70.312 -85.938 789.062 757.812 -320.312 421.875 625.000 -23.438 734.375
-101.562 984.375 -70.312 -445.312 70.312 812.500 312.500 -226.562 843.750 648.438 -343.750 500.000 601.562 -31.250 742.188
-140.625 1023.438 -85.938 -398.438 132.812 820.312 234.375 -187.500 867.188 671.875 -312.500 546.875 640.625 23.438 710.938
-265.625 1031.250 -187.500 -296.875 -23.438 1117.188 -281.250 164.062 906.250 742.188 -296.875 507.812 656.250 15.625 734.375
