-437.500 875.000 234.375 226.562 -265.625 953.125 273.438 -148.438 960.938 562.500 -625.000 546.875 531.250 -421.875 710.938
-429.688 859.375 242.188 273.438 -257.812 1015.625 343.750 -125.000 1015.625 609.375 -625.000 593.750 562.500 -398.438 718.750
-429.688 867.188 242.188 234.375 -273.438 992.188 328.125 -125.000 1007.812 609.375 -593.750 593.750 562.500 -421.875 718.750
-421.875 882.812 250.000 195.312 -304.688 914.062 265.625 -179.688 953.125 562.500 -625.000 546.875 562.500 -437.500 734.375
-351.562 859.375 304.688 164.062 -343.750 875.000 210.938 -203.125 914.062 507.812 -648.438 523.438 523.438 -453.125 718.750
-335.938 851.562 296.875 148.438 -335.938 875.000 203.125 -195.312 914.062 476.562 -656.250 507.812 484.375 -460.938 703.125
-335.938 835.938 296.875 140.625 -320.312 875.000 171.875 -203.125 921.875 453.125 -648.438 492.188 476.562 -468.750 703.125
-398.438 898.438 257.812 132.812 -296.875 898.438 203.125 -156.250 937.500 484.375 -656.250 554.688 492.188 -507.812 718.750
-390.625 890.625 265.625 148.438 -296.875 906.250 226.562 -179.688 976.562 507.812 -648.438 601.562 515.625 -468.750 757.812
-390.625 890.625 265.625 148.438 -296.875 906.250 226.562 -179.688 976.562 507.812 -648.438 601.562 515.625 -468.750 757.812
-406.250 867.188 265.625 156.250 -296.875 945.312 242.188 -140.625 1007.812 531.250 -640.625 625.000 523.438 -390.625 765.625
-421.875 851.562 265.625 140.625 -289.062 960.938 226.562 -132.812 1007.812 531.250 -609.375 617.188 523.438 -398.438 765.625
-421.875 851.562 226.562 195.312 -296.875 1000.000 257.812 -109.375 1039.062 523.438 -632.812 632.812 500.000 -453.125 734.375
-421.875 812.500 250.000 195.312 -273.438 1039.062 250.000 -93.750 1054.688 500.000 -656.250 632.812 476.562 -429.688 757.812
-406.250 828.125 257.812 164.062 -273.438 1023.438 218.750 -93.750 1015.625 476.562 -625.000 632.812 468.750 -429.688 765.625
-335.938 921.875 296.875 101.562 -257.812 1000.000 125.000 -85.938 921.875 335.938 -648.438 500.000 414.062 -468.750 718.750
-343.750 921.875 304.688 78.125 -250.000 960.938 93.750 -85.938 921.875 312.500 -656.250 507.812 398.438 -468.750 703.125
-375.000 945.312 273.438 15.625 -265.625 882.812 70.312 -148.438 945.312 359.375 -656.250 546.875 382.812 -484.375 695.312
-375.000 945.312 273.438 15.625 -265.625 882.812 70.312 -148.438 945.312 359.375 -656.250 546.875 382.812 -484.375 695.312
-398.438 882.812 257.812 -7.812 -312.500 882.812 93.750 -164.062 1023.438 453.125 -695.312 687.500 445.312 -437.500 804.688
-414.062 828.125 250.000 -54.688 -304.688 898.438 46.875 -148.438 976.562 390.625 -671.875 664.062 468.750 -390.625 828.125
-445.312 789.062 195.312 -85.938 -281.250 898.438 7.812 -140.625 976.562 375.000 -734.375 679.688 492.188 -492.188 906.250
-445.312 789.062 195.312 -85.938 -281.250 898.438 7.812 -140.625 976.562 375.000 -734.375 679.688 492.188 -492.188 906.250
-453.125 757.812 203.125 -23.438 -304.688 992.188 39.062 -78.125 1015.625 328.125 -679.688 640.625 414.062 -390.625 828.125
-390.625 757.812 218.750 109.375 -195.312 1218.750 78.125 62.500 1046.875 242.188 -671.875 570.312 328.125 -476.562 734.375
-351.562 882.812 257.812 54.688 -187.500 1156.250 7.812 39.062 992.188 187.500 -609.375 585.938 234.375 -492.188 703.125
-460.938 1031.250 109.375 -187.500 -359.375 898.438 -125.000 0.000 835.938 78.125 -609.375 468.750 140.625 -500.000 593.750
-460.938 1031.250 109.375 -187.500 -359.375 898.438 -125.000 0.000 835.938 78.125 -609.375 468.750 140.625 -500.000 593.750
-601.562 1031.250 -7.812 -289.062 -242.188 804.688 -304.688 -54.688 648.438 -23.438 -593.750 335.938 125.000 -578.125 554.688
-640.625 1039.062 -117.188 -492.188 23.438 625.000 -328.125 -304.688 585.938 -85.938 -640.625 289.062 70.312 -593.750 507.812
-679.688 1226.562 54.688 -546.875 39.062 546.875 -445.312 -156.250 500.000 -179.688 -671.875 171.875 -31.250 -640.625 445.312
-304.688 1117.188 164.062 -507.812 -85.938 617.188 -351.562 -234.375 562.500 -210.938 -671.875 85.938 -210.938 -601.562 265.625
-226.562 960.938 515.625 -234.375 -437.500 804.688 31.250 -242.188 1093.750 109.375 -812.500 273.438 23.438 -726.562 460.938
-453.125 1000.000 343.750 -140.625 -484.375 1031.250 -7.812 -492.188 1265.625 226.562 -882.812 289.062 148.438 -929.688 664.062
-570.312 804.688 500.000 -23.438 -500.000 1164.062 62.500 -500.000 1367.188 203.125 -968.750 421.875 156.250 -882.812 664.062
-390.625 882.812 546.875 -273.438 -468.750 1000.000 -117.188 -515.625 1289.062 718.750 -1125.000 679.688 515.625 -742.188 945.312
-390.625 882.812 546.875 -273.438 -468.750 1000.000 -117.188 -515.625 1289.062 718.750 -1125.000 679.688 515.625 -742.188 945.312
-492.188 835.938 492.188 -210.938 -445.312 828.125 -210.938 -265.625 734.375 796.875 -1140.625 625.000 757.812 -796.875 1101.562
-523.438 554.688 406.250 -421.875 -726.562 500.000 -320.312 -648.438 906.250 437.500 -859.375 445.312 632.812 -492.188 921.875
-351.562 468.750 414.062 -390.625 -710.938 562.500 -343.750 -468.750 882.812 445.312 -820.312 398.438 507.812 -664.062 789.062
-304.688 664.062 468.750 -398.438 -453.125 671.875 -312.500 -242.188 695.312 351.562 -812.500 296.875 429.688 -531.250 625.000
-281.250 656.250 406.250 -335.938 -578.125 609.375 -242.188 -328.125 812.500 398.438 -828.125 382.812 421.875 -523.438 609.375
-351.562 562.500 351.562 -250.000 -593.750 695.312 -164.062 -351.562 914.062 523.438 -828.125 382.812 515.625 -554.688 726.562
-398.438 648.438 367.188 -250.000 -601.562 718.750 -148.438 -351.562 937.500 578.125 -781.250 406.250 578.125 -531.250 765.625
-382.812 695.312 375.000 -250.000 -585.938 710.938 -164.062 -351.562 914.062 539.062 -812.500 406.250 554.688 -523.438 765.625
-382.812 695.312 375.000 -250.000 -585.938 710.938 -164.062 -351.562 914.062 539.062 -812.500 406.250 554.688 -523.438 765.625
-320.312 781.250 476.562 -281.250 -617.188 671.875 -218.750 -382.812 851.562 421.875 -812.500 335.938 390.625 -570.312 679.688
-296.875 750.000 507.812 -296.875 -640.625 656.250 -234.375 -390.625 835.938 398.438 -804.688 296.875 382.812 -562.500 664.062
-226.562 773.438 562.500 -265.625 -695.312 640.625 -210.938 -453.125 828.125 468.750 -851.562 289.062 523.438 -562.500 710.938
-93.750 757.812 679.688 -273.438 -695.312 578.125 -187.500 -437.500 820.312 609.375 -804.688 351.562 710.938 -507.812 742.188
-320.312 617.188 617.188 -273.438 -585.938 585.938 -140.625 -312.500 757.812 679.688 -789.062 375.000 656.250 -523.438 710.938
-343.750 500.000 539.062 -289.062 -562.500 507.812 -179.688 -359.375 718.750 656.250 -726.562 320.312 625.000 -632.812 679.688
-601.562 109.375 421.875 -242.188 -710.938 375.000 -171.875 -492.188 570.312 539.062 -882.812 289.062 593.750 -625.000 695.312
-609.375 164.062 312.500 -218.750 -750.000 335.938 -164.062 -539.062 546.875 601.562 -929.688 281.250 609.375 -875.000 781.250
-609.375 164.062 312.500 -218.750 -750.000 335.938 -164.062 -539.062 546.875 601.562 -929.688 281.250 609.375 -875.000 781.250
-687.500 406.250 85.938 -109.375 -984.375 140.625 -164.062 -757.812 609.375 554.688 -1039.062 328.125 546.875 -804.688 804.688
-695.312 312.500 -304.688 140.625 -1093.750 328.125 -23.438 -750.000 781.250 210.938 -1039.062 210.938 382.812 -898.438 757.812
-1000.000 539.062 -39.062 -7.812 -429.688 1062.500 203.125 -335.938 1000.000 523.438 -1101.562 320.312 0.000 -914.062 742.188
-679.688 937.500 234.375 328.125 -250.000 1281.250 234.375 -15.625 1062.500 257.812 -679.688 460.938 31.250 -539.062 593.750
-679.688 937.500 234.375 328.125 -250.000 1281.250 234.375 -15.625 1062.500 257.812 -679.688 460.938 31.250 -539.062 593.750
-828.125 976.562 140.625 132.812 -335.938 1054.688 148.438 -62.500 1007.812 226.562 -640.625 515.625 0.000 -476.562 625.000
-835.938 890.625 78.125 117.188 -390.625 1015.625 132.812 -93.750 1000.000 226.562 -687.500 515.625 46.875 -523.438 679.688
-734.375 476.562 54.688 328.125 -382.812 1140.625 406.250 -101.562 1109.375 460.938 -750.000 554.688 304.688 -476.562 812.500
-734.375 476.562 54.688 328.125 -382.812 1140.625 406.250 -101.562 1109.375 460.938 -750.000 554.688 304.688 -476.562 812.500
-734.375 476.562 54.688 328.125 -382.812 1140.625 406.250 -101.562 1109.375 460.938 -750.000 554.688 304.688 -476.562 812.500
-656.250 570.312 132.812 210.938 -484.375 1015.625 218.750 -195.312 1031.250 437.500 -742.188 546.875 273.438 -484.375 843.750
-617.188 718.750 117.188 1078.125 -1812.500 1992.188 -750.000 -1031.250 156.250 -7.812 -421.875 585.938 -62.500 -273.438 648.438
-562.500 656.250 70.312 -101.562 -210.938 1328.125 -289.062 101.562 812.500 -148.438 -421.875 585.938 -242.188 -210.938 585.938
-757.812 421.875 0.000 398.438 -703.125 1156.250 -195.312 500.000 1062.500 93.750 -414.062 546.875 -54.688 -242.188 609.375
-812.500 437.500 23.438 359.375 -789.062 679.688 320.312 429.688 1046.875 273.438 -437.500 562.500 125.000 -304.688 671.875
-898.438 593.750 -132.812 -359.375 -617.188 -234.375 695.312 -773.438 882.812 671.875 -804.688 593.750 375.000 -632.812 960.938
-750.000 296.875 7.812 -273.438 -882.812 281.250 187.500 -617.188 734.375 507.812 -750.000 484.375 382.812 -484.375 812.500
-750.000 296.875 7.812 -273.438 -882.812 281.250 187.500 -617.188 734.375 507.812 -750.000 484.375 382.812 -484.375 812.500
-820.312 273.438 -109.375 -445.312 -523.438 406.250 234.375 -515.625 781.250 382.812 -765.625 484.375 304.688 -484.375 687.500
-828.125 421.875 -46.875 -460.938 -445.312 476.562 390.625 -453.125 750.000 375.000 -625.000 507.812 398.438 -382.812 679.688
-984.375 625.000 -210.938 -406.250 -359.375 812.500 500.000 -578.125 890.625 710.938 -648.438 507.812 648.438 -414.062 812.500
-984.375 625.000 -210.938 -406.250 -359.375 812.500 500.000 -578.125 890.625 710.938 -648.438 507.812 648.438 -414.062 812.500
-875.000 640.625 -218.750 -539.062 -203.125 726.562 382.812 -398.438 734.375 750.000 -625.000 414.062 515.625 -375.000 710.938
-695.312 734.375 -109.375 -625.000 -218.750 554.688 109.375 -578.125 554.688 539.062 -648.438 289.062 515.625 -437.500 679.688
-546.875 812.500 -15.625 -468.750 -445.312 664.062 195.312 -757.812 625.000 617.188 -820.312 312.500 546.875 -562.500 789.062
-546.875 812.500 -15.625 -468.750 -445.312 664.062 195.312 -757.812 625.000 617.188 -820.312 312.500 546.875 -562.500 789.062
-500.000 828.125 85.938 -406.250 -406.250 859.375 312.500 -640.625 781.250 601.562 -796.875 343.750 476.562 -570.312 750.000
-445.312 921.875 78.125 -406.250 -375.000 859.375 328.125 -625.000 820.312 609.375 -796.875 375.000 468.750 -562.500 734.375
-421.875 921.875 109.375 -375.000 -500.000 914.062 468.750 -781.250 929.688 812.500 -882.812 476.562 632.812 -601.562 859.375
-414.062 1101.562 203.125 -390.625 -515.625 953.125 562.500 -750.000 1132.812 882.812 -898.438 617.188 710.938 -554.688 960.938
-437.500 984.375 195.312 -515.625 -195.312 898.438 210.938 -796.875 890.625 617.188 -812.500 570.312 539.062 -414.062 914.062
-625.000 1039.062 101.562 -593.750 -328.125 710.938 179.688 -835.938 914.062 414.062 -1085.938 531.250 312.500 -539.062 750.000
-460.938 937.500 218.750 -500.000 -406.250 765.625 117.188 -578.125 1046.875 429.688 -859.375 523.438 195.312 -640.625 695.312
-460.938 937.500 218.750 -500.000 -406.250 765.625 117.188 -578.125 1046.875 429.688 -859.375 523.438 195.312 -640.625 695.312
-289.062 1031.250 421.875 -281.250 -164.062 1031.250 539.062 -398.438 1281.250 554.688 -851.562 578.125 476.562 -460.938 882.812
-289.062 1031.250 421.875 -281.250 -164.062 1031.250 539.062 -398.438 1281.250 554.688 -851.562 578.125 476.562 -460.938 882.812
-125.000 1062.500 570.312 -343.750 140.625 1117.188 484.375 70.312 1101.562 726.562 -820.312 828.125 398.438 -320.312 1085.938
-187.500 929.688 585.938 -468.750 179.688 937.500 148.438 429.688 843.750 625.000 -781.250 718.750 429.688 -312.500 1054.688
-546.875 304.688 93.750 -617.188 15.625 765.625 -984.375 -257.812 -343.750 -156.250 -609.375 -15.625 421.875 -695.312 843.750
-453.125 734.375 242.188 -664.062 179.688 437.500 -953.125 -390.625 54.688 -578.125 -632.812 -125.000 -203.125 -570.312 210.938
-453.125 734.375 242.188 -664.062 179.688 437.500 -953.125 -390.625 54.688 -578.125 -632.812 -125.000 -203.125 -570.312 210.938
-414.062 726.562 273.438 -859.375 -359.375 429.688 -781.250 117.188 421.875 -226.562 -460.938 429.688 -62.500 -382.812 437.500
-507.812 875.000 218.750 -781.250 -171.875 468.750 -718.750 -46.875 453.125 -273.438 -460.938 460.938 -31.250 -304.688 507.812
-421.875 742.188 273.438 -609.375 -70.312 765.625 -484.375 164.062 812.500 -257.812 -625.000 476.562 -85.938 -507.812 648.438
-421.875 742.188 273.438 -609.375 -70.312 765.625 -484.375 164.062 812.500 -257.812 -625.000 476.562 -85.938 -507.812 648.438
-414.062 820.312 296.875 -570.312 -93.750 796.875 -507.812 132.812 812.500 -226.562 -640.625 539.062 -70.312 -468.750 671.875
-398.438 960.938 289.062 -757.812 -312.500 625.000 -593.750 31.250 718.750 -304.688 -625.000 507.812 -78.125 -429.688 695.312
-414.062 703.125 296.875 -664.062 -218.750 632.812 -664.062 -109.375 656.250 -398.438 -781.250 382.812 -109.375 -570.312 710.938
-460.938 671.875 312.500 -695.312 -218.750 601.562 -648.438 -70.312 679.688 -351.562 -726.562 429.688 -78.125 -570.312 726.562
-406.250 773.438 359.375 -617.188 -156.250 726.562 -593.750 7.812 742.188 -304.688 -710.938 500.000 -46.875 -500.000 757.812
-453.125 828.125 351.562 -562.500 -140.625 820.312 -546.875 0.000 820.312 -210.938 -757.812 562.500 15.625 -531.250 781.250
-437.500 820.312 375.000 -539.062 -140.625 843.750 -539.062 -7.812 851.562 -140.625 -789.062 632.812 78.125 -546.875 890.625
-421.875 851.562 382.812 -585.938 -164.062 804.688 -546.875 -31.250 851.562 -132.812 -804.688 648.438 78.125 -523.438 890.625
-421.875 851.562 382.812 -585.938 -164.062 804.688 -546.875 -31.250 851.562 -132.812 -804.688 648.438 78.125 -523.438 890.625
-476.562 804.688 343.750 -632.812 -171.875 757.812 -578.125 -54.688 804.688 -195.312 -789.062 578.125 39.062 -546.875 843.750
-414.062 796.875 382.812 -648.438 -171.875 726.562 -593.750 -39.062 750.000 -257.812 -757.812 531.250 -15.625 -531.250 781.250
-437.500 804.688 367.188 -625.000 -171.875 710.938 -593.750 -23.438 734.375 -273.438 -718.750 531.250 -31.250 -507.812 773.438
-421.875 789.062 375.000 -648.438 -179.688 718.750 -578.125 7.812 757.812 -250.000 -765.625 484.375 -23.438 -500.000 742.188
-390.625 804.688 398.438 -671.875 -171.875 687.500 -539.062 -39.062 757.812 -273.438 -710.938 500.000 -23.438 -500.000 742.188
-406.250 765.625 406.250 -664.062 -195.312 664.062 -531.250 -15.625 765.625 -296.875 -710.938 484.375 -31.250 -507.812 726.562
-375.000 781.250 414.062 -671.875 -195.312 648.438 -507.812 -31.250 765.625 -281.250 -687.500 468.750 -39.062 -523.438 710.938
-320.312 718.750 437.500 -570.312 -273.438 703.125 -421.875 -54.688 835.938 -265.625 -718.750 453.125 0.000 -531.250 710.938
-320.312 718.750 437.500 -570.312 -273.438 703.125 -421.875 -54.688 835.938 -265.625 -718.750 453.125 0.000 -531.250 710.938
-351.562 710.938 437.500 -546.875 -265.625 773.438 -414.062 -70.312 867.188 -171.875 -765.625 507.812 54.688 -570.312 742.188
-406.250 835.938 406.250 -562.500 -265.625 757.812 -460.938 -85.938 835.938 -179.688 -765.625 500.000 62.500 -570.312 750.000
-429.688 804.688 375.000 -578.125 -257.812 742.188 -460.938 -101.562 804.688 -187.500 -742.188 468.750 46.875 -539.062 703.125
-421.875 757.812 390.625 -617.188 -273.438 687.500 -460.938 -148.438 789.062 -148.438 -773.438 476.562 62.500 -578.125 734.375
-453.125 820.312 359.375 -617.188 -281.250 664.062 -453.125 -179.688 789.062 -132.812 -781.250 484.375 93.750 -578.125 734.375
-492.188 789.062 343.750 -640.625 -273.438 664.062 -429.688 -179.688 796.875 -109.375 -781.250 492.188 101.562 -585.938 734.375
-539.062 796.875 281.250 -640.625 -289.062 656.250 -398.438 -210.938 835.938 -62.500 -812.500 492.188 140.625 -593.750 750.000
