-148.438 945.312 179.688 -54.688 421.875 843.750 125.000 187.500 929.688 390.625 -304.688 812.500 351.562 -93.750 890.625
-132.812 914.062 164.062 -15.625 484.375 890.625 148.438 210.938 945.312 390.625 -289.062 796.875 351.562 -54.688 882.812
-156.250 953.125 164.062 -15.625 500.000 914.062 171.875 250.000 976.562 421.875 -265.625 828.125 367.188 -54.688 890.625
-187.500 968.750 125.000 -54.688 453.125 882.812 171.875 195.312 976.562 421.875 -296.875 843.750 367.188 -70.312 914.062
-195.312 976.562 132.812 -62.500 437.500 859.375 164.062 187.500 984.375 437.500 -296.875 851.562 359.375 -78.125 914.062
-179.688 976.562 140.625 -78.125 414.062 843.750 140.625 164.062 984.375 429.688 -312.500 835.938 359.375 -85.938 929.688
-164.062 960.938 164.062 -85.938 414.062 843.750 125.000 156.250 960.938 406.250 -320.312 828.125 359.375 -78.125 929.688
-148.438 929.688 171.875 -78.125 390.625 835.938 140.625 140.625 976.562 429.688 -328.125 851.562 367.188 -78.125 906.250
-156.250 914.062 148.438 -70.312 390.625 851.562 156.250 140.625 1000.000 453.125 -335.938 867.188 375.000 -70.312 921.875
-156.250 914.062 148.438 -70.312 390.625 851.562 156.250 140.625 1000.000 453.125 -335.938 867.188 375.000 -70.312 921.875
-234.375 953.125 109.375 -46.875 351.562 898.438 179.688 140.625 1101.562 523.438 -328.125 1000.000 351.562 -15.625 976.562
-476.562 929.688 -242.188 -31.250 328.125 937.500 242.188 117.188 1125.000 437.500 -414.062 898.438 328.125 -125.000 898.438
-476.562 898.438 -304.688 -23.438 343.750 937.500 250.000 148.438 1164.062 406.250 -406.250 890.625 281.250 -148.438 898.438
-531.250 992.188 -351.562 -54.688 445.312 921.875 187.500 179.688 1117.188 375.000 -375.000 851.562 218.750 -210.938 781.250
-453.125 1023.438 -234.375 -78.125 570.312 828.125 62.500 281.250 984.375 273.438 -335.938 789.062 187.500 -257.812 734.375
-210.938 1078.125 7.812 -78.125 453.125 796.875 156.250 304.688 1078.125 328.125 -335.938 906.250 296.875 -304.688 906.250
-148.438 1046.875 140.625 -218.750 265.625 773.438 171.875 281.250 1171.875 382.812 -414.062 984.375 367.188 -406.250 1031.250
-101.562 1242.188 187.500 -148.438 328.125 617.188 226.562 23.438 1273.438 523.438 -781.250 1164.062 625.000 -406.250 1281.250
-101.562 1242.188 187.500 -148.438 328.125 617.188 226.562 23.438 1273.438 523.438 -781.250 1164.062 625.000 -406.250 1281.250
-85.938 1617.188 281.250 234.375 804.688 773.438 0.000 406.250 1015.625 140.625 -687.500 687.500 406.250 -570.312 968.750
39.062 1304.688 304.688 39.062 929.688 914.062 -203.125 453.125 796.875 23.438 -492.188 562.500 203.125 -492.188 656.250
-109.375 1445.312 210.938 328.125 1367.188 929.688 -242.188 687.500 421.875 -234.375 -23.438 343.750 54.688 -242.188 226.562
-93.750 1015.625 195.312 148.438 898.438 687.500 -382.812 710.938 460.938 -54.688 -210.938 632.812 351.562 101.562 765.625
140.625 171.875 7.812 54.688 1101.562 875.000 -421.875 281.250 687.500 445.312 -507.812 1140.625 648.438 117.188 1132.812
-468.750 476.562 70.312 -125.000 656.250 398.438 -265.625 187.500 781.250 335.938 -562.500 1085.938 570.312 23.438 1039.062
-507.812 414.062 -54.688 -242.188 710.938 453.125 -234.375 664.062 789.062 171.875 -445.312 843.750 460.938 -132.812 843.750
-468.750 757.812 39.062 39.062 789.062 656.250 -296.875 531.250 679.688 140.625 -484.375 726.562 468.750 -179.688 820.312
-468.750 757.812 39.062 39.062 789.062 656.250 -296.875 531.250 679.688 140.625 -484.375 726.562 468.750 -179.688 820.312
-351.562 828.125 109.375 54.688 656.250 593.750 -281.250 429.688 648.438 -15.625 -515.625 625.000 304.688 -226.562 750.000
-335.938 750.000 125.000 39.062 625.000 625.000 -281.250 390.625 664.062 -62.500 -546.875 578.125 257.812 -273.438 742.188
-406.250 671.875 85.938 -31.250 546.875 578.125 -320.312 375.000 632.812 -46.875 -570.312 625.000 328.125 -257.812 835.938
-492.188 664.062 46.875 -62.500 625.000 554.688 -312.500 437.500 632.812 15.625 -531.250 734.375 445.312 -210.938 929.688
-539.062 687.500 39.062 -54.688 710.938 539.062 -296.875 539.062 640.625 46.875 -484.375 781.250 445.312 -140.625 882.812
-531.250 859.375 46.875 39.062 796.875 570.312 -226.562 664.062 687.500 117.188 -523.438 921.875 578.125 -132.812 1101.562
-445.312 835.938 70.312 70.312 742.188 601.562 -195.312 625.000 726.562 117.188 -570.312 929.688 554.688 -125.000 1101.562
-445.312 835.938 70.312 70.312 742.188 601.562 -195.312 625.000 726.562 117.188 -570.312 929.688 554.688 -125.000 1101.562
-343.750 796.875 70.312 117.188 601.562 617.188 -218.750 500.000 757.812 23.438 -648.438 859.375 507.812 -101.562 1117.188
-296.875 773.438 78.125 85.938 562.500 609.375 -234.375 500.000 710.938 15.625 -585.938 828.125 484.375 -109.375 1085.938
-140.625 648.438 179.688 93.750 648.438 640.625 -343.750 554.688 335.938 -234.375 -250.000 484.375 203.125 -85.938 687.500
-437.500 828.125 132.812 -78.125 656.250 507.812 -242.188 546.875 460.938 203.125 -335.938 843.750 710.938 296.875 1296.875
-492.188 710.938 15.625 -78.125 664.062 570.312 -218.750 703.125 554.688 351.562 -445.312 890.625 382.812 -109.375 1000.000
-671.875 921.875 -78.125 164.062 679.688 648.438 -218.750 867.188 414.062 390.625 101.562 1070.312 -70.312 7.812 695.312
-546.875 992.188 -31.250 187.500 945.312 679.688 23.438 531.250 601.562 148.438 -148.438 906.250 -203.125 -85.938 906.250
-226.562 937.500 148.438 156.250 789.062 726.562 187.500 859.375 875.000 242.188 593.750 531.250 625.000 882.812 1867.188
-226.562 937.500 148.438 156.250 789.062 726.562 187.500 859.375 875.000 242.188 593.750 531.250 625.000 882.812 1867.188
-171.875 882.812 250.000 304.688 625.000 765.625 375.000 1023.438 710.938 148.438 328.125 601.562 125.000 -781.250 1429.688
-250.000 1265.625 148.438 351.562 500.000 820.312 539.062 414.062 1156.250 328.125 250.000 1078.125 -304.688 367.188 671.875
-789.062 1343.750 -312.500 460.938 507.812 1062.500 476.562 179.688 1382.812 515.625 -210.938 1304.688 -750.000 687.500 0.000
-695.312 1000.000 -210.938 445.312 507.812 1039.062 671.875 468.750 1203.125 179.688 187.500 984.375 -679.688 164.062 375.000
-476.562 898.438 -85.938 359.375 601.562 906.250 289.062 765.625 734.375 304.688 164.062 820.312 -625.000 171.875 867.188
-507.812 828.125 -85.938 289.062 609.375 859.375 320.312 640.625 820.312 390.625 187.500 898.438 -679.688 171.875 765.625
-484.375 835.938 -70.312 359.375 406.250 843.750 351.562 523.438 914.062 382.812 117.188 921.875 -710.938 234.375 554.688
-351.562 906.250 -15.625 367.188 382.812 843.750 304.688 445.312 890.625 343.750 93.750 890.625 -703.125 164.062 484.375
-304.688 1070.312 109.375 515.625 210.938 1000.000 765.625 492.188 1164.062 359.375 -140.625 882.812 -593.750 31.250 539.062
-304.688 1070.312 109.375 515.625 210.938 1000.000 765.625 492.188 1164.062 359.375 -140.625 882.812 -593.750 31.250 539.062
-320.312 1015.625 31.250 578.125 351.562 1070.312 515.625 531.250 1164.062 429.688 39.062 898.438 -585.938 117.188 625.000
-531.250 687.500 -164.062 218.750 171.875 851.562 226.562 304.688 1023.438 398.438 39.062 945.312 -523.438 132.812 718.750
-812.500 562.500 -515.625 296.875 289.062 968.750 62.500 367.188 875.000 390.625 78.125 773.438 -601.562 164.062 421.875
-1023.438 570.312 -609.375 179.688 226.562 867.188 -132.812 343.750 851.562 -23.438 54.688 679.688 -632.812 109.375 281.250
-687.500 710.938 -406.250 218.750 -15.625 718.750 468.750 437.500 1460.938 250.000 210.938 781.250 -648.438 164.062 132.812
-710.938 1195.312 -250.000 304.688 1156.250 1234.375 -257.812 671.875 703.125 359.375 210.938 601.562 -265.625 -195.312 875.000
-843.750 1382.812 -125.000 179.688 1125.000 921.875 218.750 1281.250 1226.562 929.688 -195.312 734.375 -335.938 320.312 570.312
-664.062 1210.938 -54.688 335.938 1757.812 812.500 54.688 859.375 679.688 1164.062 -125.000 625.000 -328.125 468.750 484.375
-664.062 1210.938 -54.688 335.938 1757.812 812.500 54.688 859.375 679.688 1164.062 -125.000 625.000 -328.125 468.750 484.375
-718.750 1320.312 -195.312 -312.500 257.812 -250.000 -195.312 -164.062 203.125 1304.688 -78.125 640.625 -148.438 492.188 546.875
406.250 578.125 367.188 0.000 31.250 531.250 -70.312 265.625 835.938 867.188 -468.750 695.312 289.062 -85.938 1046.875
-296.875 1179.688 187.500 -23.438 648.438 875.000 -351.562 296.875 632.812 85.938 -515.625 648.438 367.188 -140.625 1382.812
-351.562 812.500 -7.812 -39.062 570.312 679.688 -203.125 328.125 906.250 648.438 -343.750 859.375 125.000 15.625 1078.125
-828.125 554.688 -242.188 -148.438 992.188 734.375 -171.875 570.312 960.938 664.062 -148.438 867.188 601.562 210.938 1234.375
-500.000 789.062 -140.625 -62.500 867.188 664.062 -148.438 492.188 921.875 671.875 -289.062 820.312 429.688 218.750 1171.875
-515.625 773.438 -140.625 7.812 726.562 703.125 -132.812 375.000 914.062 570.312 -281.250 734.375 335.938 85.938 1085.938
-554.688 773.438 -148.438 23.438 632.812 664.062 -171.875 312.500 804.688 468.750 -351.562 601.562 250.000 -39.062 937.500
-554.688 773.438 -148.438 23.438 632.812 664.062 -171.875 312.500 804.688 468.750 -351.562 601.562 250.000 -39.062 937.500
-578.125 617.188 -156.250 -70.312 562.500 617.188 -156.250 320.312 890.625 585.938 -312.500 742.188 398.438 93.750 1000.000
-617.188 625.000 -164.062 -148.438 757.812 554.688 -218.750 429.688 781.250 507.812 -210.938 718.750 343.750 179.688 914.062
-601.562 726.562 -179.688 39.062 906.250 687.500 -140.625 492.188 882.812 546.875 -203.125 765.625 296.875 171.875 875.000
-601.562 726.562 -179.688 39.062 906.250 687.500 -140.625 492.188 882.812 546.875 -203.125 765.625 296.875 171.875 875.000
-625.000 773.438 -203.125 343.750 1359.375 1062.500 70.312 593.750 1187.500 750.000 -351.562 921.875 398.438 226.562 1023.438
-640.625 703.125 -195.312 351.562 1226.562 1054.688 7.812 578.125 1187.500 632.812 -390.625 929.688 296.875 140.625 992.188
-296.875 484.375 -54.688 125.000 625.000 843.750 -273.438 515.625 1085.938 429.688 -476.562 1062.500 148.438 101.562 945.312
-296.875 484.375 -54.688 125.000 625.000 843.750 -273.438 515.625 1085.938 429.688 -476.562 1062.500 148.438 101.562 945.312
-289.062 195.312 -93.750 -140.625 242.188 679.688 -281.250 140.625 1070.312 531.250 -601.562 1492.188 164.062 -312.500 906.250
-945.312 -46.875 -304.688 -31.250 257.812 125.000 93.750 93.750 1148.438 1203.125 859.375 507.812 351.562 1078.125 1218.750
-906.250 1273.438 -546.875 -468.750 148.438 351.562 -664.062 929.688 23.438 304.688 -210.938 210.938 289.062 -46.875 960.938
-906.250 1273.438 -546.875 -468.750 148.438 351.562 -664.062 929.688 23.438 304.688 -210.938 210.938 289.062 -46.875 960.938
-23.438 1210.938 -101.562 -859.375 281.250 359.375 -375.000 -632.812 367.188 7.812 -453.125 507.812 234.375 -554.688 875.000
-343.750 1109.375 -164.062 -882.812 265.625 265.625 -1156.250 -757.812 1523.438 257.812 -1937.500 -54.688 148.438 -648.438 1007.812
-85.938 554.688 -117.188 -960.938 343.750 -109.375 -343.750 695.312 1007.812 -406.250 179.688 617.188 -132.812 78.125 601.562
-664.062 875.000 -109.375 -726.562 515.625 375.000 -250.000 515.625 726.562 54.688 -335.938 726.562 7.812 132.812 765.625
-546.875 882.812 -132.812 -625.000 414.062 554.688 -101.562 210.938 976.562 -93.750 -312.500 773.438 46.875 -273.438 968.750
-546.875 882.812 -132.812 -625.000 414.062 554.688 -101.562 210.938 976.562 -93.750 -312.500 773.438 46.875 -273.438 968.750
-546.875 882.812 -132.812 -625.000 414.062 554.688 -101.562 210.938 976.562 -93.750 -312.500 773.438 46.875 -273.438 968.750
-484.375 812.500 -125.000 -539.062 554.688 718.750 -250.000 421.875 968.750 -46.875 -265.625 812.500 -109.375 -132.812 796.875
-406.250 929.688 -109.375 -656.250 500.000 562.500 -140.625 242.188 1023.438 31.250 -421.875 992.188 -31.250 -125.000 1039.062
-460.938 937.500 -85.938 -671.875 500.000 609.375 -195.312 265.625 1046.875 23.438 -445.312 1039.062 7.812 -148.438 1117.188
-421.875 929.688 -109.375 -773.438 421.875 445.312 -312.500 257.812 906.250 -78.125 -406.250 914.062 -54.688 -187.500 1023.438
-382.812 882.812 -85.938 -789.062 390.625 390.625 -351.562 257.812 828.125 -125.000 -359.375 843.750 -117.188 -171.875 929.688
-375.000 812.500 -117.188 -687.500 460.938 437.500 -312.500 250.000 828.125 -140.625 -359.375 820.312 -109.375 -125.000 882.812
-445.312 773.438 -125.000 -609.375 523.438 523.438 -257.812 289.062 843.750 -101.562 -382.812 828.125 -101.562 -148.438 906.250
-445.312 773.438 -125.000 -609.375 523.438 523.438 -257.812 289.062 843.750 -101.562 -382.812 828.125 -101.562 -148.438 906.250
-421.875 828.125 -117.188 -640.625 406.250 515.625 -210.938 218.750 937.500 -7.812 -453.125 898.438 -39.062 -210.938 992.188
-390.625 875.000 -93.750 -539.062 593.750 695.312 -156.250 281.250 945.312 -31.250 -406.250 851.562 -70.312 -234.375 906.250
-437.500 859.375 -125.000 -695.312 421.875 476.562 -265.625 257.812 914.062 -31.250 -414.062 890.625 -46.875 -195.312 984.375
-453.125 804.688 -132.812 -687.500 421.875 453.125 -273.438 250.000 882.812 -31.250 -414.062 882.812 -23.438 -171.875 1007.812
-453.125 789.062 -125.000 -656.250 460.938 460.938 -289.062 265.625 859.375 -78.125 -382.812 851.562 -62.500 -156.250 945.312
-429.688 859.375 -109.375 -664.062 507.812 460.938 -273.438 296.875 867.188 -62.500 -367.188 859.375 -62.500 -148.438 914.062
-437.500 898.438 -109.375 -679.688 593.750 453.125 -257.812 382.812 843.750 -46.875 -273.438 882.812 -54.688 -54.688 906.250
-460.938 898.438 -125.000 -695.312 617.188 414.062 -257.812 414.062 843.750 -39.062 -234.375 875.000 -39.062 -23.438 906.250
-460.938 898.438 -125.000 -695.312 617.188 414.062 -257.812 414.062 843.750 -39.062 -234.375 875.000 -39.062 -23.438 906.250
-453.125 882.812 -156.250 -671.875 601.562 445.312 -195.312 398.438 906.250 7.812 -281.250 960.938 15.625 -46.875 1023.438
-218.750 968.750 -148.438 -460.938 726.562 625.000 -289.062 203.125 882.812 -23.438 -359.375 976.562 -101.562 101.562 937.500
-320.312 820.312 -31.250 -515.625 726.562 648.438 -281.250 265.625 882.812 -23.438 -398.438 914.062 -46.875 -31.250 945.312
-195.312 953.125 -31.250 -578.125 617.188 601.562 -187.500 289.062 898.438 -31.250 -351.562 843.750 -85.938 -203.125 968.750
-265.625 929.688 -31.250 -625.000 453.125 523.438 -242.188 203.125 882.812 -46.875 -367.188 851.562 -62.500 -101.562 929.688
-23.438 1210.938 351.562 -632.812 296.875 468.750 15.625 132.812 1054.688 -15.625 54.688 1195.312 -39.062 -148.438 882.812
890.625 695.312 195.312 -687.500 1148.438 335.938 -375.000 687.500 648.438 242.188 -429.688 750.000 171.875 85.938 1000.000
-1007.812 968.750 -125.000 -679.688 437.500 609.375 -156.250 296.875 781.250 -23.438 -226.562 742.188 -109.375 -15.625 742.188
-1007.812 968.750 -125.000 -679.688 437.500 609.375 -156.250 296.875 781.250 -23.438 -226.562 742.188 -109.375 -15.625 742.188
-273.438 1078.125 -140.625 -742.188 289.062 406.250 -265.625 226.562 875.000 0.000 -296.875 859.375 -39.062 -203.125 921.875
-351.562 1039.062 -62.500 -718.750 304.688 500.000 -257.812 148.438 914.062 54.688 -414.062 828.125 31.250 -195.312 906.250
-328.125 1062.500 -117.188 -742.188 273.438 476.562 -289.062 78.125 835.938 46.875 -445.312 773.438 62.500 -234.375 929.688
-210.938 1039.062 -7.812 -679.688 218.750 460.938 -257.812 7.812 812.500 70.312 -460.938 773.438 93.750 -250.000 921.875
-242.188 937.500 -15.625 -625.000 218.750 476.562 -117.188 -78.125 828.125 101.562 -421.875 765.625 148.438 -273.438 921.875
-273.438 906.250 -62.500 -585.938 265.625 500.000 -109.375 -7.812 843.750 117.188 -390.625 781.250 187.500 -242.188 929.688
-390.625 796.875 -156.250 -492.188 328.125 515.625 -85.938 85.938 890.625 195.312 -367.188 820.312 226.562 -156.250 921.875
-492.188 765.625 -203.125 -265.625 218.750 757.812 -203.125 171.875 796.875 242.188 -250.000 945.312 281.250 -101.562 945.312
-492.188 765.625 -203.125 -265.625 218.750 757.812 -203.125 171.875 796.875 242.188 -250.000 945.312 281.250 -101.562 945.312
-429.688 843.750 -164.062 -195.312 554.688 742.188 39.062 226.562 945.312 304.688 -281.250 914.062 312.500 23.438 968.750
