-281.250 914.062 78.125 -31.250 -257.812 953.125 -15.625 -54.688 992.188 289.062 -671.875 640.625 375.000 -406.250 804.688
-273.438 945.312 70.312 -46.875 -242.188 937.500 -23.438 -39.062 976.562 289.062 -671.875 632.812 375.000 -398.438 804.688
-289.062 937.500 78.125 -39.062 -242.188 937.500 -15.625 -39.062 976.562 281.250 -664.062 625.000 367.188 -398.438 789.062
-273.438 945.312 78.125 -23.438 -234.375 953.125 -15.625 -31.250 976.562 289.062 -640.625 640.625 359.375 -390.625 796.875
-296.875 953.125 62.500 0.000 -234.375 976.562 15.625 -15.625 992.188 304.688 -656.250 640.625 367.188 -406.250 781.250
-304.688 953.125 62.500 -7.812 -234.375 992.188 15.625 -23.438 1007.812 304.688 -656.250 640.625 382.812 -406.250 796.875
-304.688 953.125 54.688 0.000 -234.375 976.562 15.625 -23.438 1007.812 312.500 -656.250 648.438 390.625 -406.250 796.875
-304.688 929.688 62.500 -23.438 -250.000 976.562 15.625 -39.062 1023.438 328.125 -671.875 656.250 414.062 -406.250 820.312
-304.688 914.062 62.500 -39.062 -273.438 945.312 0.000 -70.312 1000.000 335.938 -687.500 664.062 421.875 -398.438 835.938
-265.625 929.688 101.562 -31.250 -289.062 921.875 -7.812 -78.125 992.188 320.312 -695.312 640.625 421.875 -414.062 828.125
-242.188 937.500 109.375 -31.250 -289.062 921.875 0.000 -78.125 976.562 312.500 -687.500 632.812 406.250 -398.438 812.500
-218.750 929.688 117.188 -7.812 -281.250 937.500 -15.625 -85.938 968.750 296.875 -687.500 617.188 390.625 -414.062 796.875
-218.750 953.125 117.188 15.625 -281.250 984.375 -7.812 -62.500 992.188 273.438 -679.688 585.938 351.562 -437.500 757.812
-226.562 968.750 117.188 0.000 -289.062 976.562 -7.812 -62.500 992.188 273.438 -679.688 601.562 343.750 -445.312 757.812
-242.188 1000.000 109.375 -7.812 -289.062 968.750 -7.812 -78.125 1000.000 289.062 -679.688 601.562 351.562 -453.125 757.812
-242.188 992.188 101.562 0.000 -289.062 976.562 0.000 -93.750 1000.000 304.688 -710.938 617.188 398.438 -437.500 804.688
-250.000 929.688 109.375 -7.812 -304.688 992.188 15.625 -78.125 1023.438 359.375 -703.125 648.438 460.938 -390.625 835.938
-273.438 914.062 117.188 -7.812 -265.625 1039.062 39.062 -31.250 1046.875 406.250 -679.688 710.938 554.688 -320.312 898.438
-304.688 937.500 85.938 -7.812 -242.188 1054.688 54.688 -23.438 1078.125 445.312 -671.875 765.625 562.500 -320.312 921.875
-226.562 859.375 109.375 -23.438 -257.812 1023.438 109.375 -46.875 1195.312 500.000 -750.000 851.562 546.875 -429.688 1000.000
-140.625 859.375 171.875 -46.875 -312.500 1007.812 140.625 -85.938 1226.562 500.000 -804.688 921.875 507.812 -421.875 1054.688
-101.562 882.812 164.062 93.750 -460.938 1031.250 210.938 -210.938 1312.500 523.438 -890.625 914.062 492.188 -460.938 1085.938
-140.625 929.688 140.625 101.562 -437.500 1171.875 203.125 -179.688 1398.438 523.438 -929.688 929.688 515.625 -539.062 1109.375
-242.188 1023.438 125.000 132.812 -289.062 1289.062 304.688 -78.125 1500.000 585.938 -953.125 968.750 546.875 -578.125 1250.000
-210.938 1101.562 164.062 164.062 -281.250 1335.938 210.938 -23.438 1367.188 523.438 -898.438 914.062 539.062 -468.750 1218.750
-226.562 1109.375 109.375 62.500 -179.688 1195.312 23.438 23.438 1039.062 320.312 -781.250 664.062 492.188 -312.500 1000.000
-250.000 1054.688 70.312 -23.438 -93.750 1085.938 -70.312 93.750 937.500 226.562 -718.750 554.688 398.438 -335.938 843.750
-320.312 945.312 -164.062 -687.500 -210.938 273.438 -562.500 -171.875 343.750 -78.125 -601.562 320.312 148.438 -546.875 601.562
-320.312 882.812 -179.688 -734.375 -351.562 265.625 -632.812 -187.500 218.750 -179.688 -546.875 289.062 125.000 -523.438 656.250
-359.375 695.312 -226.562 -468.750 -375.000 593.750 -617.188 -62.500 335.938 -320.312 -539.062 226.562 54.688 -289.062 664.062
-445.312 843.750 -226.562 -726.562 -273.438 539.062 -492.188 70.312 609.375 -390.625 -523.438 367.188 -218.750 -343.750 507.812
-515.625 1062.500 -304.688 -773.438 -203.125 406.250 -773.438 62.500 679.688 -382.812 -492.188 546.875 -328.125 -460.938 531.250
-531.250 1031.250 -351.562 -875.000 -218.750 437.500 -703.125 101.562 664.062 -390.625 -492.188 554.688 -351.562 -406.250 578.125
-507.812 875.000 -382.812 -734.375 -203.125 625.000 -656.250 93.750 546.875 -460.938 -484.375 531.250 -304.688 -296.875 703.125
-507.812 835.938 -351.562 -750.000 -125.000 585.938 -773.438 125.000 500.000 -539.062 -507.812 437.500 -320.312 -312.500 710.938
-484.375 875.000 -351.562 -781.250 -171.875 531.250 -710.938 101.562 546.875 -562.500 -453.125 437.500 -414.062 -351.562 570.312
-460.938 835.938 -343.750 -742.188 -156.250 523.438 -703.125 132.812 554.688 -531.250 -453.125 453.125 -421.875 -375.000 578.125
-460.938 781.250 -312.500 -742.188 -218.750 554.688 -703.125 62.500 546.875 -500.000 -500.000 515.625 -367.188 -335.938 671.875
-390.625 843.750 -226.562 -695.312 -210.938 554.688 -734.375 23.438 515.625 -507.812 -554.688 500.000 -320.312 -328.125 781.250
-445.312 796.875 -265.625 -679.688 -195.312 570.312 -718.750 62.500 500.000 -531.250 -523.438 453.125 -359.375 -328.125 710.938
-460.938 781.250 -281.250 -671.875 -187.500 562.500 -695.312 78.125 531.250 -539.062 -492.188 445.312 -382.812 -320.312 664.062
-476.562 812.500 -265.625 -671.875 -187.500 601.562 -671.875 101.562 585.938 -500.000 -500.000 492.188 -375.000 -320.312 671.875
-476.562 914.062 -250.000 -648.438 -187.500 640.625 -679.688 101.562 601.562 -445.312 -554.688 562.500 -304.688 -320.312 789.062
-492.188 945.312 -242.188 -648.438 -164.062 679.688 -664.062 101.562 625.000 -421.875 -554.688 585.938 -273.438 -320.312 828.125
-500.000 937.500 -234.375 -648.438 -203.125 703.125 -656.250 85.938 671.875 -429.688 -562.500 601.562 -281.250 -320.312 828.125
-484.375 906.250 -242.188 -593.750 -304.688 757.812 -601.562 7.812 789.062 -375.000 -687.500 656.250 -250.000 -390.625 906.250
-492.188 867.188 -250.000 -562.500 -328.125 757.812 -562.500 -23.438 835.938 -335.938 -703.125 703.125 -210.938 -429.688 953.125
-531.250 828.125 -257.812 -539.062 -312.500 781.250 -546.875 -7.812 859.375 -281.250 -710.938 750.000 -171.875 -421.875 1000.000
-539.062 812.500 -281.250 -570.312 -296.875 757.812 -554.688 -15.625 835.938 -273.438 -703.125 781.250 -148.438 -421.875 1015.625
-539.062 843.750 -296.875 -429.688 -460.938 476.562 -445.312 -218.750 734.375 -265.625 -695.312 648.438 -70.312 -437.500 1015.625
-445.312 867.188 -171.875 -203.125 -726.562 265.625 -281.250 -382.812 718.750 -140.625 -781.250 617.188 -85.938 -398.438 953.125
-507.812 726.562 -164.062 -375.000 -554.688 359.375 -7.812 -242.188 796.875 -85.938 -773.438 539.062 -78.125 -398.438 890.625
-515.625 640.625 -195.312 335.938 -687.500 468.750 -210.938 -125.000 773.438 -31.250 -695.312 570.312 -54.688 -390.625 859.375
-570.312 468.750 -312.500 687.500 15.625 945.312 -148.438 109.375 750.000 -39.062 -531.250 562.500 -46.875 -437.500 765.625
-703.125 695.312 -281.250 523.438 226.562 1218.750 -7.812 390.625 898.438 54.688 -406.250 601.562 -46.875 -445.312 664.062
-695.312 757.812 -257.812 265.625 281.250 1406.250 320.312 664.062 1101.562 171.875 -62.500 570.312 31.250 -398.438 601.562
-718.750 750.000 -281.250 312.500 359.375 1421.875 406.250 750.000 1093.750 156.250 -187.500 710.938 62.500 -414.062 554.688
-804.688 765.625 -476.562 335.938 187.500 1359.375 289.062 398.438 1242.188 421.875 -210.938 851.562 234.375 -109.375 687.500
-820.312 625.000 -578.125 273.438 164.062 1164.062 234.375 312.500 1039.062 460.938 -343.750 789.062 367.188 -250.000 1007.812
-617.188 710.938 -218.750 312.500 -171.875 929.688 70.312 15.625 1023.438 406.250 -578.125 843.750 390.625 -70.312 1187.500
-335.938 765.625 39.062 195.312 -210.938 851.562 109.375 15.625 1015.625 382.812 -625.000 929.688 414.062 -93.750 1242.188
-406.250 750.000 156.250 148.438 -296.875 914.062 0.000 -93.750 1031.250 500.000 -726.562 1093.750 515.625 -109.375 1250.000
-578.125 468.750 -195.312 250.000 -250.000 945.312 203.125 -39.062 1171.875 484.375 -671.875 1031.250 343.750 -179.688 1039.062
-734.375 257.812 -328.125 312.500 -46.875 1078.125 226.562 148.438 1031.250 343.750 -445.312 781.250 203.125 -242.188 890.625
-601.562 765.625 -210.938 242.188 54.688 1125.000 242.188 382.812 921.875 226.562 -242.188 664.062 85.938 -117.188 742.188
-554.688 898.438 -312.500 1804.688 -1070.312 2000.000 -765.625 -945.312 757.812 273.438 -226.562 757.812 148.438 -164.062 734.375
-750.000 890.625 -296.875 85.938 328.125 984.375 609.375 359.375 1164.062 250.000 -195.312 632.812 195.312 -62.500 750.000
-625.000 710.938 -273.438 375.000 15.625 1250.000 367.188 -54.688 1140.625 554.688 -406.250 835.938 281.250 -101.562 820.312
-734.375 562.500 -343.750 671.875 -453.125 1281.250 -226.562 -429.688 859.375 390.625 -398.438 726.562 320.312 -125.000 859.375
-726.562 578.125 -320.312 687.500 -390.625 1179.688 -625.000 -484.375 781.250 273.438 -414.062 679.688 296.875 -101.562 804.688
-625.000 390.625 -210.938 39.062 -390.625 953.125 0.000 281.250 921.875 148.438 -273.438 695.312 164.062 -39.062 765.625
-585.938 289.062 -164.062 -281.250 -960.938 421.875 -70.312 46.875 960.938 203.125 -359.375 718.750 132.812 -54.688 718.750
-695.312 312.500 -257.812 -140.625 -468.750 617.188 226.562 140.625 1046.875 343.750 -492.188 640.625 281.250 -132.812 781.250
-625.000 414.062 -164.062 -78.125 -218.750 718.750 500.000 -7.812 1062.500 500.000 -507.812 734.375 328.125 -210.938 859.375
-531.250 812.500 -62.500 -109.375 -476.562 617.188 554.688 -289.062 1054.688 640.625 -468.750 679.688 367.188 -304.688 890.625
-695.312 867.188 -210.938 -257.812 -390.625 625.000 429.688 -546.875 929.688 625.000 -664.062 671.875 421.875 -312.500 882.812
-703.125 750.000 -281.250 -320.312 -437.500 750.000 351.562 -546.875 882.812 671.875 -625.000 562.500 562.500 -289.062 867.188
-687.500 671.875 -250.000 -382.812 -460.938 718.750 437.500 -515.625 929.688 773.438 -671.875 578.125 648.438 -312.500 898.438
-718.750 687.500 -226.562 -531.250 -414.062 570.312 476.562 -890.625 1023.438 1054.688 -578.125 617.188 453.125 -398.438 960.938
-664.062 671.875 -148.438 -648.438 -203.125 523.438 148.438 -601.562 640.625 1078.125 -500.000 554.688 562.500 -351.562 851.562
-625.000 601.562 -156.250 -679.688 -281.250 453.125 -132.812 -632.812 890.625 328.125 -875.000 328.125 312.500 -320.312 742.188
-601.562 562.500 -187.500 -703.125 -335.938 476.562 -46.875 -617.188 796.875 531.250 -570.312 507.812 375.000 -390.625 757.812
-625.000 679.688 -250.000 -648.438 -304.688 593.750 -117.188 -539.062 695.312 625.000 -687.500 445.312 460.938 -296.875 757.812
-523.438 968.750 -210.938 -632.812 -281.250 742.188 -31.250 -523.438 914.062 593.750 -757.812 476.562 437.500 -414.062 851.562
-500.000 937.500 -164.062 -484.375 -281.250 945.312 -31.250 -453.125 1015.625 664.062 -835.938 500.000 445.312 -445.312 898.438
-382.812 1015.625 -117.188 -632.812 -218.750 882.812 -31.250 -468.750 1015.625 695.312 -867.188 484.375 515.625 -453.125 906.250
-617.188 1078.125 -265.625 -742.188 -218.750 750.000 -125.000 -460.938 906.250 640.625 -843.750 421.875 546.875 -445.312 867.188
-468.750 937.500 -156.250 -820.312 -148.438 632.812 -218.750 -375.000 812.500 585.938 -843.750 468.750 625.000 -351.562 828.125
-351.562 1023.438 -70.312 -835.938 -117.188 570.312 -257.812 -359.375 835.938 523.438 -789.062 507.812 531.250 -328.125 820.312
-375.000 1007.812 -93.750 -828.125 -117.188 562.500 -296.875 -351.562 882.812 523.438 -742.188 476.562 468.750 -351.562 789.062
-476.562 937.500 -148.438 -812.500 -195.312 554.688 -156.250 -539.062 1062.500 585.938 -945.312 632.812 476.562 -406.250 867.188
-382.812 976.562 -78.125 -679.688 -218.750 671.875 -93.750 -554.688 1226.562 648.438 -921.875 765.625 492.188 -359.375 968.750
-382.812 929.688 -23.438 -476.562 -281.250 929.688 -31.250 -382.812 1289.062 570.312 -921.875 835.938 421.875 -367.188 1070.312
-445.312 898.438 -39.062 -585.938 -203.125 828.125 62.500 -382.812 1453.125 609.375 -710.938 820.312 375.000 -289.062 1007.812
-468.750 898.438 101.562 -671.875 -23.438 757.812 195.312 312.500 1617.188 710.938 -1007.812 984.375 242.188 -328.125 1210.938
-554.688 1304.688 54.688 -1023.438 398.438 460.938 -523.438 23.438 304.688 445.312 -757.812 453.125 843.750 -468.750 1328.125
-539.062 1421.875 -46.875 -867.188 429.688 960.938 -1070.312 78.125 -359.375 -117.188 -570.312 -46.875 851.562 -632.812 765.625
-429.688 1546.875 -101.562 -781.250 468.750 796.875 -1187.500 -367.188 -304.688 -7.812 -656.250 140.625 289.062 -125.000 367.188
15.625 1437.500 62.500 -976.562 265.625 406.250 -851.562 -289.062 351.562 -242.188 -562.500 281.250 -117.188 -437.500 414.062
-226.562 718.750 -46.875 -953.125 -234.375 328.125 -820.312 39.062 453.125 -265.625 -523.438 468.750 31.250 -468.750 632.812
-757.812 484.375 -343.750 -1023.438 -453.125 164.062 -734.375 -312.500 601.562 -367.188 -531.250 492.188 -109.375 -195.312 554.688
-875.000 210.938 -359.375 -914.062 -570.312 257.812 -632.812 -242.188 750.000 -382.812 -664.062 468.750 -156.250 -406.250 656.250
-398.438 820.312 117.188 -851.562 -226.562 539.062 -710.938 -78.125 671.875 -312.500 -742.188 546.875 -109.375 -484.375 843.750
-343.750 914.062 140.625 -835.938 -156.250 570.312 -734.375 -93.750 578.125 -484.375 -453.125 468.750 -179.688 -398.438 773.438
-468.750 835.938 125.000 -789.062 -85.938 570.312 -734.375 109.375 507.812 -570.312 -531.250 382.812 -312.500 -437.500 593.750
-398.438 812.500 164.062 -773.438 -46.875 523.438 -765.625 140.625 531.250 -523.438 -507.812 398.438 -335.938 -476.562 585.938
-421.875 742.188 203.125 -742.188 -109.375 500.000 -703.125 78.125 554.688 -468.750 -531.250 515.625 -218.750 -328.125 742.188
-414.062 726.562 210.938 -710.938 -101.562 546.875 -664.062 85.938 585.938 -484.375 -539.062 484.375 -250.000 -351.562 710.938
-382.812 796.875 218.750 -710.938 -54.688 578.125 -671.875 125.000 585.938 -460.938 -523.438 507.812 -257.812 -398.438 710.938
-421.875 828.125 179.688 -718.750 -78.125 562.500 -664.062 101.562 609.375 -414.062 -554.688 539.062 -234.375 -367.188 734.375
-445.312 867.188 156.250 -687.500 -101.562 632.812 -648.438 101.562 679.688 -367.188 -593.750 632.812 -156.250 -367.188 843.750
-421.875 875.000 171.875 -679.688 -62.500 656.250 -617.188 132.812 679.688 -390.625 -585.938 593.750 -179.688 -375.000 820.312
-453.125 804.688 156.250 -632.812 -78.125 679.688 -648.438 132.812 671.875 -421.875 -562.500 562.500 -218.750 -406.250 773.438
-437.500 781.250 187.500 -632.812 -125.000 687.500 -625.000 117.188 703.125 -390.625 -617.188 593.750 -171.875 -406.250 820.312
-429.688 789.062 195.312 -656.250 -140.625 671.875 -625.000 85.938 710.938 -382.812 -632.812 593.750 -156.250 -414.062 843.750
-406.250 828.125 195.312 -664.062 -148.438 664.062 -640.625 70.312 695.312 -390.625 -632.812 593.750 -156.250 -406.250 828.125
-390.625 820.312 218.750 -632.812 -117.188 710.938 -632.812 109.375 687.500 -414.062 -617.188 570.312 -179.688 -429.688 804.688
-367.188 820.312 234.375 -648.438 -125.000 703.125 -648.438 93.750 687.500 -414.062 -609.375 554.688 -187.500 -421.875 789.062
-359.375 835.938 234.375 -703.125 -125.000 640.625 -671.875 93.750 632.812 -437.500 -570.312 539.062 -179.688 -406.250 773.438
-320.312 828.125 265.625 -710.938 -117.188 632.812 -679.688 93.750 617.188 -429.688 -585.938 539.062 -171.875 -398.438 773.438
-296.875 828.125 273.438 -703.125 -117.188 601.562 -671.875 78.125 601.562 -414.062 -570.312 554.688 -148.438 -390.625 789.062
-312.500 843.750 250.000 -687.500 -101.562 617.188 -625.000 101.562 625.000 -375.000 -539.062 554.688 -140.625 -375.000 765.625
-320.312 875.000 218.750 -609.375 -125.000 656.250 -562.500 101.562 656.250 -359.375 -523.438 546.875 -164.062 -375.000 726.562
-359.375 882.812 187.500 -601.562 -132.812 671.875 -554.688 101.562 664.062 -351.562 -523.438 539.062 -156.250 -390.625 718.750
-367.188 867.188 164.062 -570.312 -179.688 687.500 -507.812 62.500 710.938 -328.125 -570.312 531.250 -156.250 -398.438 718.750
-406.250 914.062 85.938 -539.062 -218.750 726.562 -476.562 31.250 750.000 -281.250 -593.750 539.062 -117.188 -453.125 742.188
-398.438 914.062 117.188 -531.250 -242.188 726.562 -453.125 -7.812 773.438 -250.000 -648.438 539.062 -101.562 -468.750 742.188
-421.875 890.625 148.438 -531.250 -242.188 718.750 -460.938 -39.062 789.062 -234.375 -664.062 539.062 -78.125 -484.375 750.000
-421.875 929.688 117.188 -531.250 -281.250 718.750 -437.500 -78.125 781.250 -195.312 -679.688 546.875 -46.875 -484.375 757.812
