-375.000 976.562 164.062 257.812 156.250 1015.625 414.062 164.062 976.562 726.562 -343.750 625.000 601.562 -132.812 812.500
-359.375 1117.188 195.312 218.750 304.688 1023.438 320.312 281.250 914.062 546.875 -257.812 632.812 382.812 -54.688 703.125
-390.625 1140.625 148.438 125.000 375.000 976.562 242.188 367.188 851.562 453.125 -164.062 648.438 312.500 54.688 679.688
-421.875 1148.438 140.625 117.188 398.438 968.750 234.375 382.812 843.750 453.125 -140.625 648.438 320.312 78.125 664.062
-421.875 1101.562 117.188 93.750 453.125 960.938 281.250 429.688 851.562 578.125 -93.750 664.062 468.750 125.000 687.500
-453.125 968.750 62.500 109.375 343.750 953.125 304.688 367.188 890.625 648.438 -140.625 679.688 570.312 54.688 757.812
-453.125 828.125 39.062 117.188 242.188 937.500 312.500 265.625 914.062 695.312 -210.938 695.312 625.000 39.062 796.875
-414.062 781.250 62.500 132.812 148.438 929.688 312.500 187.500 929.688 695.312 -265.625 671.875 625.000 -23.438 835.938
-382.812 804.688 117.188 156.250 93.750 921.875 328.125 140.625 937.500 695.312 -320.312 664.062 609.375 -31.250 843.750
-382.812 804.688 117.188 156.250 93.750 921.875 328.125 140.625 937.500 695.312 -320.312 664.062 609.375 -31.250 843.750
-335.938 898.438 187.500 187.500 117.188 937.500 335.938 140.625 914.062 656.250 -328.125 632.812 562.500 -78.125 804.688
-335.938 898.438 187.500 187.500 117.188 937.500 335.938 140.625 914.062 656.250 -328.125 632.812 562.500 -78.125 804.688
-335.938 937.500 164.062 226.562 195.312 1000.000 359.375 210.938 921.875 625.000 -273.438 640.625 507.812 -46.875 773.438
-406.250 921.875 140.625 171.875 250.000 984.375 335.938 265.625 914.062 625.000 -218.750 664.062 500.000 23.438 750.000
-429.688 1031.250 140.625 156.250 312.500 984.375 328.125 312.500 906.250 640.625 -171.875 679.688 562.500 78.125 742.188
-414.062 945.312 109.375 140.625 304.688 960.938 304.688 296.875 914.062 617.188 -187.500 687.500 507.812 31.250 765.625
-429.688 937.500 109.375 148.438 289.062 960.938 304.688 289.062 898.438 601.562 -179.688 687.500 476.562 39.062 757.812
-429.688 937.500 109.375 148.438 289.062 960.938 304.688 289.062 898.438 601.562 -179.688 687.500 476.562 39.062 757.812
-382.812 992.188 140.625 132.812 250.000 929.688 289.062 234.375 890.625 625.000 -226.562 656.250 500.000 15.625 757.812
-382.812 992.188 140.625 132.812 250.000 929.688 289.062 234.375 890.625 625.000 -226.562 656.250 500.000 15.625 757.812
-328.125 906.250 179.688 187.500 156.250 960.938 351.562 164.062 937.500 664.062 -296.875 671.875 554.688 -39.062 804.688
-304.688 835.938 156.250 210.938 70.312 984.375 390.625 140.625 1000.000 734.375 -328.125 703.125 625.000 -62.500 851.562
-367.188 718.750 117.188 187.500 39.062 976.562 406.250 109.375 1031.250 851.562 -351.562 734.375 765.625 -70.312 921.875
-429.688 617.188 46.875 117.188 70.312 937.500 328.125 101.562 984.375 796.875 -343.750 718.750 781.250 -15.625 914.062
-429.688 625.000 46.875 109.375 78.125 921.875 312.500 93.750 960.938 773.438 -351.562 710.938 726.562 -23.438 906.250
-375.000 742.188 109.375 109.375 101.562 929.688 289.062 101.562 960.938 726.562 -335.938 742.188 648.438 -7.812 882.812
-375.000 851.562 109.375 125.000 179.688 953.125 296.875 187.500 953.125 687.500 -289.062 734.375 601.562 39.062 820.312
-375.000 851.562 109.375 125.000 179.688 953.125 296.875 187.500 953.125 687.500 -289.062 734.375 601.562 39.062 820.312
-460.938 875.000 39.062 226.562 312.500 1093.750 414.062 304.688 1054.688 750.000 -234.375 765.625 593.750 0.000 898.438
-429.688 1015.625 70.312 250.000 312.500 1148.438 414.062 289.062 1148.438 789.062 -273.438 1000.000 554.688 156.250 1000.000
-359.375 945.312 132.812 -23.438 296.875 937.500 132.812 328.125 945.312 500.000 -187.500 796.875 367.188 125.000 828.125
-382.812 929.688 164.062 -210.938 390.625 804.688 -7.812 367.188 718.750 312.500 -132.812 617.188 320.312 39.062 695.312
-351.562 960.938 187.500 -242.188 351.562 671.875 -23.438 351.562 625.000 265.625 -93.750 523.438 351.562 -23.438 632.812
-335.938 1000.000 140.625 -242.188 320.312 625.000 -46.875 289.062 570.312 273.438 -117.188 500.000 375.000 -7.812 593.750
-187.500 898.438 187.500 -140.625 375.000 687.500 70.312 281.250 679.688 343.750 -171.875 640.625 398.438 54.688 750.000
-78.125 835.938 421.875 -296.875 445.312 515.625 132.812 429.688 710.938 445.312 -46.875 734.375 570.312 54.688 828.125
-78.125 835.938 421.875 -296.875 445.312 515.625 132.812 429.688 710.938 445.312 -46.875 734.375 570.312 54.688 828.125
-382.812 1054.688 93.750 -117.188 320.312 531.250 70.312 226.562 648.438 468.750 -171.875 656.250 500.000 -109.375 781.250
-382.812 1054.688 93.750 -117.188 320.312 531.250 70.312 226.562 648.438 468.750 -171.875 656.250 500.000 -109.375 781.250
-609.375 1164.062 -203.125 382.812 -164.062 593.750 117.188 148.438 492.188 437.500 -375.000 296.875 570.312 -335.938 734.375
-476.562 1250.000 -429.688 562.500 -7.812 921.875 429.688 101.562 734.375 281.250 -296.875 367.188 210.938 -437.500 835.938
-531.250 828.125 -296.875 507.812 250.000 1070.312 570.312 507.812 992.188 585.938 -93.750 734.375 203.125 -179.688 710.938
-703.125 367.188 -375.000 578.125 250.000 1382.812 664.062 531.250 1398.438 757.812 -210.938 1476.562 585.938 914.062 867.188
-804.688 296.875 -335.938 195.312 625.000 1132.812 398.438 570.312 1062.500 765.625 -156.250 1132.812 640.625 148.438 1242.188
-804.688 296.875 -335.938 195.312 625.000 1132.812 398.438 570.312 1062.500 765.625 -156.250 1132.812 640.625 148.438 1242.188
-1226.562 984.375 -367.188 -39.062 414.062 773.438 39.062 421.875 664.062 273.438 -39.062 679.688 257.812 78.125 625.000
-1226.562 984.375 -367.188 -39.062 414.062 773.438 39.062 421.875 664.062 273.438 -39.062 679.688 257.812 78.125 625.000
-609.375 796.875 31.250 359.375 343.750 804.688 382.812 421.875 750.000 492.188 -23.438 742.188 406.250 250.000 687.500
-414.062 1210.938 156.250 789.062 -23.438 796.875 625.000 148.438 882.812 671.875 -296.875 750.000 460.938 0.000 882.812
-359.375 1375.000 132.812 804.688 15.625 820.312 671.875 148.438 867.188 687.500 -281.250 671.875 476.562 -31.250 804.688
-695.312 585.938 -148.438 640.625 218.750 867.188 687.500 343.750 851.562 890.625 -101.562 718.750 812.500 85.938 789.062
-625.000 507.812 -226.562 429.688 210.938 867.188 523.438 367.188 835.938 835.938 -78.125 726.562 804.688 132.812 820.312
-632.812 726.562 -179.688 515.625 226.562 867.188 546.875 375.000 820.312 742.188 -85.938 695.312 664.062 109.375 773.438
-632.812 726.562 -179.688 515.625 226.562 867.188 546.875 375.000 820.312 742.188 -85.938 695.312 664.062 109.375 773.438
-632.812 726.562 -179.688 515.625 226.562 867.188 546.875 375.000 820.312 742.188 -85.938 695.312 664.062 109.375 773.438
-640.625 875.000 -156.250 593.750 257.812 882.812 593.750 398.438 820.312 742.188 -62.500 695.312 640.625 109.375 750.000
-632.812 882.812 -179.688 578.125 281.250 867.188 593.750 421.875 820.312 734.375 -46.875 710.938 632.812 140.625 781.250
-625.000 710.938 -226.562 414.062 257.812 820.312 468.750 406.250 773.438 695.312 -31.250 710.938 617.188 132.812 773.438
-632.812 679.688 -226.562 351.562 273.438 812.500 421.875 414.062 765.625 656.250 -46.875 703.125 609.375 148.438 773.438
-640.625 609.375 -242.188 296.875 289.062 812.500 367.188 429.688 757.812 593.750 -23.438 726.562 539.062 164.062 757.812
-648.438 625.000 -226.562 273.438 296.875 796.875 328.125 421.875 734.375 546.875 -31.250 718.750 507.812 171.875 750.000
-648.438 671.875 -203.125 296.875 320.312 781.250 335.938 429.688 703.125 500.000 -23.438 703.125 437.500 179.688 726.562
-562.500 695.312 -148.438 312.500 265.625 765.625 312.500 382.812 718.750 460.938 -70.312 703.125 406.250 156.250 750.000
-562.500 695.312 -148.438 312.500 265.625 765.625 312.500 382.812 718.750 460.938 -70.312 703.125 406.250 156.250 750.000
-562.500 835.938 -109.375 289.062 289.062 765.625 289.062 390.625 726.562 453.125 -62.500 710.938 406.250 140.625 750.000
-851.562 828.125 -234.375 335.938 273.438 671.875 335.938 468.750 773.438 437.500 -46.875 781.250 414.062 195.312 757.812
-539.062 671.875 -234.375 250.000 437.500 820.312 328.125 617.188 703.125 585.938 54.688 718.750 500.000 312.500 718.750
-242.188 578.125 187.500 203.125 523.438 867.188 304.688 648.438 726.562 507.812 179.688 773.438 414.062 351.562 703.125
-367.188 718.750 179.688 234.375 414.062 882.812 304.688 523.438 781.250 437.500 -7.812 742.188 375.000 203.125 718.750
