-195.312 953.125 -281.250 0.000 -31.250 953.125 78.125 62.500 960.938 312.500 -531.250 742.188 421.875 -171.875 867.188
-273.438 992.188 -335.938 0.000 54.688 1000.000 125.000 148.438 1000.000 335.938 -468.750 757.812 398.438 -179.688 820.312
-312.500 960.938 -375.000 15.625 85.938 1007.812 117.188 171.875 984.375 351.562 -445.312 765.625 437.500 -164.062 812.500
-320.312 945.312 -382.812 15.625 85.938 1023.438 117.188 179.688 984.375 359.375 -453.125 781.250 460.938 -140.625 820.312
-335.938 906.250 -406.250 15.625 85.938 1000.000 109.375 179.688 976.562 382.812 -437.500 781.250 515.625 -125.000 851.562
-351.562 851.562 -429.688 -31.250 101.562 992.188 101.562 203.125 984.375 398.438 -421.875 812.500 539.062 -78.125 851.562
-351.562 843.750 -414.062 -15.625 117.188 1000.000 109.375 218.750 992.188 406.250 -414.062 812.500 531.250 -78.125 859.375
-328.125 843.750 -406.250 0.000 117.188 1007.812 109.375 226.562 992.188 382.812 -421.875 812.500 515.625 -101.562 851.562
-328.125 867.188 -421.875 39.062 78.125 1109.375 117.188 210.938 984.375 359.375 -414.062 781.250 460.938 -125.000 812.500
-359.375 882.812 -429.688 39.062 101.562 1109.375 93.750 218.750 984.375 351.562 -421.875 765.625 453.125 -132.812 820.312
-335.938 898.438 -437.500 39.062 125.000 1101.562 85.938 203.125 984.375 335.938 -437.500 757.812 429.688 -148.438 812.500
-328.125 882.812 -429.688 39.062 117.188 1093.750 78.125 195.312 984.375 328.125 -453.125 750.000 429.688 -148.438 820.312
-304.688 890.625 -359.375 -140.625 62.500 929.688 70.312 117.188 984.375 343.750 -484.375 773.438 453.125 -148.438 843.750
-289.062 890.625 -359.375 -179.688 31.250 882.812 78.125 109.375 992.188 359.375 -492.188 781.250 460.938 -132.812 859.375
-296.875 875.000 -335.938 -218.750 15.625 859.375 156.250 93.750 1085.938 421.875 -523.438 804.688 500.000 -140.625 882.812
-296.875 867.188 -320.312 -242.188 15.625 867.188 242.188 109.375 1226.562 460.938 -554.688 867.188 515.625 -132.812 914.062
-367.188 859.375 -335.938 -85.938 -23.438 1109.375 507.812 156.250 1546.875 585.938 -578.125 1007.812 570.312 -195.312 1000.000
-382.812 843.750 -343.750 -85.938 15.625 1101.562 421.875 195.312 1406.250 562.500 -570.312 968.750 570.312 -195.312 1007.812
-398.438 843.750 -382.812 -242.188 312.500 929.688 289.062 101.562 1265.625 539.062 -632.812 968.750 578.125 -195.312 1015.625
-406.250 859.375 -382.812 -320.312 257.812 804.688 179.688 54.688 1195.312 531.250 -601.562 914.062 585.938 -210.938 1046.875
-281.250 1000.000 -328.125 -625.000 117.188 492.188 -273.438 -70.312 695.312 250.000 -640.625 695.312 554.688 -218.750 984.375
-257.812 945.312 -304.688 -523.438 -93.750 609.375 -335.938 -101.562 710.938 140.625 -617.188 632.812 484.375 -171.875 929.688
-195.312 742.188 -242.188 -421.875 -289.062 734.375 -257.812 -187.500 640.625 -15.625 -531.250 601.562 265.625 -187.500 796.875
-156.250 460.938 -195.312 70.312 242.188 1078.125 -585.938 -132.812 359.375 -15.625 -601.562 617.188 148.438 -226.562 789.062
-234.375 359.375 -312.500 156.250 515.625 1257.812 -531.250 125.000 562.500 -46.875 -523.438 695.312 195.312 -46.875 898.438
-328.125 382.812 -375.000 257.812 554.688 1421.875 -554.688 328.125 648.438 -31.250 -515.625 710.938 218.750 -101.562 937.500
-492.188 640.625 -492.188 171.875 523.438 1476.562 -460.938 789.062 875.000 -109.375 -445.312 710.938 164.062 -265.625 835.938
-546.875 1046.875 -734.375 -62.500 359.375 1062.500 -976.562 468.750 375.000 0.000 -304.688 687.500 125.000 -70.312 601.562
-429.688 1125.000 -859.375 -1406.250 -867.188 320.312 -945.312 140.625 539.062 -312.500 -476.562 460.938 23.438 -195.312 640.625
-460.938 1289.062 -828.125 7.812 226.562 1140.625 -804.688 -7.812 570.312 -273.438 -578.125 531.250 -39.062 -234.375 679.688
-304.688 1132.812 -648.438 -101.562 -54.688 929.688 -781.250 -39.062 617.188 -179.688 -765.625 585.938 15.625 -406.250 906.250
-117.188 757.812 -296.875 -250.000 -265.625 1031.250 -671.875 70.312 828.125 -70.312 -781.250 695.312 109.375 -398.438 984.375
-171.875 773.438 -328.125 -382.812 -226.562 726.562 -773.438 -210.938 640.625 -23.438 -875.000 734.375 226.562 -406.250 1085.938
-273.438 835.938 -320.312 -382.812 -218.750 703.125 -734.375 -171.875 617.188 -23.438 -828.125 750.000 296.875 -328.125 1132.812
-460.938 531.250 -500.000 -460.938 46.875 742.188 -687.500 62.500 687.500 171.875 -632.812 1007.812 484.375 -70.312 1281.250
-562.500 640.625 -625.000 -562.500 39.062 578.125 -601.562 93.750 562.500 156.250 -593.750 1054.688 343.750 109.375 1164.062
-484.375 742.188 -695.312 -515.625 148.438 671.875 -781.250 210.938 492.188 -7.812 -460.938 859.375 62.500 7.812 906.250
-429.688 695.312 -679.688 -539.062 226.562 640.625 -765.625 281.250 406.250 -140.625 -414.062 742.188 -39.062 -39.062 789.062
-429.688 914.062 -695.312 -343.750 265.625 898.438 -617.188 445.312 406.250 -390.625 -343.750 531.250 -265.625 -171.875 585.938
-390.625 718.750 -695.312 -78.125 320.312 1140.625 -515.625 625.000 890.625 -468.750 -93.750 664.062 -328.125 -226.562 546.875
-703.125 968.750 -1007.812 85.938 304.688 1453.125 -421.875 742.188 968.750 -31.250 -554.688 789.062 -101.562 -148.438 796.875
-718.750 1046.875 -1039.062 164.062 335.938 1476.562 -445.312 687.500 1062.500 -23.438 -601.562 812.500 -85.938 -265.625 953.125
-492.188 1031.250 -859.375 203.125 585.938 1601.562 -296.875 937.500 1140.625 234.375 -781.250 945.312 312.500 -554.688 1367.188
-250.000 687.500 -515.625 242.188 1296.875 2132.812 546.875 1171.875 1351.562 265.625 -562.500 937.500 351.562 0.000 1171.875
-359.375 671.875 -554.688 882.812 -679.688 921.875 -859.375 -187.500 812.500 -109.375 -484.375 781.250 187.500 15.625 984.375
-375.000 796.875 -687.500 210.938 -437.500 570.312 -1062.500 -796.875 0.000 -148.438 -757.812 742.188 117.188 0.000 960.938
-468.750 734.375 -734.375 -1226.562 -835.938 -539.062 -539.062 -1171.875 31.250 -234.375 -570.312 695.312 39.062 -15.625 960.938
578.125 609.375 859.375 -1562.500 882.812 -687.500 -234.375 1132.812 843.750 -507.812 117.188 781.250 -398.438 -234.375 742.188
-789.062 -265.625 -562.500 -1617.188 406.250 -367.188 -1414.062 -46.875 -179.688 -914.062 -171.875 601.562 -734.375 898.438 187.500
-1390.625 -195.312 -375.000 -1148.438 234.375 -320.312 -1226.562 15.625 -312.500 -515.625 -156.250 531.250 -328.125 437.500 601.562
-289.062 687.500 -132.812 -968.750 453.125 382.812 -453.125 437.500 617.188 -406.250 -320.312 773.438 -179.688 31.250 937.500
-570.312 898.438 -460.938 -218.750 -171.875 984.375 -78.125 7.812 1125.000 -156.250 -781.250 656.250 -250.000 -429.688 929.688
-445.312 789.062 -343.750 -265.625 -226.562 960.938 -164.062 -54.688 1031.250 -226.562 -804.688 585.938 -187.500 -445.312 960.938
-492.188 679.688 -343.750 -359.375 -296.875 843.750 -304.688 -62.500 960.938 -242.188 -773.438 625.000 -148.438 -375.000 960.938
-601.562 351.562 -414.062 -695.312 -85.938 515.625 -578.125 93.750 656.250 -320.312 -570.312 648.438 -117.188 -234.375 921.875
-679.688 390.625 -523.438 -804.688 23.438 515.625 -609.375 242.188 640.625 -367.188 -445.312 679.688 -179.688 -85.938 859.375
-601.562 609.375 -484.375 -773.438 85.938 585.938 -617.188 226.562 671.875 -343.750 -453.125 812.500 -164.062 148.438 953.125
-531.250 695.312 -468.750 -734.375 31.250 578.125 -687.500 109.375 710.938 -265.625 -515.625 851.562 -148.438 78.125 1054.688
-484.375 796.875 -312.500 -632.812 -31.250 609.375 -414.062 304.688 804.688 -289.062 -476.562 804.688 -171.875 -101.562 960.938
-1515.625 1406.250 -1640.625 -859.375 -1203.125 453.125 -117.188 85.938 1554.688 -554.688 -125.000 781.250 -117.188 -164.062 757.812
585.938 -562.500 171.875 -3664.062 3671.875 -1968.750 2343.750 1820.312 1523.438 -210.938 -1187.500 625.000 -15.625 -203.125 921.875
85.938 -218.750 218.750 796.875 -382.812 1765.625 -726.562 46.875 304.688 -515.625 -484.375 617.188 -93.750 -429.688 1117.188
-1093.750 375.000 -625.000 -773.438 -281.250 78.125 -843.750 148.438 281.250 -585.938 -343.750 453.125 -312.500 101.562 554.688
-554.688 132.812 -476.562 -1039.062 -31.250 203.125 -671.875 507.812 289.062 -687.500 -382.812 539.062 -93.750 46.875 1140.625
-679.688 632.812 -601.562 -804.688 890.625 632.812 -398.438 664.062 406.250 -203.125 -398.438 851.562 -476.562 -109.375 914.062
-476.562 1195.312 -578.125 -851.562 1140.625 1039.062 -601.562 945.312 781.250 -398.438 -335.938 1039.062 -554.688 31.250 953.125
-2039.062 1578.125 -617.188 -804.688 609.375 1085.938 -664.062 648.438 843.750 -640.625 23.438 1085.938 -687.500 179.688 687.500
7.812 765.625 -687.500 515.625 -445.312 1820.312 -1109.375 -70.312 367.188 -820.312 117.188 906.250 -945.312 93.750 406.250
-187.500 835.938 -523.438 -804.688 242.188 687.500 -789.062 468.750 539.062 -726.562 -187.500 656.250 -773.438 -85.938 632.812
-437.500 726.562 -523.438 -757.812 164.062 671.875 -773.438 398.438 546.875 -742.188 -375.000 687.500 -750.000 54.688 828.125
-460.938 773.438 -484.375 -687.500 210.938 796.875 -710.938 484.375 617.188 -703.125 -312.500 703.125 -656.250 54.688 867.188
-484.375 828.125 -398.438 -617.188 320.312 984.375 -570.312 648.438 789.062 -570.312 -257.812 890.625 -648.438 164.062 914.062
-585.938 1015.625 -398.438 -671.875 335.938 953.125 -570.312 679.688 804.688 -492.188 -179.688 945.312 -609.375 250.000 968.750
-406.250 968.750 -335.938 -656.250 273.438 898.438 -625.000 562.500 734.375 -585.938 -164.062 820.312 -835.938 93.750 757.812
-351.562 1007.812 -296.875 -656.250 265.625 890.625 -585.938 554.688 679.688 -625.000 -218.750 796.875 -679.688 140.625 812.500
-226.562 1093.750 -242.188 -648.438 226.562 906.250 -648.438 484.375 632.812 -859.375 -203.125 664.062 -656.250 125.000 812.500
-164.062 1125.000 -265.625 -671.875 210.938 906.250 -687.500 445.312 562.500 -585.938 -320.312 617.188 -882.812 -132.812 679.688
-343.750 1015.625 -281.250 -617.188 210.938 835.938 -687.500 492.188 523.438 -406.250 -85.938 507.812 -914.062 31.250 687.500
-359.375 921.875 -273.438 -601.562 359.375 882.812 -734.375 539.062 414.062 -289.062 -140.625 414.062 -781.250 171.875 742.188
-125.000 914.062 -234.375 -554.688 500.000 976.562 -570.312 414.062 289.062 -171.875 -367.188 664.062 -906.250 320.312 734.375
-367.188 773.438 -320.312 -343.750 -78.125 359.375 -492.188 -625.000 710.938 125.000 7.812 1234.375 -1054.688 335.938 7.812
-906.250 343.750 -320.312 -765.625 -492.188 257.812 179.688 -187.500 1218.750 -156.250 132.812 1257.812 -804.688 -101.562 453.125
-710.938 328.125 -328.125 -695.312 -328.125 250.000 445.312 210.938 1312.500 117.188 -15.625 1101.562 -1093.750 -203.125 398.438
-601.562 421.875 -406.250 -250.000 -453.125 507.812 7.812 -70.312 1007.812 -85.938 -109.375 1031.250 -851.562 54.688 406.250
-570.312 406.250 -382.812 -125.000 -304.688 703.125 85.938 46.875 960.938 -117.188 -125.000 976.562 -851.562 -7.812 382.812
-531.250 453.125 -414.062 -250.000 -226.562 812.500 -15.625 218.750 976.562 -281.250 -195.312 828.125 -835.938 -164.062 140.625
-578.125 335.938 -445.312 -328.125 -203.125 875.000 23.438 250.000 968.750 -390.625 -195.312 781.250 -828.125 -156.250 31.250
-750.000 46.875 -539.062 -500.000 -101.562 929.688 31.250 351.562 898.438 -390.625 -109.375 765.625 -734.375 -132.812 109.375
-828.125 -85.938 -656.250 -234.375 85.938 1132.812 54.688 656.250 921.875 -242.188 -23.438 828.125 -687.500 93.750 195.312
-750.000 273.438 -578.125 -31.250 148.438 1343.750 781.250 500.000 1062.500 7.812 140.625 929.688 -742.188 289.062 109.375
-687.500 484.375 -523.438 289.062 257.812 1156.250 179.688 562.500 1179.688 -46.875 140.625 960.938 -875.000 335.938 -15.625
-757.812 609.375 -734.375 671.875 15.625 1500.000 1304.688 476.562 1500.000 -46.875 -93.750 914.062 -835.938 320.312 -335.938
-1171.875 320.312 -1148.438 445.312 23.438 1515.625 671.875 562.500 1656.250 -78.125 101.562 898.438 -484.375 -617.188 -351.562
-1054.688 406.250 -1210.938 140.625 445.312 1023.438 -242.188 531.250 515.625 62.500 -195.312 679.688 -70.312 -1390.625 843.750
-804.688 523.438 -968.750 -296.875 226.562 570.312 -664.062 281.250 382.812 93.750 -289.062 710.938 62.500 -992.188 1210.938
-671.875 851.562 -562.500 -390.625 539.062 265.625 -953.125 -312.500 -281.250 820.312 -414.062 898.438 -132.812 -125.000 1007.812
-578.125 1125.000 -343.750 -1265.625 148.438 328.125 -375.000 -109.375 484.375 539.062 -562.500 789.062 148.438 -382.812 937.500
-406.250 914.062 -242.188 -976.562 1328.125 -390.625 -281.250 15.625 882.812 492.188 -867.188 929.688 46.875 -1125.000 312.500
-242.188 1335.938 -171.875 -210.938 -273.438 445.312 -320.312 -187.500 757.812 710.938 -976.562 1312.500 343.750 -1531.250 -23.438
-179.688 1265.625 -164.062 164.062 382.812 1078.125 -335.938 39.062 757.812 -304.688 -617.188 15.625 1617.188 -742.188 617.188
-101.562 1187.500 70.312 -70.312 773.438 1179.688 -460.938 265.625 765.625 -15.625 -468.750 976.562 1257.812 1000.000 2289.062
-773.438 195.312 -109.375 -562.500 640.625 757.812 -460.938 476.562 851.562 585.938 -242.188 1164.062 929.688 539.062 1218.750
-1031.250 54.688 -257.812 -617.188 656.250 679.688 -460.938 609.375 890.625 531.250 -218.750 1078.125 820.312 109.375 1093.750
-773.438 265.625 -234.375 -328.125 648.438 984.375 -335.938 648.438 1109.375 375.000 -414.062 1101.562 562.500 351.562 1101.562
-656.250 781.250 -320.312 343.750 562.500 1148.438 93.750 289.062 1203.125 398.438 -664.062 828.125 382.812 -23.438 984.375
-625.000 734.375 -304.688 132.812 593.750 984.375 -101.562 320.312 1062.500 351.562 -531.250 843.750 359.375 7.812 929.688
-703.125 492.188 -343.750 -125.000 585.938 875.000 -289.062 343.750 890.625 242.188 -437.500 851.562 320.312 156.250 851.562
-664.062 187.500 -210.938 -328.125 359.375 726.562 -445.312 257.812 765.625 156.250 -476.562 804.688 343.750 117.188 882.812
-710.938 304.688 -210.938 -296.875 351.562 734.375 -398.438 296.875 781.250 195.312 -421.875 804.688 335.938 148.438 851.562
-757.812 390.625 -234.375 -226.562 523.438 820.312 -375.000 414.062 804.688 148.438 -382.812 789.062 242.188 117.188 796.875
-781.250 414.062 -265.625 -187.500 500.000 820.312 -320.312 414.062 828.125 187.500 -390.625 765.625 273.438 78.125 781.250
-742.188 578.125 -273.438 39.062 351.562 882.812 -109.375 234.375 968.750 359.375 -531.250 734.375 414.062 -62.500 882.812
-765.625 609.375 -296.875 62.500 335.938 906.250 -109.375 265.625 976.562 382.812 -523.438 726.562 421.875 -70.312 882.812
-757.812 601.562 -296.875 109.375 367.188 953.125 -54.688 234.375 1015.625 406.250 -546.875 734.375 445.312 -54.688 875.000
-757.812 601.562 -289.062 117.188 375.000 976.562 -54.688 250.000 1031.250 429.688 -539.062 734.375 476.562 -54.688 890.625
-757.812 601.562 -289.062 39.062 390.625 921.875 -140.625 289.062 968.750 375.000 -507.812 757.812 437.500 -15.625 867.188
-742.188 585.938 -296.875 15.625 390.625 906.250 -148.438 289.062 953.125 367.188 -507.812 757.812 429.688 -7.812 859.375
-734.375 570.312 -273.438 -39.062 382.812 890.625 -203.125 273.438 914.062 335.938 -492.188 742.188 421.875 7.812 859.375
-734.375 531.250 -257.812 -62.500 359.375 875.000 -218.750 265.625 921.875 328.125 -515.625 750.000 421.875 0.000 867.188
-734.375 539.062 -265.625 -62.500 382.812 890.625 -242.188 289.062 898.438 296.875 -492.188 742.188 390.625 0.000 859.375
-742.188 554.688 -265.625 -78.125 398.438 890.625 -250.000 312.500 898.438 289.062 -484.375 750.000 382.812 7.812 851.562
-734.375 562.500 -257.812 -70.312 429.688 898.438 -242.188 328.125 898.438 273.438 -468.750 750.000 367.188 15.625 843.750
-750.000 570.312 -257.812 -54.688 421.875 906.250 -250.000 320.312 906.250 281.250 -460.938 765.625 359.375 31.250 843.750
-726.562 601.562 -250.000 -78.125 453.125 890.625 -242.188 296.875 906.250 273.438 -539.062 796.875 390.625 54.688 859.375
-734.375 585.938 -273.438 -46.875 406.250 882.812 -203.125 320.312 890.625 242.188 -515.625 734.375 359.375 0.000 851.562
-570.312 710.938 -218.750 -15.625 398.438 875.000 -218.750 242.188 867.188 312.500 -476.562 750.000 335.938 -15.625 828.125
-554.688 726.562 -210.938 7.812 343.750 890.625 -171.875 210.938 921.875 257.812 -546.875 742.188 335.938 -54.688 828.125
-429.688 937.500 -156.250 93.750 375.000 1015.625 -132.812 296.875 953.125 210.938 -453.125 718.750 242.188 -93.750 820.312
-437.500 851.562 -171.875 70.312 343.750 992.188 -171.875 281.250 929.688 187.500 -460.938 687.500 234.375 -93.750 812.500
-562.500 781.250 -210.938 7.812 320.312 960.938 -164.062 398.438 812.500 335.938 -640.625 718.750 335.938 -117.188 828.125
