-546.875 812.500 210.938 -156.250 -93.750 968.750 -62.500 140.625 976.562 62.500 -632.812 734.375 234.375 -375.000 875.000
-484.375 796.875 234.375 -140.625 -109.375 976.562 -54.688 132.812 984.375 70.312 -640.625 734.375 234.375 -367.188 882.812
-500.000 789.062 226.562 -125.000 -101.562 976.562 -54.688 140.625 984.375 70.312 -640.625 750.000 226.562 -375.000 882.812
-515.625 812.500 226.562 -117.188 -93.750 984.375 -39.062 156.250 1000.000 70.312 -632.812 734.375 218.750 -367.188 875.000
-492.188 812.500 242.188 -78.125 -109.375 1039.062 15.625 187.500 1054.688 85.938 -648.438 757.812 218.750 -375.000 882.812
-476.562 843.750 234.375 -85.938 -109.375 1015.625 -15.625 140.625 1039.062 85.938 -664.062 765.625 226.562 -382.812 906.250
-492.188 851.562 226.562 -109.375 -93.750 1000.000 -31.250 140.625 1007.812 93.750 -648.438 757.812 234.375 -382.812 898.438
-531.250 859.375 195.312 -132.812 -85.938 976.562 -62.500 125.000 968.750 93.750 -625.000 757.812 250.000 -367.188 882.812
-523.438 835.938 195.312 -171.875 -62.500 937.500 -85.938 132.812 945.312 78.125 -601.562 734.375 257.812 -343.750 867.188
-531.250 796.875 171.875 -195.312 -70.312 921.875 -101.562 148.438 921.875 78.125 -585.938 734.375 257.812 -320.312 859.375
-531.250 789.062 156.250 -187.500 -46.875 906.250 -93.750 164.062 921.875 78.125 -578.125 734.375 257.812 -312.500 859.375
-554.688 765.625 148.438 -148.438 7.812 976.562 -93.750 210.938 937.500 62.500 -570.312 734.375 226.562 -320.312 859.375
-562.500 757.812 132.812 -171.875 -39.062 960.938 -70.312 195.312 960.938 54.688 -585.938 742.188 203.125 -328.125 843.750
-546.875 812.500 148.438 -187.500 -62.500 921.875 -85.938 164.062 945.312 62.500 -593.750 734.375 218.750 -335.938 859.375
-546.875 804.688 164.062 -187.500 -46.875 914.062 -93.750 148.438 937.500 62.500 -593.750 750.000 226.562 -335.938 867.188
-515.625 789.062 179.688 -164.062 -70.312 937.500 -93.750 148.438 945.312 54.688 -601.562 750.000 203.125 -320.312 882.812
-460.938 781.250 210.938 -171.875 -101.562 945.312 -93.750 117.188 953.125 39.062 -617.188 726.562 210.938 -351.562 875.000
-515.625 812.500 179.688 -164.062 -85.938 945.312 -93.750 132.812 945.312 39.062 -617.188 703.125 195.312 -375.000 851.562
-523.438 828.125 171.875 -148.438 -54.688 992.188 -85.938 171.875 945.312 15.625 -601.562 687.500 187.500 -382.812 835.938
-546.875 828.125 156.250 -132.812 23.438 1023.438 -62.500 226.562 929.688 15.625 -593.750 687.500 179.688 -382.812 804.688
-492.188 914.062 156.250 15.625 156.250 1140.625 -39.062 234.375 968.750 15.625 -593.750 632.812 179.688 -429.688 804.688
-476.562 1000.000 234.375 39.062 117.188 1296.875 -54.688 304.688 945.312 -15.625 -570.312 570.312 179.688 -414.062 757.812
-492.188 1000.000 265.625 -15.625 0.000 1203.125 -85.938 210.938 906.250 -15.625 -601.562 562.500 164.062 -382.812 703.125
-421.875 1000.000 257.812 -156.250 -312.500 1031.250 -210.938 -101.562 804.688 39.062 -664.062 625.000 179.688 -320.312 757.812
-375.000 773.438 210.938 -242.188 -367.188 929.688 -179.688 -70.312 906.250 54.688 -671.875 687.500 289.062 -250.000 898.438
-554.688 500.000 117.188 -406.250 -132.812 593.750 85.938 289.062 1132.812 218.750 -562.500 765.625 359.375 -250.000 914.062
-523.438 546.875 117.188 -367.188 -429.688 695.312 117.188 164.062 1203.125 257.812 -554.688 859.375 351.562 -273.438 882.812
-539.062 585.938 125.000 -445.312 -218.750 656.250 -46.875 15.625 1007.812 281.250 -515.625 851.562 296.875 -195.312 828.125
-578.125 578.125 93.750 -703.125 -210.938 445.312 15.625 -101.562 992.188 171.875 -593.750 789.062 265.625 -343.750 875.000
-609.375 671.875 31.250 -859.375 -210.938 343.750 -7.812 -210.938 968.750 250.000 -757.812 710.938 257.812 -437.500 875.000
-671.875 695.312 78.125 -718.750 -93.750 593.750 -203.125 -132.812 796.875 257.812 -687.500 718.750 476.562 -343.750 1015.625
-695.312 695.312 70.312 -632.812 -39.062 695.312 -203.125 -140.625 828.125 257.812 -734.375 750.000 500.000 -320.312 1078.125
-726.562 773.438 7.812 -593.750 23.438 835.938 -210.938 -156.250 859.375 226.562 -656.250 718.750 609.375 -304.688 1226.562
-781.250 804.688 -15.625 -593.750 -31.250 851.562 -140.625 -117.188 882.812 257.812 -656.250 671.875 648.438 -156.250 1242.188
-695.312 851.562 39.062 -664.062 -85.938 742.188 -85.938 -85.938 945.312 328.125 -726.562 812.500 335.938 -507.812 843.750
-695.312 828.125 46.875 -648.438 -31.250 726.562 -109.375 -117.188 960.938 351.562 -648.438 773.438 281.250 -593.750 734.375
-671.875 773.438 39.062 -617.188 -54.688 757.812 -101.562 -117.188 851.562 195.312 -664.062 617.188 242.188 -500.000 812.500
-578.125 750.000 117.188 -593.750 -132.812 710.938 -85.938 -171.875 820.312 109.375 -671.875 562.500 179.688 -484.375 875.000
-460.938 796.875 210.938 -609.375 -257.812 578.125 -70.312 -406.250 867.188 109.375 -585.938 640.625 -54.688 -406.250 671.875
-453.125 812.500 226.562 -601.562 -304.688 578.125 -15.625 -304.688 890.625 101.562 -679.688 578.125 -132.812 -343.750 625.000
-445.312 820.312 210.938 -531.250 -273.438 601.562 23.438 -250.000 859.375 78.125 -632.812 625.000 -46.875 -203.125 851.562
-570.312 875.000 156.250 -601.562 -148.438 546.875 54.688 -281.250 812.500 203.125 -617.188 632.812 234.375 -179.688 1117.188
-585.938 867.188 54.688 -414.062 -445.312 539.062 203.125 -234.375 945.312 367.188 -703.125 898.438 414.062 625.000 1679.688
-632.812 742.188 23.438 -281.250 -406.250 570.312 226.562 -171.875 945.312 593.750 -453.125 968.750 62.500 -679.688 1218.750
-625.000 734.375 -39.062 46.875 -445.312 890.625 406.250 39.062 1148.438 398.438 -664.062 898.438 -93.750 -304.688 882.812
-656.250 828.125 -39.062 398.438 101.562 1296.875 492.188 171.875 1085.938 257.812 -601.562 820.312 -218.750 -476.562 757.812
-609.375 1078.125 23.438 460.938 210.938 1500.000 570.312 265.625 1125.000 226.562 -593.750 820.312 -234.375 -390.625 734.375
-601.562 1101.562 62.500 460.938 203.125 1531.250 570.312 304.688 1156.250 304.688 -531.250 804.688 -289.062 -359.375 757.812
-500.000 984.375 132.812 289.062 -7.812 1289.062 468.750 179.688 1101.562 328.125 -585.938 781.250 -343.750 -406.250 835.938
-507.812 921.875 117.188 195.312 -85.938 1195.312 398.438 117.188 1070.312 304.688 -632.812 789.062 -351.562 -406.250 828.125
-500.000 773.438 85.938 0.000 -187.500 1007.812 226.562 70.312 1007.812 234.375 -601.562 750.000 -367.188 -406.250 789.062
-515.625 656.250 39.062 -85.938 -140.625 945.312 140.625 125.000 953.125 132.812 -539.062 718.750 -375.000 -367.188 718.750
-601.562 460.938 -164.062 -289.062 0.000 726.562 -46.875 210.938 765.625 -23.438 -351.562 640.625 -500.000 -320.312 507.812
-609.375 453.125 -203.125 -250.000 -15.625 710.938 -15.625 226.562 726.562 -7.812 -359.375 625.000 -484.375 -265.625 500.000
-632.812 562.500 -171.875 -156.250 -39.062 804.688 210.938 273.438 875.000 156.250 -382.812 726.562 -460.938 -195.312 593.750
-648.438 648.438 -164.062 -46.875 -85.938 945.312 429.688 335.938 1039.062 265.625 -414.062 851.562 -468.750 -171.875 656.250
-765.625 796.875 -242.188 382.812 -7.812 1414.062 789.062 289.062 1507.812 531.250 -593.750 1132.812 -460.938 -132.812 921.875
-734.375 867.188 -156.250 304.688 -46.875 1390.625 820.312 312.500 1539.062 562.500 -554.688 1187.500 -398.438 -78.125 1007.812
-875.000 1109.375 -140.625 15.625 164.062 1085.938 179.688 234.375 976.562 578.125 -390.625 1218.750 -218.750 23.438 1265.625
-835.938 1203.125 -132.812 -132.812 62.500 1039.062 554.688 1046.875 1640.625 390.625 -46.875 1328.125 -210.938 39.062 1179.688
-453.125 679.688 85.938 -328.125 148.438 1070.312 -234.375 -406.250 343.750 -23.438 -320.312 640.625 -265.625 -132.812 601.562
-531.250 789.062 218.750 -421.875 148.438 679.688 -453.125 -210.938 171.875 -62.500 -351.562 765.625 -210.938 -171.875 734.375
-242.188 734.375 281.250 -585.938 320.312 335.938 -640.625 -226.562 242.188 726.562 70.312 2070.312 -445.312 460.938 718.750
-414.062 171.875 78.125 -750.000 15.625 367.188 -593.750 -531.250 46.875 -148.438 -468.750 468.750 -335.938 -726.562 757.812
-578.125 625.000 23.438 -367.188 109.375 578.125 -828.125 -539.062 -15.625 -23.438 -507.812 460.938 -507.812 -273.438 562.500
-484.375 906.250 70.312 -335.938 148.438 585.938 -773.438 -390.625 164.062 -132.812 -617.188 484.375 -562.500 -320.312 585.938
0.000 1234.375 421.875 -257.812 453.125 742.188 -718.750 109.375 453.125 -78.125 -492.188 890.625 -664.062 -320.312 562.500
-500.000 789.062 70.312 -23.438 398.438 1156.250 -726.562 195.312 750.000 -351.562 -859.375 398.438 -742.188 -640.625 351.562
-468.750 1140.625 132.812 -23.438 335.938 1218.750 -765.625 234.375 734.375 -515.625 -710.938 359.375 -750.000 -570.312 570.312
-367.188 1085.938 234.375 -7.812 335.938 1226.562 -750.000 335.938 734.375 -617.188 -617.188 328.125 -757.812 -554.688 648.438
-390.625 1023.438 257.812 39.062 468.750 1289.062 -773.438 515.625 671.875 -750.000 -492.188 242.188 -757.812 -554.688 656.250
-500.000 1187.500 257.812 -31.250 406.250 1203.125 -648.438 500.000 781.250 -804.688 -359.375 234.375 -750.000 -578.125 335.938
-710.938 523.438 140.625 125.000 234.375 1398.438 -687.500 265.625 742.188 -750.000 -601.562 85.938 -671.875 -828.125 312.500
-484.375 929.688 203.125 62.500 250.000 1242.188 -648.438 70.312 820.312 -789.062 -539.062 343.750 -773.438 -796.875 273.438
148.438 1351.562 828.125 -210.938 -78.125 898.438 -468.750 -46.875 1023.438 -445.312 -828.125 523.438 -640.625 -835.938 328.125
-273.438 210.938 570.312 -296.875 -54.688 773.438 -984.375 -539.062 664.062 179.688 -1289.062 1390.625 -515.625 -992.188 554.688
-835.938 804.688 226.562 -507.812 -117.188 437.500 -828.125 -578.125 757.812 -242.188 -937.500 859.375 -382.812 -968.750 875.000
-734.375 851.562 218.750 -515.625 -39.062 335.938 -718.750 -117.188 750.000 -304.688 -734.375 554.688 -304.688 -593.750 1031.250
-468.750 1140.625 367.188 -921.875 -710.938 703.125 -421.875 648.438 750.000 -960.938 -140.625 0.000 -109.375 -320.312 1031.250
-437.500 1203.125 406.250 -632.812 -23.438 812.500 -789.062 171.875 671.875 -585.938 -492.188 593.750 -460.938 -226.562 734.375
-507.812 1125.000 289.062 -554.688 -179.688 703.125 -734.375 218.750 804.688 -851.562 -539.062 492.188 187.500 117.188 1507.812
-601.562 1070.312 234.375 -804.688 -398.438 648.438 -656.250 148.438 796.875 -664.062 -585.938 445.312 -70.312 -718.750 1226.562
-195.312 515.625 351.562 -742.188 -414.062 539.062 -718.750 -78.125 773.438 -648.438 -562.500 421.875 -687.500 -812.500 453.125
-187.500 640.625 398.438 -773.438 -335.938 414.062 -781.250 -93.750 476.562 -703.125 -578.125 210.938 -570.312 -617.188 421.875
-242.188 539.062 414.062 -875.000 -164.062 296.875 -585.938 -23.438 492.188 -632.812 -437.500 351.562 -554.688 -421.875 437.500
-265.625 500.000 406.250 -953.125 -179.688 312.500 -625.000 54.688 546.875 -593.750 -429.688 445.312 -492.188 -390.625 546.875
-437.500 664.062 312.500 -906.250 -179.688 351.562 -687.500 -15.625 585.938 -617.188 -523.438 515.625 -492.188 -335.938 671.875
-359.375 640.625 375.000 -789.062 -203.125 453.125 -687.500 62.500 648.438 -562.500 -484.375 562.500 -476.562 -398.438 703.125
-460.938 687.500 375.000 -804.688 -156.250 531.250 -601.562 140.625 710.938 -554.688 -429.688 664.062 -492.188 -289.062 796.875
-492.188 726.562 328.125 -710.938 -148.438 632.812 -601.562 171.875 710.938 -625.000 -453.125 531.250 -531.250 -320.312 648.438
-414.062 750.000 359.375 -656.250 -117.188 695.312 -570.312 210.938 718.750 -632.812 -437.500 500.000 -546.875 -375.000 601.562
-335.938 859.375 414.062 -679.688 -156.250 710.938 -593.750 164.062 742.188 -625.000 -460.938 507.812 -578.125 -414.062 585.938
-375.000 828.125 398.438 -710.938 -250.000 632.812 -625.000 78.125 726.562 -617.188 -539.062 500.000 -546.875 -453.125 656.250
-390.625 640.625 406.250 -710.938 -320.312 562.500 -617.188 -7.812 742.188 -562.500 -609.375 539.062 -500.000 -453.125 734.375
-390.625 625.000 414.062 -687.500 -335.938 562.500 -593.750 0.000 773.438 -539.062 -609.375 585.938 -476.562 -453.125 750.000
-390.625 679.688 429.688 -703.125 -320.312 554.688 -640.625 -23.438 726.562 -570.312 -632.812 546.875 -476.562 -460.938 757.812
-367.188 710.938 445.312 -703.125 -304.688 593.750 -609.375 7.812 750.000 -539.062 -585.938 546.875 -476.562 -445.312 710.938
-390.625 765.625 468.750 -664.062 -289.062 718.750 -531.250 85.938 882.812 -507.812 -578.125 656.250 -468.750 -421.875 773.438
-406.250 773.438 460.938 -664.062 -281.250 750.000 -554.688 85.938 875.000 -515.625 -601.562 664.062 -453.125 -429.688 804.688
-390.625 843.750 484.375 -687.500 -296.875 726.562 -570.312 62.500 859.375 -554.688 -609.375 625.000 -476.562 -445.312 781.250
-359.375 835.938 476.562 -687.500 -296.875 679.688 -593.750 54.688 804.688 -562.500 -585.938 570.312 -492.188 -476.562 734.375
-335.938 804.688 484.375 -695.312 -304.688 640.625 -609.375 23.438 773.438 -562.500 -585.938 570.312 -484.375 -453.125 726.562
-335.938 796.875 484.375 -695.312 -304.688 648.438 -593.750 39.062 773.438 -562.500 -585.938 562.500 -476.562 -468.750 726.562
-359.375 757.812 476.562 -703.125 -304.688 625.000 -601.562 39.062 773.438 -562.500 -593.750 562.500 -484.375 -453.125 718.750
-375.000 726.562 445.312 -687.500 -304.688 609.375 -554.688 46.875 781.250 -531.250 -570.312 554.688 -476.562 -453.125 695.312
-398.438 742.188 453.125 -671.875 -265.625 687.500 -554.688 85.938 820.312 -515.625 -562.500 632.812 -460.938 -421.875 765.625
-421.875 789.062 453.125 -687.500 -265.625 703.125 -562.500 85.938 812.500 -531.250 -570.312 640.625 -460.938 -421.875 796.875
-390.625 828.125 453.125 -695.312 -265.625 679.688 -570.312 85.938 804.688 -539.062 -562.500 625.000 -476.562 -421.875 757.812
-351.562 789.062 468.750 -664.062 -257.812 703.125 -554.688 93.750 828.125 -539.062 -562.500 617.188 -484.375 -429.688 750.000
-375.000 781.250 453.125 -664.062 -273.438 710.938 -562.500 70.312 820.312 -546.875 -585.938 609.375 -484.375 -445.312 757.812
-359.375 812.500 453.125 -687.500 -289.062 687.500 -585.938 46.875 804.688 -554.688 -601.562 593.750 -484.375 -460.938 750.000
-343.750 781.250 460.938 -695.312 -265.625 648.438 -593.750 70.312 765.625 -570.312 -570.312 554.688 -484.375 -460.938 710.938
-367.188 773.438 460.938 -695.312 -265.625 632.812 -601.562 62.500 750.000 -554.688 -562.500 554.688 -476.562 -437.500 710.938
-367.188 734.375 445.312 -703.125 -257.812 609.375 -593.750 70.312 726.562 -570.312 -546.875 531.250 -484.375 -421.875 703.125
-375.000 726.562 453.125 -695.312 -250.000 617.188 -601.562 78.125 726.562 -570.312 -531.250 531.250 -492.188 -406.250 695.312
-390.625 742.188 445.312 -687.500 -242.188 640.625 -562.500 85.938 781.250 -531.250 -531.250 601.562 -476.562 -382.812 734.375
-390.625 734.375 453.125 -687.500 -234.375 656.250 -578.125 93.750 765.625 -531.250 -531.250 617.188 -476.562 -375.000 742.188
-367.188 765.625 453.125 -687.500 -234.375 664.062 -554.688 132.812 796.875 -523.438 -523.438 632.812 -468.750 -367.188 765.625
-351.562 773.438 460.938 -671.875 -203.125 703.125 -546.875 140.625 812.500 -515.625 -507.812 656.250 -468.750 -351.562 750.000
-476.562 796.875 406.250 -671.875 -281.250 656.250 -570.312 70.312 773.438 -546.875 -562.500 570.312 -484.375 -421.875 718.750
-390.625 781.250 406.250 -671.875 -304.688 648.438 -585.938 31.250 765.625 -562.500 -578.125 546.875 -507.812 -445.312 695.312
-304.688 734.375 468.750 -664.062 -312.500 632.812 -585.938 23.438 773.438 -554.688 -578.125 539.062 -492.188 -460.938 703.125
-382.812 734.375 445.312 -695.312 -273.438 632.812 -578.125 62.500 742.188 -554.688 -546.875 546.875 -476.562 -429.688 710.938
-390.625 726.562 429.688 -703.125 -265.625 609.375 -601.562 62.500 726.562 -570.312 -523.438 531.250 -468.750 -398.438 687.500
-406.250 710.938 437.500 -718.750 -257.812 593.750 -609.375 70.312 710.938 -570.312 -523.438 515.625 -476.562 -390.625 679.688
-406.250 703.125 437.500 -718.750 -242.188 570.312 -625.000 46.875 671.875 -570.312 -500.000 492.188 -453.125 -390.625 648.438
-414.062 656.250 414.062 -710.938 -234.375 578.125 -625.000 7.812 671.875 -570.312 -562.500 460.938 -460.938 -398.438 648.438
-460.938 656.250 367.188 -664.062 -257.812 585.938 -593.750 0.000 687.500 -492.188 -562.500 507.812 -421.875 -406.250 671.875
-500.000 695.312 359.375 -671.875 -265.625 609.375 -593.750 -23.438 726.562 -507.812 -609.375 523.438 -406.250 -414.062 695.312
-539.062 695.312 343.750 -640.625 -257.812 648.438 -554.688 -7.812 750.000 -453.125 -632.812 554.688 -351.562 -414.062 757.812
-546.875 757.812 335.938 -609.375 -242.188 718.750 -539.062 31.250 796.875 -390.625 -625.000 656.250 -312.500 -414.062 828.125
