-531.250 671.875 414.062 -117.188 -367.188 921.875 -140.625 -78.125 953.125 70.312 -562.500 765.625 125.000 -304.688 898.438
-539.062 664.062 390.625 -117.188 -351.562 914.062 -125.000 -70.312 976.562 93.750 -562.500 789.062 132.812 -296.875 906.250
-531.250 687.500 390.625 -101.562 -367.188 914.062 -109.375 -85.938 1000.000 117.188 -570.312 804.688 125.000 -320.312 914.062
-523.438 656.250 351.562 -78.125 -390.625 929.688 -101.562 -101.562 1046.875 156.250 -601.562 867.188 171.875 -304.688 968.750
-539.062 656.250 375.000 -85.938 -390.625 945.312 -117.188 -85.938 1031.250 117.188 -601.562 828.125 171.875 -304.688 976.562
-492.188 734.375 429.688 -132.812 -390.625 890.625 -164.062 -93.750 976.562 62.500 -585.938 765.625 140.625 -328.125 929.688
-476.562 750.000 445.312 -164.062 -375.000 875.000 -187.500 -109.375 945.312 39.062 -570.312 757.812 117.188 -335.938 914.062
-484.375 765.625 453.125 -187.500 -351.562 859.375 -210.938 -85.938 914.062 0.000 -570.312 726.562 85.938 -328.125 875.000
-492.188 781.250 437.500 -210.938 -335.938 851.562 -226.562 -85.938 906.250 0.000 -578.125 718.750 70.312 -343.750 875.000
-507.812 679.688 382.812 -179.688 -359.375 882.812 -218.750 -93.750 945.312 39.062 -617.188 765.625 85.938 -343.750 906.250
-500.000 664.062 390.625 -132.812 -382.812 937.500 -187.500 -132.812 1007.812 85.938 -664.062 859.375 109.375 -390.625 976.562
-492.188 679.688 429.688 -78.125 -445.312 1000.000 -125.000 -132.812 1140.625 148.438 -695.312 968.750 132.812 -382.812 1093.750
-492.188 804.688 453.125 -78.125 -429.688 1015.625 -31.250 -93.750 1234.375 164.062 -640.625 968.750 140.625 -328.125 1054.688
-453.125 812.500 445.312 39.062 -406.250 1125.000 54.688 -7.812 1312.500 171.875 -632.812 1000.000 93.750 -382.812 1070.312
-445.312 765.625 437.500 31.250 -281.250 1156.250 39.062 -23.438 1226.562 132.812 -671.875 953.125 93.750 -382.812 1070.312
-398.438 640.625 484.375 7.812 -437.500 1117.188 -109.375 -31.250 1109.375 7.812 -640.625 843.750 31.250 -351.562 1015.625
-312.500 476.562 421.875 -132.812 -468.750 906.250 -320.312 -289.062 890.625 -125.000 -820.312 687.500 -46.875 -554.688 1023.438
-328.125 546.875 398.438 -250.000 -500.000 750.000 -476.562 -312.500 781.250 -140.625 -929.688 664.062 -70.312 -554.688 1031.250
-265.625 648.438 398.438 -257.812 -531.250 781.250 -437.500 -296.875 843.750 -156.250 -945.312 664.062 -70.312 -523.438 1046.875
-515.625 789.062 335.938 -210.938 -289.062 921.875 -203.125 54.688 1062.500 -273.438 -453.125 570.312 -234.375 -382.812 617.188
-578.125 882.812 312.500 -476.562 -203.125 718.750 -296.875 140.625 937.500 -335.938 -367.188 539.062 -343.750 -492.188 523.438
-382.812 1125.000 382.812 -828.125 -320.312 375.000 -632.812 -23.438 632.812 -484.375 -453.125 507.812 -484.375 -578.125 507.812
-304.688 1101.562 453.125 -828.125 -210.938 429.688 -734.375 7.812 445.312 -601.562 -507.812 375.000 -453.125 -554.688 562.500
-656.250 1078.125 117.188 -1031.250 -148.438 273.438 -992.188 70.312 93.750 -773.438 -429.688 156.250 -484.375 -406.250 523.438
-632.812 1085.938 23.438 -929.688 -132.812 320.312 -937.500 62.500 218.750 -703.125 -406.250 265.625 -507.812 -367.188 531.250
-632.812 757.812 -70.312 -781.250 -250.000 554.688 -734.375 117.188 593.750 -492.188 -421.875 617.188 -507.812 -218.750 632.812
-617.188 640.625 -62.500 -742.188 -281.250 625.000 -695.312 101.562 734.375 -445.312 -421.875 796.875 -468.750 -132.812 750.000
-648.438 812.500 -312.500 -757.812 -210.938 585.938 -765.625 85.938 687.500 -554.688 -515.625 820.312 -382.812 -70.312 1148.438
-585.938 765.625 -328.125 -742.188 -203.125 578.125 -710.938 93.750 656.250 -585.938 -484.375 742.188 -445.312 -117.188 1046.875
-476.562 726.562 -273.438 -601.562 -117.188 734.375 -671.875 210.938 640.625 -617.188 -382.812 609.375 -554.688 -179.688 781.250
-414.062 898.438 -156.250 -617.188 -62.500 765.625 -687.500 273.438 601.562 -679.688 -312.500 554.688 -617.188 -179.688 656.250
-429.688 1093.750 -148.438 -703.125 -15.625 750.000 -734.375 304.688 570.312 -734.375 -296.875 531.250 -609.375 -148.438 632.812
-406.250 1054.688 -117.188 -656.250 -23.438 796.875 -695.312 320.312 585.938 -703.125 -289.062 507.812 -617.188 -156.250 578.125
-320.312 976.562 0.000 -640.625 -78.125 750.000 -664.062 257.812 601.562 -671.875 -320.312 500.000 -625.000 -210.938 562.500
-390.625 914.062 -23.438 -640.625 -203.125 671.875 -718.750 117.188 601.562 -617.188 -453.125 554.688 -539.062 -226.562 695.312
-421.875 890.625 -62.500 -640.625 -210.938 703.125 -679.688 117.188 656.250 -554.688 -500.000 609.375 -500.000 -226.562 781.250
-390.625 851.562 -15.625 -601.562 -187.500 726.562 -679.688 132.812 687.500 -515.625 -492.188 640.625 -492.188 -210.938 789.062
-375.000 835.938 31.250 -664.062 -195.312 609.375 -718.750 54.688 656.250 -406.250 -507.812 742.188 -414.062 -148.438 843.750
-468.750 851.562 -78.125 -742.188 -179.688 562.500 -750.000 85.938 601.562 -546.875 -484.375 718.750 -390.625 -132.812 984.375
-453.125 851.562 -132.812 -687.500 -203.125 656.250 -742.188 109.375 617.188 -570.312 -484.375 632.812 -460.938 -195.312 851.562
-445.312 906.250 -132.812 -664.062 -265.625 679.688 -726.562 78.125 632.812 -570.312 -492.188 617.188 -500.000 -195.312 781.250
-390.625 929.688 -62.500 -601.562 -312.500 742.188 -765.625 54.688 664.062 -609.375 -523.438 609.375 -539.062 -203.125 765.625
-414.062 1015.625 -70.312 -585.938 -179.688 835.938 -867.188 101.562 492.188 -757.812 -460.938 382.812 -593.750 -296.875 671.875
-335.938 1015.625 -31.250 -421.875 -132.812 1023.438 -679.688 179.688 453.125 -789.062 -312.500 148.438 -601.562 -367.188 414.062
-390.625 968.750 -23.438 -281.250 -281.250 1179.688 -617.188 234.375 515.625 -773.438 -242.188 117.188 -593.750 -328.125 296.875
-429.688 1039.062 -62.500 -570.312 -648.438 1101.562 -945.312 -203.125 218.750 -679.688 -320.312 -46.875 -484.375 -281.250 289.062
-429.688 867.188 -70.312 -601.562 -148.438 476.562 -734.375 46.875 351.562 -101.562 -515.625 210.938 -62.500 -304.688 531.250
-429.688 710.938 -23.438 -906.250 164.062 -23.438 -421.875 -31.250 593.750 257.812 -484.375 664.062 101.562 -648.438 921.875
-421.875 632.812 0.000 -1164.062 -54.688 -70.312 -296.875 1164.062 1382.812 421.875 -429.688 828.125 156.250 -562.500 914.062
-437.500 578.125 7.812 -835.938 -445.312 218.750 296.875 -140.625 1101.562 359.375 -171.875 960.938 171.875 -281.250 710.938
-460.938 898.438 -31.250 -781.250 -195.312 398.438 -125.000 -429.688 960.938 304.688 -671.875 960.938 289.062 -109.375 1007.812
-445.312 843.750 -62.500 -703.125 -242.188 562.500 -125.000 -406.250 898.438 242.188 -742.188 851.562 421.875 -171.875 1281.250
-429.688 820.312 -78.125 -656.250 -304.688 617.188 -93.750 -429.688 960.938 304.688 -726.562 898.438 367.188 -187.500 1250.000
-492.188 867.188 -148.438 -609.375 -515.625 812.500 148.438 -757.812 1335.938 656.250 -843.750 1148.438 382.812 -296.875 1171.875
-523.438 945.312 -140.625 -601.562 -421.875 882.812 117.188 -601.562 1257.812 609.375 -812.500 1054.688 468.750 -312.500 1195.312
-570.312 1000.000 -234.375 -687.500 -273.438 820.312 31.250 -492.188 1101.562 492.188 -671.875 906.250 453.125 -335.938 1054.688
-593.750 992.188 -273.438 -710.938 -281.250 796.875 85.938 -500.000 1140.625 468.750 -656.250 890.625 406.250 -296.875 968.750
-609.375 882.812 -359.375 -718.750 -351.562 664.062 54.688 -632.812 1125.000 593.750 -750.000 1085.938 460.938 -273.438 1117.188
-578.125 929.688 -328.125 -773.438 -429.688 507.812 15.625 -562.500 1117.188 445.312 -640.625 960.938 476.562 -242.188 1171.875
-515.625 828.125 -210.938 -593.750 -351.562 671.875 54.688 -148.438 1210.938 289.062 -554.688 906.250 414.062 -367.188 1187.500
-398.438 796.875 -195.312 -1000.000 -164.062 531.250 -62.500 -85.938 1148.438 242.188 -578.125 859.375 375.000 -359.375 1148.438
-281.250 984.375 62.500 -273.438 148.438 1281.250 -125.000 179.688 984.375 -93.750 -578.125 476.562 156.250 -453.125 906.250
-203.125 1289.062 304.688 -421.875 179.688 1257.812 -320.312 250.000 843.750 -210.938 -851.562 328.125 -23.438 -578.125 765.625
-125.000 1406.250 375.000 -757.812 78.125 734.375 -585.938 -312.500 687.500 -203.125 -968.750 429.688 -85.938 -734.375 835.938
-85.938 1296.875 367.188 -750.000 -171.875 640.625 -617.188 -476.562 695.312 -171.875 -1031.250 476.562 -62.500 -789.062 914.062
-125.000 757.812 375.000 -539.062 -843.750 726.562 -492.188 -312.500 757.812 -93.750 -859.375 546.875 54.688 -625.000 1000.000
-281.250 968.750 265.625 -562.500 -953.125 671.875 -625.000 -492.188 710.938 -70.312 -820.312 562.500 148.438 -390.625 1000.000
-367.188 804.688 328.125 -601.562 -406.250 671.875 -710.938 -195.312 523.438 -265.625 -726.562 468.750 7.812 -85.938 750.000
-453.125 750.000 351.562 -890.625 125.000 523.438 -585.938 414.062 585.938 -476.562 -312.500 445.312 -218.750 -85.938 500.000
-320.312 679.688 671.875 -875.000 -46.875 531.250 -484.375 343.750 851.562 -398.438 -179.688 546.875 -234.375 23.438 507.812
-617.188 460.938 101.562 -210.938 -234.375 1046.875 -867.188 -54.688 421.875 -359.375 -335.938 578.125 -156.250 0.000 632.812
-804.688 906.250 -62.500 -859.375 -398.438 437.500 -523.438 -46.875 710.938 -437.500 -414.062 421.875 -273.438 -54.688 601.562
-539.062 609.375 132.812 -664.062 78.125 601.562 -585.938 93.750 656.250 -265.625 -507.812 679.688 -132.812 -234.375 820.312
-437.500 718.750 250.000 -687.500 -148.438 562.500 -515.625 -23.438 765.625 -218.750 -562.500 757.812 -93.750 -148.438 859.375
-335.938 523.438 265.625 -640.625 -367.188 554.688 -320.312 -85.938 960.938 -101.562 -625.000 789.062 -54.688 -156.250 992.188
-296.875 226.562 250.000 31.250 -281.250 1164.062 -492.188 70.312 812.500 -93.750 -632.812 789.062 -54.688 -203.125 1007.812
-328.125 507.812 257.812 -351.562 -203.125 875.000 -640.625 250.000 570.312 -109.375 -484.375 773.438 -7.812 78.125 875.000
-390.625 453.125 226.562 -492.188 -148.438 726.562 -585.938 210.938 585.938 -101.562 -429.688 828.125 78.125 156.250 898.438
-421.875 539.062 195.312 -656.250 -78.125 476.562 -593.750 164.062 609.375 -23.438 -398.438 914.062 203.125 250.000 968.750
-507.812 585.938 117.188 -710.938 156.250 515.625 -585.938 257.812 632.812 15.625 -343.750 953.125 320.312 187.500 1070.312
-429.688 1062.500 93.750 -867.188 562.500 593.750 -726.562 -335.938 570.312 179.688 -750.000 867.188 390.625 -421.875 1226.562
-375.000 1414.062 -31.250 -906.250 250.000 507.812 -523.438 -304.688 835.938 125.000 -882.812 851.562 289.062 -476.562 1187.500
-546.875 1171.875 -70.312 -460.938 54.688 1039.062 -539.062 -85.938 1023.438 0.000 -968.750 718.750 -85.938 -562.500 929.688
-406.250 1359.375 -7.812 -632.812 -23.438 960.938 -570.312 -312.500 898.438 -187.500 -1000.000 515.625 -210.938 -773.438 812.500
-375.000 1281.250 187.500 -398.438 -1007.812 1492.188 -31.250 609.375 1257.812 -93.750 -570.312 781.250 -218.750 -492.188 789.062
-375.000 1226.562 156.250 -281.250 -609.375 1414.062 -203.125 460.938 1460.938 101.562 -476.562 984.375 -101.562 -367.188 867.188
-445.312 1164.062 78.125 -320.312 -570.312 1281.250 -289.062 -54.688 1351.562 203.125 -679.688 1132.812 250.000 -148.438 1117.188
-546.875 984.375 -101.562 -859.375 -664.062 617.188 -687.500 -343.750 898.438 132.812 -960.938 906.250 484.375 -382.812 1390.625
-492.188 1007.812 -101.562 -859.375 -773.438 289.062 -773.438 -601.562 859.375 -78.125 -1054.688 703.125 148.438 -609.375 1148.438
-468.750 984.375 -23.438 -601.562 -921.875 554.688 -648.438 -601.562 820.312 -132.812 -1000.000 593.750 23.438 -671.875 1023.438
-515.625 984.375 46.875 -156.250 -710.938 1070.312 -312.500 -132.812 992.188 -390.625 -804.688 351.562 -203.125 -687.500 734.375
-460.938 1335.938 210.938 -648.438 -312.500 562.500 -664.062 39.062 507.812 -562.500 -437.500 328.125 -382.812 -554.688 492.188
-632.812 960.938 171.875 -445.312 -265.625 710.938 -421.875 85.938 734.375 -320.312 -484.375 570.312 -210.938 -257.812 656.250
-718.750 984.375 210.938 -375.000 -210.938 789.062 -328.125 125.000 937.500 -171.875 -507.812 804.688 -171.875 -210.938 789.062
-609.375 1289.062 421.875 -632.812 -226.562 671.875 -523.438 101.562 750.000 -203.125 -453.125 851.562 -171.875 -132.812 859.375
39.062 781.250 484.375 -421.875 -281.250 781.250 -398.438 132.812 820.312 -335.938 -539.062 601.562 -179.688 -281.250 835.938
-156.250 328.125 429.688 -492.188 -281.250 679.688 -445.312 54.688 820.312 -179.688 -523.438 804.688 -148.438 -218.750 835.938
-593.750 710.938 195.312 -726.562 -375.000 328.125 -718.750 -117.188 593.750 -265.625 -562.500 781.250 -148.438 -179.688 937.500
-695.312 617.188 -78.125 -742.188 -500.000 203.125 -921.875 -296.875 351.562 -562.500 -734.375 390.625 -257.812 -250.000 937.500
-726.562 -578.125 -46.875 -421.875 -437.500 835.938 -398.438 54.688 921.875 -250.000 -585.938 648.438 -171.875 -593.750 804.688
-773.438 -85.938 62.500 -578.125 -500.000 625.000 -625.000 -140.625 796.875 -148.438 -734.375 796.875 85.938 -335.938 1101.562
-734.375 -15.625 195.312 -593.750 -523.438 601.562 -609.375 -156.250 796.875 -273.438 -710.938 718.750 70.312 -304.688 1117.188
-335.938 570.312 671.875 -617.188 -250.000 710.938 -578.125 140.625 734.375 -414.062 -507.812 617.188 -203.125 -359.375 773.438
-335.938 648.438 687.500 -593.750 -195.312 796.875 -585.938 210.938 695.312 -460.938 -445.312 546.875 -296.875 -320.312 703.125
-179.688 554.688 765.625 -578.125 -226.562 812.500 -562.500 156.250 765.625 -429.688 -507.812 648.438 -257.812 -359.375 765.625
0.000 578.125 882.812 -578.125 -203.125 835.938 -539.062 179.688 812.500 -351.562 -500.000 718.750 -203.125 -320.312 851.562
-328.125 687.500 640.625 -625.000 -335.938 734.375 -640.625 46.875 765.625 -500.000 -593.750 562.500 -343.750 -421.875 773.438
-382.812 656.250 617.188 -617.188 -375.000 718.750 -609.375 39.062 796.875 -476.562 -601.562 609.375 -328.125 -429.688 796.875
-601.562 648.438 492.188 -695.312 -406.250 632.812 -679.688 -15.625 757.812 -414.062 -640.625 710.938 -203.125 -359.375 929.688
-640.625 679.688 437.500 -679.688 -414.062 593.750 -703.125 -62.500 726.562 -445.312 -656.250 671.875 -210.938 -375.000 953.125
-523.438 656.250 546.875 -656.250 -296.875 648.438 -656.250 70.312 679.688 -507.812 -523.438 593.750 -320.312 -375.000 796.875
-531.250 664.062 531.250 -632.812 -312.500 687.500 -632.812 78.125 718.750 -507.812 -531.250 593.750 -320.312 -359.375 773.438
-507.812 656.250 531.250 -593.750 -335.938 726.562 -601.562 46.875 789.062 -445.312 -570.312 632.812 -304.688 -406.250 804.688
-468.750 648.438 562.500 -578.125 -359.375 734.375 -578.125 46.875 820.312 -429.688 -578.125 671.875 -304.688 -398.438 820.312
-421.875 578.125 585.938 -578.125 -328.125 734.375 -546.875 62.500 828.125 -367.188 -562.500 718.750 -210.938 -343.750 914.062
-421.875 562.500 585.938 -570.312 -304.688 765.625 -531.250 93.750 835.938 -367.188 -546.875 742.188 -203.125 -328.125 914.062
-531.250 695.312 523.438 -632.812 -320.312 726.562 -601.562 54.688 796.875 -382.812 -578.125 718.750 -218.750 -359.375 890.625
-570.312 765.625 492.188 -648.438 -343.750 679.688 -625.000 7.812 773.438 -414.062 -601.562 671.875 -250.000 -382.812 882.812
-515.625 609.375 500.000 -648.438 -367.188 625.000 -648.438 -23.438 734.375 -429.688 -601.562 617.188 -281.250 -421.875 820.312
-484.375 585.938 523.438 -648.438 -359.375 617.188 -632.812 -15.625 734.375 -414.062 -585.938 648.438 -250.000 -382.812 851.562
-492.188 585.938 523.438 -671.875 -335.938 578.125 -664.062 -15.625 679.688 -421.875 -578.125 617.188 -226.562 -351.562 843.750
-453.125 578.125 515.625 -664.062 -328.125 593.750 -664.062 7.812 656.250 -468.750 -554.688 570.312 -265.625 -359.375 804.688
-406.250 531.250 546.875 -539.062 -296.875 718.750 -539.062 85.938 726.562 -445.312 -507.812 570.312 -289.062 -359.375 757.812
-390.625 539.062 562.500 -554.688 -289.062 742.188 -523.438 78.125 765.625 -414.062 -500.000 601.562 -281.250 -359.375 757.812
-335.938 585.938 617.188 -539.062 -304.688 750.000 -500.000 70.312 828.125 -312.500 -523.438 718.750 -218.750 -304.688 804.688
-429.688 664.062 500.000 -539.062 -320.312 734.375 -523.438 -7.812 812.500 -289.062 -593.750 765.625 -140.625 -335.938 953.125
-492.188 578.125 445.312 -546.875 -414.062 671.875 -531.250 -54.688 789.062 -335.938 -601.562 664.062 -179.688 -335.938 882.812
-492.188 710.938 437.500 -585.938 -375.000 671.875 -562.500 -70.312 765.625 -359.375 -609.375 648.438 -195.312 -359.375 867.188
-562.500 554.688 390.625 -625.000 -390.625 601.562 -585.938 -46.875 726.562 -367.188 -593.750 625.000 -210.938 -367.188 843.750
-515.625 687.500 390.625 -656.250 -367.188 593.750 -609.375 -54.688 695.312 -390.625 -585.938 617.188 -226.562 -351.562 835.938
-546.875 687.500 351.562 -656.250 -359.375 578.125 -632.812 -54.688 671.875 -390.625 -546.875 617.188 -226.562 -367.188 820.312
-601.562 726.562 351.562 -695.312 -320.312 585.938 -640.625 -62.500 679.688 -398.438 -578.125 601.562 -226.562 -382.812 796.875
-609.375 765.625 343.750 -710.938 -328.125 562.500 -648.438 -62.500 664.062 -406.250 -570.312 601.562 -234.375 -421.875 796.875
-515.625 710.938 429.688 -671.875 -351.562 609.375 -601.562 -46.875 687.500 -421.875 -585.938 578.125 -218.750 -390.625 796.875
-500.000 703.125 437.500 -632.812 -351.562 648.438 -562.500 -54.688 726.562 -382.812 -570.312 609.375 -187.500 -398.438 828.125
-531.250 726.562 429.688 -570.312 -335.938 664.062 -578.125 -46.875 773.438 -320.312 -593.750 671.875 -171.875 -421.875 867.188
