-234.375 843.750 31.250 164.062 148.438 875.000 46.875 281.250 906.250 343.750 -203.125 796.875 398.438 -46.875 804.688
-132.812 976.562 85.938 226.562 117.188 937.500 54.688 234.375 890.625 335.938 -265.625 765.625 398.438 -93.750 804.688
-164.062 890.625 39.062 304.688 117.188 1062.500 117.188 273.438 968.750 343.750 -273.438 765.625 375.000 -117.188 796.875
-218.750 921.875 39.062 351.562 125.000 1148.438 164.062 296.875 1101.562 460.938 -257.812 867.188 414.062 -93.750 835.938
-281.250 1015.625 31.250 210.938 164.062 1046.875 156.250 304.688 1117.188 578.125 -210.938 1039.062 578.125 15.625 992.188
-296.875 1031.250 -7.812 78.125 234.375 953.125 70.312 281.250 1039.062 539.062 -203.125 1031.250 601.562 62.500 1015.625
-250.000 984.375 0.000 93.750 203.125 921.875 46.875 250.000 1007.812 500.000 -226.562 992.188 570.312 46.875 1000.000
-117.188 929.688 46.875 132.812 132.812 953.125 54.688 195.312 984.375 414.062 -320.312 929.688 523.438 -39.062 992.188
-70.312 945.312 62.500 171.875 85.938 1039.062 23.438 195.312 1054.688 351.562 -328.125 929.688 273.438 -85.938 937.500
0.000 968.750 125.000 265.625 203.125 1179.688 62.500 210.938 1109.375 289.062 -359.375 882.812 203.125 -234.375 898.438
0.000 968.750 125.000 265.625 203.125 1179.688 62.500 210.938 1109.375 289.062 -359.375 882.812 203.125 -234.375 898.438
0.000 992.188 93.750 296.875 289.062 1218.750 140.625 195.312 1195.312 328.125 -367.188 929.688 296.875 -390.625 976.562
-125.000 1195.312 93.750 187.500 -39.062 1125.000 273.438 187.500 1421.875 609.375 -468.750 1195.312 476.562 -125.000 1195.312
-101.562 1093.750 -39.062 257.812 -164.062 1250.000 218.750 226.562 1460.938 578.125 -414.062 1179.688 539.062 -54.688 1195.312
-242.188 1007.812 -148.438 -15.625 -31.250 1015.625 -156.250 226.562 890.625 296.875 -414.062 945.312 375.000 -23.438 1085.938
-125.000 835.938 -78.125 -304.688 179.688 648.438 -437.500 257.812 312.500 -85.938 -218.750 671.875 109.375 70.312 820.312
-164.062 695.312 -164.062 -515.625 195.312 148.438 -703.125 164.062 -31.250 -296.875 -85.938 484.375 -62.500 164.062 578.125
-171.875 625.000 -359.375 -765.625 62.500 -78.125 -843.750 179.688 -93.750 -343.750 -39.062 320.312 -210.938 101.562 437.500
-414.062 1023.438 -546.875 -1031.250 492.188 523.438 -656.250 351.562 632.812 -335.938 -140.625 820.312 -179.688 -179.688 875.000
-414.062 1023.438 -546.875 -1031.250 492.188 523.438 -656.250 351.562 632.812 -335.938 -140.625 820.312 -179.688 -179.688 875.000
-414.062 1023.438 -546.875 -1031.250 492.188 523.438 -656.250 351.562 632.812 -335.938 -140.625 820.312 -179.688 -179.688 875.000
-101.562 1054.688 -312.500 -414.062 242.188 984.375 -523.438 507.812 742.188 -375.000 -101.562 773.438 -335.938 7.812 726.562
-93.750 882.812 -320.312 -515.625 226.562 867.188 -578.125 453.125 632.812 -445.312 -70.312 671.875 -414.062 -15.625 593.750
-179.688 992.188 -335.938 -523.438 335.938 648.438 -554.688 507.812 656.250 -492.188 -54.688 718.750 -406.250 -46.875 656.250
-78.125 835.938 -265.625 -453.125 164.062 796.875 -507.812 460.938 648.438 -414.062 -62.500 804.688 -335.938 62.500 820.312
-101.562 859.375 -281.250 -445.312 164.062 859.375 -507.812 437.500 718.750 -390.625 -156.250 835.938 -289.062 70.312 890.625
-101.562 953.125 -250.000 -601.562 156.250 687.500 -632.812 281.250 640.625 -382.812 -242.188 867.188 -296.875 -78.125 937.500
-101.562 953.125 -250.000 -601.562 156.250 687.500 -632.812 281.250 640.625 -382.812 -242.188 867.188 -296.875 -78.125 937.500
-85.938 937.500 -234.375 -632.812 117.188 640.625 -664.062 250.000 609.375 -398.438 -273.438 835.938 -289.062 -93.750 929.688
-132.812 898.438 -273.438 -578.125 85.938 718.750 -656.250 273.438 601.562 -390.625 -312.500 796.875 -265.625 -78.125 945.312
-171.875 875.000 -304.688 -578.125 117.188 718.750 -656.250 281.250 601.562 -406.250 -312.500 820.312 -265.625 -85.938 968.750
-117.188 875.000 -273.438 -515.625 148.438 812.500 -570.312 335.938 703.125 -343.750 -281.250 875.000 -265.625 -54.688 945.312
-117.188 992.188 -234.375 -515.625 156.250 875.000 -585.938 335.938 781.250 -304.688 -296.875 937.500 -226.562 -85.938 1015.625
-62.500 1031.250 -257.812 -359.375 195.312 1125.000 -492.188 453.125 875.000 -320.312 -320.312 898.438 -250.000 -132.812 968.750
-140.625 1101.562 -289.062 -531.250 117.188 1023.438 -609.375 359.375 835.938 -312.500 -281.250 929.688 -250.000 -70.312 976.562
-148.438 1140.625 -257.812 -617.188 140.625 898.438 -617.188 343.750 781.250 -343.750 -273.438 921.875 -234.375 -85.938 1000.000
-39.062 1062.500 -117.188 -562.500 140.625 875.000 -632.812 328.125 687.500 -367.188 -234.375 875.000 -234.375 -15.625 976.562
-39.062 1062.500 -117.188 -562.500 140.625 875.000 -632.812 328.125 687.500 -367.188 -234.375 875.000 -234.375 -15.625 976.562
-85.938 1070.312 -164.062 -343.750 31.250 1179.688 -765.625 265.625 492.188 -421.875 -210.938 687.500 -226.562 -7.812 875.000
-93.750 1093.750 -296.875 -281.250 -179.688 1375.000 -828.125 187.500 93.750 -484.375 -164.062 273.438 -156.250 31.250 679.688
101.562 1132.812 -31.250 -507.812 101.562 890.625 -242.188 195.312 0.000 -85.938 -31.250 70.312 -62.500 7.812 609.375
-132.812 734.375 -242.188 -835.938 343.750 265.625 359.375 257.812 929.688 398.438 164.062 773.438 -78.125 -429.688 593.750
-218.750 804.688 -343.750 -656.250 -195.312 617.188 203.125 -882.812 1515.625 929.688 179.688 1429.688 132.812 710.938 500.000
-179.688 781.250 -257.812 -554.688 -109.375 656.250 203.125 -617.188 1390.625 718.750 -140.625 1585.938 375.000 625.000 757.812
-195.312 804.688 -304.688 -679.688 15.625 632.812 39.062 -515.625 1132.812 695.312 -453.125 1226.562 718.750 -101.562 1515.625
-195.312 804.688 -304.688 -679.688 15.625 632.812 39.062 -515.625 1132.812 695.312 -453.125 1226.562 718.750 -101.562 1515.625
-250.000 867.188 -375.000 -656.250 -31.250 726.562 -109.375 -375.000 1015.625 593.750 -429.688 1101.562 632.812 171.875 1484.375
-156.250 945.312 -242.188 -703.125 -23.438 664.062 -62.500 -367.188 1023.438 468.750 -320.312 945.312 367.188 -7.812 1000.000
46.875 914.062 62.500 -578.125 -156.250 804.688 -156.250 -429.688 750.000 320.312 -617.188 757.812 351.562 -304.688 1039.062
-164.062 1093.750 -93.750 -632.812 -93.750 960.938 85.938 -468.750 1101.562 554.688 -445.312 898.438 382.812 -195.312 937.500
-218.750 1125.000 -164.062 -656.250 -15.625 929.688 62.500 -359.375 1093.750 523.438 -359.375 906.250 453.125 -109.375 960.938
-265.625 898.438 -335.938 -632.812 -140.625 875.000 93.750 -507.812 1117.188 617.188 -429.688 1007.812 492.188 -117.188 1015.625
-265.625 898.438 -335.938 -632.812 -140.625 875.000 93.750 -507.812 1117.188 617.188 -429.688 1007.812 492.188 -117.188 1015.625
-359.375 828.125 -554.688 -656.250 -125.000 765.625 23.438 -570.312 1007.812 570.312 -445.312 929.688 500.000 -101.562 984.375
-359.375 828.125 -554.688 -656.250 -125.000 765.625 23.438 -570.312 1007.812 570.312 -445.312 929.688 500.000 -101.562 984.375
-500.000 812.500 -718.750 -570.312 -187.500 867.188 234.375 -718.750 1257.812 695.312 -476.562 1093.750 460.938 -179.688 1007.812
-484.375 812.500 -710.938 -523.438 -195.312 914.062 296.875 -546.875 1390.625 757.812 -390.625 1171.875 492.188 -132.812 1031.250
-367.188 867.188 -562.500 -554.688 -54.688 875.000 250.000 -289.062 1437.500 750.000 -171.875 1210.938 609.375 -7.812 1125.000
-250.000 929.688 -554.688 -1101.562 -62.500 437.500 -257.812 -15.625 945.312 257.812 -328.125 812.500 312.500 -250.000 1023.438
-421.875 1203.125 -593.750 -898.438 414.062 625.000 -437.500 -296.875 671.875 70.312 -640.625 593.750 265.625 -523.438 953.125
-31.250 1406.250 -289.062 -703.125 476.562 664.062 -414.062 -23.438 515.625 54.688 -632.812 609.375 148.438 -484.375 937.500
31.250 1609.375 -226.562 -359.375 304.688 593.750 -468.750 23.438 570.312 -109.375 -476.562 601.562 101.562 -359.375 851.562
125.000 1234.375 -78.125 -164.062 -273.438 890.625 -265.625 156.250 828.125 -78.125 -390.625 687.500 23.438 -46.875 742.188
117.188 820.312 148.438 -39.062 -414.062 1007.812 -476.562 164.062 703.125 -125.000 -421.875 695.312 7.812 54.688 773.438
117.188 820.312 148.438 -39.062 -414.062 1007.812 -476.562 164.062 703.125 -125.000 -421.875 695.312 7.812 54.688 773.438
585.938 -632.812 164.062 -1773.438 -1203.125 171.875 -757.812 1093.750 304.688 -476.562 664.062 656.250 -117.188 304.688 593.750
-1265.625 1023.438 -1085.938 -804.688 -343.750 304.688 -867.188 -54.688 421.875 -437.500 -460.938 656.250 -312.500 734.375 414.062
-85.938 289.062 -257.812 -468.750 359.375 781.250 -453.125 343.750 726.562 -257.812 -164.062 734.375 -101.562 -171.875 828.125
-335.938 843.750 -70.312 -375.000 273.438 843.750 -398.438 289.062 742.188 -179.688 -359.375 710.938 -101.562 -140.625 781.250
-234.375 828.125 15.625 -445.312 195.312 765.625 -429.688 179.688 750.000 -171.875 -421.875 703.125 -70.312 -132.812 828.125
-273.438 835.938 -31.250 -273.438 23.438 890.625 -320.312 70.312 875.000 -54.688 -593.750 796.875 23.438 -125.000 984.375
-304.688 765.625 -39.062 -265.625 7.812 945.312 -265.625 15.625 976.562 54.688 -632.812 906.250 125.000 -125.000 1101.562
-359.375 898.438 -109.375 -632.812 320.312 789.062 -453.125 257.812 914.062 15.625 -343.750 984.375 125.000 -15.625 1015.625
-359.375 898.438 -109.375 -632.812 320.312 789.062 -453.125 257.812 914.062 15.625 -343.750 984.375 125.000 -15.625 1015.625
-359.375 898.438 -109.375 -632.812 320.312 789.062 -453.125 257.812 914.062 15.625 -343.750 984.375 125.000 -15.625 1015.625
-421.875 757.812 -226.562 -562.500 242.188 750.000 -539.062 421.875 718.750 -218.750 -265.625 859.375 -78.125 85.938 859.375
-421.875 757.812 -226.562 -562.500 242.188 750.000 -539.062 421.875 718.750 -218.750 -265.625 859.375 -78.125 85.938 859.375
-750.000 765.625 -671.875 -304.688 -281.250 726.562 -406.250 -70.312 828.125 -132.812 -578.125 718.750 -132.812 -406.250 867.188
-593.750 992.188 -593.750 -54.688 -148.438 1109.375 -265.625 78.125 875.000 -132.812 -460.938 554.688 -164.062 -562.500 765.625
-500.000 1085.938 -359.375 -296.875 -773.438 273.438 -187.500 156.250 695.312 -85.938 -250.000 617.188 -117.188 -359.375 632.812
-398.438 898.438 -343.750 -328.125 78.125 796.875 -257.812 210.938 937.500 93.750 -453.125 921.875 226.562 -101.562 1109.375
-515.625 742.188 -414.062 -179.688 -78.125 703.125 -296.875 54.688 812.500 109.375 -460.938 898.438 265.625 -140.625 1125.000
-515.625 742.188 -414.062 -179.688 -78.125 703.125 -296.875 54.688 812.500 109.375 -460.938 898.438 265.625 -140.625 1125.000
-585.938 750.000 -492.188 0.000 -265.625 781.250 -148.438 85.938 890.625 140.625 -390.625 835.938 187.500 -156.250 992.188
-468.750 898.438 -218.750 156.250 85.938 1210.938 210.938 562.500 1289.062 273.438 -210.938 1132.812 62.500 -132.812 929.688
-453.125 1195.312 -203.125 390.625 117.188 906.250 -757.812 140.625 1000.000 210.938 -242.188 1046.875 109.375 31.250 992.188
-15.625 429.688 -7.812 328.125 632.812 1398.438 156.250 609.375 1226.562 164.062 -93.750 1015.625 31.250 -148.438 867.188
101.562 570.312 125.000 304.688 585.938 1359.375 7.812 468.750 1195.312 210.938 -210.938 1093.750 0.000 -7.812 867.188
-437.500 578.125 39.062 -54.688 414.062 1023.438 -117.188 273.438 1062.500 250.000 -312.500 1093.750 210.938 0.000 1039.062
-351.562 656.250 23.438 132.812 398.438 1140.625 -62.500 296.875 1125.000 257.812 -359.375 1132.812 250.000 -15.625 1117.188
-351.562 656.250 23.438 132.812 398.438 1140.625 -62.500 296.875 1125.000 257.812 -359.375 1132.812 250.000 -15.625 1117.188
-390.625 492.188 -187.500 304.688 429.688 1210.938 78.125 414.062 1171.875 226.562 -390.625 1039.062 218.750 54.688 1125.000
-312.500 539.062 -93.750 -156.250 -23.438 421.875 -234.375 359.375 664.062 140.625 -70.312 945.312 203.125 93.750 1039.062
-601.562 992.188 -351.562 -570.312 -171.875 70.312 -773.438 -78.125 109.375 -179.688 -429.688 656.250 117.188 -148.438 1093.750
-414.062 1148.438 -93.750 -242.188 -31.250 921.875 -328.125 85.938 835.938 -109.375 -609.375 640.625 7.812 -531.250 890.625
-203.125 1789.062 23.438 -500.000 164.062 937.500 -531.250 203.125 882.812 -125.000 -328.125 820.312 -234.375 -296.875 632.812
-890.625 992.188 -296.875 -554.688 -7.812 851.562 -531.250 140.625 843.750 -296.875 -445.312 718.750 -226.562 -359.375 781.250
-890.625 992.188 -296.875 -554.688 -7.812 851.562 -531.250 140.625 843.750 -296.875 -445.312 718.750 -226.562 -359.375 781.250
-890.625 992.188 -296.875 -554.688 -7.812 851.562 -531.250 140.625 843.750 -296.875 -445.312 718.750 -226.562 -359.375 781.250
-343.750 78.125 85.938 -664.062 78.125 812.500 -656.250 203.125 781.250 -250.000 -492.188 914.062 -15.625 -234.375 1132.812
-343.750 78.125 85.938 -664.062 78.125 812.500 -656.250 203.125 781.250 -250.000 -492.188 914.062 -15.625 -234.375 1132.812
-359.375 781.250 164.062 -796.875 85.938 617.188 -742.188 171.875 625.000 -343.750 -453.125 789.062 -101.562 -187.500 1023.438
-289.062 914.062 289.062 -781.250 187.500 679.688 -773.438 296.875 570.312 -507.812 -320.312 726.562 -296.875 -226.562 835.938
31.250 1015.625 406.250 -640.625 171.875 859.375 -664.062 289.062 671.875 -468.750 -390.625 679.688 -398.438 -242.188 742.188
-218.750 1031.250 289.062 -554.688 187.500 921.875 -546.875 359.375 843.750 -453.125 -250.000 804.688 -351.562 -195.312 781.250
-320.312 1023.438 234.375 -531.250 164.062 921.875 -539.062 343.750 851.562 -460.938 -250.000 804.688 -375.000 -210.938 789.062
-343.750 875.000 164.062 -593.750 78.125 765.625 -625.000 203.125 726.562 -453.125 -367.188 789.062 -382.812 -242.188 851.562
-343.750 875.000 164.062 -593.750 78.125 765.625 -625.000 203.125 726.562 -453.125 -367.188 789.062 -382.812 -242.188 851.562
-351.562 867.188 156.250 -593.750 46.875 757.812 -601.562 210.938 734.375 -445.312 -351.562 781.250 -359.375 -242.188 859.375
-390.625 898.438 164.062 -656.250 85.938 695.312 -648.438 218.750 679.688 -437.500 -320.312 773.438 -367.188 -210.938 828.125
-460.938 929.688 117.188 -679.688 70.312 648.438 -664.062 203.125 617.188 -453.125 -343.750 742.188 -335.938 -218.750 828.125
-398.438 734.375 140.625 -593.750 85.938 687.500 -617.188 218.750 656.250 -398.438 -343.750 765.625 -320.312 -203.125 875.000
-382.812 859.375 140.625 -601.562 85.938 734.375 -609.375 210.938 703.125 -382.812 -343.750 804.688 -312.500 -218.750 898.438
-328.125 843.750 187.500 -546.875 101.562 796.875 -570.312 250.000 734.375 -351.562 -343.750 835.938 -304.688 -210.938 898.438
-343.750 921.875 179.688 -593.750 93.750 796.875 -578.125 250.000 773.438 -367.188 -343.750 859.375 -289.062 -210.938 921.875
-179.688 843.750 289.062 -570.312 156.250 875.000 -562.500 312.500 781.250 -382.812 -304.688 851.562 -320.312 -179.688 890.625
-109.375 914.062 343.750 -609.375 171.875 843.750 -593.750 320.312 765.625 -382.812 -273.438 875.000 -296.875 -156.250 906.250
-109.375 914.062 343.750 -609.375 171.875 843.750 -593.750 320.312 765.625 -382.812 -273.438 875.000 -296.875 -156.250 906.250
-140.625 914.062 328.125 -609.375 171.875 828.125 -593.750 335.938 773.438 -382.812 -257.812 882.812 -281.250 -132.812 921.875
-257.812 921.875 242.188 -640.625 93.750 742.188 -609.375 296.875 726.562 -390.625 -273.438 867.188 -289.062 -148.438 906.250
-375.000 992.188 78.125 -679.688 31.250 656.250 -656.250 179.688 648.438 -437.500 -343.750 757.812 -328.125 -218.750 859.375
-453.125 921.875 54.688 -679.688 -54.688 523.438 -734.375 101.562 531.250 -500.000 -367.188 632.812 -359.375 -257.812 781.250
-304.688 789.062 85.938 -695.312 -54.688 437.500 -664.062 78.125 421.875 -507.812 -328.125 546.875 -351.562 -226.562 718.750
-406.250 867.188 -7.812 -679.688 -39.062 421.875 -617.188 117.188 429.688 -460.938 -265.625 554.688 -320.312 -148.438 703.125
-523.438 789.062 -31.250 -539.062 -7.812 539.062 -523.438 148.438 539.062 -351.562 -257.812 601.562 -257.812 -140.625 703.125
-406.250 718.750 -54.688 -437.500 23.438 664.062 -429.688 148.438 640.625 -250.000 -289.062 664.062 -203.125 -171.875 765.625
-406.250 718.750 -54.688 -437.500 23.438 664.062 -429.688 148.438 640.625 -250.000 -289.062 664.062 -203.125 -171.875 765.625
-484.375 789.062 -39.062 -351.562 23.438 757.812 -375.000 156.250 718.750 -171.875 -320.312 718.750 -148.438 -203.125 828.125
-390.625 875.000 70.312 -273.438 62.500 835.938 -296.875 140.625 812.500 -39.062 -328.125 781.250 -78.125 -164.062 843.750
-390.625 875.000 70.312 -273.438 62.500 835.938 -296.875 140.625 812.500 -39.062 -328.125 781.250 -78.125 -164.062 843.750
-296.875 906.250 203.125 -195.312 23.438 859.375 -257.812 117.188 867.188 7.812 -328.125 828.125 -62.500 -187.500 843.750
-164.062 851.562 257.812 -125.000 -23.438 898.438 -203.125 46.875 906.250 70.312 -390.625 851.562 31.250 -226.562 890.625
-265.625 835.938 171.875 -54.688 -85.938 937.500 -156.250 0.000 968.750 148.438 -445.312 859.375 70.312 -281.250 929.688
-382.812 828.125 101.562 54.688 -156.250 1015.625 -23.438 -62.500 1070.312 289.062 -484.375 898.438 226.562 -289.062 1007.812
-398.438 828.125 109.375 78.125 -164.062 1031.250 -7.812 -46.875 1101.562 320.312 -476.562 929.688 273.438 -257.812 1023.438
-398.438 828.125 109.375 78.125 -164.062 1031.250 -7.812 -46.875 1101.562 320.312 -476.562 929.688 273.438 -257.812 1023.438
-343.750 843.750 125.000 132.812 -109.375 1054.688 31.250 -7.812 1125.000 382.812 -437.500 976.562 328.125 -187.500 1062.500
