-531.250 820.312 -460.938 -46.875 101.562 929.688 39.062 39.062 937.500 296.875 -328.125 789.062 203.125 -187.500 906.250
-531.250 703.125 -500.000 0.000 46.875 945.312 54.688 7.812 937.500 296.875 -343.750 773.438 187.500 -195.312 882.812
-507.812 710.938 -476.562 15.625 85.938 1000.000 62.500 31.250 953.125 289.062 -351.562 773.438 187.500 -218.750 875.000
-484.375 648.438 -476.562 39.062 93.750 1023.438 93.750 39.062 992.188 312.500 -335.938 796.875 179.688 -179.688 859.375
-523.438 632.812 -468.750 39.062 78.125 1023.438 85.938 31.250 1007.812 328.125 -351.562 804.688 187.500 -210.938 882.812
-507.812 781.250 -484.375 23.438 210.938 914.062 234.375 -125.000 1015.625 460.938 -414.062 820.312 257.812 -242.188 890.625
-531.250 812.500 -484.375 -15.625 -23.438 929.688 273.438 -125.000 1117.188 445.312 -429.688 812.500 289.062 -234.375 906.250
-500.000 734.375 -460.938 7.812 -78.125 1046.875 195.312 70.312 1250.000 335.938 -375.000 859.375 257.812 -218.750 968.750
-468.750 593.750 -484.375 125.000 195.312 875.000 -140.625 -31.250 851.562 304.688 -406.250 812.500 164.062 -273.438 875.000
-523.438 687.500 -609.375 -187.500 140.625 773.438 -257.812 132.812 679.688 117.188 -390.625 625.000 62.500 -218.750 765.625
-578.125 789.062 -632.812 -203.125 140.625 828.125 -351.562 54.688 570.312 -7.812 -343.750 554.688 7.812 -226.562 718.750
-507.812 960.938 -679.688 -70.312 304.688 1007.812 -429.688 171.875 515.625 -210.938 -265.625 390.625 -195.312 -328.125 539.062
-578.125 1500.000 -726.562 148.438 320.312 1234.375 -203.125 359.375 703.125 -429.688 -351.562 203.125 -562.500 -375.000 156.250
-500.000 1539.062 -617.188 70.312 148.438 1375.000 -148.438 335.938 1046.875 -265.625 -328.125 359.375 -656.250 -445.312 -31.250
-414.062 1281.250 -554.688 117.188 296.875 1375.000 -164.062 195.312 1007.812 -132.812 -437.500 445.312 -601.562 -515.625 -23.438
-359.375 929.688 -335.938 -23.438 507.812 1406.250 -250.000 46.875 1007.812 -15.625 -648.438 578.125 -203.125 -656.250 382.812
-390.625 679.688 -226.562 -257.812 62.500 453.125 -226.562 -625.000 742.188 632.812 -1195.312 523.438 554.688 -1109.375 976.562
-445.312 867.188 -195.312 -148.438 -1023.438 406.250 -78.125 -640.625 1109.375 812.500 -1054.688 500.000 882.812 -1078.125 1078.125
-414.062 625.000 -179.688 -101.562 -726.562 421.875 -179.688 -757.812 656.250 914.062 -1289.062 351.562 929.688 -921.875 1031.250
-398.438 429.688 -93.750 -15.625 -1078.125 484.375 -156.250 -828.125 679.688 500.000 -1195.312 125.000 835.938 -851.562 921.875
-328.125 703.125 7.812 -140.625 -1101.562 445.312 -101.562 -960.938 945.312 664.062 -1031.250 351.562 617.188 -851.562 781.250
-406.250 664.062 -31.250 -109.375 -898.438 671.875 -117.188 -765.625 976.562 757.812 -1023.438 484.375 734.375 -664.062 875.000
-414.062 679.688 -62.500 -125.000 -757.812 734.375 -125.000 -664.062 937.500 695.312 -1015.625 476.562 703.125 -617.188 937.500
-500.000 625.000 -148.438 -226.562 -664.062 664.062 -179.688 -546.875 851.562 640.625 -898.438 445.312 687.500 -585.938 898.438
-437.500 718.750 -93.750 -398.438 -546.875 554.688 -210.938 -500.000 867.188 804.688 -898.438 617.188 789.062 -343.750 835.938
-601.562 640.625 -195.312 -375.000 -523.438 585.938 -171.875 -500.000 898.438 851.562 -804.688 601.562 812.500 -335.938 875.000
-593.750 609.375 -242.188 -390.625 -546.875 609.375 -195.312 -554.688 867.188 828.125 -875.000 484.375 804.688 -445.312 906.250
-578.125 593.750 -242.188 -140.625 -640.625 906.250 -187.500 -640.625 906.250 710.938 -1125.000 312.500 835.938 -679.688 1046.875
-546.875 656.250 -164.062 7.812 -734.375 1070.312 -93.750 -718.750 1164.062 835.938 -1132.812 445.312 968.750 -648.438 1171.875
-656.250 515.625 -210.938 0.000 -765.625 1062.500 -15.625 -750.000 1343.750 914.062 -1179.688 617.188 1164.062 -781.250 1453.125
-773.438 429.688 -312.500 -140.625 -921.875 968.750 7.812 -757.812 1382.812 945.312 -1195.312 679.688 1187.500 -890.625 1382.812
-851.562 -242.188 -7.812 804.688 -1906.250 2164.062 968.750 -562.500 2226.562 789.062 -1179.688 1062.500 757.812 -242.188 1296.875
-23.438 -171.875 195.312 882.812 -726.562 945.312 609.375 -765.625 875.000 679.688 -734.375 632.812 1312.500 -820.312 1242.188
164.062 1671.875 -398.438 -2812.500 140.625 -2000.000 -1265.625 -2257.812 -1281.250 1296.875 -1492.188 335.938 1554.688 -1109.375 1156.250
-234.375 2320.312 -789.062 -3296.875 -953.125 -2000.000 -1398.438 -2054.688 -1210.938 445.312 -1445.312 -281.250 1187.500 -851.562 835.938
-31.250 -70.312 -343.750 93.750 281.250 750.000 -734.375 250.000 -218.750 -820.312 -1406.250 -843.750 -46.875 -1578.125 85.938
-265.625 718.750 -500.000 -367.188 617.188 929.688 -648.438 476.562 226.562 -757.812 -429.688 -375.000 -429.688 -1781.250 -234.375
-429.688 2148.438 -882.812 -617.188 867.188 578.125 -585.938 750.000 296.875 -703.125 109.375 -39.062 -976.562 -460.938 -703.125
-289.062 2406.250 -765.625 -617.188 664.062 625.000 -656.250 781.250 406.250 -734.375 320.312 78.125 -1078.125 7.812 -742.188
-70.312 2085.938 -312.500 1281.250 578.125 429.688 -554.688 953.125 742.188 -687.500 195.312 429.688 -710.938 -265.625 -46.875
-250.000 1156.250 -195.312 406.250 414.062 1906.250 -500.000 609.375 796.875 125.000 -523.438 750.000 -234.375 -281.250 554.688
-328.125 531.250 -46.875 140.625 39.062 1140.625 -593.750 -31.250 835.938 0.000 -812.500 765.625 234.375 -359.375 1078.125
-367.188 296.875 -62.500 -78.125 -265.625 773.438 -734.375 -281.250 664.062 0.000 -929.688 757.812 421.875 -515.625 1320.312
-453.125 -242.188 -125.000 -31.250 -296.875 734.375 -601.562 -382.812 703.125 -31.250 -882.812 718.750 429.688 -335.938 1312.500
-437.500 -31.250 -250.000 -109.375 -265.625 593.750 -562.500 -7.812 757.812 -23.438 -695.312 742.188 234.375 -484.375 1046.875
-375.000 617.188 -312.500 406.250 187.500 1234.375 -406.250 578.125 867.188 0.000 -492.188 695.312 62.500 -320.312 773.438
-281.250 1023.438 -304.688 62.500 257.812 976.562 -453.125 453.125 835.938 -132.812 -304.688 703.125 -39.062 -187.500 664.062
-179.688 851.562 -257.812 -250.000 156.250 882.812 -671.875 414.062 226.562 -531.250 -203.125 453.125 -250.000 -70.312 531.250
-179.688 578.125 -343.750 -281.250 179.688 851.562 -687.500 500.000 101.562 -531.250 -31.250 398.438 -328.125 -23.438 421.875
-187.500 507.812 -468.750 -320.312 1906.250 1429.688 -726.562 843.750 195.312 -328.125 109.375 656.250 -171.875 39.062 578.125
-367.188 312.500 -484.375 351.562 1351.562 1546.875 -398.438 1445.312 1195.312 -78.125 -7.812 515.625 78.125 -242.188 710.938
-460.938 2007.812 -1171.875 218.750 -46.875 421.875 -609.375 -304.688 1125.000 859.375 -687.500 1132.812 195.312 -351.562 804.688
-906.250 2765.625 -1257.812 -85.938 -757.812 734.375 -742.188 -789.062 1093.750 515.625 -1335.938 953.125 328.125 -445.312 1164.062
-281.250 460.938 -648.438 -117.188 -531.250 781.250 -679.688 -492.188 718.750 39.062 -1179.688 531.250 546.875 -750.000 1445.312
23.438 500.000 -187.500 -117.188 -218.750 859.375 -531.250 -304.688 1015.625 453.125 -773.438 984.375 453.125 -406.250 1289.062
-164.062 968.750 -242.188 -132.812 148.438 984.375 -460.938 -70.312 1203.125 750.000 -640.625 1375.000 625.000 132.812 1328.125
-585.938 773.438 -679.688 -171.875 132.812 875.000 -492.188 -93.750 1140.625 726.562 -585.938 1320.312 648.438 171.875 1335.938
-750.000 601.562 -773.438 62.500 140.625 1132.812 -367.188 -62.500 1304.688 539.062 -773.438 1242.188 515.625 -93.750 1468.750
-398.438 1085.938 -539.062 -31.250 570.312 1585.938 -468.750 609.375 1250.000 328.125 -570.312 1085.938 281.250 -304.688 1125.000
-218.750 1289.062 -546.875 -78.125 632.812 1546.875 -453.125 781.250 1148.438 210.938 -406.250 968.750 140.625 -148.438 1000.000
-281.250 1585.938 -671.875 -62.500 757.812 1570.312 -585.938 1046.875 921.875 -70.312 -382.812 781.250 -78.125 -62.500 796.875
-351.562 1593.750 -632.812 93.750 1914.062 2585.938 -328.125 2062.500 1101.562 -320.312 -15.625 578.125 -70.312 -234.375 554.688
-187.500 1234.375 -640.625 3500.000 -23.438 1132.812 -2031.250 -726.562 304.688 -296.875 351.562 906.250 -375.000 171.875 406.250
-398.438 554.688 -1007.812 0.000 7.812 54.688 -1343.750 -312.500 164.062 218.750 -492.188 765.625 -140.625 78.125 609.375
-703.125 968.750 -1312.500 -2984.375 -1773.438 -1929.688 -304.688 -1570.312 890.625 23.438 -1000.000 1031.250 -23.438 -507.812 1218.750
109.375 -85.938 -23.438 -867.188 -375.000 -250.000 -781.250 -929.688 710.938 421.875 -945.312 1289.062 562.500 -593.750 1687.500
-203.125 390.625 -7.812 -585.938 -62.500 484.375 -531.250 -46.875 609.375 -117.188 -54.688 953.125 234.375 617.188 1093.750
-203.125 671.875 -179.688 -914.062 164.062 203.125 -710.938 -85.938 429.688 -164.062 -148.438 781.250 195.312 164.062 1039.062
-226.562 742.188 -234.375 -585.938 210.938 656.250 -562.500 187.500 585.938 -304.688 -390.625 648.438 -85.938 -304.688 859.375
-492.188 914.062 -406.250 -453.125 46.875 828.125 -593.750 242.188 562.500 -117.188 -468.750 593.750 -304.688 -101.562 546.875
-398.438 875.000 -367.188 -531.250 31.250 757.812 -601.562 125.000 671.875 -414.062 -257.812 585.938 -281.250 -226.562 625.000
-359.375 929.688 -351.562 -500.000 46.875 773.438 -554.688 312.500 570.312 -281.250 -296.875 546.875 -226.562 -257.812 671.875
-429.688 812.500 -375.000 -531.250 39.062 726.562 -585.938 195.312 632.812 -179.688 -375.000 632.812 -218.750 -117.188 734.375
-421.875 742.188 -335.938 -476.562 39.062 773.438 -539.062 164.062 703.125 -257.812 -289.062 773.438 -132.812 -125.000 851.562
-406.250 757.812 -335.938 -492.188 39.062 781.250 -562.500 148.438 687.500 -250.000 -304.688 750.000 -164.062 -140.625 843.750
-406.250 710.938 -351.562 -507.812 7.812 765.625 -585.938 125.000 703.125 -289.062 -320.312 734.375 -164.062 -140.625 820.312
-414.062 585.938 -312.500 -484.375 7.812 796.875 -562.500 156.250 695.312 -304.688 -304.688 726.562 -203.125 -156.250 781.250
-304.688 734.375 -218.750 -531.250 7.812 734.375 -601.562 109.375 656.250 -296.875 -296.875 742.188 -187.500 -148.438 820.312
-304.688 718.750 -210.938 -507.812 -23.438 734.375 -593.750 101.562 679.688 -304.688 -312.500 742.188 -164.062 -132.812 843.750
-343.750 671.875 -234.375 -507.812 -39.062 742.188 -585.938 93.750 695.312 -289.062 -328.125 757.812 -164.062 -140.625 843.750
-476.562 640.625 -343.750 -476.562 -101.562 742.188 -585.938 39.062 687.500 -265.625 -375.000 757.812 -179.688 -210.938 851.562
-492.188 718.750 -437.500 -460.938 -156.250 703.125 -570.312 -31.250 710.938 -210.938 -437.500 812.500 -140.625 -218.750 921.875
-484.375 695.312 -382.812 -460.938 -148.438 742.188 -562.500 -39.062 757.812 -179.688 -437.500 867.188 -93.750 -218.750 984.375
-460.938 687.500 -359.375 -468.750 -156.250 765.625 -554.688 -62.500 773.438 -164.062 -445.312 867.188 -78.125 -179.688 984.375
-445.312 734.375 -367.188 -351.562 23.438 875.000 -609.375 -15.625 742.188 -109.375 -492.188 828.125 -62.500 -195.312 968.750
-468.750 781.250 -406.250 -406.250 -117.188 851.562 -500.000 -7.812 812.500 -171.875 -445.312 851.562 -70.312 -226.562 976.562
-492.188 820.312 -421.875 -375.000 -7.812 882.812 -492.188 15.625 835.938 -164.062 -421.875 867.188 -70.312 -195.312 976.562
-468.750 820.312 -429.688 -328.125 15.625 937.500 -476.562 70.312 875.000 -156.250 -421.875 882.812 -54.688 -187.500 984.375
-453.125 867.188 -406.250 -179.688 125.000 1070.312 -445.312 125.000 953.125 -117.188 -421.875 921.875 -54.688 -210.938 992.188
-476.562 898.438 -445.312 -203.125 101.562 1054.688 -406.250 109.375 960.938 -109.375 -421.875 921.875 -70.312 -234.375 968.750
-468.750 929.688 -453.125 -234.375 78.125 1023.438 -390.625 70.312 968.750 -125.000 -406.250 906.250 -85.938 -218.750 953.125
-460.938 945.312 -460.938 -250.000 70.312 1000.000 -382.812 85.938 945.312 -125.000 -406.250 890.625 -109.375 -210.938 937.500
-429.688 937.500 -429.688 -257.812 101.562 960.938 -390.625 109.375 921.875 -148.438 -367.188 859.375 -117.188 -195.312 906.250
