-406.250 890.625 -304.688 195.312 -156.250 992.188 179.688 -15.625 1000.000 546.875 -609.375 593.750 500.000 -328.125 812.500
-359.375 945.312 -273.438 187.500 -171.875 960.938 140.625 -23.438 984.375 492.188 -617.188 585.938 468.750 -343.750 773.438
-351.562 929.688 -265.625 187.500 -171.875 960.938 140.625 -23.438 976.562 476.562 -601.562 562.500 453.125 -343.750 773.438
-367.188 914.062 -265.625 179.688 -164.062 937.500 125.000 -31.250 968.750 468.750 -609.375 570.312 460.938 -335.938 773.438
-351.562 859.375 -242.188 164.062 -179.688 921.875 117.188 -31.250 960.938 476.562 -609.375 578.125 476.562 -335.938 781.250
-382.812 804.688 -250.000 148.438 -187.500 906.250 117.188 -39.062 960.938 468.750 -609.375 562.500 484.375 -343.750 789.062
-382.812 781.250 -257.812 164.062 -187.500 914.062 117.188 -23.438 968.750 468.750 -609.375 585.938 484.375 -335.938 796.875
-390.625 796.875 -250.000 203.125 -156.250 976.562 148.438 15.625 984.375 476.562 -609.375 585.938 484.375 -320.312 789.062
-367.188 843.750 -250.000 226.562 -148.438 1039.062 171.875 39.062 1023.438 460.938 -601.562 593.750 453.125 -328.125 789.062
-398.438 914.062 -273.438 210.938 -148.438 984.375 164.062 7.812 1015.625 476.562 -593.750 593.750 453.125 -335.938 789.062
-398.438 937.500 -281.250 187.500 -148.438 968.750 156.250 -15.625 1007.812 468.750 -625.000 625.000 445.312 -351.562 796.875
-367.188 937.500 -289.062 171.875 -179.688 921.875 132.812 -31.250 976.562 492.188 -617.188 625.000 445.312 -351.562 796.875
-375.000 906.250 -281.250 140.625 -195.312 914.062 93.750 -23.438 937.500 437.500 -617.188 570.312 460.938 -335.938 781.250
-359.375 890.625 -273.438 125.000 -171.875 914.062 93.750 -23.438 953.125 437.500 -617.188 570.312 460.938 -343.750 773.438
-375.000 875.000 -265.625 125.000 -171.875 898.438 93.750 -7.812 945.312 453.125 -601.562 593.750 468.750 -343.750 773.438
-375.000 843.750 -281.250 125.000 -156.250 914.062 93.750 15.625 960.938 453.125 -585.938 609.375 484.375 -312.500 796.875
-375.000 835.938 -289.062 148.438 -148.438 937.500 125.000 31.250 968.750 468.750 -593.750 617.188 468.750 -312.500 796.875
-375.000 843.750 -289.062 148.438 -140.625 953.125 125.000 46.875 953.125 453.125 -578.125 609.375 437.500 -304.688 789.062
-359.375 875.000 -289.062 156.250 -140.625 953.125 132.812 39.062 960.938 421.875 -585.938 593.750 414.062 -312.500 789.062
-343.750 914.062 -265.625 195.312 -148.438 976.562 132.812 39.062 960.938 421.875 -593.750 585.938 414.062 -320.312 773.438
-335.938 906.250 -273.438 179.688 -148.438 953.125 132.812 7.812 968.750 421.875 -609.375 578.125 406.250 -335.938 773.438
-320.312 914.062 -273.438 156.250 -179.688 937.500 125.000 -7.812 968.750 421.875 -593.750 585.938 414.062 -351.562 781.250
-335.938 906.250 -281.250 156.250 -171.875 929.688 117.188 -7.812 976.562 476.562 -632.812 625.000 437.500 -359.375 789.062
-367.188 867.188 -265.625 156.250 -156.250 945.312 109.375 7.812 1007.812 476.562 -609.375 640.625 484.375 -328.125 843.750
-359.375 882.812 -265.625 148.438 -117.188 945.312 101.562 15.625 984.375 492.188 -625.000 640.625 453.125 -343.750 820.312
-445.312 921.875 -320.312 156.250 -171.875 929.688 125.000 -46.875 976.562 453.125 -601.562 640.625 437.500 -351.562 796.875
-421.875 929.688 -312.500 203.125 -226.562 945.312 148.438 -31.250 1000.000 398.438 -664.062 546.875 421.875 -359.375 789.062
-351.562 960.938 -289.062 312.500 -250.000 1140.625 148.438 62.500 1140.625 398.438 -656.250 648.438 390.625 -406.250 789.062
-359.375 1015.625 -257.812 304.688 -195.312 1171.875 281.250 46.875 1203.125 414.062 -671.875 578.125 390.625 -414.062 804.688
-273.438 1054.688 -195.312 398.438 -218.750 1312.500 460.938 7.812 1468.750 500.000 -656.250 679.688 421.875 -429.688 867.188
-296.875 1054.688 -117.188 437.500 -164.062 1523.438 335.938 218.750 1343.750 679.688 -796.875 914.062 492.188 -187.500 1070.312
-289.062 1046.875 -101.562 367.188 -62.500 1421.875 421.875 250.000 1187.500 687.500 -648.438 960.938 468.750 -148.438 1078.125
-351.562 1015.625 -140.625 179.688 125.000 1179.688 -39.062 101.562 992.188 671.875 -625.000 976.562 523.438 -218.750 1093.750
-539.062 953.125 -296.875 -15.625 226.562 835.938 -125.000 -85.938 851.562 632.812 -703.125 953.125 593.750 -250.000 1195.312
-351.562 906.250 -304.688 -398.438 93.750 328.125 -203.125 -7.812 703.125 476.562 -718.750 773.438 601.562 -429.688 1062.500
-398.438 1093.750 -343.750 -328.125 -351.562 492.188 -171.875 125.000 828.125 414.062 -960.938 289.062 617.188 -539.062 992.188
-335.938 765.625 -234.375 -218.750 -585.938 859.375 101.562 -125.000 1023.438 265.625 -851.562 406.250 437.500 -515.625 843.750
-593.750 531.250 -406.250 -210.938 -578.125 929.688 -335.938 -156.250 835.938 -39.062 -453.125 429.688 164.062 -406.250 609.375
-562.500 789.062 -328.125 -585.938 -375.000 593.750 -507.812 -187.500 656.250 78.125 -734.375 492.188 132.812 -484.375 750.000
-468.750 929.688 -289.062 -726.562 -453.125 593.750 -531.250 -62.500 687.500 -7.812 -593.750 585.938 93.750 -320.312 765.625
-343.750 976.562 -164.062 -609.375 -257.812 671.875 -601.562 78.125 664.062 -62.500 -625.000 578.125 0.000 -343.750 781.250
-328.125 968.750 -132.812 -601.562 -210.938 664.062 -531.250 85.938 687.500 -187.500 -578.125 554.688 -125.000 -367.188 640.625
-273.438 875.000 -39.062 -445.312 -156.250 851.562 -460.938 187.500 773.438 -226.562 -523.438 507.812 -125.000 -328.125 687.500
-210.938 843.750 31.250 -398.438 -164.062 890.625 -476.562 156.250 734.375 -203.125 -515.625 609.375 -117.188 -289.062 742.188
-140.625 921.875 85.938 -515.625 -195.312 718.750 -578.125 54.688 617.188 -195.312 -523.438 632.812 -117.188 -273.438 757.812
-242.188 960.938 0.000 -570.312 -203.125 601.562 -531.250 70.312 664.062 -257.812 -531.250 562.500 -164.062 -296.875 718.750
-226.562 820.312 70.312 -484.375 -187.500 679.688 -468.750 109.375 687.500 -242.188 -546.875 570.312 -117.188 -335.938 757.812
-273.438 867.188 23.438 -468.750 -171.875 726.562 -492.188 156.250 734.375 -218.750 -601.562 500.000 -148.438 -335.938 726.562
-304.688 828.125 0.000 -335.938 -125.000 906.250 -335.938 179.688 875.000 -250.000 -539.062 546.875 -148.438 -351.562 718.750
-289.062 898.438 -7.812 -382.812 -226.562 882.812 -476.562 132.812 796.875 -257.812 -500.000 531.250 -125.000 -312.500 710.938
-437.500 570.312 -93.750 -382.812 -156.250 898.438 -398.438 85.938 843.750 -281.250 -484.375 562.500 -164.062 -429.688 632.812
-468.750 515.625 -140.625 -390.625 -242.188 898.438 -484.375 117.188 890.625 -265.625 -593.750 554.688 -156.250 -468.750 632.812
-578.125 484.375 -210.938 -265.625 -273.438 898.438 -492.188 226.562 742.188 -171.875 -578.125 539.062 -85.938 -406.250 695.312
-671.875 687.500 -273.438 -414.062 -218.750 679.688 -648.438 -62.500 523.438 31.250 -539.062 781.250 31.250 -187.500 867.188
-625.000 648.438 -164.062 -570.312 -171.875 429.688 -679.688 -179.688 585.938 54.688 -500.000 757.812 54.688 -156.250 906.250
-484.375 578.125 -93.750 -617.188 -109.375 382.812 -601.562 -195.312 523.438 54.688 -812.500 789.062 85.938 -93.750 953.125
-429.688 570.312 -78.125 -578.125 -78.125 398.438 -531.250 -226.562 640.625 179.688 -640.625 859.375 273.438 -320.312 1085.938
-367.188 703.125 -132.812 -710.938 70.312 382.812 -679.688 -140.625 640.625 -46.875 -742.188 539.062 140.625 -359.375 945.312
-296.875 851.562 -164.062 -968.750 156.250 335.938 -484.375 -7.812 695.312 -39.062 -726.562 593.750 62.500 -382.812 851.562
-242.188 953.125 -179.688 -953.125 140.625 382.812 -656.250 125.000 773.438 -62.500 -742.188 609.375 93.750 -406.250 867.188
-359.375 1164.062 -289.062 -929.688 -31.250 984.375 -687.500 85.938 781.250 -62.500 -695.312 617.188 101.562 -609.375 929.688
-328.125 1398.438 -359.375 -796.875 250.000 1054.688 -929.688 -171.875 664.062 0.000 -820.312 507.812 132.812 -648.438 867.188
-218.750 1507.812 -289.062 -789.062 -7.812 804.688 -750.000 -62.500 789.062 -39.062 -898.438 445.312 7.812 -570.312 710.938
-156.250 1445.312 -218.750 -781.250 -132.812 750.000 -945.312 -117.188 734.375 -23.438 -875.000 570.312 54.688 -570.312 773.438
-359.375 968.750 -195.312 -515.625 -117.188 968.750 -781.250 -273.438 984.375 0.000 -882.812 570.312 289.062 -500.000 1000.000
-359.375 984.375 -164.062 -609.375 -93.750 976.562 -882.812 -257.812 984.375 304.688 -1109.375 828.125 343.750 -578.125 1085.938
-375.000 1039.062 -171.875 -937.500 101.562 742.188 -796.875 -257.812 1039.062 359.375 -1054.688 859.375 460.938 -718.750 1210.938
-406.250 1203.125 -203.125 -898.438 148.438 726.562 -859.375 -312.500 960.938 328.125 -875.000 882.812 414.062 -671.875 1156.250
-304.688 1304.688 -203.125 -101.562 203.125 1054.688 -898.438 -109.375 476.562 195.312 -843.750 851.562 234.375 -460.938 914.062
-210.938 1195.312 -179.688 -109.375 23.438 984.375 -835.938 -195.312 414.062 -132.812 -796.875 476.562 125.000 -453.125 781.250
-109.375 968.750 -101.562 -234.375 -273.438 664.062 -757.812 -210.938 445.312 -93.750 -757.812 515.625 54.688 -468.750 742.188
-101.562 812.500 -54.688 -70.312 -296.875 773.438 -851.562 -179.688 390.625 -140.625 -718.750 484.375 85.938 -460.938 773.438
-312.500 726.562 -140.625 -132.812 -437.500 914.062 -828.125 -140.625 398.438 -273.438 -695.312 406.250 15.625 -562.500 695.312
-375.000 820.312 -179.688 -171.875 -117.188 882.812 -671.875 195.312 585.938 -203.125 -773.438 453.125 -46.875 -570.312 640.625
-296.875 828.125 -109.375 46.875 -85.938 1226.562 -789.062 -23.438 703.125 -179.688 -742.188 414.062 -7.812 -593.750 718.750
-265.625 828.125 -78.125 46.875 23.438 1203.125 -1062.500 -39.062 757.812 -203.125 -851.562 632.812 70.312 -570.312 820.312
-406.250 867.188 -93.750 -257.812 -23.438 882.812 -789.062 -31.250 429.688 15.625 -812.500 664.062 148.438 -460.938 867.188
-484.375 773.438 -132.812 -304.688 -109.375 765.625 -812.500 -171.875 453.125 -187.500 -656.250 546.875 101.562 -414.062 796.875
-546.875 460.938 -171.875 -335.938 -46.875 828.125 -648.438 101.562 500.000 -156.250 -664.062 554.688 -7.812 -304.688 710.938
-554.688 367.188 -117.188 -250.000 -93.750 945.312 -773.438 140.625 531.250 -179.688 -656.250 617.188 39.062 -421.875 765.625
-335.938 578.125 39.062 -460.938 335.938 1109.375 -742.188 585.938 265.625 -179.688 -562.500 625.000 -7.812 -195.312 773.438
-351.562 507.812 0.000 -484.375 429.688 929.688 -742.188 734.375 351.562 -367.188 -234.375 601.562 -54.688 -109.375 710.938
-429.688 437.500 -93.750 -343.750 593.750 984.375 -757.812 656.250 593.750 -398.438 -218.750 609.375 -148.438 -242.188 570.312
-523.438 687.500 -335.938 -468.750 273.438 875.000 -757.812 734.375 414.062 -234.375 -296.875 609.375 7.812 -398.438 687.500
-851.562 1289.062 -671.875 -234.375 -398.438 632.812 -773.438 -421.875 625.000 203.125 -804.688 664.062 226.562 -601.562 921.875
-828.125 1328.125 -585.938 -187.500 -335.938 742.188 -843.750 -281.250 515.625 -39.062 -765.625 492.188 164.062 -593.750 882.812
-515.625 1062.500 -343.750 -406.250 -179.688 695.312 -851.562 -23.438 460.938 62.500 -898.438 546.875 93.750 -531.250 765.625
-351.562 687.500 -125.000 -476.562 -132.812 718.750 -734.375 -93.750 570.312 -31.250 -648.438 562.500 203.125 -359.375 835.938
-468.750 585.938 -164.062 -335.938 -93.750 914.062 -695.312 -54.688 789.062 78.125 -695.312 687.500 351.562 -367.188 968.750
-539.062 546.875 -187.500 -281.250 -54.688 1031.250 -718.750 -39.062 820.312 195.312 -789.062 757.812 367.188 -390.625 992.188
-585.938 625.000 -273.438 -304.688 -23.438 1046.875 -742.188 7.812 757.812 218.750 -796.875 781.250 335.938 -484.375 960.938
-531.250 960.938 -281.250 -320.312 -23.438 1007.812 -734.375 15.625 757.812 109.375 -742.188 679.688 390.625 -468.750 1007.812
-500.000 968.750 -234.375 -281.250 23.438 1046.875 -710.938 39.062 835.938 140.625 -757.812 718.750 554.688 -390.625 1203.125
-484.375 929.688 -210.938 -273.438 46.875 1070.312 -726.562 62.500 820.312 187.500 -789.062 750.000 562.500 -335.938 1187.500
-453.125 906.250 -242.188 -273.438 15.625 1039.062 -742.188 39.062 718.750 257.812 -734.375 812.500 468.750 -367.188 1125.000
-187.500 1187.500 -203.125 -109.375 -343.750 789.062 156.250 1093.750 773.438 -210.938 -812.500 289.062 54.688 -367.188 898.438
39.062 1562.500 -132.812 -539.062 -390.625 93.750 -960.938 -250.000 140.625 -78.125 -812.500 476.562 398.438 -281.250 1492.188
-70.312 1679.688 -187.500 -531.250 -351.562 179.688 -898.438 -187.500 46.875 234.375 -742.188 554.688 421.875 -445.312 1070.312
-367.188 1257.812 -421.875 -460.938 296.875 437.500 -937.500 -140.625 187.500 203.125 -328.125 593.750 132.812 -195.312 976.562
-421.875 867.188 -320.312 171.875 226.562 632.812 -304.688 -125.000 210.938 54.688 -664.062 476.562 125.000 -62.500 929.688
-406.250 750.000 -226.562 93.750 -171.875 625.000 -218.750 -820.312 601.562 39.062 -296.875 617.188 23.438 -187.500 765.625
-382.812 695.312 -234.375 148.438 -195.312 664.062 281.250 15.625 617.188 -148.438 -429.688 390.625 -46.875 -476.562 742.188
-617.188 539.062 -375.000 304.688 -39.062 898.438 226.562 312.500 929.688 -125.000 -679.688 921.875 132.812 7.812 757.812
-757.812 445.312 -398.438 500.000 210.938 1296.875 750.000 39.062 1601.562 437.500 -265.625 859.375 -531.250 -812.500 304.688
-671.875 359.375 -398.438 820.312 78.125 1484.375 632.812 476.562 1445.312 406.250 -804.688 1109.375 -515.625 -218.750 234.375
-664.062 359.375 -375.000 835.938 0.000 1531.250 507.812 554.688 1382.812 273.438 -437.500 867.188 -414.062 -367.188 492.188
-640.625 656.250 -367.188 718.750 -85.938 1203.125 515.625 187.500 1148.438 281.250 -500.000 898.438 -312.500 -382.812 867.188
-640.625 640.625 -359.375 585.938 -210.938 976.562 320.312 140.625 1132.812 335.938 -476.562 875.000 -320.312 -312.500 835.938
-585.938 570.312 -265.625 585.938 -171.875 953.125 250.000 15.625 1046.875 351.562 -492.188 875.000 -320.312 -414.062 851.562
-531.250 593.750 -234.375 585.938 -234.375 937.500 242.188 109.375 1093.750 265.625 -523.438 812.500 -320.312 -406.250 851.562
-507.812 500.000 -179.688 453.125 -218.750 835.938 195.312 -15.625 1000.000 273.438 -546.875 789.062 -320.312 -468.750 882.812
-382.812 562.500 -93.750 320.312 -265.625 757.812 39.062 -62.500 906.250 218.750 -531.250 804.688 -289.062 -468.750 906.250
-445.312 609.375 -148.438 375.000 -296.875 765.625 101.562 0.000 968.750 203.125 -554.688 796.875 -250.000 -421.875 898.438
-492.188 593.750 -187.500 390.625 -218.750 796.875 171.875 7.812 953.125 226.562 -492.188 804.688 -281.250 -421.875 867.188
-468.750 734.375 -195.312 515.625 -171.875 882.812 187.500 62.500 1031.250 210.938 -460.938 859.375 -273.438 -359.375 835.938
-445.312 851.562 -210.938 609.375 -132.812 906.250 351.562 125.000 1062.500 281.250 -460.938 828.125 -218.750 -320.312 945.312
-523.438 976.562 -265.625 601.562 -78.125 921.875 335.938 179.688 1015.625 359.375 -453.125 890.625 -226.562 -304.688 1000.000
-578.125 1015.625 -312.500 539.062 23.438 890.625 351.562 125.000 1054.688 382.812 -414.062 906.250 -265.625 -257.812 937.500
-578.125 1023.438 -351.562 453.125 46.875 820.312 281.250 234.375 843.750 304.688 -273.438 773.438 -304.688 -234.375 867.188
-531.250 1000.000 -335.938 375.000 54.688 765.625 164.062 218.750 820.312 210.938 -289.062 789.062 -304.688 -250.000 820.312
-421.875 960.938 -273.438 343.750 23.438 781.250 179.688 226.562 890.625 195.312 -289.062 765.625 -296.875 -242.188 835.938
-460.938 796.875 -312.500 406.250 -23.438 851.562 218.750 195.312 960.938 234.375 -296.875 828.125 -296.875 -242.188 867.188
-476.562 757.812 -335.938 414.062 -23.438 875.000 179.688 187.500 960.938 250.000 -335.938 867.188 -289.062 -242.188 882.812
-492.188 726.562 -359.375 437.500 -31.250 890.625 218.750 195.312 960.938 265.625 -335.938 867.188 -296.875 -257.812 921.875
-500.000 710.938 -398.438 437.500 -23.438 875.000 234.375 210.938 960.938 273.438 -343.750 859.375 -296.875 -257.812 914.062
-453.125 781.250 -359.375 437.500 0.000 882.812 234.375 203.125 945.312 273.438 -335.938 875.000 -328.125 -242.188 890.625
-453.125 812.500 -359.375 437.500 -7.812 882.812 234.375 187.500 937.500 273.438 -328.125 812.500 -328.125 -242.188 867.188
-460.938 828.125 -359.375 421.875 -39.062 867.188 203.125 195.312 929.688 250.000 -320.312 835.938 -343.750 -265.625 796.875
-453.125 796.875 -359.375 421.875 -54.688 875.000 187.500 164.062 914.062 210.938 -328.125 789.062 -351.562 -312.500 757.812
-476.562 750.000 -335.938 390.625 -85.938 867.188 164.062 109.375 921.875 195.312 -375.000 765.625 -304.688 -328.125 765.625
-484.375 742.188 -320.312 382.812 -85.938 843.750 171.875 109.375 945.312 179.688 -429.688 765.625 -289.062 -328.125 781.250
-476.562 750.000 -320.312 406.250 -93.750 867.188 171.875 101.562 953.125 218.750 -421.875 765.625 -265.625 -351.562 820.312
-507.812 781.250 -320.312 414.062 -54.688 914.062 203.125 125.000 976.562 273.438 -421.875 765.625 -234.375 -304.688 812.500
-500.000 828.125 -296.875 382.812 -70.312 921.875 179.688 117.188 1000.000 281.250 -421.875 757.812 -257.812 -273.438 734.375
-460.938 875.000 -265.625 445.312 -46.875 914.062 156.250 132.812 984.375 265.625 -437.500 726.562 -257.812 -296.875 726.562
-429.688 929.688 -273.438 398.438 -54.688 945.312 156.250 132.812 945.312 242.188 -445.312 750.000 -195.312 -367.188 765.625
-468.750 945.312 -304.688 359.375 -7.812 890.625 117.188 70.312 929.688 289.062 -500.000 695.312 -171.875 -359.375 710.938
-460.938 937.500 -296.875 320.312 -39.062 859.375 78.125 39.062 898.438 265.625 -492.188 687.500 -46.875 -304.688 773.438
-453.125 937.500 -289.062 296.875 -39.062 796.875 109.375 15.625 898.438 257.812 -531.250 710.938 -39.062 -296.875 789.062
-445.312 929.688 -304.688 273.438 -46.875 812.500 54.688 7.812 906.250 359.375 -507.812 718.750 -31.250 -312.500 734.375
