-445.312 843.750 46.875 -164.062 -148.438 937.500 39.062 15.625 960.938 265.625 -570.312 687.500 343.750 -328.125 804.688
-445.312 843.750 54.688 -109.375 -148.438 1007.812 70.312 7.812 1007.812 273.438 -601.562 695.312 328.125 -359.375 828.125
-437.500 843.750 70.312 -101.562 -171.875 1023.438 78.125 7.812 1031.250 304.688 -609.375 710.938 335.938 -359.375 835.938
-429.688 875.000 101.562 -109.375 -203.125 1023.438 93.750 -23.438 1070.312 320.312 -648.438 773.438 335.938 -382.812 867.188
-429.688 937.500 109.375 -164.062 -226.562 992.188 62.500 -54.688 1062.500 320.312 -648.438 789.062 343.750 -390.625 906.250
-445.312 921.875 93.750 -171.875 -218.750 976.562 39.062 -70.312 1039.062 304.688 -671.875 757.812 343.750 -398.438 898.438
-445.312 914.062 93.750 -171.875 -210.938 960.938 23.438 -78.125 1031.250 312.500 -648.438 765.625 351.562 -406.250 898.438
-453.125 890.625 85.938 -195.312 -210.938 953.125 23.438 -54.688 1007.812 273.438 -656.250 734.375 343.750 -390.625 882.812
-445.312 859.375 70.312 -210.938 -187.500 914.062 0.000 -7.812 953.125 218.750 -617.188 671.875 328.125 -359.375 835.938
-445.312 859.375 70.312 -210.938 -187.500 914.062 0.000 -7.812 953.125 218.750 -617.188 671.875 328.125 -359.375 835.938
-453.125 835.938 62.500 -234.375 -164.062 882.812 -23.438 -7.812 929.688 226.562 -625.000 695.312 343.750 -367.188 828.125
-460.938 796.875 39.062 -257.812 -187.500 898.438 -23.438 -23.438 1023.438 312.500 -617.188 820.312 335.938 -328.125 898.438
-476.562 812.500 46.875 -242.188 -171.875 921.875 -15.625 -39.062 1078.125 289.062 -664.062 835.938 351.562 -335.938 945.312
-460.938 851.562 62.500 -242.188 -156.250 945.312 15.625 70.312 1046.875 218.750 -617.188 796.875 335.938 -328.125 945.312
-460.938 867.188 70.312 -234.375 -132.812 953.125 39.062 109.375 1023.438 195.312 -546.875 781.250 312.500 -328.125 921.875
-445.312 914.062 39.062 -109.375 -117.188 1093.750 39.062 125.000 1070.312 132.812 -679.688 750.000 226.562 -375.000 851.562
-460.938 906.250 -7.812 -62.500 -156.250 1132.812 78.125 140.625 1125.000 156.250 -609.375 765.625 179.688 -390.625 859.375
-460.938 906.250 -7.812 -62.500 -156.250 1132.812 78.125 140.625 1125.000 156.250 -609.375 765.625 179.688 -390.625 859.375
-640.625 843.750 -171.875 -23.438 -203.125 1250.000 109.375 164.062 1250.000 140.625 -757.812 804.688 179.688 -398.438 914.062
-453.125 851.562 -39.062 -390.625 -218.750 750.000 -140.625 7.812 968.750 101.562 -695.312 812.500 242.188 -523.438 1023.438
-453.125 851.562 -39.062 -390.625 -218.750 750.000 -140.625 7.812 968.750 101.562 -695.312 812.500 242.188 -523.438 1023.438
-476.562 750.000 -15.625 -554.688 -148.438 546.875 -312.500 -70.312 796.875 -23.438 -625.000 734.375 179.688 -359.375 960.938
-382.812 640.625 46.875 -679.688 31.250 437.500 -429.688 7.812 515.625 -218.750 -500.000 500.000 93.750 -257.812 796.875
-367.188 843.750 93.750 -656.250 109.375 484.375 -539.062 109.375 437.500 -304.688 -437.500 484.375 23.438 -218.750 710.938
-367.188 921.875 117.188 -625.000 117.188 539.062 -601.562 148.438 414.062 -320.312 -398.438 468.750 -23.438 -250.000 687.500
-328.125 914.062 117.188 -578.125 148.438 703.125 -640.625 203.125 460.938 -390.625 -390.625 484.375 -93.750 -335.938 664.062
-312.500 921.875 164.062 -531.250 195.312 867.188 -585.938 328.125 656.250 -460.938 -476.562 554.688 -156.250 -351.562 750.000
-312.500 921.875 164.062 -531.250 195.312 867.188 -585.938 328.125 656.250 -460.938 -476.562 554.688 -156.250 -351.562 750.000
-351.562 929.688 148.438 -492.188 171.875 1007.812 -656.250 359.375 757.812 -468.750 -515.625 640.625 -140.625 -351.562 867.188
-382.812 1109.375 132.812 -593.750 140.625 1000.000 -789.062 210.938 789.062 -445.312 -601.562 789.062 -164.062 -359.375 984.375
-398.438 1195.312 93.750 -632.812 187.500 960.938 -804.688 132.812 781.250 -492.188 -664.062 734.375 -195.312 -390.625 953.125
-414.062 1265.625 46.875 -617.188 265.625 875.000 -757.812 93.750 773.438 -484.375 -664.062 687.500 -218.750 -445.312 914.062
-406.250 1265.625 62.500 -601.562 257.812 851.562 -601.562 46.875 773.438 -500.000 -671.875 632.812 -195.312 -460.938 906.250
-421.875 1093.750 46.875 -671.875 187.500 742.188 -750.000 85.938 671.875 -570.312 -703.125 492.188 -210.938 -531.250 851.562
-390.625 953.125 62.500 -703.125 -375.000 773.438 -664.062 359.375 695.312 -546.875 -585.938 343.750 -273.438 -453.125 687.500
-210.938 820.312 312.500 -117.188 70.312 1515.625 -250.000 742.188 1085.938 -296.875 -484.375 734.375 -257.812 -281.250 742.188
-390.625 1265.625 281.250 -515.625 46.875 1023.438 -546.875 195.312 1085.938 -54.688 -648.438 1156.250 -46.875 -335.938 1125.000
-390.625 1265.625 281.250 -515.625 46.875 1023.438 -546.875 195.312 1085.938 -54.688 -648.438 1156.250 -46.875 -335.938 1125.000
-343.750 1140.625 250.000 -562.500 -85.938 937.500 -539.062 23.438 1164.062 -132.812 -906.250 1031.250 -39.062 -273.438 1179.688
-359.375 898.438 218.750 -695.312 -93.750 773.438 -523.438 -109.375 875.000 -265.625 -968.750 812.500 -46.875 -429.688 1148.438
-351.562 960.938 171.875 -679.688 -437.500 679.688 -679.688 -257.812 539.062 -164.062 -617.188 812.500 -23.438 -453.125 1085.938
-312.500 695.312 156.250 -593.750 -359.375 546.875 -765.625 -218.750 531.250 -414.062 -710.938 421.875 -226.562 -367.188 742.188
-250.000 757.812 187.500 -585.938 -460.938 554.688 -734.375 -429.688 414.062 -500.000 -648.438 390.625 -234.375 -390.625 718.750
-328.125 453.125 179.688 -695.312 -171.875 382.812 -640.625 -70.312 539.062 -445.312 -546.875 429.688 -273.438 -351.562 734.375
-328.125 507.812 171.875 -656.250 -335.938 335.938 -687.500 -140.625 562.500 -484.375 -593.750 460.938 -203.125 -234.375 742.188
-328.125 507.812 171.875 -656.250 -335.938 335.938 -687.500 -140.625 562.500 -484.375 -593.750 460.938 -203.125 -234.375 742.188
-640.625 500.000 70.312 -523.438 -242.188 664.062 -523.438 226.562 679.688 -398.438 -523.438 695.312 -140.625 -203.125 867.188
-648.438 679.688 15.625 -343.750 156.250 703.125 -500.000 351.562 625.000 -234.375 -468.750 664.062 -117.188 -179.688 875.000
-484.375 679.688 109.375 -7.812 132.812 960.938 -703.125 203.125 453.125 -265.625 -476.562 601.562 -195.312 -234.375 765.625
-437.500 726.562 117.188 -179.688 46.875 1000.000 -640.625 335.938 539.062 -414.062 -453.125 593.750 -226.562 -250.000 773.438
-367.188 804.688 156.250 -15.625 70.312 1109.375 -710.938 250.000 625.000 -406.250 -546.875 585.938 -226.562 -351.562 820.312
-421.875 671.875 117.188 -101.562 -85.938 1007.812 -632.812 156.250 710.938 -398.438 -570.312 570.312 -210.938 -390.625 843.750
-421.875 671.875 117.188 -101.562 -85.938 1007.812 -632.812 156.250 710.938 -398.438 -570.312 570.312 -210.938 -390.625 843.750
-453.125 578.125 62.500 -273.438 -148.438 898.438 -703.125 179.688 539.062 -351.562 -585.938 578.125 -156.250 -328.125 835.938
-453.125 492.188 54.688 -398.438 -148.438 773.438 -695.312 132.812 437.500 -328.125 -531.250 609.375 -78.125 -164.062 812.500
-453.125 492.188 54.688 -398.438 -148.438 773.438 -695.312 132.812 437.500 -328.125 -531.250 609.375 -78.125 -164.062 812.500
-554.688 523.438 -23.438 -335.938 93.750 835.938 -656.250 328.125 406.250 -257.812 -320.312 718.750 15.625 15.625 835.938
-773.438 609.375 -210.938 -343.750 359.375 812.500 -765.625 390.625 289.062 -257.812 -257.812 679.688 70.312 -140.625 828.125
-843.750 796.875 -265.625 -289.062 445.312 890.625 -789.062 421.875 343.750 -296.875 -328.125 640.625 -78.125 -242.188 765.625
-453.125 1117.188 46.875 -398.438 343.750 882.812 -804.688 406.250 578.125 -234.375 -460.938 726.562 -210.938 -406.250 718.750
-281.250 1562.500 93.750 -617.188 7.812 1000.000 -765.625 320.312 757.812 -226.562 -632.812 726.562 -179.688 -484.375 835.938
-398.438 1390.625 7.812 -15.625 359.375 1265.625 -898.438 117.188 882.812 -62.500 -890.625 734.375 -148.438 -523.438 898.438
-507.812 898.438 -62.500 -281.250 -125.000 1078.125 -695.312 140.625 921.875 -23.438 -789.062 906.250 203.125 -429.688 1210.938
-507.812 898.438 -62.500 -281.250 -125.000 1078.125 -695.312 140.625 921.875 -23.438 -789.062 906.250 203.125 -429.688 1210.938
-507.812 898.438 -62.500 -281.250 -125.000 1078.125 -695.312 140.625 921.875 -23.438 -789.062 906.250 203.125 -429.688 1210.938
-437.500 1046.875 -23.438 -328.125 -62.500 1023.438 -664.062 187.500 859.375 78.125 -687.500 898.438 250.000 -289.062 1078.125
-437.500 1000.000 -70.312 -625.000 242.188 1242.188 -710.938 218.750 812.500 132.812 -617.188 843.750 296.875 -289.062 1031.250
-476.562 992.188 -85.938 -148.438 -85.938 976.562 -523.438 187.500 859.375 46.875 -632.812 781.250 187.500 -296.875 921.875
-421.875 1062.500 -54.688 -31.250 0.000 1257.812 -406.250 351.562 984.375 101.562 -625.000 789.062 195.312 -296.875 906.250
-406.250 1062.500 -23.438 -15.625 -39.062 1250.000 -375.000 328.125 1062.500 117.188 -601.562 812.500 187.500 -320.312 929.688
-414.062 1054.688 -54.688 -70.312 -70.312 1078.125 -437.500 171.875 945.312 117.188 -718.750 828.125 234.375 -484.375 1015.625
-367.188 937.500 -46.875 -156.250 -218.750 914.062 -515.625 54.688 718.750 -70.312 -671.875 500.000 117.188 -406.250 835.938
-367.188 937.500 -46.875 -156.250 -218.750 914.062 -515.625 54.688 718.750 -70.312 -671.875 500.000 117.188 -406.250 835.938
-382.812 859.375 -23.438 -273.438 -109.375 929.688 -492.188 39.062 539.062 -78.125 -726.562 437.500 109.375 -484.375 804.688
-500.000 789.062 -54.688 78.125 -242.188 890.625 -453.125 -320.312 585.938 -23.438 -757.812 406.250 132.812 -492.188 820.312
-515.625 796.875 -31.250 125.000 -406.250 960.938 -625.000 7.812 382.812 70.312 -671.875 406.250 101.562 -406.250 781.250
-632.812 726.562 -109.375 -304.688 851.562 1468.750 -304.688 281.250 -234.375 -15.625 -875.000 203.125 296.875 -320.312 781.250
-539.062 617.188 -39.062 -765.625 -984.375 -109.375 296.875 554.688 539.062 304.688 -195.312 265.625 179.688 -132.812 734.375
-625.000 148.438 101.562 0.000 -539.062 890.625 -85.938 -523.438 1453.125 421.875 -445.312 1054.688 156.250 -375.000 1046.875
-625.000 148.438 101.562 0.000 -539.062 890.625 -85.938 -523.438 1453.125 421.875 -445.312 1054.688 156.250 -375.000 1046.875
-703.125 914.062 -85.938 265.625 -554.688 1140.625 109.375 -421.875 1375.000 437.500 -859.375 976.562 320.312 -304.688 1210.938
-703.125 914.062 -85.938 265.625 -554.688 1140.625 109.375 -421.875 1375.000 437.500 -859.375 976.562 320.312 -304.688 1210.938
-617.188 1093.750 -7.812 515.625 -523.438 1273.438 -140.625 -359.375 1031.250 445.312 -421.875 726.562 320.312 -429.688 992.188
-242.188 1000.000 218.750 109.375 -500.000 1273.438 78.125 -148.438 1109.375 343.750 -585.938 671.875 125.000 -281.250 781.250
-773.438 757.812 -125.000 -171.875 -179.688 695.312 -15.625 93.750 1171.875 93.750 -484.375 757.812 46.875 -250.000 820.312
-554.688 781.250 -46.875 -242.188 -265.625 796.875 -70.312 -31.250 835.938 85.938 -539.062 640.625 46.875 -187.500 734.375
-609.375 679.688 -101.562 -54.688 -328.125 835.938 -351.562 -164.062 757.812 31.250 -546.875 539.062 -54.688 -265.625 648.438
-851.562 531.250 -312.500 -312.500 -703.125 851.562 -414.062 -164.062 796.875 85.938 -570.312 507.812 -23.438 -335.938 679.688
-648.438 843.750 -101.562 -273.438 -585.938 742.188 -109.375 -203.125 812.500 132.812 -554.688 664.062 179.688 -187.500 734.375
-656.250 718.750 -62.500 -296.875 -500.000 742.188 195.312 -164.062 1078.125 390.625 -585.938 757.812 234.375 -296.875 875.000
-656.250 718.750 -62.500 -296.875 -500.000 742.188 195.312 -164.062 1078.125 390.625 -585.938 757.812 234.375 -296.875 875.000
-585.938 1148.438 109.375 -31.250 -218.750 945.312 195.312 -46.875 1062.500 156.250 -593.750 671.875 -54.688 -351.562 718.750
-476.562 1468.750 187.500 -15.625 -320.312 1054.688 117.188 -164.062 1054.688 85.938 -765.625 578.125 -171.875 -570.312 781.250
-375.000 804.688 218.750 -156.250 -523.438 945.312 -179.688 -250.000 968.750 -140.625 -929.688 460.938 -226.562 -695.312 742.188
-304.688 445.312 359.375 -476.562 -406.250 773.438 -523.438 -218.750 765.625 -421.875 -843.750 281.250 -335.938 -718.750 554.688
-296.875 390.625 398.438 -492.188 -453.125 671.875 -484.375 -265.625 765.625 -382.812 -921.875 179.688 -343.750 -781.250 484.375
-453.125 328.125 437.500 -203.125 -687.500 406.250 -375.000 -656.250 453.125 -132.812 -859.375 101.562 -7.812 -867.188 453.125
-335.938 671.875 601.562 -62.500 -882.812 210.938 320.312 -843.750 1312.500 7.812 -953.125 320.312 218.750 -828.125 609.375
-765.625 460.938 335.938 -210.938 -1250.000 710.938 -242.188 -367.188 992.188 929.688 -1265.625 585.938 875.000 -921.875 1109.375
-679.688 1023.438 406.250 -320.312 -984.375 640.625 -132.812 -789.062 968.750 679.688 -1250.000 375.000 679.688 -820.312 1054.688
-679.688 1023.438 406.250 -320.312 -984.375 640.625 -132.812 -789.062 968.750 679.688 -1250.000 375.000 679.688 -820.312 1054.688
-679.688 1023.438 406.250 -320.312 -984.375 640.625 -132.812 -789.062 968.750 679.688 -1250.000 375.000 679.688 -820.312 1054.688
-562.500 664.062 296.875 -484.375 -750.000 539.062 -328.125 -539.062 781.250 414.062 -953.125 359.375 398.438 -578.125 804.688
-468.750 710.938 351.562 -500.000 -695.312 476.562 -328.125 -523.438 703.125 453.125 -867.188 367.188 445.312 -515.625 773.438
-406.250 546.875 289.062 -539.062 -570.312 390.625 -382.812 -359.375 578.125 304.688 -765.625 273.438 375.000 -484.375 617.188
-445.312 500.000 257.812 -531.250 -554.688 375.000 -398.438 -390.625 609.375 328.125 -710.938 281.250 375.000 -500.000 640.625
-500.000 609.375 210.938 -531.250 -500.000 546.875 -359.375 -335.938 757.812 367.188 -710.938 367.188 445.312 -492.188 734.375
-554.688 648.438 203.125 -523.438 -507.812 632.812 -343.750 -343.750 820.312 414.062 -789.062 367.188 468.750 -539.062 781.250
-554.688 648.438 203.125 -523.438 -507.812 632.812 -343.750 -343.750 820.312 414.062 -789.062 367.188 468.750 -539.062 781.250
-554.688 648.438 203.125 -523.438 -507.812 632.812 -343.750 -343.750 820.312 414.062 -789.062 367.188 468.750 -539.062 781.250
-500.000 851.562 265.625 -531.250 -460.938 687.500 -390.625 -312.500 812.500 250.000 -820.312 328.125 250.000 -625.000 718.750
-375.000 960.938 335.938 -546.875 -453.125 656.250 -437.500 -328.125 726.562 101.562 -859.375 257.812 78.125 -679.688 632.812
-359.375 968.750 359.375 -546.875 -484.375 640.625 -445.312 -367.188 695.312 78.125 -867.188 234.375 62.500 -687.500 617.188
-335.938 929.688 390.625 -531.250 -554.688 578.125 -468.750 -406.250 695.312 78.125 -890.625 218.750 62.500 -703.125 601.562
-359.375 851.562 414.062 -523.438 -593.750 546.875 -468.750 -429.688 679.688 85.938 -898.438 218.750 78.125 -710.938 601.562
-359.375 757.812 453.125 -476.562 -632.812 632.812 -437.500 -453.125 765.625 125.000 -937.500 234.375 109.375 -742.188 648.438
-406.250 734.375 453.125 -468.750 -640.625 617.188 -429.688 -476.562 757.812 132.812 -953.125 234.375 132.812 -742.188 671.875
-406.250 734.375 453.125 -468.750 -640.625 617.188 -429.688 -476.562 757.812 132.812 -953.125 234.375 132.812 -742.188 671.875
-414.062 726.562 460.938 -460.938 -687.500 632.812 -421.875 -500.000 789.062 171.875 -976.562 234.375 171.875 -750.000 664.062
-429.688 703.125 468.750 -460.938 -742.188 578.125 -429.688 -539.062 781.250 203.125 -992.188 242.188 210.938 -773.438 687.500
-367.188 765.625 500.000 -468.750 -687.500 570.312 -437.500 -515.625 726.562 125.000 -953.125 203.125 117.188 -773.438 609.375
-304.688 859.375 515.625 -468.750 -679.688 570.312 -453.125 -515.625 687.500 39.062 -968.750 140.625 15.625 -804.688 554.688
-273.438 914.062 531.250 -453.125 -687.500 570.312 -445.312 -531.250 687.500 0.000 -984.375 125.000 -31.250 -835.938 539.062
-265.625 875.000 531.250 -437.500 -750.000 570.312 -445.312 -585.938 710.938 54.688 -1015.625 132.812 39.062 -851.562 578.125
-289.062 851.562 523.438 -429.688 -765.625 578.125 -429.688 -585.938 734.375 93.750 -1007.812 140.625 78.125 -843.750 601.562
-328.125 804.688 500.000 -429.688 -757.812 593.750 -406.250 -578.125 781.250 148.438 -1000.000 179.688 140.625 -820.312 617.188
-328.125 804.688 500.000 -429.688 -757.812 593.750 -406.250 -578.125 781.250 148.438 -1000.000 179.688 140.625 -820.312 617.188
-382.812 757.812 460.938 -429.688 -734.375 585.938 -382.812 -523.438 796.875 210.938 -968.750 234.375 195.312 -757.812 625.000
-398.438 718.750 453.125 -406.250 -679.688 656.250 -351.562 -460.938 843.750 242.188 -953.125 273.438 234.375 -734.375 671.875
-414.062 757.812 429.688 -421.875 -656.250 640.625 -367.188 -460.938 820.312 242.188 -929.688 257.812 234.375 -718.750 656.250
-351.562 804.688 429.688 -429.688 -640.625 625.000 -375.000 -429.688 781.250 203.125 -914.062 257.812 195.312 -710.938 640.625
-343.750 820.312 437.500 -437.500 -609.375 640.625 -375.000 -421.875 781.250 171.875 -906.250 226.562 148.438 -718.750 625.000
-335.938 843.750 437.500 -445.312 -609.375 640.625 -375.000 -414.062 781.250 164.062 -906.250 234.375 132.812 -734.375 609.375
-351.562 859.375 421.875 -437.500 -625.000 648.438 -382.812 -406.250 789.062 203.125 -914.062 273.438 171.875 -710.938 640.625
-351.562 835.938 414.062 -445.312 -625.000 640.625 -382.812 -414.062 796.875 203.125 -914.062 281.250 187.500 -695.312 656.250
-351.562 835.938 414.062 -445.312 -625.000 640.625 -382.812 -414.062 796.875 203.125 -914.062 281.250 187.500 -695.312 656.250
-343.750 804.688 429.688 -437.500 -632.812 625.000 -390.625 -421.875 773.438 218.750 -906.250 289.062 210.938 -687.500 679.688
-375.000 750.000 421.875 -453.125 -640.625 562.500 -421.875 -453.125 718.750 210.938 -882.812 257.812 234.375 -664.062 664.062
-375.000 726.562 437.500 -460.938 -656.250 546.875 -414.062 -468.750 718.750 226.562 -914.062 273.438 234.375 -656.250 671.875
-406.250 656.250 406.250 -460.938 -687.500 523.438 -398.438 -476.562 726.562 226.562 -867.188 296.875 273.438 -632.812 695.312
-468.750 640.625 406.250 -453.125 -648.438 570.312 -375.000 -421.875 742.188 257.812 -875.000 351.562 304.688 -617.188 710.938
-492.188 710.938 375.000 -429.688 -570.312 609.375 -328.125 -343.750 781.250 273.438 -804.688 382.812 265.625 -609.375 710.938
-523.438 710.938 367.188 -421.875 -562.500 632.812 -304.688 -304.688 781.250 265.625 -828.125 398.438 281.250 -570.312 695.312
