-250.000 1000.000 23.438 312.500 250.000 929.688 281.250 273.438 968.750 593.750 -171.875 835.938 500.000 46.875 890.625
-257.812 968.750 15.625 250.000 242.188 890.625 250.000 257.812 929.688 562.500 -164.062 820.312 507.812 54.688 898.438
-250.000 960.938 7.812 226.562 234.375 875.000 242.188 265.625 929.688 554.688 -164.062 812.500 492.188 46.875 882.812
-234.375 960.938 23.438 218.750 242.188 859.375 210.938 265.625 898.438 515.625 -148.438 789.062 468.750 46.875 867.188
-226.562 976.562 39.062 226.562 234.375 859.375 226.562 265.625 914.062 507.812 -148.438 796.875 453.125 31.250 843.750
-195.312 937.500 46.875 250.000 265.625 882.812 210.938 281.250 898.438 492.188 -164.062 789.062 421.875 46.875 843.750
-226.562 945.312 39.062 242.188 289.062 890.625 203.125 289.062 890.625 484.375 -164.062 781.250 406.250 31.250 828.125
-234.375 968.750 15.625 226.562 281.250 875.000 195.312 289.062 867.188 468.750 -164.062 757.812 421.875 23.438 835.938
-218.750 968.750 23.438 218.750 273.438 867.188 187.500 296.875 875.000 453.125 -156.250 765.625 414.062 31.250 835.938
-226.562 921.875 15.625 234.375 273.438 882.812 218.750 304.688 914.062 484.375 -140.625 804.688 421.875 46.875 835.938
-218.750 914.062 0.000 250.000 257.812 898.438 242.188 328.125 937.500 500.000 -148.438 804.688 437.500 54.688 843.750
-250.000 890.625 7.812 242.188 312.500 914.062 234.375 335.938 937.500 515.625 -156.250 812.500 453.125 54.688 859.375
-218.750 945.312 23.438 273.438 312.500 937.500 218.750 296.875 921.875 492.188 -179.688 812.500 453.125 31.250 867.188
-171.875 945.312 46.875 289.062 335.938 968.750 210.938 328.125 937.500 476.562 -195.312 812.500 406.250 23.438 875.000
-218.750 937.500 31.250 250.000 320.312 945.312 187.500 312.500 945.312 476.562 -187.500 820.312 398.438 15.625 859.375
-257.812 960.938 -7.812 312.500 312.500 1007.812 218.750 273.438 1007.812 531.250 -250.000 882.812 429.688 0.000 929.688
-218.750 859.375 7.812 304.688 242.188 1039.062 242.188 265.625 1085.938 554.688 -265.625 945.312 429.688 0.000 945.312
-226.562 1015.625 54.688 218.750 265.625 992.188 210.938 289.062 1109.375 578.125 -218.750 1031.250 429.688 15.625 992.188
-179.688 1070.312 78.125 195.312 257.812 976.562 203.125 250.000 1132.812 585.938 -203.125 1054.688 398.438 46.875 1000.000
-23.438 906.250 132.812 242.188 179.688 1000.000 226.562 234.375 1179.688 593.750 -265.625 1109.375 375.000 39.062 1054.688
-93.750 929.688 109.375 218.750 414.062 1039.062 250.000 359.375 1164.062 562.500 -351.562 992.188 507.812 -109.375 1218.750
-46.875 1000.000 117.188 343.750 375.000 1273.438 335.938 507.812 1304.688 515.625 -289.062 1078.125 445.312 31.250 1148.438
-39.062 906.250 78.125 273.438 476.562 1187.500 265.625 554.688 1156.250 406.250 -234.375 1007.812 351.562 109.375 1031.250
-109.375 687.500 85.938 -31.250 453.125 796.875 -117.188 421.875 695.312 171.875 -148.438 742.188 234.375 0.000 804.688
-125.000 898.438 -140.625 -140.625 320.312 617.188 -289.062 281.250 484.375 -109.375 -257.812 476.562 39.062 -179.688 656.250
-242.188 1007.812 -148.438 -343.750 -101.562 656.250 -210.938 343.750 578.125 -101.562 -234.375 578.125 -46.875 -125.000 671.875
-289.062 1070.312 -171.875 -523.438 -117.188 617.188 -476.562 390.625 671.875 -31.250 -203.125 695.312 -31.250 7.812 765.625
-296.875 1242.188 -195.312 -429.688 265.625 632.812 -554.688 218.750 750.000 -23.438 -250.000 937.500 -46.875 46.875 953.125
-125.000 1046.875 -132.812 -195.312 421.875 757.812 -625.000 39.062 679.688 -23.438 -382.812 929.688 -46.875 -39.062 1132.812
-125.000 851.562 -179.688 -335.938 187.500 804.688 -500.000 281.250 640.625 -156.250 -460.938 812.500 -101.562 -54.688 1085.938
-156.250 914.062 -210.938 -500.000 109.375 726.562 -578.125 226.562 656.250 -273.438 -359.375 789.062 -156.250 -78.125 992.188
-179.688 984.375 -250.000 -468.750 265.625 851.562 -484.375 421.875 726.562 -375.000 -171.875 726.562 -343.750 -132.812 703.125
-140.625 1007.812 -242.188 -390.625 304.688 914.062 -468.750 468.750 726.562 -382.812 -140.625 703.125 -359.375 -62.500 632.812
-132.812 1070.312 -210.938 -453.125 257.812 859.375 -468.750 437.500 703.125 -390.625 -164.062 656.250 -335.938 -31.250 656.250
-109.375 1062.500 -187.500 -484.375 226.562 796.875 -484.375 398.438 687.500 -351.562 -195.312 710.938 -320.312 -39.062 703.125
-218.750 890.625 -320.312 -601.562 156.250 664.062 -500.000 335.938 726.562 -203.125 -226.562 953.125 -132.812 109.375 1007.812
-203.125 859.375 -343.750 -539.062 179.688 695.312 -484.375 351.562 773.438 -203.125 -210.938 953.125 -132.812 109.375 992.188
-164.062 820.312 -320.312 -531.250 242.188 750.000 -523.438 375.000 726.562 -257.812 -242.188 867.188 -171.875 39.062 929.688
-132.812 921.875 -304.688 -570.312 226.562 710.938 -570.312 351.562 671.875 -289.062 -281.250 781.250 -187.500 -7.812 882.812
-15.625 984.375 -132.812 -601.562 242.188 671.875 -546.875 312.500 632.812 -398.438 -257.812 656.250 -218.750 -70.312 718.750
7.812 1000.000 -140.625 -546.875 210.938 703.125 -507.812 343.750 640.625 -273.438 -164.062 609.375 -203.125 -93.750 703.125
-70.312 960.938 -218.750 -578.125 273.438 718.750 -562.500 328.125 609.375 -335.938 -289.062 515.625 -195.312 -164.062 640.625
-101.562 992.188 -273.438 -609.375 257.812 687.500 -578.125 359.375 531.250 -242.188 -242.188 453.125 -164.062 -242.188 601.562
-171.875 1070.312 -257.812 -367.188 210.938 890.625 -406.250 281.250 703.125 125.000 -242.188 515.625 -23.438 -117.188 476.562
-156.250 1140.625 -187.500 -414.062 257.812 859.375 -468.750 203.125 726.562 218.750 -218.750 578.125 46.875 -171.875 476.562
-226.562 1445.312 -195.312 -601.562 375.000 734.375 -531.250 343.750 507.812 265.625 -273.438 421.875 164.062 -218.750 390.625
-304.688 1625.000 -132.812 -539.062 398.438 835.938 -484.375 406.250 523.438 234.375 -320.312 382.812 164.062 -148.438 375.000
-148.438 1500.000 -125.000 -289.062 476.562 984.375 -468.750 156.250 539.062 218.750 -703.125 210.938 312.500 -617.188 718.750
-164.062 1406.250 -171.875 -234.375 375.000 976.562 -414.062 -46.875 593.750 406.250 -820.312 281.250 375.000 -585.938 757.812
-140.625 1148.438 -210.938 -226.562 195.312 687.500 -265.625 -507.812 632.812 765.625 -671.875 226.562 671.875 -851.562 718.750
-187.500 1078.125 -226.562 -148.438 -281.250 937.500 351.562 -585.938 1343.750 898.438 -796.875 414.062 773.438 -585.938 765.625
31.250 601.562 367.188 -85.938 -406.250 937.500 -46.875 -625.000 1093.750 1062.500 -1132.812 531.250 1179.688 -601.562 1226.562
109.375 671.875 273.438 -109.375 -507.812 867.188 -62.500 -601.562 1039.062 976.562 -976.562 500.000 1031.250 -484.375 929.688
-226.562 804.688 171.875 -132.812 -585.938 820.312 -39.062 -609.375 1046.875 914.062 -718.750 359.375 687.500 -406.250 765.625
-23.438 640.625 234.375 -46.875 -609.375 835.938 39.062 -593.750 1101.562 1054.688 -703.125 390.625 921.875 -445.312 757.812
-78.125 515.625 195.312 -15.625 -656.250 890.625 85.938 -593.750 1171.875 1164.062 -695.312 484.375 1109.375 -367.188 843.750
-179.688 585.938 179.688 -46.875 -585.938 875.000 62.500 -515.625 1093.750 1132.812 -703.125 421.875 1125.000 -375.000 851.562
-195.312 789.062 132.812 -101.562 -531.250 796.875 15.625 -445.312 953.125 960.938 -632.812 343.750 945.312 -351.562 703.125
-148.438 773.438 187.500 -70.312 -507.812 781.250 -7.812 -414.062 898.438 820.312 -617.188 273.438 789.062 -398.438 648.438
-15.625 804.688 312.500 -23.438 -578.125 734.375 0.000 -500.000 875.000 789.062 -671.875 250.000 750.000 -429.688 671.875
46.875 812.500 328.125 -23.438 -578.125 734.375 -7.812 -515.625 851.562 781.250 -679.688 242.188 750.000 -429.688 679.688
-132.812 890.625 312.500 -7.812 -554.688 781.250 62.500 -476.562 921.875 882.812 -710.938 242.188 835.938 -476.562 734.375
-187.500 812.500 312.500 70.312 -578.125 898.438 140.625 -492.188 1070.312 1101.562 -781.250 382.812 1070.312 -406.250 898.438
-156.250 742.188 320.312 39.062 -601.562 898.438 156.250 -515.625 1109.375 1054.688 -601.562 476.562 1171.875 -85.938 1195.312
-203.125 734.375 359.375 -31.250 -562.500 843.750 85.938 -429.688 1039.062 1359.375 -1007.812 562.500 1398.438 -453.125 1039.062
-226.562 601.562 343.750 -31.250 -460.938 796.875 78.125 -312.500 1046.875 1156.250 -859.375 554.688 1250.000 -320.312 1070.312
-453.125 460.938 210.938 -132.812 -164.062 664.062 -195.312 -226.562 687.500 906.250 -953.125 406.250 984.375 -156.250 781.250
-375.000 390.625 85.938 -210.938 -156.250 445.312 -234.375 -250.000 335.938 679.688 -945.312 -125.000 93.750 -1507.812 1234.375
-390.625 492.188 117.188 -257.812 -468.750 367.188 -375.000 -398.438 585.938 1171.875 546.875 156.250 1085.938 250.000 640.625
-281.250 468.750 -46.875 62.500 -773.438 234.375 296.875 -421.875 945.312 781.250 -726.562 601.562 1257.812 -812.500 1078.125
-351.562 218.750 -250.000 242.188 23.438 734.375 359.375 -187.500 1085.938 679.688 -664.062 867.188 984.375 -1265.625 687.500
-460.938 671.875 -343.750 242.188 148.438 843.750 171.875 62.500 1101.562 546.875 -398.438 835.938 390.625 -914.062 257.812
-468.750 960.938 -421.875 265.625 351.562 984.375 179.688 289.062 1023.438 484.375 -257.812 562.500 39.062 -929.688 109.375
-492.188 1273.438 -398.438 984.375 1242.188 1351.562 -85.938 710.938 593.750 335.938 -70.312 210.938 -421.875 -898.438 -203.125
-335.938 1648.438 -187.500 726.562 734.375 1617.188 367.188 828.125 906.250 -195.312 23.438 492.188 -562.500 -156.250 -250.000
-179.688 2007.812 210.938 476.562 601.562 1445.312 78.125 828.125 789.062 -328.125 164.062 531.250 -796.875 46.875 -468.750
0.000 1984.375 328.125 -226.562 703.125 1343.750 328.125 804.688 656.250 -289.062 148.438 437.500 -906.250 31.250 -492.188
7.812 1226.562 39.062 460.938 640.625 1343.750 132.812 617.188 671.875 -210.938 125.000 539.062 -757.812 -54.688 -62.500
-281.250 742.188 -234.375 578.125 406.250 1179.688 234.375 539.062 687.500 31.250 39.062 539.062 -546.875 -117.188 398.438
-476.562 578.125 -500.000 914.062 -164.062 1015.625 -140.625 195.312 710.938 390.625 85.938 687.500 -304.688 -93.750 851.562
-546.875 523.438 -578.125 593.750 -210.938 828.125 -31.250 320.312 875.000 476.562 101.562 757.812 -234.375 -101.562 992.188
-328.125 554.688 -273.438 -218.750 -375.000 304.688 554.688 601.562 1085.938 593.750 312.500 726.562 -226.562 54.688 843.750
-257.812 828.125 -179.688 -476.562 39.062 304.688 195.312 62.500 625.000 367.188 54.688 687.500 -406.250 484.375 304.688
-195.312 1164.062 -54.688 515.625 796.875 500.000 31.250 1078.125 992.188 320.312 78.125 687.500 -343.750 335.938 31.250
-148.438 1171.875 -31.250 -125.000 421.875 1000.000 234.375 -54.688 890.625 460.938 62.500 679.688 -289.062 46.875 -93.750
-328.125 906.250 31.250 -562.500 500.000 539.062 312.500 -343.750 671.875 578.125 -226.562 515.625 101.562 -179.688 312.500
-406.250 1289.062 -125.000 -679.688 85.938 234.375 140.625 -226.562 601.562 359.375 -929.688 960.938 1187.500 125.000 1203.125
-429.688 695.312 -343.750 -554.688 -281.250 484.375 390.625 -242.188 867.188 1078.125 -929.688 1453.125 1031.250 -78.125 1812.500
-367.188 445.312 -359.375 -523.438 -296.875 601.562 468.750 -304.688 960.938 890.625 -679.688 953.125 1140.625 250.000 1898.438
-437.500 867.188 -414.062 -617.188 -125.000 632.812 359.375 -304.688 906.250 835.938 -468.750 726.562 812.500 62.500 1187.500
-281.250 1054.688 -320.312 -554.688 -46.875 789.062 343.750 -242.188 921.875 664.062 -421.875 648.438 578.125 85.938 960.938
-265.625 984.375 -265.625 -468.750 -70.312 937.500 460.938 -210.938 1007.812 757.812 -421.875 656.250 492.188 -179.688 820.312
-156.250 968.750 -148.438 -398.438 -101.562 1015.625 484.375 -289.062 1023.438 773.438 -492.188 687.500 523.438 -85.938 851.562
-164.062 1101.562 -46.875 -453.125 -7.812 1039.062 570.312 -85.938 1007.812 820.312 -421.875 640.625 687.500 -23.438 867.188
-265.625 1117.188 -242.188 -484.375 70.312 1023.438 468.750 -125.000 1023.438 593.750 -203.125 515.625 585.938 46.875 742.188
-210.938 1023.438 -226.562 -507.812 15.625 953.125 421.875 -320.312 1070.312 750.000 -570.312 765.625 492.188 -179.688 812.500
-328.125 867.188 -437.500 -492.188 -179.688 960.938 468.750 -625.000 1203.125 1101.562 -648.438 992.188 757.812 -117.188 984.375
-359.375 718.750 -562.500 -445.312 -242.188 968.750 437.500 -570.312 1250.000 1109.375 -640.625 1062.500 812.500 -93.750 1078.125
-406.250 726.562 -695.312 -531.250 -171.875 554.688 476.562 -179.688 1429.688 781.250 -484.375 1179.688 546.875 164.062 906.250
-554.688 804.688 -796.875 -562.500 375.000 867.188 -226.562 -375.000 648.438 921.875 -671.875 882.812 710.938 -187.500 734.375
-312.500 1125.000 -671.875 -742.188 351.562 703.125 -23.438 -117.188 968.750 554.688 -117.188 453.125 843.750 0.000 1117.188
-289.062 1109.375 -578.125 -679.688 359.375 773.438 -171.875 -273.438 734.375 484.375 -242.188 484.375 843.750 -265.625 1062.500
-39.062 1117.188 -578.125 -625.000 70.312 828.125 62.500 -140.625 1007.812 382.812 -421.875 601.562 585.938 -445.312 992.188
203.125 1351.562 -273.438 -664.062 46.875 851.562 85.938 -390.625 1117.188 523.438 -640.625 843.750 507.812 -429.688 1015.625
203.125 1414.062 140.625 -632.812 351.562 1031.250 -85.938 164.062 804.688 390.625 -421.875 679.688 687.500 -320.312 1031.250
250.000 1343.750 164.062 -570.312 554.688 1015.625 -320.312 101.562 828.125 -23.438 -484.375 617.188 429.688 -304.688 929.688
156.250 1132.812 179.688 -656.250 281.250 718.750 -203.125 7.812 851.562 -179.688 -351.562 601.562 210.938 -171.875 703.125
125.000 898.438 93.750 -695.312 125.000 484.375 -343.750 -70.312 757.812 -148.438 -242.188 648.438 70.312 -179.688 664.062
-242.188 765.625 -171.875 -921.875 140.625 140.625 -507.812 125.000 531.250 -312.500 -125.000 460.938 -70.312 -390.625 601.562
-328.125 875.000 -218.750 -984.375 171.875 140.625 -593.750 78.125 460.938 -328.125 -265.625 421.875 -93.750 -335.938 554.688
117.188 828.125 312.500 -734.375 351.562 335.938 -265.625 460.938 703.125 -234.375 -46.875 593.750 -78.125 -78.125 593.750
-546.875 921.875 -210.938 -710.938 335.938 453.125 -296.875 156.250 789.062 -54.688 -250.000 773.438 -164.062 125.000 539.062
-203.125 812.500 -140.625 -656.250 406.250 539.062 -234.375 164.062 914.062 78.125 -218.750 960.938 70.312 -15.625 953.125
-320.312 734.375 -195.312 -578.125 406.250 664.062 -203.125 117.188 945.312 62.500 -328.125 976.562 140.625 93.750 968.750
-453.125 859.375 -242.188 -617.188 335.938 687.500 -140.625 171.875 1015.625 78.125 -281.250 960.938 109.375 -46.875 1007.812
-539.062 835.938 -312.500 -750.000 406.250 531.250 -296.875 218.750 914.062 0.000 -265.625 921.875 46.875 -70.312 960.938
-460.938 781.250 -296.875 -718.750 382.812 507.812 -343.750 187.500 867.188 -54.688 -296.875 921.875 15.625 -46.875 968.750
-429.688 796.875 -257.812 -734.375 351.562 492.188 -367.188 140.625 867.188 -70.312 -320.312 906.250 -15.625 -78.125 960.938
-367.188 820.312 -218.750 -703.125 335.938 554.688 -359.375 125.000 843.750 -93.750 -359.375 859.375 -46.875 -125.000 945.312
-328.125 890.625 -195.312 -695.312 390.625 593.750 -328.125 179.688 875.000 -78.125 -304.688 851.562 -39.062 -117.188 898.438
-343.750 890.625 -203.125 -679.688 398.438 601.562 -296.875 179.688 898.438 -54.688 -296.875 867.188 -7.812 -101.562 906.250
-328.125 882.812 -218.750 -671.875 382.812 625.000 -265.625 148.438 921.875 -23.438 -328.125 890.625 7.812 -125.000 945.312
-335.938 882.812 -226.562 -625.000 296.875 695.312 -203.125 93.750 992.188 54.688 -390.625 945.312 78.125 -171.875 1039.062
-367.188 859.375 -234.375 -640.625 335.938 687.500 -218.750 132.812 976.562 54.688 -351.562 937.500 78.125 -125.000 1015.625
-320.312 921.875 -210.938 -671.875 398.438 632.812 -273.438 179.688 906.250 -15.625 -304.688 890.625 39.062 -93.750 960.938
-328.125 914.062 -203.125 -679.688 390.625 617.188 -281.250 179.688 906.250 -31.250 -296.875 875.000 7.812 -85.938 914.062
-281.250 906.250 -156.250 -687.500 367.188 601.562 -289.062 148.438 875.000 -39.062 -304.688 851.562 7.812 -70.312 929.688
-203.125 945.312 -203.125 -632.812 367.188 648.438 -273.438 93.750 906.250 -23.438 -375.000 914.062 54.688 -7.812 960.938
-195.312 945.312 -62.500 -664.062 375.000 664.062 -179.688 109.375 937.500 39.062 -281.250 906.250 39.062 -109.375 976.562
-109.375 1039.062 -31.250 -671.875 359.375 656.250 -234.375 164.062 929.688 15.625 -265.625 921.875 62.500 7.812 937.500
320.312 1109.375 1015.625 -843.750 492.188 562.500 -320.312 304.688 664.062 195.312 -273.438 976.562 70.312 46.875 953.125
-273.438 992.188 125.000 -679.688 203.125 523.438 -289.062 273.438 843.750 7.812 -85.938 804.688 0.000 187.500 703.125
-156.250 1046.875 -125.000 -789.062 382.812 460.938 -203.125 54.688 835.938 46.875 -281.250 835.938 93.750 -109.375 953.125
-242.188 1023.438 -140.625 -718.750 320.312 523.438 -226.562 70.312 867.188 93.750 -257.812 851.562 148.438 -101.562 953.125
-250.000 1148.438 -281.250 -703.125 179.688 570.312 -156.250 85.938 945.312 156.250 -328.125 875.000 125.000 -218.750 929.688
-289.062 1203.125 -250.000 -664.062 234.375 523.438 -281.250 125.000 898.438 148.438 -320.312 820.312 140.625 -132.812 890.625
-296.875 1179.688 -226.562 -500.000 289.062 554.688 -226.562 78.125 851.562 132.812 -320.312 796.875 140.625 -164.062 882.812
-265.625 1156.250 -195.312 -484.375 335.938 578.125 -265.625 70.312 820.312 117.188 -335.938 796.875 132.812 -195.312 890.625
-289.062 1109.375 -226.562 -140.625 125.000 531.250 -234.375 117.188 742.188 156.250 -281.250 750.000 195.312 -195.312 835.938
-312.500 1054.688 -250.000 54.688 -179.688 734.375 -164.062 187.500 757.812 156.250 -210.938 757.812 195.312 -117.188 781.250
-335.938 914.062 -273.438 320.312 -23.438 820.312 -15.625 242.188 921.875 203.125 -250.000 742.188 226.562 -62.500 812.500
-328.125 867.188 -265.625 117.188 187.500 953.125 281.250 242.188 960.938 281.250 -343.750 757.812 273.438 -148.438 859.375
-320.312 773.438 -156.250 398.438 343.750 1210.938 179.688 296.875 1070.312 445.312 -296.875 898.438 367.188 -117.188 953.125
