-476.562 828.125 164.062 101.562 210.938 914.062 265.625 132.812 906.250 507.812 -367.188 687.500 390.625 -164.062 851.562
-484.375 710.938 125.000 62.500 171.875 890.625 289.062 117.188 914.062 617.188 -375.000 734.375 539.062 -132.812 914.062
-484.375 687.500 109.375 54.688 179.688 890.625 296.875 117.188 929.688 632.812 -367.188 742.188 562.500 -125.000 929.688
-507.812 679.688 93.750 46.875 203.125 875.000 296.875 148.438 914.062 648.438 -343.750 734.375 585.938 -85.938 906.250
-500.000 742.188 78.125 85.938 250.000 882.812 312.500 195.312 906.250 632.812 -296.875 726.562 546.875 -101.562 890.625
-500.000 781.250 70.312 125.000 265.625 914.062 328.125 195.312 914.062 609.375 -296.875 726.562 500.000 -101.562 867.188
-500.000 781.250 70.312 140.625 265.625 929.688 343.750 187.500 914.062 585.938 -328.125 718.750 492.188 -101.562 875.000
-476.562 804.688 93.750 171.875 273.438 945.312 335.938 179.688 929.688 554.688 -328.125 718.750 421.875 -125.000 867.188
-429.688 906.250 140.625 171.875 289.062 953.125 304.688 210.938 906.250 507.812 -320.312 718.750 359.375 -117.188 828.125
-406.250 914.062 132.812 226.562 343.750 1046.875 367.188 234.375 976.562 539.062 -335.938 750.000 351.562 -125.000 835.938
-414.062 882.812 125.000 304.688 335.938 1093.750 437.500 234.375 1062.500 601.562 -367.188 804.688 367.188 -140.625 867.188
-429.688 945.312 179.688 343.750 328.125 1171.875 484.375 234.375 1164.062 648.438 -390.625 906.250 390.625 -132.812 984.375
-414.062 1054.688 226.562 195.312 281.250 1046.875 359.375 187.500 1070.312 640.625 -390.625 890.625 445.312 -101.562 992.188
-406.250 968.750 179.688 148.438 273.438 976.562 265.625 242.188 976.562 546.875 -234.375 828.125 414.062 289.062 585.938
-421.875 890.625 125.000 31.250 335.938 953.125 257.812 312.500 937.500 523.438 -218.750 703.125 390.625 -85.938 859.375
-500.000 726.562 0.000 54.688 398.438 960.938 218.750 304.688 882.812 375.000 -312.500 695.312 398.438 -101.562 859.375
-578.125 625.000 -156.250 62.500 312.500 1085.938 210.938 257.812 1046.875 398.438 -328.125 773.438 304.688 -156.250 820.312
-531.250 695.312 -171.875 0.000 257.812 1085.938 156.250 328.125 1054.688 375.000 -390.625 859.375 242.188 -179.688 875.000
-523.438 695.312 -140.625 -15.625 257.812 1039.062 85.938 304.688 1000.000 296.875 -390.625 867.188 250.000 -132.812 875.000
-460.938 765.625 -39.062 -15.625 320.312 890.625 -171.875 195.312 804.688 156.250 -335.938 781.250 164.062 -203.125 882.812
-390.625 812.500 54.688 -226.562 523.438 531.250 -195.312 132.812 679.688 62.500 -390.625 687.500 171.875 -218.750 867.188
-289.062 882.812 179.688 -593.750 281.250 179.688 -195.312 54.688 648.438 164.062 -320.312 671.875 304.688 -156.250 851.562
-281.250 960.938 195.312 -687.500 195.312 156.250 -210.938 78.125 640.625 203.125 -281.250 679.688 367.188 -46.875 835.938
-382.812 1164.062 70.312 -859.375 -62.500 265.625 -195.312 101.562 695.312 234.375 -234.375 757.812 367.188 31.250 750.000
-320.312 1117.188 7.812 -617.188 85.938 625.000 -210.938 23.438 781.250 226.562 -390.625 687.500 265.625 -148.438 750.000
-343.750 984.375 -78.125 -429.688 242.188 937.500 -210.938 23.438 804.688 195.312 -445.312 671.875 226.562 -398.438 820.312
-476.562 984.375 -85.938 -406.250 195.312 953.125 -125.000 101.562 789.062 242.188 -320.312 601.562 242.188 -531.250 843.750
-257.812 1335.938 195.312 -625.000 531.250 773.438 -62.500 -242.188 781.250 156.250 -695.312 421.875 289.062 -523.438 843.750
-187.500 1234.375 250.000 -492.188 390.625 882.812 -296.875 156.250 468.750 218.750 -718.750 242.188 398.438 -531.250 789.062
-382.812 1148.438 70.312 -414.062 304.688 953.125 -148.438 -7.812 546.875 203.125 -273.438 335.938 250.000 -429.688 671.875
-468.750 1148.438 -7.812 -492.188 140.625 820.312 93.750 -23.438 789.062 390.625 -320.312 468.750 140.625 -460.938 546.875
-296.875 843.750 171.875 -664.062 226.562 460.938 343.750 54.688 1039.062 742.188 -140.625 843.750 414.062 -23.438 609.375
-351.562 765.625 171.875 -632.812 234.375 390.625 195.312 78.125 1000.000 648.438 -148.438 1054.688 679.688 453.125 976.562
-515.625 609.375 -54.688 -468.750 210.938 554.688 226.562 85.938 1015.625 773.438 -117.188 1007.812 734.375 156.250 1164.062
-609.375 453.125 -234.375 -312.500 179.688 750.000 421.875 -226.562 1070.312 718.750 -507.812 992.188 687.500 226.562 921.875
-703.125 679.688 -101.562 -203.125 85.938 851.562 539.062 -265.625 1015.625 781.250 -695.312 867.188 718.750 -203.125 945.312
-445.312 960.938 203.125 -23.438 109.375 992.188 625.000 -359.375 1023.438 867.188 -484.375 820.312 726.562 -132.812 1062.500
46.875 906.250 453.125 39.062 375.000 1179.688 656.250 -171.875 1085.938 843.750 -484.375 828.125 734.375 -132.812 1039.062
-500.000 875.000 210.938 -54.688 632.812 1078.125 476.562 -31.250 976.562 578.125 -250.000 726.562 484.375 -46.875 765.625
-523.438 976.562 195.312 -70.312 421.875 984.375 476.562 62.500 1015.625 593.750 -195.312 750.000 507.812 0.000 781.250
-406.250 843.750 101.562 -234.375 515.625 835.938 382.812 -7.812 945.312 601.562 -195.312 773.438 578.125 62.500 773.438
-515.625 671.875 109.375 -132.812 429.688 875.000 359.375 0.000 914.062 625.000 -210.938 703.125 585.938 -31.250 812.500
-460.938 679.688 101.562 -164.062 507.812 828.125 468.750 7.812 906.250 593.750 -187.500 710.938 546.875 15.625 742.188
-515.625 765.625 109.375 -62.500 453.125 882.812 484.375 0.000 914.062 664.062 -195.312 718.750 570.312 0.000 765.625
-492.188 820.312 109.375 -31.250 421.875 1015.625 453.125 46.875 953.125 750.000 -218.750 742.188 632.812 0.000 812.500
-476.562 890.625 125.000 70.312 570.312 1015.625 562.500 0.000 968.750 718.750 -210.938 757.812 601.562 15.625 835.938
-492.188 1015.625 140.625 218.750 531.250 1078.125 742.188 -23.438 1125.000 781.250 -203.125 867.188 601.562 39.062 890.625
-492.188 1054.688 140.625 195.312 531.250 1117.188 789.062 -23.438 1203.125 804.688 -210.938 898.438 617.188 31.250 898.438
-476.562 1039.062 195.312 117.188 617.188 1031.250 843.750 -125.000 1125.000 695.312 -187.500 843.750 546.875 23.438 820.312
-375.000 898.438 203.125 -109.375 539.062 671.875 1140.625 -546.875 1242.188 406.250 -78.125 976.562 414.062 39.062 867.188
-570.312 398.438 85.938 -367.188 500.000 640.625 765.625 46.875 1343.750 718.750 23.438 890.625 445.312 304.688 875.000
-648.438 320.312 109.375 -179.688 515.625 546.875 585.938 93.750 1078.125 687.500 187.500 984.375 484.375 273.438 898.438
-500.000 375.000 109.375 -484.375 804.688 218.750 -78.125 343.750 890.625 1015.625 -242.188 1164.062 226.562 -132.812 710.938
-664.062 648.438 70.312 -437.500 570.312 -70.312 -203.125 664.062 1195.312 851.562 -835.938 890.625 132.812 101.562 570.312
-609.375 625.000 15.625 187.500 1585.938 882.812 -1000.000 546.875 351.562 1210.938 -671.875 453.125 781.250 -359.375 1312.500
-632.812 562.500 39.062 -226.562 1562.500 546.875 484.375 109.375 54.688 15.625 -687.500 367.188 718.750 -476.562 1343.750
-562.500 1015.625 46.875 398.438 1265.625 1242.188 -742.188 -187.500 -117.188 320.312 -656.250 414.062 734.375 -15.625 1070.312
-328.125 929.688 39.062 -7.812 515.625 843.750 -843.750 195.312 125.000 -476.562 -414.062 195.312 -125.000 -585.938 507.812
-304.688 671.875 54.688 156.250 710.938 953.125 -742.188 390.625 289.062 -484.375 -273.438 234.375 -335.938 -437.500 226.562
-195.312 671.875 117.188 382.812 601.562 1164.062 -742.188 531.250 398.438 -453.125 -328.125 226.562 -335.938 -414.062 250.000
-156.250 1054.688 117.188 468.750 -210.938 898.438 -718.750 414.062 289.062 -312.500 -117.188 492.188 -109.375 -328.125 406.250
-507.812 1218.750 132.812 273.438 343.750 843.750 -414.062 312.500 914.062 296.875 -351.562 890.625 382.812 31.250 820.312
-625.000 1406.250 -46.875 70.312 289.062 898.438 -515.625 546.875 796.875 531.250 -593.750 1000.000 718.750 -234.375 1203.125
-718.750 1132.812 -101.562 46.875 367.188 1023.438 -492.188 507.812 914.062 296.875 -578.125 953.125 679.688 -234.375 1195.312
-546.875 617.188 -93.750 -7.812 289.062 984.375 -507.812 273.438 906.250 382.812 -578.125 1039.062 429.688 -210.938 1046.875
-250.000 687.500 109.375 -226.562 257.812 835.938 -664.062 382.812 570.312 15.625 -414.062 812.500 328.125 -125.000 984.375
-250.000 929.688 93.750 -156.250 359.375 937.500 -625.000 492.188 609.375 -23.438 -335.938 757.812 148.438 -132.812 820.312
-281.250 1000.000 70.312 -101.562 375.000 960.938 -593.750 539.062 671.875 -23.438 -343.750 765.625 85.938 -187.500 765.625
-359.375 1015.625 15.625 -46.875 382.812 968.750 -570.312 484.375 718.750 70.312 -382.812 804.688 109.375 -203.125 773.438
-335.938 1085.938 7.812 -85.938 250.000 851.562 -601.562 289.062 679.688 125.000 -453.125 789.062 304.688 -140.625 914.062
-265.625 1031.250 46.875 -85.938 234.375 859.375 -585.938 265.625 718.750 195.312 -507.812 828.125 359.375 -187.500 960.938
-242.188 1023.438 78.125 -70.312 250.000 890.625 -593.750 281.250 734.375 218.750 -531.250 804.688 343.750 -273.438 953.125
-281.250 1000.000 46.875 -85.938 226.562 828.125 -625.000 265.625 679.688 187.500 -546.875 687.500 390.625 -234.375 890.625
-257.812 1171.875 117.188 -7.812 156.250 687.500 -679.688 140.625 531.250 203.125 -468.750 679.688 437.500 -156.250 890.625
-117.188 1289.062 265.625 -2421.875 554.688 703.125 406.250 2117.188 976.562 109.375 -531.250 460.938 359.375 -54.688 773.438
-117.188 1289.062 195.312 -117.188 265.625 390.625 -460.938 39.062 398.438 -203.125 -15.625 656.250 289.062 -101.562 726.562
-578.125 1312.500 -382.812 960.938 -1210.938 812.500 -1125.000 -773.438 320.312 367.188 -164.062 757.812 414.062 -164.062 796.875
-656.250 1164.062 -453.125 156.250 359.375 820.312 -93.750 132.812 375.000 570.312 -453.125 648.438 531.250 -148.438 914.062
-640.625 960.938 -453.125 718.750 304.688 781.250 281.250 140.625 867.188 703.125 -476.562 812.500 617.188 -250.000 1132.812
-554.688 656.250 -273.438 679.688 406.250 960.938 460.938 257.812 1039.062 906.250 -195.312 656.250 750.000 -242.188 1203.125
-375.000 726.562 -125.000 773.438 343.750 1171.875 726.562 593.750 1750.000 921.875 -375.000 1085.938 679.688 -15.625 1109.375
-390.625 617.188 31.250 992.188 265.625 1328.125 640.625 281.250 1554.688 937.500 -210.938 1125.000 640.625 -164.062 1171.875
-507.812 929.688 -109.375 593.750 437.500 1101.562 773.438 1015.625 1609.375 1070.312 -687.500 1085.938 734.375 148.438 1140.625
-484.375 820.312 -117.188 890.625 132.812 1164.062 718.750 304.688 1523.438 765.625 -296.875 984.375 664.062 179.688 1015.625
-734.375 875.000 -93.750 78.125 281.250 742.188 -70.312 398.438 750.000 85.938 31.250 734.375 140.625 62.500 757.812
-750.000 992.188 -140.625 -23.438 265.625 750.000 -250.000 437.500 648.438 85.938 -23.438 679.688 148.438 109.375 726.562
-562.500 648.438 -195.312 109.375 296.875 859.375 -70.312 539.062 750.000 31.250 23.438 765.625 156.250 179.688 695.312
-757.812 539.062 -320.312 117.188 250.000 796.875 -70.312 468.750 796.875 312.500 93.750 804.688 195.312 195.312 718.750
-789.062 468.750 -320.312 304.688 492.188 906.250 101.562 585.938 750.000 406.250 15.625 859.375 390.625 226.562 1015.625
-679.688 593.750 -234.375 382.812 328.125 828.125 203.125 531.250 843.750 437.500 15.625 914.062 460.938 320.312 1156.250
-546.875 703.125 -203.125 398.438 242.188 812.500 273.438 312.500 859.375 218.750 257.812 828.125 460.938 265.625 1062.500
-515.625 718.750 -195.312 85.938 867.188 703.125 390.625 695.312 968.750 406.250 -171.875 742.188 273.438 453.125 945.312
-562.500 601.562 -62.500 320.312 -187.500 820.312 -492.188 -1156.250 -359.375 296.875 187.500 679.688 -39.062 -570.312 960.938
-539.062 585.938 15.625 101.562 343.750 367.188 265.625 703.125 687.500 62.500 -304.688 437.500 -484.375 968.750 -23.438
-468.750 828.125 46.875 328.125 179.688 710.938 62.500 367.188 648.438 156.250 -62.500 687.500 -15.625 343.750 1023.438
-625.000 867.188 -46.875 210.938 281.250 640.625 148.438 328.125 851.562 609.375 -15.625 1312.500 1125.000 -851.562 2046.875
-546.875 851.562 -132.812 351.562 726.562 679.688 953.125 828.125 1101.562 835.938 -281.250 765.625 46.875 148.438 656.250
-531.250 492.188 -23.438 906.250 85.938 750.000 671.875 218.750 1054.688 523.438 179.688 781.250 -117.188 296.875 335.938
-617.188 757.812 101.562 828.125 242.188 812.500 671.875 390.625 945.312 882.812 85.938 781.250 -414.062 -93.750 453.125
-539.062 914.062 242.188 1070.312 93.750 875.000 804.688 265.625 1132.812 851.562 140.625 890.625 -476.562 460.938 585.938
-539.062 906.250 234.375 867.188 187.500 882.812 609.375 343.750 1031.250 656.250 -7.812 914.062 -312.500 101.562 1046.875
-523.438 890.625 54.688 718.750 93.750 890.625 515.625 242.188 1023.438 656.250 -85.938 929.688 -375.000 93.750 1039.062
-617.188 617.188 -70.312 617.188 78.125 851.562 406.250 265.625 992.188 476.562 -54.688 914.062 -476.562 125.000 867.188
-726.562 398.438 -171.875 367.188 257.812 859.375 195.312 445.312 875.000 390.625 125.000 882.812 -437.500 296.875 812.500
-625.000 671.875 -132.812 320.312 359.375 835.938 218.750 554.688 789.062 375.000 218.750 835.938 -468.750 250.000 789.062
-546.875 687.500 -195.312 367.188 382.812 781.250 242.188 546.875 757.812 429.688 242.188 789.062 -429.688 250.000 773.438
-570.312 718.750 -234.375 617.188 429.688 914.062 515.625 523.438 906.250 593.750 171.875 859.375 -453.125 265.625 757.812
-492.188 804.688 -218.750 828.125 109.375 953.125 640.625 304.688 1109.375 570.312 -85.938 898.438 -453.125 31.250 882.812
-460.938 890.625 -296.875 867.188 54.688 1085.938 640.625 382.812 1117.188 539.062 -101.562 851.562 -523.438 -31.250 812.500
-437.500 750.000 -296.875 867.188 -46.875 1125.000 601.562 375.000 1125.000 375.000 -85.938 757.812 -585.938 -39.062 695.312
-617.188 539.062 -539.062 789.062 460.938 1468.750 367.188 562.500 976.562 39.062 -195.312 546.875 -757.812 -210.938 203.125
-632.812 750.000 -445.312 195.312 257.812 671.875 -218.750 164.062 781.250 -531.250 335.938 500.000 -1007.812 -148.438 -585.938
-328.125 1132.812 -242.188 -218.750 226.562 187.500 -226.562 203.125 585.938 -734.375 390.625 523.438 -898.438 -562.500 -492.188
-273.438 1632.812 -328.125 -414.062 484.375 250.000 -1000.000 187.500 234.375 -31.250 539.062 437.500 -390.625 -718.750 39.062
-343.750 2007.812 -93.750 54.688 843.750 257.812 -828.125 179.688 -468.750 1015.625 -820.312 437.500 -109.375 531.250 578.125
-140.625 1289.062 117.188 539.062 -859.375 539.062 546.875 -507.812 1570.312 1750.000 -359.375 750.000 531.250 -593.750 976.562
-210.938 835.938 -7.812 671.875 -242.188 1070.312 390.625 -289.062 1398.438 1726.562 -1390.625 789.062 812.500 -1320.312 734.375
-453.125 1187.500 46.875 601.562 -70.312 1093.750 195.312 -195.312 1164.062 1062.500 -1015.625 703.125 1093.750 -679.688 281.250
281.250 1250.000 617.188 -414.062 1000.000 453.125 -554.688 523.438 539.062 -367.188 -468.750 1179.688 1460.938 1296.875 2554.688
-359.375 343.750 187.500 -648.438 898.438 750.000 -656.250 601.562 687.500 312.500 15.625 734.375 1617.188 1304.688 2023.438
-1140.625 -62.500 -375.000 -625.000 367.188 531.250 -546.875 78.125 773.438 687.500 -179.688 1078.125 710.938 7.812 882.812
-757.812 164.062 -242.188 -531.250 281.250 476.562 -453.125 226.562 796.875 460.938 -328.125 835.938 523.438 -164.062 812.500
-390.625 1054.688 117.188 164.062 562.500 976.562 -242.188 171.875 843.750 296.875 -382.812 648.438 296.875 7.812 812.500
-312.500 937.500 54.688 210.938 429.688 882.812 -101.562 70.312 921.875 421.875 -484.375 617.188 398.438 -171.875 867.188
-367.188 695.312 -15.625 156.250 468.750 882.812 -117.188 156.250 984.375 500.000 -414.062 726.562 476.562 -15.625 875.000
-460.938 703.125 -39.062 125.000 546.875 882.812 -164.062 125.000 921.875 507.812 -375.000 742.188 515.625 23.438 867.188
-546.875 695.312 -78.125 54.688 515.625 796.875 -226.562 203.125 890.625 421.875 -367.188 710.938 429.688 -15.625 828.125
-492.188 687.500 -70.312 85.938 453.125 835.938 -164.062 148.438 953.125 507.812 -406.250 734.375 476.562 -7.812 843.750
-554.688 710.938 -70.312 187.500 507.812 875.000 -78.125 187.500 1015.625 585.938 -359.375 734.375 554.688 7.812 859.375
-554.688 781.250 -46.875 148.438 585.938 867.188 -117.188 289.062 960.938 554.688 -273.438 718.750 515.625 78.125 796.875
-640.625 765.625 -93.750 54.688 664.062 812.500 -187.500 343.750 921.875 492.188 -242.188 750.000 453.125 109.375 765.625
-640.625 742.188 -109.375 54.688 617.188 812.500 -187.500 296.875 914.062 515.625 -257.812 765.625 484.375 132.812 804.688
-609.375 781.250 -101.562 85.938 585.938 843.750 -140.625 257.812 976.562 554.688 -265.625 765.625 500.000 109.375 796.875
-601.562 812.500 -85.938 101.562 617.188 859.375 -148.438 296.875 968.750 539.062 -281.250 757.812 484.375 93.750 789.062
-531.250 843.750 -62.500 93.750 593.750 875.000 -164.062 296.875 945.312 492.188 -281.250 750.000 460.938 101.562 781.250
-546.875 835.938 -70.312 54.688 570.312 835.938 -179.688 281.250 929.688 500.000 -281.250 757.812 476.562 125.000 781.250
-507.812 804.688 -46.875 39.062 523.438 820.312 -187.500 265.625 898.438 484.375 -320.312 765.625 460.938 117.188 781.250
-421.875 765.625 0.000 46.875 421.875 781.250 -210.938 195.312 828.125 437.500 -367.188 734.375 414.062 62.500 750.000
-375.000 726.562 15.625 62.500 335.938 781.250 -187.500 148.438 843.750 460.938 -406.250 718.750 421.875 0.000 757.812
-335.938 781.250 54.688 210.938 226.562 820.312 -93.750 78.125 890.625 500.000 -492.188 664.062 632.812 -7.812 921.875
-328.125 960.938 101.562 -125.000 796.875 835.938 -312.500 460.938 960.938 671.875 -515.625 601.562 648.438 -46.875 914.062
-320.312 1031.250 148.438 46.875 437.500 929.688 -23.438 187.500 1109.375 585.938 -265.625 687.500 468.750 -164.062 851.562
-265.625 953.125 156.250 234.375 187.500 929.688 15.625 39.062 1062.500 554.688 -328.125 703.125 460.938 -125.000 843.750
-320.312 960.938 156.250 109.375 312.500 960.938 -46.875 117.188 1031.250 523.438 -312.500 718.750 476.562 -93.750 820.312
-414.062 976.562 156.250 85.938 203.125 960.938 -70.312 15.625 945.312 523.438 -265.625 710.938 507.812 -85.938 820.312
-414.062 992.188 164.062 117.188 210.938 898.438 -93.750 117.188 921.875 484.375 -304.688 687.500 476.562 -132.812 820.312
