-648.438 781.250 39.062 187.500 -195.312 937.500 367.188 93.750 906.250 406.250 -507.812 687.500 359.375 -273.438 843.750
-656.250 726.562 39.062 171.875 -195.312 937.500 359.375 85.938 906.250 414.062 -500.000 703.125 382.812 -265.625 851.562
-648.438 742.188 31.250 156.250 -164.062 906.250 343.750 85.938 875.000 398.438 -484.375 695.312 359.375 -273.438 828.125
-648.438 742.188 31.250 156.250 -164.062 906.250 343.750 85.938 875.000 398.438 -484.375 695.312 359.375 -273.438 828.125
-664.062 750.000 31.250 148.438 -203.125 890.625 320.312 78.125 867.188 367.188 -492.188 671.875 335.938 -273.438 820.312
-648.438 734.375 46.875 179.688 -218.750 921.875 351.562 78.125 898.438 382.812 -500.000 695.312 335.938 -281.250 835.938
-640.625 734.375 54.688 171.875 -218.750 929.688 359.375 70.312 898.438 390.625 -515.625 703.125 343.750 -296.875 843.750
-648.438 742.188 46.875 195.312 -210.938 929.688 367.188 78.125 898.438 406.250 -515.625 687.500 359.375 -296.875 828.125
-648.438 742.188 46.875 195.312 -210.938 929.688 367.188 78.125 898.438 406.250 -515.625 687.500 359.375 -296.875 828.125
-664.062 750.000 54.688 187.500 -203.125 914.062 359.375 78.125 875.000 406.250 -507.812 671.875 359.375 -289.062 820.312
-679.688 765.625 54.688 187.500 -218.750 898.438 359.375 70.312 875.000 390.625 -507.812 671.875 359.375 -296.875 804.688
-671.875 750.000 54.688 187.500 -195.312 898.438 359.375 70.312 875.000 390.625 -507.812 664.062 343.750 -296.875 804.688
-671.875 750.000 54.688 187.500 -195.312 898.438 359.375 70.312 875.000 390.625 -507.812 664.062 343.750 -296.875 804.688
-710.938 757.812 15.625 171.875 -210.938 875.000 304.688 54.688 835.938 335.938 -507.812 609.375 320.312 -320.312 765.625
-671.875 742.188 85.938 164.062 -164.062 851.562 312.500 62.500 789.062 328.125 -476.562 570.312 281.250 -304.688 718.750
-632.812 757.812 101.562 164.062 -203.125 835.938 304.688 39.062 796.875 328.125 -500.000 578.125 273.438 -312.500 726.562
-585.938 765.625 140.625 171.875 -281.250 796.875 289.062 -39.062 828.125 328.125 -570.312 578.125 296.875 -367.188 773.438
-585.938 765.625 140.625 171.875 -281.250 796.875 289.062 -39.062 828.125 328.125 -570.312 578.125 296.875 -367.188 773.438
-656.250 750.000 101.562 234.375 -281.250 835.938 382.812 -31.250 812.500 445.312 -546.875 554.688 406.250 -359.375 757.812
-656.250 750.000 101.562 234.375 -281.250 835.938 382.812 -31.250 812.500 445.312 -546.875 554.688 406.250 -359.375 757.812
-679.688 718.750 101.562 250.000 -296.875 835.938 429.688 15.625 835.938 507.812 -523.438 570.312 484.375 -367.188 765.625
-601.562 570.312 132.812 320.312 -156.250 968.750 554.688 93.750 882.812 617.188 -507.812 656.250 585.938 -289.062 812.500
-679.688 453.125 109.375 296.875 -234.375 914.062 492.188 31.250 867.188 570.312 -523.438 664.062 554.688 -273.438 828.125
-609.375 632.812 140.625 289.062 -273.438 828.125 460.938 15.625 812.500 500.000 -500.000 593.750 445.312 -304.688 765.625
-578.125 765.625 171.875 304.688 -289.062 812.500 445.312 15.625 820.312 445.312 -492.188 601.562 367.188 -335.938 757.812
-578.125 804.688 164.062 320.312 -312.500 796.875 445.312 -7.812 789.062 421.875 -507.812 546.875 328.125 -328.125 703.125
-570.312 742.188 179.688 312.500 -351.562 781.250 453.125 -54.688 812.500 453.125 -531.250 562.500 367.188 -328.125 710.938
-570.312 742.188 179.688 312.500 -351.562 781.250 453.125 -54.688 812.500 453.125 -531.250 562.500 367.188 -328.125 710.938
-578.125 703.125 187.500 312.500 -382.812 765.625 484.375 -54.688 804.688 523.438 -539.062 546.875 468.750 -343.750 734.375
-578.125 703.125 187.500 312.500 -382.812 765.625 484.375 -54.688 804.688 523.438 -539.062 546.875 468.750 -343.750 734.375
-570.312 617.188 179.688 382.812 -421.875 765.625 570.312 -101.562 828.125 664.062 -578.125 554.688 617.188 -375.000 789.062
-601.562 609.375 164.062 453.125 -421.875 796.875 625.000 -109.375 835.938 710.938 -585.938 562.500 648.438 -382.812 796.875
-593.750 710.938 187.500 476.562 -414.062 804.688 617.188 -125.000 835.938 664.062 -593.750 539.062 570.312 -390.625 757.812
-554.688 890.625 226.562 484.375 -437.500 804.688 593.750 -140.625 843.750 585.938 -617.188 531.250 468.750 -414.062 734.375
-531.250 898.438 234.375 500.000 -445.312 789.062 609.375 -156.250 835.938 578.125 -609.375 515.625 453.125 -429.688 726.562
-523.438 898.438 257.812 531.250 -468.750 804.688 640.625 -179.688 851.562 609.375 -632.812 531.250 492.188 -445.312 750.000
-523.438 898.438 257.812 531.250 -468.750 804.688 640.625 -179.688 851.562 609.375 -632.812 531.250 492.188 -445.312 750.000
-531.250 937.500 257.812 664.062 -570.312 914.062 820.312 -195.312 1007.812 765.625 -742.188 593.750 625.000 -507.812 851.562
-539.062 914.062 281.250 664.062 -578.125 890.625 820.312 -195.312 1000.000 804.688 -742.188 585.938 664.062 -523.438 859.375
-531.250 890.625 250.000 835.938 -656.250 1078.125 1242.188 -101.562 1289.062 1070.312 -812.500 710.938 781.250 -578.125 984.375
-523.438 1000.000 359.375 875.000 -296.875 1101.562 726.562 -601.562 1117.188 898.438 -1054.688 500.000 828.125 -640.625 976.562
-484.375 875.000 304.688 625.000 -453.125 1007.812 601.562 -187.500 1007.812 726.562 -781.250 492.188 796.875 -609.375 898.438
-429.688 554.688 304.688 390.625 -679.688 976.562 1132.812 -304.688 1406.250 515.625 -1046.875 492.188 453.125 -335.938 867.188
-445.312 398.438 289.062 54.688 -242.188 890.625 445.312 -203.125 945.312 648.438 -835.938 750.000 468.750 -640.625 921.875
-445.312 570.312 226.562 132.812 -242.188 632.812 -125.000 -226.562 406.250 234.375 -703.125 210.938 437.500 -367.188 726.562
-445.312 570.312 226.562 132.812 -242.188 632.812 -125.000 -226.562 406.250 234.375 -703.125 210.938 437.500 -367.188 726.562
-445.312 570.312 226.562 132.812 -242.188 632.812 -125.000 -226.562 406.250 234.375 -703.125 210.938 437.500 -367.188 726.562
-429.688 703.125 296.875 109.375 -210.938 898.438 -125.000 -85.938 562.500 -78.125 -601.562 117.188 226.562 -562.500 664.062
-476.562 773.438 179.688 78.125 -273.438 843.750 -148.438 54.688 656.250 179.688 -523.438 460.938 85.938 -492.188 539.062
-703.125 898.438 54.688 -164.062 -242.188 640.625 -406.250 31.250 632.812 226.562 -687.500 500.000 312.500 -437.500 710.938
-656.250 898.438 31.250 -281.250 -414.062 671.875 -335.938 -31.250 859.375 375.000 -562.500 671.875 406.250 -414.062 851.562
-656.250 710.938 39.062 -546.875 -312.500 593.750 -398.438 156.250 609.375 125.000 -585.938 515.625 414.062 -320.312 828.125
-671.875 703.125 -39.062 -546.875 -54.688 664.062 -484.375 289.062 515.625 132.812 -437.500 570.312 359.375 -218.750 695.312
-710.938 710.938 -62.500 -554.688 39.062 671.875 -507.812 367.188 507.812 101.562 -375.000 593.750 312.500 -195.312 679.688
-710.938 710.938 -62.500 -554.688 39.062 671.875 -507.812 367.188 507.812 101.562 -375.000 593.750 312.500 -195.312 679.688
-750.000 789.062 -171.875 -671.875 62.500 648.438 -507.812 445.312 546.875 117.188 -320.312 687.500 226.562 -195.312 679.688
-710.938 765.625 -164.062 -648.438 -117.188 523.438 -539.062 242.188 609.375 171.875 -445.312 750.000 210.938 -218.750 773.438
-437.500 835.938 -15.625 -656.250 -273.438 343.750 -671.875 -31.250 476.562 15.625 -562.500 609.375 250.000 -312.500 875.000
-335.938 804.688 46.875 -351.562 -281.250 781.250 -468.750 242.188 679.688 -70.312 -656.250 609.375 78.125 -375.000 882.812
-335.938 804.688 46.875 -351.562 -281.250 781.250 -468.750 242.188 679.688 -70.312 -656.250 609.375 78.125 -375.000 882.812
-742.188 851.562 -304.688 -226.562 -195.312 1015.625 -296.875 351.562 1023.438 156.250 -632.812 890.625 164.062 -507.812 960.938
-765.625 1007.812 -328.125 -171.875 -210.938 1140.625 -195.312 460.938 1109.375 156.250 -656.250 914.062 195.312 -445.312 1015.625
-718.750 914.062 -257.812 -132.812 -62.500 1242.188 -195.312 546.875 1007.812 250.000 -625.000 906.250 320.312 -398.438 1031.250
-718.750 914.062 -257.812 -132.812 -62.500 1242.188 -195.312 546.875 1007.812 250.000 -625.000 906.250 320.312 -398.438 1031.250
-734.375 1039.062 -257.812 -125.000 -132.812 1156.250 -156.250 492.188 1015.625 195.312 -664.062 820.312 343.750 -390.625 1046.875
-703.125 843.750 -250.000 -171.875 -39.062 1171.875 -195.312 546.875 1007.812 164.062 -601.562 867.188 226.562 -359.375 937.500
-648.438 671.875 -179.688 -406.250 -343.750 1242.188 328.125 703.125 1648.438 -62.500 -273.438 1164.062 -54.688 -70.312 898.438
-546.875 460.938 -125.000 -203.125 242.188 1109.375 -343.750 750.000 531.250 304.688 -500.000 804.688 281.250 -390.625 984.375
-750.000 796.875 -242.188 -304.688 234.375 1218.750 -398.438 773.438 492.188 -414.062 -234.375 257.812 164.062 -226.562 773.438
-523.438 546.875 -101.562 -335.938 289.062 1109.375 -382.812 765.625 570.312 -289.062 -265.625 679.688 -335.938 -164.062 585.938
-460.938 578.125 -39.062 -429.688 234.375 953.125 -453.125 687.500 539.062 -218.750 -320.312 757.812 -242.188 -226.562 710.938
-546.875 562.500 -93.750 -406.250 78.125 578.125 -460.938 523.438 484.375 -265.625 -367.188 703.125 -62.500 -125.000 867.188
-546.875 562.500 -93.750 -406.250 78.125 578.125 -460.938 523.438 484.375 -265.625 -367.188 703.125 -62.500 -125.000 867.188
-546.875 562.500 -93.750 -406.250 78.125 578.125 -460.938 523.438 484.375 -265.625 -367.188 703.125 -62.500 -125.000 867.188
-781.250 398.438 -390.625 -203.125 -109.375 476.562 -765.625 179.688 437.500 -257.812 -484.375 687.500 -117.188 -148.438 812.500
-679.688 828.125 -328.125 -921.875 -273.438 78.125 -914.062 -62.500 523.438 -210.938 -531.250 757.812 15.625 -281.250 960.938
-492.188 601.562 -148.438 -632.812 -195.312 476.562 -1070.312 171.875 609.375 -93.750 -578.125 750.000 -15.625 -203.125 937.500
-617.188 695.312 -226.562 -781.250 -328.125 562.500 -359.375 23.438 601.562 -226.562 -570.312 664.062 -54.688 -242.188 898.438
-617.188 718.750 -203.125 -757.812 -289.062 546.875 -617.188 54.688 609.375 -203.125 -562.500 656.250 -46.875 -273.438 882.812
-562.500 710.938 -156.250 -640.625 -343.750 656.250 -562.500 -101.562 695.312 -187.500 -609.375 656.250 -46.875 -320.312 898.438
-554.688 812.500 -93.750 -648.438 -312.500 679.688 -578.125 -7.812 804.688 -70.312 -445.312 640.625 -39.062 -375.000 953.125
-554.688 812.500 -93.750 -648.438 -312.500 679.688 -578.125 -7.812 804.688 -70.312 -445.312 640.625 -39.062 -375.000 953.125
-585.938 820.312 -109.375 -695.312 -312.500 710.938 -414.062 0.000 796.875 -93.750 -601.562 664.062 31.250 -257.812 867.188
-625.000 812.500 -117.188 -640.625 -343.750 742.188 -507.812 156.250 773.438 -39.062 -257.812 492.188 85.938 -320.312 929.688
-726.562 851.562 -257.812 -671.875 -453.125 781.250 -625.000 -15.625 507.812 -101.562 -468.750 460.938 109.375 -414.062 843.750
-617.188 882.812 -164.062 -625.000 -125.000 687.500 -718.750 -62.500 210.938 -85.938 -593.750 421.875 0.000 -343.750 718.750
-500.000 921.875 -39.062 -953.125 -148.438 148.438 -250.000 -351.562 687.500 -15.625 -507.812 570.312 -187.500 -132.812 421.875
-585.938 726.562 -15.625 -1000.000 -351.562 140.625 148.438 -156.250 875.000 187.500 -500.000 679.688 7.812 -375.000 671.875
-585.938 726.562 -15.625 -1000.000 -351.562 140.625 148.438 -156.250 875.000 187.500 -500.000 679.688 7.812 -375.000 671.875
-710.938 1015.625 -54.688 -679.688 -195.312 593.750 281.250 -406.250 1054.688 460.938 -718.750 898.438 445.312 -273.438 1187.500
-710.938 1015.625 -54.688 -679.688 -195.312 593.750 281.250 -406.250 1054.688 460.938 -718.750 898.438 445.312 -273.438 1187.500
-648.438 921.875 31.250 -320.312 -234.375 898.438 531.250 -312.500 1187.500 617.188 -648.438 968.750 476.562 -351.562 1171.875
-500.000 843.750 132.812 -203.125 15.625 1156.250 539.062 -54.688 1179.688 578.125 -500.000 906.250 484.375 -250.000 1101.562
-500.000 843.750 132.812 -203.125 15.625 1156.250 539.062 -54.688 1179.688 578.125 -500.000 906.250 484.375 -250.000 1101.562
-679.688 765.625 0.000 -437.500 85.938 867.188 328.125 -7.812 1000.000 406.250 -453.125 828.125 414.062 -101.562 898.438
-609.375 593.750 -7.812 -453.125 70.312 820.312 148.438 109.375 960.938 257.812 -382.812 773.438 265.625 -93.750 812.500
-585.938 414.062 7.812 -343.750 101.562 882.812 210.938 140.625 929.688 234.375 -359.375 718.750 218.750 -132.812 781.250
-601.562 546.875 7.812 -234.375 -15.625 945.312 351.562 31.250 984.375 390.625 -453.125 765.625 328.125 -171.875 882.812
-601.562 546.875 7.812 -234.375 -15.625 945.312 351.562 31.250 984.375 390.625 -453.125 765.625 328.125 -171.875 882.812
-570.312 578.125 7.812 -156.250 -15.625 1023.438 484.375 -23.438 1039.062 476.562 -492.188 828.125 406.250 -164.062 945.312
-468.750 1390.625 164.062 179.688 -85.938 1453.125 804.688 -101.562 1273.438 617.188 -625.000 945.312 437.500 -171.875 1101.562
-468.750 1390.625 164.062 179.688 -85.938 1453.125 804.688 -101.562 1273.438 617.188 -625.000 945.312 437.500 -171.875 1101.562
-343.750 1015.625 375.000 -382.812 140.625 960.938 359.375 187.500 1031.250 382.812 -343.750 921.875 421.875 39.062 1023.438
-539.062 -7.812 234.375 -250.000 734.375 765.625 -585.938 -554.688 117.188 468.750 -453.125 593.750 554.688 31.250 617.188
-539.062 320.312 296.875 -296.875 445.312 664.062 -531.250 -507.812 234.375 382.812 -328.125 796.875 382.812 -39.062 875.000
-296.875 976.562 328.125 -523.438 -171.875 500.000 148.438 101.562 687.500 257.812 -828.125 156.250 585.938 -507.812 796.875
-554.688 835.938 15.625 164.062 -132.812 1375.000 203.125 -250.000 1078.125 421.875 -640.625 796.875 125.000 -375.000 929.688
-679.688 1210.938 -203.125 -328.125 -7.812 1046.875 257.812 -281.250 1054.688 406.250 -804.688 687.500 281.250 -453.125 1070.312
-679.688 1210.938 -203.125 -328.125 -7.812 1046.875 257.812 -281.250 1054.688 406.250 -804.688 687.500 281.250 -453.125 1070.312
-812.500 1343.750 -226.562 -492.188 -101.562 890.625 226.562 -273.438 1015.625 460.938 -750.000 703.125 351.562 -453.125 976.562
-796.875 1171.875 -210.938 -523.438 -257.812 664.062 171.875 -429.688 914.062 484.375 -734.375 726.562 382.812 -390.625 968.750
-906.250 804.688 -375.000 -382.812 -320.312 593.750 -15.625 -429.688 804.688 367.188 -765.625 664.062 335.938 -406.250 968.750
-867.188 664.062 -351.562 -210.938 -375.000 578.125 -148.438 -273.438 562.500 148.438 -609.375 500.000 218.750 -375.000 781.250
-812.500 468.750 -273.438 257.812 -101.562 1000.000 -250.000 -171.875 625.000 210.938 -554.688 515.625 164.062 -257.812 726.562
-945.312 343.750 -460.938 -15.625 -156.250 937.500 382.812 117.188 1031.250 296.875 -460.938 703.125 125.000 -312.500 765.625
-1007.812 390.625 -429.688 281.250 -132.812 1164.062 429.688 242.188 1078.125 445.312 -406.250 843.750 312.500 -140.625 906.250
-1015.625 429.688 -390.625 328.125 -39.062 1226.562 523.438 328.125 1039.062 453.125 -429.688 828.125 343.750 -179.688 945.312
-1015.625 429.688 -390.625 328.125 -39.062 1226.562 523.438 328.125 1039.062 453.125 -429.688 828.125 343.750 -179.688 945.312
-804.688 437.500 -234.375 320.312 -101.562 1101.562 562.500 226.562 1015.625 429.688 -460.938 804.688 296.875 -179.688 906.250
-695.312 531.250 -85.938 257.812 -210.938 1000.000 398.438 140.625 1000.000 382.812 -546.875 812.500 281.250 -234.375 1007.812
-445.312 554.688 265.625 289.062 148.438 1007.812 382.812 250.000 898.438 359.375 -429.688 750.000 250.000 -187.500 890.625
-492.188 960.938 257.812 195.312 -273.438 835.938 257.812 -15.625 914.062 289.062 -585.938 789.062 218.750 -265.625 992.188
-679.688 742.188 187.500 203.125 -289.062 882.812 320.312 117.188 890.625 281.250 -484.375 695.312 187.500 -242.188 843.750
-585.938 453.125 164.062 171.875 -312.500 867.188 257.812 23.438 914.062 250.000 -570.312 726.562 164.062 -296.875 898.438
-664.062 414.062 203.125 164.062 -328.125 843.750 250.000 31.250 906.250 257.812 -562.500 710.938 187.500 -304.688 914.062
-726.562 476.562 140.625 117.188 -265.625 851.562 273.438 78.125 843.750 328.125 -507.812 664.062 281.250 -257.812 828.125
-726.562 476.562 140.625 117.188 -265.625 851.562 273.438 78.125 843.750 328.125 -507.812 664.062 281.250 -257.812 828.125
-789.062 437.500 85.938 218.750 -234.375 890.625 390.625 125.000 875.000 429.688 -476.562 695.312 359.375 -234.375 843.750
-835.938 539.062 62.500 328.125 -210.938 937.500 500.000 132.812 890.625 507.812 -484.375 695.312 414.062 -250.000 859.375
-804.688 632.812 93.750 382.812 -250.000 929.688 523.438 78.125 921.875 515.625 -539.062 710.938 382.812 -273.438 882.812
-789.062 679.688 117.188 375.000 -281.250 914.062 500.000 54.688 914.062 476.562 -554.688 703.125 359.375 -296.875 898.438
-750.000 671.875 140.625 328.125 -304.688 898.438 445.312 31.250 906.250 437.500 -570.312 687.500 320.312 -304.688 898.438
-726.562 609.375 125.000 273.438 -289.062 859.375 382.812 39.062 898.438 390.625 -546.875 671.875 304.688 -289.062 859.375
-742.188 570.312 117.188 242.188 -281.250 867.188 375.000 54.688 875.000 398.438 -531.250 664.062 312.500 -289.062 859.375
-742.188 562.500 117.188 226.562 -257.812 859.375 375.000 70.312 867.188 390.625 -515.625 664.062 320.312 -265.625 859.375
-742.188 562.500 117.188 226.562 -257.812 859.375 375.000 70.312 867.188 390.625 -515.625 664.062 320.312 -265.625 859.375
-742.188 554.688 101.562 242.188 -250.000 867.188 375.000 78.125 875.000 398.438 -507.812 687.500 304.688 -273.438 851.562
-750.000 617.188 109.375 257.812 -250.000 875.000 375.000 85.938 859.375 367.188 -500.000 671.875 281.250 -265.625 851.562
-750.000 609.375 78.125 250.000 -195.312 890.625 382.812 117.188 851.562 375.000 -476.562 695.312 296.875 -226.562 835.938
-757.812 570.312 54.688 234.375 -171.875 882.812 390.625 156.250 843.750 398.438 -445.312 687.500 335.938 -203.125 835.938
-757.812 570.312 54.688 234.375 -171.875 882.812 390.625 156.250 843.750 398.438 -445.312 687.500 335.938 -203.125 835.938
-742.188 562.500 46.875 218.750 -125.000 882.812 359.375 171.875 828.125 390.625 -429.688 687.500 335.938 -195.312 828.125
-789.062 593.750 46.875 195.312 -85.938 882.812 382.812 210.938 812.500 398.438 -382.812 695.312 328.125 -156.250 804.688
-750.000 539.062 70.312 218.750 -93.750 882.812 367.188 187.500 812.500 382.812 -406.250 687.500 296.875 -179.688 812.500
-750.000 539.062 70.312 218.750 -93.750 882.812 367.188 187.500 812.500 382.812 -406.250 687.500 296.875 -179.688 812.500
-671.875 570.312 117.188 -140.625 46.875 812.500 585.938 171.875 835.938 421.875 -375.000 703.125 304.688 -187.500 828.125
-734.375 640.625 117.188 304.688 -85.938 921.875 445.312 187.500 851.562 421.875 -421.875 695.312 312.500 -226.562 812.500
