-492.188 750.000 -429.688 -109.375 -125.000 945.312 226.562 -62.500 945.312 492.188 -468.750 671.875 406.250 -210.938 843.750
-492.188 750.000 -421.875 -109.375 -117.188 953.125 226.562 -70.312 945.312 492.188 -476.562 664.062 406.250 -218.750 851.562
-507.812 742.188 -429.688 -109.375 -109.375 953.125 242.188 -62.500 968.750 492.188 -468.750 664.062 414.062 -203.125 851.562
-515.625 750.000 -429.688 -109.375 -109.375 953.125 242.188 -39.062 953.125 515.625 -453.125 687.500 429.688 -195.312 859.375
-500.000 703.125 -445.312 -117.188 -62.500 953.125 234.375 -15.625 945.312 500.000 -437.500 679.688 421.875 -171.875 859.375
-507.812 671.875 -445.312 -85.938 -85.938 984.375 250.000 -15.625 960.938 507.812 -445.312 687.500 421.875 -179.688 843.750
-476.562 695.312 -437.500 -70.312 -101.562 984.375 257.812 -23.438 960.938 492.188 -445.312 679.688 406.250 -187.500 859.375
-476.562 726.562 -445.312 -54.688 -85.938 1007.812 242.188 -23.438 976.562 507.812 -460.938 695.312 406.250 -195.312 859.375
-453.125 765.625 -421.875 -109.375 -109.375 953.125 234.375 -62.500 968.750 492.188 -460.938 703.125 398.438 -203.125 859.375
-453.125 765.625 -421.875 -109.375 -109.375 953.125 234.375 -62.500 968.750 492.188 -460.938 703.125 398.438 -203.125 859.375
-468.750 781.250 -453.125 -93.750 -117.188 953.125 234.375 -46.875 984.375 515.625 -476.562 718.750 414.062 -179.688 867.188
-484.375 687.500 -437.500 -117.188 -93.750 945.312 312.500 -109.375 1007.812 507.812 -492.188 734.375 421.875 -195.312 875.000
-437.500 664.062 -437.500 -125.000 -62.500 906.250 242.188 0.000 1015.625 484.375 -468.750 726.562 414.062 -203.125 867.188
-445.312 757.812 -429.688 -62.500 -117.188 1046.875 226.562 23.438 1023.438 515.625 -468.750 710.938 398.438 -195.312 859.375
-460.938 789.062 -437.500 -85.938 -62.500 1039.062 195.312 39.062 992.188 468.750 -468.750 726.562 367.188 -179.688 851.562
-492.188 742.188 -476.562 -140.625 -39.062 992.188 148.438 39.062 953.125 437.500 -453.125 734.375 343.750 -187.500 859.375
-500.000 671.875 -500.000 -132.812 -109.375 945.312 179.688 -23.438 984.375 398.438 -453.125 695.312 390.625 -218.750 867.188
-500.000 671.875 -500.000 -132.812 -109.375 945.312 179.688 -23.438 984.375 398.438 -453.125 695.312 390.625 -218.750 867.188
-460.938 679.688 -468.750 -101.562 -148.438 984.375 187.500 -93.750 1015.625 429.688 -500.000 703.125 414.062 -257.812 906.250
-453.125 726.562 -476.562 -70.312 -195.312 1023.438 250.000 -140.625 1164.062 484.375 -593.750 734.375 484.375 -351.562 1031.250
-453.125 757.812 -492.188 -78.125 -195.312 1031.250 281.250 -156.250 1203.125 648.438 -679.688 960.938 484.375 -351.562 1078.125
-484.375 781.250 -515.625 -85.938 -179.688 1039.062 296.875 -85.938 1218.750 632.812 -656.250 921.875 484.375 -289.062 1140.625
-453.125 804.688 -500.000 -125.000 -140.625 1062.500 171.875 0.000 1101.562 343.750 -593.750 781.250 429.688 -179.688 1093.750
-382.812 812.500 -445.312 -226.562 -15.625 953.125 46.875 70.312 1023.438 453.125 -625.000 851.562 320.312 -203.125 960.938
-257.812 601.562 -312.500 -171.875 -70.312 1039.062 23.438 132.812 1039.062 210.938 -617.188 843.750 132.812 -226.562 992.188
-257.812 601.562 -312.500 -171.875 -70.312 1039.062 23.438 132.812 1039.062 210.938 -617.188 843.750 132.812 -226.562 992.188
-257.812 601.562 -312.500 -171.875 -70.312 1039.062 23.438 132.812 1039.062 210.938 -617.188 843.750 132.812 -226.562 992.188
-257.812 601.562 -312.500 -171.875 -70.312 1039.062 23.438 132.812 1039.062 210.938 -617.188 843.750 132.812 -226.562 992.188
-429.688 507.812 -445.312 -179.688 -62.500 882.812 23.438 101.562 1023.438 156.250 -617.188 781.250 242.188 -265.625 1101.562
-593.750 460.938 -585.938 -546.875 -203.125 539.062 -242.188 0.000 695.312 210.938 -609.375 851.562 242.188 -148.438 968.750
-531.250 570.312 -640.625 -812.500 -140.625 343.750 -757.812 -78.125 281.250 -429.688 -406.250 343.750 -78.125 -195.312 656.250
-359.375 585.938 -609.375 -843.750 -203.125 500.000 -851.562 54.688 335.938 -289.062 -437.500 421.875 -312.500 -414.062 546.875
-570.312 632.812 -828.125 -742.188 23.438 671.875 -789.062 39.062 351.562 -578.125 -429.688 289.062 -445.312 -335.938 523.438
-570.312 632.812 -828.125 -742.188 23.438 671.875 -789.062 39.062 351.562 -578.125 -429.688 289.062 -445.312 -335.938 523.438
-570.312 718.750 -812.500 -640.625 31.250 781.250 -476.562 320.312 796.875 -343.750 -382.812 750.000 -437.500 -312.500 640.625
-468.750 539.062 -734.375 -570.312 -15.625 851.562 -507.812 210.938 937.500 -242.188 -500.000 976.562 -335.938 -203.125 875.000
-468.750 539.062 -734.375 -570.312 -15.625 851.562 -507.812 210.938 937.500 -242.188 -500.000 976.562 -335.938 -203.125 875.000
-515.625 515.625 -812.500 -828.125 -7.812 601.562 -671.875 210.938 648.438 -312.500 -492.188 921.875 -382.812 -125.000 976.562
-476.562 500.000 -812.500 -851.562 0.000 601.562 -703.125 226.562 656.250 -593.750 -390.625 601.562 -453.125 -187.500 875.000
-468.750 539.062 -820.312 -804.688 23.438 632.812 -703.125 265.625 625.000 -554.688 -453.125 656.250 -539.062 -265.625 687.500
-468.750 531.250 -804.688 -796.875 15.625 625.000 -710.938 265.625 617.188 -617.188 -367.188 562.500 -570.312 -281.250 648.438
-406.250 492.188 -671.875 -710.938 -54.688 570.312 -632.812 226.562 632.812 -617.188 -367.188 546.875 -578.125 -195.312 648.438
-375.000 476.562 -664.062 -742.188 -85.938 570.312 -625.000 218.750 648.438 -523.438 -414.062 601.562 -570.312 -203.125 656.250
-414.062 484.375 -710.938 -609.375 -54.688 679.688 -609.375 210.938 648.438 -507.812 -429.688 648.438 -476.562 -203.125 765.625
-437.500 484.375 -718.750 -593.750 -78.125 773.438 -578.125 164.062 781.250 -437.500 -476.562 726.562 -429.688 -210.938 851.562
-437.500 484.375 -718.750 -593.750 -78.125 773.438 -578.125 164.062 781.250 -437.500 -476.562 726.562 -429.688 -210.938 851.562
-453.125 500.000 -726.562 -617.188 -78.125 757.812 -601.562 156.250 773.438 -421.875 -492.188 734.375 -421.875 -218.750 859.375
-453.125 523.438 -742.188 -695.312 -62.500 671.875 -640.625 132.812 726.562 -429.688 -523.438 734.375 -406.250 -257.812 890.625
-445.312 523.438 -742.188 -710.938 -117.188 671.875 -656.250 125.000 718.750 -445.312 -523.438 742.188 -398.438 -242.188 898.438
-476.562 468.750 -757.812 -695.312 -117.188 671.875 -609.375 179.688 734.375 -453.125 -515.625 718.750 -429.688 -234.375 835.938
-476.562 445.312 -781.250 -648.438 -93.750 726.562 -562.500 179.688 789.062 -460.938 -492.188 687.500 -437.500 -250.000 835.938
-453.125 531.250 -773.438 -718.750 -70.312 664.062 -687.500 148.438 695.312 -484.375 -507.812 679.688 -429.688 -234.375 820.312
-453.125 531.250 -773.438 -718.750 -70.312 664.062 -687.500 148.438 695.312 -484.375 -507.812 679.688 -429.688 -234.375 820.312
-398.438 507.812 -710.938 -531.250 -101.562 835.938 -468.750 226.562 851.562 -484.375 -531.250 625.000 -453.125 -234.375 765.625
-398.438 507.812 -710.938 -531.250 -101.562 835.938 -468.750 226.562 851.562 -484.375 -531.250 625.000 -453.125 -234.375 765.625
-375.000 539.062 -695.312 -601.562 -54.688 828.125 -546.875 148.438 796.875 -476.562 -500.000 632.812 -429.688 -250.000 757.812
-421.875 664.062 -796.875 -523.438 -195.312 789.062 -468.750 140.625 898.438 -500.000 -570.312 585.938 -406.250 -351.562 773.438
-414.062 554.688 -726.562 -546.875 -234.375 820.312 -601.562 171.875 750.000 -476.562 -570.312 539.062 -375.000 -335.938 757.812
-421.875 539.062 -664.062 -648.438 -117.188 804.688 -710.938 382.812 578.125 -312.500 -562.500 632.812 -359.375 -296.875 773.438
-343.750 515.625 -554.688 -656.250 132.812 789.062 -781.250 328.125 554.688 -343.750 -390.625 640.625 -273.438 -210.938 867.188
-343.750 515.625 -554.688 -656.250 132.812 789.062 -781.250 328.125 554.688 -343.750 -390.625 640.625 -273.438 -210.938 867.188
-460.938 539.062 -656.250 -414.062 320.312 992.188 -460.938 359.375 781.250 -320.312 -390.625 671.875 -226.562 -117.188 804.688
-515.625 507.812 -765.625 -554.688 -78.125 906.250 -453.125 132.812 992.188 -117.188 -445.312 796.875 -117.188 -156.250 890.625
-515.625 507.812 -765.625 -554.688 -78.125 906.250 -453.125 132.812 992.188 -117.188 -445.312 796.875 -117.188 -156.250 890.625
-468.750 640.625 -781.250 -468.750 -351.562 867.188 -476.562 54.688 1078.125 93.750 -585.938 929.688 31.250 -242.188 1070.312
-429.688 640.625 -734.375 -554.688 -242.188 851.562 -570.312 78.125 890.625 148.438 -671.875 992.188 117.188 -281.250 1164.062
-437.500 664.062 -726.562 -593.750 -187.500 812.500 -640.625 85.938 773.438 85.938 -773.438 796.875 140.625 -281.250 1179.688
-421.875 679.688 -710.938 -687.500 -203.125 679.688 -710.938 62.500 656.250 179.688 -812.500 851.562 93.750 -234.375 1117.188
-359.375 531.250 -609.375 -718.750 -195.312 562.500 -703.125 62.500 562.500 -39.062 -679.688 703.125 -46.875 -234.375 906.250
-359.375 554.688 -562.500 -710.938 -195.312 554.688 -664.062 54.688 640.625 -62.500 -664.062 656.250 -78.125 -234.375 859.375
-367.188 570.312 -570.312 -664.062 -226.562 585.938 -625.000 46.875 726.562 -101.562 -625.000 632.812 -70.312 -242.188 859.375
-476.562 484.375 -609.375 -539.062 -257.812 789.062 -500.000 54.688 921.875 148.438 -757.812 773.438 31.250 -296.875 929.688
-476.562 484.375 -609.375 -539.062 -257.812 789.062 -500.000 54.688 921.875 148.438 -757.812 773.438 31.250 -296.875 929.688
-500.000 554.688 -671.875 -578.125 -195.312 812.500 -593.750 70.312 804.688 117.188 -742.188 773.438 117.188 -304.688 1031.250
-484.375 578.125 -695.312 -601.562 -195.312 773.438 -617.188 85.938 781.250 31.250 -679.688 710.938 109.375 -257.812 1007.812
-445.312 523.438 -664.062 -656.250 -179.688 710.938 -656.250 93.750 710.938 15.625 -656.250 687.500 70.312 -273.438 929.688
-460.938 523.438 -687.500 -656.250 -164.062 710.938 -648.438 85.938 710.938 0.000 -648.438 679.688 23.438 -265.625 890.625
-468.750 578.125 -695.312 -640.625 -171.875 750.000 -687.500 78.125 679.688 15.625 -656.250 695.312 54.688 -312.500 867.188
-476.562 593.750 -726.562 -656.250 -187.500 718.750 -679.688 62.500 656.250 -39.062 -632.812 554.688 54.688 -335.938 859.375
-468.750 617.188 -718.750 -648.438 -164.062 703.125 -656.250 39.062 679.688 54.688 -664.062 625.000 23.438 -343.750 796.875
-468.750 617.188 -718.750 -648.438 -164.062 703.125 -656.250 39.062 679.688 54.688 -664.062 625.000 23.438 -343.750 796.875
-398.438 578.125 -601.562 -593.750 -148.438 750.000 -632.812 78.125 648.438 85.938 -656.250 664.062 242.188 -132.812 1015.625
-421.875 562.500 -609.375 -609.375 -117.188 765.625 -710.938 -15.625 593.750 187.500 -734.375 515.625 242.188 -187.500 882.812
-515.625 617.188 -828.125 -1375.000 -773.438 1109.375 -382.812 -70.312 546.875 156.250 -718.750 429.688 203.125 -250.000 796.875
-523.438 656.250 -828.125 -1468.750 1476.562 -390.625 -804.688 281.250 468.750 -23.438 -664.062 531.250 203.125 -523.438 835.938
-460.938 671.875 -796.875 320.312 -1054.688 1015.625 -265.625 460.938 562.500 296.875 -695.312 242.188 218.750 -460.938 851.562
-546.875 687.500 -718.750 -1164.062 -414.062 648.438 -234.375 -125.000 492.188 164.062 -398.438 554.688 265.625 -250.000 804.688
-492.188 460.938 -609.375 -453.125 -171.875 554.688 -171.875 -85.938 554.688 328.125 -515.625 648.438 195.312 -93.750 867.188
-492.188 312.500 -609.375 -171.875 -320.312 679.688 414.062 -203.125 976.562 296.875 -382.812 546.875 250.000 -218.750 937.500
-492.188 312.500 -609.375 -171.875 -320.312 679.688 414.062 -203.125 976.562 296.875 -382.812 546.875 250.000 -218.750 937.500
-523.438 328.125 -570.312 0.000 -351.562 953.125 343.750 -39.062 1531.250 296.875 -500.000 648.438 148.438 0.000 843.750
-554.688 421.875 -554.688 46.875 -250.000 968.750 406.250 -39.062 1523.438 632.812 -453.125 1046.875 210.938 -140.625 882.812
-531.250 429.688 -523.438 187.500 -226.562 1320.312 453.125 31.250 1226.562 593.750 -421.875 1140.625 226.562 -15.625 929.688
-382.812 437.500 -507.812 242.188 -179.688 1468.750 273.438 85.938 1031.250 601.562 -492.188 968.750 250.000 -70.312 898.438
-585.938 671.875 -695.312 -15.625 -335.938 929.688 39.062 -132.812 820.312 445.312 -398.438 648.438 312.500 -78.125 843.750
-578.125 632.812 -703.125 -23.438 -351.562 804.688 179.688 -187.500 750.000 539.062 -476.562 609.375 328.125 -93.750 859.375
-406.250 562.500 -492.188 62.500 -382.812 820.312 429.688 -117.188 1015.625 554.688 -429.688 593.750 468.750 -117.188 859.375
-484.375 523.438 -531.250 101.562 -390.625 921.875 515.625 -140.625 1007.812 750.000 -437.500 703.125 539.062 -101.562 898.438
-515.625 546.875 -585.938 156.250 -367.188 945.312 531.250 -140.625 992.188 734.375 -414.062 656.250 546.875 -101.562 898.438
-515.625 546.875 -585.938 156.250 -367.188 945.312 531.250 -140.625 992.188 734.375 -414.062 656.250 546.875 -101.562 898.438
-523.438 585.938 -593.750 203.125 -351.562 1015.625 539.062 -148.438 976.562 757.812 -367.188 640.625 515.625 -101.562 867.188
-468.750 671.875 -601.562 257.812 -390.625 1046.875 507.812 -171.875 968.750 726.562 -437.500 625.000 492.188 -132.812 851.562
-500.000 656.250 -632.812 257.812 -382.812 1046.875 531.250 -195.312 960.938 718.750 -421.875 625.000 492.188 -140.625 851.562
-515.625 632.812 -640.625 242.188 -390.625 1015.625 523.438 -195.312 968.750 750.000 -406.250 617.188 492.188 -140.625 867.188
-460.938 703.125 -585.938 156.250 -375.000 929.688 546.875 -187.500 960.938 734.375 -421.875 601.562 531.250 -125.000 859.375
-390.625 703.125 -546.875 156.250 -328.125 937.500 601.562 -265.625 976.562 796.875 -476.562 632.812 500.000 -140.625 867.188
-343.750 718.750 -500.000 265.625 -453.125 984.375 750.000 -375.000 1125.000 750.000 -445.312 632.812 570.312 -187.500 914.062
-351.562 656.250 -500.000 484.375 -757.812 1218.750 812.500 -335.938 1289.062 1007.812 -585.938 750.000 765.625 -257.812 1125.000
-351.562 656.250 -500.000 484.375 -757.812 1218.750 812.500 -335.938 1289.062 1007.812 -585.938 750.000 765.625 -257.812 1125.000
-539.062 570.312 -515.625 328.125 -703.125 1679.688 625.000 -210.938 843.750 1132.812 -523.438 671.875 320.312 109.375 898.438
-523.438 523.438 -804.688 929.688 23.438 1421.875 679.688 -250.000 1250.000 843.750 -906.250 921.875 679.688 -398.438 984.375
-625.000 679.688 -906.250 164.062 -54.688 1015.625 726.562 -484.375 1273.438 804.688 -265.625 812.500 781.250 -273.438 1093.750
-609.375 921.875 -820.312 -906.250 -195.312 140.625 39.062 -515.625 476.562 757.812 -445.312 781.250 382.812 226.562 773.438
-523.438 820.312 -734.375 -1015.625 -625.000 -7.812 39.062 -468.750 367.188 437.500 -554.688 23.438 453.125 -359.375 867.188
-343.750 625.000 -617.188 -398.438 -585.938 484.375 617.188 -460.938 554.688 1171.875 -492.188 273.438 812.500 -664.062 937.500
-656.250 804.688 -953.125 0.000 -429.688 812.500 -171.875 -250.000 921.875 421.875 -914.062 273.438 70.312 -406.250 835.938
-656.250 804.688 -953.125 0.000 -429.688 812.500 -171.875 -250.000 921.875 421.875 -914.062 273.438 70.312 -406.250 835.938
-570.312 765.625 -820.312 -39.062 -390.625 570.312 117.188 -320.312 773.438 296.875 -671.875 359.375 445.312 -664.062 828.125
-585.938 656.250 -750.000 85.938 -671.875 804.688 437.500 -101.562 804.688 289.062 -796.875 218.750 445.312 -585.938 875.000
-609.375 664.062 -750.000 -265.625 -578.125 617.188 273.438 -226.562 867.188 382.812 -531.250 570.312 359.375 -539.062 875.000
-398.438 789.062 -132.812 406.250 257.812 1109.375 265.625 648.438 757.812 460.938 -734.375 453.125 359.375 -523.438 898.438
-851.562 726.562 -578.125 -359.375 296.875 1062.500 -78.125 750.000 875.000 -328.125 -281.250 906.250 -70.312 7.812 570.312
-640.625 203.125 -523.438 -453.125 710.938 1195.312 -343.750 726.562 843.750 -250.000 -218.750 679.688 -484.375 398.438 546.875
-632.812 148.438 -445.312 -296.875 93.750 875.000 -78.125 351.562 835.938 -171.875 -203.125 835.938 -109.375 0.000 804.688
-632.812 148.438 -445.312 -296.875 93.750 875.000 -78.125 351.562 835.938 -171.875 -203.125 835.938 -109.375 0.000 804.688
-562.500 257.812 -398.438 -54.688 -62.500 851.562 31.250 117.188 921.875 78.125 -343.750 781.250 132.812 54.688 867.188
-562.500 257.812 -398.438 -54.688 -62.500 851.562 31.250 117.188 921.875 78.125 -343.750 781.250 132.812 54.688 867.188
-500.000 328.125 -398.438 0.000 -132.812 843.750 156.250 125.000 960.938 335.938 -515.625 765.625 101.562 -54.688 953.125
-679.688 351.562 -476.562 39.062 70.312 937.500 179.688 242.188 921.875 335.938 -421.875 718.750 234.375 -39.062 859.375
-679.688 335.938 -500.000 46.875 62.500 929.688 140.625 226.562 882.812 250.000 -421.875 726.562 210.938 -54.688 867.188
-640.625 515.625 -484.375 23.438 39.062 921.875 109.375 218.750 890.625 289.062 -414.062 750.000 148.438 -78.125 859.375
-656.250 546.875 -445.312 0.000 -39.062 914.062 125.000 109.375 929.688 312.500 -484.375 718.750 242.188 -156.250 898.438
-656.250 546.875 -445.312 0.000 -39.062 914.062 125.000 109.375 929.688 312.500 -484.375 718.750 242.188 -156.250 898.438
-656.250 500.000 -460.938 46.875 -85.938 945.312 179.688 85.938 960.938 328.125 -539.062 710.938 257.812 -195.312 937.500
-656.250 500.000 -460.938 46.875 -85.938 945.312 179.688 85.938 960.938 328.125 -539.062 710.938 257.812 -195.312 937.500
-656.250 500.000 -460.938 46.875 -85.938 945.312 179.688 85.938 960.938 328.125 -539.062 710.938 257.812 -195.312 937.500
-625.000 679.688 -515.625 234.375 -93.750 984.375 304.688 39.062 992.188 476.562 -593.750 734.375 351.562 -226.562 953.125
-601.562 710.938 -507.812 242.188 -101.562 976.562 304.688 23.438 1000.000 460.938 -617.188 710.938 328.125 -226.562 945.312
-601.562 695.312 -515.625 226.562 -109.375 1000.000 328.125 101.562 1007.812 445.312 -601.562 710.938 375.000 -210.938 976.562
-593.750 578.125 -515.625 179.688 -54.688 1007.812 195.312 101.562 960.938 507.812 -554.688 742.188 359.375 -156.250 960.938
-562.500 789.062 -445.312 140.625 -7.812 992.188 210.938 273.438 976.562 398.438 -539.062 750.000 289.062 -85.938 906.250
-531.250 562.500 -367.188 93.750 125.000 1078.125 242.188 351.562 1031.250 343.750 -414.062 796.875 210.938 -31.250 867.188
-531.250 562.500 -367.188 93.750 125.000 1078.125 242.188 351.562 1031.250 343.750 -414.062 796.875 210.938 -31.250 867.188
-414.062 664.062 -226.562 304.688 257.812 1265.625 281.250 437.500 1039.062 359.375 -414.062 843.750 203.125 -70.312 906.250
-414.062 664.062 -226.562 304.688 257.812 1265.625 281.250 437.500 1039.062 359.375 -414.062 843.750 203.125 -70.312 906.250
-742.188 531.250 -609.375 46.875 31.250 960.938 125.000 117.188 906.250 429.688 -406.250 828.125 242.188 -125.000 898.438
-703.125 507.812 -710.938 85.938 -46.875 890.625 171.875 93.750 890.625 359.375 -414.062 781.250 203.125 -179.688 898.438
-593.750 476.562 -632.812 -62.500 -93.750 812.500 39.062 -23.438 804.688 304.688 -531.250 679.688 218.750 -289.062 890.625
-617.188 601.562 -664.062 -39.062 -140.625 812.500 93.750 23.438 859.375 273.438 -531.250 640.625 257.812 -312.500 875.000
-632.812 648.438 -648.438 15.625 -78.125 953.125 117.188 93.750 945.312 281.250 -539.062 625.000 257.812 -273.438 867.188
