1054.688 -609.375 -570.312 781.250 -148.438 578.125 757.812 132.812 625.000 671.875 750.000 468.750 515.625 882.812 726.562
492.188 -234.375 -179.688 679.688 -125.000 476.562 734.375 125.000 546.875 625.000 843.750 507.812 460.938 906.250 1007.812
460.938 -523.438 -109.375 640.625 -250.000 421.875 921.875 156.250 320.312 703.125 945.312 312.500 375.000 804.688 1007.812
484.375 -773.438 -132.812 593.750 -304.688 585.938 1070.312 -117.188 210.938 851.562 882.812 132.812 531.250 859.375 859.375
750.000 -1382.812 -31.250 593.750 -632.812 718.750 1015.625 -359.375 406.250 1054.688 -62.500 39.062 1023.438 554.688 -93.750
585.938 -1453.125 117.188 968.750 -539.062 781.250 804.688 -953.125 179.688 1437.500 -109.375 -7.812 1148.438 304.688 -281.250
265.625 -1656.250 273.438 781.250 -484.375 640.625 976.562 -406.250 289.062 1093.750 -414.062 -93.750 890.625 -156.250 -195.312
765.625 -156.250 -7.812 875.000 -203.125 320.312 945.312 -78.125 242.188 1000.000 304.688 101.562 851.562 398.438 398.438
765.625 -156.250 -7.812 875.000 -203.125 320.312 945.312 -78.125 242.188 1000.000 304.688 101.562 851.562 398.438 398.438
765.625 -156.250 -7.812 875.000 -203.125 320.312 945.312 -78.125 242.188 1000.000 304.688 101.562 851.562 398.438 398.438
765.625 -156.250 -7.812 875.000 -203.125 320.312 945.312 -78.125 242.188 1000.000 304.688 101.562 851.562 398.438 398.438
812.500 -359.375 62.500 875.000 -273.438 320.312 976.562 -15.625 250.000 835.938 406.250 335.938 828.125 460.938 593.750
812.500 -359.375 62.500 875.000 -273.438 320.312 976.562 -15.625 250.000 835.938 406.250 335.938 828.125 460.938 593.750
820.312 -554.688 70.312 875.000 -367.188 382.812 984.375 -171.875 195.312 968.750 203.125 117.188 890.625 234.375 289.062
820.312 -554.688 70.312 875.000 -367.188 382.812 984.375 -171.875 195.312 968.750 203.125 117.188 890.625 234.375 289.062
718.750 -445.312 109.375 898.438 -328.125 289.062 984.375 -148.438 171.875 929.688 203.125 140.625 859.375 250.000 359.375
804.688 -304.688 101.562 859.375 -312.500 304.688 992.188 -164.062 148.438 953.125 203.125 117.188 859.375 218.750 367.188
804.688 -304.688 101.562 859.375 -312.500 304.688 992.188 -164.062 148.438 953.125 203.125 117.188 859.375 218.750 367.188
804.688 -304.688 101.562 859.375 -312.500 304.688 992.188 -164.062 148.438 953.125 203.125 117.188 859.375 218.750 367.188
695.312 -429.688 296.875 632.812 -718.750 703.125 835.938 -398.438 671.875 757.812 54.688 656.250 906.250 273.438 460.938
695.312 -429.688 296.875 632.812 -718.750 703.125 835.938 -398.438 671.875 757.812 54.688 656.250 906.250 273.438 460.938
695.312 -429.688 296.875 632.812 -718.750 703.125 835.938 -398.438 671.875 757.812 54.688 656.250 906.250 273.438 460.938
695.312 -429.688 296.875 632.812 -718.750 703.125 835.938 -398.438 671.875 757.812 54.688 656.250 906.250 273.438 460.938
554.688 -632.812 351.562 773.438 -234.375 625.000 250.000 -187.500 992.188 414.062 -484.375 890.625 703.125 242.188 523.438
554.688 -632.812 351.562 773.438 -234.375 625.000 250.000 -187.500 992.188 414.062 -484.375 890.625 703.125 242.188 523.438
625.000 -460.938 148.438 929.688 -125.000 109.375 -203.125 148.438 -195.312 476.562 476.562 -31.250 585.938 593.750 750.000
1179.688 -1109.375 -726.562 1406.250 500.000 -164.062 1632.812 164.062 -609.375 1578.125 781.250 -1406.250 1085.938 1132.812 -617.188
1179.688 -1109.375 -726.562 1406.250 500.000 -164.062 1632.812 164.062 -609.375 1578.125 781.250 -1406.250 1085.938 1132.812 -617.188
1179.688 -1109.375 -726.562 1406.250 500.000 -164.062 1632.812 164.062 -609.375 1578.125 781.250 -1406.250 1085.938 1132.812 -617.188
953.125 -695.312 -312.500 1984.375 46.875 -218.750 1203.125 500.000 7.812 1078.125 23.438 -476.562 1445.312 234.375 -1414.062
648.438 -734.375 70.312 1140.625 -304.688 109.375 1171.875 -242.188 -273.438 929.688 -148.438 -500.000 992.188 -234.375 -375.000
585.938 -945.312 85.938 1179.688 -351.562 31.250 1062.500 -195.312 -335.938 945.312 31.250 -546.875 593.750 46.875 -15.625
742.188 -640.625 -7.812 1031.250 -140.625 85.938 976.562 46.875 -164.062 921.875 164.062 -335.938 1085.938 289.062 -242.188
742.188 -640.625 -7.812 1031.250 -140.625 85.938 976.562 46.875 -164.062 921.875 164.062 -335.938 1085.938 289.062 -242.188
1031.250 -289.062 -164.062 820.312 -70.312 273.438 937.500 125.000 23.438 890.625 398.438 -132.812 960.938 476.562 31.250
835.938 -476.562 -46.875 929.688 -125.000 195.312 945.312 109.375 -23.438 898.438 390.625 -109.375 945.312 468.750 117.188
835.938 -476.562 -46.875 929.688 -125.000 195.312 945.312 109.375 -23.438 898.438 390.625 -109.375 945.312 468.750 117.188
742.188 -523.438 -15.625 937.500 -203.125 187.500 960.938 0.000 -85.938 906.250 296.875 -234.375 945.312 343.750 -15.625
812.500 -484.375 -93.750 1015.625 -273.438 148.438 1054.688 -15.625 -171.875 976.562 273.438 -312.500 992.188 289.062 -93.750
828.125 -390.625 -85.938 1046.875 -234.375 156.250 1054.688 -23.438 -156.250 968.750 265.625 -328.125 976.562 289.062 -93.750
835.938 -328.125 -125.000 1054.688 -195.312 203.125 1140.625 -7.812 -93.750 1101.562 289.062 -281.250 1093.750 343.750 -46.875
929.688 -304.688 -187.500 1078.125 -203.125 250.000 1234.375 -23.438 -15.625 1234.375 335.938 -195.312 1156.250 406.250 78.125
1156.250 -695.312 -546.875 1023.438 -398.438 390.625 1453.125 -179.688 7.812 1453.125 210.938 -296.875 1195.312 234.375 15.625
1156.250 -695.312 -546.875 1023.438 -398.438 390.625 1453.125 -179.688 7.812 1453.125 210.938 -296.875 1195.312 234.375 15.625
1328.125 -1226.562 -695.312 804.688 -515.625 968.750 1070.312 62.500 -226.562 1617.188 132.812 -507.812 937.500 218.750 -109.375
1328.125 -1226.562 -695.312 804.688 -515.625 968.750 1070.312 62.500 -226.562 1617.188 132.812 -507.812 937.500 218.750 -109.375
1460.938 -2031.250 -976.562 601.562 -414.062 -62.500 773.438 -109.375 -890.625 945.312 539.062 -1195.312 1101.562 640.625 -70.312
1515.625 -2187.500 -1093.750 750.000 296.875 -203.125 445.312 593.750 -976.562 492.188 539.062 -1328.125 664.062 -242.188 -468.750
1085.938 -1640.625 -742.188 242.188 1187.500 -492.188 -257.812 1289.062 -70.312 1007.812 -1039.062 -867.188 7.812 -656.250 -1304.688
-39.062 -703.125 554.688 -992.188 195.312 -234.375 -2390.625 -382.812 171.875 -2000.000 -437.500 -1656.250 -2835.938 -664.062 -2023.438
679.688 -148.438 648.438 179.688 -3296.875 3007.812 -468.750 -1484.375 1531.250 -2359.375 3992.188 3671.875 -1968.750 1718.750 3992.188
890.625 -78.125 296.875 906.250 -320.312 664.062 1046.875 210.938 1015.625 -468.750 609.375 1617.188 -1140.625 421.875 1718.750
890.625 -78.125 296.875 906.250 -320.312 664.062 1046.875 210.938 1015.625 -468.750 609.375 1617.188 -1140.625 421.875 1718.750
890.625 -78.125 296.875 906.250 -320.312 664.062 1046.875 210.938 1015.625 -468.750 609.375 1617.188 -1140.625 421.875 1718.750
890.625 -78.125 296.875 906.250 -320.312 664.062 1046.875 210.938 1015.625 -468.750 609.375 1617.188 -1140.625 421.875 1718.750
1062.500 -179.688 156.250 593.750 -289.062 734.375 507.812 15.625 812.500 -140.625 382.812 1031.250 -695.312 414.062 1101.562
1109.375 -85.938 46.875 382.812 -156.250 820.312 320.312 -46.875 945.312 242.188 85.938 945.312 125.000 429.688 812.500
742.188 -492.188 320.312 445.312 -218.750 765.625 617.188 15.625 757.812 460.938 304.688 851.562 226.562 523.438 906.250
828.125 -234.375 242.188 375.000 -85.938 718.750 484.375 132.812 750.000 242.188 382.812 890.625 -15.625 500.000 937.500
828.125 -234.375 242.188 375.000 -85.938 718.750 484.375 132.812 750.000 242.188 382.812 890.625 -15.625 500.000 937.500
859.375 -273.438 234.375 328.125 -140.625 757.812 468.750 93.750 781.250 273.438 343.750 906.250 78.125 492.188 921.875
773.438 -554.688 273.438 132.812 -132.812 835.938 328.125 101.562 898.438 187.500 328.125 960.938 39.062 484.375 937.500
773.438 -554.688 273.438 132.812 -132.812 835.938 328.125 101.562 898.438 187.500 328.125 960.938 39.062 484.375 937.500
773.438 -554.688 273.438 132.812 -132.812 835.938 328.125 101.562 898.438 187.500 328.125 960.938 39.062 484.375 937.500
757.812 -367.188 265.625 203.125 -335.938 976.562 500.000 -54.688 890.625 210.938 273.438 960.938 -46.875 445.312 968.750
742.188 -250.000 296.875 554.688 -617.188 1117.188 656.250 -390.625 968.750 437.500 93.750 937.500 62.500 335.938 984.375
281.250 62.500 664.062 375.000 -1093.750 1492.188 1046.875 -750.000 984.375 773.438 -265.625 921.875 468.750 93.750 890.625
406.250 -148.438 812.500 500.000 -1164.062 773.438 976.562 -976.562 1031.250 984.375 -453.125 914.062 679.688 23.438 859.375
1125.000 -1109.375 -250.000 726.562 -234.375 257.812 671.875 -179.688 812.500 625.000 -632.812 1195.312 640.625 -23.438 742.188
1125.000 -1109.375 -250.000 726.562 -234.375 257.812 671.875 -179.688 812.500 625.000 -632.812 1195.312 640.625 -23.438 742.188
2437.500 -945.312 -1023.438 1148.438 1054.688 -460.938 359.375 484.375 453.125 554.688 31.250 687.500 492.188 593.750 679.688
1187.500 -671.875 -1023.438 671.875 93.750 234.375 609.375 1000.000 406.250 -62.500 796.875 664.062 -85.938 828.125 718.750
1187.500 -671.875 -1023.438 671.875 93.750 234.375 609.375 1000.000 406.250 -62.500 796.875 664.062 -85.938 828.125 718.750
1609.375 484.375 -718.750 1242.188 218.750 -179.688 296.875 695.312 0.000 218.750 757.812 476.562 -554.688 1195.312 890.625
1609.375 484.375 -718.750 1242.188 218.750 -179.688 296.875 695.312 0.000 218.750 757.812 476.562 -554.688 1195.312 890.625
1273.438 492.188 -85.938 1218.750 -390.625 -46.875 671.875 156.250 437.500 109.375 460.938 851.562 -437.500 398.438 1085.938
1273.438 492.188 -85.938 1218.750 -390.625 -46.875 671.875 156.250 437.500 109.375 460.938 851.562 -437.500 398.438 1085.938
-531.250 -304.688 1156.250 1187.500 -742.188 -156.250 343.750 -468.750 1328.125 54.688 -718.750 1289.062 39.062 15.625 1046.875
1390.625 -195.312 304.688 1000.000 -679.688 -132.812 1234.375 -148.438 796.875 632.812 257.812 937.500 617.188 671.875 945.312
1390.625 -195.312 304.688 1000.000 -679.688 -132.812 1234.375 -148.438 796.875 632.812 257.812 937.500 617.188 671.875 945.312
1437.500 1531.250 210.938 -2632.812 -773.438 1656.250 1867.188 718.750 445.312 976.562 906.250 914.062 320.312 -125.000 937.500
1437.500 1531.250 210.938 -2632.812 -773.438 1656.250 1867.188 718.750 445.312 976.562 906.250 914.062 320.312 -125.000 937.500
937.500 140.625 343.750 -2921.875 -3023.438 1750.000 851.562 -148.438 1835.938 1328.125 382.812 679.688 382.812 1460.938 843.750
820.312 -15.625 304.688 515.625 -992.188 781.250 953.125 78.125 601.562 835.938 -85.938 921.875 -46.875 93.750 1015.625
1226.562 281.250 164.062 578.125 -546.875 882.812 445.312 265.625 914.062 414.062 46.875 921.875 429.688 671.875 773.438
851.562 -70.312 390.625 453.125 -343.750 765.625 679.688 343.750 789.062 546.875 109.375 945.312 148.438 546.875 875.000
890.625 -101.562 406.250 492.188 -320.312 773.438 585.938 296.875 734.375 468.750 187.500 882.812 218.750 585.938 828.125
890.625 -101.562 406.250 492.188 -320.312 773.438 585.938 296.875 734.375 468.750 187.500 882.812 218.750 585.938 828.125
929.688 62.500 421.875 726.562 -289.062 726.562 750.000 265.625 679.688 625.000 187.500 789.062 406.250 609.375 742.188
929.688 62.500 421.875 726.562 -289.062 726.562 750.000 265.625 679.688 625.000 187.500 789.062 406.250 609.375 742.188
914.062 78.125 437.500 765.625 -273.438 710.938 757.812 265.625 648.438 679.688 195.312 781.250 398.438 609.375 734.375
867.188 117.188 421.875 718.750 -218.750 718.750 742.188 320.312 648.438 656.250 203.125 781.250 414.062 617.188 695.312
875.000 125.000 421.875 726.562 -250.000 703.125 734.375 296.875 640.625 648.438 179.688 773.438 414.062 578.125 679.688
851.562 125.000 398.438 718.750 -242.188 687.500 742.188 296.875 617.188 710.938 195.312 734.375 453.125 601.562 656.250
843.750 117.188 398.438 687.500 -234.375 671.875 757.812 304.688 617.188 679.688 210.938 734.375 484.375 632.812 664.062
757.812 93.750 445.312 523.438 -148.438 687.500 640.625 460.938 625.000 562.500 351.562 789.062 93.750 859.375 703.125
695.312 125.000 500.000 367.188 -54.688 734.375 500.000 664.062 671.875 460.938 484.375 976.562 468.750 617.188 562.500
640.625 78.125 562.500 421.875 -15.625 812.500 625.000 585.938 773.438 406.250 742.188 1148.438 101.562 1046.875 1312.500
367.188 320.312 710.938 1062.500 234.375 382.812 828.125 414.062 765.625 343.750 375.000 1117.188 -171.875 539.062 1125.000
367.188 320.312 710.938 1062.500 234.375 382.812 828.125 414.062 765.625 343.750 375.000 1117.188 -171.875 539.062 1125.000
710.938 476.562 468.750 703.125 -460.938 789.062 515.625 -39.062 710.938 164.062 187.500 890.625 -250.000 429.688 945.312
1351.562 -257.812 46.875 937.500 -46.875 218.750 1046.875 343.750 546.875 851.562 31.250 703.125 976.562 226.562 421.875
1351.562 -257.812 46.875 937.500 -46.875 218.750 1046.875 343.750 546.875 851.562 31.250 703.125 976.562 226.562 421.875
1351.562 -257.812 46.875 937.500 -46.875 218.750 1046.875 343.750 546.875 851.562 31.250 703.125 976.562 226.562 421.875
734.375 -773.438 351.562 843.750 -304.688 312.500 781.250 203.125 359.375 453.125 398.438 632.812 796.875 601.562 671.875
781.250 -781.250 343.750 687.500 -234.375 437.500 718.750 218.750 468.750 640.625 468.750 703.125 453.125 632.812 773.438
804.688 -625.000 281.250 671.875 -210.938 500.000 648.438 226.562 531.250 539.062 406.250 742.188 398.438 585.938 687.500
828.125 -281.250 132.812 734.375 -93.750 468.750 656.250 281.250 523.438 312.500 -15.625 546.875 515.625 93.750 -382.812
828.125 -281.250 132.812 734.375 -93.750 468.750 656.250 281.250 523.438 312.500 -15.625 546.875 515.625 93.750 -382.812
1007.812 -265.625 62.500 898.438 -7.812 304.688 710.938 179.688 406.250 804.688 343.750 500.000 664.062 468.750 718.750
1023.438 -320.312 39.062 929.688 -62.500 265.625 750.000 203.125 414.062 757.812 382.812 625.000 578.125 523.438 867.188
1023.438 -429.688 46.875 960.938 -234.375 250.000 890.625 289.062 453.125 656.250 335.938 757.812 710.938 476.562 851.562
937.500 -437.500 101.562 796.875 -437.500 453.125 898.438 39.062 492.188 781.250 218.750 593.750 937.500 484.375 281.250
937.500 -437.500 101.562 796.875 -437.500 453.125 898.438 39.062 492.188 781.250 218.750 593.750 937.500 484.375 281.250
921.875 -484.375 101.562 734.375 -484.375 531.250 953.125 0.000 484.375 859.375 210.938 515.625 945.312 429.688 218.750
851.562 -632.812 148.438 609.375 -546.875 671.875 851.562 -195.312 507.812 937.500 164.062 382.812 867.188 468.750 179.688
773.438 -765.625 226.562 695.312 -484.375 609.375 875.000 -109.375 531.250 898.438 156.250 445.312 851.562 421.875 226.562
773.438 -765.625 226.562 695.312 -484.375 609.375 875.000 -109.375 531.250 898.438 156.250 445.312 851.562 421.875 226.562
757.812 -796.875 234.375 695.312 -460.938 609.375 875.000 -85.938 531.250 875.000 195.312 460.938 820.312 437.500 281.250
718.750 -781.250 265.625 703.125 -445.312 601.562 859.375 -78.125 515.625 867.188 273.438 468.750 734.375 500.000 414.062
687.500 -718.750 242.188 718.750 -382.812 578.125 875.000 7.812 515.625 835.938 328.125 500.000 726.562 570.312 468.750
687.500 -718.750 242.188 718.750 -382.812 578.125 875.000 7.812 515.625 835.938 328.125 500.000 726.562 570.312 468.750
679.688 -703.125 218.750 695.312 -367.188 585.938 859.375 15.625 531.250 828.125 351.562 507.812 718.750 578.125 476.562
718.750 -609.375 156.250 617.188 -359.375 679.688 804.688 7.812 609.375 804.688 375.000 539.062 664.062 625.000 531.250
718.750 -609.375 156.250 617.188 -359.375 679.688 804.688 7.812 609.375 804.688 375.000 539.062 664.062 625.000 531.250
726.562 -679.688 140.625 609.375 -367.188 703.125 796.875 31.250 648.438 789.062 375.000 593.750 695.312 632.812 523.438
726.562 -679.688 140.625 609.375 -367.188 703.125 796.875 31.250 648.438 789.062 375.000 593.750 695.312 632.812 523.438
710.938 -750.000 132.812 593.750 -375.000 726.562 765.625 31.250 679.688 773.438 367.188 617.188 671.875 640.625 531.250
695.312 -796.875 148.438 562.500 -390.625 765.625 773.438 7.812 695.312 789.062 375.000 609.375 679.688 656.250 531.250
671.875 -828.125 156.250 578.125 -398.438 750.000 796.875 0.000 664.062 796.875 382.812 585.938 640.625 664.062 562.500
671.875 -867.188 148.438 585.938 -398.438 726.562 828.125 15.625 648.438 804.688 390.625 593.750 656.250 656.250 570.312
695.312 -968.750 125.000 625.000 -390.625 718.750 828.125 15.625 617.188 804.688 421.875 562.500 648.438 656.250 593.750
656.250 -937.500 148.438 625.000 -421.875 687.500 835.938 -15.625 617.188 812.500 359.375 562.500 656.250 617.188 570.312
