828.125 -617.188 -125.000 570.312 -421.875 687.500 593.750 70.312 804.688 453.125 382.812 828.125 62.500 554.688 867.188
828.125 -625.000 -109.375 585.938 -421.875 695.312 593.750 78.125 804.688 453.125 375.000 820.312 70.312 562.500 859.375
843.750 -648.438 -109.375 578.125 -421.875 679.688 593.750 78.125 796.875 445.312 375.000 828.125 78.125 546.875 851.562
843.750 -656.250 -125.000 585.938 -406.250 687.500 601.562 85.938 812.500 460.938 382.812 820.312 78.125 546.875 851.562
851.562 -664.062 -125.000 585.938 -382.812 679.688 593.750 93.750 804.688 460.938 367.188 820.312 78.125 546.875 843.750
914.062 -726.562 -140.625 601.562 -390.625 656.250 593.750 109.375 781.250 476.562 398.438 812.500 101.562 570.312 843.750
835.938 -851.562 -132.812 554.688 -359.375 664.062 578.125 132.812 781.250 453.125 414.062 804.688 78.125 585.938 859.375
812.500 -945.312 -93.750 578.125 -281.250 664.062 585.938 148.438 765.625 453.125 421.875 796.875 70.312 578.125 859.375
890.625 -1046.875 -101.562 578.125 -304.688 656.250 570.312 171.875 757.812 445.312 445.312 820.312 31.250 578.125 882.812
648.438 -867.188 109.375 507.812 -492.188 726.562 546.875 78.125 835.938 421.875 398.438 851.562 31.250 585.938 867.188
726.562 -828.125 117.188 476.562 -460.938 742.188 500.000 70.312 859.375 390.625 351.562 867.188 39.062 523.438 851.562
718.750 -843.750 132.812 484.375 -484.375 750.000 500.000 62.500 867.188 382.812 343.750 859.375 31.250 507.812 851.562
773.438 -742.188 132.812 484.375 -500.000 750.000 539.062 -7.812 882.812 414.062 273.438 875.000 39.062 421.875 820.312
968.750 -757.812 -46.875 625.000 -476.562 656.250 578.125 54.688 820.312 445.312 304.688 812.500 148.438 546.875 781.250
945.312 -671.875 -39.062 539.062 -554.688 679.688 593.750 23.438 804.688 492.188 335.938 820.312 85.938 523.438 812.500
968.750 -421.875 -15.625 492.188 -562.500 726.562 539.062 -46.875 812.500 484.375 320.312 789.062 85.938 578.125 804.688
1093.750 101.562 -54.688 476.562 -585.938 750.000 617.188 46.875 820.312 390.625 335.938 851.562 31.250 523.438 828.125
882.812 -242.188 109.375 546.875 -507.812 617.188 562.500 62.500 757.812 421.875 406.250 804.688 -15.625 585.938 859.375
867.188 -265.625 187.500 554.688 -601.562 632.812 695.312 101.562 679.688 437.500 460.938 804.688 -46.875 578.125 898.438
812.500 -359.375 226.562 468.750 -539.062 625.000 648.438 171.875 671.875 429.688 507.812 765.625 -39.062 609.375 914.062
289.062 -70.312 281.250 562.500 -625.000 664.062 718.750 7.812 687.500 390.625 460.938 781.250 -70.312 648.438 890.625
664.062 -328.125 273.438 171.875 -187.500 898.438 367.188 -304.688 851.562 343.750 304.688 750.000 -93.750 695.312 851.562
695.312 -335.938 312.500 140.625 -23.438 804.688 -171.875 304.688 1250.000 375.000 125.000 984.375 -46.875 687.500 804.688
820.312 -351.562 179.688 23.438 -54.688 968.750 -164.062 281.250 1250.000 46.875 195.312 1078.125 -140.625 679.688 851.562
945.312 -390.625 203.125 -210.938 -453.125 1171.875 7.812 242.188 1179.688 -296.875 375.000 1257.812 -343.750 539.062 1046.875
1000.000 -625.000 343.750 -109.375 -625.000 960.938 156.250 445.312 1062.500 -421.875 421.875 1375.000 -578.125 367.188 1257.812
1046.875 -304.688 335.938 578.125 -773.438 812.500 570.312 117.188 929.688 93.750 281.250 1070.312 -101.562 281.250 984.375
1062.500 -226.562 250.000 679.688 -632.812 828.125 671.875 156.250 976.562 539.062 109.375 953.125 85.938 351.562 890.625
1023.438 -203.125 148.438 664.062 -648.438 710.938 570.312 62.500 898.438 570.312 140.625 812.500 226.562 460.938 781.250
1015.625 -187.500 140.625 632.812 -625.000 679.688 546.875 23.438 875.000 445.312 39.062 828.125 179.688 343.750 812.500
1023.438 -93.750 148.438 703.125 -609.375 640.625 601.562 -15.625 843.750 476.562 171.875 906.250 62.500 335.938 945.312
1007.812 -101.562 156.250 640.625 -609.375 648.438 531.250 -15.625 828.125 382.812 164.062 882.812 23.438 351.562 906.250
1023.438 -109.375 148.438 523.438 -593.750 664.062 429.688 -7.812 851.562 351.562 109.375 867.188 93.750 359.375 859.375
976.562 -148.438 164.062 484.375 -585.938 656.250 437.500 0.000 828.125 367.188 117.188 859.375 117.188 343.750 851.562
914.062 -132.812 156.250 500.000 -562.500 617.188 484.375 39.062 796.875 429.688 101.562 828.125 195.312 359.375 843.750
898.438 -125.000 148.438 500.000 -523.438 617.188 460.938 62.500 812.500 437.500 117.188 828.125 187.500 382.812 851.562
882.812 -109.375 140.625 445.312 -476.562 617.188 359.375 125.000 828.125 328.125 171.875 882.812 101.562 429.688 875.000
890.625 -140.625 140.625 367.188 -468.750 656.250 265.625 156.250 867.188 226.562 179.688 945.312 7.812 445.312 921.875
953.125 -226.562 132.812 171.875 -468.750 781.250 54.688 164.062 1000.000 78.125 195.312 1015.625 -85.938 476.562 929.688
976.562 -289.062 140.625 101.562 -500.000 828.125 -54.688 156.250 1046.875 7.812 195.312 1062.500 -125.000 507.812 937.500
1007.812 -343.750 156.250 70.312 -570.312 906.250 -39.062 179.688 1132.812 -62.500 242.188 1132.812 -148.438 515.625 968.750
1148.438 -203.125 171.875 250.000 -546.875 976.562 15.625 250.000 1226.562 195.312 156.250 1156.250 -15.625 562.500 898.438
1187.500 -265.625 273.438 546.875 -593.750 953.125 539.062 218.750 1164.062 312.500 -54.688 1093.750 210.938 335.938 796.875
1000.000 -39.062 335.938 843.750 -437.500 796.875 468.750 281.250 695.312 796.875 195.312 1203.125 125.000 468.750 1023.438
835.938 187.500 453.125 1281.250 -539.062 375.000 78.125 304.688 921.875 -78.125 187.500 1117.188 187.500 539.062 1078.125
281.250 250.000 531.250 1796.875 -226.562 773.438 757.812 562.500 1531.250 554.688 312.500 1171.875 406.250 578.125 992.188
1039.062 820.312 -179.688 1757.812 812.500 812.500 1195.312 23.438 460.938 -437.500 -281.250 1476.562 242.188 515.625 914.062
1648.438 1015.625 -429.688 -781.250 -78.125 343.750 804.688 335.938 -945.312 -390.625 2023.438 187.500 54.688 117.188 1304.688
820.312 -507.812 62.500 1320.312 -140.625 265.625 890.625 328.125 -312.500 1296.875 578.125 -789.062 -31.250 1257.812 953.125
414.062 -710.938 265.625 54.688 -609.375 585.938 937.500 -70.312 -171.875 890.625 375.000 -210.938 -78.125 1429.688 742.188
679.688 -656.250 242.188 -23.438 -703.125 726.562 1023.438 -62.500 -23.438 710.938 445.312 -46.875 187.500 695.312 671.875
671.875 -843.750 390.625 484.375 -515.625 632.812 1046.875 -242.188 85.938 914.062 359.375 62.500 437.500 734.375 375.000
523.438 -921.875 500.000 656.250 -562.500 539.062 1140.625 -187.500 15.625 1203.125 468.750 -7.812 507.812 710.938 289.062
601.562 -656.250 476.562 414.062 -601.562 742.188 1062.500 -445.312 -15.625 1109.375 132.812 7.812 578.125 335.938 429.688
750.000 -523.438 398.438 359.375 -664.062 812.500 1007.812 -500.000 7.812 1062.500 39.062 7.812 523.438 203.125 398.438
937.500 -656.250 312.500 734.375 -437.500 625.000 953.125 -445.312 281.250 703.125 203.125 320.312 656.250 515.625 265.625
882.812 -781.250 390.625 679.688 -429.688 695.312 968.750 -468.750 187.500 921.875 234.375 320.312 585.938 460.938 429.688
671.875 -718.750 429.688 687.500 -515.625 687.500 976.562 -367.188 164.062 882.812 296.875 257.812 500.000 414.062 546.875
703.125 -718.750 406.250 718.750 -406.250 632.812 960.938 -367.188 171.875 914.062 343.750 250.000 515.625 523.438 531.250
828.125 -523.438 296.875 765.625 -156.250 554.688 945.312 -179.688 242.188 750.000 500.000 343.750 523.438 632.812 601.562
859.375 -507.812 273.438 960.938 -7.812 539.062 1054.688 -54.688 468.750 718.750 632.812 429.688 460.938 679.688 640.625
851.562 -562.500 320.312 523.438 -414.062 859.375 937.500 -304.688 257.812 875.000 617.188 546.875 242.188 921.875 804.688
789.062 -421.875 257.812 710.938 -164.062 648.438 906.250 -125.000 414.062 1054.688 820.312 523.438 421.875 664.062 921.875
859.375 -609.375 289.062 687.500 -265.625 687.500 945.312 -210.938 367.188 828.125 640.625 523.438 429.688 742.188 835.938
859.375 -625.000 289.062 742.188 -289.062 648.438 968.750 -226.562 304.688 750.000 546.875 484.375 414.062 656.250 750.000
820.312 -601.562 296.875 804.688 -304.688 593.750 1000.000 -250.000 210.938 828.125 492.188 421.875 492.188 601.562 718.750
804.688 -562.500 296.875 835.938 -312.500 539.062 1015.625 -242.188 164.062 828.125 468.750 421.875 484.375 554.688 718.750
835.938 -382.812 265.625 929.688 -328.125 460.938 1062.500 -257.812 62.500 914.062 429.688 359.375 523.438 515.625 703.125
851.562 -375.000 265.625 960.938 -343.750 414.062 1085.938 -281.250 15.625 929.688 390.625 335.938 523.438 500.000 695.312
812.500 -382.812 296.875 953.125 -343.750 406.250 1070.312 -296.875 15.625 906.250 343.750 343.750 531.250 445.312 695.312
773.438 -429.688 320.312 937.500 -367.188 398.438 1039.062 -320.312 31.250 875.000 312.500 367.188 515.625 406.250 703.125
648.438 -382.812 375.000 789.062 -421.875 507.812 914.062 -437.500 171.875 812.500 257.812 453.125 484.375 343.750 703.125
687.500 -492.188 343.750 585.938 -335.938 625.000 835.938 -437.500 328.125 679.688 250.000 531.250 476.562 375.000 687.500
664.062 -695.312 328.125 500.000 -554.688 804.688 843.750 -359.375 375.000 812.500 406.250 460.938 437.500 468.750 695.312
687.500 -695.312 359.375 578.125 -359.375 679.688 796.875 -273.438 476.562 765.625 390.625 546.875 492.188 500.000 703.125
687.500 -859.375 281.250 437.500 -367.188 789.062 796.875 -281.250 484.375 703.125 460.938 578.125 328.125 585.938 750.000
742.188 -843.750 195.312 460.938 -539.062 789.062 781.250 -234.375 523.438 617.188 460.938 632.812 242.188 609.375 781.250
851.562 -664.062 70.312 406.250 -539.062 812.500 859.375 -343.750 437.500 632.812 476.562 617.188 203.125 703.125 789.062
882.812 -593.750 7.812 429.688 -445.312 750.000 937.500 -335.938 367.188 664.062 476.562 570.312 203.125 664.062 781.250
914.062 -460.938 -132.812 656.250 -148.438 539.062 843.750 -15.625 218.750 726.562 640.625 367.188 273.438 531.250 796.875
1007.812 -328.125 -359.375 742.188 -85.938 593.750 820.312 156.250 257.812 718.750 726.562 257.812 320.312 757.812 679.688
1492.188 -335.938 -734.375 703.125 273.438 382.812 726.562 515.625 265.625 812.500 765.625 218.750 476.562 1015.625 632.812
1625.000 -390.625 -750.000 523.438 367.188 437.500 656.250 476.562 304.688 820.312 726.562 187.500 460.938 867.188 554.688
898.438 546.875 -62.500 101.562 -1585.938 820.312 593.750 304.688 367.188 750.000 468.750 242.188 359.375 687.500 625.000
437.500 546.875 62.500 437.500 -609.375 1351.562 820.312 -742.188 828.125 1023.438 929.688 750.000 406.250 601.562 562.500
968.750 -437.500 179.688 -218.750 210.938 1140.625 890.625 -7.812 804.688 445.312 281.250 445.312 335.938 281.250 828.125
781.250 -484.375 117.188 695.312 7.812 1000.000 554.688 210.938 929.688 242.188 195.312 835.938 359.375 328.125 875.000
945.312 -445.312 234.375 1484.375 -843.750 312.500 -492.188 -148.438 1039.062 93.750 -367.188 1312.500 507.812 492.188 859.375
1101.562 -140.625 -93.750 851.562 31.250 898.438 882.812 39.062 1140.625 398.438 39.062 1398.438 7.812 343.750 1351.562
1179.688 265.625 -171.875 937.500 -234.375 710.938 890.625 -7.812 796.875 328.125 257.812 1039.062 117.188 460.938 1101.562
1171.875 125.000 -273.438 1101.562 -218.750 687.500 906.250 -125.000 687.500 515.625 148.438 820.312 234.375 429.688 921.875
1054.688 335.938 -312.500 851.562 -78.125 726.562 773.438 -148.438 734.375 578.125 179.688 781.250 218.750 492.188 898.438
1023.438 101.562 -265.625 679.688 -23.438 781.250 617.188 -15.625 921.875 476.562 -7.812 1039.062 242.188 312.500 968.750
1023.438 -7.812 -226.562 476.562 -93.750 843.750 429.688 -117.188 882.812 242.188 31.250 945.312 46.875 351.562 953.125
1000.000 -117.188 -226.562 351.562 -132.812 851.562 312.500 -140.625 875.000 257.812 -7.812 921.875 78.125 312.500 898.438
992.188 -179.688 -203.125 257.812 -140.625 890.625 242.188 -164.062 914.062 171.875 -39.062 937.500 109.375 296.875 859.375
937.500 -265.625 -171.875 265.625 -101.562 890.625 312.500 -109.375 890.625 289.062 15.625 937.500 164.062 367.188 898.438
937.500 -85.938 -242.188 414.062 -93.750 859.375 421.875 -109.375 882.812 359.375 15.625 937.500 164.062 382.812 929.688
968.750 7.812 -265.625 460.938 -85.938 859.375 453.125 -101.562 890.625 375.000 15.625 953.125 132.812 382.812 953.125
984.375 70.312 -289.062 539.062 -93.750 851.562 500.000 -101.562 882.812 367.188 23.438 976.562 85.938 382.812 1000.000
1007.812 -7.812 -296.875 468.750 -132.812 898.438 445.312 -132.812 929.688 351.562 -15.625 984.375 93.750 359.375 984.375
1015.625 -101.562 -289.062 375.000 -125.000 937.500 375.000 -148.438 968.750 312.500 -39.062 1000.000 101.562 359.375 968.750
1023.438 -125.000 -281.250 351.562 -117.188 953.125 343.750 -132.812 968.750 281.250 -31.250 1007.812 93.750 359.375 976.562
1046.875 -140.625 -281.250 328.125 -109.375 976.562 328.125 -132.812 984.375 304.688 7.812 1015.625 93.750 375.000 968.750
1039.062 -171.875 -281.250 179.688 -46.875 1023.438 195.312 -70.312 1070.312 195.312 46.875 1062.500 31.250 437.500 953.125
1062.500 -203.125 -265.625 70.312 39.062 1101.562 78.125 -54.688 1132.812 164.062 85.938 1062.500 62.500 492.188 929.688
1117.188 445.312 -23.438 -78.125 187.500 1125.000 125.000 -70.312 1156.250 148.438 179.688 992.188 117.188 515.625 882.812
1085.938 -265.625 -242.188 109.375 398.438 1281.250 93.750 -132.812 1296.875 390.625 226.562 1015.625 195.312 539.062 976.562
1187.500 328.125 -390.625 812.500 359.375 765.625 562.500 -7.812 1062.500 406.250 -257.812 1132.812 593.750 453.125 843.750
1109.375 484.375 -445.312 890.625 93.750 312.500 953.125 -1500.000 976.562 375.000 -164.062 1187.500 539.062 281.250 945.312
1101.562 687.500 -398.438 703.125 445.312 367.188 1375.000 -664.062 460.938 304.688 171.875 890.625 460.938 203.125 937.500
1179.688 257.812 -523.438 -171.875 -1796.875 1062.500 1187.500 265.625 -125.000 1054.688 437.500 500.000 625.000 640.625 796.875
1546.875 382.812 -679.688 1132.812 -593.750 -171.875 1000.000 148.438 85.938 984.375 23.438 421.875 343.750 210.938 546.875
1070.312 179.688 -812.500 1125.000 -273.438 -164.062 804.688 515.625 242.188 78.125 78.125 742.188 242.188 304.688 703.125
1523.438 343.750 -984.375 914.062 -484.375 -7.812 796.875 382.812 390.625 101.562 296.875 703.125 195.312 546.875 796.875
281.250 515.625 -93.750 968.750 -656.250 -257.812 820.312 195.312 328.125 382.812 617.188 671.875 -359.375 437.500 976.562
78.125 -1796.875 289.062 906.250 -398.438 -7.812 1164.062 -7.812 -70.312 164.062 781.250 539.062 -296.875 359.375 1171.875
757.812 -1210.938 156.250 921.875 -773.438 320.312 1218.750 -132.812 187.500 1515.625 835.938 156.250 250.000 812.500 820.312
851.562 -796.875 156.250 929.688 -710.938 382.812 1093.750 -93.750 226.562 1187.500 632.812 250.000 382.812 804.688 671.875
656.250 -945.312 289.062 882.812 -437.500 218.750 820.312 78.125 406.250 375.000 554.688 656.250 31.250 515.625 898.438
523.438 -609.375 398.438 875.000 -507.812 195.312 914.062 31.250 367.188 718.750 648.438 601.562 70.312 601.562 875.000
585.938 -421.875 382.812 812.500 -453.125 296.875 875.000 46.875 320.312 562.500 492.188 609.375 164.062 414.062 859.375
828.125 -390.625 296.875 773.438 -507.812 234.375 929.688 0.000 281.250 648.438 531.250 515.625 179.688 593.750 851.562
851.562 -429.688 265.625 796.875 -554.688 250.000 875.000 -39.062 398.438 554.688 531.250 562.500 187.500 523.438 804.688
937.500 -523.438 234.375 796.875 -632.812 328.125 867.188 -70.312 468.750 593.750 570.312 539.062 148.438 601.562 789.062
882.812 -476.562 250.000 796.875 -648.438 335.938 906.250 -85.938 429.688 625.000 554.688 515.625 179.688 585.938 789.062
906.250 -453.125 257.812 835.938 -625.000 281.250 937.500 -54.688 398.438 695.312 601.562 507.812 171.875 585.938 796.875
914.062 -398.438 257.812 843.750 -546.875 210.938 890.625 0.000 429.688 578.125 648.438 554.688 125.000 632.812 851.562
859.375 -367.188 242.188 859.375 -484.375 195.312 945.312 54.688 343.750 671.875 671.875 484.375 164.062 640.625 835.938
835.938 -406.250 257.812 843.750 -507.812 203.125 914.062 23.438 382.812 648.438 632.812 484.375 195.312 640.625 828.125
796.875 -437.500 281.250 835.938 -507.812 195.312 882.812 15.625 406.250 539.062 625.000 523.438 156.250 570.312 859.375
781.250 -460.938 117.188 757.812 -562.500 140.625 765.625 -70.312 453.125 382.812 578.125 835.938 234.375 570.312 750.000
789.062 -601.562 351.562 843.750 -726.562 242.188 656.250 -171.875 687.500 453.125 546.875 695.312 187.500 507.812 820.312
570.312 -656.250 492.188 500.000 -742.188 484.375 203.125 -218.750 992.188 -46.875 468.750 859.375 187.500 468.750 843.750
507.812 -539.062 523.438 304.688 -703.125 656.250 0.000 -187.500 1023.438 -203.125 437.500 914.062 117.188 539.062 835.938
398.438 -234.375 585.938 359.375 -640.625 609.375 281.250 -31.250 570.312 -500.000 265.625 554.688 -187.500 835.938 968.750
687.500 -101.562 296.875 1046.875 -632.812 234.375 789.062 -7.812 -429.688 1718.750 601.562 -54.688 -187.500 734.375 1414.062
843.750 -687.500 0.000 898.438 -195.312 -171.875 1679.688 437.500 -765.625 1031.250 890.625 -296.875 -62.500 1210.938 867.188
1078.125 -781.250 -7.812 1523.438 -898.438 -601.562 2476.562 328.125 -1062.500 1695.312 1250.000 -437.500 -62.500 1718.750 625.000
1367.188 -843.750 -343.750 1625.000 -710.938 -851.562 2296.875 273.438 -820.312 1882.812 453.125 -765.625 648.438 1265.625 312.500
1265.625 -1117.188 -250.000 1351.562 273.438 156.250 992.188 -320.312 -31.250 62.500 -601.562 -54.688 -23.438 609.375 218.750
1226.562 -671.875 -117.188 664.062 -367.188 164.062 1382.812 156.250 -359.375 1101.562 179.688 -7.812 1070.312 218.750 132.812
1062.500 -585.938 -62.500 875.000 226.562 304.688 1101.562 -296.875 -132.812 1375.000 -242.188 -93.750 890.625 210.938 171.875
1000.000 -421.875 -39.062 1242.188 250.000 39.062 812.500 117.188 -93.750 593.750 218.750 -156.250 484.375 617.188 359.375
1046.875 -265.625 0.000 1054.688 78.125 7.812 937.500 234.375 -78.125 914.062 578.125 -109.375 351.562 687.500 476.562
1046.875 234.375 46.875 812.500 -140.625 109.375 765.625 523.438 -46.875 1273.438 773.438 -31.250 570.312 960.938 906.250
984.375 -421.875 46.875 953.125 250.000 226.562 828.125 54.688 54.688 578.125 390.625 -140.625 398.438 726.562 484.375
875.000 -515.625 117.188 765.625 -70.312 265.625 898.438 171.875 7.812 890.625 562.500 -23.438 492.188 601.562 531.250
742.188 -578.125 132.812 820.312 -109.375 195.312 781.250 234.375 -7.812 851.562 476.562 -23.438 460.938 617.188 570.312
796.875 -296.875 164.062 960.938 -117.188 54.688 945.312 125.000 -156.250 945.312 382.812 -7.812 437.500 656.250 687.500
843.750 -257.812 156.250 1015.625 -132.812 31.250 882.812 132.812 -125.000 890.625 367.188 23.438 445.312 648.438 640.625
898.438 -250.000 132.812 906.250 -195.312 125.000 859.375 117.188 -23.438 789.062 375.000 70.312 453.125 609.375 609.375
859.375 -257.812 140.625 890.625 -226.562 164.062 906.250 125.000 -46.875 875.000 398.438 54.688 453.125 617.188 640.625
757.812 -367.188 179.688 859.375 -218.750 187.500 945.312 39.062 -93.750 859.375 335.938 109.375 343.750 562.500 679.688
757.812 -304.688 195.312 906.250 -234.375 187.500 1007.812 -70.312 -101.562 882.812 203.125 85.938 445.312 578.125 609.375
804.688 -296.875 171.875 945.312 -281.250 234.375 1156.250 -281.250 -93.750 1148.438 -23.438 132.812 632.812 460.938 507.812
875.000 -375.000 109.375 976.562 -453.125 234.375 1242.188 -359.375 -93.750 968.750 218.750 54.688 515.625 320.312 500.000
765.625 -703.125 78.125 976.562 -171.875 93.750 1210.938 -132.812 -359.375 1187.500 132.812 -187.500 742.188 507.812 531.250
703.125 -757.812 62.500 1031.250 -125.000 46.875 1304.688 -93.750 -468.750 1265.625 203.125 -265.625 718.750 453.125 554.688
617.188 -671.875 0.000 851.562 -132.812 15.625 1250.000 -15.625 -601.562 1273.438 156.250 -382.812 804.688 585.938 429.688
695.312 -531.250 -46.875 882.812 93.750 156.250 1171.875 109.375 -742.188 1171.875 85.938 -375.000 804.688 546.875 421.875
1007.812 -625.000 -242.188 750.000 -515.625 -7.812 1273.438 -351.562 -562.500 1304.688 -132.812 320.312 375.000 562.500 601.562
953.125 -703.125 -203.125 882.812 -609.375 -203.125 804.688 -250.000 -539.062 1062.500 351.562 -203.125 414.062 640.625 554.688
617.188 -1140.625 -54.688 1539.062 -671.875 -507.812 1414.062 -62.500 -531.250 1117.188 328.125 -187.500 460.938 656.250 507.812
601.562 -1023.438 -78.125 1593.750 -687.500 -500.000 1320.312 15.625 -320.312 1101.562 234.375 -148.438 468.750 671.875 507.812
859.375 -507.812 -390.625 1382.812 -203.125 -242.188 31.250 460.938 406.250 -640.625 -62.500 421.875 312.500 742.188 500.000
960.938 -593.750 -429.688 1257.812 218.750 -273.438 328.125 531.250 421.875 -546.875 718.750 796.875 78.125 656.250 632.812
804.688 -445.312 -437.500 1398.438 31.250 -367.188 1101.562 617.188 429.688 585.938 953.125 992.188 -93.750 695.312 921.875
890.625 -460.938 -460.938 1468.750 101.562 -273.438 1476.562 585.938 31.250 359.375 984.375 851.562 -242.188 687.500 1031.250
1101.562 -570.312 -695.312 789.062 -578.125 -54.688 351.562 -78.125 726.562 265.625 664.062 656.250 -70.312 734.375 695.312
1140.625 -507.812 -734.375 1257.812 -273.438 15.625 851.562 453.125 742.188 156.250 539.062 820.312 85.938 781.250 617.188
1015.625 -585.938 -671.875 437.500 -359.375 695.312 304.688 328.125 765.625 234.375 656.250 835.938 93.750 757.812 703.125
960.938 -414.062 -539.062 500.000 -312.500 656.250 507.812 437.500 773.438 226.562 562.500 867.188 93.750 742.188 757.812
734.375 -539.062 -367.188 812.500 54.688 367.188 687.500 656.250 601.562 140.625 664.062 929.688 -132.812 710.938 875.000
773.438 -375.000 -382.812 859.375 93.750 328.125 718.750 640.625 546.875 203.125 703.125 890.625 -117.188 757.812 882.812
804.688 -273.438 -445.312 859.375 140.625 328.125 640.625 671.875 562.500 226.562 695.312 890.625 -148.438 781.250 859.375
820.312 -257.812 -453.125 867.188 132.812 328.125 648.438 671.875 570.312 187.500 656.250 882.812 -171.875 750.000 851.562
828.125 -289.062 -406.250 937.500 117.188 281.250 710.938 609.375 492.188 281.250 671.875 796.875 -70.312 750.000 796.875
804.688 -390.625 -335.938 968.750 46.875 273.438 718.750 570.312 492.188 328.125 632.812 757.812 -7.812 773.438 757.812
882.812 -351.562 -390.625 929.688 -7.812 296.875 710.938 523.438 484.375 289.062 601.562 750.000 -23.438 703.125 750.000
875.000 -328.125 -398.438 937.500 -7.812 281.250 695.312 523.438 500.000 296.875 593.750 773.438 -54.688 687.500 773.438
851.562 -320.312 -398.438 968.750 15.625 210.938 726.562 515.625 500.000 273.438 585.938 804.688 -101.562 664.062 804.688
812.500 -359.375 -375.000 992.188 15.625 187.500 757.812 500.000 484.375 296.875 554.688 828.125 -62.500 617.188 812.500
812.500 -398.438 -375.000 1015.625 -15.625 187.500 781.250 492.188 500.000 320.312 523.438 820.312 -31.250 617.188 804.688
828.125 -398.438 -390.625 1023.438 -15.625 179.688 757.812 484.375 515.625 335.938 507.812 820.312 -7.812 617.188 812.500
820.312 -406.250 -390.625 1062.500 -23.438 125.000 804.688 476.562 507.812 343.750 500.000 828.125 15.625 593.750 812.500
750.000 -375.000 -359.375 1062.500 -7.812 93.750 828.125 460.938 476.562 367.188 507.812 820.312 31.250 609.375 820.312
765.625 -375.000 -390.625 992.188 -46.875 156.250 789.062 445.312 468.750 320.312 515.625 742.188 54.688 695.312 789.062
773.438 -375.000 -414.062 960.938 -85.938 203.125 687.500 398.438 468.750 390.625 531.250 726.562 125.000 640.625 757.812
796.875 -382.812 -453.125 812.500 -148.438 343.750 726.562 414.062 507.812 414.062 570.312 726.562 210.938 718.750 695.312
734.375 -414.062 -390.625 726.562 -117.188 453.125 632.812 406.250 523.438 414.062 578.125 695.312 218.750 765.625 679.688
703.125 -484.375 -359.375 718.750 -132.812 453.125 664.062 414.062 507.812 437.500 585.938 687.500 187.500 750.000 695.312
671.875 -531.250 -320.312 710.938 -125.000 468.750 679.688 445.312 515.625 421.875 570.312 664.062 164.062 718.750 718.750
679.688 -585.938 -250.000 781.250 -101.562 484.375 695.312 335.938 539.062 414.062 460.938 687.500 109.375 625.000 718.750
742.188 -593.750 -226.562 867.188 -148.438 445.312 710.938 273.438 570.312 398.438 414.062 718.750 54.688 531.250 734.375
695.312 -640.625 -203.125 875.000 -195.312 445.312 734.375 281.250 601.562 406.250 414.062 742.188 46.875 554.688 734.375
679.688 -656.250 -195.312 882.812 -195.312 445.312 718.750 273.438 609.375 414.062 421.875 757.812 54.688 570.312 742.188
703.125 -671.875 -210.938 890.625 -226.562 445.312 710.938 265.625 625.000 414.062 421.875 757.812 62.500 554.688 757.812
734.375 -671.875 -265.625 890.625 -234.375 445.312 710.938 273.438 632.812 367.188 421.875 781.250 -7.812 554.688 773.438
734.375 -656.250 -265.625 859.375 -242.188 468.750 679.688 289.062 656.250 343.750 445.312 789.062 -39.062 546.875 789.062
718.750 -648.438 -265.625 835.938 -242.188 492.188 664.062 289.062 664.062 328.125 453.125 812.500 -62.500 562.500 796.875
703.125 -585.938 -265.625 812.500 -226.562 507.812 625.000 281.250 703.125 304.688 437.500 828.125 -85.938 554.688 812.500
703.125 -562.500 -257.812 773.438 -257.812 531.250 609.375 273.438 726.562 250.000 437.500 843.750 -117.188 546.875 804.688
671.875 -609.375 -257.812 703.125 -281.250 601.562 601.562 257.812 726.562 265.625 460.938 843.750 -140.625 554.688 828.125
648.438 -632.812 -242.188 671.875 -281.250 617.188 585.938 257.812 718.750 273.438 468.750 835.938 -132.812 554.688 828.125
609.375 -671.875 -218.750 648.438 -265.625 632.812 570.312 250.000 750.000 265.625 460.938 835.938 -117.188 570.312 812.500
601.562 -718.750 -210.938 695.312 -281.250 625.000 578.125 257.812 750.000 265.625 453.125 843.750 -125.000 554.688 820.312
570.312 -820.312 -210.938 703.125 -328.125 609.375 593.750 242.188 742.188 273.438 460.938 851.562 -125.000 570.312 843.750
539.062 -851.562 -210.938 695.312 -335.938 625.000 585.938 234.375 765.625 281.250 453.125 867.188 -132.812 562.500 835.938
539.062 -882.812 -195.312 671.875 -351.562 656.250 578.125 218.750 789.062 273.438 437.500 859.375 -132.812 546.875 835.938
523.438 -914.062 -195.312 671.875 -390.625 679.688 562.500 203.125 804.688 257.812 437.500 875.000 -117.188 539.062 843.750
531.250 -960.938 -218.750 609.375 -429.688 726.562 562.500 179.688 843.750 257.812 421.875 890.625 -156.250 539.062 851.562
539.062 -968.750 -234.375 609.375 -437.500 742.188 539.062 171.875 859.375 242.188 414.062 890.625 -164.062 539.062 851.562
554.688 -976.562 -242.188 617.188 -453.125 750.000 531.250 171.875 875.000 226.562 414.062 921.875 -187.500 539.062 843.750
546.875 -984.375 -242.188 601.562 -437.500 750.000 507.812 203.125 906.250 187.500 414.062 953.125 -218.750 539.062 851.562
546.875 -945.312 -265.625 609.375 -437.500 750.000 515.625 218.750 906.250 171.875 468.750 968.750 -257.812 562.500 898.438
515.625 -937.500 -242.188 601.562 -414.062 734.375 523.438 226.562 882.812 179.688 484.375 960.938 -257.812 578.125 898.438
476.562 -914.062 -226.562 554.688 -406.250 750.000 523.438 234.375 875.000 203.125 500.000 945.312 -242.188 585.938 898.438
437.500 -898.438 -218.750 507.812 -390.625 773.438 531.250 210.938 851.562 226.562 484.375 914.062 -210.938 570.312 882.812
437.500 -898.438 -218.750 460.938 -398.438 804.688 515.625 195.312 867.188 226.562 476.562 898.438 -210.938 562.500 875.000
445.312 -906.250 -210.938 445.312 -406.250 820.312 515.625 179.688 867.188 218.750 460.938 898.438 -203.125 562.500 867.188
468.750 -906.250 -226.562 460.938 -437.500 820.312 500.000 171.875 882.812 226.562 445.312 898.438 -187.500 562.500 835.938
476.562 -921.875 -226.562 492.188 -437.500 804.688 500.000 179.688 890.625 210.938 445.312 898.438 -195.312 554.688 828.125
476.562 -953.125 -218.750 523.438 -429.688 781.250 507.812 203.125 875.000 210.938 453.125 906.250 -203.125 562.500 835.938
476.562 -953.125 -218.750 523.438 -414.062 765.625 515.625 203.125 867.188 210.938 445.312 914.062 -195.312 554.688 835.938
484.375 -953.125 -218.750 531.250 -398.438 757.812 507.812 210.938 859.375 195.312 445.312 898.438 -203.125 554.688 843.750
