765.625 -531.250 -320.312 656.250 -453.125 601.562 710.938 -132.812 703.125 820.312 -46.875 578.125 726.562 343.750 617.188
773.438 -554.688 -328.125 656.250 -437.500 601.562 695.312 -109.375 710.938 796.875 -54.688 617.188 703.125 343.750 648.438
765.625 -570.312 -320.312 640.625 -460.938 585.938 671.875 -101.562 718.750 789.062 -62.500 625.000 687.500 343.750 664.062
757.812 -570.312 -328.125 656.250 -476.562 585.938 679.688 -101.562 718.750 789.062 -54.688 617.188 679.688 351.562 671.875
765.625 -609.375 -335.938 632.812 -460.938 609.375 679.688 -125.000 718.750 789.062 -70.312 617.188 679.688 343.750 695.312
757.812 -609.375 -343.750 625.000 -476.562 609.375 671.875 -132.812 726.562 789.062 -78.125 617.188 656.250 335.938 718.750
789.062 -601.562 -343.750 632.812 -507.812 617.188 656.250 -148.438 750.000 773.438 -101.562 648.438 609.375 320.312 742.188
789.062 -609.375 -343.750 648.438 -507.812 609.375 656.250 -140.625 750.000 765.625 -109.375 671.875 617.188 328.125 750.000
773.438 -648.438 -359.375 664.062 -484.375 625.000 671.875 -148.438 781.250 781.250 -125.000 687.500 617.188 328.125 773.438
773.438 -648.438 -359.375 664.062 -484.375 625.000 671.875 -148.438 781.250 781.250 -125.000 687.500 617.188 328.125 773.438
812.500 -648.438 -398.438 648.438 -476.562 648.438 671.875 -164.062 796.875 796.875 -117.188 671.875 609.375 328.125 773.438
812.500 -656.250 -398.438 617.188 -515.625 671.875 671.875 -164.062 796.875 789.062 -117.188 671.875 617.188 328.125 765.625
781.250 -632.812 -398.438 585.938 -562.500 710.938 656.250 -164.062 812.500 789.062 -109.375 671.875 625.000 335.938 750.000
867.188 -617.188 -453.125 585.938 -523.438 718.750 617.188 -156.250 820.312 765.625 -117.188 703.125 562.500 351.562 757.812
890.625 -617.188 -476.562 601.562 -515.625 703.125 617.188 -125.000 835.938 757.812 -109.375 710.938 554.688 359.375 765.625
914.062 -617.188 -476.562 640.625 -507.812 679.688 617.188 -101.562 812.500 757.812 -93.750 703.125 531.250 382.812 765.625
914.062 -625.000 -484.375 687.500 -507.812 648.438 617.188 -54.688 820.312 734.375 -101.562 742.188 500.000 382.812 781.250
929.688 -656.250 -453.125 625.000 -468.750 695.312 570.312 -31.250 804.688 671.875 -78.125 695.312 375.000 382.812 750.000
929.688 -656.250 -453.125 625.000 -468.750 695.312 570.312 -31.250 804.688 671.875 -78.125 695.312 375.000 382.812 750.000
890.625 -656.250 -429.688 585.938 -484.375 726.562 515.625 -23.438 828.125 648.438 -70.312 718.750 343.750 382.812 726.562
867.188 -679.688 -375.000 585.938 -468.750 734.375 507.812 -7.812 835.938 601.562 -101.562 687.500 343.750 382.812 648.438
734.375 -679.688 -39.062 578.125 -468.750 765.625 437.500 39.062 804.688 335.938 -117.188 750.000 54.688 414.062 687.500
734.375 -679.688 -39.062 578.125 -468.750 765.625 437.500 39.062 804.688 335.938 -117.188 750.000 54.688 414.062 687.500
734.375 -679.688 -39.062 578.125 -468.750 765.625 437.500 39.062 804.688 335.938 -117.188 750.000 54.688 414.062 687.500
679.688 -687.500 0.000 515.625 -429.688 820.312 390.625 148.438 789.062 125.000 140.625 835.938 78.125 703.125 773.438
703.125 -703.125 62.500 609.375 -273.438 710.938 523.438 367.188 593.750 250.000 515.625 906.250 70.312 812.500 820.312
656.250 -781.250 117.188 578.125 -109.375 710.938 554.688 531.250 515.625 210.938 500.000 914.062 62.500 882.812 773.438
632.812 -687.500 156.250 515.625 -15.625 734.375 382.812 687.500 554.688 62.500 476.562 992.188 7.812 929.688 765.625
562.500 -632.812 359.375 453.125 148.438 789.062 39.062 734.375 664.062 -15.625 351.562 1070.312 -23.438 898.438 765.625
312.500 -531.250 648.438 585.938 312.500 687.500 593.750 890.625 382.812 414.062 765.625 867.188 242.188 1117.188 648.438
312.500 -531.250 648.438 585.938 312.500 687.500 593.750 890.625 382.812 414.062 765.625 867.188 242.188 1117.188 648.438
312.500 -531.250 648.438 585.938 312.500 687.500 593.750 890.625 382.812 414.062 765.625 867.188 242.188 1117.188 648.438
351.562 -742.188 601.562 578.125 539.062 656.250 453.125 882.812 351.562 335.938 609.375 789.062 304.688 992.188 375.000
296.875 -476.562 601.562 546.875 476.562 679.688 414.062 914.062 390.625 289.062 640.625 804.688 265.625 992.188 359.375
296.875 -671.875 593.750 460.938 453.125 687.500 414.062 875.000 375.000 257.812 625.000 828.125 203.125 984.375 460.938
257.812 -679.688 617.188 421.875 429.688 718.750 398.438 875.000 375.000 265.625 648.438 820.312 226.562 984.375 445.312
125.000 -710.938 523.438 367.188 515.625 710.938 414.062 976.562 359.375 343.750 742.188 859.375 296.875 1101.562 492.188
125.000 -718.750 484.375 343.750 507.812 726.562 421.875 976.562 367.188 296.875 742.188 843.750 273.438 1109.375 515.625
70.312 -710.938 117.188 179.688 132.812 718.750 265.625 734.375 460.938 109.375 406.250 796.875 -46.875 750.000 562.500
70.312 -710.938 117.188 179.688 132.812 718.750 265.625 734.375 460.938 109.375 406.250 796.875 -46.875 750.000 562.500
70.312 -710.938 117.188 179.688 132.812 718.750 265.625 734.375 460.938 109.375 406.250 796.875 -46.875 750.000 562.500
187.500 -835.938 -226.562 78.125 -257.812 671.875 0.000 390.625 593.750 -296.875 -179.688 664.062 -648.438 179.688 617.188
531.250 -906.250 -554.688 -46.875 -1171.875 804.688 -343.750 -226.562 960.938 -687.500 -898.438 656.250 -1187.500 -468.750 718.750
1320.312 -1265.625 -1125.000 -312.500 -1570.312 1070.312 -937.500 -570.312 1531.250 -937.500 -1195.312 882.812 -968.750 -484.375 812.500
1320.312 -1265.625 -1125.000 -312.500 -1570.312 1070.312 -937.500 -570.312 1531.250 -937.500 -1195.312 882.812 -968.750 -484.375 812.500
1320.312 -1265.625 -1125.000 -312.500 -1570.312 1070.312 -937.500 -570.312 1531.250 -937.500 -1195.312 882.812 -968.750 -484.375 812.500
1015.625 -828.125 -1070.312 -343.750 -1085.938 1039.062 -867.188 -101.562 1429.688 -1101.562 -750.000 1179.688 -1593.750 15.625 1242.188
984.375 -671.875 -1054.688 -289.062 -960.938 992.188 -859.375 -15.625 1398.438 -1187.500 -718.750 1257.812 -1750.000 39.062 1328.125
1054.688 -468.750 -1062.500 -273.438 -882.812 960.938 -945.312 78.125 1453.125 -1421.875 -828.125 1359.375 -2085.938 -15.625 1421.875
1281.250 -406.250 -1101.562 -210.938 -914.062 953.125 -1015.625 39.062 1492.188 -1414.062 -796.875 1335.938 -1960.938 15.625 1312.500
929.688 -734.375 -906.250 -101.562 -734.375 890.625 -718.750 203.125 1242.188 -835.938 -421.875 1101.562 -1054.688 289.062 921.875
929.688 -734.375 -906.250 -101.562 -734.375 890.625 -718.750 203.125 1242.188 -835.938 -421.875 1101.562 -1054.688 289.062 921.875
585.938 -937.500 -664.062 -78.125 -632.812 906.250 -445.312 265.625 1039.062 -484.375 -179.688 929.688 -562.500 414.062 703.125
343.750 -1156.250 -390.625 -70.312 -484.375 921.875 -257.812 335.938 898.438 -250.000 -23.438 812.500 -187.500 507.812 523.438
-85.938 -1187.500 148.438 15.625 125.000 750.000 -31.250 695.312 468.750 -54.688 500.000 703.125 70.312 851.562 312.500
-85.938 -1187.500 148.438 15.625 125.000 750.000 -31.250 695.312 468.750 -54.688 500.000 703.125 70.312 851.562 312.500
-195.312 -1101.562 242.188 23.438 265.625 734.375 31.250 796.875 367.188 -7.812 671.875 710.938 132.812 968.750 296.875
-875.000 -1210.938 750.000 -234.375 781.250 875.000 218.750 1195.312 62.500 203.125 1148.438 632.812 546.875 1289.062 140.625
-875.000 -1210.938 750.000 -234.375 781.250 875.000 218.750 1195.312 62.500 203.125 1148.438 632.812 546.875 1289.062 140.625
-945.312 -1375.000 796.875 -312.500 820.312 921.875 164.062 1226.562 23.438 171.875 1195.312 609.375 578.125 1328.125 70.312
-906.250 -1562.500 757.812 -453.125 828.125 1023.438 -23.438 1265.625 23.438 -46.875 1226.562 601.562 414.062 1359.375 -23.438
-765.625 -1523.438 570.312 -507.812 804.688 1039.062 -257.812 1265.625 93.750 -367.188 1101.562 625.000 -39.062 1281.250 -31.250
-398.438 -1250.000 109.375 -539.062 148.438 1062.500 -632.812 851.562 343.750 -867.188 429.688 570.312 -914.062 632.812 -23.438
-398.438 -1250.000 109.375 -539.062 148.438 1062.500 -632.812 851.562 343.750 -867.188 429.688 570.312 -914.062 632.812 -23.438
-171.875 -1328.125 -70.312 -515.625 -132.812 1054.688 -796.875 656.250 500.000 -992.188 218.750 492.188 -1109.375 507.812 39.062
46.875 -1437.500 -289.062 -500.000 -328.125 1109.375 -968.750 500.000 687.500 -1218.750 -78.125 632.812 -1367.188 328.125 156.250
1187.500 -867.188 -851.562 -492.188 -625.000 1312.500 -1695.312 320.312 1460.938 -2132.812 -960.938 1320.312 -2609.375 -31.250 1101.562
1187.500 -867.188 -851.562 -492.188 -625.000 1312.500 -1695.312 320.312 1460.938 -2132.812 -960.938 1320.312 -2609.375 -31.250 1101.562
1187.500 -867.188 -851.562 -492.188 -625.000 1312.500 -1695.312 320.312 1460.938 -2132.812 -960.938 1320.312 -2609.375 -31.250 1101.562
1515.625 -937.500 -1054.688 -421.875 -625.000 1273.438 -1500.000 484.375 1593.750 -1968.750 -703.125 1523.438 -2601.562 156.250 1273.438
1164.062 -789.062 -1023.438 -429.688 -617.188 1281.250 -1210.938 507.812 1421.875 -1468.750 -406.250 1375.000 -1828.125 335.938 1132.812
335.938 -1421.875 -515.625 -304.688 -609.375 1117.188 -632.812 328.125 960.938 -656.250 -164.062 804.688 -750.000 312.500 554.688
335.938 -1421.875 -515.625 -304.688 -609.375 1117.188 -632.812 328.125 960.938 -656.250 -164.062 804.688 -750.000 312.500 554.688
242.188 -1539.062 -429.688 -289.062 -632.812 1085.938 -507.812 273.438 890.625 -492.188 -132.812 703.125 -500.000 312.500 445.312
-54.688 -1617.188 -179.688 -312.500 -445.312 1054.688 -390.625 312.500 765.625 -320.312 -54.688 632.812 -140.625 359.375 320.312
-109.375 -1578.125 -117.188 -312.500 -359.375 1039.062 -382.812 351.562 734.375 -296.875 15.625 632.812 -109.375 406.250 320.312
-156.250 -1382.812 -46.875 -281.250 -203.125 976.562 -273.438 437.500 632.812 -242.188 140.625 656.250 -140.625 507.812 390.625
-242.188 -1015.625 125.000 -156.250 117.188 843.750 -234.375 679.688 570.312 -375.000 273.438 812.500 -429.688 679.688 562.500
-242.188 -1015.625 125.000 -156.250 117.188 843.750 -234.375 679.688 570.312 -375.000 273.438 812.500 -429.688 679.688 562.500
-203.125 -968.750 140.625 -132.812 140.625 835.938 -242.188 671.875 562.500 -406.250 273.438 820.312 -437.500 664.062 546.875
-203.125 -960.938 195.312 -109.375 203.125 859.375 -304.688 656.250 671.875 -375.000 179.688 882.812 -468.750 625.000 531.250
-140.625 -867.188 164.062 -156.250 156.250 898.438 -328.125 679.688 656.250 -515.625 195.312 875.000 -468.750 640.625 531.250
-85.938 -664.062 242.188 -203.125 70.312 1007.812 -453.125 796.875 796.875 -632.812 140.625 984.375 -507.812 710.938 539.062
179.688 -976.562 164.062 -164.062 -132.812 1054.688 -445.312 726.562 968.750 -679.688 70.312 1210.938 -687.500 687.500 804.688
179.688 -976.562 164.062 -164.062 -132.812 1054.688 -445.312 726.562 968.750 -679.688 70.312 1210.938 -687.500 687.500 804.688
250.000 -859.375 125.000 -164.062 -195.312 1054.688 -367.188 648.438 968.750 -679.688 125.000 1164.062 -750.000 773.438 843.750
679.688 -632.812 -125.000 117.188 -195.312 976.562 -367.188 500.000 1031.250 -554.688 7.812 1242.188 -859.375 734.375 960.938
820.312 -617.188 -242.188 226.562 -70.312 1015.625 -539.062 601.562 1281.250 -632.812 -148.438 1367.188 -835.938 773.438 937.500
1210.938 -429.688 -593.750 218.750 -445.312 976.562 -359.375 593.750 1140.625 -765.625 148.438 1351.562 -835.938 812.500 1125.000
1210.938 -429.688 -593.750 218.750 -445.312 976.562 -359.375 593.750 1140.625 -765.625 148.438 1351.562 -835.938 812.500 1125.000
1226.562 -460.938 -640.625 320.312 15.625 835.938 -265.625 593.750 1046.875 -851.562 273.438 1265.625 -812.500 851.562 1179.688
820.312 -671.875 -492.188 687.500 289.062 617.188 -250.000 734.375 500.000 -750.000 875.000 789.062 -921.875 1085.938 921.875
539.062 -1703.125 -468.750 390.625 -460.938 632.812 875.000 257.812 15.625 828.125 679.688 -343.750 453.125 453.125 -500.000
539.062 -1703.125 -468.750 390.625 -460.938 632.812 875.000 257.812 15.625 828.125 679.688 -343.750 453.125 453.125 -500.000
539.062 -1703.125 -468.750 390.625 -460.938 632.812 875.000 257.812 15.625 828.125 679.688 -343.750 453.125 453.125 -500.000
-289.062 -1718.750 -46.875 367.188 -656.250 609.375 859.375 -281.250 -78.125 1117.188 -31.250 -773.438 1101.562 -398.438 -1062.500
-609.375 -1796.875 234.375 593.750 -640.625 445.312 945.312 -406.250 31.250 1148.438 -218.750 -507.812 1203.125 -476.562 -789.062
-171.875 -1218.750 164.062 859.375 -414.062 195.312 820.312 -140.625 226.562 726.562 101.562 312.500 484.375 328.125 414.062
-171.875 -1218.750 164.062 859.375 -414.062 195.312 820.312 -140.625 226.562 726.562 101.562 312.500 484.375 328.125 414.062
257.812 -515.625 -85.938 804.688 -117.188 257.812 859.375 210.938 304.688 656.250 382.812 601.562 468.750 718.750 656.250
656.250 -93.750 -335.938 812.500 101.562 328.125 718.750 500.000 375.000 578.125 562.500 750.000 414.062 929.688 718.750
804.688 -398.438 -367.188 648.438 -289.062 609.375 843.750 125.000 468.750 796.875 234.375 453.125 695.312 492.188 328.125
804.688 -398.438 -367.188 648.438 -289.062 609.375 843.750 125.000 468.750 796.875 234.375 453.125 695.312 492.188 328.125
804.688 -398.438 -367.188 648.438 -289.062 609.375 843.750 125.000 468.750 796.875 234.375 453.125 695.312 492.188 328.125
632.812 -828.125 -242.188 640.625 -500.000 617.188 875.000 -70.312 507.812 906.250 140.625 429.688 820.312 421.875 367.188
578.125 -828.125 -210.938 671.875 -484.375 593.750 882.812 -7.812 500.000 898.438 203.125 476.562 773.438 500.000 421.875
656.250 -742.188 -257.812 671.875 -460.938 593.750 820.312 -7.812 578.125 773.438 101.562 625.000 648.438 484.375 585.938
656.250 -742.188 -257.812 671.875 -460.938 593.750 820.312 -7.812 578.125 773.438 101.562 625.000 648.438 484.375 585.938
703.125 -750.000 -257.812 695.312 -507.812 570.312 843.750 0.000 585.938 750.000 148.438 656.250 585.938 554.688 664.062
601.562 -734.375 -210.938 687.500 -437.500 578.125 851.562 46.875 554.688 796.875 210.938 601.562 648.438 578.125 562.500
601.562 -734.375 -210.938 687.500 -437.500 578.125 851.562 46.875 554.688 796.875 210.938 601.562 648.438 578.125 562.500
625.000 -757.812 -210.938 703.125 -429.688 593.750 843.750 62.500 554.688 804.688 179.688 609.375 648.438 554.688 539.062
617.188 -835.938 -164.062 695.312 -414.062 609.375 843.750 93.750 570.312 835.938 250.000 601.562 695.312 601.562 507.812
585.938 -921.875 -140.625 585.938 -382.812 734.375 820.312 203.125 617.188 765.625 328.125 671.875 718.750 703.125 468.750
585.938 -921.875 -140.625 585.938 -382.812 734.375 820.312 203.125 617.188 765.625 328.125 671.875 718.750 703.125 468.750
585.938 -921.875 -140.625 585.938 -382.812 734.375 820.312 203.125 617.188 765.625 328.125 671.875 718.750 703.125 468.750
531.250 -1000.000 -85.938 523.438 -359.375 804.688 757.812 234.375 671.875 703.125 328.125 726.562 718.750 750.000 476.562
539.062 -1023.438 -93.750 500.000 -351.562 804.688 687.500 250.000 718.750 640.625 320.312 750.000 664.062 750.000 468.750
773.438 -250.000 -335.938 796.875 31.250 460.938 757.812 304.688 453.125 726.562 359.375 546.875 687.500 648.438 390.625
773.438 -250.000 -335.938 796.875 31.250 460.938 757.812 304.688 453.125 726.562 359.375 546.875 687.500 648.438 390.625
773.438 -250.000 -335.938 796.875 31.250 460.938 757.812 304.688 453.125 726.562 359.375 546.875 687.500 648.438 390.625
820.312 -195.312 -359.375 773.438 -31.250 406.250 773.438 382.812 375.000 617.188 367.188 484.375 703.125 617.188 382.812
843.750 -171.875 -351.562 859.375 117.188 359.375 648.438 312.500 351.562 742.188 195.312 492.188 695.312 554.688 320.312
945.312 -203.125 -421.875 796.875 -171.875 273.438 835.938 -382.812 31.250 976.562 62.500 203.125 796.875 328.125 226.562
992.188 -320.312 -453.125 867.188 -210.938 312.500 195.312 70.312 460.938 1148.438 7.812 218.750 882.812 273.438 179.688
1023.438 -554.688 -492.188 757.812 -578.125 195.312 953.125 203.125 -179.688 984.375 125.000 62.500 859.375 351.562 351.562
1015.625 -664.062 -539.062 867.188 -429.688 242.188 1046.875 15.625 -320.312 851.562 609.375 -54.688 742.188 445.312 398.438
632.812 -492.188 -164.062 1031.250 -625.000 31.250 1296.875 -398.438 -500.000 1210.938 195.312 -78.125 796.875 289.062 382.812
632.812 -492.188 -164.062 1031.250 -625.000 31.250 1296.875 -398.438 -500.000 1210.938 195.312 -78.125 796.875 289.062 382.812
632.812 -492.188 -164.062 1031.250 -625.000 31.250 1296.875 -398.438 -500.000 1210.938 195.312 -78.125 796.875 289.062 382.812
632.812 -492.188 -164.062 1031.250 -625.000 31.250 1296.875 -398.438 -500.000 1210.938 195.312 -78.125 796.875 289.062 382.812
804.688 -609.375 -257.812 1062.500 -742.188 -39.062 914.062 -468.750 -250.000 1054.688 23.438 62.500 960.938 218.750 203.125
851.562 -734.375 -265.625 921.875 -734.375 335.938 1187.500 -304.688 -109.375 1078.125 109.375 195.312 1000.000 343.750 195.312
718.750 -796.875 -93.750 804.688 -695.312 281.250 1132.812 -218.750 -62.500 1226.562 226.562 250.000 1000.000 468.750 343.750
718.750 -796.875 -93.750 804.688 -695.312 281.250 1132.812 -218.750 -62.500 1226.562 226.562 250.000 1000.000 468.750 343.750
718.750 -796.875 -93.750 804.688 -695.312 281.250 1132.812 -218.750 -62.500 1226.562 226.562 250.000 1000.000 468.750 343.750
710.938 -640.625 -85.938 898.438 -515.625 203.125 929.688 -343.750 -39.062 828.125 31.250 343.750 757.812 210.938 375.000
710.938 -640.625 -85.938 898.438 -515.625 203.125 929.688 -343.750 -39.062 828.125 31.250 343.750 757.812 210.938 375.000
710.938 -640.625 -85.938 898.438 -515.625 203.125 929.688 -343.750 -39.062 828.125 31.250 343.750 757.812 210.938 375.000
851.562 -570.312 -117.188 898.438 -585.938 234.375 937.500 -335.938 15.625 851.562 70.312 429.688 835.938 250.000 445.312
914.062 -578.125 -125.000 906.250 -593.750 257.812 1015.625 -328.125 39.062 890.625 109.375 445.312 835.938 289.062 484.375
921.875 -632.812 -179.688 890.625 -382.812 296.875 921.875 -382.812 156.250 820.312 85.938 507.812 835.938 257.812 429.688
968.750 -648.438 -171.875 906.250 -304.688 328.125 890.625 -375.000 234.375 757.812 85.938 570.312 867.188 257.812 390.625
859.375 -562.500 -132.812 937.500 -335.938 312.500 1007.812 -281.250 117.188 976.562 296.875 468.750 867.188 468.750 585.938
859.375 -562.500 -132.812 937.500 -335.938 312.500 1007.812 -281.250 117.188 976.562 296.875 468.750 867.188 468.750 585.938
867.188 -445.312 -125.000 1023.438 -398.438 195.312 1117.188 -218.750 -23.438 914.062 250.000 421.875 828.125 375.000 476.562
867.188 -445.312 -125.000 1023.438 -398.438 195.312 1117.188 -218.750 -23.438 914.062 250.000 421.875 828.125 375.000 476.562
867.188 -445.312 -125.000 1023.438 -398.438 195.312 1117.188 -218.750 -23.438 914.062 250.000 421.875 828.125 375.000 476.562
882.812 -390.625 -125.000 1023.438 -429.688 218.750 1125.000 -257.812 -23.438 937.500 250.000 406.250 882.812 367.188 460.938
812.500 -257.812 31.250 851.562 -562.500 421.875 1000.000 -453.125 226.562 812.500 62.500 593.750 835.938 234.375 460.938
812.500 -257.812 31.250 851.562 -562.500 421.875 1000.000 -453.125 226.562 812.500 62.500 593.750 835.938 234.375 460.938
757.812 -78.125 101.562 718.750 -617.188 570.312 984.375 -546.875 359.375 859.375 70.312 648.438 929.688 328.125 453.125
750.000 -125.000 101.562 625.000 -632.812 656.250 929.688 -601.562 406.250 882.812 117.188 640.625 960.938 343.750 476.562
695.312 -687.500 -46.875 382.812 -585.938 742.188 609.375 -632.812 468.750 773.438 -156.250 734.375 937.500 312.500 445.312
726.562 -554.688 -54.688 15.625 -218.750 914.062 179.688 -812.500 765.625 687.500 -54.688 601.562 914.062 171.875 375.000
796.875 -664.062 -281.250 460.938 -742.188 687.500 476.562 -421.875 531.250 718.750 -85.938 710.938 890.625 406.250 437.500
960.938 -828.125 -453.125 242.188 -109.375 796.875 359.375 -656.250 734.375 750.000 -148.438 632.812 960.938 429.688 484.375
1070.312 -632.812 -718.750 226.562 -390.625 515.625 765.625 -648.438 289.062 859.375 343.750 203.125 742.188 390.625 523.438
1070.312 -632.812 -718.750 226.562 -390.625 515.625 765.625 -648.438 289.062 859.375 343.750 203.125 742.188 390.625 523.438
1070.312 -804.688 -734.375 625.000 -335.938 289.062 890.625 -476.562 23.438 820.312 484.375 156.250 773.438 375.000 507.812
914.062 -867.188 -726.562 539.062 -453.125 7.812 1078.125 -242.188 -148.438 875.000 609.375 125.000 835.938 242.188 445.312
789.062 -828.125 -632.812 1015.625 -718.750 -390.625 1156.250 250.000 -570.312 625.000 -164.062 -85.938 742.188 312.500 437.500
773.438 -820.312 -609.375 1312.500 -468.750 -492.188 1093.750 609.375 -406.250 703.125 117.188 375.000 773.438 117.188 531.250
-2039.062 1539.062 1218.750 2945.312 -539.062 -289.062 671.875 -257.812 484.375 578.125 78.125 0.000 984.375 -125.000 289.062
-2039.062 1539.062 1218.750 2945.312 -539.062 -289.062 671.875 -257.812 484.375 578.125 78.125 0.000 984.375 -125.000 289.062
1507.812 -351.562 -546.875 2015.625 242.188 -453.125 1554.688 -312.500 -31.250 1179.688 -437.500 46.875 1078.125 -156.250 335.938
492.188 -429.688 7.812 1867.188 93.750 -406.250 1195.312 -304.688 203.125 1265.625 -390.625 78.125 1093.750 -273.438 250.000
945.312 -218.750 -242.188 851.562 -421.875 179.688 867.188 -273.438 296.875 937.500 -195.312 171.875 898.438 -7.812 320.312
945.312 -218.750 -242.188 851.562 -421.875 179.688 867.188 -273.438 296.875 937.500 -195.312 171.875 898.438 -7.812 320.312
890.625 -312.500 -257.812 742.188 -507.812 312.500 773.438 -312.500 351.562 906.250 -187.500 195.312 890.625 46.875 273.438
859.375 -382.812 -250.000 710.938 -445.312 351.562 765.625 -265.625 375.000 898.438 -171.875 203.125 937.500 62.500 242.188
859.375 -492.188 -234.375 726.562 -382.812 375.000 789.062 -210.938 382.812 929.688 -62.500 234.375 953.125 148.438 242.188
835.938 -281.250 -203.125 859.375 -117.188 367.188 906.250 78.125 367.188 921.875 195.312 398.438 906.250 445.312 382.812
835.938 -281.250 -203.125 859.375 -117.188 367.188 906.250 78.125 367.188 921.875 195.312 398.438 906.250 445.312 382.812
851.562 -265.625 -203.125 867.188 -101.562 382.812 906.250 93.750 375.000 937.500 195.312 398.438 906.250 437.500 367.188
843.750 -273.438 -210.938 867.188 -132.812 406.250 921.875 46.875 390.625 945.312 140.625 375.000 921.875 382.812 343.750
843.750 -312.500 -210.938 875.000 -179.688 414.062 921.875 7.812 398.438 937.500 109.375 375.000 906.250 367.188 351.562
890.625 -445.312 -265.625 804.688 -335.938 453.125 843.750 -7.812 500.000 890.625 -7.812 437.500 851.562 320.312 390.625
890.625 -445.312 -265.625 804.688 -335.938 453.125 843.750 -7.812 500.000 890.625 -7.812 437.500 851.562 320.312 390.625
875.000 -515.625 -273.438 812.500 -375.000 468.750 859.375 -39.062 500.000 914.062 -7.812 429.688 875.000 312.500 382.812
875.000 -531.250 -257.812 812.500 -375.000 476.562 867.188 -39.062 507.812 906.250 -7.812 445.312 859.375 320.312 406.250
875.000 -539.062 -265.625 812.500 -335.938 476.562 835.938 -15.625 523.438 890.625 15.625 476.562 859.375 367.188 421.875
859.375 -500.000 -250.000 828.125 -304.688 460.938 859.375 39.062 500.000 914.062 62.500 460.938 882.812 382.812 421.875
835.938 -515.625 -218.750 804.688 -335.938 453.125 773.438 85.938 515.625 890.625 62.500 445.312 906.250 382.812 414.062
812.500 -531.250 -195.312 789.062 -320.312 445.312 937.500 31.250 468.750 953.125 85.938 445.312 921.875 382.812 398.438
734.375 -570.312 -132.812 828.125 -281.250 429.688 937.500 0.000 414.062 945.312 132.812 390.625 914.062 375.000 375.000
734.375 -546.875 -125.000 828.125 -281.250 421.875 945.312 7.812 398.438 921.875 140.625 390.625 898.438 382.812 390.625
710.938 -507.812 -85.938 890.625 -375.000 335.938 937.500 -70.312 367.188 921.875 54.688 359.375 828.125 273.438 421.875
710.938 -507.812 -85.938 890.625 -375.000 335.938 937.500 -70.312 367.188 921.875 54.688 359.375 828.125 273.438 421.875
710.938 -507.812 -85.938 890.625 -375.000 335.938 937.500 -70.312 367.188 921.875 54.688 359.375 828.125 273.438 421.875
453.125 -289.062 171.875 781.250 -367.188 312.500 914.062 -148.438 468.750 992.188 -7.812 390.625 820.312 304.688 476.562
273.438 -625.000 171.875 843.750 -492.188 328.125 1140.625 -281.250 359.375 1000.000 -62.500 257.812 718.750 117.188 375.000
632.812 -632.812 101.562 1062.500 -437.500 218.750 882.812 -320.312 476.562 937.500 -101.562 242.188 851.562 70.312 242.188
710.938 -562.500 -250.000 976.562 -554.688 195.312 960.938 -187.500 296.875 992.188 -156.250 218.750 945.312 -85.938 148.438
1000.000 -476.562 -710.938 875.000 -492.188 250.000 914.062 -234.375 304.688 1046.875 85.938 132.812 960.938 226.562 140.625
984.375 -570.312 -695.312 843.750 -507.812 265.625 921.875 -203.125 296.875 1031.250 125.000 164.062 929.688 265.625 187.500
953.125 -609.375 -664.062 812.500 -500.000 273.438 906.250 -164.062 304.688 992.188 125.000 195.312 890.625 296.875 250.000
820.312 -414.062 -570.312 765.625 -390.625 312.500 875.000 -39.062 367.188 781.250 218.750 484.375 656.250 492.188 648.438
843.750 -296.875 -578.125 757.812 -367.188 312.500 828.125 -7.812 421.875 718.750 195.312 585.938 617.188 507.812 718.750
898.438 -250.000 -617.188 765.625 -351.562 390.625 789.062 46.875 554.688 796.875 164.062 617.188 710.938 507.812 664.062
898.438 -250.000 -617.188 765.625 -351.562 390.625 789.062 46.875 554.688 796.875 164.062 617.188 710.938 507.812 664.062
898.438 -250.000 -617.188 765.625 -351.562 390.625 789.062 46.875 554.688 796.875 164.062 617.188 710.938 507.812 664.062
835.938 -328.125 -578.125 726.562 -390.625 429.688 812.500 0.000 539.062 835.938 164.062 539.062 757.812 468.750 570.312
742.188 -539.062 -507.812 710.938 -484.375 453.125 835.938 -85.938 515.625 898.438 125.000 453.125 820.312 414.062 492.188
648.438 -734.375 -406.250 656.250 -593.750 523.438 843.750 -187.500 507.812 929.688 93.750 414.062 835.938 351.562 445.312
648.438 -734.375 -406.250 656.250 -593.750 523.438 843.750 -187.500 507.812 929.688 93.750 414.062 835.938 351.562 445.312
625.000 -710.938 -398.438 664.062 -578.125 531.250 828.125 -195.312 523.438 914.062 78.125 414.062 828.125 335.938 421.875
640.625 -757.812 -398.438 695.312 -546.875 515.625 781.250 -78.125 609.375 781.250 46.875 601.562 718.750 390.625 539.062
640.625 -757.812 -398.438 695.312 -546.875 515.625 781.250 -78.125 609.375 781.250 46.875 601.562 718.750 390.625 539.062
648.438 -726.562 -398.438 687.500 -523.438 515.625 765.625 -46.875 640.625 757.812 54.688 648.438 687.500 429.688 585.938
656.250 -703.125 -414.062 664.062 -515.625 562.500 734.375 -46.875 695.312 757.812 101.562 695.312 656.250 500.000 687.500
687.500 -710.938 -460.938 671.875 -500.000 578.125 765.625 -15.625 695.312 796.875 187.500 695.312 625.000 562.500 750.000
695.312 -695.312 -492.188 664.062 -507.812 578.125 773.438 -15.625 679.688 789.062 187.500 687.500 648.438 562.500 742.188
656.250 -726.562 -492.188 664.062 -554.688 578.125 796.875 -46.875 648.438 843.750 140.625 617.188 734.375 484.375 617.188
656.250 -726.562 -492.188 664.062 -554.688 578.125 796.875 -46.875 648.438 843.750 140.625 617.188 734.375 484.375 617.188
617.188 -773.438 -460.938 656.250 -554.688 578.125 796.875 -85.938 640.625 859.375 117.188 570.312 742.188 445.312 585.938
570.312 -804.688 -398.438 695.312 -578.125 531.250 835.938 -109.375 601.562 859.375 93.750 546.875 750.000 414.062 562.500
570.312 -804.688 -398.438 695.312 -578.125 531.250 835.938 -109.375 601.562 859.375 93.750 546.875 750.000 414.062 562.500
570.312 -804.688 -398.438 695.312 -562.500 523.438 820.312 -109.375 601.562 851.562 93.750 546.875 750.000 414.062 562.500
578.125 -726.562 -414.062 679.688 -523.438 515.625 804.688 -117.188 609.375 843.750 54.688 554.688 734.375 390.625 546.875
578.125 -703.125 -429.688 679.688 -515.625 531.250 804.688 -101.562 609.375 859.375 70.312 554.688 757.812 382.812 546.875
632.812 -585.938 -468.750 664.062 -500.000 531.250 742.188 -70.312 671.875 757.812 54.688 679.688 671.875 437.500 664.062
632.812 -585.938 -468.750 664.062 -500.000 531.250 742.188 -70.312 671.875 757.812 54.688 679.688 671.875 437.500 664.062
648.438 -617.188 -484.375 664.062 -476.562 554.688 734.375 -70.312 703.125 789.062 70.312 687.500 679.688 468.750 703.125
648.438 -617.188 -492.188 664.062 -500.000 554.688 750.000 -70.312 695.312 812.500 85.938 671.875 687.500 468.750 703.125
640.625 -679.688 -492.188 664.062 -554.688 562.500 781.250 -140.625 656.250 843.750 39.062 585.938 726.562 390.625 601.562
640.625 -679.688 -492.188 664.062 -554.688 562.500 781.250 -140.625 656.250 843.750 39.062 585.938 726.562 390.625 601.562
625.000 -703.125 -468.750 671.875 -578.125 546.875 796.875 -148.438 632.812 851.562 31.250 570.312 742.188 375.000 601.562
