656.250 -765.625 -101.562 179.688 -367.188 882.812 132.812 273.438 953.125 -101.562 296.875 960.938 -359.375 -359.375 882.812
656.250 -773.438 -109.375 187.500 -375.000 882.812 140.625 265.625 937.500 -93.750 296.875 953.125 -351.562 -367.188 882.812
664.062 -757.812 -109.375 195.312 -359.375 875.000 148.438 273.438 937.500 -101.562 304.688 953.125 -351.562 -359.375 882.812
664.062 -750.000 -109.375 195.312 -351.562 882.812 140.625 273.438 937.500 -101.562 289.062 960.938 -359.375 -367.188 882.812
664.062 -742.188 -117.188 203.125 -359.375 882.812 148.438 265.625 945.312 -101.562 289.062 953.125 -367.188 -359.375 875.000
664.062 -742.188 -109.375 187.500 -359.375 882.812 140.625 265.625 937.500 -101.562 289.062 953.125 -359.375 -359.375 882.812
656.250 -750.000 -117.188 195.312 -359.375 882.812 148.438 265.625 937.500 -93.750 289.062 953.125 -359.375 -367.188 882.812
656.250 -750.000 -109.375 195.312 -367.188 875.000 148.438 257.812 937.500 -101.562 281.250 953.125 -359.375 -367.188 882.812
656.250 -757.812 -117.188 187.500 -367.188 875.000 140.625 257.812 937.500 -101.562 281.250 953.125 -351.562 -367.188 867.188
656.250 -757.812 -109.375 187.500 -375.000 882.812 148.438 265.625 945.312 -93.750 289.062 953.125 -351.562 -359.375 882.812
648.438 -757.812 -109.375 187.500 -359.375 875.000 140.625 265.625 937.500 -101.562 281.250 953.125 -351.562 -359.375 882.812
648.438 -765.625 -109.375 179.688 -367.188 882.812 140.625 265.625 937.500 -109.375 289.062 953.125 -359.375 -367.188 882.812
656.250 -757.812 -117.188 195.312 -375.000 875.000 140.625 265.625 945.312 -101.562 281.250 953.125 -359.375 -375.000 875.000
664.062 -742.188 -117.188 195.312 -367.188 875.000 148.438 265.625 937.500 -101.562 296.875 945.312 -351.562 -359.375 875.000
664.062 -742.188 -117.188 195.312 -367.188 882.812 148.438 265.625 937.500 -93.750 289.062 945.312 -351.562 -359.375 875.000
656.250 -734.375 -109.375 195.312 -367.188 875.000 148.438 273.438 929.688 -85.938 289.062 953.125 -359.375 -351.562 882.812
656.250 -742.188 -109.375 203.125 -351.562 875.000 148.438 273.438 937.500 -93.750 296.875 945.312 -351.562 -343.750 875.000
656.250 -742.188 -101.562 203.125 -351.562 875.000 156.250 273.438 929.688 -85.938 304.688 937.500 -343.750 -351.562 890.625
656.250 -726.562 -93.750 210.938 -343.750 875.000 156.250 281.250 929.688 -93.750 320.312 937.500 -359.375 -343.750 898.438
671.875 -718.750 -93.750 203.125 -335.938 875.000 148.438 289.062 921.875 -101.562 320.312 929.688 -359.375 -335.938 890.625
671.875 -718.750 -101.562 210.938 -335.938 875.000 156.250 304.688 937.500 -101.562 320.312 945.312 -359.375 -335.938 890.625
671.875 -718.750 -93.750 195.312 -320.312 898.438 132.812 304.688 945.312 -132.812 335.938 945.312 -406.250 -312.500 929.688
695.312 -734.375 -93.750 203.125 -343.750 898.438 109.375 304.688 945.312 -156.250 367.188 968.750 -500.000 -335.938 976.562
726.562 -710.938 -101.562 187.500 -359.375 914.062 85.938 289.062 960.938 -164.062 359.375 984.375 -601.562 -375.000 1046.875
820.312 -789.062 -117.188 156.250 -429.688 929.688 15.625 242.188 1000.000 -304.688 414.062 1039.062 -843.750 -421.875 1218.750
1000.000 -765.625 -171.875 78.125 -492.188 1015.625 -109.375 273.438 1101.562 -492.188 195.312 1101.562 -906.250 -484.375 953.125
1109.375 -812.500 -210.938 78.125 -570.312 1054.688 -171.875 218.750 1101.562 -460.938 289.062 1046.875 -718.750 -398.438 796.875
1132.812 -898.438 -242.188 85.938 -523.438 992.188 -85.938 296.875 1054.688 -421.875 164.062 953.125 -531.250 -406.250 703.125
843.750 -1054.688 -78.125 -7.812 -445.312 1039.062 -117.188 304.688 1000.000 -312.500 429.688 968.750 -250.000 -351.562 710.938
195.312 -1140.625 335.938 -23.438 -195.312 1031.250 93.750 429.688 882.812 -15.625 601.562 992.188 -390.625 -515.625 1390.625
203.125 -1187.500 320.312 156.250 15.625 929.688 250.000 710.938 796.875 15.625 578.125 1039.062 -226.562 -523.438 1296.875
242.188 -1117.188 281.250 164.062 179.688 929.688 257.812 890.625 828.125 85.938 218.750 960.938 -265.625 -671.875 1234.375
359.375 -867.188 164.062 195.312 289.062 929.688 312.500 828.125 781.250 320.312 234.375 828.125 -140.625 -359.375 1453.125
554.688 -437.500 -39.062 265.625 257.812 914.062 281.250 632.812 812.500 -62.500 390.625 937.500 -359.375 -234.375 1781.250
570.312 218.750 -210.938 437.500 289.062 828.125 539.062 867.188 718.750 445.312 1210.938 1406.250 -960.938 -1156.250 484.375
500.000 304.688 -164.062 523.438 359.375 710.938 414.062 1117.188 812.500 -578.125 218.750 1218.750 -1070.312 -1179.688 539.062
546.875 -23.438 -109.375 453.125 195.312 570.312 -460.938 625.000 796.875 -1398.438 -460.938 718.750 2328.125 382.812 -867.188
867.188 -93.750 -203.125 164.062 85.938 734.375 -484.375 429.688 1007.812 -812.500 -671.875 679.688 1296.875 -210.938 -773.438
1000.000 -1453.125 -351.562 -265.625 -937.500 1062.500 -70.312 -101.562 1031.250 -15.625 -210.938 890.625 726.562 -203.125 85.938
757.812 -1882.812 -179.688 -281.250 -695.312 1125.000 -70.312 -218.750 1125.000 93.750 -382.812 875.000 921.875 -320.312 -296.875
750.000 -1828.125 -101.562 -148.438 -914.062 1101.562 -15.625 -375.000 1078.125 187.500 -453.125 781.250 898.438 -382.812 -398.438
875.000 -1523.438 -171.875 -93.750 -976.562 1054.688 46.875 -406.250 1062.500 171.875 -500.000 765.625 828.125 -460.938 -289.062
984.375 -539.062 -515.625 210.938 -656.250 820.312 109.375 -203.125 1023.438 -15.625 -375.000 984.375 875.000 -539.062 171.875
968.750 -367.188 -523.438 320.312 -585.938 757.812 195.312 -148.438 992.188 109.375 -343.750 984.375 906.250 -484.375 226.562
796.875 -242.188 -437.500 437.500 -484.375 718.750 359.375 -117.188 937.500 156.250 -335.938 968.750 960.938 -390.625 242.188
867.188 -304.688 -414.062 539.062 -539.062 695.312 437.500 -125.000 921.875 195.312 -335.938 1000.000 835.938 -515.625 179.688
867.188 -359.375 -406.250 562.500 -617.188 656.250 468.750 -234.375 890.625 281.250 -406.250 898.438 929.688 -367.188 70.312
867.188 -406.250 -414.062 539.062 -640.625 664.062 453.125 -257.812 882.812 304.688 -429.688 875.000 953.125 -367.188 -31.250
820.312 -390.625 -398.438 484.375 -656.250 671.875 453.125 -304.688 890.625 351.562 -500.000 851.562 945.312 -375.000 -148.438
851.562 -406.250 -406.250 476.562 -671.875 656.250 460.938 -351.562 867.188 328.125 -523.438 859.375 898.438 -445.312 -171.875
929.688 -320.312 -414.062 593.750 -742.188 578.125 500.000 -453.125 804.688 476.562 -554.688 695.312 906.250 -281.250 -289.062
953.125 -289.062 -421.875 632.812 -750.000 593.750 546.875 -507.812 781.250 531.250 -585.938 609.375 929.688 -195.312 -367.188
1093.750 -289.062 -445.312 687.500 -851.562 585.938 554.688 -632.812 773.438 562.500 -695.312 546.875 953.125 -242.188 -562.500
1164.062 -320.312 -476.562 765.625 -1000.000 578.125 546.875 -726.562 789.062 585.938 -742.188 546.875 953.125 -265.625 -617.188
1156.250 -343.750 -429.688 1085.938 -1054.688 546.875 953.125 -781.250 757.812 921.875 -789.062 531.250 1085.938 -62.500 -781.250
1125.000 -296.875 -398.438 1171.875 -1046.875 507.812 1031.250 -773.438 726.562 937.500 -726.562 507.812 1140.625 31.250 -742.188
1039.062 -15.625 -335.938 1343.750 -921.875 414.062 1164.062 -648.438 664.062 1078.125 -570.312 546.875 1187.500 156.250 -687.500
898.438 140.625 -257.812 1304.688 -585.938 320.312 1125.000 -445.312 539.062 1062.500 -421.875 429.688 1109.375 437.500 -468.750
953.125 117.188 -265.625 1062.500 -726.562 312.500 914.062 -445.312 500.000 601.562 -281.250 476.562 757.812 140.625 -171.875
914.062 0.000 -250.000 945.312 -742.188 296.875 734.375 -476.562 468.750 546.875 -289.062 445.312 679.688 101.562 -140.625
664.062 -343.750 -109.375 625.000 -617.188 296.875 625.000 -328.125 382.812 609.375 -187.500 273.438 679.688 289.062 -312.500
531.250 -476.562 15.625 515.625 -500.000 289.062 562.500 -304.688 289.062 703.125 -70.312 125.000 750.000 398.438 -546.875
429.688 -1125.000 289.062 375.000 -328.125 156.250 476.562 -78.125 -15.625 460.938 203.125 -101.562 281.250 554.688 -359.375
382.812 -1031.250 320.312 390.625 -132.812 93.750 445.312 85.938 -78.125 453.125 320.312 -187.500 250.000 718.750 -328.125
398.438 -828.125 312.500 375.000 195.312 15.625 414.062 343.750 -226.562 398.438 726.562 -226.562 -39.062 906.250 85.938
351.562 -695.312 367.188 382.812 421.875 -70.312 343.750 562.500 -359.375 179.688 875.000 -296.875 -195.312 851.562 257.812
343.750 -632.812 406.250 257.812 679.688 -210.938 93.750 812.500 -578.125 -109.375 1164.062 -414.062 -531.250 828.125 476.562
289.062 -632.812 437.500 187.500 890.625 -218.750 70.312 1015.625 -585.938 -203.125 1250.000 -359.375 -609.375 789.062 523.438
15.625 -609.375 648.438 -93.750 1195.312 -171.875 -117.188 1265.625 -664.062 -320.312 1484.375 -406.250 -851.562 914.062 789.062
-15.625 -687.500 773.438 -171.875 1242.188 -171.875 -140.625 1320.312 -703.125 -289.062 1609.375 -414.062 -851.562 945.312 843.750
-320.312 -960.938 1140.625 -546.875 1820.312 -101.562 -312.500 1820.312 -890.625 -359.375 2093.750 -546.875 -1125.000 1437.500 1179.688
-335.938 -1023.438 1234.375 -562.500 1820.312 -70.312 -398.438 1804.688 -898.438 -460.938 2070.312 -625.000 -1195.312 1453.125 1203.125
-257.812 -1125.000 1218.750 -671.875 1726.562 -15.625 -335.938 1812.500 -843.750 -484.375 1992.188 -601.562 -1257.812 1429.688 1046.875
-218.750 -1125.000 1218.750 -687.500 1812.500 54.688 -500.000 1804.688 -898.438 -562.500 2101.562 -664.062 -1273.438 1531.250 1117.188
-109.375 -648.438 1046.875 -476.562 2085.938 -23.438 -429.688 2085.938 -937.500 -570.312 2281.250 -523.438 -1460.938 1632.812 1625.000
-85.938 -421.875 984.375 -492.188 1992.188 -39.062 -460.938 1976.562 -906.250 -546.875 2210.938 -500.000 -1562.500 1382.812 1664.062
93.750 -226.562 875.000 -476.562 1890.625 -15.625 -578.125 1906.250 -789.062 -781.250 1984.375 -398.438 -1414.062 1117.188 1531.250
117.188 -93.750 812.500 -484.375 1835.938 7.812 -554.688 1828.125 -742.188 -687.500 1921.875 -375.000 -1296.875 1195.312 1515.625
195.312 390.625 765.625 -296.875 1507.812 31.250 -390.625 1515.625 -578.125 -601.562 1515.625 -179.688 -1125.000 695.312 1328.125
265.625 367.188 742.188 -203.125 1484.375 7.812 -390.625 1468.750 -515.625 -617.188 1429.688 -148.438 -1054.688 640.625 1312.500
281.250 570.312 703.125 -179.688 1335.938 31.250 -296.875 1304.688 -476.562 -421.875 1289.062 -125.000 -921.875 671.875 1250.000
320.312 609.375 687.500 -140.625 1265.625 54.688 -320.312 1234.375 -414.062 -445.312 1210.938 -70.312 -960.938 460.938 1234.375
351.562 593.750 687.500 -109.375 1195.312 93.750 -343.750 1187.500 -281.250 -570.312 1054.688 93.750 -789.062 273.438 1210.938
250.000 773.438 687.500 -23.438 1187.500 101.562 -195.312 1140.625 -257.812 -312.500 1093.750 62.500 -539.062 539.062 1164.062
218.750 609.375 726.562 -23.438 1203.125 140.625 -117.188 1148.438 -257.812 -179.688 1085.938 62.500 -390.625 609.375 1031.250
171.875 601.562 742.188 -7.812 1195.312 140.625 -78.125 1140.625 -242.188 -148.438 1093.750 54.688 -343.750 664.062 984.375
125.000 593.750 796.875 39.062 1156.250 179.688 -7.812 1101.562 -242.188 -39.062 1054.688 23.438 -273.438 750.000 898.438
93.750 351.562 843.750 78.125 1140.625 195.312 46.875 1085.938 -226.562 15.625 1054.688 -7.812 -171.875 812.500 789.062
101.562 203.125 875.000 93.750 1085.938 218.750 62.500 1062.500 -218.750 7.812 1023.438 15.625 -171.875 734.375 734.375
109.375 218.750 851.562 101.562 1054.688 242.188 46.875 1062.500 -187.500 7.812 992.188 23.438 -164.062 789.062 757.812
148.438 164.062 882.812 0.000 976.562 320.312 -62.500 1078.125 -93.750 -109.375 1000.000 85.938 -187.500 648.438 804.688
195.312 46.875 843.750 -210.938 851.562 585.938 -328.125 1125.000 85.938 -390.625 1078.125 289.062 -281.250 492.188 906.250
351.562 -132.812 812.500 -289.062 992.188 625.000 -359.375 1210.938 203.125 -460.938 1101.562 484.375 -335.938 414.062 929.688
398.438 -109.375 742.188 -250.000 1039.062 671.875 -460.938 1234.375 226.562 -609.375 1054.688 437.500 -335.938 375.000 953.125
515.625 132.812 625.000 -226.562 1023.438 617.188 -406.250 1351.562 132.812 -609.375 1179.688 484.375 -390.625 382.812 1023.438
648.438 156.250 320.312 0.000 1296.875 351.562 -203.125 1421.875 -156.250 -468.750 1359.375 93.750 -367.188 617.188 1148.438
648.438 62.500 164.062 250.000 1398.438 109.375 -85.938 1460.938 -320.312 -523.438 1242.188 -234.375 -328.125 796.875 1140.625
664.062 78.125 78.125 328.125 1453.125 109.375 -31.250 1445.312 -343.750 -226.562 1445.312 -179.688 -273.438 882.812 1164.062
828.125 23.438 -257.812 281.250 1570.312 39.062 -78.125 1492.188 -421.875 -218.750 1476.562 -335.938 -320.312 1125.000 1117.188
859.375 -773.438 -414.062 437.500 1562.500 -85.938 -109.375 1703.125 -445.312 -281.250 1656.250 -195.312 -164.062 1203.125 1007.812
773.438 -1140.625 -390.625 375.000 1132.812 -23.438 -179.688 1781.250 -562.500 -335.938 1835.938 -164.062 -93.750 1257.812 1000.000
765.625 -1281.250 -335.938 281.250 960.938 0.000 -62.500 1718.750 -671.875 -445.312 2164.062 -125.000 -101.562 1179.688 1070.312
578.125 -1398.438 -281.250 265.625 734.375 140.625 15.625 1625.000 -679.688 -718.750 2437.500 -101.562 -289.062 1132.812 1281.250
453.125 -1679.688 -312.500 132.812 664.062 156.250 15.625 1132.812 -937.500 -593.750 1609.375 -1195.312 -726.562 1210.938 1273.438
492.188 -1664.062 -343.750 304.688 507.812 0.000 179.688 773.438 -1000.000 -265.625 1453.125 -1406.250 -703.125 1203.125 921.875
492.188 -1617.188 -367.188 390.625 437.500 -54.688 289.062 546.875 -1046.875 -203.125 1429.688 -1460.938 -617.188 1265.625 734.375
328.125 -1765.625 -242.188 500.000 343.750 -148.438 429.688 523.438 -1007.812 -7.812 960.938 -1492.188 -437.500 1242.188 398.438
187.500 -1734.375 -46.875 687.500 140.625 -171.875 617.188 273.438 -789.062 375.000 429.688 -1281.250 -78.125 1593.750 -54.688
-742.188 -429.688 1609.375 515.625 -625.000 78.125 218.750 -585.938 343.750 460.938 -101.562 -710.938 445.312 1171.875 -523.438
-1484.375 -343.750 507.812 1695.312 -234.375 -148.438 507.812 -515.625 0.000 539.062 -898.438 -617.188 609.375 921.875 -804.688
1648.438 -1101.562 -406.250 765.625 -203.125 23.438 1437.500 -304.688 -257.812 1265.625 23.438 -437.500 1250.000 -281.250 -1132.812
156.250 -1257.812 109.375 1343.750 -960.938 -54.688 1335.938 -734.375 39.062 1226.562 -601.562 -343.750 1148.438 226.562 -226.562
437.500 -1171.875 15.625 1000.000 -1312.500 289.062 1156.250 -976.562 281.250 1148.438 -812.500 -109.375 1101.562 -390.625 -445.312
437.500 -1296.875 -93.750 867.188 -1390.625 382.812 1070.312 -1015.625 429.688 1062.500 -914.062 46.875 1078.125 -453.125 -421.875
648.438 -1453.125 -187.500 859.375 -1507.812 460.938 867.188 -1000.000 750.000 828.125 -898.438 492.188 890.625 -789.062 -257.812
867.188 -1421.875 -414.062 593.750 -1554.688 695.312 570.312 -773.438 1031.250 570.312 -695.312 859.375 562.500 -804.688 265.625
937.500 -1265.625 -546.875 500.000 -1281.250 781.250 507.812 -570.312 1039.062 554.688 -445.312 820.312 453.125 -593.750 546.875
890.625 -1187.500 -546.875 500.000 -1117.188 781.250 531.250 -429.688 1000.000 562.500 -296.875 820.312 453.125 -492.188 648.438
726.562 -968.750 -515.625 539.062 -750.000 718.750 578.125 -109.375 882.812 593.750 -23.438 812.500 500.000 -343.750 773.438
671.875 -617.188 -507.812 632.812 -390.625 671.875 671.875 187.500 765.625 648.438 281.250 789.062 484.375 -164.062 1007.812
648.438 -281.250 -476.562 679.688 85.938 640.625 718.750 562.500 656.250 679.688 648.438 796.875 390.625 0.000 1296.875
625.000 -218.750 -445.312 671.875 156.250 640.625 710.938 632.812 648.438 656.250 710.938 804.688 359.375 31.250 1351.562
585.938 -218.750 -398.438 632.812 210.938 656.250 679.688 687.500 648.438 625.000 757.812 828.125 335.938 7.812 1367.188
593.750 -328.125 -382.812 554.688 117.188 679.688 609.375 601.562 679.688 578.125 687.500 835.938 320.312 -46.875 1281.250
578.125 -578.125 -367.188 437.500 -148.438 718.750 507.812 390.625 750.000 531.250 468.750 812.500 343.750 -117.188 1062.500
617.188 -625.000 -390.625 406.250 -257.812 718.750 492.188 328.125 781.250 507.812 382.812 812.500 367.188 -156.250 1000.000
664.062 -773.438 -414.062 390.625 -421.875 742.188 476.562 179.688 835.938 500.000 250.000 843.750 359.375 -250.000 929.688
734.375 -843.750 -484.375 367.188 -601.562 742.188 421.875 101.562 906.250 453.125 179.688 914.062 351.562 -320.312 867.188
835.938 -890.625 -523.438 460.938 -750.000 734.375 484.375 39.062 945.312 492.188 109.375 921.875 335.938 -398.438 929.688
867.188 -921.875 -562.500 414.062 -765.625 742.188 468.750 46.875 953.125 445.312 156.250 968.750 289.062 -453.125 953.125
875.000 -851.562 -593.750 406.250 -843.750 687.500 460.938 70.312 914.062 398.438 195.312 984.375 281.250 -421.875 968.750
921.875 -851.562 -625.000 406.250 -734.375 734.375 414.062 54.688 937.500 375.000 234.375 1015.625 250.000 -468.750 976.562
914.062 -992.188 -625.000 414.062 -312.500 648.438 468.750 132.812 890.625 421.875 304.688 968.750 257.812 -375.000 1062.500
968.750 -679.688 -539.062 695.312 -421.875 601.562 476.562 70.312 875.000 398.438 429.688 984.375 156.250 -390.625 1226.562
554.688 -664.062 -234.375 789.062 -609.375 375.000 484.375 -171.875 351.562 492.188 523.438 843.750 156.250 -562.500 1210.938
1390.625 -671.875 -757.812 1000.000 -500.000 359.375 984.375 46.875 320.312 898.438 171.875 648.438 523.438 -531.250 757.812
640.625 46.875 -242.188 1531.250 -421.875 -140.625 1148.438 -375.000 289.062 1070.312 -23.438 234.375 781.250 -46.875 578.125
554.688 31.250 -78.125 1632.812 -687.500 -281.250 1437.500 -156.250 0.000 1046.875 46.875 273.438 734.375 -320.312 500.000
773.438 -226.562 -78.125 1500.000 -468.750 -195.312 1367.188 -289.062 -85.938 1226.562 -328.125 78.125 960.938 -226.562 70.312
859.375 -117.188 -46.875 1312.500 -492.188 -117.188 1289.062 -453.125 -46.875 1335.938 -328.125 -148.438 851.562 54.688 -210.938
820.312 -296.875 31.250 1039.062 -687.500 46.875 1101.562 -296.875 101.562 914.062 -132.812 46.875 1414.062 117.188 -93.750
796.875 -312.500 70.312 828.125 -609.375 195.312 968.750 -343.750 187.500 984.375 -78.125 70.312 937.500 -46.875 -250.000
734.375 -304.688 117.188 562.500 -570.312 460.938 796.875 -453.125 367.188 828.125 -195.312 125.000 992.188 -31.250 -78.125
726.562 -492.188 117.188 625.000 -570.312 437.500 781.250 -320.312 367.188 796.875 78.125 265.625 921.875 -62.500 289.062
742.188 -546.875 148.438 515.625 -460.938 507.812 742.188 -109.375 429.688 765.625 234.375 328.125 960.938 -187.500 437.500
765.625 -609.375 117.188 515.625 -390.625 515.625 757.812 -70.312 398.438 820.312 242.188 281.250 898.438 -46.875 429.688
828.125 -507.812 210.938 570.312 -203.125 531.250 796.875 -54.688 382.812 882.812 210.938 203.125 937.500 46.875 406.250
671.875 -359.375 296.875 750.000 -148.438 453.125 882.812 70.312 367.188 968.750 250.000 171.875 1015.625 109.375 406.250
695.312 -421.875 359.375 890.625 -132.812 382.812 1000.000 85.938 257.812 1000.000 312.500 125.000 976.562 125.000 445.312
781.250 -460.938 343.750 906.250 -132.812 375.000 992.188 109.375 265.625 1015.625 289.062 164.062 960.938 109.375 437.500
828.125 -414.062 367.188 867.188 -171.875 476.562 960.938 54.688 367.188 1000.000 203.125 187.500 1000.000 101.562 375.000
781.250 -429.688 390.625 882.812 -257.812 507.812 953.125 15.625 414.062 984.375 171.875 218.750 984.375 62.500 351.562
789.062 -445.312 421.875 843.750 -281.250 531.250 898.438 23.438 492.188 937.500 187.500 351.562 937.500 -31.250 445.312
820.312 -429.688 406.250 812.500 -296.875 562.500 867.188 31.250 523.438 914.062 203.125 398.438 914.062 -54.688 484.375
890.625 -468.750 351.562 820.312 -289.062 562.500 882.812 46.875 507.812 945.312 210.938 351.562 937.500 -7.812 468.750
890.625 -539.062 359.375 859.375 -226.562 539.062 937.500 31.250 437.500 976.562 218.750 281.250 960.938 39.062 445.312
828.125 -460.938 375.000 914.062 -171.875 476.562 1007.812 46.875 359.375 1023.438 234.375 195.312 992.188 93.750 390.625
843.750 -414.062 367.188 929.688 -171.875 453.125 1015.625 54.688 343.750 1039.062 242.188 164.062 1015.625 109.375 375.000
820.312 -265.625 367.188 914.062 -148.438 445.312 992.188 62.500 351.562 1015.625 218.750 187.500 1007.812 93.750 375.000
843.750 -273.438 351.562 898.438 -164.062 429.688 968.750 46.875 359.375 968.750 234.375 234.375 953.125 39.062 429.688
851.562 -335.938 335.938 851.562 -226.562 437.500 914.062 15.625 390.625 929.688 203.125 304.688 914.062 -31.250 460.938
859.375 -382.812 328.125 789.062 -289.062 484.375 859.375 -39.062 460.938 906.250 140.625 335.938 906.250 -62.500 398.438
851.562 -390.625 335.938 765.625 -351.562 507.812 828.125 -78.125 492.188 882.812 101.562 367.188 890.625 -101.562 390.625
828.125 -351.562 343.750 757.812 -382.812 546.875 820.312 -117.188 523.438 890.625 78.125 382.812 898.438 -117.188 382.812
843.750 -335.938 343.750 757.812 -398.438 539.062 828.125 -117.188 507.812 890.625 85.938 367.188 906.250 -109.375 390.625
937.500 -382.812 273.438 843.750 -343.750 460.938 914.062 -93.750 437.500 945.312 101.562 312.500 937.500 -101.562 382.812
953.125 -359.375 257.812 890.625 -304.688 421.875 953.125 -78.125 398.438 992.188 101.562 273.438 984.375 -62.500 359.375
929.688 -289.062 265.625 914.062 -281.250 414.062 960.938 -62.500 390.625 992.188 117.188 281.250 984.375 -70.312 390.625
929.688 -250.000 257.812 906.250 -273.438 414.062 953.125 -62.500 398.438 1000.000 117.188 281.250 984.375 -62.500 375.000
945.312 -375.000 250.000 906.250 -289.062 406.250 968.750 -85.938 382.812 992.188 101.562 257.812 984.375 -46.875 343.750
898.438 -390.625 265.625 882.812 -312.500 421.875 945.312 -70.312 398.438 976.562 85.938 273.438 968.750 -54.688 335.938
890.625 -328.125 281.250 828.125 -296.875 460.938 882.812 -54.688 445.312 929.688 125.000 335.938 937.500 -93.750 406.250
859.375 -304.688 289.062 796.875 -304.688 484.375 851.562 -46.875 460.938 914.062 125.000 375.000 921.875 -101.562 437.500
914.062 -406.250 250.000 781.250 -320.312 500.000 851.562 -62.500 476.562 914.062 109.375 343.750 921.875 -101.562 390.625
882.812 -421.875 281.250 789.062 -335.938 500.000 867.188 -70.312 460.938 929.688 117.188 343.750 929.688 -101.562 390.625
859.375 -351.562 312.500 820.312 -320.312 476.562 890.625 -70.312 445.312 945.312 125.000 320.312 929.688 -85.938 398.438
843.750 -320.312 312.500 828.125 -304.688 468.750 898.438 -62.500 437.500 945.312 132.812 312.500 937.500 -78.125 390.625
828.125 -234.375 320.312 867.188 -304.688 453.125 929.688 -70.312 406.250 960.938 109.375 273.438 960.938 -70.312 359.375
804.688 -273.438 312.500 882.812 -289.062 429.688 945.312 -70.312 390.625 968.750 101.562 265.625 960.938 -54.688 343.750
804.688 -328.125 312.500 882.812 -281.250 414.062 945.312 -70.312 375.000 976.562 109.375 257.812 953.125 -54.688 335.938
804.688 -359.375 296.875 867.188 -281.250 414.062 937.500 -70.312 375.000 968.750 101.562 250.000 953.125 -46.875 335.938
789.062 -445.312 296.875 835.938 -273.438 429.688 890.625 -78.125 398.438 945.312 78.125 250.000 945.312 -39.062 320.312
789.062 -429.688 265.625 796.875 -210.938 460.938 875.000 -85.938 382.812 945.312 109.375 226.562 937.500 -23.438 304.688
773.438 -398.438 273.438 835.938 -203.125 421.875 914.062 -23.438 390.625 953.125 78.125 218.750 960.938 -15.625 281.250
765.625 -445.312 257.812 859.375 -203.125 398.438 929.688 7.812 367.188 937.500 117.188 242.188 960.938 -54.688 265.625
718.750 -609.375 265.625 882.812 -156.250 414.062 945.312 0.000 335.938 945.312 140.625 171.875 1000.000 0.000 281.250
687.500 -695.312 257.812 781.250 -226.562 414.062 929.688 15.625 304.688 937.500 148.438 132.812 945.312 54.688 296.875
664.062 -726.562 250.000 750.000 -242.188 460.938 937.500 31.250 328.125 968.750 210.938 117.188 1000.000 70.312 335.938
664.062 -734.375 218.750 742.188 -281.250 476.562 929.688 62.500 296.875 929.688 265.625 125.000 945.312 85.938 367.188
710.938 -718.750 140.625 703.125 -304.688 507.812 921.875 70.312 304.688 898.438 398.438 226.562 828.125 -70.312 562.500
750.000 -640.625 78.125 710.938 -296.875 492.188 867.188 101.562 367.188 812.500 421.875 375.000 898.438 -109.375 617.188
789.062 -492.188 0.000 718.750 -281.250 468.750 812.500 195.312 453.125 851.562 281.250 492.188 742.188 -210.938 601.562
843.750 -437.500 -31.250 718.750 -281.250 445.312 820.312 187.500 484.375 710.938 398.438 617.188 914.062 -78.125 585.938
914.062 -382.812 -101.562 765.625 -265.625 429.688 718.750 171.875 562.500 765.625 257.812 585.938 742.188 -93.750 664.062
1007.812 -359.375 -156.250 835.938 -289.062 382.812 695.312 132.812 648.438 781.250 132.812 632.812 765.625 -140.625 648.438
1031.250 -382.812 -156.250 890.625 -367.188 375.000 750.000 70.312 640.625 804.688 70.312 617.188 757.812 -125.000 601.562
1023.438 -414.062 -148.438 890.625 -398.438 367.188 796.875 15.625 609.375 828.125 31.250 570.312 812.500 -85.938 539.062
1015.625 -492.188 -140.625 906.250 -492.188 375.000 906.250 -85.938 546.875 898.438 -15.625 460.938 882.812 -15.625 554.688
953.125 -609.375 -125.000 921.875 -546.875 375.000 960.938 -187.500 484.375 984.375 -46.875 367.188 921.875 -179.688 437.500
898.438 -648.438 -101.562 929.688 -554.688 343.750 968.750 -179.688 460.938 976.562 -62.500 351.562 929.688 -203.125 406.250
882.812 -656.250 -109.375 929.688 -554.688 328.125 968.750 -187.500 460.938 976.562 -46.875 359.375 929.688 -210.938 421.875
859.375 -632.812 -109.375 914.062 -539.062 312.500 945.312 -179.688 445.312 953.125 -31.250 382.812 890.625 -203.125 468.750
835.938 -562.500 -132.812 882.812 -476.562 304.688 851.562 -109.375 500.000 882.812 -15.625 453.125 804.688 -234.375 539.062
828.125 -531.250 -140.625 781.250 -445.312 382.812 781.250 -78.125 554.688 812.500 15.625 515.625 734.375 -257.812 593.750
828.125 -523.438 -148.438 695.312 -445.312 445.312 726.562 -78.125 601.562 773.438 31.250 562.500 695.312 -281.250 617.188
828.125 -484.375 -156.250 593.750 -421.875 546.875 640.625 -85.938 687.500 718.750 15.625 664.062 648.438 -320.312 679.688
859.375 -460.938 -164.062 601.562 -445.312 578.125 640.625 -93.750 726.562 718.750 7.812 687.500 601.562 -335.938 742.188
875.000 -468.750 -195.312 648.438 -468.750 562.500 679.688 -85.938 710.938 750.000 31.250 679.688 601.562 -320.312 773.438
890.625 -468.750 -195.312 671.875 -492.188 546.875 703.125 -78.125 695.312 757.812 31.250 671.875 617.188 -312.500 789.062
921.875 -500.000 -210.938 718.750 -500.000 531.250 757.812 -109.375 671.875 781.250 15.625 640.625 625.000 -312.500 773.438
906.250 -562.500 -187.500 765.625 -500.000 515.625 789.062 -140.625 632.812 820.312 15.625 593.750 648.438 -281.250 742.188
882.812 -593.750 -171.875 710.938 -539.062 539.062 757.812 -132.812 640.625 789.062 15.625 609.375 656.250 -296.875 718.750
859.375 -609.375 -164.062 679.688 -539.062 554.688 734.375 -140.625 664.062 765.625 0.000 617.188 656.250 -312.500 703.125
835.938 -617.188 -132.812 648.438 -539.062 593.750 703.125 -140.625 703.125 757.812 -31.250 625.000 648.438 -312.500 703.125
804.688 -656.250 -101.562 632.812 -507.812 617.188 656.250 -148.438 710.938 734.375 -31.250 609.375 625.000 -304.688 695.312
773.438 -664.062 -101.562 593.750 -500.000 617.188 617.188 -85.938 726.562 695.312 0.000 640.625 601.562 -281.250 718.750
773.438 -664.062 -109.375 578.125 -476.562 625.000 593.750 -70.312 742.188 656.250 15.625 664.062 593.750 -281.250 726.562
765.625 -664.062 -101.562 531.250 -453.125 671.875 554.688 -31.250 773.438 601.562 46.875 742.188 546.875 -304.688 742.188
796.875 -601.562 -125.000 429.688 -500.000 789.062 523.438 -31.250 843.750 562.500 62.500 804.688 484.375 -351.562 796.875
757.812 -507.812 -117.188 492.188 -453.125 757.812 539.062 -39.062 859.375 531.250 101.562 820.312 437.500 -328.125 843.750
765.625 -531.250 -101.562 523.438 -453.125 726.562 515.625 7.812 851.562 507.812 109.375 867.188 406.250 -335.938 859.375
804.688 -679.688 -132.812 546.875 -421.875 679.688 492.188 70.312 875.000 468.750 78.125 945.312 359.375 -406.250 882.812
812.500 -625.000 -125.000 562.500 -437.500 679.688 492.188 70.312 890.625 460.938 93.750 968.750 312.500 -484.375 914.062
773.438 -617.188 -117.188 554.688 -453.125 710.938 492.188 54.688 882.812 468.750 93.750 921.875 296.875 -453.125 929.688
773.438 -625.000 -125.000 531.250 -437.500 726.562 468.750 54.688 890.625 460.938 109.375 914.062 281.250 -429.688 937.500
757.812 -664.062 -125.000 484.375 -429.688 750.000 445.312 62.500 882.812 453.125 132.812 890.625 281.250 -406.250 937.500
742.188 -695.312 -109.375 437.500 -429.688 773.438 437.500 54.688 875.000 445.312 117.188 875.000 289.062 -390.625 914.062
734.375 -750.000 -93.750 429.688 -453.125 804.688 429.688 54.688 898.438 398.438 132.812 898.438 281.250 -398.438 875.000
734.375 -757.812 -85.938 421.875 -468.750 804.688 414.062 54.688 906.250 390.625 125.000 914.062 265.625 -398.438 882.812
742.188 -757.812 -93.750 429.688 -468.750 789.062 406.250 78.125 929.688 359.375 117.188 953.125 242.188 -437.500 851.562
