445.312 -898.438 -46.875 312.500 -328.125 867.188 328.125 359.375 867.188 46.875 335.938 953.125 -257.812 562.500 804.688
445.312 -906.250 -31.250 304.688 -320.312 867.188 328.125 375.000 867.188 46.875 328.125 953.125 -265.625 562.500 812.500
445.312 -906.250 -31.250 304.688 -320.312 867.188 328.125 375.000 867.188 46.875 328.125 953.125 -265.625 562.500 812.500
437.500 -921.875 -15.625 304.688 -343.750 875.000 320.312 359.375 890.625 23.438 304.688 968.750 -289.062 531.250 820.312
437.500 -921.875 -15.625 304.688 -343.750 875.000 320.312 359.375 890.625 23.438 304.688 968.750 -289.062 531.250 820.312
476.562 -968.750 -31.250 304.688 -367.188 882.812 296.875 359.375 921.875 -7.812 304.688 1007.812 -351.562 515.625 851.562
460.938 -1039.062 0.000 281.250 -335.938 898.438 257.812 390.625 937.500 -31.250 304.688 1031.250 -375.000 539.062 867.188
460.938 -1039.062 0.000 281.250 -335.938 898.438 257.812 390.625 937.500 -31.250 304.688 1031.250 -375.000 539.062 867.188
429.688 -1062.500 7.812 265.625 -328.125 906.250 257.812 398.438 937.500 -54.688 312.500 1023.438 -375.000 546.875 859.375
429.688 -1062.500 7.812 265.625 -328.125 906.250 257.812 398.438 937.500 -54.688 312.500 1023.438 -375.000 546.875 859.375
453.125 -1039.062 54.688 273.438 -335.938 921.875 265.625 398.438 929.688 -54.688 335.938 1015.625 -398.438 570.312 851.562
421.875 -1007.812 62.500 273.438 -312.500 929.688 265.625 437.500 929.688 -54.688 359.375 1015.625 -375.000 601.562 812.500
414.062 -984.375 78.125 257.812 -250.000 960.938 250.000 484.375 921.875 -62.500 398.438 1007.812 -406.250 648.438 796.875
398.438 -921.875 70.312 218.750 -187.500 976.562 218.750 531.250 945.312 -93.750 429.688 1031.250 -414.062 671.875 812.500
414.062 -984.375 62.500 164.062 -179.688 992.188 210.938 531.250 953.125 -85.938 445.312 1039.062 -375.000 679.688 835.938
390.625 -1093.750 117.188 101.562 -273.438 1023.438 187.500 453.125 976.562 -70.312 398.438 1039.062 -375.000 640.625 859.375
367.188 -1156.250 171.875 117.188 -343.750 1007.812 203.125 382.812 1000.000 -62.500 328.125 1054.688 -328.125 609.375 859.375
367.188 -1156.250 171.875 117.188 -343.750 1007.812 203.125 382.812 1000.000 -62.500 328.125 1054.688 -328.125 609.375 859.375
367.188 -1156.250 171.875 117.188 -343.750 1007.812 203.125 382.812 1000.000 -62.500 328.125 1054.688 -328.125 609.375 859.375
414.062 -1210.938 125.000 117.188 -359.375 984.375 195.312 359.375 1000.000 -54.688 289.062 1046.875 -273.438 562.500 859.375
351.562 -1125.000 164.062 132.812 -390.625 968.750 226.562 296.875 984.375 -7.812 242.188 1039.062 -281.250 523.438 867.188
523.438 -789.062 -117.188 179.688 -453.125 914.062 273.438 218.750 953.125 85.938 179.688 1007.812 -164.062 468.750 867.188
523.438 -789.062 -117.188 179.688 -453.125 914.062 273.438 218.750 953.125 85.938 179.688 1007.812 -164.062 468.750 867.188
648.438 -648.438 -179.688 296.875 -398.438 765.625 351.562 156.250 851.562 148.438 148.438 968.750 -187.500 398.438 937.500
648.438 -648.438 -179.688 296.875 -398.438 765.625 351.562 156.250 851.562 148.438 148.438 968.750 -187.500 398.438 937.500
648.438 -648.438 -179.688 296.875 -398.438 765.625 351.562 156.250 851.562 148.438 148.438 968.750 -187.500 398.438 937.500
648.438 -648.438 -179.688 296.875 -398.438 765.625 351.562 156.250 851.562 148.438 148.438 968.750 -187.500 398.438 937.500
648.438 -648.438 -179.688 296.875 -398.438 765.625 351.562 156.250 851.562 148.438 148.438 968.750 -187.500 398.438 937.500
695.312 -632.812 -210.938 320.312 -437.500 757.812 359.375 140.625 835.938 148.438 117.188 945.312 -132.812 382.812 914.062
828.125 -539.062 -351.562 398.438 -484.375 617.188 507.812 85.938 718.750 375.000 109.375 796.875 171.875 406.250 796.875
828.125 -539.062 -351.562 398.438 -484.375 617.188 507.812 85.938 718.750 375.000 109.375 796.875 171.875 406.250 796.875
828.125 -539.062 -351.562 398.438 -484.375 617.188 507.812 85.938 718.750 375.000 109.375 796.875 171.875 406.250 796.875
898.438 -515.625 -242.188 414.062 -679.688 539.062 562.500 -140.625 585.938 390.625 62.500 671.875 70.312 265.625 812.500
898.438 -515.625 -242.188 414.062 -679.688 539.062 562.500 -140.625 585.938 390.625 62.500 671.875 70.312 265.625 812.500
812.500 -468.750 -85.938 312.500 -492.188 484.375 460.938 -39.062 562.500 429.688 93.750 648.438 148.438 320.312 812.500
812.500 -468.750 -85.938 312.500 -492.188 484.375 460.938 -39.062 562.500 429.688 93.750 648.438 148.438 320.312 812.500
812.500 -468.750 -85.938 312.500 -492.188 484.375 460.938 -39.062 562.500 429.688 93.750 648.438 148.438 320.312 812.500
140.625 -164.062 250.000 140.625 257.812 1312.500 -31.250 -382.812 1523.438 -375.000 -781.250 1210.938 -148.438 -117.188 984.375
140.625 -164.062 250.000 140.625 257.812 1312.500 -31.250 -382.812 1523.438 -375.000 -781.250 1210.938 -148.438 -117.188 984.375
1039.062 -210.938 -210.938 257.812 -507.812 882.812 195.312 296.875 1109.375 -164.062 -179.688 1406.250 -281.250 515.625 1476.562
1109.375 46.875 -250.000 890.625 -625.000 750.000 828.125 -203.125 796.875 632.812 -390.625 710.938 164.062 0.000 804.688
1250.000 70.312 -328.125 742.188 -585.938 804.688 632.812 -101.562 890.625 539.062 -335.938 820.312 195.312 179.688 859.375
1078.125 -15.625 -257.812 539.062 -507.812 882.812 546.875 -78.125 984.375 468.750 -429.688 937.500 164.062 117.188 976.562
843.750 -351.562 -23.438 85.938 -250.000 875.000 210.938 203.125 960.938 132.812 -148.438 1031.250 -101.562 406.250 992.188
843.750 -351.562 -23.438 85.938 -250.000 875.000 210.938 203.125 960.938 132.812 -148.438 1031.250 -101.562 406.250 992.188
843.750 -351.562 -23.438 85.938 -250.000 875.000 210.938 203.125 960.938 132.812 -148.438 1031.250 -101.562 406.250 992.188
843.750 -351.562 -23.438 85.938 -250.000 875.000 210.938 203.125 960.938 132.812 -148.438 1031.250 -101.562 406.250 992.188
843.750 -351.562 -23.438 85.938 -250.000 875.000 210.938 203.125 960.938 132.812 -148.438 1031.250 -101.562 406.250 992.188
843.750 -351.562 -23.438 85.938 -250.000 875.000 210.938 203.125 960.938 132.812 -148.438 1031.250 -101.562 406.250 992.188
984.375 -187.500 -78.125 210.938 -281.250 921.875 312.500 164.062 960.938 242.188 -132.812 1015.625 -23.438 398.438 992.188
984.375 -187.500 -78.125 210.938 -281.250 921.875 312.500 164.062 960.938 242.188 -132.812 1015.625 -23.438 398.438 992.188
1093.750 218.750 -343.750 890.625 -179.688 804.688 968.750 -335.938 867.188 367.188 -242.188 898.438 203.125 195.312 1015.625
1093.750 218.750 -343.750 890.625 -179.688 804.688 968.750 -335.938 867.188 367.188 -242.188 898.438 203.125 195.312 1015.625
1093.750 218.750 -343.750 890.625 -179.688 804.688 968.750 -335.938 867.188 367.188 -242.188 898.438 203.125 195.312 1015.625
1093.750 218.750 -343.750 890.625 -179.688 804.688 968.750 -335.938 867.188 367.188 -242.188 898.438 203.125 195.312 1015.625
1093.750 218.750 -343.750 890.625 -179.688 804.688 968.750 -335.938 867.188 367.188 -242.188 898.438 203.125 195.312 1015.625
1093.750 218.750 -343.750 890.625 -179.688 804.688 968.750 -335.938 867.188 367.188 -242.188 898.438 203.125 195.312 1015.625
1093.750 218.750 -343.750 890.625 -179.688 804.688 968.750 -335.938 867.188 367.188 -242.188 898.438 203.125 195.312 1015.625
1093.750 218.750 -343.750 890.625 -179.688 804.688 968.750 -335.938 867.188 367.188 -242.188 898.438 203.125 195.312 1015.625
945.312 523.438 -460.938 375.000 -554.688 906.250 914.062 -234.375 843.750 734.375 -265.625 875.000 296.875 242.188 968.750
1320.312 992.188 -789.062 796.875 -257.812 437.500 796.875 -187.500 695.312 531.250 -101.562 804.688 539.062 429.688 750.000
585.938 -132.812 -304.688 1414.062 -54.688 -257.812 1015.625 507.812 140.625 554.688 7.812 703.125 257.812 250.000 867.188
585.938 -132.812 -304.688 1414.062 -54.688 -257.812 1015.625 507.812 140.625 554.688 7.812 703.125 257.812 250.000 867.188
585.938 -132.812 -304.688 1414.062 -54.688 -257.812 1015.625 507.812 140.625 554.688 7.812 703.125 257.812 250.000 867.188
335.938 -523.438 -54.688 632.812 -320.312 210.938 632.812 343.750 484.375 281.250 23.438 734.375 179.688 328.125 835.938
335.938 -523.438 -54.688 632.812 -320.312 210.938 632.812 343.750 484.375 281.250 23.438 734.375 179.688 328.125 835.938
539.062 -757.812 -7.812 500.000 -414.062 414.062 750.000 187.500 414.062 179.688 375.000 781.250 -15.625 437.500 976.562
656.250 -984.375 85.938 609.375 -523.438 523.438 570.312 187.500 617.188 210.938 570.312 726.562 54.688 710.938 851.562
601.562 -984.375 273.438 570.312 -546.875 664.062 726.562 117.188 546.875 382.812 421.875 710.938 125.000 515.625 781.250
601.562 -984.375 273.438 570.312 -546.875 664.062 726.562 117.188 546.875 382.812 421.875 710.938 125.000 515.625 781.250
710.938 -687.500 234.375 695.312 -421.875 546.875 695.312 242.188 679.688 265.625 554.688 859.375 -46.875 640.625 890.625
710.938 -687.500 234.375 695.312 -421.875 546.875 695.312 242.188 679.688 265.625 554.688 859.375 -46.875 640.625 890.625
710.938 -687.500 234.375 695.312 -421.875 546.875 695.312 242.188 679.688 265.625 554.688 859.375 -46.875 640.625 890.625
695.312 -773.438 250.000 859.375 -359.375 390.625 820.312 257.812 546.875 304.688 570.312 828.125 -148.438 546.875 890.625
812.500 -679.688 171.875 945.312 -445.312 382.812 898.438 179.688 539.062 492.188 640.625 695.312 46.875 640.625 789.062
750.000 -796.875 210.938 890.625 -445.312 429.688 882.812 179.688 554.688 476.562 601.562 726.562 62.500 648.438 812.500
757.812 -671.875 179.688 859.375 -453.125 468.750 859.375 187.500 570.312 476.562 593.750 718.750 85.938 671.875 820.312
804.688 -562.500 164.062 789.062 -445.312 492.188 765.625 203.125 679.688 351.562 585.938 796.875 15.625 679.688 843.750
804.688 -640.625 164.062 718.750 -554.688 640.625 671.875 156.250 812.500 148.438 617.188 898.438 -117.188 671.875 906.250
804.688 -640.625 164.062 718.750 -554.688 640.625 671.875 156.250 812.500 148.438 617.188 898.438 -117.188 671.875 906.250
804.688 -640.625 164.062 718.750 -554.688 640.625 671.875 156.250 812.500 148.438 617.188 898.438 -117.188 671.875 906.250
804.688 -640.625 164.062 718.750 -554.688 640.625 671.875 156.250 812.500 148.438 617.188 898.438 -117.188 671.875 906.250
734.375 -851.562 -46.875 429.688 -609.375 875.000 500.000 234.375 960.938 54.688 601.562 1015.625 -273.438 718.750 1031.250
734.375 -851.562 -46.875 429.688 -609.375 875.000 500.000 234.375 960.938 54.688 601.562 1015.625 -273.438 718.750 1031.250
734.375 -851.562 -46.875 429.688 -609.375 875.000 500.000 234.375 960.938 54.688 601.562 1015.625 -273.438 718.750 1031.250
1007.812 -609.375 -445.312 562.500 -117.188 570.312 742.188 515.625 445.312 484.375 765.625 679.688 70.312 843.750 929.688
1007.812 -609.375 -445.312 562.500 -117.188 570.312 742.188 515.625 445.312 484.375 765.625 679.688 70.312 843.750 929.688
1007.812 -640.625 -460.938 632.812 -187.500 468.750 679.688 453.125 382.812 554.688 812.500 601.562 148.438 859.375 867.188
1007.812 -570.312 -476.562 820.312 -23.438 304.688 882.812 421.875 242.188 593.750 632.812 531.250 257.812 828.125 765.625
984.375 -593.750 -453.125 789.062 -23.438 281.250 929.688 242.188 203.125 664.062 585.938 484.375 273.438 765.625 734.375
984.375 -593.750 -453.125 789.062 -23.438 281.250 929.688 242.188 203.125 664.062 585.938 484.375 273.438 765.625 734.375
851.562 -664.062 -242.188 953.125 -492.188 179.688 1257.812 0.000 31.250 890.625 414.062 304.688 406.250 507.812 632.812
742.188 -632.812 31.250 1023.438 -562.500 93.750 1289.062 195.312 203.125 867.188 382.812 367.188 398.438 429.688 632.812
1796.875 375.000 -468.750 2046.875 -1015.625 164.062 1484.375 -226.562 375.000 906.250 -296.875 453.125 632.812 117.188 656.250
1796.875 375.000 -468.750 2046.875 -1015.625 164.062 1484.375 -226.562 375.000 906.250 -296.875 453.125 632.812 117.188 656.250
945.312 -257.812 -375.000 1000.000 -546.875 156.250 984.375 -234.375 312.500 984.375 23.438 421.875 593.750 226.562 750.000
945.312 -257.812 -375.000 1000.000 -546.875 156.250 984.375 -234.375 312.500 984.375 23.438 421.875 593.750 226.562 750.000
945.312 -257.812 -375.000 1000.000 -546.875 156.250 984.375 -234.375 312.500 984.375 23.438 421.875 593.750 226.562 750.000
843.750 -320.312 -335.938 781.250 -367.188 304.688 859.375 93.750 437.500 812.500 78.125 523.438 593.750 398.438 695.312
843.750 -320.312 -335.938 781.250 -367.188 304.688 859.375 93.750 437.500 812.500 78.125 523.438 593.750 398.438 695.312
820.312 -328.125 -335.938 757.812 -328.125 351.562 812.500 132.812 453.125 843.750 132.812 539.062 585.938 453.125 656.250
835.938 -390.625 -382.812 625.000 -273.438 468.750 687.500 117.188 523.438 742.188 265.625 640.625 398.438 609.375 914.062
859.375 -429.688 -382.812 585.938 -296.875 492.188 617.188 125.000 570.312 679.688 289.062 687.500 320.312 640.625 1023.438
859.375 -625.000 -367.188 742.188 -515.625 554.688 796.875 23.438 648.438 804.688 -125.000 554.688 531.250 531.250 609.375
859.375 -625.000 -367.188 742.188 -515.625 554.688 796.875 23.438 648.438 804.688 -125.000 554.688 531.250 531.250 609.375
859.375 -625.000 -367.188 742.188 -515.625 554.688 796.875 23.438 648.438 804.688 -125.000 554.688 531.250 531.250 609.375
859.375 -625.000 -367.188 742.188 -515.625 554.688 796.875 23.438 648.438 804.688 -125.000 554.688 531.250 531.250 609.375
820.312 -648.438 -312.500 765.625 -429.688 554.688 804.688 156.250 671.875 812.500 -367.188 554.688 1054.688 78.125 31.250
835.938 -625.000 -328.125 781.250 -460.938 554.688 843.750 125.000 656.250 851.562 -257.812 570.312 1093.750 203.125 132.812
851.562 -664.062 -304.688 773.438 -476.562 554.688 851.562 132.812 656.250 859.375 -234.375 632.812 898.438 195.312 382.812
796.875 -617.188 -296.875 742.188 -460.938 546.875 812.500 164.062 601.562 812.500 -148.438 640.625 882.812 203.125 421.875
796.875 -617.188 -296.875 742.188 -460.938 546.875 812.500 164.062 601.562 812.500 -148.438 640.625 882.812 203.125 421.875
796.875 -617.188 -296.875 742.188 -460.938 546.875 812.500 164.062 601.562 812.500 -148.438 640.625 882.812 203.125 421.875
640.625 -484.375 -179.688 937.500 -265.625 460.938 617.188 234.375 710.938 648.438 -187.500 781.250 742.188 343.750 617.188
804.688 -539.062 -164.062 679.688 -406.250 515.625 703.125 203.125 539.062 500.000 23.438 796.875 406.250 414.062 1132.812
429.688 -820.312 0.000 968.750 -460.938 304.688 945.312 195.312 484.375 929.688 -164.062 539.062 1187.500 117.188 7.812
429.688 -820.312 0.000 968.750 -460.938 304.688 945.312 195.312 484.375 929.688 -164.062 539.062 1187.500 117.188 7.812
429.688 -820.312 0.000 968.750 -460.938 304.688 945.312 195.312 484.375 929.688 -164.062 539.062 1187.500 117.188 7.812
429.688 -820.312 0.000 968.750 -460.938 304.688 945.312 195.312 484.375 929.688 -164.062 539.062 1187.500 117.188 7.812
546.875 -1359.375 -335.938 -85.938 -203.125 320.312 531.250 62.500 593.750 570.312 -382.812 546.875 1000.000 171.875 156.250
546.875 -1359.375 -335.938 -85.938 -203.125 320.312 531.250 62.500 593.750 570.312 -382.812 546.875 1000.000 171.875 156.250
523.438 -765.625 -382.812 -93.750 -507.812 804.688 296.875 -117.188 914.062 265.625 -632.812 632.812 890.625 289.062 289.062
515.625 -62.500 -468.750 -406.250 -882.812 1734.375 -218.750 -210.938 1523.438 46.875 -945.312 781.250 812.500 164.062 218.750
1679.688 257.812 -1226.562 828.125 39.062 570.312 890.625 390.625 648.438 828.125 -85.938 867.188 1054.688 539.062 429.688
1679.688 257.812 -1226.562 828.125 39.062 570.312 890.625 390.625 648.438 828.125 -85.938 867.188 1054.688 539.062 429.688
1742.188 335.938 -1312.500 859.375 85.938 562.500 867.188 398.438 687.500 843.750 -125.000 898.438 1046.875 570.312 468.750
1742.188 335.938 -1312.500 859.375 85.938 562.500 867.188 398.438 687.500 843.750 -125.000 898.438 1046.875 570.312 468.750
1468.750 640.625 -976.562 453.125 -195.312 1046.875 500.000 195.312 1015.625 507.812 -500.000 914.062 898.438 335.938 570.312
992.188 140.625 -320.312 671.875 -367.188 812.500 656.250 -85.938 882.812 757.812 -585.938 578.125 1046.875 101.562 164.062
992.188 140.625 -320.312 671.875 -367.188 812.500 656.250 -85.938 882.812 757.812 -585.938 578.125 1046.875 101.562 164.062
960.938 -453.125 -148.438 539.062 -492.188 804.688 546.875 -210.938 875.000 671.875 -664.062 453.125 945.312 -78.125 125.000
695.312 -257.812 23.438 367.188 -460.938 820.312 398.438 -148.438 890.625 539.062 -671.875 507.812 945.312 -39.062 203.125
687.500 -328.125 15.625 335.938 -289.062 804.688 406.250 -7.812 867.188 539.062 -585.938 609.375 945.312 85.938 281.250
750.000 -351.562 -39.062 296.875 -250.000 820.312 390.625 70.312 875.000 507.812 -539.062 656.250 937.500 156.250 328.125
750.000 -351.562 -39.062 296.875 -250.000 820.312 390.625 70.312 875.000 507.812 -539.062 656.250 937.500 156.250 328.125
789.062 -203.125 -54.688 320.312 -132.812 796.875 414.062 156.250 859.375 492.188 -484.375 742.188 937.500 226.562 429.688
843.750 -85.938 -117.188 281.250 -171.875 937.500 437.500 171.875 898.438 531.250 -453.125 773.438 992.188 289.062 312.500
843.750 -85.938 -117.188 281.250 -171.875 937.500 437.500 171.875 898.438 531.250 -453.125 773.438 992.188 289.062 312.500
1140.625 -187.500 -140.625 421.875 -179.688 882.812 625.000 -23.438 867.188 757.812 -492.188 562.500 1234.375 171.875 -7.812
1257.812 54.688 -343.750 617.188 -554.688 757.812 812.500 -195.312 734.375 859.375 -523.438 359.375 1195.312 -54.688 -15.625
1359.375 265.625 -398.438 1234.375 -421.875 757.812 1039.062 -445.312 757.812 1007.812 -664.062 164.062 1171.875 -257.812 -164.062
1179.688 437.500 -351.562 1117.188 -585.938 960.938 851.562 -531.250 953.125 1000.000 -867.188 125.000 1148.438 -343.750 -312.500
1609.375 15.625 -750.000 1335.938 -476.562 765.625 960.938 -484.375 929.688 1023.438 -765.625 125.000 773.438 -273.438 -257.812
726.562 -85.938 -406.250 460.938 78.125 78.125 -492.188 195.312 835.938 -140.625 -812.500 578.125 218.750 -62.500 203.125
726.562 -85.938 -406.250 460.938 78.125 78.125 -492.188 195.312 835.938 -140.625 -812.500 578.125 218.750 -62.500 203.125
726.562 -85.938 -406.250 460.938 78.125 78.125 -492.188 195.312 835.938 -140.625 -812.500 578.125 218.750 -62.500 203.125
312.500 -1132.812 179.688 328.125 -132.812 445.312 273.438 593.750 414.062 265.625 -78.125 757.812 -234.375 648.438 828.125
312.500 -1132.812 179.688 328.125 -132.812 445.312 273.438 593.750 414.062 265.625 -78.125 757.812 -234.375 648.438 828.125
601.562 -414.062 296.875 437.500 195.312 609.375 156.250 625.000 570.312 500.000 156.250 1062.500 -335.938 1125.000 1593.750
546.875 -250.000 421.875 796.875 23.438 304.688 429.688 781.250 562.500 320.312 109.375 1171.875 101.562 882.812 1289.062
406.250 -710.938 507.812 960.938 -164.062 320.312 398.438 718.750 617.188 390.625 -117.188 1054.688 101.562 671.875 1210.938
960.938 -671.875 187.500 843.750 -85.938 539.062 476.562 531.250 703.125 500.000 -171.875 843.750 406.250 523.438 656.250
789.062 -773.438 304.688 851.562 0.000 585.938 281.250 218.750 1078.125 375.000 -843.750 890.625 242.188 562.500 781.250
789.062 -773.438 304.688 851.562 0.000 585.938 281.250 218.750 1078.125 375.000 -843.750 890.625 242.188 562.500 781.250
820.312 -742.188 226.562 882.812 -148.438 539.062 429.688 492.188 687.500 367.188 -304.688 742.188 218.750 718.750 718.750
812.500 -523.438 257.812 953.125 -39.062 398.438 468.750 742.188 609.375 437.500 46.875 992.188 164.062 710.938 804.688
851.562 -312.500 234.375 890.625 140.625 398.438 531.250 734.375 570.312 421.875 101.562 1000.000 125.000 757.812 859.375
851.562 -312.500 234.375 890.625 140.625 398.438 531.250 734.375 570.312 421.875 101.562 1000.000 125.000 757.812 859.375
859.375 -468.750 250.000 843.750 78.125 421.875 445.312 757.812 640.625 351.562 62.500 1062.500 85.938 726.562 890.625
851.562 -648.438 273.438 835.938 23.438 453.125 421.875 757.812 687.500 343.750 39.062 1085.938 46.875 679.688 898.438
703.125 -601.562 382.812 789.062 -109.375 507.812 304.688 867.188 789.062 210.938 -125.000 1242.188 140.625 656.250 976.562
460.938 -421.875 601.562 812.500 -85.938 515.625 -31.250 835.938 828.125 320.312 -54.688 1210.938 257.812 648.438 835.938
507.812 -320.312 632.812 898.438 -179.688 546.875 343.750 742.188 843.750 554.688 -15.625 1156.250 343.750 1148.438 1015.625
507.812 -320.312 632.812 898.438 -179.688 546.875 343.750 742.188 843.750 554.688 -15.625 1156.250 343.750 1148.438 1015.625
578.125 -132.812 531.250 718.750 -164.062 710.938 382.812 554.688 734.375 507.812 -281.250 945.312 546.875 625.000 640.625
898.438 0.000 -101.562 1218.750 429.688 54.688 -109.375 187.500 351.562 -78.125 -187.500 -15.625 140.625 453.125 0.000
898.438 0.000 -101.562 1218.750 429.688 54.688 -109.375 187.500 351.562 -78.125 -187.500 -15.625 140.625 453.125 0.000
898.438 0.000 -101.562 1218.750 429.688 54.688 -109.375 187.500 351.562 -78.125 -187.500 -15.625 140.625 453.125 0.000
1242.188 -1468.750 -445.312 804.688 -820.312 257.812 1398.438 312.500 -679.688 890.625 273.438 -710.938 132.812 750.000 1109.375
1468.750 -2375.000 -679.688 906.250 -843.750 328.125 2015.625 -250.000 -859.375 1585.938 1570.312 -546.875 523.438 953.125 562.500
1078.125 -2437.500 -453.125 1039.062 -406.250 273.438 1359.375 343.750 -257.812 1187.500 453.125 -242.188 1414.062 593.750 -648.438
1078.125 -2437.500 -453.125 1039.062 -406.250 273.438 1359.375 343.750 -257.812 1187.500 453.125 -242.188 1414.062 593.750 -648.438
507.812 -851.562 148.438 945.312 -296.875 507.812 828.125 -23.438 718.750 1109.375 -351.562 234.375 1109.375 179.688 -335.938
781.250 -765.625 7.812 867.188 -15.625 359.375 1031.250 171.875 203.125 757.812 492.188 453.125 484.375 656.250 726.562
843.750 -765.625 -93.750 1062.500 7.812 218.750 906.250 351.562 203.125 843.750 601.562 460.938 570.312 804.688 671.875
875.000 -289.062 -85.938 1046.875 203.125 250.000 937.500 421.875 164.062 789.062 632.812 429.688 617.188 773.438 492.188
789.062 -492.188 -46.875 1007.812 195.312 320.312 1015.625 281.250 70.312 851.562 632.812 257.812 796.875 718.750 320.312
789.062 -492.188 -46.875 1007.812 195.312 320.312 1015.625 281.250 70.312 851.562 632.812 257.812 796.875 718.750 320.312
781.250 -609.375 -39.062 945.312 -148.438 281.250 1101.562 187.500 46.875 898.438 453.125 117.188 953.125 554.688 195.312
1015.625 -781.250 -257.812 890.625 -554.688 382.812 1343.750 -250.000 -132.812 1421.875 343.750 -289.062 1015.625 328.125 -54.688
1015.625 -781.250 -257.812 890.625 -554.688 382.812 1343.750 -250.000 -132.812 1421.875 343.750 -289.062 1015.625 328.125 -54.688
1015.625 -781.250 -257.812 890.625 -554.688 382.812 1343.750 -250.000 -132.812 1421.875 343.750 -289.062 1015.625 328.125 -54.688
1015.625 -890.625 -320.312 968.750 -617.188 398.438 1406.250 -382.812 -203.125 1351.562 359.375 -414.062 1062.500 273.438 -117.188
1171.875 -1054.688 -453.125 507.812 -726.562 648.438 1109.375 -421.875 -85.938 1093.750 578.125 -265.625 1101.562 273.438 -164.062
1125.000 -1062.500 -429.688 359.375 -375.000 851.562 773.438 -187.500 31.250 906.250 320.312 -265.625 1078.125 390.625 -242.188
812.500 -70.312 0.000 984.375 679.688 335.938 828.125 226.562 296.875 492.188 164.062 414.062 523.438 281.250 109.375
812.500 -70.312 0.000 984.375 679.688 335.938 828.125 226.562 296.875 492.188 164.062 414.062 523.438 281.250 109.375
812.500 -70.312 0.000 984.375 679.688 335.938 828.125 226.562 296.875 492.188 164.062 414.062 523.438 281.250 109.375
734.375 109.375 164.062 1273.438 0.000 -531.250 882.812 937.500 -242.188 695.312 203.125 539.062 62.500 414.062 578.125
734.375 109.375 164.062 1273.438 0.000 -531.250 882.812 937.500 -242.188 695.312 203.125 539.062 62.500 414.062 578.125
656.250 70.312 375.000 1281.250 -148.438 -312.500 93.750 554.688 578.125 1171.875 -156.250 500.000 -15.625 54.688 601.562
703.125 -398.438 -54.688 1203.125 -320.312 54.688 562.500 93.750 375.000 656.250 500.000 906.250 15.625 789.062 1148.438
703.125 -398.438 -54.688 1203.125 -320.312 54.688 562.500 93.750 375.000 656.250 500.000 906.250 15.625 789.062 1148.438
625.000 -671.875 85.938 1031.250 -171.875 171.875 804.688 335.938 367.188 273.438 812.500 1000.000 -257.812 875.000 1296.875
625.000 -671.875 85.938 1031.250 -171.875 171.875 804.688 335.938 367.188 273.438 812.500 1000.000 -257.812 875.000 1296.875
742.188 -664.062 7.812 851.562 -281.250 445.312 828.125 468.750 531.250 343.750 500.000 828.125 85.938 695.312 796.875
687.500 -859.375 39.062 617.188 -296.875 593.750 687.500 453.125 570.312 429.688 453.125 812.500 70.312 703.125 750.000
671.875 -1054.688 23.438 539.062 -445.312 609.375 664.062 500.000 625.000 304.688 500.000 867.188 23.438 804.688 804.688
671.875 -1054.688 23.438 539.062 -445.312 609.375 664.062 500.000 625.000 304.688 500.000 867.188 23.438 804.688 804.688
671.875 -1085.938 23.438 968.750 -218.750 398.438 820.312 539.062 578.125 273.438 789.062 875.000 -54.688 914.062 882.812
726.562 -812.500 7.812 945.312 -140.625 390.625 773.438 554.688 476.562 296.875 625.000 835.938 -117.188 750.000 828.125
726.562 -812.500 7.812 945.312 -140.625 390.625 773.438 554.688 476.562 296.875 625.000 835.938 -117.188 750.000 828.125
718.750 -734.375 -31.250 890.625 -93.750 476.562 734.375 617.188 460.938 351.562 671.875 804.688 -39.062 851.562 773.438
726.562 -734.375 -39.062 914.062 -101.562 437.500 742.188 609.375 453.125 359.375 656.250 812.500 -70.312 804.688 773.438
734.375 -734.375 -31.250 921.875 -109.375 421.875 765.625 601.562 460.938 359.375 617.188 820.312 -54.688 789.062 781.250
703.125 -703.125 -15.625 960.938 -148.438 351.562 812.500 523.438 414.062 406.250 585.938 796.875 -85.938 710.938 796.875
742.188 -656.250 -31.250 984.375 -179.688 304.688 828.125 492.188 421.875 406.250 515.625 781.250 -39.062 664.062 757.812
742.188 -656.250 -31.250 984.375 -179.688 304.688 828.125 492.188 421.875 406.250 515.625 781.250 -39.062 664.062 757.812
703.125 -648.438 -23.438 1031.250 -187.500 195.312 859.375 421.875 375.000 453.125 500.000 750.000 31.250 648.438 750.000
703.125 -648.438 -23.438 1031.250 -187.500 195.312 859.375 421.875 375.000 453.125 500.000 750.000 31.250 648.438 750.000
703.125 -648.438 -23.438 1031.250 -187.500 195.312 859.375 421.875 375.000 453.125 500.000 750.000 31.250 648.438 750.000
687.500 -609.375 -15.625 1039.062 -179.688 140.625 890.625 406.250 343.750 476.562 492.188 726.562 23.438 617.188 765.625
664.062 -570.312 7.812 921.875 -226.562 218.750 828.125 375.000 367.188 515.625 453.125 695.312 70.312 609.375 765.625
671.875 -750.000 0.000 835.938 -281.250 351.562 750.000 375.000 445.312 429.688 445.312 742.188 85.938 632.812 750.000
664.062 -789.062 0.000 828.125 -320.312 382.812 718.750 359.375 500.000 375.000 453.125 742.188 46.875 664.062 773.438
507.812 -703.125 140.625 820.312 -359.375 406.250 757.812 367.188 523.438 390.625 421.875 804.688 23.438 601.562 781.250
335.938 -1070.312 453.125 757.812 -445.312 382.812 953.125 289.062 429.688 382.812 281.250 773.438 -62.500 492.188 820.312
335.938 -1070.312 453.125 757.812 -445.312 382.812 953.125 289.062 429.688 382.812 281.250 773.438 -62.500 492.188 820.312
468.750 -687.500 117.188 898.438 -296.875 375.000 835.938 367.188 484.375 531.250 289.062 812.500 117.188 734.375 742.188
648.438 -726.562 -15.625 875.000 -242.188 328.125 703.125 382.812 484.375 421.875 406.250 750.000 93.750 640.625 695.312
664.062 -656.250 -93.750 835.938 -164.062 375.000 656.250 476.562 531.250 382.812 398.438 796.875 70.312 609.375 718.750
734.375 -734.375 -179.688 859.375 -109.375 390.625 710.938 523.438 531.250 398.438 375.000 828.125 101.562 640.625 726.562
757.812 -593.750 -226.562 875.000 -132.812 398.438 687.500 492.188 531.250 382.812 437.500 804.688 70.312 640.625 750.000
750.000 -632.812 -226.562 867.188 -179.688 414.062 695.312 445.312 531.250 406.250 468.750 781.250 39.062 656.250 750.000
750.000 -671.875 -226.562 859.375 -195.312 429.688 695.312 445.312 539.062 398.438 453.125 773.438 46.875 648.438 726.562
750.000 -671.875 -226.562 859.375 -195.312 429.688 695.312 445.312 539.062 398.438 453.125 773.438 46.875 648.438 726.562
695.312 -695.312 -203.125 757.812 -250.000 562.500 640.625 390.625 578.125 343.750 476.562 750.000 39.062 664.062 695.312
695.312 -695.312 -203.125 757.812 -250.000 562.500 640.625 390.625 578.125 343.750 476.562 750.000 39.062 664.062 695.312
664.062 -742.188 -195.312 750.000 -250.000 546.875 664.062 414.062 546.875 367.188 515.625 726.562 39.062 687.500 687.500
601.562 -757.812 -156.250 750.000 -164.062 554.688 625.000 453.125 570.312 343.750 523.438 726.562 31.250 687.500 671.875
523.438 -750.000 -93.750 625.000 -140.625 625.000 609.375 453.125 601.562 304.688 523.438 742.188 -15.625 679.688 703.125
476.562 -710.938 -70.312 562.500 -125.000 664.062 593.750 429.688 578.125 320.312 531.250 734.375 -15.625 679.688 726.562
453.125 -726.562 -78.125 546.875 -132.812 671.875 601.562 421.875 578.125 328.125 531.250 742.188 -23.438 671.875 718.750
460.938 -757.812 -93.750 539.062 -132.812 656.250 593.750 414.062 539.062 304.688 515.625 718.750 -39.062 648.438 710.938
460.938 -757.812 -93.750 539.062 -132.812 656.250 593.750 414.062 539.062 304.688 515.625 718.750 -39.062 648.438 710.938
468.750 -750.000 -117.188 515.625 -109.375 664.062 515.625 414.062 601.562 242.188 484.375 750.000 -101.562 625.000 703.125
453.125 -734.375 -109.375 484.375 -156.250 710.938 453.125 437.500 679.688 195.312 453.125 804.688 -132.812 632.812 718.750
421.875 -781.250 -85.938 359.375 -195.312 828.125 375.000 398.438 781.250 148.438 398.438 875.000 -156.250 609.375 742.188
406.250 -867.188 -101.562 335.938 -250.000 875.000 351.562 359.375 812.500 117.188 375.000 875.000 -203.125 578.125 757.812
406.250 -867.188 -101.562 335.938 -250.000 875.000 351.562 359.375 812.500 117.188 375.000 875.000 -203.125 578.125 757.812
390.625 -929.688 -109.375 359.375 -257.812 867.188 312.500 414.062 843.750 54.688 414.062 914.062 -289.062 609.375 765.625
382.812 -968.750 -132.812 343.750 -296.875 875.000 320.312 406.250 875.000 23.438 414.062 960.938 -335.938 609.375 820.312
367.188 -992.188 -132.812 351.562 -296.875 867.188 312.500 414.062 890.625 7.812 390.625 984.375 -359.375 578.125 828.125
367.188 -992.188 -132.812 351.562 -296.875 867.188 312.500 414.062 890.625 7.812 390.625 984.375 -359.375 578.125 828.125
335.938 -1062.500 -156.250 320.312 -335.938 867.188 226.562 351.562 945.312 -39.062 257.812 1007.812 -398.438 484.375 828.125
343.750 -1054.688 -148.438 312.500 -367.188 867.188 218.750 335.938 953.125 -46.875 242.188 1007.812 -421.875 460.938 820.312
351.562 -1062.500 -171.875 250.000 -460.938 914.062 218.750 281.250 992.188 -62.500 242.188 1023.438 -460.938 437.500 843.750
