257.812 -945.312 187.500 226.562 23.438 921.875 218.750 460.938 835.938 179.688 328.125 914.062 15.625 750.000 648.438
273.438 -937.500 171.875 226.562 23.438 921.875 210.938 460.938 851.562 164.062 320.312 921.875 0.000 742.188 664.062
273.438 -937.500 171.875 226.562 23.438 921.875 210.938 460.938 851.562 164.062 320.312 921.875 0.000 742.188 664.062
273.438 -937.500 171.875 226.562 23.438 921.875 210.938 460.938 851.562 164.062 320.312 921.875 0.000 742.188 664.062
281.250 -937.500 171.875 218.750 23.438 921.875 210.938 460.938 843.750 156.250 320.312 929.688 -7.812 757.812 664.062
281.250 -921.875 179.688 234.375 31.250 921.875 203.125 468.750 843.750 164.062 328.125 929.688 -7.812 765.625 664.062
281.250 -921.875 179.688 234.375 31.250 921.875 203.125 468.750 843.750 164.062 328.125 929.688 -7.812 765.625 664.062
289.062 -921.875 179.688 234.375 23.438 929.688 203.125 468.750 843.750 164.062 328.125 937.500 -7.812 757.812 664.062
265.625 -929.688 171.875 226.562 31.250 906.250 218.750 460.938 835.938 187.500 328.125 921.875 15.625 757.812 648.438
257.812 -929.688 179.688 218.750 23.438 929.688 210.938 460.938 843.750 179.688 320.312 921.875 7.812 750.000 656.250
242.188 -937.500 187.500 218.750 15.625 914.062 218.750 468.750 843.750 171.875 328.125 929.688 15.625 750.000 640.625
210.938 -960.938 226.562 195.312 39.062 945.312 203.125 492.188 835.938 164.062 351.562 929.688 7.812 773.438 632.812
210.938 -960.938 226.562 195.312 39.062 945.312 203.125 492.188 835.938 164.062 351.562 929.688 7.812 773.438 632.812
210.938 -976.562 234.375 187.500 54.688 953.125 195.312 507.812 851.562 156.250 359.375 921.875 7.812 789.062 640.625
234.375 -984.375 210.938 187.500 70.312 960.938 179.688 523.438 851.562 132.812 367.188 945.312 -7.812 804.688 640.625
234.375 -968.750 218.750 187.500 70.312 953.125 179.688 523.438 851.562 132.812 375.000 953.125 -15.625 804.688 648.438
234.375 -937.500 226.562 187.500 109.375 960.938 164.062 554.688 875.000 109.375 390.625 984.375 -54.688 828.125 664.062
234.375 -929.688 242.188 179.688 109.375 976.562 164.062 562.500 875.000 93.750 406.250 992.188 -62.500 843.750 679.688
226.562 -945.312 242.188 164.062 132.812 992.188 148.438 585.938 867.188 85.938 421.875 1000.000 -78.125 867.188 671.875
226.562 -960.938 242.188 156.250 156.250 976.562 140.625 601.562 867.188 78.125 437.500 1007.812 -85.938 882.812 671.875
210.938 -945.312 265.625 148.438 179.688 984.375 132.812 640.625 867.188 54.688 460.938 1023.438 -109.375 906.250 695.312
210.938 -921.875 265.625 148.438 203.125 1000.000 132.812 656.250 867.188 46.875 484.375 1031.250 -132.812 929.688 703.125
148.438 -921.875 296.875 132.812 218.750 1007.812 117.188 679.688 867.188 31.250 500.000 1023.438 -148.438 945.312 679.688
148.438 -921.875 296.875 132.812 218.750 1007.812 117.188 679.688 867.188 31.250 500.000 1023.438 -148.438 945.312 679.688
164.062 -937.500 296.875 125.000 210.938 1015.625 101.562 671.875 882.812 15.625 484.375 1039.062 -156.250 937.500 687.500
179.688 -992.188 257.812 109.375 171.875 1039.062 93.750 656.250 898.438 15.625 460.938 1046.875 -148.438 906.250 695.312
171.875 -1031.250 250.000 93.750 132.812 1054.688 78.125 617.188 914.062 7.812 406.250 1046.875 -171.875 882.812 718.750
179.688 -1054.688 234.375 93.750 125.000 1054.688 78.125 601.562 929.688 23.438 390.625 1070.312 -164.062 875.000 726.562
148.438 -1109.375 218.750 62.500 46.875 1078.125 70.312 585.938 968.750 15.625 359.375 1101.562 -140.625 867.188 781.250
148.438 -1109.375 218.750 62.500 46.875 1078.125 70.312 585.938 968.750 15.625 359.375 1101.562 -140.625 867.188 781.250
148.438 -1140.625 195.312 31.250 -15.625 1101.562 39.062 539.062 1000.000 31.250 289.062 1101.562 -93.750 812.500 773.438
164.062 -1164.062 179.688 31.250 -54.688 1109.375 39.062 515.625 1007.812 54.688 281.250 1093.750 -93.750 812.500 773.438
132.812 -1179.688 179.688 7.812 -117.188 1125.000 54.688 468.750 1000.000 70.312 250.000 1062.500 -62.500 773.438 757.812
117.188 -1218.750 140.625 23.438 -117.188 1109.375 78.125 414.062 984.375 109.375 179.688 1031.250 0.000 695.312 734.375
125.000 -1226.562 117.188 31.250 -140.625 1093.750 70.312 406.250 992.188 125.000 171.875 1039.062 -7.812 703.125 765.625
132.812 -1242.188 78.125 7.812 -187.500 1117.188 85.938 375.000 984.375 140.625 156.250 1015.625 7.812 671.875 781.250
148.438 -1187.500 78.125 -31.250 -242.188 1156.250 93.750 296.875 1023.438 187.500 85.938 984.375 15.625 625.000 765.625
179.688 -1148.438 31.250 0.000 -265.625 1148.438 85.938 242.188 1039.062 179.688 0.000 1000.000 46.875 531.250 765.625
164.062 -1093.750 0.000 195.312 -343.750 960.938 156.250 203.125 953.125 203.125 -179.688 921.875 -46.875 359.375 765.625
164.062 -1093.750 0.000 195.312 -343.750 960.938 156.250 203.125 953.125 203.125 -179.688 921.875 -46.875 359.375 765.625
164.062 -1093.750 0.000 195.312 -343.750 960.938 156.250 203.125 953.125 203.125 -179.688 921.875 -46.875 359.375 765.625
187.500 -1039.062 -62.500 289.062 -343.750 890.625 62.500 210.938 882.812 23.438 -70.312 914.062 -226.562 382.812 742.188
250.000 -992.188 -195.312 382.812 -320.312 812.500 117.188 203.125 710.938 31.250 -15.625 789.062 -359.375 414.062 742.188
250.000 -992.188 -195.312 382.812 -320.312 812.500 117.188 203.125 710.938 31.250 -15.625 789.062 -359.375 414.062 742.188
312.500 -992.188 -242.188 328.125 -156.250 890.625 -1023.438 460.938 789.062 -46.875 187.500 710.938 -273.438 593.750 937.500
382.812 -890.625 -257.812 437.500 -492.188 828.125 960.938 398.438 718.750 70.312 132.812 1031.250 -195.312 640.625 1007.812
343.750 -937.500 -187.500 421.875 -281.250 796.875 125.000 507.812 984.375 -101.562 -250.000 1140.625 -171.875 500.000 882.812
304.688 -945.312 -171.875 429.688 -234.375 750.000 -54.688 625.000 1015.625 -148.438 -312.500 1187.500 -250.000 500.000 898.438
312.500 -867.188 -242.188 398.438 -304.688 710.938 -101.562 265.625 906.250 -445.312 -281.250 1187.500 -250.000 390.625 968.750
312.500 -867.188 -242.188 398.438 -304.688 710.938 -101.562 265.625 906.250 -445.312 -281.250 1187.500 -250.000 390.625 968.750
453.125 -617.188 -484.375 726.562 -140.625 484.375 289.062 429.688 726.562 375.000 -304.688 851.562 93.750 226.562 843.750
453.125 -617.188 -484.375 726.562 -140.625 484.375 289.062 429.688 726.562 375.000 -304.688 851.562 93.750 226.562 843.750
453.125 -617.188 -484.375 726.562 -140.625 484.375 289.062 429.688 726.562 375.000 -304.688 851.562 93.750 226.562 843.750
460.938 -617.188 -468.750 921.875 -179.688 343.750 453.125 375.000 757.812 265.625 -414.062 757.812 -109.375 140.625 867.188
585.938 -328.125 -703.125 851.562 -343.750 421.875 406.250 257.812 773.438 265.625 -390.625 781.250 54.688 171.875 828.125
671.875 -281.250 -765.625 828.125 -351.562 421.875 375.000 296.875 796.875 289.062 -367.188 765.625 23.438 187.500 859.375
726.562 -351.562 -765.625 914.062 -367.188 351.562 476.562 273.438 750.000 343.750 -359.375 781.250 78.125 187.500 882.812
578.125 -531.250 -601.562 882.812 -296.875 382.812 484.375 335.938 765.625 343.750 -414.062 804.688 140.625 179.688 898.438
523.438 -515.625 -593.750 750.000 -218.750 500.000 367.188 421.875 796.875 218.750 -367.188 890.625 54.688 234.375 953.125
523.438 -515.625 -593.750 750.000 -218.750 500.000 367.188 421.875 796.875 218.750 -367.188 890.625 54.688 234.375 953.125
546.875 -460.938 -625.000 773.438 -195.312 492.188 343.750 445.312 796.875 187.500 -382.812 906.250 0.000 242.188 976.562
562.500 -367.188 -671.875 742.188 -164.062 500.000 328.125 492.188 796.875 171.875 -351.562 937.500 -31.250 289.062 1007.812
570.312 -359.375 -695.312 757.812 -195.312 531.250 296.875 492.188 835.938 179.688 -398.438 929.688 0.000 250.000 1000.000
578.125 -375.000 -710.938 781.250 -226.562 531.250 312.500 468.750 820.312 210.938 -382.812 906.250 23.438 250.000 984.375
570.312 -570.312 -617.188 828.125 -304.688 539.062 328.125 406.250 859.375 164.062 -437.500 921.875 -70.312 257.812 1046.875
570.312 -570.312 -617.188 828.125 -304.688 539.062 328.125 406.250 859.375 164.062 -437.500 921.875 -70.312 257.812 1046.875
570.312 -570.312 -617.188 828.125 -304.688 539.062 328.125 406.250 859.375 164.062 -437.500 921.875 -70.312 257.812 1046.875
593.750 -476.562 -617.188 671.875 -257.812 640.625 187.500 640.625 851.562 -31.250 -187.500 1187.500 -484.375 695.312 1421.875
593.750 -476.562 -617.188 671.875 -257.812 640.625 187.500 640.625 851.562 -31.250 -187.500 1187.500 -484.375 695.312 1421.875
656.250 -492.188 -640.625 687.500 -250.000 617.188 195.312 757.812 781.250 -125.000 -453.125 906.250 125.000 15.625 570.312
679.688 -554.688 -648.438 718.750 -242.188 617.188 -23.438 546.875 804.688 -54.688 -242.188 1031.250 164.062 148.438 1054.688
664.062 -796.875 -562.500 789.062 -171.875 406.250 -54.688 789.062 679.688 -257.812 -179.688 1125.000 -320.312 468.750 1171.875
671.875 -757.812 -554.688 812.500 -70.312 414.062 31.250 812.500 671.875 -234.375 -242.188 1093.750 -304.688 476.562 1140.625
695.312 -593.750 -476.562 320.312 484.375 437.500 203.125 703.125 601.562 164.062 -164.062 1093.750 78.125 632.812 1132.812
695.312 -593.750 -476.562 320.312 484.375 437.500 203.125 703.125 601.562 164.062 -164.062 1093.750 78.125 632.812 1132.812
695.312 -601.562 -460.938 148.438 343.750 390.625 312.500 687.500 695.312 398.438 -54.688 953.125 234.375 750.000 1078.125
796.875 -578.125 -531.250 -93.750 -929.688 1539.062 468.750 187.500 1093.750 351.562 -640.625 781.250 273.438 -23.438 265.625
796.875 -578.125 -531.250 -93.750 -929.688 1539.062 468.750 187.500 1093.750 351.562 -640.625 781.250 273.438 -23.438 265.625
796.875 -578.125 -531.250 -93.750 -929.688 1539.062 468.750 187.500 1093.750 351.562 -640.625 781.250 273.438 -23.438 265.625
914.062 -250.000 -523.438 -46.875 -609.375 1257.812 132.812 203.125 1117.188 -15.625 -867.188 656.250 851.562 -359.375 78.125
1093.750 -101.562 -710.938 54.688 -234.375 804.688 -148.438 304.688 984.375 23.438 -773.438 820.312 1164.062 -156.250 218.750
1031.250 -273.438 -695.312 39.062 -546.875 1000.000 -23.438 203.125 1015.625 -15.625 -750.000 765.625 718.750 140.625 757.812
1031.250 -273.438 -695.312 39.062 -546.875 1000.000 -23.438 203.125 1015.625 -15.625 -750.000 765.625 718.750 140.625 757.812
1015.625 -625.000 -664.062 320.312 -460.938 851.562 203.125 171.875 992.188 179.688 -726.562 632.812 757.812 0.000 609.375
1031.250 -851.562 -570.312 335.938 -648.438 835.938 289.062 0.000 953.125 343.750 -765.625 554.688 882.812 -93.750 382.812
531.250 -539.062 117.188 367.188 -429.688 710.938 437.500 93.750 828.125 406.250 -601.562 601.562 968.750 31.250 335.938
531.250 -539.062 117.188 367.188 -429.688 710.938 437.500 93.750 828.125 406.250 -601.562 601.562 968.750 31.250 335.938
531.250 -539.062 117.188 367.188 -429.688 710.938 437.500 93.750 828.125 406.250 -601.562 601.562 968.750 31.250 335.938
531.250 -539.062 117.188 367.188 -429.688 710.938 437.500 93.750 828.125 406.250 -601.562 601.562 968.750 31.250 335.938
890.625 -15.625 -125.000 335.938 -523.438 773.438 289.062 70.312 921.875 210.938 -757.812 593.750 750.000 -62.500 625.000
945.312 31.250 -156.250 398.438 -546.875 750.000 242.188 39.062 953.125 234.375 -804.688 570.312 750.000 -70.312 687.500
1062.500 -500.000 -179.688 320.312 -773.438 726.562 312.500 -171.875 968.750 382.812 -835.938 390.625 906.250 -242.188 304.688
1062.500 -500.000 -179.688 320.312 -773.438 726.562 312.500 -171.875 968.750 382.812 -835.938 390.625 906.250 -242.188 304.688
1039.062 -515.625 -171.875 320.312 -757.812 734.375 312.500 -179.688 960.938 429.688 -843.750 390.625 937.500 -265.625 242.188
968.750 -585.938 -171.875 328.125 -742.188 726.562 335.938 -179.688 968.750 437.500 -851.562 398.438 953.125 -242.188 250.000
671.875 -484.375 -85.938 468.750 -515.625 687.500 554.688 -23.438 859.375 578.125 -687.500 515.625 1078.125 -23.438 226.562
757.812 -359.375 -85.938 500.000 -515.625 679.688 531.250 0.000 867.188 523.438 -703.125 515.625 1015.625 -54.688 312.500
859.375 -93.750 -164.062 500.000 -531.250 671.875 492.188 -7.812 875.000 500.000 -703.125 492.188 1000.000 -23.438 328.125
921.875 -70.312 -156.250 531.250 -531.250 664.062 507.812 -46.875 859.375 515.625 -703.125 468.750 1007.812 -54.688 296.875
859.375 -195.312 -140.625 492.188 -546.875 664.062 500.000 -31.250 875.000 460.938 -750.000 476.562 914.062 -101.562 382.812
937.500 -398.438 -187.500 171.875 -570.312 750.000 218.750 46.875 945.312 203.125 -804.688 554.688 828.125 -109.375 523.438
937.500 -398.438 -187.500 171.875 -570.312 750.000 218.750 46.875 945.312 203.125 -804.688 554.688 828.125 -109.375 523.438
937.500 -398.438 -187.500 171.875 -570.312 750.000 218.750 46.875 945.312 203.125 -804.688 554.688 828.125 -109.375 523.438
992.188 -460.938 -195.312 203.125 -609.375 781.250 226.562 15.625 968.750 257.812 -828.125 523.438 875.000 -148.438 468.750
976.562 -398.438 -187.500 320.312 -617.188 765.625 312.500 -15.625 968.750 343.750 -820.312 515.625 921.875 -140.625 429.688
945.312 -343.750 -187.500 335.938 -570.312 765.625 351.562 7.812 960.938 343.750 -804.688 546.875 937.500 -101.562 460.938
921.875 -328.125 -179.688 335.938 -539.062 765.625 359.375 39.062 953.125 343.750 -781.250 585.938 960.938 -54.688 468.750
718.750 -421.875 -93.750 335.938 -367.188 773.438 437.500 156.250 890.625 437.500 -656.250 640.625 1093.750 23.438 296.875
718.750 -421.875 -93.750 335.938 -367.188 773.438 437.500 156.250 890.625 437.500 -656.250 640.625 1093.750 23.438 296.875
726.562 -351.562 -93.750 367.188 -382.812 765.625 429.688 140.625 875.000 398.438 -679.688 609.375 1000.000 -23.438 367.188
757.812 -312.500 -101.562 375.000 -398.438 750.000 414.062 132.812 882.812 351.562 -703.125 601.562 945.312 -46.875 429.688
820.312 -320.312 -140.625 343.750 -445.312 750.000 312.500 101.562 906.250 218.750 -781.250 585.938 812.500 -140.625 562.500
1062.500 -429.688 -281.250 -117.188 -656.250 875.000 -140.625 132.812 1132.812 -265.625 -1101.562 726.562 507.812 -265.625 882.812
1078.125 -656.250 -296.875 -250.000 -671.875 953.125 -289.062 140.625 1195.312 -398.438 -1093.750 765.625 382.812 -351.562 992.188
1109.375 -843.750 -296.875 -484.375 -757.812 992.188 -429.688 203.125 1265.625 -554.688 -1226.562 828.125 406.250 -398.438 968.750
1039.062 -1117.188 -218.750 -648.438 -1023.438 1242.188 -429.688 109.375 1429.688 -343.750 -1335.938 804.688 351.562 -250.000 929.688
609.375 -773.438 -15.625 132.812 -1007.812 1117.188 109.375 -23.438 1312.500 78.125 -1453.125 445.312 734.375 -171.875 492.188
1125.000 664.062 -578.125 1250.000 -242.188 242.188 796.875 -39.062 507.812 1125.000 -539.062 101.562 1125.000 312.500 156.250
1125.000 664.062 -578.125 1250.000 -242.188 242.188 796.875 -39.062 507.812 1125.000 -539.062 101.562 1125.000 312.500 156.250
1125.000 664.062 -578.125 1250.000 -242.188 242.188 796.875 -39.062 507.812 1125.000 -539.062 101.562 1125.000 312.500 156.250
1328.125 312.500 -812.500 203.125 -179.688 726.562 593.750 -351.562 39.062 945.312 554.688 -148.438 593.750 382.812 507.812
1328.125 312.500 -812.500 203.125 -179.688 726.562 593.750 -351.562 39.062 945.312 554.688 -148.438 593.750 382.812 507.812
1328.125 312.500 -812.500 203.125 -179.688 726.562 593.750 -351.562 39.062 945.312 554.688 -148.438 593.750 382.812 507.812
656.250 -46.875 -492.188 664.062 -140.625 -164.062 421.875 93.750 -179.688 1265.625 437.500 -265.625 679.688 609.375 500.000
1195.312 -1093.750 -632.812 335.938 -125.000 601.562 765.625 70.312 554.688 687.500 328.125 375.000 875.000 546.875 390.625
382.812 -882.812 -281.250 718.750 -1320.312 93.750 1406.250 -718.750 31.250 1132.812 85.938 -101.562 843.750 78.125 570.312
382.812 -882.812 -281.250 718.750 -1320.312 93.750 1406.250 -718.750 31.250 1132.812 85.938 -101.562 843.750 78.125 570.312
382.812 -882.812 -281.250 718.750 -1320.312 93.750 1406.250 -718.750 31.250 1132.812 85.938 -101.562 843.750 78.125 570.312
1484.375 -1078.125 -867.188 1718.750 -898.438 -640.625 968.750 234.375 -171.875 1296.875 234.375 140.625 757.812 375.000 468.750
1187.500 -2046.875 -367.188 1125.000 -257.812 23.438 1531.250 -757.812 31.250 1171.875 203.125 -85.938 843.750 335.938 562.500
640.625 -1328.125 -226.562 625.000 -500.000 148.438 1015.625 -390.625 -39.062 718.750 -156.250 78.125 617.188 -31.250 585.938
562.500 -632.812 -15.625 1015.625 -31.250 -226.562 742.188 234.375 62.500 656.250 15.625 507.812 398.438 85.938 812.500
460.938 -148.438 312.500 781.250 78.125 -62.500 750.000 296.875 656.250 437.500 -187.500 796.875 132.812 78.125 937.500
31.250 -46.875 726.562 632.812 -164.062 171.875 335.938 62.500 656.250 265.625 -218.750 820.312 -140.625 164.062 1132.812
-328.125 -164.062 804.688 390.625 -703.125 375.000 421.875 -195.312 625.000 617.188 -250.000 687.500 -15.625 414.062 1257.812
-1617.188 1679.688 234.375 -109.375 -2921.875 1562.500 734.375 -1234.375 781.250 1343.750 -601.562 109.375 1304.688 179.688 390.625
1007.812 -85.938 406.250 812.500 -796.875 593.750 843.750 -710.938 664.062 875.000 -289.062 445.312 742.188 210.938 859.375
1007.812 -85.938 406.250 812.500 -796.875 593.750 843.750 -710.938 664.062 875.000 -289.062 445.312 742.188 210.938 859.375
1203.125 -101.562 328.125 671.875 -453.125 593.750 601.562 -500.000 781.250 726.562 -289.062 648.438 531.250 265.625 843.750
976.562 39.062 312.500 648.438 -453.125 484.375 640.625 -148.438 734.375 750.000 -101.562 750.000 601.562 531.250 1031.250
921.875 -54.688 375.000 781.250 -429.688 539.062 796.875 -210.938 703.125 921.875 -187.500 554.688 757.812 328.125 750.000
921.875 -54.688 375.000 781.250 -429.688 539.062 796.875 -210.938 703.125 921.875 -187.500 554.688 757.812 328.125 750.000
921.875 -54.688 375.000 781.250 -429.688 539.062 796.875 -210.938 703.125 921.875 -187.500 554.688 757.812 328.125 750.000
898.438 -78.125 382.812 796.875 -468.750 523.438 804.688 -226.562 648.438 945.312 -210.938 492.188 773.438 312.500 718.750
828.125 -218.750 414.062 679.688 -429.688 554.688 710.938 -187.500 648.438 812.500 -171.875 531.250 679.688 359.375 734.375
835.938 -250.000 421.875 609.375 -429.688 578.125 679.688 -179.688 656.250 789.062 -195.312 539.062 664.062 351.562 726.562
828.125 -273.438 429.688 593.750 -445.312 593.750 640.625 -179.688 687.500 765.625 -203.125 570.312 593.750 343.750 742.188
867.188 -296.875 414.062 593.750 -445.312 601.562 585.938 -164.062 726.562 679.688 -218.750 640.625 500.000 398.438 867.188
875.000 -296.875 406.250 562.500 -453.125 625.000 554.688 -164.062 757.812 585.938 -257.812 718.750 406.250 406.250 937.500
539.062 -398.438 531.250 445.312 -273.438 679.688 414.062 109.375 851.562 601.562 -46.875 914.062 328.125 671.875 1218.750
539.062 -398.438 531.250 445.312 -273.438 679.688 414.062 109.375 851.562 601.562 -46.875 914.062 328.125 671.875 1218.750
539.062 -398.438 531.250 445.312 -273.438 679.688 414.062 109.375 851.562 601.562 -46.875 914.062 328.125 671.875 1218.750
406.250 -328.125 570.312 429.688 -226.562 585.938 484.375 156.250 804.688 710.938 -164.062 820.312 507.812 578.125 1031.250
-242.188 546.875 914.062 539.062 -765.625 671.875 812.500 -164.062 742.188 953.125 -140.625 796.875 484.375 578.125 1453.125
992.188 328.125 343.750 1164.062 -234.375 468.750 1179.688 -93.750 679.688 1039.062 585.938 468.750 -890.625 2000.000 2156.250
992.188 328.125 343.750 1164.062 -234.375 468.750 1179.688 -93.750 679.688 1039.062 585.938 468.750 -890.625 2000.000 2156.250
992.188 328.125 343.750 1164.062 -234.375 468.750 1179.688 -93.750 679.688 1039.062 585.938 468.750 -890.625 2000.000 2156.250
796.875 492.188 179.688 1148.438 -429.688 320.312 -117.188 -343.750 796.875 1382.812 -664.062 -101.562 3625.000 -1507.812 -2281.250
492.188 578.125 187.500 617.188 -1015.625 406.250 843.750 -742.188 718.750 898.438 -648.438 -39.062 1953.125 -335.938 -992.188
1281.250 -523.438 -234.375 -93.750 -585.938 843.750 312.500 -179.688 804.688 476.562 -570.312 460.938 1171.875 -539.062 -664.062
843.750 -1187.500 -46.875 359.375 -625.000 703.125 304.688 -54.688 820.312 578.125 -601.562 476.562 929.688 -7.812 -62.500
843.750 -1187.500 -46.875 359.375 -625.000 703.125 304.688 -54.688 820.312 578.125 -601.562 476.562 929.688 -7.812 -62.500
773.438 -726.562 109.375 476.562 -445.312 546.875 328.125 23.438 804.688 515.625 -671.875 546.875 898.438 31.250 171.875
1421.875 210.938 -507.812 500.000 -70.312 757.812 562.500 242.188 812.500 695.312 -507.812 734.375 1062.500 335.938 117.188
1421.875 210.938 -507.812 500.000 -70.312 757.812 562.500 242.188 812.500 695.312 -507.812 734.375 1062.500 335.938 117.188
1320.312 718.750 -320.312 765.625 -156.250 742.188 593.750 93.750 945.312 750.000 -578.125 648.438 1031.250 257.812 226.562
1320.312 726.562 -257.812 921.875 -343.750 726.562 648.438 46.875 929.688 804.688 -539.062 585.938 1101.562 203.125 70.312
1437.500 476.562 -273.438 898.438 -359.375 742.188 914.062 -85.938 843.750 1007.812 -468.750 445.312 1226.562 171.875 -234.375
1125.000 -54.688 -171.875 679.688 -468.750 695.312 617.188 -156.250 843.750 757.812 -617.188 359.375 976.562 -39.062 -7.812
1062.500 -54.688 -109.375 585.938 -484.375 726.562 570.312 -164.062 843.750 664.062 -671.875 359.375 914.062 -109.375 39.062
1070.312 -85.938 -101.562 500.000 -437.500 742.188 429.688 -140.625 875.000 531.250 -718.750 398.438 828.125 -148.438 148.438
992.188 -125.000 -132.812 398.438 -351.562 765.625 375.000 -39.062 890.625 585.938 -625.000 460.938 1039.062 -46.875 62.500
992.188 -125.000 -132.812 398.438 -351.562 765.625 375.000 -39.062 890.625 585.938 -625.000 460.938 1039.062 -46.875 62.500
914.062 -109.375 -109.375 554.688 -296.875 695.312 484.375 15.625 835.938 601.562 -601.562 515.625 953.125 117.188 218.750
976.562 7.812 -132.812 570.312 -281.250 718.750 500.000 31.250 843.750 632.812 -585.938 523.438 1015.625 117.188 164.062
945.312 164.062 -109.375 578.125 -335.938 718.750 546.875 39.062 835.938 679.688 -562.500 515.625 1031.250 140.625 156.250
906.250 140.625 -93.750 632.812 -335.938 695.312 585.938 39.062 804.688 687.500 -554.688 492.188 1007.812 148.438 179.688
1046.875 -93.750 -140.625 562.500 -382.812 765.625 484.375 -7.812 890.625 593.750 -695.312 476.562 976.562 7.812 195.312
1046.875 -93.750 -140.625 562.500 -382.812 765.625 484.375 -7.812 890.625 593.750 -695.312 476.562 976.562 7.812 195.312
1078.125 -39.062 -101.562 492.188 -421.875 773.438 367.188 -23.438 953.125 492.188 -757.812 484.375 890.625 -46.875 328.125
1117.188 -70.312 -125.000 460.938 -445.312 804.688 359.375 -7.812 945.312 500.000 -726.562 507.812 921.875 15.625 328.125
1109.375 -171.875 -132.812 375.000 -437.500 835.938 328.125 0.000 945.312 492.188 -710.938 500.000 1031.250 0.000 187.500
1101.562 -164.062 -140.625 437.500 -445.312 843.750 375.000 39.062 914.062 554.688 -648.438 539.062 1054.688 15.625 203.125
1046.875 -187.500 -148.438 500.000 -320.312 781.250 437.500 46.875 906.250 625.000 -617.188 546.875 1179.688 62.500 132.812
859.375 -156.250 -78.125 484.375 -273.438 773.438 468.750 85.938 867.188 593.750 -593.750 523.438 1218.750 109.375 31.250
1140.625 -109.375 -281.250 78.125 -335.938 1101.562 601.562 -23.438 820.312 171.875 -906.250 328.125 882.812 -156.250 -140.625
1140.625 -109.375 -281.250 78.125 -335.938 1101.562 601.562 -23.438 820.312 171.875 -906.250 328.125 882.812 -156.250 -140.625
1140.625 -109.375 -281.250 78.125 -335.938 1101.562 601.562 -23.438 820.312 171.875 -906.250 328.125 882.812 -156.250 -140.625
1101.562 85.938 -242.188 476.562 -429.688 1101.562 -78.125 109.375 906.250 164.062 -718.750 437.500 54.688 -265.625 -70.312
1179.688 -23.438 -304.688 343.750 -218.750 945.312 -7.812 -250.000 1203.125 125.000 -835.938 500.000 -85.938 -117.188 -148.438
1671.875 101.562 -460.938 796.875 70.312 625.000 367.188 -164.062 984.375 2367.188 117.188 148.438 -640.625 1718.750 1703.125
1742.188 156.250 -554.688 929.688 -171.875 109.375 1101.562 304.688 507.812 -296.875 -70.312 1382.812 187.500 1070.312 1984.375
1671.875 250.000 -570.312 1140.625 -218.750 70.312 1078.125 539.062 523.438 359.375 -203.125 1335.938 -15.625 695.312 1945.312
1921.875 359.375 -843.750 1148.438 -335.938 31.250 640.625 570.312 539.062 273.438 -304.688 773.438 210.938 562.500 1351.562
54.688 -1429.688 273.438 1367.188 -835.938 156.250 1093.750 -93.750 687.500 703.125 -359.375 523.438 1054.688 242.188 617.188
1500.000 -429.688 226.562 820.312 -406.250 406.250 656.250 -7.812 765.625 773.438 -429.688 578.125 828.125 273.438 687.500
1421.875 289.062 78.125 625.000 -328.125 515.625 593.750 0.000 898.438 617.188 -523.438 687.500 718.750 312.500 804.688
789.062 312.500 132.812 320.312 -429.688 710.938 531.250 429.688 593.750 523.438 -343.750 757.812 390.625 453.125 859.375
789.062 312.500 132.812 320.312 -429.688 710.938 531.250 429.688 593.750 523.438 -343.750 757.812 390.625 453.125 859.375
789.062 312.500 132.812 320.312 -429.688 710.938 531.250 429.688 593.750 523.438 -343.750 757.812 390.625 453.125 859.375
781.250 195.312 117.188 304.688 -523.438 710.938 476.562 398.438 664.062 445.312 -382.812 765.625 445.312 507.812 804.688
820.312 -195.312 187.500 445.312 -539.062 687.500 414.062 351.562 757.812 195.312 -468.750 820.312 406.250 390.625 828.125
984.375 -148.438 156.250 515.625 -531.250 640.625 468.750 296.875 828.125 453.125 -476.562 750.000 367.188 343.750 828.125
992.188 -7.812 171.875 726.562 -460.938 578.125 570.312 312.500 773.438 492.188 -390.625 812.500 429.688 460.938 867.188
992.188 -7.812 171.875 726.562 -460.938 578.125 570.312 312.500 773.438 492.188 -390.625 812.500 429.688 460.938 867.188
976.562 101.562 203.125 859.375 -390.625 515.625 742.188 320.312 710.938 617.188 -289.062 789.062 453.125 492.188 835.938
937.500 218.750 226.562 921.875 -343.750 476.562 796.875 343.750 671.875 687.500 -281.250 773.438 492.188 492.188 812.500
960.938 234.375 226.562 968.750 -398.438 468.750 843.750 281.250 679.688 718.750 -296.875 734.375 515.625 453.125 773.438
984.375 250.000 210.938 937.500 -414.062 484.375 804.688 273.438 664.062 679.688 -281.250 742.188 492.188 460.938 781.250
953.125 179.688 226.562 828.125 -406.250 507.812 750.000 273.438 656.250 671.875 -273.438 703.125 546.875 453.125 710.938
882.812 0.000 242.188 671.875 -312.500 523.438 617.188 343.750 640.625 570.312 -218.750 765.625 476.562 507.812 742.188
882.812 0.000 242.188 671.875 -312.500 523.438 617.188 343.750 640.625 570.312 -218.750 765.625 476.562 507.812 742.188
890.625 7.812 242.188 687.500 -296.875 523.438 609.375 359.375 632.812 562.500 -218.750 773.438 468.750 515.625 742.188
867.188 23.438 257.812 710.938 -273.438 500.000 625.000 375.000 617.188 585.938 -203.125 781.250 460.938 523.438 757.812
875.000 54.688 265.625 742.188 -265.625 484.375 679.688 375.000 570.312 578.125 -218.750 789.062 437.500 515.625 773.438
921.875 171.875 226.562 812.500 -273.438 492.188 671.875 375.000 648.438 585.938 -250.000 796.875 460.938 507.812 789.062
921.875 171.875 226.562 812.500 -273.438 492.188 671.875 375.000 648.438 585.938 -250.000 796.875 460.938 507.812 789.062
937.500 187.500 210.938 851.562 -304.688 484.375 687.500 359.375 671.875 609.375 -265.625 781.250 468.750 484.375 789.062
968.750 203.125 203.125 867.188 -343.750 476.562 726.562 335.938 687.500 625.000 -281.250 773.438 484.375 460.938 773.438
804.688 62.500 265.625 726.562 -335.938 484.375 710.938 343.750 593.750 679.688 -203.125 757.812 687.500 515.625 695.312
804.688 62.500 265.625 726.562 -335.938 484.375 710.938 343.750 593.750 679.688 -203.125 757.812 687.500 515.625 695.312
804.688 62.500 265.625 726.562 -335.938 484.375 710.938 343.750 593.750 679.688 -203.125 757.812 687.500 515.625 695.312
773.438 7.812 304.688 718.750 -335.938 507.812 734.375 367.188 585.938 710.938 -46.875 765.625 585.938 648.438 601.562
718.750 62.500 289.062 726.562 -406.250 539.062 664.062 421.875 609.375 640.625 -148.438 812.500 554.688 531.250 718.750
781.250 117.188 351.562 843.750 -242.188 585.938 484.375 187.500 890.625 445.312 -390.625 859.375 312.500 359.375 843.750
781.250 117.188 351.562 843.750 -242.188 585.938 484.375 187.500 890.625 445.312 -390.625 859.375 312.500 359.375 843.750
687.500 218.750 382.812 882.812 -257.812 601.562 492.188 226.562 945.312 406.250 -484.375 875.000 265.625 304.688 875.000
1039.062 117.188 125.000 859.375 320.312 851.562 -492.188 -492.188 1765.625 39.062 -937.500 617.188 453.125 226.562 718.750
1039.062 117.188 125.000 859.375 320.312 851.562 -492.188 -492.188 1765.625 39.062 -937.500 617.188 453.125 226.562 718.750
976.562 -437.500 31.250 859.375 -812.500 351.562 625.000 351.562 804.688 679.688 -320.312 945.312 445.312 312.500 765.625
960.938 -843.750 -164.062 820.312 -195.312 328.125 726.562 312.500 515.625 531.250 23.438 742.188 390.625 492.188 734.375
960.938 -843.750 -164.062 820.312 -195.312 328.125 726.562 312.500 515.625 531.250 23.438 742.188 390.625 492.188 734.375
890.625 -1015.625 -171.875 804.688 -156.250 343.750 671.875 273.438 539.062 492.188 70.312 726.562 414.062 515.625 710.938
906.250 -906.250 -117.188 781.250 -140.625 367.188 562.500 320.312 523.438 484.375 85.938 734.375 359.375 539.062 695.312
914.062 -789.062 -93.750 835.938 -109.375 359.375 609.375 351.562 570.312 476.562 117.188 828.125 226.562 593.750 781.250
867.188 -734.375 -109.375 890.625 -218.750 351.562 640.625 335.938 593.750 453.125 85.938 859.375 203.125 562.500 890.625
867.188 -734.375 -109.375 890.625 -218.750 351.562 640.625 335.938 593.750 453.125 85.938 859.375 203.125 562.500 890.625
960.938 -570.312 -171.875 851.562 -304.688 382.812 671.875 273.438 625.000 492.188 54.688 835.938 210.938 523.438 882.812
992.188 -492.188 -203.125 757.812 -382.812 468.750 656.250 187.500 687.500 523.438 0.000 828.125 281.250 484.375 851.562
984.375 -476.562 -203.125 726.562 -406.250 507.812 632.812 156.250 710.938 539.062 -15.625 820.312 304.688 468.750 835.938
937.500 -531.250 -234.375 640.625 -453.125 625.000 593.750 93.750 781.250 546.875 -39.062 820.312 320.312 460.938 835.938
937.500 -531.250 -234.375 640.625 -453.125 625.000 593.750 93.750 781.250 546.875 -39.062 820.312 320.312 460.938 835.938
898.438 -531.250 -218.750 617.188 -445.312 640.625 601.562 101.562 789.062 515.625 -15.625 835.938 273.438 476.562 843.750
898.438 -531.250 -210.938 593.750 -437.500 664.062 578.125 125.000 781.250 507.812 -15.625 851.562 257.812 484.375 851.562
851.562 -593.750 -164.062 679.688 -398.438 625.000 570.312 203.125 804.688 468.750 -7.812 898.438 242.188 500.000 851.562
851.562 -593.750 -164.062 679.688 -398.438 625.000 570.312 203.125 804.688 468.750 -7.812 898.438 242.188 500.000 851.562
828.125 -601.562 -148.438 687.500 -382.812 625.000 585.938 195.312 796.875 476.562 0.000 898.438 250.000 515.625 859.375
796.875 -593.750 -140.625 679.688 -382.812 617.188 585.938 210.938 789.062 476.562 7.812 906.250 250.000 507.812 859.375
750.000 -625.000 -117.188 695.312 -382.812 632.812 578.125 218.750 789.062 453.125 -15.625 906.250 234.375 507.812 843.750
781.250 -648.438 -132.812 671.875 -406.250 648.438 562.500 218.750 796.875 429.688 -31.250 914.062 218.750 507.812 851.562
828.125 -687.500 -171.875 664.062 -429.688 664.062 539.062 210.938 851.562 406.250 -78.125 945.312 179.688 484.375 867.188
851.562 -687.500 -179.688 671.875 -429.688 656.250 531.250 203.125 859.375 398.438 -93.750 945.312 164.062 468.750 882.812
882.812 -671.875 -203.125 656.250 -437.500 687.500 515.625 203.125 875.000 382.812 -78.125 960.938 125.000 484.375 906.250
820.312 -632.812 -195.312 656.250 -375.000 664.062 515.625 250.000 843.750 375.000 -23.438 960.938 148.438 515.625 890.625
820.312 -632.812 -195.312 656.250 -375.000 664.062 515.625 250.000 843.750 375.000 -23.438 960.938 148.438 515.625 890.625
820.312 -632.812 -195.312 656.250 -375.000 664.062 515.625 250.000 843.750 375.000 -23.438 960.938 148.438 515.625 890.625
671.875 -632.812 -117.188 632.812 -312.500 640.625 531.250 289.062 789.062 406.250 15.625 929.688 187.500 539.062 859.375
671.875 -632.812 -117.188 632.812 -312.500 640.625 531.250 289.062 789.062 406.250 15.625 929.688 187.500 539.062 859.375
632.812 -632.812 -85.938 632.812 -312.500 648.438 539.062 289.062 765.625 406.250 23.438 914.062 195.312 546.875 843.750
625.000 -664.062 -93.750 632.812 -320.312 640.625 539.062 289.062 765.625 406.250 23.438 914.062 195.312 546.875 835.938
