429.688 -882.812 -148.438 507.812 -554.688 617.188 718.750 -125.000 648.438 648.438 210.938 718.750 421.875 507.812 734.375
429.688 -875.000 -140.625 500.000 -562.500 632.812 718.750 -132.812 671.875 656.250 218.750 734.375 414.062 539.062 750.000
421.875 -898.438 -148.438 500.000 -570.312 640.625 726.562 -132.812 656.250 656.250 226.562 718.750 421.875 531.250 757.812
421.875 -914.062 -140.625 500.000 -570.312 632.812 726.562 -132.812 664.062 640.625 210.938 726.562 429.688 523.438 750.000
414.062 -914.062 -140.625 500.000 -554.688 640.625 710.938 -132.812 671.875 648.438 203.125 734.375 421.875 515.625 750.000
414.062 -914.062 -132.812 492.188 -562.500 648.438 726.562 -140.625 687.500 640.625 226.562 734.375 421.875 523.438 757.812
414.062 -914.062 -132.812 492.188 -562.500 648.438 726.562 -140.625 687.500 640.625 226.562 734.375 421.875 523.438 757.812
406.250 -921.875 -140.625 484.375 -570.312 648.438 718.750 -125.000 679.688 648.438 218.750 734.375 414.062 523.438 757.812
406.250 -914.062 -140.625 484.375 -570.312 656.250 710.938 -125.000 687.500 648.438 218.750 734.375 414.062 523.438 750.000
390.625 -921.875 -125.000 484.375 -554.688 656.250 703.125 -132.812 687.500 640.625 218.750 742.188 414.062 531.250 750.000
382.812 -929.688 -125.000 468.750 -554.688 671.875 703.125 -117.188 695.312 640.625 218.750 750.000 406.250 531.250 757.812
414.062 -914.062 -140.625 476.562 -570.312 671.875 703.125 -125.000 718.750 632.812 242.188 765.625 398.438 546.875 789.062
414.062 -914.062 -140.625 476.562 -570.312 671.875 703.125 -125.000 718.750 632.812 242.188 765.625 398.438 546.875 789.062
414.062 -921.875 -140.625 468.750 -570.312 671.875 703.125 -132.812 710.938 632.812 218.750 757.812 406.250 539.062 781.250
414.062 -921.875 -140.625 484.375 -562.500 671.875 710.938 -132.812 703.125 640.625 210.938 757.812 429.688 515.625 765.625
406.250 -921.875 -132.812 476.562 -585.938 664.062 710.938 -148.438 687.500 656.250 203.125 734.375 429.688 523.438 757.812
414.062 -937.500 -140.625 476.562 -585.938 656.250 710.938 -148.438 687.500 648.438 195.312 742.188 429.688 507.812 750.000
421.875 -906.250 -164.062 492.188 -585.938 640.625 710.938 -164.062 687.500 617.188 203.125 773.438 382.812 523.438 781.250
421.875 -906.250 -164.062 492.188 -585.938 640.625 710.938 -164.062 687.500 617.188 203.125 773.438 382.812 523.438 781.250
421.875 -906.250 -164.062 492.188 -585.938 640.625 710.938 -164.062 687.500 617.188 203.125 773.438 382.812 523.438 781.250
421.875 -867.188 -171.875 500.000 -609.375 656.250 710.938 -179.688 703.125 617.188 203.125 789.062 351.562 546.875 804.688
421.875 -695.312 -179.688 484.375 -632.812 687.500 703.125 -171.875 757.812 585.938 210.938 859.375 335.938 601.562 820.312
492.188 -828.125 -218.750 460.938 -625.000 734.375 656.250 -171.875 875.000 437.500 171.875 992.188 320.312 578.125 875.000
500.000 -664.062 -257.812 406.250 -601.562 812.500 625.000 -132.812 929.688 406.250 210.938 1007.812 343.750 562.500 906.250
500.000 -671.875 -281.250 343.750 -593.750 867.188 656.250 -132.812 914.062 335.938 257.812 1007.812 367.188 632.812 914.062
437.500 -1046.875 -359.375 273.438 -484.375 898.438 554.688 54.688 960.938 789.062 382.812 835.938 484.375 812.500 921.875
437.500 -1046.875 -359.375 273.438 -484.375 898.438 554.688 54.688 960.938 789.062 382.812 835.938 484.375 812.500 921.875
429.688 -1164.062 -343.750 296.875 -492.188 906.250 570.312 -23.438 937.500 843.750 398.438 781.250 460.938 804.688 882.812
375.000 -1187.500 -351.562 296.875 -531.250 914.062 601.562 -101.562 921.875 820.312 382.812 742.188 468.750 765.625 804.688
343.750 -1187.500 -304.688 281.250 -656.250 914.062 625.000 -156.250 851.562 734.375 273.438 757.812 562.500 632.812 664.062
250.000 -1359.375 -164.062 328.125 -578.125 875.000 640.625 -7.812 890.625 789.062 195.312 710.938 601.562 601.562 617.188
250.000 -1359.375 -164.062 328.125 -578.125 875.000 640.625 -7.812 890.625 789.062 195.312 710.938 601.562 601.562 617.188
218.750 -1375.000 -125.000 289.062 -554.688 890.625 640.625 -62.500 859.375 789.062 234.375 664.062 648.438 601.562 570.312
148.438 -1226.562 -93.750 312.500 -687.500 898.438 664.062 -148.438 796.875 781.250 281.250 601.562 609.375 617.188 546.875
367.188 -1007.812 -312.500 296.875 -484.375 843.750 640.625 -7.812 765.625 734.375 281.250 601.562 703.125 617.188 398.438
367.188 -1007.812 -312.500 296.875 -484.375 843.750 640.625 -7.812 765.625 734.375 281.250 601.562 703.125 617.188 398.438
367.188 -1007.812 -312.500 296.875 -484.375 843.750 640.625 -7.812 765.625 734.375 281.250 601.562 703.125 617.188 398.438
421.875 -953.125 -335.938 421.875 -515.625 750.000 632.812 39.062 773.438 757.812 265.625 664.062 718.750 648.438 484.375
515.625 -843.750 -398.438 437.500 -414.062 664.062 703.125 46.875 679.688 796.875 312.500 585.938 718.750 664.062 546.875
531.250 -796.875 -445.312 460.938 -398.438 632.812 773.438 31.250 601.562 835.938 375.000 531.250 695.312 695.312 570.312
554.688 -742.188 -445.312 460.938 -398.438 617.188 765.625 15.625 562.500 828.125 382.812 484.375 695.312 679.688 531.250
593.750 -835.938 -398.438 539.062 -390.625 507.812 734.375 46.875 531.250 796.875 195.312 476.562 843.750 492.188 335.938
601.562 -804.688 -406.250 601.562 -398.438 476.562 757.812 15.625 484.375 820.312 359.375 414.062 851.562 476.562 273.438
625.000 -773.438 -437.500 742.188 -312.500 507.812 843.750 -54.688 398.438 875.000 179.688 242.188 820.312 359.375 195.312
593.750 -796.875 -453.125 593.750 -281.250 468.750 804.688 -101.562 390.625 828.125 242.188 210.938 796.875 367.188 218.750
453.125 -617.188 -117.188 804.688 -468.750 296.875 929.688 -187.500 156.250 992.188 203.125 -31.250 1007.812 109.375 0.000
453.125 -617.188 -117.188 804.688 -468.750 296.875 929.688 -187.500 156.250 992.188 203.125 -31.250 1007.812 109.375 0.000
109.375 -304.688 93.750 859.375 -460.938 273.438 1015.625 -296.875 54.688 1000.000 7.812 -164.062 921.875 -46.875 -23.438
273.438 -125.000 -54.688 960.938 -367.188 132.812 992.188 -273.438 31.250 1007.812 23.438 -203.125 914.062 -46.875 15.625
710.938 -296.875 -234.375 1015.625 -500.000 93.750 1085.938 -320.312 -31.250 1000.000 7.812 -125.000 898.438 -70.312 148.438
929.688 -265.625 -460.938 851.562 -562.500 140.625 937.500 -492.188 39.062 960.938 -132.812 -187.500 843.750 -210.938 93.750
992.188 -250.000 -492.188 835.938 -734.375 210.938 921.875 -515.625 54.688 1000.000 -187.500 -242.188 945.312 -257.812 -39.062
976.562 -234.375 -507.812 812.500 -906.250 304.688 953.125 -570.312 70.312 1085.938 -187.500 -257.812 1078.125 -304.688 -132.812
804.688 -78.125 -421.875 835.938 -718.750 218.750 937.500 -562.500 140.625 1078.125 -226.562 -187.500 1023.438 -265.625 -23.438
875.000 -132.812 -484.375 851.562 -515.625 179.688 984.375 -375.000 62.500 1054.688 31.250 -125.000 1000.000 -62.500 187.500
875.000 -132.812 -484.375 851.562 -515.625 179.688 984.375 -375.000 62.500 1054.688 31.250 -125.000 1000.000 -62.500 187.500
875.000 -132.812 -484.375 851.562 -515.625 179.688 984.375 -375.000 62.500 1054.688 31.250 -125.000 1000.000 -62.500 187.500
875.000 -132.812 -484.375 851.562 -515.625 179.688 984.375 -375.000 62.500 1054.688 31.250 -125.000 1000.000 -62.500 187.500
796.875 -218.750 -421.875 859.375 -570.312 242.188 1007.812 -398.438 78.125 1093.750 -15.625 -156.250 1039.062 -132.812 101.562
789.062 -335.938 -375.000 804.688 -601.562 304.688 976.562 -414.062 132.812 1078.125 -78.125 -125.000 1023.438 -156.250 78.125
773.438 -398.438 -367.188 765.625 -601.562 343.750 929.688 -414.062 171.875 1046.875 -85.938 -93.750 992.188 -148.438 93.750
718.750 -523.438 -335.938 671.875 -585.938 421.875 875.000 -414.062 257.812 1023.438 -85.938 7.812 960.938 -93.750 148.438
726.562 -601.562 -343.750 578.125 -492.188 539.062 835.938 -328.125 390.625 960.938 -15.625 171.875 937.500 85.938 265.625
757.812 -609.375 -375.000 539.062 -390.625 632.812 773.438 -179.688 539.062 898.438 54.688 406.250 882.812 312.500 468.750
757.812 -609.375 -375.000 539.062 -390.625 632.812 773.438 -179.688 539.062 898.438 54.688 406.250 882.812 312.500 468.750
773.438 -609.375 -382.812 546.875 -375.000 656.250 757.812 -132.812 585.938 898.438 62.500 460.938 859.375 351.562 539.062
773.438 -648.438 -375.000 578.125 -375.000 656.250 734.375 -101.562 656.250 921.875 46.875 554.688 812.500 414.062 671.875
781.250 -937.500 -312.500 601.562 -539.062 757.812 765.625 -203.125 765.625 914.062 -78.125 609.375 742.188 304.688 695.312
781.250 -937.500 -312.500 601.562 -539.062 757.812 765.625 -203.125 765.625 914.062 -78.125 609.375 742.188 304.688 695.312
781.250 -937.500 -312.500 601.562 -539.062 757.812 765.625 -203.125 765.625 914.062 -78.125 609.375 742.188 304.688 695.312
718.750 -1054.688 -195.312 523.438 -648.438 882.812 781.250 -289.062 750.000 1023.438 -31.250 468.750 703.125 304.688 601.562
718.750 -1117.188 -179.688 437.500 -664.062 937.500 703.125 -304.688 718.750 1007.812 31.250 398.438 773.438 320.312 546.875
320.312 -1078.125 265.625 1000.000 -570.312 359.375 945.312 -125.000 687.500 507.812 109.375 726.562 523.438 390.625 914.062
320.312 -1078.125 265.625 1000.000 -570.312 359.375 945.312 -125.000 687.500 507.812 109.375 726.562 523.438 390.625 914.062
437.500 -1468.750 85.938 570.312 -406.250 554.688 656.250 62.500 625.000 562.500 39.062 679.688 437.500 382.812 710.938
656.250 -1015.625 -140.625 625.000 -296.875 546.875 625.000 117.188 625.000 546.875 15.625 609.375 507.812 304.688 500.000
710.938 -1140.625 -234.375 476.562 -312.500 617.188 585.938 171.875 609.375 523.438 15.625 515.625 468.750 335.938 429.688
781.250 -1023.438 -468.750 382.812 -281.250 710.938 484.375 164.062 640.625 523.438 -140.625 367.188 320.312 265.625 148.438
781.250 -812.500 -546.875 320.312 -273.438 734.375 429.688 156.250 664.062 414.062 -125.000 375.000 164.062 234.375 93.750
875.000 -320.312 -695.312 429.688 -390.625 734.375 468.750 85.938 640.625 351.562 859.375 953.125 23.438 1289.062 1289.062
1132.812 500.000 -640.625 320.312 -195.312 843.750 343.750 476.562 1039.062 -523.438 78.125 1515.625 -226.562 835.938 1562.500
1132.812 500.000 -640.625 320.312 -195.312 843.750 343.750 476.562 1039.062 -523.438 78.125 1515.625 -226.562 835.938 1562.500
1132.812 500.000 -640.625 320.312 -195.312 843.750 343.750 476.562 1039.062 -523.438 78.125 1515.625 -226.562 835.938 1562.500
351.562 328.125 85.938 609.375 15.625 914.062 523.438 101.562 1390.625 617.188 -820.312 1140.625 265.625 54.688 1023.438
351.562 328.125 85.938 609.375 15.625 914.062 523.438 101.562 1390.625 617.188 -820.312 1140.625 265.625 54.688 1023.438
835.938 31.250 -93.750 703.125 -367.188 695.312 742.188 226.562 1070.312 867.188 -492.188 898.438 468.750 242.188 945.312
1140.625 -93.750 -273.438 789.062 -656.250 609.375 867.188 -132.812 789.062 835.938 -250.000 453.125 671.875 312.500 757.812
1023.438 62.500 -312.500 835.938 -726.562 578.125 906.250 -460.938 664.062 929.688 -625.000 492.188 820.312 -101.562 648.438
1046.875 54.688 -320.312 875.000 -640.625 617.188 890.625 -359.375 781.250 820.312 -609.375 671.875 781.250 7.812 773.438
851.562 179.688 -375.000 640.625 -453.125 515.625 609.375 -125.000 695.312 445.312 -406.250 710.938 234.375 140.625 914.062
851.562 179.688 -375.000 640.625 -453.125 515.625 609.375 -125.000 695.312 445.312 -406.250 710.938 234.375 140.625 914.062
835.938 179.688 -390.625 617.188 -445.312 507.812 578.125 -117.188 687.500 390.625 -390.625 718.750 218.750 156.250 898.438
867.188 187.500 -359.375 546.875 -445.312 562.500 500.000 -62.500 718.750 367.188 -382.812 765.625 218.750 195.312 906.250
867.188 85.938 -351.562 554.688 -429.688 601.562 546.875 -31.250 765.625 421.875 -367.188 789.062 265.625 234.375 929.688
937.500 0.000 -265.625 609.375 -460.938 671.875 593.750 -46.875 804.688 445.312 -390.625 828.125 296.875 234.375 914.062
937.500 0.000 -265.625 609.375 -460.938 671.875 593.750 -46.875 804.688 445.312 -390.625 828.125 296.875 234.375 914.062
960.938 0.000 -265.625 609.375 -445.312 703.125 593.750 -15.625 828.125 445.312 -390.625 859.375 265.625 257.812 937.500
1015.625 -7.812 -250.000 578.125 -453.125 757.812 554.688 7.812 898.438 367.188 -375.000 914.062 203.125 296.875 960.938
1031.250 -31.250 -250.000 570.312 -460.938 765.625 546.875 7.812 898.438 367.188 -359.375 914.062 187.500 296.875 960.938
1078.125 -31.250 -187.500 515.625 -437.500 843.750 507.812 62.500 953.125 312.500 -367.188 968.750 156.250 335.938 976.562
1023.438 39.062 -132.812 148.438 -304.688 1046.875 257.812 234.375 1109.375 46.875 -203.125 1148.438 62.500 515.625 976.562
1023.438 39.062 -132.812 148.438 -304.688 1046.875 257.812 234.375 1109.375 46.875 -203.125 1148.438 62.500 515.625 976.562
1023.438 39.062 -132.812 148.438 -304.688 1046.875 257.812 234.375 1109.375 46.875 -203.125 1148.438 62.500 515.625 976.562
1031.250 125.000 -101.562 -7.812 -375.000 1210.938 101.562 289.062 1148.438 -78.125 -78.125 1226.562 -39.062 656.250 1007.812
914.062 101.562 -54.688 -23.438 -31.250 1085.938 54.688 351.562 1132.812 -62.500 15.625 1164.062 -70.312 710.938 1000.000
1109.375 -265.625 -476.562 484.375 -265.625 984.375 343.750 140.625 1078.125 31.250 210.938 976.562 195.312 796.875 843.750
1109.375 -265.625 -476.562 484.375 -265.625 984.375 343.750 140.625 1078.125 31.250 210.938 976.562 195.312 796.875 843.750
1210.938 781.250 -195.312 789.062 -515.625 773.438 531.250 23.438 789.062 242.188 226.562 859.375 156.250 640.625 875.000
640.625 -726.562 -476.562 1289.062 234.375 31.250 882.812 453.125 343.750 664.062 289.062 789.062 304.688 609.375 882.812
640.625 -726.562 -476.562 1289.062 234.375 31.250 882.812 453.125 343.750 664.062 289.062 789.062 304.688 609.375 882.812
765.625 -1250.000 -562.500 914.062 148.438 242.188 945.312 429.688 343.750 726.562 304.688 765.625 375.000 617.188 851.562
1125.000 -867.188 -382.812 515.625 -382.812 460.938 601.562 0.000 523.438 375.000 -46.875 640.625 234.375 296.875 726.562
1125.000 -867.188 -382.812 515.625 -382.812 460.938 601.562 0.000 523.438 375.000 -46.875 640.625 234.375 296.875 726.562
906.250 -992.188 -210.938 460.938 -500.000 453.125 515.625 -7.812 531.250 250.000 7.812 632.812 187.500 390.625 843.750
468.750 -234.375 359.375 625.000 -664.062 906.250 648.438 -257.812 1031.250 562.500 -578.125 914.062 429.688 125.000 914.062
468.750 -234.375 359.375 625.000 -664.062 906.250 648.438 -257.812 1031.250 562.500 -578.125 914.062 429.688 125.000 914.062
125.000 539.062 898.438 460.938 -828.125 1429.688 679.688 -734.375 1445.312 601.562 -828.125 820.312 406.250 62.500 890.625
1054.688 -109.375 156.250 1601.562 -328.125 195.312 1273.438 148.438 671.875 1078.125 -476.562 703.125 460.938 85.938 968.750
1125.000 -250.000 46.875 1078.125 -429.688 390.625 1187.500 -343.750 671.875 804.688 -335.938 671.875 468.750 132.812 992.188
953.125 -117.188 -23.438 578.125 -546.875 531.250 625.000 -70.312 742.188 492.188 -390.625 757.812 351.562 156.250 898.438
953.125 -117.188 -23.438 578.125 -546.875 531.250 625.000 -70.312 742.188 492.188 -390.625 757.812 351.562 156.250 898.438
953.125 -257.812 -39.062 523.438 -523.438 546.875 523.438 -54.688 757.812 421.875 -382.812 773.438 281.250 171.875 890.625
984.375 -125.000 -46.875 695.312 -476.562 539.062 656.250 -7.812 757.812 531.250 -335.938 812.500 265.625 218.750 945.312
984.375 -125.000 -46.875 695.312 -476.562 539.062 656.250 -7.812 757.812 531.250 -335.938 812.500 265.625 218.750 945.312
953.125 -85.938 -7.812 742.188 -453.125 546.875 695.312 15.625 742.188 578.125 -312.500 812.500 296.875 242.188 953.125
937.500 -62.500 0.000 781.250 -437.500 554.688 726.562 31.250 734.375 570.312 -304.688 804.688 273.438 265.625 945.312
945.312 -70.312 -15.625 773.438 -437.500 570.312 710.938 46.875 750.000 546.875 -312.500 828.125 242.188 273.438 937.500
968.750 -93.750 -23.438 750.000 -437.500 601.562 687.500 70.312 789.062 507.812 -289.062 867.188 218.750 296.875 953.125
992.188 -429.688 -46.875 531.250 -554.688 750.000 570.312 62.500 890.625 398.438 -351.562 921.875 156.250 265.625 953.125
992.188 -429.688 -46.875 531.250 -554.688 750.000 570.312 62.500 890.625 398.438 -351.562 921.875 156.250 265.625 953.125
1000.000 -484.375 -46.875 484.375 -562.500 796.875 507.812 85.938 921.875 343.750 -343.750 937.500 125.000 304.688 945.312
750.000 -679.688 46.875 -312.500 -539.062 1390.625 132.812 218.750 1140.625 23.438 15.625 1078.125 31.250 609.375 968.750
750.000 -679.688 46.875 -312.500 -539.062 1390.625 132.812 218.750 1140.625 23.438 15.625 1078.125 31.250 609.375 968.750
757.812 -1046.875 156.250 -101.562 -390.625 1421.875 546.875 1195.312 171.875 195.312 -46.875 1039.062 39.062 554.688 1000.000
656.250 -1070.312 234.375 210.938 -562.500 1085.938 54.688 -70.312 1195.312 -85.938 7.812 1031.250 0.000 570.312 921.875
437.500 -835.938 390.625 1312.500 226.562 460.938 562.500 546.875 1171.875 601.562 -328.125 1132.812 140.625 359.375 984.375
562.500 -726.562 195.312 1195.312 -281.250 296.875 1226.562 -187.500 578.125 773.438 23.438 851.562 265.625 625.000 1007.812
687.500 -414.062 85.938 1046.875 -375.000 265.625 867.188 156.250 648.438 429.688 -195.312 789.062 429.688 406.250 664.062
835.938 -476.562 -132.812 992.188 -78.125 203.125 523.438 203.125 703.125 539.062 -101.562 796.875 531.250 398.438 671.875
1296.875 -1007.812 -546.875 937.500 78.125 23.438 492.188 375.000 648.438 468.750 23.438 796.875 289.062 562.500 781.250
1398.438 -640.625 -921.875 843.750 445.312 31.250 -179.688 812.500 218.750 273.438 281.250 929.688 273.438 757.812 726.562
1398.438 -640.625 -921.875 843.750 445.312 31.250 -179.688 812.500 218.750 273.438 281.250 929.688 273.438 757.812 726.562
1507.812 -578.125 -1031.250 1085.938 507.812 39.062 515.625 906.250 242.188 250.000 414.062 960.938 156.250 781.250 781.250
1539.062 132.812 -984.375 1039.062 210.938 273.438 843.750 921.875 382.812 265.625 515.625 1007.812 62.500 953.125 890.625
1367.188 1007.812 -695.312 773.438 23.438 351.562 617.188 562.500 523.438 62.500 398.438 1023.438 -320.312 875.000 992.188
671.875 296.875 265.625 1140.625 -140.625 -148.438 695.312 265.625 687.500 304.688 -664.062 929.688 93.750 273.438 1062.500
671.875 296.875 265.625 1140.625 -140.625 -148.438 695.312 265.625 687.500 304.688 -664.062 929.688 93.750 273.438 1062.500
-937.500 -664.062 789.062 1453.125 -367.188 -242.188 1445.312 390.625 710.938 1023.438 15.625 945.312 234.375 429.688 1093.750
1242.188 -468.750 250.000 1148.438 -539.062 -62.500 1039.062 -54.688 343.750 570.312 0.000 640.625 742.188 476.562 765.625
812.500 0.000 265.625 1031.250 -632.812 -101.562 781.250 85.938 585.938 617.188 -289.062 664.062 375.000 226.562 757.812
937.500 -85.938 164.062 1000.000 -500.000 -93.750 742.188 109.375 578.125 523.438 -312.500 703.125 320.312 164.062 843.750
671.875 750.000 -70.312 1359.375 187.500 953.125 500.000 -546.875 898.438 445.312 -835.938 265.625 359.375 -210.938 929.688
671.875 750.000 -70.312 1359.375 187.500 953.125 500.000 -546.875 898.438 445.312 -835.938 265.625 359.375 -210.938 929.688
1156.250 -117.188 148.438 625.000 -585.938 437.500 -54.688 -101.562 773.438 93.750 -187.500 695.312 796.875 406.250 609.375
1257.812 -46.875 -46.875 1656.250 -164.062 289.062 679.688 257.812 757.812 617.188 -734.375 835.938 320.312 -250.000 812.500
968.750 -101.562 187.500 578.125 -695.312 468.750 687.500 -15.625 640.625 546.875 -250.000 750.000 195.312 328.125 1062.500
1054.688 15.625 70.312 773.438 -570.312 507.812 750.000 156.250 734.375 554.688 -390.625 804.688 476.562 257.812 757.812
968.750 78.125 132.812 937.500 -429.688 398.438 851.562 195.312 625.000 609.375 -273.438 828.125 328.125 335.938 937.500
968.750 78.125 132.812 937.500 -429.688 398.438 851.562 195.312 625.000 609.375 -273.438 828.125 328.125 335.938 937.500
1023.438 156.250 117.188 960.938 -421.875 390.625 851.562 203.125 632.812 632.812 -289.062 812.500 335.938 328.125 921.875
1031.250 156.250 125.000 1015.625 -460.938 390.625 890.625 171.875 632.812 687.500 -304.688 789.062 375.000 296.875 906.250
1085.938 93.750 101.562 750.000 -531.250 539.062 710.938 234.375 742.188 437.500 -335.938 906.250 234.375 359.375 898.438
1085.938 93.750 101.562 750.000 -531.250 539.062 710.938 234.375 742.188 437.500 -335.938 906.250 234.375 359.375 898.438
1062.500 31.250 109.375 593.750 -539.062 625.000 593.750 265.625 804.688 328.125 -304.688 984.375 195.312 390.625 890.625
953.125 -171.875 187.500 218.750 -507.812 812.500 281.250 492.188 921.875 46.875 -218.750 1195.312 39.062 570.312 953.125
484.375 -375.000 539.062 -242.188 -265.625 1148.438 85.938 773.438 1250.000 -132.812 -210.938 1429.688 85.938 648.438 960.938
289.062 -171.875 640.625 54.688 -195.312 1156.250 226.562 570.312 1320.312 0.000 -93.750 1187.500 234.375 593.750 914.062
460.938 835.938 414.062 1359.375 -93.750 617.188 875.000 -46.875 1265.625 882.812 -851.562 1195.312 195.312 437.500 914.062
460.938 835.938 414.062 1359.375 -93.750 617.188 875.000 -46.875 1265.625 882.812 -851.562 1195.312 195.312 437.500 914.062
1429.688 1367.188 -179.688 1023.438 -148.438 132.812 1062.500 265.625 976.562 859.375 -742.188 906.250 609.375 54.688 742.188
921.875 1593.750 -101.562 1156.250 -429.688 7.812 882.812 132.812 609.375 546.875 0.000 632.812 539.062 242.188 773.438
1171.875 601.562 -125.000 851.562 -757.812 85.938 617.188 -390.625 -23.438 0.000 820.312 437.500 320.312 687.500 835.938
1289.062 -781.250 -367.188 757.812 -242.188 -46.875 554.688 218.750 0.000 570.312 507.812 390.625 101.562 781.250 859.375
726.562 -1695.312 148.438 867.188 -171.875 164.062 1187.500 -156.250 -250.000 1382.812 414.062 -203.125 828.125 562.500 234.375
726.562 -1695.312 148.438 867.188 -171.875 164.062 1187.500 -156.250 -250.000 1382.812 414.062 -203.125 828.125 562.500 234.375
726.562 -1695.312 148.438 867.188 -171.875 164.062 1187.500 -156.250 -250.000 1382.812 414.062 -203.125 828.125 562.500 234.375
804.688 -968.750 140.625 921.875 -289.062 93.750 1039.062 15.625 -78.125 843.750 226.562 54.688 882.812 523.438 132.812
1031.250 -109.375 -54.688 1039.062 93.750 -15.625 1117.188 179.688 31.250 859.375 367.188 328.125 570.312 546.875 492.188
1007.812 351.562 0.000 1078.125 -39.062 -187.500 1070.312 62.500 -125.000 859.375 390.625 343.750 429.688 578.125 757.812
1007.812 351.562 0.000 1078.125 -39.062 -187.500 1070.312 62.500 -125.000 859.375 390.625 343.750 429.688 578.125 757.812
1031.250 335.938 7.812 1078.125 -125.000 -132.812 1109.375 -62.500 -171.875 960.938 351.562 257.812 500.000 523.438 695.312
1132.812 70.312 -15.625 1093.750 -265.625 -117.188 1085.938 -140.625 -132.812 1000.000 164.062 156.250 710.938 390.625 476.562
1093.750 -265.625 0.000 992.188 -375.000 -23.438 1085.938 -250.000 -132.812 1039.062 117.188 85.938 851.562 304.688 382.812
1062.500 -453.125 0.000 1054.688 -320.312 -85.938 1109.375 -242.188 -179.688 1117.188 132.812 54.688 859.375 343.750 382.812
1031.250 -445.312 -31.250 1148.438 -164.062 -210.938 1109.375 -125.000 -203.125 1101.562 125.000 93.750 851.562 367.188 445.312
1007.812 -343.750 -23.438 1171.875 -78.125 -234.375 1101.562 -70.312 -195.312 1070.312 132.812 140.625 796.875 359.375 484.375
968.750 101.562 -93.750 1085.938 -78.125 0.000 937.500 -125.000 117.188 929.688 109.375 257.812 710.938 445.312 507.812
968.750 101.562 -93.750 1085.938 -78.125 0.000 937.500 -125.000 117.188 929.688 109.375 257.812 710.938 445.312 507.812
984.375 78.125 -78.125 890.625 -187.500 62.500 875.000 7.812 171.875 835.938 187.500 343.750 695.312 492.188 437.500
976.562 39.062 -85.938 781.250 -203.125 109.375 867.188 -7.812 179.688 796.875 210.938 375.000 679.688 500.000 453.125
859.375 -195.312 46.875 734.375 -468.750 476.562 851.562 179.688 257.812 781.250 453.125 460.938 609.375 703.125 570.312
859.375 -195.312 46.875 734.375 -468.750 476.562 851.562 179.688 257.812 781.250 453.125 460.938 609.375 703.125 570.312
859.375 -195.312 46.875 734.375 -468.750 476.562 851.562 179.688 257.812 781.250 453.125 460.938 609.375 703.125 570.312
859.375 -148.438 70.312 890.625 -445.312 406.250 1031.250 250.000 117.188 890.625 453.125 406.250 625.000 671.875 593.750
1007.812 -39.062 0.000 1085.938 -210.938 359.375 984.375 156.250 46.875 937.500 164.062 437.500 648.438 593.750 578.125
1250.000 -179.688 -242.188 1054.688 -164.062 343.750 1031.250 257.812 156.250 867.188 531.250 351.562 546.875 710.938 664.062
1250.000 -179.688 -242.188 1054.688 -164.062 343.750 1031.250 257.812 156.250 867.188 531.250 351.562 546.875 710.938 664.062
1250.000 -179.688 -242.188 1054.688 -164.062 343.750 1031.250 257.812 156.250 867.188 531.250 351.562 546.875 710.938 664.062
1320.312 -601.562 -351.562 1031.250 -429.688 437.500 1007.812 39.062 54.688 953.125 539.062 210.938 609.375 710.938 578.125
1312.500 -367.188 -296.875 523.438 -460.938 421.875 1242.188 -7.812 -23.438 1054.688 500.000 109.375 703.125 742.188 414.062
1203.125 -546.875 -187.500 757.812 -304.688 515.625 1156.250 125.000 0.000 1031.250 421.875 179.688 750.000 617.188 437.500
984.375 -484.375 -62.500 179.688 -312.500 507.812 1273.438 -7.812 39.062 945.312 421.875 242.188 656.250 625.000 507.812
492.188 -539.062 289.062 781.250 -187.500 421.875 984.375 148.438 62.500 804.688 546.875 296.875 484.375 796.875 656.250
523.438 -585.938 281.250 765.625 -218.750 421.875 968.750 101.562 0.000 851.562 609.375 281.250 507.812 734.375 617.188
648.438 -585.938 242.188 859.375 -343.750 390.625 992.188 140.625 -31.250 960.938 445.312 164.062 609.375 656.250 476.562
679.688 -546.875 273.438 890.625 -445.312 414.062 984.375 78.125 -70.312 1031.250 429.688 125.000 664.062 640.625 406.250
648.438 -375.000 273.438 320.312 -750.000 546.875 1257.812 7.812 70.312 906.250 320.312 179.688 726.562 625.000 265.625
687.500 -679.688 328.125 828.125 -367.188 460.938 1031.250 -218.750 179.688 953.125 289.062 218.750 750.000 523.438 296.875
687.500 -679.688 328.125 828.125 -367.188 460.938 1031.250 -218.750 179.688 953.125 289.062 218.750 750.000 523.438 296.875
687.500 -679.688 328.125 828.125 -367.188 460.938 1031.250 -218.750 179.688 953.125 289.062 218.750 750.000 523.438 296.875
640.625 -726.562 437.500 914.062 -382.812 343.750 1046.875 -85.938 15.625 960.938 320.312 203.125 757.812 523.438 367.188
765.625 -476.562 328.125 851.562 -312.500 429.688 953.125 -171.875 117.188 789.062 304.688 304.688 734.375 523.438 343.750
765.625 -476.562 328.125 851.562 -312.500 429.688 953.125 -171.875 117.188 789.062 304.688 304.688 734.375 523.438 343.750
804.688 -421.875 289.062 835.938 -257.812 414.062 937.500 -132.812 140.625 812.500 335.938 335.938 718.750 539.062 390.625
890.625 -398.438 203.125 898.438 -148.438 367.188 914.062 -109.375 179.688 726.562 359.375 406.250 656.250 539.062 484.375
906.250 -515.625 203.125 882.812 -164.062 453.125 953.125 -93.750 281.250 773.438 445.312 484.375 648.438 640.625 593.750
906.250 -515.625 203.125 882.812 -164.062 453.125 953.125 -93.750 281.250 773.438 445.312 484.375 648.438 640.625 593.750
906.250 -515.625 203.125 882.812 -164.062 453.125 953.125 -93.750 281.250 773.438 445.312 484.375 648.438 640.625 593.750
851.562 -570.312 226.562 906.250 -195.312 421.875 1007.812 -62.500 179.688 859.375 484.375 398.438 671.875 656.250 570.312
812.500 -453.125 234.375 1007.812 -156.250 281.250 1054.688 -7.812 15.625 906.250 445.312 250.000 742.188 570.312 460.938
828.125 -429.688 210.938 1000.000 -179.688 289.062 1070.312 -39.062 0.000 953.125 414.062 234.375 750.000 570.312 429.688
851.562 -382.812 210.938 992.188 -195.312 304.688 1085.938 -54.688 0.000 960.938 390.625 242.188 765.625 554.688 421.875
867.188 -359.375 195.312 968.750 -226.562 328.125 1039.062 -101.562 39.062 890.625 351.562 281.250 726.562 500.000 421.875
835.938 -398.438 234.375 890.625 -257.812 382.812 976.562 -140.625 117.188 843.750 312.500 351.562 687.500 500.000 460.938
835.938 -398.438 234.375 890.625 -257.812 382.812 976.562 -140.625 117.188 843.750 312.500 351.562 687.500 500.000 460.938
828.125 -421.875 234.375 851.562 -234.375 421.875 945.312 -148.438 156.250 796.875 312.500 382.812 679.688 476.562 453.125
820.312 -343.750 187.500 835.938 -117.188 421.875 945.312 -101.562 218.750 781.250 429.688 414.062 648.438 585.938 554.688
820.312 -343.750 187.500 835.938 -117.188 421.875 945.312 -101.562 218.750 781.250 429.688 414.062 648.438 585.938 554.688
859.375 -429.688 125.000 867.188 -117.188 406.250 945.312 -85.938 187.500 828.125 453.125 375.000 648.438 593.750 554.688
875.000 -445.312 132.812 843.750 -93.750 398.438 968.750 -70.312 179.688 835.938 453.125 367.188 664.062 601.562 539.062
875.000 -492.188 132.812 679.688 -320.312 632.812 1039.062 -492.188 46.875 859.375 578.125 171.875 625.000 585.938 500.000
812.500 -531.250 164.062 835.938 -39.062 335.938 1015.625 70.312 132.812 859.375 460.938 273.438 726.562 617.188 406.250
734.375 -585.938 179.688 906.250 -281.250 320.312 992.188 54.688 93.750 875.000 398.438 289.062 703.125 539.062 421.875
734.375 -585.938 179.688 906.250 -281.250 320.312 992.188 54.688 93.750 875.000 398.438 289.062 703.125 539.062 421.875
742.188 -593.750 179.688 914.062 -273.438 328.125 984.375 39.062 125.000 867.188 382.812 296.875 703.125 523.438 414.062
750.000 -609.375 171.875 882.812 -242.188 359.375 929.688 0.000 164.062 851.562 359.375 312.500 718.750 515.625 406.250
757.812 -601.562 117.188 734.375 -375.000 507.812 1007.812 -78.125 265.625 843.750 390.625 335.938 757.812 570.312 390.625
742.188 -578.125 101.562 726.562 -421.875 554.688 937.500 -62.500 265.625 875.000 398.438 320.312 781.250 593.750 375.000
750.000 -593.750 7.812 789.062 -335.938 484.375 1000.000 0.000 210.938 890.625 406.250 304.688 773.438 593.750 390.625
750.000 -593.750 7.812 789.062 -335.938 484.375 1000.000 0.000 210.938 890.625 406.250 304.688 773.438 593.750 390.625
742.188 -664.062 23.438 820.312 -359.375 437.500 1023.438 39.062 171.875 906.250 414.062 296.875 750.000 585.938 406.250
734.375 -695.312 7.812 820.312 -390.625 414.062 1031.250 54.688 164.062 914.062 429.688 304.688 742.188 570.312 414.062
742.188 -687.500 -23.438 867.188 -390.625 382.812 1023.438 62.500 164.062 867.188 406.250 320.312 695.312 570.312 421.875
750.000 -656.250 -46.875 875.000 -398.438 375.000 1015.625 46.875 164.062 851.562 390.625 328.125 671.875 570.312 445.312
882.812 -554.688 -156.250 781.250 -382.812 492.188 820.312 -78.125 484.375 679.688 273.438 601.562 484.375 539.062 601.562
882.812 -554.688 -156.250 781.250 -382.812 492.188 820.312 -78.125 484.375 679.688 273.438 601.562 484.375 539.062 601.562
898.438 -523.438 -171.875 765.625 -421.875 500.000 835.938 -62.500 492.188 687.500 328.125 617.188 453.125 570.312 656.250
914.062 -515.625 -179.688 750.000 -453.125 507.812 867.188 -54.688 476.562 695.312 359.375 648.438 437.500 601.562 726.562
875.000 -632.812 -195.312 773.438 -601.562 507.812 937.500 -7.812 429.688 742.188 453.125 656.250 429.688 679.688 843.750
867.188 -679.688 -210.938 789.062 -625.000 515.625 937.500 0.000 445.312 750.000 468.750 656.250 445.312 687.500 835.938
851.562 -710.938 -187.500 757.812 -601.562 507.812 929.688 -62.500 468.750 765.625 429.688 640.625 484.375 664.062 804.688
835.938 -710.938 -187.500 734.375 -601.562 515.625 921.875 -70.312 468.750 765.625 390.625 625.000 500.000 640.625 773.438
804.688 -851.562 -171.875 750.000 -460.938 515.625 921.875 -187.500 453.125 804.688 218.750 578.125 585.938 492.188 648.438
804.688 -851.562 -171.875 750.000 -460.938 515.625 921.875 -187.500 453.125 804.688 218.750 578.125 585.938 492.188 648.438
773.438 -890.625 -156.250 789.062 -421.875 484.375 898.438 -171.875 476.562 789.062 203.125 601.562 601.562 476.562 640.625
757.812 -898.438 -148.438 804.688 -429.688 468.750 890.625 -148.438 453.125 796.875 203.125 593.750 593.750 476.562 632.812
687.500 -851.562 -132.812 812.500 -421.875 468.750 898.438 -78.125 460.938 804.688 273.438 578.125 593.750 539.062 648.438
679.688 -812.500 -132.812 789.062 -406.250 468.750 921.875 -62.500 429.688 820.312 304.688 562.500 593.750 562.500 656.250
695.312 -695.312 -171.875 812.500 -375.000 437.500 960.938 -23.438 359.375 828.125 375.000 515.625 570.312 593.750 664.062
695.312 -695.312 -171.875 812.500 -375.000 437.500 960.938 -23.438 359.375 828.125 375.000 515.625 570.312 593.750 664.062
695.312 -656.250 -164.062 828.125 -375.000 421.875 968.750 -7.812 367.188 828.125 351.562 507.812 601.562 585.938 609.375
703.125 -648.438 -171.875 828.125 -375.000 421.875 960.938 -15.625 359.375 820.312 328.125 507.812 601.562 570.312 593.750
