851.562 -421.875 -343.750 335.938 -437.500 812.500 304.688 -70.312 929.688 304.688 312.500 906.250 -62.500 -234.375 984.375
843.750 -406.250 -359.375 343.750 -429.688 812.500 304.688 -70.312 929.688 304.688 312.500 890.625 -78.125 -234.375 984.375
851.562 -390.625 -359.375 351.562 -421.875 804.688 304.688 -62.500 929.688 304.688 312.500 906.250 -78.125 -242.188 984.375
843.750 -375.000 -359.375 351.562 -421.875 812.500 304.688 -70.312 921.875 296.875 312.500 906.250 -70.312 -242.188 984.375
851.562 -367.188 -359.375 343.750 -429.688 812.500 304.688 -70.312 921.875 296.875 304.688 898.438 -78.125 -234.375 984.375
851.562 -367.188 -359.375 335.938 -421.875 796.875 312.500 -70.312 921.875 312.500 304.688 890.625 -70.312 -234.375 976.562
843.750 -367.188 -351.562 343.750 -429.688 789.062 312.500 -70.312 914.062 312.500 304.688 882.812 -62.500 -234.375 968.750
843.750 -375.000 -351.562 359.375 -429.688 789.062 312.500 -78.125 914.062 312.500 304.688 875.000 -54.688 -250.000 968.750
835.938 -382.812 -343.750 359.375 -429.688 781.250 320.312 -78.125 906.250 320.312 296.875 882.812 -46.875 -242.188 960.938
835.938 -359.375 -351.562 367.188 -421.875 789.062 328.125 -70.312 914.062 320.312 304.688 875.000 -46.875 -234.375 960.938
835.938 -359.375 -351.562 375.000 -414.062 773.438 328.125 -70.312 914.062 312.500 312.500 882.812 -46.875 -234.375 976.562
828.125 -359.375 -351.562 367.188 -414.062 789.062 320.312 -70.312 914.062 320.312 312.500 882.812 -54.688 -242.188 984.375
835.938 -351.562 -351.562 367.188 -414.062 789.062 320.312 -70.312 914.062 296.875 312.500 890.625 -78.125 -234.375 984.375
835.938 -351.562 -335.938 343.750 -390.625 796.875 304.688 -39.062 921.875 304.688 335.938 882.812 -78.125 -210.938 1000.000
835.938 -375.000 -335.938 335.938 -390.625 812.500 289.062 -31.250 929.688 281.250 328.125 898.438 -101.562 -218.750 992.188
843.750 -382.812 -328.125 328.125 -406.250 820.312 289.062 -39.062 937.500 273.438 335.938 906.250 -109.375 -218.750 984.375
843.750 -414.062 -328.125 320.312 -406.250 828.125 289.062 -46.875 945.312 281.250 335.938 898.438 -93.750 -218.750 984.375
835.938 -437.500 -320.312 312.500 -406.250 843.750 289.062 -46.875 953.125 289.062 328.125 890.625 -70.312 -210.938 984.375
835.938 -429.688 -320.312 335.938 -398.438 828.125 296.875 -31.250 945.312 273.438 343.750 890.625 -101.562 -203.125 992.188
835.938 -429.688 -328.125 335.938 -398.438 843.750 289.062 -23.438 945.312 273.438 359.375 898.438 -109.375 -203.125 1000.000
835.938 -429.688 -320.312 320.312 -382.812 843.750 281.250 -7.812 953.125 257.812 359.375 914.062 -117.188 -203.125 1000.000
859.375 -414.062 -328.125 312.500 -375.000 859.375 273.438 -7.812 960.938 234.375 375.000 921.875 -125.000 -187.500 1015.625
851.562 -414.062 -328.125 296.875 -375.000 867.188 257.812 0.000 968.750 234.375 375.000 914.062 -140.625 -179.688 1015.625
851.562 -421.875 -320.312 289.062 -375.000 867.188 250.000 0.000 968.750 234.375 382.812 921.875 -148.438 -171.875 1015.625
843.750 -429.688 -328.125 296.875 -375.000 867.188 250.000 0.000 976.562 218.750 382.812 929.688 -164.062 -187.500 1023.438
843.750 -437.500 -320.312 289.062 -375.000 875.000 242.188 0.000 976.562 218.750 390.625 929.688 -164.062 -179.688 1031.250
835.938 -367.188 -320.312 257.812 -375.000 890.625 234.375 15.625 992.188 218.750 390.625 929.688 -156.250 -171.875 1023.438
835.938 -390.625 -328.125 265.625 -375.000 890.625 226.562 7.812 992.188 218.750 382.812 929.688 -164.062 -164.062 1023.438
820.312 -335.938 -328.125 257.812 -375.000 890.625 226.562 15.625 1000.000 218.750 398.438 937.500 -164.062 -171.875 1031.250
820.312 -304.688 -343.750 242.188 -382.812 898.438 203.125 0.000 1007.812 210.938 398.438 945.312 -156.250 -164.062 1031.250
843.750 -164.062 -414.062 203.125 -390.625 914.062 234.375 23.438 1023.438 226.562 390.625 953.125 -156.250 -187.500 1039.062
851.562 -226.562 -421.875 226.562 -398.438 906.250 156.250 23.438 1015.625 148.438 382.812 960.938 -210.938 -117.188 1070.312
828.125 -406.250 -468.750 265.625 -351.562 960.938 203.125 23.438 1046.875 171.875 390.625 953.125 -210.938 -187.500 1015.625
703.125 -468.750 -460.938 171.875 -351.562 960.938 140.625 54.688 1062.500 101.562 429.688 992.188 -289.062 -171.875 1070.312
726.562 -531.250 -468.750 179.688 -390.625 976.562 171.875 -23.438 1054.688 125.000 414.062 984.375 -257.812 -179.688 1070.312
750.000 -523.438 -453.125 164.062 -414.062 968.750 195.312 -15.625 1031.250 187.500 398.438 976.562 -203.125 -203.125 1046.875
757.812 -765.625 -484.375 289.062 -476.562 921.875 265.625 -39.062 1007.812 218.750 382.812 945.312 -140.625 -187.500 1023.438
757.812 -851.562 -500.000 359.375 -460.938 882.812 289.062 -39.062 1007.812 265.625 367.188 929.688 -117.188 -210.938 1000.000
757.812 -515.625 -562.500 281.250 -414.062 968.750 203.125 0.000 1093.750 242.188 328.125 953.125 -93.750 -210.938 984.375
812.500 -476.562 -570.312 265.625 -414.062 1000.000 257.812 -78.125 1085.938 289.062 335.938 976.562 -109.375 -250.000 992.188
765.625 -476.562 -585.938 343.750 -507.812 976.562 273.438 -85.938 1078.125 242.188 382.812 953.125 -46.875 -187.500 921.875
742.188 -406.250 -632.812 398.438 -539.062 929.688 328.125 -62.500 1054.688 164.062 414.062 945.312 164.062 -125.000 718.750
773.438 -257.812 -718.750 554.688 -265.625 757.812 335.938 39.062 1015.625 242.188 500.000 945.312 -203.125 -125.000 1070.312
695.312 -281.250 -718.750 585.938 -226.562 710.938 398.438 148.438 992.188 242.188 507.812 921.875 -140.625 -148.438 1000.000
757.812 -562.500 -734.375 656.250 -125.000 507.812 312.500 210.938 898.438 218.750 554.688 898.438 -195.312 -78.125 1039.062
773.438 -718.750 -757.812 789.062 -195.312 453.125 421.875 164.062 843.750 203.125 546.875 851.562 -242.188 -93.750 1054.688
906.250 -695.312 -859.375 710.938 -585.938 421.875 640.625 148.438 648.438 343.750 531.250 773.438 -171.875 -78.125 992.188
914.062 -648.438 -882.812 554.688 -570.312 484.375 609.375 109.375 664.062 320.312 531.250 734.375 -289.062 -85.938 984.375
921.875 -578.125 -953.125 476.562 -484.375 539.062 421.875 257.812 679.688 109.375 570.312 796.875 -265.625 -70.312 1031.250
968.750 -617.188 -1000.000 382.812 -445.312 578.125 484.375 234.375 664.062 140.625 585.938 750.000 -296.875 -46.875 1046.875
796.875 -1226.562 -921.875 328.125 -250.000 609.375 359.375 85.938 726.562 148.438 179.688 531.250 -78.125 187.500 671.875
750.000 -1421.875 -953.125 304.688 -257.812 492.188 375.000 62.500 460.938 -23.438 320.312 367.188 101.562 39.062 304.688
703.125 -1414.062 -757.812 265.625 -414.062 343.750 46.875 -203.125 367.188 648.438 421.875 351.562 -85.938 -210.938 679.688
523.438 -1398.438 -578.125 328.125 -617.188 328.125 500.000 54.688 609.375 187.500 640.625 921.875 -265.625 -460.938 1125.000
-234.375 1171.875 -148.438 593.750 -2546.875 1148.438 1390.625 -937.500 398.438 1023.438 960.938 445.312 -31.250 -757.812 1062.500
2679.688 593.750 -648.438 1539.062 -1070.312 554.688 1312.500 -890.625 750.000 1757.812 -148.438 429.688 1320.312 -343.750 570.312
234.375 210.938 -23.438 929.688 -742.188 382.812 953.125 -109.375 679.688 328.125 890.625 1070.312 -765.625 -773.438 1359.375
820.312 31.250 -39.062 859.375 -382.812 289.062 679.688 93.750 625.000 218.750 804.688 843.750 -523.438 -343.750 1140.625
882.812 -421.875 -171.875 312.500 -453.125 601.562 242.188 62.500 875.000 156.250 476.562 859.375 -398.438 -320.312 914.062
929.688 -335.938 -171.875 367.188 -625.000 687.500 312.500 -109.375 914.062 234.375 375.000 867.188 -281.250 -367.188 882.812
945.312 -296.875 -164.062 507.812 -617.188 609.375 414.062 -109.375 890.625 226.562 343.750 882.812 -312.500 -390.625 890.625
945.312 -242.188 -171.875 515.625 -562.500 593.750 414.062 -109.375 851.562 234.375 382.812 867.188 -296.875 -382.812 890.625
953.125 -70.312 -171.875 593.750 -539.062 492.188 453.125 -125.000 812.500 250.000 359.375 882.812 -367.188 -460.938 890.625
984.375 -70.312 -171.875 632.812 -593.750 476.562 476.562 -156.250 812.500 250.000 328.125 898.438 -335.938 -476.562 882.812
1031.250 -101.562 -210.938 585.938 -687.500 507.812 500.000 -203.125 851.562 132.812 203.125 851.562 -367.188 -531.250 835.938
984.375 -226.562 -171.875 562.500 -710.938 539.062 515.625 -257.812 843.750 234.375 257.812 906.250 -312.500 -515.625 851.562
1054.688 -359.375 -226.562 453.125 -726.562 578.125 281.250 -226.562 890.625 93.750 296.875 953.125 -484.375 -484.375 867.188
1000.000 -437.500 -210.938 476.562 -726.562 562.500 328.125 -218.750 882.812 203.125 226.562 937.500 -367.188 -523.438 828.125
875.000 -648.438 -125.000 531.250 -750.000 554.688 476.562 -281.250 843.750 320.312 218.750 929.688 -281.250 -585.938 882.812
875.000 -648.438 -101.562 578.125 -757.812 515.625 500.000 -281.250 820.312 328.125 234.375 953.125 -304.688 -609.375 890.625
679.688 -562.500 -93.750 601.562 -515.625 453.125 585.938 -132.812 765.625 429.688 296.875 875.000 -257.812 -476.562 1085.938
578.125 -359.375 -78.125 664.062 -476.562 445.312 460.938 -78.125 750.000 500.000 445.312 945.312 -156.250 -656.250 1312.500
453.125 62.500 -54.688 968.750 -578.125 359.375 742.188 -39.062 804.688 531.250 148.438 906.250 -218.750 -617.188 984.375
890.625 -39.062 -78.125 734.375 -578.125 468.750 671.875 -140.625 789.062 437.500 296.875 1000.000 -609.375 -976.562 1179.688
343.750 23.438 164.062 757.812 -578.125 492.188 507.812 -1062.500 539.062 -187.500 570.312 437.500 0.000 -820.312 593.750
-1078.125 -742.188 546.875 1148.438 -960.938 156.250 695.312 726.562 1195.312 312.500 -531.250 1289.062 -250.000 -531.250 796.875
132.812 -476.562 218.750 226.562 -484.375 796.875 617.188 -257.812 929.688 195.312 -429.688 765.625 -468.750 -921.875 515.625
500.000 -531.250 -406.250 242.188 -1085.938 1109.375 703.125 -437.500 914.062 804.688 -54.688 601.562 281.250 -484.375 1007.812
1601.562 -679.688 -1039.062 -46.875 -703.125 1171.875 195.312 -117.188 1085.938 429.688 296.875 898.438 273.438 -523.438 1000.000
1890.625 742.188 -1164.062 507.812 -164.062 820.312 570.312 179.688 976.562 523.438 328.125 937.500 398.438 -390.625 734.375
1851.562 1171.875 -984.375 890.625 -296.875 695.312 726.562 117.188 929.688 578.125 62.500 882.812 195.312 -718.750 703.125
1453.125 1140.625 -742.188 1007.812 -343.750 632.812 843.750 70.312 914.062 601.562 164.062 1000.000 164.062 -828.125 875.000
734.375 507.812 -257.812 976.562 -437.500 625.000 921.875 -15.625 859.375 875.000 -15.625 921.875 500.000 -671.875 632.812
789.062 -304.688 -281.250 523.438 -476.562 734.375 359.375 -23.438 929.688 179.688 23.438 953.125 671.875 -429.688 367.188
890.625 -328.125 -375.000 -70.312 -445.312 828.125 -39.062 0.000 976.562 539.062 -320.312 820.312 648.438 -796.875 -109.375
945.312 -367.188 -429.688 -148.438 -546.875 867.188 -117.188 0.000 976.562 390.625 -218.750 820.312 617.188 -445.312 70.312
992.188 -671.875 -492.188 -70.312 -523.438 843.750 54.688 -7.812 937.500 289.062 -195.312 851.562 515.625 -468.750 367.188
867.188 -492.188 -429.688 367.188 -429.688 703.125 320.312 0.000 867.188 664.062 -132.812 757.812 765.625 -414.062 304.688
914.062 -54.688 -523.438 507.812 -406.250 695.312 445.312 -23.438 882.812 578.125 -179.688 781.250 726.562 -515.625 351.562
1039.062 109.375 -570.312 578.125 -398.438 695.312 460.938 -31.250 859.375 609.375 -132.812 781.250 781.250 -429.688 312.500
1109.375 320.312 -593.750 687.500 -468.750 710.938 601.562 -93.750 867.188 750.000 -242.188 679.688 1000.000 -320.312 140.625
1015.625 31.250 -546.875 703.125 -523.438 703.125 609.375 -164.062 906.250 750.000 -304.688 710.938 945.312 -468.750 148.438
968.750 -117.188 -515.625 539.062 -523.438 742.188 515.625 -171.875 890.625 765.625 -304.688 671.875 1031.250 -367.188 62.500
898.438 -179.688 -484.375 492.188 -507.812 750.000 515.625 -156.250 890.625 757.812 -296.875 648.438 1039.062 -343.750 54.688
812.500 -203.125 -429.688 531.250 -492.188 718.750 507.812 -140.625 851.562 718.750 -265.625 671.875 945.312 -414.062 148.438
757.812 -140.625 -406.250 257.812 -421.875 757.812 312.500 -54.688 851.562 570.312 -195.312 726.562 843.750 -421.875 265.625
671.875 -218.750 -367.188 226.562 -398.438 773.438 257.812 -62.500 859.375 554.688 -218.750 695.312 882.812 -375.000 148.438
664.062 -289.062 -382.812 187.500 -445.312 828.125 257.812 -78.125 867.188 570.312 -242.188 671.875 906.250 -343.750 93.750
703.125 -507.812 -320.312 281.250 -617.188 882.812 421.875 -226.562 890.625 703.125 -437.500 570.312 1023.438 -351.562 -273.438
796.875 -734.375 -296.875 789.062 -632.812 421.875 1171.875 -421.875 992.188 835.938 -929.688 531.250 859.375 -703.125 -875.000
898.438 -500.000 -507.812 468.750 -890.625 750.000 851.562 -281.250 984.375 554.688 -789.062 531.250 531.250 -804.688 -820.312
1039.062 31.250 -226.562 1351.562 -406.250 351.562 671.875 -585.938 890.625 273.438 -757.812 703.125 460.938 -1023.438 -648.438
882.812 -609.375 -679.688 1132.812 -937.500 703.125 664.062 -164.062 921.875 609.375 203.125 804.688 -273.438 -867.188 296.875
929.688 695.312 -359.375 2523.438 335.938 -781.250 820.312 -320.312 867.188 445.312 -7.812 1257.812 -335.938 210.938 2593.750
460.938 570.312 -656.250 3570.312 -257.812 -421.875 1914.062 -93.750 414.062 1250.000 406.250 562.500 1000.000 -273.438 742.188
468.750 742.188 -859.375 -460.938 -1710.938 2125.000 1578.125 -835.938 835.938 1304.688 304.688 171.875 1164.062 289.062 523.438
2015.625 1203.125 -1617.188 -976.562 -414.062 382.812 -1554.688 945.312 695.312 -804.688 320.312 1101.562 -54.688 -203.125 757.812
-640.625 -1890.625 250.000 398.438 -320.312 179.688 -210.938 757.812 507.812 -289.062 671.875 937.500 -492.188 148.438 1484.375
140.625 -1765.625 164.062 578.125 15.625 539.062 367.188 85.938 828.125 484.375 101.562 828.125 421.875 -218.750 882.812
546.875 -492.188 -242.188 539.062 -148.438 726.562 414.062 117.188 859.375 593.750 132.812 796.875 617.188 -179.688 734.375
1257.812 101.562 -1164.062 632.812 -257.812 632.812 320.312 343.750 820.312 242.188 453.125 843.750 54.688 85.938 1093.750
1039.062 554.688 -968.750 890.625 -54.688 445.312 414.062 398.438 859.375 281.250 406.250 960.938 54.688 -62.500 1156.250
648.438 -31.250 -593.750 953.125 15.625 429.688 554.688 367.188 859.375 367.188 351.562 937.500 164.062 -117.188 1062.500
640.625 -265.625 -554.688 898.438 -31.250 468.750 445.312 414.062 820.312 320.312 359.375 953.125 101.562 -117.188 1078.125
796.875 -117.188 -570.312 718.750 -218.750 601.562 273.438 460.938 820.312 148.438 382.812 953.125 -31.250 -31.250 1109.375
859.375 -70.312 -703.125 656.250 -46.875 656.250 195.312 453.125 882.812 117.188 335.938 968.750 -15.625 -54.688 1093.750
718.750 -117.188 -617.188 796.875 -23.438 531.250 312.500 476.562 820.312 195.312 375.000 968.750 -15.625 -62.500 1109.375
648.438 -148.438 -570.312 828.125 -62.500 484.375 390.625 484.375 804.688 234.375 398.438 937.500 15.625 -54.688 1109.375
695.312 -101.562 -578.125 875.000 -156.250 429.688 484.375 429.688 726.562 250.000 437.500 867.188 46.875 7.812 1070.312
781.250 -125.000 -632.812 875.000 -320.312 406.250 585.938 359.375 664.062 257.812 460.938 804.688 78.125 0.000 1031.250
632.812 -445.312 -515.625 812.500 -250.000 460.938 500.000 367.188 718.750 289.062 390.625 812.500 132.812 0.000 976.562
640.625 -460.938 -484.375 773.438 -203.125 500.000 445.312 390.625 734.375 273.438 367.188 843.750 109.375 -39.062 984.375
679.688 -343.750 -546.875 718.750 -210.938 539.062 390.625 406.250 742.188 210.938 367.188 851.562 54.688 -15.625 1015.625
710.938 -273.438 -578.125 617.188 -234.375 656.250 171.875 390.625 851.562 -15.625 296.875 945.312 -226.562 -101.562 1046.875
789.062 -242.188 -632.812 750.000 -250.000 632.812 296.875 414.062 859.375 109.375 328.125 968.750 -101.562 -109.375 1062.500
750.000 -281.250 -632.812 781.250 -203.125 601.562 359.375 437.500 851.562 179.688 343.750 960.938 7.812 -101.562 1046.875
687.500 -351.562 -609.375 750.000 -132.812 625.000 382.812 445.312 867.188 312.500 328.125 937.500 203.125 -54.688 992.188
695.312 -398.438 -554.688 812.500 -140.625 609.375 390.625 414.062 867.188 273.438 296.875 929.688 125.000 -132.812 960.938
765.625 -304.688 -648.438 835.938 -218.750 593.750 367.188 406.250 890.625 226.562 289.062 945.312 109.375 -54.688 1007.812
781.250 -320.312 -664.062 828.125 -218.750 593.750 414.062 429.688 882.812 304.688 343.750 992.188 -70.312 -250.000 1007.812
750.000 -343.750 -632.812 781.250 -156.250 625.000 398.438 414.062 859.375 257.812 289.062 945.312 54.688 -117.188 968.750
742.188 -304.688 -625.000 812.500 -140.625 585.938 375.000 429.688 843.750 226.562 296.875 937.500 39.062 -109.375 1023.438
726.562 -187.500 -648.438 843.750 -140.625 554.688 382.812 453.125 835.938 226.562 328.125 937.500 46.875 -31.250 1046.875
718.750 -242.188 -640.625 835.938 -132.812 531.250 359.375 468.750 820.312 203.125 328.125 953.125 7.812 -70.312 1054.688
773.438 -164.062 -703.125 867.188 -101.562 500.000 367.188 492.188 820.312 234.375 320.312 945.312 62.500 -54.688 1039.062
851.562 85.938 -789.062 851.562 -109.375 523.438 359.375 523.438 835.938 234.375 343.750 953.125 15.625 -39.062 1046.875
898.438 289.062 -984.375 1179.688 -875.000 820.312 398.438 976.562 718.750 117.188 414.062 1062.500 -125.000 -39.062 1132.812
992.188 320.312 -1062.500 765.625 125.000 523.438 453.125 273.438 726.562 78.125 625.000 890.625 -109.375 7.812 1179.688
882.812 320.312 -1148.438 898.438 117.188 460.938 46.875 750.000 976.562 203.125 187.500 1007.812 -7.812 312.500 992.188
796.875 -31.250 -1070.312 953.125 7.812 328.125 375.000 671.875 828.125 70.312 390.625 1062.500 -171.875 -164.062 1093.750
921.875 0.000 -1273.438 921.875 -85.938 445.312 507.812 570.312 757.812 257.812 429.688 812.500 187.500 164.062 875.000
867.188 -125.000 -1328.125 906.250 -117.188 437.500 476.562 601.562 726.562 250.000 429.688 820.312 195.312 210.938 828.125
843.750 -359.375 -1273.438 867.188 -250.000 414.062 554.688 226.562 609.375 242.188 429.688 750.000 -54.688 -234.375 1070.312
335.938 -304.688 -867.188 531.250 -343.750 593.750 742.188 -23.438 609.375 445.312 414.062 671.875 328.125 -101.562 867.188
296.875 -250.000 -671.875 898.438 -398.438 390.625 828.125 85.938 867.188 734.375 195.312 695.312 445.312 -156.250 695.312
367.188 -437.500 -593.750 992.188 -117.188 351.562 265.625 257.812 1148.438 648.438 46.875 921.875 406.250 -359.375 734.375
453.125 -835.938 -750.000 835.938 -85.938 382.812 46.875 375.000 1070.312 375.000 203.125 1039.062 140.625 -343.750 898.438
812.500 -1093.750 -726.562 734.375 281.250 789.062 -250.000 -257.812 1554.688 -23.438 414.062 1015.625 -85.938 -140.625 875.000
765.625 -1351.562 -421.875 648.438 -1250.000 335.938 351.562 250.000 476.562 187.500 242.188 835.938 -570.312 -179.688 1078.125
570.312 -1289.062 -382.812 414.062 -1867.188 289.062 -132.812 1210.938 164.062 -78.125 515.625 945.312 -367.188 -414.062 1070.312
117.188 -1289.062 -46.875 953.125 -750.000 203.125 968.750 78.125 750.000 -468.750 781.250 828.125 -406.250 257.812 1257.812
281.250 -1015.625 31.250 984.375 -578.125 218.750 1406.250 101.562 804.688 -218.750 1078.125 632.812 -468.750 195.312 1226.562
570.312 -804.688 -78.125 734.375 -375.000 414.062 867.188 289.062 406.250 429.688 1070.312 484.375 -367.188 164.062 1109.375
406.250 -828.125 78.125 898.438 -101.562 414.062 640.625 132.812 -85.938 -343.750 765.625 -601.562 -312.500 171.875 1062.500
445.312 -781.250 7.812 804.688 -437.500 367.188 695.312 195.312 492.188 390.625 984.375 226.562 -156.250 507.812 1062.500
804.688 -781.250 -93.750 812.500 -500.000 390.625 835.938 148.438 492.188 437.500 914.062 320.312 -187.500 250.000 1000.000
679.688 -562.500 -46.875 882.812 -515.625 250.000 929.688 78.125 367.188 539.062 835.938 281.250 -46.875 210.938 960.938
750.000 -546.875 -70.312 937.500 -500.000 171.875 968.750 54.688 320.312 546.875 804.688 265.625 -7.812 156.250 921.875
765.625 -453.125 -23.438 945.312 -515.625 109.375 984.375 15.625 296.875 554.688 765.625 289.062 0.000 140.625 929.688
812.500 -453.125 -31.250 867.188 -554.688 164.062 890.625 7.812 406.250 460.938 757.812 367.188 -54.688 125.000 953.125
898.438 -609.375 -78.125 726.562 -593.750 304.688 789.062 -7.812 539.062 398.438 781.250 398.438 -93.750 156.250 1007.812
875.000 -664.062 -70.312 750.000 -617.188 304.688 812.500 -31.250 515.625 421.875 773.438 406.250 -70.312 148.438 1000.000
875.000 -679.688 -54.688 773.438 -625.000 257.812 835.938 -46.875 500.000 429.688 765.625 406.250 -85.938 93.750 1000.000
898.438 -585.938 -46.875 781.250 -617.188 234.375 796.875 -46.875 578.125 382.812 804.688 476.562 -171.875 85.938 1046.875
914.062 -601.562 -78.125 781.250 -640.625 242.188 796.875 -54.688 593.750 375.000 804.688 507.812 -210.938 70.312 1062.500
937.500 -656.250 -140.625 796.875 -726.562 257.812 835.938 -132.812 554.688 476.562 789.062 507.812 -101.562 62.500 1062.500
726.562 -359.375 -31.250 812.500 -625.000 234.375 781.250 -15.625 695.312 460.938 867.188 460.938 46.875 0.000 1109.375
507.812 -234.375 679.688 890.625 -304.688 304.688 601.562 601.562 812.500 -2312.500 250.000 1664.062 -921.875 -2218.750 2132.812
367.188 -281.250 -117.188 570.312 -734.375 148.438 562.500 -187.500 1125.000 953.125 1203.125 531.250 804.688 1382.812 953.125
625.000 460.938 218.750 523.438 406.250 359.375 -1421.875 1023.438 890.625 -343.750 1414.062 1265.625 -335.938 1453.125 992.188
390.625 -31.250 203.125 1046.875 -265.625 523.438 367.188 460.938 -265.625 757.812 1140.625 -85.938 -703.125 -750.000 2218.750
1039.062 -718.750 -367.188 750.000 -523.438 414.062 1828.125 -7.812 -921.875 851.562 312.500 -15.625 -351.562 265.625 1757.812
1148.438 -1203.125 -687.500 570.312 -664.062 335.938 1734.375 -265.625 -796.875 1187.500 148.438 -507.812 250.000 93.750 1109.375
1226.562 -1296.875 -687.500 1695.312 -679.688 -390.625 2007.812 -101.562 -617.188 1093.750 421.875 -125.000 62.500 437.500 773.438
1054.688 -500.000 -460.938 656.250 -390.625 7.812 1492.188 -203.125 -546.875 1335.938 375.000 -15.625 289.062 453.125 937.500
953.125 -375.000 -320.312 812.500 -390.625 109.375 1250.000 109.375 -54.688 125.000 195.312 -62.500 195.312 -156.250 601.562
898.438 -421.875 -304.688 937.500 -78.125 234.375 929.688 -265.625 -148.438 507.812 -578.125 -171.875 421.875 203.125 656.250
1007.812 -539.062 -218.750 1437.500 -125.000 -54.688 882.812 39.062 15.625 523.438 210.938 179.688 320.312 -242.188 664.062
921.875 -351.562 0.000 1429.688 414.062 375.000 1851.562 -203.125 421.875 0.000 632.812 250.000 -39.062 -93.750 945.312
890.625 179.688 -148.438 1179.688 -195.312 -15.625 757.812 78.125 -132.812 851.562 234.375 -101.562 351.562 85.938 1015.625
960.938 -148.438 -171.875 1015.625 54.688 46.875 1179.688 101.562 -39.062 718.750 460.938 31.250 218.750 148.438 906.250
968.750 -382.812 -195.312 812.500 -375.000 281.250 867.188 -15.625 179.688 742.188 484.375 117.188 148.438 179.688 1015.625
820.312 -695.312 -179.688 867.188 -382.812 195.312 890.625 101.562 31.250 835.938 562.500 62.500 203.125 117.188 1000.000
640.625 -554.688 -31.250 851.562 -148.438 132.812 671.875 203.125 46.875 804.688 523.438 0.000 320.312 187.500 1046.875
593.750 -406.250 23.438 851.562 -117.188 117.188 812.500 218.750 23.438 867.188 625.000 -15.625 250.000 234.375 1117.188
648.438 -171.875 -54.688 968.750 -15.625 31.250 882.812 312.500 -78.125 835.938 664.062 -31.250 171.875 179.688 1156.250
812.500 -187.500 -195.312 1000.000 -132.812 7.812 828.125 320.312 -125.000 789.062 617.188 -46.875 179.688 164.062 1109.375
984.375 -273.438 -335.938 1773.438 -23.438 218.750 781.250 148.438 -132.812 835.938 445.312 -85.938 226.562 132.812 1054.688
1085.938 -250.000 -398.438 742.188 -187.500 54.688 984.375 164.062 -195.312 804.688 429.688 -101.562 242.188 78.125 984.375
1406.250 -265.625 -617.188 796.875 -351.562 23.438 921.875 -46.875 -109.375 625.000 -39.062 171.875 390.625 54.688 859.375
1343.750 -375.000 -593.750 1007.812 -562.500 101.562 1140.625 -296.875 -273.438 1203.125 -31.250 -23.438 601.562 -78.125 609.375
1234.375 -429.688 -609.375 976.562 -578.125 179.688 1015.625 -304.688 -226.562 921.875 7.812 46.875 695.312 -171.875 570.312
1250.000 -664.062 -500.000 921.875 -656.250 148.438 1164.062 -242.188 -257.812 1007.812 70.312 62.500 632.812 -218.750 632.812
585.938 -500.000 -7.812 937.500 -609.375 187.500 1187.500 -195.312 -304.688 1171.875 140.625 -15.625 460.938 -109.375 890.625
523.438 -562.500 7.812 578.125 -171.875 304.688 968.750 -62.500 -148.438 1054.688 265.625 -62.500 500.000 23.438 882.812
757.812 -390.625 -132.812 859.375 -132.812 218.750 1085.938 210.938 -179.688 992.188 500.000 -62.500 375.000 70.312 976.562
882.812 -234.375 -242.188 859.375 -23.438 195.312 1023.438 265.625 -210.938 1000.000 523.438 -85.938 359.375 85.938 1007.812
812.500 0.000 -156.250 757.812 -171.875 203.125 984.375 54.688 -93.750 914.062 460.938 54.688 375.000 148.438 1023.438
812.500 -343.750 -148.438 984.375 -460.938 171.875 1039.062 62.500 -78.125 851.562 468.750 109.375 335.938 -93.750 976.562
812.500 -796.875 -70.312 1093.750 -671.875 203.125 1234.375 -39.062 -78.125 921.875 398.438 125.000 351.562 109.375 984.375
687.500 -921.875 -31.250 1101.562 -710.938 210.938 1195.312 -54.688 -101.562 945.312 390.625 132.812 398.438 343.750 953.125
609.375 -1046.875 31.250 820.312 -703.125 375.000 968.750 -375.000 -62.500 921.875 93.750 0.000 578.125 171.875 773.438
882.812 -515.625 -15.625 968.750 -523.438 328.125 968.750 -164.062 101.562 1023.438 515.625 117.188 570.312 140.625 726.562
812.500 -585.938 0.000 835.938 -476.562 375.000 914.062 -140.625 156.250 828.125 554.688 304.688 468.750 85.938 851.562
843.750 -609.375 -54.688 820.312 -414.062 390.625 945.312 -93.750 179.688 546.875 429.688 250.000 382.812 93.750 937.500
828.125 -648.438 7.812 875.000 -343.750 406.250 945.312 -70.312 210.938 835.938 593.750 218.750 359.375 226.562 1062.500
781.250 -742.188 15.625 843.750 -320.312 453.125 953.125 -93.750 187.500 757.812 539.062 171.875 367.188 234.375 1007.812
765.625 -710.938 15.625 945.312 -320.312 351.562 1031.250 7.812 101.562 812.500 625.000 132.812 414.062 210.938 945.312
742.188 -687.500 15.625 945.312 -296.875 312.500 1031.250 -7.812 54.688 796.875 570.312 125.000 414.062 234.375 929.688
789.062 -664.062 46.875 906.250 -312.500 367.188 1015.625 -54.688 62.500 828.125 531.250 78.125 437.500 203.125 875.000
734.375 -765.625 62.500 898.438 -281.250 382.812 1023.438 -46.875 78.125 804.688 539.062 54.688 453.125 273.438 859.375
703.125 -757.812 46.875 890.625 -289.062 359.375 1054.688 -7.812 7.812 843.750 554.688 7.812 468.750 289.062 859.375
742.188 -710.938 54.688 882.812 -289.062 351.562 1062.500 0.000 -7.812 835.938 546.875 -23.438 468.750 312.500 867.188
726.562 -601.562 78.125 843.750 -234.375 367.188 914.062 -62.500 93.750 789.062 492.188 15.625 484.375 312.500 851.562
789.062 -687.500 85.938 898.438 -203.125 351.562 945.312 7.812 171.875 734.375 648.438 203.125 445.312 218.750 867.188
812.500 -625.000 46.875 898.438 -234.375 375.000 1000.000 -23.438 117.188 812.500 562.500 62.500 429.688 242.188 945.312
804.688 -640.625 70.312 890.625 -195.312 312.500 937.500 -7.812 93.750 781.250 554.688 62.500 429.688 265.625 953.125
726.562 -570.312 78.125 890.625 -132.812 265.625 968.750 39.062 31.250 796.875 593.750 62.500 468.750 210.938 898.438
773.438 -445.312 46.875 945.312 -171.875 203.125 1000.000 0.000 -31.250 820.312 515.625 23.438 492.188 242.188 867.188
734.375 -468.750 62.500 929.688 -234.375 210.938 984.375 -54.688 -31.250 835.938 476.562 46.875 492.188 156.250 812.500
726.562 -500.000 78.125 921.875 -257.812 218.750 976.562 -85.938 -15.625 812.500 460.938 54.688 492.188 148.438 789.062
750.000 -562.500 62.500 953.125 -289.062 210.938 1007.812 -93.750 -39.062 843.750 445.312 62.500 515.625 156.250 781.250
750.000 -539.062 70.312 937.500 -281.250 195.312 984.375 -101.562 -39.062 835.938 414.062 46.875 531.250 132.812 781.250
718.750 -500.000 62.500 945.312 -289.062 187.500 984.375 -117.188 -39.062 851.562 421.875 85.938 515.625 109.375 789.062
710.938 -500.000 62.500 937.500 -289.062 187.500 945.312 -132.812 -15.625 828.125 406.250 101.562 515.625 117.188 796.875
703.125 -523.438 62.500 906.250 -328.125 265.625 937.500 -203.125 54.688 828.125 375.000 148.438 523.438 46.875 796.875
742.188 -640.625 39.062 906.250 -367.188 312.500 1007.812 -187.500 85.938 843.750 437.500 164.062 515.625 101.562 828.125
750.000 -671.875 31.250 906.250 -359.375 320.312 1031.250 -156.250 93.750 859.375 460.938 164.062 507.812 93.750 859.375
750.000 -656.250 31.250 882.812 -343.750 335.938 1015.625 -156.250 109.375 859.375 484.375 171.875 492.188 93.750 882.812
765.625 -632.812 0.000 851.562 -335.938 382.812 1023.438 -109.375 148.438 851.562 531.250 195.312 460.938 109.375 921.875
742.188 -546.875 -85.938 789.062 -531.250 453.125 953.125 62.500 203.125 843.750 625.000 85.938 460.938 101.562 945.312
710.938 -648.438 -101.562 843.750 -367.188 406.250 1000.000 -46.875 179.688 867.188 609.375 179.688 445.312 203.125 968.750
695.312 -710.938 -117.188 828.125 -335.938 390.625 1039.062 -39.062 164.062 851.562 609.375 226.562 445.312 210.938 984.375
648.438 -750.000 -140.625 2421.875 -750.000 -15.625 882.812 -562.500 328.125 937.500 648.438 85.938 390.625 132.812 968.750
617.188 -773.438 -187.500 703.125 -390.625 367.188 1132.812 0.000 93.750 851.562 570.312 109.375 421.875 156.250 960.938
640.625 -796.875 -218.750 773.438 -429.688 382.812 1046.875 -15.625 101.562 851.562 554.688 93.750 429.688 179.688 937.500
656.250 -812.500 -234.375 757.812 -445.312 382.812 1031.250 -15.625 101.562 812.500 539.062 101.562 437.500 156.250 906.250
664.062 -773.438 -257.812 773.438 -453.125 382.812 984.375 -7.812 140.625 804.688 531.250 109.375 445.312 125.000 859.375
687.500 -757.812 -281.250 750.000 -484.375 390.625 906.250 -23.438 187.500 757.812 468.750 132.812 460.938 109.375 804.688
679.688 -734.375 -265.625 734.375 -453.125 414.062 820.312 -78.125 265.625 765.625 429.688 140.625 468.750 78.125 781.250
687.500 -734.375 -257.812 742.188 -406.250 406.250 757.812 -62.500 328.125 734.375 414.062 179.688 460.938 70.312 765.625
695.312 -679.688 -250.000 703.125 -390.625 460.938 734.375 -54.688 429.688 695.312 453.125 250.000 445.312 93.750 765.625
687.500 -578.125 -273.438 625.000 -460.938 546.875 773.438 -7.812 492.188 664.062 585.938 328.125 359.375 109.375 867.188
703.125 -562.500 -281.250 578.125 -484.375 593.750 750.000 -15.625 546.875 664.062 609.375 367.188 312.500 85.938 937.500
695.312 -570.312 -273.438 546.875 -460.938 640.625 734.375 -31.250 585.938 648.438 625.000 390.625 281.250 70.312 953.125
671.875 -585.938 -257.812 492.188 -468.750 695.312 726.562 -39.062 617.188 625.000 640.625 406.250 234.375 85.938 1000.000
640.625 -648.438 -257.812 492.188 -492.188 710.938 750.000 -54.688 640.625 640.625 664.062 421.875 218.750 85.938 1039.062
593.750 -781.250 -257.812 507.812 -492.188 703.125 750.000 -54.688 640.625 640.625 640.625 429.688 203.125 78.125 1039.062
578.125 -828.125 -250.000 523.438 -484.375 687.500 750.000 -46.875 648.438 640.625 640.625 437.500 203.125 70.312 1023.438
554.688 -890.625 -242.188 531.250 -492.188 679.688 757.812 -23.438 656.250 632.812 640.625 453.125 195.312 78.125 1023.438
539.062 -906.250 -242.188 523.438 -507.812 679.688 742.188 -31.250 656.250 625.000 640.625 453.125 203.125 78.125 1023.438
523.438 -945.312 -242.188 492.188 -500.000 718.750 710.938 -23.438 710.938 593.750 640.625 476.562 203.125 78.125 1007.812
523.438 -937.500 -250.000 492.188 -500.000 734.375 703.125 -31.250 710.938 601.562 640.625 484.375 187.500 78.125 1000.000
515.625 -929.688 -250.000 460.938 -492.188 757.812 671.875 -23.438 742.188 578.125 656.250 500.000 195.312 85.938 1000.000
500.000 -921.875 -242.188 437.500 -468.750 781.250 656.250 7.812 789.062 554.688 695.312 523.438 171.875 109.375 1023.438
500.000 -906.250 -257.812 421.875 -460.938 796.875 656.250 7.812 781.250 546.875 710.938 515.625 140.625 109.375 1046.875
500.000 -898.438 -257.812 414.062 -460.938 804.688 656.250 23.438 773.438 539.062 718.750 515.625 125.000 117.188 1062.500
484.375 -890.625 -242.188 414.062 -445.312 804.688 664.062 31.250 757.812 539.062 726.562 500.000 117.188 117.188 1062.500
484.375 -882.812 -226.562 421.875 -437.500 796.875 656.250 31.250 750.000 531.250 726.562 500.000 109.375 117.188 1070.312
460.938 -882.812 -195.312 437.500 -398.438 773.438 664.062 93.750 750.000 507.812 750.000 500.000 109.375 132.812 1039.062
460.938 -859.375 -195.312 437.500 -382.812 773.438 648.438 85.938 742.188 507.812 734.375 476.562 109.375 148.438 1031.250
429.688 -828.125 -148.438 429.688 -335.938 773.438 640.625 117.188 734.375 507.812 757.812 437.500 132.812 195.312 1023.438
445.312 -804.688 -156.250 421.875 -312.500 773.438 632.812 140.625 742.188 515.625 765.625 437.500 125.000 218.750 1031.250
445.312 -804.688 -140.625 437.500 -257.812 765.625 625.000 164.062 703.125 500.000 765.625 367.188 148.438 250.000 992.188
437.500 -765.625 -109.375 437.500 -250.000 773.438 625.000 171.875 687.500 507.812 757.812 343.750 156.250 265.625 960.938
390.625 -781.250 -109.375 421.875 -242.188 757.812 617.188 171.875 671.875 515.625 742.188 312.500 195.312 281.250 929.688
375.000 -796.875 -109.375 421.875 -242.188 750.000 632.812 164.062 671.875 546.875 718.750 296.875 218.750 289.062 906.250
