140.625 -921.875 -359.375 62.500 -398.438 867.188 -23.438 125.000 960.938 -117.188 570.312 789.062 -539.062 -164.062 820.312
148.438 -921.875 -359.375 78.125 -406.250 867.188 -23.438 125.000 953.125 -117.188 554.688 781.250 -539.062 -156.250 812.500
140.625 -921.875 -351.562 70.312 -406.250 859.375 -15.625 109.375 953.125 -117.188 554.688 789.062 -531.250 -164.062 804.688
148.438 -921.875 -367.188 78.125 -414.062 859.375 -23.438 101.562 953.125 -117.188 546.875 789.062 -539.062 -171.875 812.500
140.625 -914.062 -375.000 62.500 -437.500 859.375 -31.250 85.938 953.125 -125.000 531.250 796.875 -539.062 -179.688 796.875
140.625 -914.062 -375.000 62.500 -437.500 859.375 -31.250 85.938 953.125 -125.000 531.250 796.875 -539.062 -179.688 796.875
140.625 -921.875 -390.625 70.312 -445.312 851.562 -31.250 70.312 960.938 -117.188 523.438 804.688 -546.875 -203.125 804.688
140.625 -914.062 -398.438 62.500 -445.312 851.562 -39.062 70.312 968.750 -140.625 523.438 812.500 -562.500 -210.938 789.062
140.625 -914.062 -398.438 54.688 -429.688 851.562 -62.500 85.938 976.562 -164.062 531.250 835.938 -601.562 -210.938 796.875
140.625 -914.062 -398.438 54.688 -429.688 851.562 -62.500 85.938 976.562 -164.062 531.250 835.938 -601.562 -210.938 796.875
140.625 -890.625 -398.438 54.688 -414.062 859.375 -85.938 109.375 984.375 -210.938 554.688 843.750 -640.625 -187.500 812.500
132.812 -867.188 -382.812 15.625 -359.375 890.625 -125.000 171.875 1000.000 -273.438 593.750 851.562 -703.125 -156.250 835.938
125.000 -890.625 -390.625 -31.250 -335.938 929.688 -171.875 210.938 1031.250 -304.688 625.000 859.375 -750.000 -140.625 843.750
140.625 -921.875 -382.812 -62.500 -335.938 976.562 -210.938 234.375 1062.500 -343.750 648.438 875.000 -757.812 -125.000 843.750
140.625 -953.125 -375.000 -78.125 -335.938 1000.000 -226.562 242.188 1070.312 -351.562 656.250 882.812 -765.625 -117.188 859.375
109.375 -992.188 -367.188 -109.375 -328.125 1031.250 -234.375 250.000 1078.125 -367.188 687.500 875.000 -781.250 -101.562 875.000
70.312 -1015.625 -343.750 -132.812 -304.688 1062.500 -242.188 289.062 1101.562 -367.188 710.938 851.562 -765.625 -46.875 890.625
54.688 -1054.688 -335.938 -148.438 -296.875 1078.125 -242.188 304.688 1093.750 -375.000 734.375 835.938 -781.250 -15.625 898.438
70.312 -1007.812 -359.375 -195.312 -367.188 1164.062 -312.500 289.062 1171.875 -390.625 742.188 875.000 -781.250 -15.625 898.438
70.312 -1007.812 -359.375 -195.312 -367.188 1164.062 -312.500 289.062 1171.875 -390.625 742.188 875.000 -781.250 -15.625 898.438
70.312 -1007.812 -359.375 -195.312 -367.188 1164.062 -312.500 289.062 1171.875 -390.625 742.188 875.000 -781.250 -15.625 898.438
109.375 -1187.500 -375.000 -250.000 -296.875 1234.375 -367.188 351.562 1226.562 -445.312 796.875 890.625 -820.312 39.062 945.312
101.562 -1085.938 -429.688 -218.750 -234.375 1195.312 -328.125 414.062 1179.688 -437.500 859.375 867.188 -859.375 78.125 984.375
140.625 -1085.938 -539.062 -187.500 -195.312 1164.062 -296.875 460.938 1140.625 -398.438 890.625 796.875 -796.875 132.812 1000.000
140.625 -1085.938 -539.062 -187.500 -195.312 1164.062 -296.875 460.938 1140.625 -398.438 890.625 796.875 -796.875 132.812 1000.000
289.062 -1062.500 -687.500 -218.750 -117.188 1195.312 -281.250 585.938 1125.000 -406.250 1015.625 750.000 -828.125 265.625 1078.125
320.312 -1078.125 -781.250 -304.688 -78.125 1218.750 -320.312 625.000 1125.000 -445.312 1054.688 765.625 -890.625 289.062 1164.062
593.750 -1296.875 -1039.062 -539.062 -31.250 1320.312 -531.250 664.062 1171.875 -648.438 1109.375 843.750 -1117.188 312.500 1164.062
593.750 -1296.875 -1039.062 -539.062 -31.250 1320.312 -531.250 664.062 1171.875 -648.438 1109.375 843.750 -1117.188 312.500 1164.062
656.250 -1601.562 -1125.000 -453.125 -132.812 1054.688 -640.625 531.250 1078.125 -843.750 914.062 929.688 -1273.438 109.375 1000.000
601.562 -1726.562 -1156.250 -382.812 -85.938 976.562 -632.812 476.562 1015.625 -875.000 796.875 968.750 -1359.375 70.312 945.312
375.000 -1859.375 -1210.938 -312.500 -85.938 640.625 -507.812 429.688 695.312 -843.750 640.625 757.812 -1226.562 140.625 757.812
281.250 -1945.312 -1195.312 -242.188 15.625 515.625 -367.188 445.312 593.750 -750.000 570.312 656.250 -1031.250 210.938 640.625
-132.812 -2289.062 -945.312 -156.250 -390.625 -54.688 -281.250 -15.625 -117.188 -242.188 31.250 117.188 -187.500 125.000 -234.375
-289.062 -2171.875 -570.312 -218.750 -398.438 -226.562 -734.375 -445.312 0.000 -7.812 234.375 39.062 -85.938 -226.562 -554.688
-4000.000 -648.438 664.062 -1140.625 -2125.000 2507.812 -929.688 -1835.938 2523.438 156.250 -734.375 1781.250 -148.438 -1257.812 812.500
484.375 804.688 23.438 1664.062 -1593.750 -7.812 1375.000 -906.250 367.188 1132.812 117.188 664.062 328.125 -1054.688 632.812
484.375 804.688 23.438 1664.062 -1593.750 -7.812 1375.000 -906.250 367.188 1132.812 117.188 664.062 328.125 -1054.688 632.812
484.375 804.688 23.438 1664.062 -1593.750 -7.812 1375.000 -906.250 367.188 1132.812 117.188 664.062 328.125 -1054.688 632.812
585.938 515.625 15.625 1085.938 -460.938 -7.812 875.000 -265.625 429.688 507.812 335.938 625.000 -46.875 -640.625 664.062
664.062 390.625 -15.625 796.875 -390.625 93.750 687.500 -226.562 445.312 515.625 312.500 562.500 39.062 -539.062 679.688
773.438 46.875 -117.188 484.375 -640.625 250.000 421.875 -382.812 593.750 476.562 140.625 687.500 15.625 -648.438 570.312
773.438 46.875 -117.188 484.375 -640.625 250.000 421.875 -382.812 593.750 476.562 140.625 687.500 15.625 -648.438 570.312
789.062 226.562 -109.375 695.312 -703.125 187.500 578.125 -468.750 562.500 554.688 70.312 726.562 54.688 -726.562 523.438
804.688 320.312 -117.188 742.188 -710.938 156.250 617.188 -507.812 570.312 585.938 70.312 734.375 62.500 -765.625 531.250
789.062 320.312 -85.938 859.375 -765.625 140.625 757.812 -578.125 562.500 718.750 46.875 757.812 164.062 -828.125 539.062
789.062 320.312 -85.938 859.375 -765.625 140.625 757.812 -578.125 562.500 718.750 46.875 757.812 164.062 -828.125 539.062
859.375 187.500 -125.000 757.812 -828.125 234.375 648.438 -570.312 656.250 632.812 78.125 804.688 78.125 -812.500 578.125
867.188 93.750 -140.625 656.250 -835.938 281.250 554.688 -546.875 679.688 570.312 109.375 820.312 23.438 -773.438 601.562
960.938 -265.625 -171.875 468.750 -796.875 421.875 328.125 -445.312 781.250 304.688 234.375 882.812 -250.000 -710.938 648.438
976.562 -335.938 -218.750 390.625 -671.875 500.000 265.625 -304.688 843.750 226.562 367.188 890.625 -335.938 -640.625 765.625
976.562 -335.938 -218.750 390.625 -671.875 500.000 265.625 -304.688 843.750 226.562 367.188 890.625 -335.938 -640.625 765.625
1039.062 -265.625 -304.688 437.500 -640.625 625.000 250.000 -218.750 968.750 195.312 476.562 953.125 -437.500 -625.000 859.375
1039.062 -265.625 -304.688 437.500 -640.625 625.000 250.000 -218.750 968.750 195.312 476.562 953.125 -437.500 -625.000 859.375
1000.000 -312.500 -273.438 453.125 -648.438 625.000 257.812 -203.125 976.562 218.750 507.812 960.938 -421.875 -617.188 890.625
1000.000 -312.500 -273.438 453.125 -648.438 625.000 257.812 -203.125 976.562 218.750 507.812 960.938 -421.875 -617.188 890.625
-617.188 -1257.812 703.125 1164.062 -1210.938 664.062 117.188 -375.000 882.812 562.500 656.250 906.250 -265.625 -796.875 820.312
-617.188 -1257.812 703.125 1164.062 -1210.938 664.062 117.188 -375.000 882.812 562.500 656.250 906.250 -265.625 -796.875 820.312
-617.188 -1257.812 703.125 1164.062 -1210.938 664.062 117.188 -375.000 882.812 562.500 656.250 906.250 -265.625 -796.875 820.312
-617.188 -1257.812 703.125 1164.062 -1210.938 664.062 117.188 -375.000 882.812 562.500 656.250 906.250 -265.625 -796.875 820.312
-617.188 -1257.812 703.125 1164.062 -1210.938 664.062 117.188 -375.000 882.812 562.500 656.250 906.250 -265.625 -796.875 820.312
93.750 -1710.938 -375.000 468.750 -554.688 742.188 718.750 -250.000 867.188 625.000 437.500 781.250 15.625 -531.250 1031.250
632.812 -1750.000 -984.375 281.250 -257.812 726.562 429.688 -78.125 820.312 687.500 539.062 601.562 140.625 -390.625 812.500
632.812 -1750.000 -984.375 281.250 -257.812 726.562 429.688 -78.125 820.312 687.500 539.062 601.562 140.625 -390.625 812.500
1820.312 -226.562 -1937.500 -226.562 140.625 835.938 148.438 23.438 976.562 453.125 531.250 562.500 125.000 -70.312 929.688
2382.812 1546.875 -1835.938 31.250 -382.812 1125.000 -23.438 15.625 1156.250 250.000 500.000 812.500 -164.062 -210.938 945.312
1812.500 734.375 -1164.062 1039.062 -382.812 562.500 875.000 -7.812 804.688 695.312 617.188 734.375 70.312 -500.000 1054.688
687.500 109.375 -507.812 929.688 -429.688 562.500 835.938 -226.562 828.125 859.375 367.188 703.125 281.250 -554.688 882.812
375.000 -117.188 -296.875 640.625 -664.062 640.625 632.812 -265.625 859.375 734.375 328.125 750.000 164.062 -578.125 875.000
492.188 -85.938 -148.438 351.562 -554.688 648.438 187.500 -375.000 914.062 406.250 187.500 859.375 -70.312 -601.562 765.625
859.375 -140.625 -289.062 265.625 -625.000 625.000 203.125 -351.562 859.375 414.062 171.875 835.938 -70.312 -585.938 734.375
468.750 62.500 -125.000 382.812 -703.125 664.062 273.438 -414.062 867.188 445.312 156.250 867.188 -85.938 -687.500 718.750
812.500 390.625 -320.312 492.188 -562.500 570.312 320.312 -281.250 820.312 390.625 304.688 828.125 -156.250 -601.562 796.875
812.500 390.625 -320.312 492.188 -562.500 570.312 320.312 -281.250 820.312 390.625 304.688 828.125 -156.250 -601.562 796.875
804.688 171.875 -328.125 531.250 -523.438 578.125 328.125 -257.812 843.750 390.625 328.125 851.562 -171.875 -609.375 828.125
906.250 -31.250 -328.125 460.938 -593.750 632.812 296.875 -304.688 867.188 406.250 296.875 859.375 -140.625 -617.188 804.688
906.250 -31.250 -328.125 460.938 -593.750 632.812 296.875 -304.688 867.188 406.250 296.875 859.375 -140.625 -617.188 804.688
906.250 -101.562 -320.312 398.438 -625.000 671.875 234.375 -312.500 890.625 382.812 281.250 867.188 -164.062 -609.375 796.875
937.500 -117.188 -328.125 382.812 -640.625 695.312 226.562 -328.125 914.062 382.812 281.250 890.625 -164.062 -617.188 804.688
968.750 -78.125 -359.375 414.062 -632.812 703.125 250.000 -320.312 929.688 390.625 296.875 890.625 -171.875 -625.000 828.125
914.062 -78.125 -328.125 390.625 -578.125 703.125 250.000 -265.625 914.062 375.000 351.562 890.625 -195.312 -593.750 843.750
914.062 -78.125 -328.125 390.625 -578.125 703.125 250.000 -265.625 914.062 375.000 351.562 890.625 -195.312 -593.750 843.750
914.062 -78.125 -328.125 390.625 -578.125 703.125 250.000 -265.625 914.062 375.000 351.562 890.625 -195.312 -593.750 843.750
945.312 -85.938 -335.938 375.000 -593.750 710.938 226.562 -281.250 929.688 367.188 328.125 898.438 -203.125 -585.938 843.750
945.312 -93.750 -328.125 335.938 -570.312 718.750 195.312 -257.812 929.688 343.750 343.750 882.812 -195.312 -570.312 843.750
882.812 -85.938 -320.312 289.062 -523.438 734.375 171.875 -203.125 929.688 304.688 375.000 875.000 -234.375 -539.062 875.000
882.812 -85.938 -320.312 289.062 -523.438 734.375 171.875 -203.125 929.688 304.688 375.000 875.000 -234.375 -539.062 875.000
906.250 -39.062 -343.750 343.750 -515.625 726.562 203.125 -226.562 945.312 335.938 367.188 882.812 -234.375 -562.500 867.188
906.250 -31.250 -351.562 320.312 -531.250 734.375 179.688 -218.750 968.750 304.688 367.188 898.438 -242.188 -562.500 882.812
921.875 -46.875 -382.812 273.438 -554.688 765.625 132.812 -234.375 976.562 289.062 359.375 906.250 -265.625 -554.688 882.812
921.875 -46.875 -382.812 273.438 -554.688 765.625 132.812 -234.375 976.562 289.062 359.375 906.250 -265.625 -554.688 882.812
960.938 -54.688 -414.062 179.688 -679.688 921.875 54.688 -320.312 1078.125 296.875 273.438 953.125 -273.438 -578.125 835.938
1093.750 -70.312 -445.312 343.750 -687.500 859.375 117.188 -367.188 1085.938 359.375 148.438 921.875 -54.688 -578.125 773.438
1179.688 85.938 -500.000 640.625 -890.625 765.625 0.000 -414.062 1101.562 734.375 242.188 773.438 156.250 -710.938 695.312
734.375 -265.625 -953.125 671.875 562.500 359.375 1742.188 -1046.875 921.875 773.438 281.250 789.062 445.312 -882.812 742.188
734.375 -265.625 -953.125 671.875 562.500 359.375 1742.188 -1046.875 921.875 773.438 281.250 789.062 445.312 -882.812 742.188
1437.500 250.000 -1031.250 648.438 210.938 468.750 1195.312 -843.750 882.812 1218.750 78.125 921.875 226.562 -757.812 679.688
2070.312 1335.938 -1320.312 382.812 31.250 -531.250 539.062 -265.625 187.500 453.125 328.125 671.875 78.125 -585.938 851.562
890.625 -421.875 -710.938 1492.188 -835.938 -625.000 1148.438 476.562 -78.125 281.250 1062.500 562.500 210.938 -437.500 687.500
468.750 -929.688 -234.375 921.875 -500.000 -281.250 1023.438 15.625 54.688 851.562 312.500 46.875 132.812 -156.250 875.000
468.750 -929.688 -234.375 921.875 -500.000 -281.250 1023.438 15.625 54.688 851.562 312.500 46.875 132.812 -156.250 875.000
734.375 -242.188 -226.562 773.438 -507.812 70.312 1085.938 -70.312 15.625 664.062 757.812 203.125 343.750 -109.375 921.875
1039.062 70.312 -273.438 968.750 -500.000 -15.625 1023.438 54.688 109.375 648.438 718.750 281.250 -132.812 -109.375 1007.812
750.000 -335.938 -78.125 804.688 -375.000 -46.875 1070.312 109.375 250.000 789.062 921.875 359.375 -234.375 -195.312 1031.250
632.812 -414.062 101.562 976.562 -414.062 -93.750 898.438 15.625 304.688 492.188 750.000 414.062 -226.562 -101.562 1117.188
54.688 -820.312 429.688 820.312 -562.500 125.000 976.562 -250.000 289.062 812.500 585.938 296.875 0.000 -156.250 976.562
507.812 -851.562 437.500 781.250 -445.312 406.250 968.750 70.312 273.438 656.250 773.438 210.938 7.812 -7.812 1031.250
507.812 -851.562 437.500 781.250 -445.312 406.250 968.750 70.312 273.438 656.250 773.438 210.938 7.812 -7.812 1031.250
757.812 -476.562 265.625 898.438 -343.750 164.062 890.625 164.062 406.250 468.750 859.375 359.375 -187.500 -78.125 1101.562
757.812 -476.562 265.625 898.438 -343.750 164.062 890.625 164.062 406.250 468.750 859.375 359.375 -187.500 -78.125 1101.562
937.500 -281.250 234.375 742.188 -382.812 289.062 796.875 117.188 460.938 492.188 828.125 296.875 -31.250 -23.438 1085.938
820.312 -437.500 359.375 773.438 -484.375 328.125 890.625 39.062 437.500 460.938 765.625 437.500 -203.125 -148.438 1031.250
789.062 -539.062 359.375 867.188 -531.250 265.625 976.562 -7.812 375.000 539.062 750.000 398.438 -117.188 -164.062 1007.812
976.562 -484.375 273.438 906.250 -593.750 218.750 953.125 -62.500 429.688 617.188 687.500 343.750 109.375 -140.625 992.188
953.125 -312.500 289.062 953.125 -609.375 171.875 1000.000 -93.750 375.000 609.375 679.688 406.250 -7.812 -234.375 945.312
953.125 -312.500 289.062 953.125 -609.375 171.875 1000.000 -93.750 375.000 609.375 679.688 406.250 -7.812 -234.375 945.312
835.938 -210.938 335.938 820.312 -562.500 218.750 804.688 -39.062 523.438 398.438 703.125 484.375 -187.500 -242.188 976.562
820.312 -437.500 296.875 773.438 -492.188 281.250 843.750 15.625 460.938 507.812 781.250 437.500 -85.938 -250.000 1023.438
820.312 -437.500 296.875 773.438 -492.188 281.250 843.750 15.625 460.938 507.812 781.250 437.500 -85.938 -250.000 1023.438
875.000 -273.438 328.125 890.625 -445.312 164.062 937.500 46.875 406.250 507.812 789.062 421.875 -125.000 -226.562 1031.250
875.000 -273.438 328.125 890.625 -445.312 164.062 937.500 46.875 406.250 507.812 789.062 421.875 -125.000 -226.562 1031.250
835.938 -312.500 304.688 898.438 -445.312 140.625 945.312 46.875 390.625 546.875 796.875 398.438 -93.750 -226.562 1054.688
890.625 -273.438 289.062 867.188 -460.938 179.688 945.312 23.438 382.812 539.062 765.625 406.250 -62.500 -250.000 1023.438
859.375 -312.500 312.500 835.938 -523.438 210.938 898.438 -23.438 445.312 539.062 750.000 429.688 -78.125 -226.562 1039.062
828.125 -343.750 289.062 828.125 -523.438 234.375 875.000 -7.812 460.938 492.188 781.250 460.938 -156.250 -203.125 1070.312
828.125 -343.750 289.062 828.125 -523.438 234.375 875.000 -7.812 460.938 492.188 781.250 460.938 -156.250 -203.125 1070.312
843.750 -398.438 304.688 828.125 -593.750 234.375 875.000 -78.125 468.750 507.812 726.562 492.188 -226.562 -179.688 1109.375
843.750 -398.438 304.688 828.125 -593.750 234.375 875.000 -78.125 468.750 507.812 726.562 492.188 -226.562 -179.688 1109.375
-250.000 101.562 984.375 1039.062 -820.312 -62.500 1031.250 -335.938 320.312 539.062 460.938 429.688 109.375 -289.062 945.312
-250.000 101.562 984.375 1039.062 -820.312 -62.500 1031.250 -335.938 320.312 539.062 460.938 429.688 109.375 -289.062 945.312
-250.000 101.562 984.375 1039.062 -820.312 -62.500 1031.250 -335.938 320.312 539.062 460.938 429.688 109.375 -289.062 945.312
78.125 -796.875 328.125 1078.125 -734.375 54.688 1203.125 -234.375 148.438 1148.438 554.688 125.000 843.750 -414.062 562.500
203.125 -656.250 117.188 1093.750 -750.000 46.875 1171.875 -226.562 85.938 843.750 421.875 132.812 1265.625 -101.562 203.125
695.312 -328.125 -257.812 1015.625 -710.938 -39.062 1320.312 -242.188 -132.812 1351.562 617.188 31.250 -93.750 -539.062 1890.625
953.125 -453.125 -539.062 648.438 -679.688 -328.125 1226.562 562.500 187.500 -2398.438 -1109.375 -2132.812 -4000.000 -703.125 2664.062
953.125 -453.125 -539.062 648.438 -679.688 -328.125 1226.562 562.500 187.500 -2398.438 -1109.375 -2132.812 -4000.000 -703.125 2664.062
1515.625 -335.938 -1023.438 320.312 -976.562 -148.438 265.625 -226.562 187.500 226.562 1312.500 234.375 164.062 -148.438 1648.438
1515.625 -335.938 -1023.438 320.312 -976.562 -148.438 265.625 -226.562 187.500 226.562 1312.500 234.375 164.062 -148.438 1648.438
1109.375 484.375 -710.938 156.250 -1164.062 835.938 265.625 -242.188 109.375 -1273.438 -367.188 312.500 2015.625 1171.875 -812.500
1109.375 484.375 -710.938 156.250 -1164.062 835.938 265.625 -242.188 109.375 -1273.438 -367.188 312.500 2015.625 1171.875 -812.500
1148.438 601.562 -710.938 -31.250 -1515.625 1156.250 -531.250 -656.250 976.562 1976.562 531.250 273.438 1460.938 -210.938 -648.438
1195.312 687.500 -632.812 -460.938 85.938 1601.562 -1007.812 -1156.250 1312.500 804.688 -296.875 539.062 1468.750 -54.688 -312.500
1023.438 39.062 -531.250 -335.938 -382.812 1335.938 -328.125 -343.750 1304.688 460.938 265.625 703.125 1117.188 -406.250 -265.625
1164.062 -1179.688 -562.500 875.000 -320.312 523.438 695.312 15.625 789.062 828.125 289.062 742.188 1054.688 -367.188 398.438
1085.938 -1070.312 -492.188 968.750 -398.438 531.250 984.375 -23.438 742.188 945.312 257.812 695.312 1117.188 -359.375 273.438
1085.938 -1070.312 -492.188 968.750 -398.438 531.250 984.375 -23.438 742.188 945.312 257.812 695.312 1117.188 -359.375 273.438
992.188 93.750 -390.625 359.375 -570.312 1140.625 335.938 -546.875 1125.000 875.000 7.812 695.312 1078.125 -335.938 46.875
1187.500 31.250 -515.625 539.062 -437.500 789.062 500.000 -453.125 820.312 835.938 54.688 570.312 921.875 -281.250 242.188
1187.500 31.250 -515.625 539.062 -437.500 789.062 500.000 -453.125 820.312 835.938 54.688 570.312 921.875 -281.250 242.188
875.000 -265.625 -335.938 421.875 -406.250 875.000 429.688 -265.625 960.938 851.562 -62.500 640.625 1078.125 -195.312 31.250
765.625 -218.750 -304.688 484.375 -382.812 812.500 484.375 -210.938 906.250 835.938 -62.500 632.812 1023.438 -242.188 54.688
867.188 -117.188 -375.000 296.875 -328.125 781.250 281.250 -125.000 914.062 648.438 0.000 742.188 851.562 -398.438 234.375
820.312 -179.688 -382.812 179.688 -281.250 796.875 234.375 -93.750 875.000 679.688 23.438 664.062 921.875 -265.625 187.500
820.312 -179.688 -382.812 179.688 -281.250 796.875 234.375 -93.750 875.000 679.688 23.438 664.062 921.875 -265.625 187.500
820.312 -179.688 -382.812 179.688 -281.250 796.875 234.375 -93.750 875.000 679.688 23.438 664.062 921.875 -265.625 187.500
726.562 -257.812 -304.688 265.625 -312.500 796.875 289.062 -140.625 890.625 703.125 -31.250 664.062 929.688 -289.062 140.625
851.562 -179.688 -382.812 328.125 -343.750 820.312 312.500 -164.062 921.875 703.125 -46.875 703.125 929.688 -359.375 140.625
929.688 -140.625 -437.500 296.875 -328.125 843.750 296.875 -148.438 929.688 710.938 -23.438 703.125 921.875 -351.562 187.500
984.375 -203.125 -445.312 234.375 -343.750 882.812 265.625 -156.250 953.125 718.750 -39.062 703.125 953.125 -335.938 148.438
875.000 -195.312 -375.000 54.688 -359.375 1015.625 140.625 -187.500 1039.062 625.000 -78.125 765.625 882.812 -429.688 132.812
890.625 -226.562 -359.375 -93.750 -390.625 1000.000 -54.688 -218.750 1125.000 648.438 -140.625 757.812 875.000 -390.625 78.125
890.625 -164.062 -406.250 -179.688 -257.812 1210.938 -62.500 -296.875 1203.125 726.562 -125.000 734.375 968.750 -367.188 -70.312
992.188 -281.250 -375.000 78.125 -335.938 1007.812 156.250 -210.938 1125.000 804.688 -234.375 812.500 1062.500 -468.750 -210.938
992.188 -281.250 -375.000 78.125 -335.938 1007.812 156.250 -210.938 1125.000 804.688 -234.375 812.500 1062.500 -468.750 -210.938
992.188 -281.250 -375.000 78.125 -335.938 1007.812 156.250 -210.938 1125.000 804.688 -234.375 812.500 1062.500 -468.750 -210.938
1554.688 -93.750 -718.750 890.625 -164.062 367.188 1039.062 -62.500 585.938 867.188 203.125 460.938 1031.250 -179.688 195.312
1492.188 234.375 -742.188 843.750 -648.438 382.812 1000.000 -140.625 453.125 828.125 257.812 500.000 929.688 -148.438 226.562
1578.125 210.938 -812.500 906.250 -664.062 296.875 984.375 -148.438 429.688 859.375 343.750 507.812 906.250 -132.812 320.312
1546.875 554.688 -703.125 953.125 -859.375 445.312 1007.812 -140.625 515.625 562.500 359.375 664.062 804.688 -140.625 375.000
1328.125 539.062 -539.062 296.875 -640.625 328.125 296.875 164.062 734.375 -1500.000 414.062 906.250 1648.438 1195.312 429.688
1296.875 -585.938 -554.688 796.875 -210.938 70.312 421.875 164.062 609.375 648.438 906.250 687.500 -414.062 -687.500 1023.438
351.562 -937.500 156.250 796.875 -242.188 85.938 796.875 -39.062 414.062 359.375 578.125 828.125 -242.188 -609.375 1523.438
351.562 -937.500 156.250 796.875 -242.188 85.938 796.875 -39.062 414.062 359.375 578.125 828.125 -242.188 -609.375 1523.438
351.562 -937.500 156.250 796.875 -242.188 85.938 796.875 -39.062 414.062 359.375 578.125 828.125 -242.188 -609.375 1523.438
375.000 -343.750 335.938 1117.188 -23.438 39.062 984.375 -62.500 468.750 718.750 421.875 726.562 406.250 -695.312 820.312
492.188 367.188 437.500 929.688 -156.250 281.250 765.625 7.812 640.625 781.250 250.000 773.438 593.750 -437.500 796.875
-117.188 382.812 539.062 296.875 -1328.125 929.688 1039.062 -664.062 515.625 687.500 484.375 460.938 523.438 -640.625 593.750
1062.500 296.875 304.688 804.688 -773.438 601.562 562.500 -375.000 625.000 921.875 140.625 523.438 703.125 -414.062 656.250
851.562 -171.875 289.062 414.062 -843.750 640.625 593.750 -476.562 601.562 507.812 320.312 671.875 281.250 -679.688 640.625
851.562 -171.875 289.062 414.062 -843.750 640.625 593.750 -476.562 601.562 507.812 320.312 671.875 281.250 -679.688 640.625
851.562 -171.875 289.062 414.062 -843.750 640.625 593.750 -476.562 601.562 507.812 320.312 671.875 281.250 -679.688 640.625
992.188 -78.125 250.000 554.688 -593.750 578.125 617.188 -312.500 695.312 593.750 335.938 726.562 406.250 -570.312 726.562
945.312 15.625 265.625 671.875 -554.688 539.062 687.500 -281.250 656.250 585.938 398.438 679.688 359.375 -562.500 781.250
960.938 179.688 296.875 851.562 -492.188 484.375 851.562 -242.188 617.188 710.938 437.500 648.438 476.562 -539.062 820.312
960.938 179.688 296.875 851.562 -492.188 484.375 851.562 -242.188 617.188 710.938 437.500 648.438 476.562 -539.062 820.312
976.562 125.000 296.875 812.500 -539.062 500.000 812.500 -289.062 617.188 726.562 398.438 656.250 507.812 -546.875 765.625
953.125 39.062 289.062 757.812 -554.688 515.625 804.688 -312.500 609.375 742.188 382.812 640.625 515.625 -546.875 765.625
1000.000 -15.625 273.438 687.500 -726.562 570.312 757.812 -476.562 671.875 773.438 203.125 718.750 609.375 -640.625 640.625
1000.000 -15.625 273.438 687.500 -726.562 570.312 757.812 -476.562 671.875 773.438 203.125 718.750 609.375 -640.625 640.625
1000.000 -15.625 273.438 687.500 -726.562 570.312 757.812 -476.562 671.875 773.438 203.125 718.750 609.375 -640.625 640.625
1000.000 -15.625 273.438 687.500 -726.562 570.312 757.812 -476.562 671.875 773.438 203.125 718.750 609.375 -640.625 640.625
1000.000 -15.625 273.438 687.500 -726.562 570.312 757.812 -476.562 671.875 773.438 203.125 718.750 609.375 -640.625 640.625
1125.000 93.750 281.250 773.438 -843.750 562.500 812.500 -546.875 671.875 851.562 93.750 765.625 640.625 -710.938 554.688
1132.812 93.750 304.688 742.188 -1023.438 562.500 1062.500 -382.812 835.938 1023.438 -226.562 984.375 773.438 -812.500 414.062
1203.125 -171.875 148.438 867.188 -1046.875 632.812 1000.000 -757.812 601.562 1101.562 7.812 546.875 875.000 -421.875 445.312
1203.125 -171.875 148.438 867.188 -1046.875 632.812 1000.000 -757.812 601.562 1101.562 7.812 546.875 875.000 -421.875 445.312
1203.125 -171.875 148.438 867.188 -1046.875 632.812 1000.000 -757.812 601.562 1101.562 7.812 546.875 875.000 -421.875 445.312
1203.125 -171.875 148.438 867.188 -1046.875 632.812 1000.000 -757.812 601.562 1101.562 7.812 546.875 875.000 -421.875 445.312
398.438 -242.188 398.438 1164.062 -1117.188 617.188 1289.062 -992.188 515.625 1117.188 -46.875 445.312 882.812 -632.812 39.062
398.438 -242.188 398.438 1164.062 -1117.188 617.188 1289.062 -992.188 515.625 1117.188 -46.875 445.312 882.812 -632.812 39.062
1828.125 -1335.938 -335.938 1351.562 -1164.062 195.312 1523.438 -828.125 -85.938 1484.375 -335.938 -304.688 1335.938 226.562 -273.438
531.250 -2375.000 -109.375 1453.125 -1804.688 -85.938 1609.375 -1101.562 -1015.625 1164.062 -523.438 -1132.812 1117.188 906.250 -648.438
-148.438 -2835.938 -39.062 1164.062 -734.375 -1101.562 1507.812 -179.688 -1789.062 632.812 -132.812 -1679.688 625.000 1492.188 -757.812
-406.250 -3078.125 -257.812 1171.875 -132.812 -1382.812 1070.312 234.375 -2031.250 375.000 93.750 -1914.062 492.188 1945.312 -601.562
757.812 -23.438 -1234.375 351.562 2640.625 -1656.250 -117.188 3273.438 -2203.125 -1093.750 1585.938 -2726.562 -585.938 3398.438 -15.625
757.812 -23.438 -1234.375 351.562 2640.625 -1656.250 -117.188 3273.438 -2203.125 -1093.750 1585.938 -2726.562 -585.938 3398.438 -15.625
742.188 1546.875 -679.688 171.875 3109.375 -1421.875 -1023.438 3234.375 -1539.062 -2031.250 1734.375 -1898.438 -1765.625 2867.188 453.125
640.625 1695.312 -500.000 -195.312 3164.062 -1093.750 -1382.812 3164.062 -976.562 -2257.812 1796.875 -1328.125 -2046.875 2468.750 781.250
640.625 1695.312 -500.000 -195.312 3164.062 -1093.750 -1382.812 3164.062 -976.562 -2257.812 1796.875 -1328.125 -2046.875 2468.750 781.250
703.125 953.125 0.000 -1054.688 2671.875 171.875 -1828.125 2492.188 132.812 -2468.750 1875.000 -218.750 -2351.562 1429.688 1250.000
1125.000 -523.438 23.438 -1234.375 1367.188 1226.562 -1773.438 1812.500 992.188 -2085.938 1773.438 695.312 -2179.688 726.562 1812.500
1445.312 -2054.688 -289.062 -1062.500 632.812 1656.250 -1492.188 1093.750 1328.125 -1367.188 1343.750 804.688 -1375.000 445.312 1476.562
1148.438 -1976.562 -179.688 -867.188 429.688 1617.188 -1164.062 843.750 1203.125 -992.188 1109.375 593.750 -968.750 468.750 1164.062
195.312 -1023.438 320.312 -31.250 656.250 804.688 -257.812 804.688 671.875 -414.062 976.562 179.688 -414.062 531.250 867.188
195.312 -1023.438 320.312 -31.250 656.250 804.688 -257.812 804.688 671.875 -414.062 976.562 179.688 -414.062 531.250 867.188
140.625 -960.938 398.438 23.438 664.062 734.375 -179.688 789.062 617.188 -351.562 929.688 117.188 -335.938 554.688 773.438
140.625 -960.938 398.438 23.438 664.062 734.375 -179.688 789.062 617.188 -351.562 929.688 117.188 -335.938 554.688 773.438
101.562 -921.875 429.688 54.688 625.000 695.312 -85.938 750.000 523.438 -257.812 875.000 0.000 -187.500 609.375 687.500
195.312 -945.312 429.688 -15.625 601.562 710.938 -109.375 757.812 500.000 -296.875 882.812 -31.250 -210.938 625.000 687.500
289.062 -921.875 390.625 -31.250 656.250 703.125 -179.688 804.688 531.250 -351.562 914.062 39.062 -296.875 593.750 742.188
476.562 -648.438 218.750 -93.750 632.812 750.000 -281.250 796.875 601.562 -468.750 929.688 117.188 -437.500 562.500 789.062
476.562 -648.438 218.750 -93.750 632.812 750.000 -281.250 796.875 601.562 -468.750 929.688 117.188 -437.500 562.500 789.062
468.750 -703.125 210.938 -54.688 601.562 734.375 -242.188 773.438 570.312 -445.312 898.438 109.375 -414.062 539.062 781.250
453.125 -742.188 242.188 -46.875 585.938 726.562 -234.375 750.000 562.500 -414.062 882.812 109.375 -382.812 523.438 757.812
375.000 -789.062 281.250 0.000 570.312 687.500 -148.438 757.812 523.438 -335.938 875.000 70.312 -281.250 546.875 710.938
328.125 -726.562 289.062 7.812 578.125 671.875 -101.562 765.625 492.188 -296.875 882.812 15.625 -218.750 578.125 710.938
328.125 -726.562 289.062 7.812 578.125 671.875 -101.562 765.625 492.188 -296.875 882.812 15.625 -218.750 578.125 710.938
226.562 -875.000 437.500 23.438 593.750 664.062 -62.500 765.625 476.562 -242.188 851.562 -54.688 -140.625 617.188 640.625
218.750 -929.688 476.562 -7.812 625.000 679.688 -93.750 789.062 460.938 -250.000 867.188 -78.125 -148.438 648.438 648.438
226.562 -898.438 492.188 -15.625 656.250 679.688 -85.938 820.312 453.125 -257.812 882.812 -109.375 -125.000 687.500 648.438
335.938 -859.375 453.125 -46.875 757.812 679.688 -164.062 945.312 476.562 -398.438 992.188 -70.312 -273.438 734.375 750.000
335.938 -859.375 453.125 -46.875 757.812 679.688 -164.062 945.312 476.562 -398.438 992.188 -70.312 -273.438 734.375 750.000
296.875 -851.562 484.375 -62.500 781.250 710.938 -195.312 953.125 507.812 -398.438 1007.812 -54.688 -281.250 734.375 773.438
210.938 -921.875 507.812 -85.938 765.625 742.188 -164.062 960.938 507.812 -343.750 1007.812 -78.125 -210.938 742.188 773.438
210.938 -921.875 507.812 -85.938 765.625 742.188 -164.062 960.938 507.812 -343.750 1007.812 -78.125 -210.938 742.188 773.438
210.938 -921.875 507.812 -85.938 765.625 742.188 -164.062 960.938 507.812 -343.750 1007.812 -78.125 -210.938 742.188 773.438
218.750 -984.375 507.812 -70.312 718.750 734.375 -132.812 906.250 492.188 -312.500 968.750 -93.750 -179.688 718.750 742.188
218.750 -976.562 484.375 -70.312 695.312 726.562 -132.812 890.625 484.375 -312.500 953.125 -78.125 -187.500 695.312 726.562
226.562 -921.875 468.750 -62.500 679.688 757.812 -171.875 859.375 531.250 -375.000 929.688 -7.812 -265.625 632.812 726.562
234.375 -890.625 453.125 -78.125 671.875 750.000 -179.688 843.750 539.062 -367.188 929.688 -7.812 -289.062 664.062 750.000
265.625 -789.062 375.000 -39.062 625.000 742.188 -164.062 835.938 476.562 -281.250 929.688 -125.000 -195.312 765.625 671.875
304.688 -804.688 359.375 -54.688 625.000 726.562 -101.562 843.750 476.562 -320.312 937.500 -85.938 -203.125 695.312 648.438
304.688 -804.688 359.375 -54.688 625.000 726.562 -101.562 843.750 476.562 -320.312 937.500 -85.938 -203.125 695.312 648.438
312.500 -859.375 335.938 -62.500 578.125 757.812 -78.125 789.062 523.438 -289.062 921.875 46.875 -476.562 328.125 531.250
304.688 -859.375 343.750 -23.438 609.375 750.000 -187.500 804.688 539.062 -539.062 882.812 39.062 -343.750 726.562 882.812
234.375 -898.438 367.188 -85.938 593.750 789.062 -171.875 804.688 562.500 -351.562 921.875 15.625 -273.438 585.938 703.125
210.938 -960.938 367.188 -54.688 554.688 757.812 -148.438 835.938 546.875 -312.500 914.062 0.000 -226.562 617.188 695.312
218.750 -984.375 375.000 -39.062 546.875 773.438 -140.625 812.500 554.688 -320.312 921.875 0.000 -242.188 609.375 718.750
218.750 -1000.000 375.000 -54.688 523.438 781.250 -140.625 789.062 554.688 -328.125 898.438 15.625 -265.625 609.375 734.375
218.750 -1007.812 375.000 -54.688 531.250 796.875 -140.625 789.062 562.500 -351.562 898.438 15.625 -273.438 593.750 726.562
257.812 -945.312 351.562 -85.938 515.625 820.312 -156.250 781.250 578.125 -382.812 906.250 39.062 -320.312 609.375 726.562
250.000 -953.125 367.188 -85.938 515.625 828.125 -164.062 773.438 585.938 -375.000 914.062 46.875 -343.750 593.750 718.750
226.562 -937.500 375.000 -54.688 523.438 812.500 -156.250 773.438 578.125 -382.812 906.250 46.875 -351.562 617.188 750.000
226.562 -937.500 375.000 -54.688 523.438 812.500 -156.250 773.438 578.125 -382.812 906.250 46.875 -351.562 617.188 750.000
234.375 -921.875 359.375 -46.875 531.250 812.500 -148.438 781.250 570.312 -382.812 906.250 39.062 -328.125 617.188 734.375
250.000 -929.688 367.188 -39.062 515.625 804.688 -125.000 789.062 570.312 -375.000 914.062 23.438 -304.688 617.188 710.938
226.562 -921.875 382.812 -54.688 539.062 820.312 -125.000 812.500 562.500 -343.750 914.062 0.000 -273.438 632.812 710.938
210.938 -937.500 398.438 -54.688 539.062 820.312 -117.188 812.500 570.312 -328.125 929.688 -7.812 -273.438 648.438 710.938
218.750 -867.188 382.812 -46.875 562.500 796.875 -117.188 851.562 546.875 -343.750 937.500 -39.062 -265.625 679.688 718.750
218.750 -867.188 382.812 -46.875 562.500 796.875 -117.188 851.562 546.875 -343.750 937.500 -39.062 -265.625 679.688 718.750
242.188 -906.250 375.000 -46.875 546.875 812.500 -132.812 820.312 562.500 -367.188 921.875 0.000 -335.938 632.812 718.750
242.188 -906.250 375.000 -46.875 546.875 812.500 -132.812 820.312 562.500 -367.188 921.875 0.000 -335.938 632.812 718.750
242.188 -906.250 375.000 -46.875 546.875 812.500 -132.812 820.312 562.500 -367.188 921.875 0.000 -335.938 632.812 718.750
281.250 -906.250 382.812 -54.688 492.188 843.750 -156.250 796.875 593.750 -414.062 929.688 46.875 -382.812 625.000 734.375
257.812 -906.250 382.812 -54.688 507.812 835.938 -164.062 796.875 593.750 -390.625 914.062 54.688 -359.375 593.750 742.188
250.000 -914.062 382.812 -46.875 515.625 828.125 -156.250 796.875 593.750 -390.625 921.875 46.875 -343.750 609.375 734.375
234.375 -937.500 390.625 -46.875 500.000 835.938 -132.812 789.062 578.125 -359.375 914.062 23.438 -320.312 617.188 726.562
226.562 -937.500 406.250 -54.688 500.000 835.938 -132.812 796.875 578.125 -351.562 914.062 23.438 -312.500 625.000 718.750
218.750 -945.312 414.062 -62.500 507.812 835.938 -125.000 796.875 578.125 -351.562 929.688 7.812 -304.688 632.812 726.562
