382.812 -953.125 -281.250 507.812 -484.375 757.812 585.938 117.188 828.125 335.938 718.750 632.812 -234.375 31.250 992.188
390.625 -1023.438 -296.875 484.375 -484.375 765.625 617.188 125.000 765.625 359.375 718.750 585.938 -203.125 54.688 976.562
390.625 -1046.875 -328.125 476.562 -484.375 765.625 625.000 125.000 742.188 375.000 726.562 554.688 -187.500 54.688 968.750
460.938 -1234.375 -429.688 492.188 -437.500 734.375 640.625 156.250 695.312 375.000 742.188 507.812 -164.062 85.938 976.562
539.062 -1382.812 -429.688 507.812 -406.250 703.125 648.438 179.688 687.500 398.438 750.000 492.188 -156.250 101.562 968.750
539.062 -1414.062 -382.812 578.125 -421.875 703.125 734.375 257.812 625.000 398.438 765.625 492.188 -109.375 78.125 906.250
390.625 -1304.688 -304.688 507.812 -429.688 742.188 718.750 164.062 632.812 421.875 750.000 476.562 -101.562 101.562 921.875
429.688 -1289.062 -359.375 507.812 -531.250 718.750 718.750 203.125 585.938 437.500 703.125 414.062 -62.500 164.062 890.625
507.812 -1250.000 -367.188 523.438 -578.125 765.625 773.438 203.125 585.938 500.000 718.750 359.375 -31.250 195.312 867.188
382.812 -898.438 -179.688 328.125 -703.125 945.312 921.875 -7.812 429.688 468.750 546.875 54.688 54.688 437.500 734.375
328.125 -937.500 -234.375 328.125 -507.812 914.062 781.250 -54.688 375.000 468.750 500.000 -39.062 109.375 554.688 742.188
515.625 -898.438 -164.062 593.750 -210.938 804.688 882.812 -226.562 218.750 468.750 414.062 -210.938 101.562 695.312 546.875
406.250 -695.312 0.000 718.750 -195.312 734.375 695.312 -289.062 109.375 453.125 250.000 -304.688 156.250 625.000 375.000
289.062 -382.812 171.875 960.938 -460.938 132.812 187.500 656.250 -7.812 132.812 437.500 -31.250 156.250 85.938 70.312
343.750 -406.250 250.000 1078.125 -367.188 23.438 242.188 671.875 179.688 78.125 390.625 101.562 31.250 109.375 304.688
414.062 -226.562 234.375 914.062 -54.688 187.500 -117.188 585.938 414.062 -343.750 750.000 382.812 -406.250 320.312 828.125
437.500 -85.938 218.750 617.188 85.938 375.000 -390.625 742.188 664.062 -507.812 898.438 593.750 -625.000 273.438 976.562
320.312 -468.750 343.750 242.188 500.000 773.438 -445.312 867.188 1039.062 -757.812 734.375 984.375 -1007.812 85.938 796.875
296.875 -429.688 281.250 203.125 351.562 898.438 -328.125 859.375 960.938 -726.562 765.625 898.438 -1148.438 125.000 898.438
632.812 -812.500 195.312 156.250 289.062 976.562 -468.750 875.000 859.375 -734.375 828.125 796.875 -1101.562 265.625 945.312
656.250 -632.812 148.438 250.000 289.062 906.250 -523.438 945.312 898.438 -765.625 851.562 812.500 -1070.312 359.375 945.312
523.438 -875.000 210.938 242.188 328.125 914.062 -453.125 781.250 789.062 -789.062 789.062 781.250 -1156.250 195.312 960.938
476.562 -890.625 195.312 218.750 359.375 914.062 -460.938 757.812 757.812 -734.375 804.688 742.188 -1023.438 156.250 843.750
421.875 -898.438 171.875 218.750 367.188 914.062 -460.938 773.438 773.438 -710.938 750.000 750.000 -960.938 148.438 773.438
453.125 -898.438 164.062 187.500 351.562 929.688 -476.562 757.812 781.250 -710.938 703.125 742.188 -960.938 179.688 789.062
367.188 -882.812 171.875 156.250 281.250 929.688 -445.312 695.312 750.000 -640.625 648.438 703.125 -867.188 164.062 765.625
367.188 -867.188 179.688 148.438 265.625 921.875 -445.312 687.500 734.375 -617.188 648.438 687.500 -859.375 164.062 750.000
343.750 -890.625 171.875 140.625 265.625 906.250 -437.500 664.062 718.750 -601.562 632.812 664.062 -804.688 179.688 734.375
320.312 -898.438 195.312 132.812 265.625 906.250 -437.500 679.688 710.938 -593.750 648.438 656.250 -796.875 179.688 710.938
265.625 -890.625 218.750 78.125 273.438 898.438 -445.312 656.250 695.312 -585.938 640.625 648.438 -796.875 187.500 742.188
273.438 -914.062 203.125 39.062 226.562 921.875 -484.375 648.438 726.562 -617.188 609.375 664.062 -835.938 203.125 734.375
242.188 -859.375 242.188 23.438 187.500 906.250 -546.875 710.938 734.375 -656.250 617.188 687.500 -835.938 226.562 703.125
218.750 -882.812 250.000 7.812 179.688 898.438 -593.750 710.938 789.062 -679.688 625.000 710.938 -867.188 257.812 703.125
273.438 -1062.500 265.625 -70.312 179.688 992.188 -656.250 804.688 898.438 -781.250 640.625 796.875 -968.750 312.500 765.625
265.625 -1078.125 226.562 -101.562 273.438 937.500 -601.562 796.875 859.375 -796.875 640.625 765.625 -1007.812 312.500 773.438
257.812 -882.812 210.938 -164.062 429.688 984.375 -492.188 703.125 812.500 -757.812 648.438 718.750 -1007.812 250.000 718.750
210.938 -726.562 234.375 -187.500 296.875 1015.625 -742.188 601.562 859.375 -796.875 726.562 609.375 -953.125 281.250 703.125
31.250 -789.062 210.938 78.125 406.250 718.750 -781.250 1054.688 1335.938 -453.125 398.438 890.625 -898.438 257.812 648.438
765.625 -1171.875 -93.750 -265.625 1109.375 804.688 -101.562 273.438 1109.375 -570.312 617.188 828.125 -796.875 304.688 742.188
468.750 -929.688 15.625 -109.375 117.188 835.938 -523.438 531.250 1234.375 -953.125 718.750 835.938 -890.625 234.375 757.812
210.938 -960.938 101.562 -460.938 -671.875 726.562 -187.500 367.188 1039.062 -976.562 1078.125 609.375 -843.750 210.938 804.688
359.375 -859.375 78.125 -765.625 -898.438 1343.750 -492.188 531.250 1109.375 -1039.062 1382.812 640.625 -812.500 296.875 914.062
710.938 -867.188 -187.500 -343.750 -320.312 1015.625 -656.250 718.750 976.562 -1273.438 1296.875 796.875 -1226.562 242.188 1156.250
1046.875 -890.625 -343.750 -718.750 -1187.500 1367.188 -46.875 953.125 750.000 -453.125 1570.312 484.375 -1414.062 312.500 1460.938
953.125 -835.938 -359.375 -953.125 -1109.375 1382.812 125.000 648.438 726.562 -468.750 1257.812 390.625 -1593.750 437.500 1585.938
882.812 -1210.938 -312.500 -578.125 -468.750 1140.625 242.188 273.438 703.125 -484.375 843.750 281.250 -1718.750 476.562 1421.875
390.625 -1296.875 -179.688 -375.000 -500.000 953.125 320.312 179.688 687.500 -367.188 867.188 453.125 -1226.562 523.438 828.125
507.812 -1117.188 -273.438 -468.750 -429.688 992.188 343.750 109.375 710.938 -281.250 851.562 460.938 -1031.250 570.312 679.688
554.688 -1132.812 -328.125 -359.375 -218.750 898.438 390.625 70.312 687.500 -226.562 812.500 406.250 -945.312 710.938 703.125
601.562 -1414.062 -453.125 7.812 -140.625 671.875 617.188 195.312 406.250 39.062 828.125 156.250 -671.875 820.312 648.438
132.812 -1390.625 -273.438 39.062 -85.938 632.812 648.438 0.000 179.688 367.188 500.000 -195.312 -54.688 632.812 390.625
-78.125 -1281.250 -148.438 289.062 -156.250 523.438 796.875 -132.812 15.625 570.312 281.250 -289.062 312.500 562.500 273.438
-62.500 -1281.250 -132.812 406.250 -242.188 445.312 898.438 -218.750 -93.750 703.125 187.500 -320.312 437.500 593.750 257.812
78.125 -1304.688 -62.500 554.688 -507.812 460.938 976.562 -500.000 -140.625 875.000 -132.812 -351.562 648.438 273.438 164.062
117.188 -1398.438 132.812 398.438 -937.500 687.500 875.000 -812.500 78.125 804.688 -234.375 62.500 484.375 54.688 351.562
367.188 -1273.438 62.500 507.812 -789.062 648.438 906.250 -648.438 250.000 750.000 117.188 328.125 242.188 -179.688 531.250
523.438 -1078.125 7.812 585.938 -664.062 601.562 953.125 -523.438 273.438 734.375 265.625 390.625 195.312 -226.562 546.875
703.125 -765.625 -70.312 632.812 -468.750 554.688 960.938 -335.938 296.875 703.125 437.500 390.625 234.375 -234.375 664.062
695.312 -546.875 -70.312 554.688 -367.188 585.938 867.188 -234.375 382.812 664.062 593.750 453.125 93.750 -70.312 1226.562
687.500 -593.750 -70.312 1085.938 250.000 390.625 703.125 -179.688 718.750 468.750 742.188 750.000 250.000 -31.250 1109.375
687.500 -742.188 -62.500 710.938 -125.000 351.562 851.562 -46.875 492.188 429.688 835.938 765.625 335.938 7.812 1078.125
679.688 -460.938 -46.875 523.438 -335.938 648.438 835.938 -335.938 484.375 640.625 562.500 515.625 375.000 -132.812 976.562
562.500 -460.938 15.625 585.938 -492.188 593.750 867.188 -359.375 343.750 687.500 546.875 484.375 789.062 -218.750 390.625
570.312 -468.750 39.062 632.812 -468.750 562.500 835.938 -382.812 367.188 656.250 414.062 453.125 757.812 -468.750 234.375
585.938 -484.375 31.250 421.875 -210.938 554.688 820.312 -562.500 320.312 656.250 414.062 500.000 632.812 -226.562 468.750
648.438 -546.875 -23.438 820.312 -703.125 468.750 890.625 -242.188 304.688 648.438 484.375 585.938 484.375 -601.562 515.625
679.688 -718.750 -93.750 492.188 -531.250 632.812 835.938 -398.438 375.000 171.875 1187.500 406.250 1000.000 -632.812 390.625
750.000 -617.188 -171.875 585.938 -687.500 656.250 750.000 -234.375 500.000 632.812 414.062 484.375 679.688 -351.562 546.875
820.312 -625.000 -210.938 546.875 -421.875 609.375 687.500 -304.688 570.312 742.188 328.125 539.062 703.125 -585.938 718.750
960.938 -820.312 -312.500 234.375 -500.000 796.875 625.000 -437.500 578.125 445.312 554.688 601.562 617.188 -414.062 773.438
953.125 -914.062 -304.688 304.688 -421.875 781.250 546.875 -335.938 804.688 359.375 648.438 664.062 710.938 -328.125 554.688
898.438 -1054.688 -312.500 78.125 -539.062 906.250 468.750 -257.812 789.062 242.188 726.562 765.625 468.750 -140.625 820.312
804.688 -1132.812 -257.812 117.188 -476.562 882.812 484.375 -312.500 742.188 273.438 734.375 710.938 695.312 -281.250 1023.438
554.688 -937.500 -109.375 312.500 -351.562 695.312 554.688 -164.062 679.688 406.250 742.188 734.375 625.000 -273.438 828.125
390.625 -742.188 62.500 414.062 -468.750 679.688 617.188 -187.500 648.438 492.188 515.625 703.125 726.562 -437.500 750.000
335.938 -687.500 54.688 226.562 -539.062 734.375 460.938 -320.312 703.125 390.625 421.875 718.750 734.375 -390.625 648.438
367.188 -632.812 39.062 164.062 -617.188 695.312 437.500 -359.375 625.000 523.438 335.938 687.500 757.812 -414.062 601.562
531.250 -703.125 -117.188 109.375 -664.062 679.688 351.562 -382.812 562.500 335.938 273.438 734.375 585.938 -523.438 500.000
601.562 -960.938 -359.375 0.000 -171.875 710.938 210.938 -23.438 937.500 632.812 -39.062 773.438 789.062 -476.562 -7.812
726.562 -820.312 -554.688 -109.375 39.062 812.500 39.062 -257.812 843.750 718.750 85.938 515.625 882.812 -164.062 -62.500
804.688 -664.062 -648.438 218.750 -601.562 953.125 617.188 -257.812 687.500 773.438 156.250 359.375 882.812 -78.125 31.250
898.438 -242.188 -742.188 273.438 -718.750 1312.500 179.688 -617.188 804.688 687.500 187.500 390.625 906.250 -85.938 148.438
968.750 593.750 -671.875 -132.812 -148.438 1296.875 187.500 7.812 1406.250 750.000 7.812 960.938 1007.812 -343.750 226.562
1320.312 570.312 -671.875 1210.938 85.938 546.875 1007.812 304.688 960.938 914.062 23.438 1054.688 1000.000 -781.250 445.312
1304.688 367.188 -656.250 1492.188 -265.625 570.312 1093.750 265.625 1015.625 1375.000 85.938 1000.000 1156.250 -539.062 656.250
1117.188 234.375 -671.875 2265.625 -15.625 562.500 1742.188 -171.875 820.312 1671.875 -62.500 375.000 1515.625 0.000 -156.250
906.250 796.875 -484.375 710.938 -625.000 960.938 843.750 -500.000 835.938 1078.125 -375.000 453.125 1101.562 -296.875 -343.750
1390.625 140.625 -671.875 320.312 -570.312 843.750 406.250 -421.875 843.750 734.375 -414.062 578.125 875.000 -437.500 -257.812
1273.438 -179.688 -601.562 281.250 -546.875 851.562 429.688 -406.250 820.312 789.062 -343.750 515.625 921.875 -304.688 -234.375
796.875 -554.688 -351.562 343.750 -359.375 718.750 539.062 -250.000 718.750 843.750 -257.812 453.125 968.750 -226.562 -187.500
390.625 -390.625 -156.250 382.812 -312.500 703.125 445.312 -195.312 726.562 703.125 -187.500 570.312 859.375 -343.750 39.062
773.438 54.688 -343.750 335.938 -171.875 679.688 406.250 -31.250 757.812 632.812 -54.688 656.250 835.938 -335.938 250.000
851.562 195.312 -414.062 328.125 -171.875 703.125 414.062 -23.438 781.250 656.250 -46.875 656.250 859.375 -328.125 234.375
968.750 218.750 -445.312 414.062 -210.938 750.000 492.188 -62.500 796.875 695.312 -54.688 664.062 882.812 -343.750 234.375
929.688 62.500 -351.562 437.500 -250.000 796.875 531.250 -109.375 820.312 781.250 -101.562 632.812 953.125 -312.500 132.812
835.938 -140.625 -265.625 257.812 -304.688 906.250 390.625 -140.625 906.250 710.938 -125.000 703.125 929.688 -398.438 148.438
867.188 -203.125 -281.250 148.438 -343.750 968.750 289.062 -148.438 968.750 632.812 -125.000 781.250 875.000 -460.938 218.750
1046.875 -328.125 -281.250 -62.500 -289.062 1046.875 117.188 -117.188 1062.500 515.625 -70.312 875.000 835.938 -531.250 296.875
960.938 -406.250 -257.812 -390.625 -382.812 1226.562 -62.500 -117.188 1203.125 476.562 -85.938 960.938 812.500 -523.438 351.562
906.250 -585.938 -132.812 -195.312 171.875 1101.562 -39.062 46.875 1296.875 562.500 93.750 968.750 851.562 -382.812 500.000
851.562 -507.812 -171.875 -31.250 117.188 1109.375 242.188 70.312 1218.750 750.000 46.875 859.375 1000.000 -281.250 382.812
984.375 -609.375 -85.938 632.812 -70.312 867.188 1039.062 15.625 984.375 1093.750 -7.812 640.625 1257.812 -179.688 46.875
742.188 -203.125 -54.688 -85.938 -476.562 101.562 1804.688 -617.188 1210.938 1460.938 -93.750 429.688 1304.688 -242.188 -367.188
1484.375 -312.500 -632.812 1250.000 -500.000 468.750 625.000 -179.688 515.625 1140.625 7.812 414.062 1132.812 -156.250 -140.625
1734.375 -234.375 -710.938 1226.562 -429.688 492.188 1054.688 -257.812 414.062 851.562 78.125 296.875 968.750 -148.438 -54.688
1429.688 562.500 -570.312 757.812 -812.500 656.250 859.375 -414.062 460.938 882.812 7.812 390.625 890.625 -289.062 -54.688
1882.812 515.625 -718.750 31.250 -1007.812 1156.250 632.812 -367.188 476.562 609.375 15.625 453.125 726.562 -312.500 46.875
2460.938 773.438 -1046.875 375.000 187.500 -367.188 -117.188 187.500 531.250 78.125 492.188 671.875 500.000 -117.188 515.625
671.875 664.062 -617.188 1265.625 226.562 -117.188 648.438 250.000 945.312 -265.625 593.750 820.312 484.375 -203.125 500.000
125.000 -843.750 -39.062 726.562 -85.938 -70.312 429.688 23.438 570.312 -1218.750 398.438 1265.625 375.000 -39.062 703.125
125.000 -835.938 414.062 921.875 -484.375 171.875 726.562 -156.250 226.562 1601.562 -93.750 648.438 -945.312 -578.125 1054.688
148.438 -585.938 554.688 734.375 -703.125 484.375 882.812 -343.750 398.438 789.062 242.188 734.375 554.688 -187.500 1085.938
250.000 -375.000 398.438 789.062 -710.938 468.750 859.375 -289.062 476.562 945.312 351.562 750.000 335.938 -273.438 1210.938
1132.812 54.688 78.125 906.250 -468.750 437.500 875.000 -187.500 507.812 726.562 500.000 695.312 375.000 -171.875 1187.500
929.688 132.812 140.625 625.000 -343.750 460.938 765.625 31.250 734.375 593.750 335.938 914.062 242.188 -500.000 1015.625
429.688 -250.000 546.875 835.938 -210.938 421.875 828.125 -367.188 664.062 429.688 328.125 859.375 -39.062 -679.688 960.938
414.062 -414.062 429.688 781.250 -500.000 570.312 695.312 -554.688 578.125 476.562 500.000 617.188 148.438 -367.188 1015.625
625.000 -109.375 351.562 54.688 -1140.625 1132.812 617.188 -539.062 679.688 734.375 359.375 554.688 562.500 -289.062 750.000
1046.875 -335.938 351.562 570.312 -500.000 812.500 617.188 -414.062 835.938 625.000 476.562 695.312 476.562 -335.938 820.312
960.938 -218.750 304.688 515.625 -492.188 750.000 578.125 -257.812 726.562 382.812 593.750 703.125 125.000 -289.062 1078.125
1039.062 -132.812 281.250 515.625 -460.938 742.188 585.938 -195.312 773.438 406.250 625.000 726.562 156.250 -242.188 1070.312
929.688 -140.625 304.688 601.562 -359.375 679.688 671.875 -164.062 703.125 453.125 632.812 710.938 164.062 -304.688 1039.062
875.000 -195.312 335.938 593.750 -375.000 687.500 687.500 -179.688 703.125 468.750 578.125 664.062 281.250 -226.562 1000.000
914.062 -156.250 335.938 609.375 -382.812 687.500 687.500 -179.688 695.312 500.000 570.312 656.250 265.625 -242.188 960.938
890.625 -218.750 328.125 531.250 -375.000 695.312 640.625 -171.875 703.125 492.188 578.125 656.250 265.625 -242.188 976.562
875.000 -242.188 328.125 468.750 -351.562 718.750 562.500 -156.250 734.375 343.750 554.688 617.188 257.812 -140.625 906.250
890.625 -265.625 320.312 468.750 -390.625 726.562 523.438 -195.312 765.625 335.938 578.125 687.500 101.562 -257.812 968.750
906.250 -382.812 304.688 335.938 -421.875 804.688 453.125 -226.562 796.875 390.625 585.938 695.312 156.250 -226.562 1000.000
937.500 -335.938 320.312 453.125 -453.125 796.875 554.688 -281.250 804.688 398.438 531.250 750.000 140.625 -320.312 976.562
968.750 -335.938 265.625 601.562 -421.875 750.000 679.688 -304.688 781.250 414.062 445.312 796.875 117.188 -390.625 945.312
695.312 -367.188 335.938 679.688 -484.375 734.375 679.688 -312.500 757.812 578.125 367.188 765.625 273.438 -507.812 843.750
898.438 -273.438 242.188 695.312 -437.500 710.938 742.188 -343.750 500.000 617.188 539.062 414.062 406.250 -476.562 796.875
750.000 -296.875 179.688 835.938 -500.000 460.938 750.000 -382.812 742.188 695.312 531.250 757.812 437.500 -382.812 875.000
1218.750 226.562 93.750 757.812 -70.312 468.750 812.500 -414.062 757.812 546.875 398.438 750.000 406.250 -210.938 914.062
1281.250 382.812 125.000 781.250 -273.438 429.688 828.125 -281.250 593.750 617.188 320.312 742.188 421.875 -250.000 898.438
976.562 125.000 218.750 750.000 -500.000 359.375 789.062 -187.500 523.438 531.250 320.312 718.750 359.375 -171.875 968.750
1054.688 46.875 187.500 820.312 -601.562 234.375 765.625 -468.750 351.562 742.188 367.188 507.812 304.688 -109.375 960.938
984.375 109.375 265.625 453.125 -1179.688 156.250 820.312 -179.688 70.312 601.562 281.250 531.250 265.625 -179.688 867.188
2304.688 1195.312 -937.500 -234.375 531.250 531.250 1585.938 -109.375 101.562 828.125 789.062 250.000 367.188 -281.250 1046.875
1093.750 -429.688 429.688 546.875 -1679.688 304.688 929.688 39.062 343.750 703.125 1273.438 46.875 187.500 242.188 1179.688
781.250 109.375 187.500 835.938 -257.812 187.500 593.750 117.188 656.250 359.375 304.688 968.750 -23.438 -578.125 929.688
828.125 125.000 195.312 859.375 -570.312 273.438 726.562 -179.688 609.375 382.812 625.000 640.625 -54.688 -117.188 1148.438
1085.938 140.625 171.875 843.750 -507.812 328.125 710.938 23.438 632.812 625.000 500.000 609.375 320.312 -179.688 1000.000
867.188 0.000 273.438 843.750 -539.062 382.812 851.562 -140.625 718.750 609.375 398.438 687.500 335.938 -187.500 921.875
1039.062 -15.625 234.375 835.938 -687.500 359.375 804.688 70.312 695.312 507.812 398.438 765.625 101.562 -328.125 968.750
945.312 -218.750 226.562 656.250 -609.375 328.125 992.188 117.188 570.312 570.312 585.938 742.188 101.562 -328.125 1078.125
1101.562 -31.250 148.438 1007.812 -500.000 421.875 679.688 210.938 734.375 625.000 468.750 757.812 289.062 -226.562 1031.250
953.125 -210.938 203.125 531.250 -773.438 453.125 1140.625 187.500 851.562 531.250 406.250 765.625 195.312 -218.750 976.562
937.500 -242.188 226.562 664.062 -492.188 601.562 703.125 281.250 828.125 570.312 421.875 789.062 148.438 -187.500 1007.812
968.750 -125.000 234.375 601.562 -414.062 593.750 593.750 320.312 765.625 476.562 476.562 789.062 70.312 -210.938 1039.062
937.500 -62.500 242.188 687.500 -367.188 531.250 617.188 328.125 734.375 476.562 507.812 773.438 70.312 -195.312 1046.875
929.688 -23.438 250.000 710.938 -351.562 507.812 632.812 343.750 718.750 492.188 507.812 757.812 85.938 -187.500 1046.875
929.688 85.938 218.750 789.062 -335.938 460.938 664.062 328.125 695.312 523.438 492.188 750.000 109.375 -195.312 1023.438
945.312 54.688 210.938 796.875 -398.438 460.938 671.875 312.500 718.750 539.062 445.312 757.812 140.625 -242.188 992.188
1000.000 15.625 187.500 734.375 -500.000 492.188 656.250 250.000 750.000 554.688 390.625 757.812 179.688 -250.000 968.750
1015.625 -39.062 203.125 765.625 -562.500 500.000 687.500 218.750 757.812 601.562 367.188 757.812 218.750 -273.438 953.125
968.750 -54.688 203.125 695.312 -570.312 515.625 625.000 242.188 757.812 632.812 390.625 765.625 281.250 -250.000 984.375
976.562 -46.875 187.500 554.688 -507.812 562.500 554.688 351.562 828.125 546.875 375.000 820.312 171.875 -242.188 1000.000
914.062 -23.438 242.188 546.875 -593.750 617.188 460.938 429.688 882.812 437.500 343.750 960.938 0.000 -304.688 1070.312
953.125 -289.062 226.562 539.062 -578.125 609.375 625.000 281.250 765.625 390.625 437.500 906.250 -31.250 -320.312 1101.562
703.125 -70.312 312.500 929.688 -531.250 367.188 906.250 125.000 601.562 640.625 476.562 734.375 203.125 -398.438 1015.625
992.188 7.812 179.688 984.375 -250.000 406.250 54.688 265.625 765.625 656.250 531.250 812.500 367.188 -343.750 1023.438
843.750 -46.875 195.312 882.812 -453.125 382.812 898.438 -7.812 460.938 437.500 445.312 640.625 296.875 -281.250 976.562
601.562 445.312 617.188 789.062 -31.250 687.500 1273.438 -679.688 757.812 625.000 476.562 546.875 328.125 -242.188 914.062
1375.000 367.188 -265.625 601.562 -664.062 867.188 367.188 -429.688 929.688 570.312 -93.750 718.750 320.312 -218.750 718.750
390.625 -140.625 343.750 703.125 -812.500 367.188 843.750 -359.375 15.625 257.812 257.812 664.062 421.875 -375.000 640.625
750.000 -1695.312 421.875 507.812 -1468.750 242.188 1703.125 -54.688 -109.375 835.938 1007.812 320.312 242.188 -171.875 960.938
781.250 -1968.750 101.562 585.938 -601.562 234.375 750.000 7.812 390.625 1203.125 726.562 367.188 414.062 -15.625 992.188
1125.000 -1148.438 -164.062 1343.750 148.438 -93.750 664.062 93.750 656.250 390.625 273.438 578.125 500.000 70.312 960.938
1382.812 -296.875 -250.000 1296.875 132.812 468.750 984.375 -187.500 1234.375 671.875 210.938 882.812 140.625 54.688 984.375
921.875 164.062 218.750 -109.375 -554.688 -273.438 2445.312 304.688 -812.500 757.812 937.500 109.375 -85.938 -289.062 953.125
351.562 -101.562 367.188 382.812 -843.750 453.125 1640.625 -304.688 -734.375 1031.250 1351.562 -726.562 54.688 -421.875 960.938
1187.500 -171.875 -7.812 429.688 -914.062 437.500 1281.250 -46.875 46.875 687.500 429.688 -507.812 742.188 570.312 906.250
1195.312 515.625 70.312 687.500 -39.062 554.688 726.562 -93.750 648.438 320.312 593.750 687.500 476.562 -390.625 640.625
1125.000 382.812 164.062 750.000 -578.125 500.000 976.562 70.312 507.812 726.562 875.000 562.500 179.688 -445.312 906.250
1117.188 31.250 140.625 921.875 -390.625 460.938 937.500 15.625 484.375 640.625 726.562 453.125 187.500 -125.000 1132.812
992.188 -46.875 140.625 671.875 -304.688 632.812 789.062 -31.250 546.875 718.750 703.125 335.938 289.062 -15.625 1195.312
992.188 179.688 148.438 640.625 -140.625 656.250 625.000 164.062 726.562 554.688 828.125 468.750 312.500 -39.062 1093.750
859.375 117.188 164.062 867.188 -85.938 445.312 835.938 171.875 515.625 617.188 835.938 406.250 210.938 -109.375 1140.625
828.125 140.625 164.062 859.375 -125.000 406.250 859.375 140.625 453.125 679.688 820.312 359.375 234.375 -85.938 1164.062
914.062 304.688 156.250 867.188 -304.688 382.812 890.625 78.125 421.875 617.188 726.562 390.625 218.750 -85.938 1117.188
1085.938 296.875 148.438 1039.062 -421.875 281.250 914.062 0.000 421.875 640.625 609.375 453.125 281.250 -210.938 976.562
1109.375 414.062 156.250 1046.875 -453.125 218.750 1000.000 -39.062 367.188 742.188 539.062 453.125 359.375 -257.812 953.125
1085.938 414.062 164.062 1109.375 -398.438 187.500 984.375 -54.688 351.562 742.188 562.500 429.688 359.375 -226.562 937.500
1039.062 320.312 164.062 1054.688 -54.688 171.875 859.375 -39.062 429.688 687.500 593.750 429.688 343.750 -187.500 937.500
1257.812 1320.312 179.688 1132.812 -906.250 546.875 1226.562 -273.438 218.750 664.062 304.688 484.375 218.750 -492.188 812.500
2109.375 1226.562 -750.000 1640.625 593.750 -320.312 1031.250 429.688 85.938 843.750 734.375 93.750 593.750 187.500 914.062
1734.375 -851.562 -992.188 1515.625 789.062 -515.625 1007.812 718.750 -156.250 710.938 812.500 -23.438 562.500 390.625 1031.250
679.688 -2507.812 -109.375 1140.625 -70.312 -85.938 1226.562 250.000 -156.250 890.625 796.875 -7.812 437.500 7.812 1015.625
726.562 -828.125 226.562 726.562 -218.750 367.188 718.750 -429.688 320.312 632.812 218.750 171.875 484.375 -78.125 835.938
1468.750 -570.312 -132.812 734.375 -398.438 507.812 664.062 -273.438 320.312 671.875 429.688 93.750 515.625 -62.500 632.812
1703.125 -85.938 -164.062 914.062 -343.750 398.438 921.875 -187.500 304.688 835.938 382.812 93.750 507.812 7.812 625.000
1742.188 39.062 -281.250 898.438 -218.750 343.750 1000.000 -31.250 148.438 851.562 515.625 -15.625 414.062 62.500 804.688
992.188 492.188 39.062 742.188 -773.438 406.250 1351.562 343.750 -218.750 1101.562 671.875 -85.938 460.938 -93.750 1007.812
710.938 187.500 265.625 1054.688 -437.500 500.000 1296.875 250.000 -210.938 1210.938 507.812 -281.250 546.875 93.750 1093.750
500.000 46.875 328.125 695.312 -265.625 515.625 1156.250 93.750 -156.250 1101.562 328.125 -234.375 648.438 148.438 1039.062
406.250 -335.938 429.688 757.812 -468.750 507.812 1164.062 46.875 -93.750 953.125 367.188 -70.312 625.000 15.625 875.000
257.812 -914.062 445.312 468.750 -273.438 632.812 937.500 -78.125 23.438 1031.250 359.375 -101.562 562.500 -23.438 898.438
601.562 -507.812 328.125 468.750 -257.812 640.625 992.188 -7.812 70.312 882.812 437.500 -78.125 507.812 226.562 937.500
664.062 -476.562 359.375 507.812 -242.188 562.500 960.938 101.562 62.500 828.125 617.188 78.125 484.375 195.312 906.250
460.938 -601.562 398.438 671.875 -312.500 468.750 921.875 93.750 70.312 750.000 601.562 109.375 398.438 7.812 882.812
796.875 -554.688 265.625 750.000 -445.312 406.250 968.750 46.875 93.750 718.750 640.625 257.812 203.125 -46.875 960.938
632.812 -765.625 312.500 750.000 -648.438 421.875 984.375 -210.938 0.000 859.375 343.750 101.562 304.688 15.625 1015.625
718.750 -742.188 289.062 687.500 -562.500 500.000 992.188 -375.000 39.062 898.438 164.062 -23.438 421.875 23.438 898.438
875.000 -656.250 281.250 906.250 -507.812 437.500 929.688 -281.250 125.000 796.875 406.250 265.625 562.500 23.438 726.562
750.000 -703.125 265.625 1000.000 -320.312 359.375 953.125 -296.875 179.688 804.688 414.062 304.688 617.188 -23.438 687.500
843.750 -609.375 234.375 953.125 -328.125 351.562 1015.625 -203.125 39.062 890.625 437.500 164.062 554.688 -46.875 781.250
859.375 -562.500 234.375 960.938 -250.000 320.312 992.188 -171.875 46.875 867.188 460.938 140.625 492.188 -7.812 835.938
906.250 -414.062 226.562 875.000 -335.938 406.250 984.375 -179.688 101.562 820.312 484.375 187.500 429.688 62.500 945.312
890.625 -406.250 218.750 750.000 -390.625 507.812 914.062 -234.375 164.062 781.250 445.312 226.562 390.625 46.875 953.125
890.625 -656.250 210.938 773.438 -351.562 515.625 921.875 -226.562 265.625 734.375 546.875 351.562 304.688 39.062 1031.250
898.438 -640.625 171.875 765.625 -398.438 523.438 968.750 -218.750 226.562 796.875 515.625 265.625 312.500 39.062 1031.250
898.438 -593.750 203.125 820.312 -328.125 531.250 960.938 -187.500 257.812 765.625 578.125 265.625 375.000 39.062 1000.000
882.812 -601.562 171.875 843.750 -226.562 445.312 937.500 -109.375 257.812 750.000 656.250 304.688 382.812 46.875 1007.812
843.750 -453.125 218.750 929.688 -195.312 367.188 1031.250 -85.938 85.938 875.000 601.562 148.438 367.188 54.688 1046.875
804.688 -398.438 234.375 960.938 -226.562 312.500 1039.062 -70.312 31.250 851.562 570.312 164.062 429.688 39.062 1023.438
804.688 -343.750 234.375 984.375 -273.438 281.250 1046.875 -164.062 -15.625 914.062 453.125 132.812 468.750 -15.625 929.688
875.000 -335.938 195.312 960.938 -335.938 296.875 1046.875 -203.125 0.000 898.438 429.688 148.438 476.562 -31.250 890.625
898.438 -523.438 179.688 867.188 -414.062 421.875 960.938 -281.250 132.812 820.312 437.500 273.438 468.750 -101.562 804.688
937.500 -507.812 195.312 843.750 -406.250 429.688 968.750 -250.000 140.625 812.500 460.938 281.250 445.312 -70.312 835.938
890.625 -468.750 195.312 835.938 -343.750 437.500 960.938 -203.125 156.250 796.875 515.625 265.625 414.062 -23.438 929.688
851.562 -468.750 226.562 843.750 -304.688 414.062 960.938 -171.875 148.438 804.688 523.438 257.812 390.625 -15.625 968.750
820.312 -429.688 218.750 859.375 -273.438 382.812 976.562 -156.250 117.188 812.500 531.250 234.375 382.812 -7.812 984.375
828.125 -414.062 218.750 867.188 -289.062 375.000 992.188 -156.250 109.375 820.312 515.625 226.562 398.438 -15.625 976.562
796.875 -445.312 234.375 906.250 -304.688 351.562 1015.625 -187.500 70.312 843.750 484.375 218.750 421.875 -15.625 929.688
781.250 -460.938 242.188 921.875 -312.500 335.938 1031.250 -203.125 62.500 843.750 460.938 210.938 429.688 -39.062 921.875
734.375 -500.000 250.000 968.750 -320.312 281.250 1062.500 -226.562 15.625 890.625 421.875 187.500 476.562 -62.500 835.938
726.562 -492.188 250.000 945.312 -320.312 296.875 1031.250 -242.188 39.062 890.625 406.250 210.938 476.562 -70.312 843.750
718.750 -492.188 257.812 843.750 -320.312 375.000 968.750 -242.188 109.375 843.750 414.062 203.125 476.562 -93.750 835.938
710.938 -468.750 242.188 812.500 -281.250 414.062 953.125 -250.000 148.438 843.750 414.062 234.375 468.750 -54.688 851.562
742.188 -398.438 218.750 679.688 -984.375 742.188 867.188 101.562 242.188 757.812 679.688 54.688 460.938 -54.688 875.000
734.375 -359.375 210.938 914.062 -585.938 398.438 828.125 265.625 289.062 625.000 757.812 210.938 484.375 -54.688 875.000
695.312 -492.188 195.312 781.250 -46.875 421.875 945.312 -140.625 257.812 789.062 578.125 265.625 429.688 164.062 1007.812
671.875 -492.188 140.625 750.000 -164.062 453.125 937.500 -85.938 234.375 757.812 578.125 234.375 398.438 62.500 992.188
687.500 -757.812 -54.688 976.562 -23.438 726.562 976.562 -78.125 156.250 820.312 609.375 70.312 429.688 125.000 968.750
804.688 -492.188 -31.250 656.250 -226.562 382.812 1093.750 7.812 85.938 859.375 570.312 46.875 445.312 117.188 921.875
828.125 -500.000 -85.938 789.062 -312.500 398.438 1046.875 23.438 70.312 828.125 562.500 54.688 453.125 70.312 867.188
851.562 -570.312 -85.938 757.812 -367.188 414.062 1046.875 23.438 54.688 796.875 546.875 85.938 445.312 54.688 867.188
812.500 -656.250 -125.000 742.188 -437.500 445.312 976.562 31.250 140.625 804.688 523.438 85.938 476.562 62.500 843.750
796.875 -695.312 -101.562 750.000 -429.688 453.125 921.875 7.812 195.312 781.250 515.625 125.000 484.375 62.500 796.875
734.375 -718.750 -109.375 695.312 -406.250 468.750 882.812 -15.625 234.375 789.062 476.562 117.188 484.375 46.875 781.250
726.562 -726.562 -101.562 687.500 -382.812 476.562 875.000 -23.438 257.812 757.812 445.312 140.625 468.750 46.875 773.438
679.688 -671.875 -85.938 656.250 -343.750 484.375 804.688 -62.500 296.875 742.188 421.875 148.438 406.250 31.250 765.625
656.250 -625.000 -85.938 625.000 -335.938 492.188 750.000 -70.312 335.938 703.125 421.875 148.438 367.188 39.062 773.438
625.000 -585.938 -78.125 593.750 -320.312 515.625 718.750 -46.875 382.812 664.062 437.500 179.688 320.312 46.875 789.062
617.188 -562.500 -109.375 578.125 -328.125 515.625 695.312 -46.875 390.625 648.438 460.938 195.312 296.875 39.062 781.250
609.375 -554.688 -125.000 515.625 -304.688 554.688 609.375 -39.062 476.562 585.938 500.000 242.188 242.188 39.062 796.875
625.000 -554.688 -132.812 414.062 -265.625 664.062 453.125 -15.625 734.375 484.375 546.875 468.750 156.250 23.438 859.375
593.750 -593.750 -148.438 328.125 -265.625 734.375 445.312 -31.250 828.125 421.875 625.000 570.312 78.125 7.812 953.125
578.125 -617.188 -156.250 273.438 -304.688 773.438 468.750 -46.875 835.938 429.688 671.875 601.562 31.250 15.625 1007.812
562.500 -664.062 -179.688 203.125 -390.625 835.938 484.375 -31.250 859.375 421.875 718.750 632.812 -54.688 0.000 1109.375
554.688 -820.312 -195.312 125.000 -515.625 906.250 515.625 -62.500 867.188 453.125 765.625 664.062 -117.188 -23.438 1195.312
500.000 -960.938 -203.125 132.812 -546.875 921.875 523.438 -78.125 882.812 468.750 726.562 671.875 -109.375 -39.062 1179.688
468.750 -1023.438 -203.125 132.812 -562.500 914.062 531.250 -93.750 867.188 468.750 710.938 656.250 -101.562 -54.688 1156.250
414.062 -1132.812 -187.500 148.438 -570.312 906.250 500.000 -164.062 875.000 468.750 640.625 656.250 -78.125 -85.938 1117.188
351.562 -1250.000 -171.875 148.438 -617.188 890.625 484.375 -226.562 882.812 460.938 546.875 671.875 -31.250 -101.562 1023.438
312.500 -1257.812 -179.688 140.625 -617.188 890.625 445.312 -234.375 906.250 421.875 546.875 703.125 -15.625 -109.375 992.188
304.688 -1234.375 -171.875 132.812 -617.188 898.438 414.062 -226.562 945.312 421.875 562.500 734.375 -31.250 -109.375 992.188
312.500 -1195.312 -179.688 109.375 -609.375 914.062 335.938 -210.938 1039.062 390.625 578.125 804.688 -39.062 -164.062 1015.625
312.500 -1140.625 -226.562 70.312 -546.875 953.125 289.062 -164.062 1132.812 351.562 648.438 914.062 -85.938 -179.688 1078.125
328.125 -1070.312 -257.812 7.812 -585.938 976.562 312.500 -171.875 1117.188 328.125 679.688 906.250 -148.438 -179.688 1140.625
335.938 -1031.250 -289.062 -15.625 -593.750 992.188 328.125 -179.688 1101.562 335.938 687.500 890.625 -156.250 -171.875 1171.875
343.750 -1000.000 -351.562 -15.625 -578.125 968.750 351.562 -156.250 1031.250 351.562 703.125 843.750 -187.500 -187.500 1203.125
320.312 -1000.000 -359.375 31.250 -570.312 914.062 367.188 -148.438 992.188 343.750 687.500 835.938 -179.688 -187.500 1179.688
296.875 -1007.812 -359.375 70.312 -554.688 867.188 375.000 -156.250 960.938 359.375 648.438 804.688 -148.438 -195.312 1132.812
281.250 -1000.000 -343.750 70.312 -554.688 843.750 382.812 -171.875 945.312 375.000 625.000 804.688 -125.000 -203.125 1093.750
242.188 -984.375 -335.938 85.938 -554.688 828.125 390.625 -195.312 929.688 382.812 578.125 781.250 -85.938 -203.125 1039.062
226.562 -960.938 -320.312 101.562 -585.938 804.688 398.438 -218.750 890.625 406.250 523.438 726.562 -39.062 -203.125 976.562
226.562 -968.750 -312.500 93.750 -585.938 789.062 406.250 -226.562 851.562 421.875 507.812 718.750 -15.625 -203.125 953.125
218.750 -968.750 -328.125 101.562 -593.750 781.250 406.250 -234.375 835.938 421.875 500.000 703.125 -7.812 -210.938 953.125
210.938 -960.938 -320.312 101.562 -585.938 773.438 414.062 -250.000 835.938 429.688 476.562 687.500 7.812 -210.938 937.500
210.938 -945.312 -312.500 125.000 -578.125 773.438 406.250 -242.188 820.312 414.062 453.125 679.688 15.625 -218.750 898.438
218.750 -929.688 -304.688 117.188 -562.500 757.812 398.438 -234.375 812.500 406.250 453.125 679.688 15.625 -210.938 890.625
210.938 -914.062 -320.312 125.000 -554.688 750.000 390.625 -226.562 820.312 406.250 460.938 679.688 7.812 -203.125 890.625
