203.125 -937.500 -390.625 78.125 -328.125 953.125 179.688 -164.062 992.188 367.188 148.438 984.375 93.750 640.625 820.312
210.938 -953.125 -390.625 46.875 -328.125 992.188 171.875 -101.562 1039.062 320.312 101.562 1015.625 101.562 609.375 812.500
195.312 -968.750 -367.188 62.500 -257.812 992.188 140.625 -78.125 1054.688 304.688 132.812 1039.062 93.750 640.625 843.750
179.688 -968.750 -343.750 39.062 -250.000 1007.812 140.625 -78.125 1070.312 289.062 125.000 1046.875 85.938 640.625 835.938
148.438 -945.312 -312.500 23.438 -250.000 1015.625 109.375 -101.562 1093.750 281.250 125.000 1070.312 85.938 664.062 835.938
195.312 -796.875 -320.312 -15.625 -328.125 1101.562 78.125 -117.188 1164.062 250.000 132.812 1156.250 78.125 726.562 898.438
250.000 -953.125 -359.375 -85.938 -375.000 1179.688 46.875 -62.500 1234.375 195.312 125.000 1265.625 70.312 750.000 937.500
39.062 -929.688 -171.875 -78.125 -187.500 1187.500 -46.875 -15.625 1343.750 218.750 101.562 1296.875 117.188 835.938 914.062
-257.812 -671.875 -23.438 -156.250 -85.938 1195.312 -7.812 70.312 1257.812 281.250 226.562 1156.250 226.562 890.625 851.562
-257.812 -671.875 -23.438 -156.250 -85.938 1195.312 -7.812 70.312 1257.812 281.250 226.562 1156.250 226.562 890.625 851.562
-296.875 -718.750 -109.375 -125.000 -62.500 1140.625 85.938 70.312 1093.750 343.750 304.688 882.812 320.312 859.375 593.750
-289.062 -781.250 -62.500 -101.562 62.500 1070.312 109.375 125.000 1031.250 414.062 320.312 773.438 414.062 812.500 437.500
-320.312 -906.250 -187.500 78.125 171.875 867.188 210.938 125.000 789.062 460.938 304.688 515.625 484.375 695.312 195.312
-132.812 -1523.438 -296.875 507.812 265.625 585.938 281.250 -62.500 601.562 492.188 164.062 273.438 445.312 476.562 140.625
-39.062 -1523.438 -375.000 367.188 -398.438 789.062 453.125 -171.875 531.250 507.812 257.812 507.812 398.438 593.750 414.062
375.000 -1335.938 -804.688 382.812 -960.938 851.562 937.500 -320.312 664.062 1085.938 390.625 546.875 546.875 1085.938 695.312
375.000 -1335.938 -804.688 382.812 -960.938 851.562 937.500 -320.312 664.062 1085.938 390.625 546.875 546.875 1085.938 695.312
343.750 -1195.312 -820.312 375.000 -695.312 882.812 843.750 -296.875 734.375 890.625 304.688 664.062 421.875 773.438 820.312
343.750 -1195.312 -820.312 375.000 -695.312 882.812 843.750 -296.875 734.375 890.625 304.688 664.062 421.875 773.438 820.312
195.312 -718.750 -710.938 578.125 -507.812 585.938 804.688 -101.562 593.750 914.062 421.875 562.500 507.812 843.750 789.062
234.375 -531.250 -765.625 718.750 -507.812 421.875 937.500 -132.812 367.188 945.312 343.750 320.312 609.375 664.062 640.625
273.438 -445.312 -773.438 765.625 -515.625 312.500 914.062 -210.938 296.875 906.250 148.438 281.250 531.250 421.875 640.625
304.688 -382.812 -781.250 671.875 -562.500 335.938 781.250 -250.000 414.062 812.500 109.375 484.375 515.625 460.938 734.375
304.688 -382.812 -781.250 671.875 -562.500 335.938 781.250 -250.000 414.062 812.500 109.375 484.375 515.625 460.938 734.375
343.750 -445.312 -843.750 585.938 -648.438 367.188 781.250 -234.375 414.062 804.688 132.812 476.562 546.875 476.562 742.188
226.562 -492.188 -757.812 546.875 -578.125 406.250 781.250 -304.688 398.438 859.375 85.938 367.188 601.562 375.000 648.438
203.125 -523.438 -687.500 570.312 -570.312 382.812 789.062 -304.688 382.812 867.188 62.500 343.750 625.000 335.938 609.375
203.125 -523.438 -687.500 570.312 -570.312 382.812 789.062 -304.688 382.812 867.188 62.500 343.750 625.000 335.938 609.375
195.312 -546.875 -710.938 570.312 -609.375 390.625 820.312 -304.688 367.188 875.000 85.938 343.750 656.250 359.375 593.750
289.062 -492.188 -781.250 554.688 -601.562 414.062 781.250 -289.062 445.312 867.188 70.312 414.062 640.625 390.625 648.438
257.812 -523.438 -750.000 578.125 -593.750 421.875 781.250 -273.438 460.938 867.188 78.125 445.312 648.438 406.250 671.875
257.812 -523.438 -757.812 585.938 -609.375 421.875 789.062 -273.438 453.125 867.188 101.562 437.500 656.250 414.062 679.688
367.188 -617.188 -820.312 617.188 -671.875 445.312 804.688 -281.250 460.938 851.562 46.875 445.312 640.625 367.188 625.000
367.188 -617.188 -820.312 617.188 -671.875 445.312 804.688 -281.250 460.938 851.562 46.875 445.312 640.625 367.188 625.000
367.188 -617.188 -820.312 617.188 -671.875 445.312 804.688 -281.250 460.938 851.562 46.875 445.312 640.625 367.188 625.000
367.188 -617.188 -820.312 617.188 -671.875 445.312 804.688 -281.250 460.938 851.562 46.875 445.312 640.625 367.188 625.000
328.125 -742.188 -750.000 640.625 -695.312 460.938 843.750 -320.312 421.875 898.438 31.250 367.188 640.625 328.125 593.750
328.125 -742.188 -750.000 640.625 -695.312 460.938 843.750 -320.312 421.875 898.438 31.250 367.188 640.625 328.125 593.750
140.625 -1125.000 -546.875 710.938 -882.812 437.500 968.750 -382.812 312.500 1062.500 -39.062 210.938 734.375 187.500 539.062
132.812 -1257.812 -570.312 742.188 -945.312 445.312 1015.625 -437.500 265.625 1101.562 -46.875 148.438 750.000 140.625 515.625
312.500 -1500.000 -617.188 796.875 -1093.750 460.938 1109.375 -648.438 218.750 1265.625 -187.500 -7.812 828.125 -31.250 398.438
289.062 -1648.438 -617.188 882.812 -1125.000 453.125 1156.250 -757.812 187.500 1320.312 -289.062 -85.938 867.188 -156.250 312.500
234.375 -2421.875 -687.500 1000.000 -1179.688 453.125 1148.438 -1273.438 23.438 1250.000 -796.875 -437.500 976.562 -734.375 -85.938
70.312 -2171.875 -914.062 890.625 -1406.250 265.625 867.188 -843.750 -203.125 804.688 -656.250 -656.250 796.875 -640.625 -695.312
70.312 -2171.875 -914.062 890.625 -1406.250 265.625 867.188 -843.750 -203.125 804.688 -656.250 -656.250 796.875 -640.625 -695.312
70.312 -2171.875 -914.062 890.625 -1406.250 265.625 867.188 -843.750 -203.125 804.688 -656.250 -656.250 796.875 -640.625 -695.312
203.125 -1843.750 -1226.562 773.438 -937.500 -109.375 632.812 -242.188 -476.562 531.250 23.438 -914.062 351.562 15.625 -1375.000
171.875 -1773.438 -1304.688 992.188 -531.250 -265.625 609.375 -125.000 -507.812 289.062 328.125 -1015.625 257.812 226.562 -1539.062
234.375 -1609.375 -1476.562 890.625 7.812 -664.062 539.062 648.438 -742.188 164.062 968.750 -1171.875 -31.250 820.312 -1796.875
546.875 -882.812 -1640.625 750.000 1312.500 -1046.875 296.875 1695.312 -765.625 -382.812 2054.688 -1179.688 -664.062 1859.375 -1703.125
671.875 -46.875 -1562.500 476.562 2000.000 -976.562 132.812 2281.250 -531.250 -726.562 2335.938 -687.500 -1156.250 2273.438 -1203.125
843.750 226.562 -1546.875 359.375 2210.938 -875.000 23.438 2445.312 -312.500 -937.500 2476.562 -484.375 -1312.500 2421.875 -898.438
1250.000 1226.562 -1070.312 0.000 2265.625 -148.438 -289.062 2351.562 468.750 -1398.438 2437.500 546.875 -1531.250 2500.000 23.438
1218.750 1570.312 70.312 -328.125 1203.125 1218.750 -359.375 1515.625 1195.312 -1085.938 2109.375 1179.688 -1187.500 2367.188 750.000
1218.750 1570.312 70.312 -328.125 1203.125 1218.750 -359.375 1515.625 1195.312 -1085.938 2109.375 1179.688 -1187.500 2367.188 750.000
1218.750 1570.312 70.312 -328.125 1203.125 1218.750 -359.375 1515.625 1195.312 -1085.938 2109.375 1179.688 -1187.500 2367.188 750.000
593.750 398.438 632.812 23.438 1039.062 992.188 -109.375 1203.125 1156.250 -640.625 1523.438 1046.875 -781.250 1742.188 515.625
367.188 62.500 765.625 78.125 890.625 953.125 -7.812 1085.938 1031.250 -570.312 1335.938 937.500 -648.438 1507.812 429.688
-140.625 -523.438 1085.938 156.250 687.500 867.188 125.000 820.312 820.312 -250.000 1046.875 562.500 -320.312 1140.625 148.438
-539.062 -664.062 1250.000 187.500 710.938 781.250 187.500 828.125 687.500 -101.562 1023.438 367.188 -140.625 1054.688 -62.500
-414.062 -773.438 1195.312 218.750 734.375 703.125 226.562 828.125 593.750 -85.938 1023.438 250.000 -117.188 1015.625 -156.250
-78.125 -367.188 984.375 218.750 781.250 671.875 171.875 820.312 671.875 -125.000 976.562 335.938 -195.312 984.375 -195.312
-78.125 -367.188 984.375 218.750 781.250 671.875 171.875 820.312 671.875 -125.000 976.562 335.938 -195.312 984.375 -195.312
140.625 -234.375 867.188 226.562 750.000 671.875 148.438 835.938 742.188 -226.562 937.500 476.562 -289.062 1007.812 -78.125
242.188 -140.625 804.688 218.750 773.438 703.125 109.375 835.938 812.500 -210.938 976.562 617.188 -367.188 1109.375 109.375
226.562 -109.375 812.500 203.125 765.625 726.562 109.375 820.312 812.500 -187.500 984.375 664.062 -375.000 1140.625 187.500
117.188 -195.312 835.938 203.125 757.812 718.750 132.812 804.688 804.688 -140.625 1000.000 625.000 -335.938 1148.438 187.500
-31.250 -460.938 929.688 195.312 695.312 757.812 148.438 726.562 804.688 -62.500 992.188 515.625 -265.625 1085.938 70.312
-101.562 -476.562 1000.000 187.500 671.875 804.688 109.375 726.562 914.062 -132.812 890.625 609.375 -187.500 1031.250 -31.250
-93.750 -406.250 1039.062 117.188 679.688 906.250 54.688 679.688 1007.812 15.625 890.625 656.250 -156.250 1085.938 15.625
46.875 -320.312 968.750 23.438 679.688 1117.188 -226.562 617.188 1187.500 -257.812 1007.812 867.188 -343.750 1242.188 312.500
46.875 -320.312 968.750 23.438 679.688 1117.188 -226.562 617.188 1187.500 -257.812 1007.812 867.188 -343.750 1242.188 312.500
46.875 -320.312 968.750 23.438 679.688 1117.188 -226.562 617.188 1187.500 -257.812 1007.812 867.188 -343.750 1242.188 312.500
421.875 0.000 726.562 234.375 789.062 890.625 -250.000 664.062 1601.562 -242.188 1281.250 1062.500 -523.438 1562.500 648.438
703.125 335.938 437.500 351.562 1109.375 804.688 -140.625 890.625 1171.875 -343.750 1507.812 1062.500 -648.438 1781.250 796.875
1093.750 468.750 -70.312 -164.062 625.000 1031.250 -125.000 875.000 726.562 -757.812 1859.375 640.625 -1101.562 1835.938 781.250
1156.250 351.562 -492.188 -156.250 1140.625 398.438 15.625 1539.062 710.938 -335.938 2148.438 148.438 -1226.562 2007.812 492.188
1359.375 -421.875 -1195.312 539.062 1609.375 -148.438 140.625 1992.188 460.938 -507.812 2117.188 -171.875 -968.750 2140.625 -554.688
1359.375 -421.875 -1195.312 539.062 1609.375 -148.438 140.625 1992.188 460.938 -507.812 2117.188 -171.875 -968.750 2140.625 -554.688
906.250 -1054.688 -1312.500 632.812 1171.875 -187.500 390.625 1859.375 39.062 -398.438 1960.938 -757.812 -609.375 1984.375 -1125.000
210.938 -1593.750 -953.125 695.312 601.562 -140.625 507.812 1226.562 -523.438 -296.875 1390.625 -1125.000 -93.750 1320.312 -1710.938
210.938 -1593.750 -953.125 695.312 601.562 -140.625 507.812 1226.562 -523.438 -296.875 1390.625 -1125.000 -93.750 1320.312 -1710.938
-375.000 -2820.312 476.562 960.938 -1296.875 335.938 968.750 -953.125 -242.188 789.062 -765.625 -578.125 640.625 -789.062 -468.750
-375.000 -2820.312 476.562 960.938 -1296.875 335.938 968.750 -953.125 -242.188 789.062 -765.625 -578.125 640.625 -789.062 -468.750
-375.000 -2820.312 476.562 960.938 -1296.875 335.938 968.750 -953.125 -242.188 789.062 -765.625 -578.125 640.625 -789.062 -468.750
-375.000 -2820.312 476.562 960.938 -1296.875 335.938 968.750 -953.125 -242.188 789.062 -765.625 -578.125 640.625 -789.062 -468.750
-156.250 -2296.875 484.375 1226.562 -1242.188 296.875 1171.875 -1265.625 -39.062 1007.812 -1000.000 -351.562 781.250 -882.812 -125.000
500.000 -1359.375 31.250 804.688 -687.500 726.562 929.688 -460.938 546.875 976.562 7.812 234.375 648.438 335.938 328.125
500.000 -1359.375 31.250 804.688 -687.500 726.562 929.688 -460.938 546.875 976.562 7.812 234.375 648.438 335.938 328.125
468.750 -1210.938 -15.625 750.000 -453.125 828.125 882.812 -257.812 640.625 953.125 273.438 296.875 617.188 601.562 375.000
523.438 -1062.500 -125.000 648.438 -78.125 882.812 750.000 164.062 789.062 906.250 656.250 460.938 585.938 1000.000 429.688
554.688 -617.188 -171.875 632.812 132.812 843.750 726.562 328.125 898.438 929.688 734.375 617.188 585.938 1179.688 562.500
546.875 -500.000 -164.062 664.062 164.062 726.562 765.625 343.750 804.688 890.625 796.875 570.312 554.688 1210.938 601.562
570.312 -484.375 -179.688 679.688 117.188 687.500 812.500 335.938 750.000 914.062 789.062 554.688 562.500 1156.250 585.938
625.000 -562.500 -203.125 703.125 46.875 656.250 812.500 210.938 687.500 875.000 664.062 476.562 585.938 1023.438 531.250
585.938 -757.812 -132.812 718.750 -125.000 648.438 750.000 54.688 726.562 828.125 421.875 578.125 531.250 843.750 593.750
593.750 -921.875 -109.375 710.938 -257.812 679.688 726.562 -78.125 710.938 804.688 328.125 570.312 500.000 750.000 601.562
648.438 -1046.875 -85.938 710.938 -390.625 726.562 757.812 -242.188 703.125 867.188 171.875 523.438 546.875 585.938 593.750
648.438 -1046.875 -85.938 710.938 -390.625 726.562 757.812 -242.188 703.125 867.188 171.875 523.438 546.875 585.938 593.750
648.438 -1046.875 -85.938 710.938 -390.625 726.562 757.812 -242.188 703.125 867.188 171.875 523.438 546.875 585.938 593.750
687.500 -1109.375 -132.812 750.000 -453.125 710.938 812.500 -250.000 617.188 929.688 125.000 421.875 632.812 492.188 507.812
734.375 -1078.125 -203.125 765.625 -398.438 648.438 875.000 -242.188 601.562 875.000 156.250 335.938 687.500 507.812 468.750
906.250 -1156.250 -359.375 710.938 -296.875 671.875 796.875 -156.250 617.188 1101.562 273.438 359.375 765.625 656.250 429.688
1101.562 -1000.000 -445.312 664.062 -195.312 625.000 773.438 -54.688 609.375 1000.000 390.625 359.375 781.250 750.000 453.125
687.500 -945.312 -125.000 531.250 -195.312 554.688 718.750 -23.438 578.125 843.750 421.875 414.062 515.625 750.000 570.312
687.500 -945.312 -125.000 531.250 -195.312 554.688 718.750 -23.438 578.125 843.750 421.875 414.062 515.625 750.000 570.312
687.500 -945.312 -125.000 531.250 -195.312 554.688 718.750 -23.438 578.125 843.750 421.875 414.062 515.625 750.000 570.312
687.500 -945.312 -125.000 531.250 -195.312 554.688 718.750 -23.438 578.125 843.750 421.875 414.062 515.625 750.000 570.312
554.688 -1039.062 46.875 335.938 -242.188 562.500 546.875 -109.375 500.000 718.750 359.375 445.312 398.438 687.500 585.938
476.562 -1148.438 85.938 257.812 -367.188 578.125 507.812 -101.562 476.562 664.062 273.438 437.500 390.625 617.188 546.875
226.562 -976.562 281.250 281.250 -414.062 609.375 320.312 -257.812 476.562 562.500 125.000 390.625 312.500 429.688 562.500
226.562 -750.000 335.938 335.938 -531.250 640.625 218.750 -507.812 476.562 843.750 -39.062 375.000 312.500 218.750 570.312
-250.000 492.188 523.438 312.500 -710.938 929.688 179.688 -296.875 984.375 101.562 -656.250 914.062 78.125 -23.438 703.125
-429.688 1390.625 398.438 31.250 -1109.375 1500.000 351.562 -757.812 984.375 203.125 -570.312 796.875 140.625 203.125 687.500
992.188 -85.938 93.750 593.750 -312.500 656.250 351.562 -453.125 960.938 664.062 -62.500 992.188 -382.812 585.938 1140.625
992.188 -85.938 93.750 593.750 -312.500 656.250 351.562 -453.125 960.938 664.062 -62.500 992.188 -382.812 585.938 1140.625
929.688 -570.312 195.312 296.875 -523.438 914.062 406.250 -515.625 820.312 546.875 148.438 929.688 226.562 773.438 1140.625
929.688 -570.312 195.312 296.875 -523.438 914.062 406.250 -515.625 820.312 546.875 148.438 929.688 226.562 773.438 1140.625
945.312 -523.438 156.250 257.812 -437.500 914.062 210.938 -484.375 929.688 476.562 -39.062 906.250 304.688 656.250 835.938
890.625 -343.750 210.938 570.312 -398.438 781.250 523.438 -429.688 804.688 695.312 -109.375 757.812 367.188 546.875 781.250
890.625 -343.750 210.938 570.312 -398.438 781.250 523.438 -429.688 804.688 695.312 -109.375 757.812 367.188 546.875 781.250
820.312 -312.500 226.562 601.562 -390.625 765.625 531.250 -398.438 789.062 710.938 -85.938 750.000 351.562 562.500 789.062
812.500 -273.438 226.562 640.625 -351.562 718.750 578.125 -382.812 757.812 742.188 -117.188 726.562 351.562 539.062 796.875
875.000 -203.125 218.750 664.062 -382.812 687.500 585.938 -390.625 734.375 664.062 -125.000 750.000 273.438 523.438 828.125
906.250 -273.438 179.688 437.500 -335.938 742.188 312.500 -304.688 843.750 406.250 -78.125 914.062 62.500 601.562 882.812
906.250 -273.438 179.688 437.500 -335.938 742.188 312.500 -304.688 843.750 406.250 -78.125 914.062 62.500 601.562 882.812
851.562 -484.375 187.500 218.750 -304.688 828.125 132.812 -273.438 929.688 320.312 -31.250 984.375 54.688 671.875 859.375
757.812 -773.438 195.312 -54.688 -234.375 937.500 -85.938 -210.938 1031.250 195.312 54.688 1117.188 46.875 820.312 953.125
343.750 -656.250 367.188 31.250 -289.062 1000.000 54.688 -296.875 1031.250 398.438 -23.438 984.375 140.625 726.562 976.562
179.688 -500.000 445.312 39.062 -484.375 1132.812 156.250 -343.750 1007.812 539.062 -78.125 929.688 265.625 664.062 914.062
-578.125 -62.500 750.000 296.875 -562.500 976.562 476.562 -429.688 1070.312 656.250 -437.500 976.562 226.562 375.000 1085.938
1281.250 312.500 -132.812 945.312 -781.250 773.438 804.688 -414.062 875.000 507.812 -312.500 1007.812 46.875 578.125 1343.750
1281.250 312.500 -132.812 945.312 -781.250 773.438 804.688 -414.062 875.000 507.812 -312.500 1007.812 46.875 578.125 1343.750
679.688 -140.625 148.438 796.875 -765.625 585.938 679.688 -367.188 656.250 789.062 -203.125 906.250 -226.562 656.250 1593.750
1648.438 -2023.438 -1132.812 515.625 7.812 101.562 296.875 132.812 328.125 414.062 -1632.812 -1132.812 546.875 -1171.875 703.125
1648.438 -2023.438 -1132.812 515.625 7.812 101.562 296.875 132.812 328.125 414.062 -1632.812 -1132.812 546.875 -1171.875 703.125
1648.438 -2023.438 -1132.812 515.625 7.812 101.562 296.875 132.812 328.125 414.062 -1632.812 -1132.812 546.875 -1171.875 703.125
1648.438 -2023.438 -1132.812 515.625 7.812 101.562 296.875 132.812 328.125 414.062 -1632.812 -1132.812 546.875 -1171.875 703.125
828.125 -1468.750 -703.125 304.688 -15.625 250.000 359.375 406.250 500.000 2070.312 3359.375 2429.688 890.625 976.562 414.062
609.375 -375.000 -734.375 -148.438 -109.375 960.938 -125.000 0.000 953.125 289.062 93.750 1250.000 843.750 500.000 54.688
1070.312 164.062 -875.000 -226.562 -640.625 1523.438 -328.125 -265.625 1304.688 85.938 -132.812 1109.375 789.062 468.750 359.375
1437.500 601.562 -960.938 -31.250 -265.625 1523.438 -46.875 -359.375 1468.750 476.562 -304.688 1140.625 1156.250 242.188 -93.750
1335.938 78.125 -812.500 250.000 -125.000 914.062 101.562 31.250 1093.750 257.812 -203.125 1156.250 671.875 648.438 812.500
1101.562 -171.875 -687.500 234.375 -109.375 953.125 54.688 23.438 1164.062 273.438 -312.500 1171.875 710.938 531.250 687.500
1101.562 -171.875 -687.500 234.375 -109.375 953.125 54.688 23.438 1164.062 273.438 -312.500 1171.875 710.938 531.250 687.500
632.812 -523.438 -398.438 54.688 -164.062 1039.062 39.062 -101.562 1101.562 328.125 -367.188 960.938 906.250 304.688 414.062
726.562 -601.562 -359.375 257.812 -148.438 906.250 132.812 -132.812 1031.250 406.250 -390.625 867.188 945.312 218.750 289.062
789.062 -554.688 -437.500 85.938 -281.250 992.188 85.938 -132.812 1007.812 375.000 -359.375 890.625 843.750 234.375 398.438
820.312 -523.438 -460.938 109.375 -234.375 945.312 85.938 -125.000 1007.812 359.375 -367.188 906.250 812.500 210.938 437.500
796.875 -351.562 -500.000 -39.062 -250.000 1015.625 -171.875 -101.562 1109.375 351.562 -351.562 1031.250 632.812 296.875 679.688
734.375 -179.688 -500.000 -203.125 -148.438 1046.875 -265.625 15.625 1195.312 70.312 -429.688 1171.875 632.812 296.875 726.562
679.688 -281.250 -445.312 62.500 -132.812 992.188 101.562 23.438 1140.625 359.375 -242.188 1195.312 734.375 726.562 750.000
679.688 -281.250 -445.312 62.500 -132.812 992.188 101.562 23.438 1140.625 359.375 -242.188 1195.312 734.375 726.562 750.000
625.000 -367.188 -414.062 968.750 -226.562 789.062 875.000 -242.188 984.375 968.750 -609.375 765.625 945.312 70.312 242.188
625.000 -367.188 -414.062 968.750 -226.562 789.062 875.000 -242.188 984.375 968.750 -609.375 765.625 945.312 70.312 242.188
945.312 312.500 -781.250 1625.000 -492.188 539.062 1132.812 968.750 2468.750 859.375 1234.375 -578.125 1125.000 -523.438 -257.812
1070.312 437.500 -867.188 1625.000 -539.062 445.312 968.750 117.188 1460.938 -289.062 -195.312 2085.938 1304.688 -1421.875 31.250
898.438 546.875 -851.562 -1015.625 -1828.125 2554.688 -851.562 -757.812 1320.312 664.062 218.750 867.188 937.500 382.812 -460.938
984.375 -93.750 -882.812 -484.375 -148.438 203.125 -421.875 531.250 453.125 -1328.125 265.625 1757.812 1062.500 1156.250 -210.938
-492.188 -1664.062 -164.062 492.188 -429.688 179.688 148.438 -851.562 -203.125 1914.062 -460.938 -1671.875 945.312 -39.062 1304.688
-492.188 -1664.062 -164.062 492.188 -429.688 179.688 148.438 -851.562 -203.125 1914.062 -460.938 -1671.875 945.312 -39.062 1304.688
226.562 -1718.750 -328.125 335.938 -312.500 539.062 906.250 171.875 31.250 820.312 156.250 62.500 1195.312 328.125 7.812
226.562 -1718.750 -328.125 335.938 -312.500 539.062 906.250 171.875 31.250 820.312 156.250 62.500 1195.312 328.125 7.812
789.062 -210.938 -781.250 992.188 -210.938 281.250 960.938 -164.062 328.125 1101.562 117.188 93.750 929.688 476.562 445.312
789.062 -210.938 -781.250 992.188 -210.938 281.250 960.938 -164.062 328.125 1101.562 117.188 93.750 929.688 476.562 445.312
476.562 -484.375 -632.812 835.938 -421.875 328.125 1062.500 -226.562 140.625 1101.562 117.188 -62.500 859.375 351.562 414.062
515.625 -648.438 -609.375 781.250 -515.625 382.812 984.375 -320.312 187.500 1039.062 -7.812 -31.250 867.188 226.562 304.688
625.000 -710.938 -632.812 773.438 -625.000 437.500 968.750 -414.062 234.375 1023.438 -78.125 46.875 890.625 148.438 289.062
656.250 -718.750 -656.250 796.875 -679.688 460.938 976.562 -445.312 257.812 1046.875 -70.312 85.938 882.812 171.875 320.312
546.875 -710.938 -656.250 632.812 -585.938 523.438 812.500 -421.875 382.812 953.125 -70.312 203.125 882.812 242.188 390.625
546.875 -710.938 -656.250 632.812 -585.938 523.438 812.500 -421.875 382.812 953.125 -70.312 203.125 882.812 242.188 390.625
546.875 -710.938 -656.250 632.812 -585.938 523.438 812.500 -421.875 382.812 953.125 -70.312 203.125 882.812 242.188 390.625
398.438 -671.875 -570.312 664.062 -460.938 476.562 804.688 -335.938 359.375 968.750 -39.062 195.312 898.438 257.812 398.438
468.750 -632.812 -632.812 765.625 -476.562 406.250 953.125 -312.500 312.500 1062.500 70.312 164.062 960.938 390.625 421.875
437.500 -625.000 -617.188 781.250 -492.188 359.375 945.312 -218.750 304.688 1039.062 85.938 171.875 890.625 351.562 476.562
554.688 -585.938 -718.750 750.000 -523.438 382.812 984.375 -203.125 335.938 1093.750 195.312 242.188 742.188 523.438 695.312
554.688 -585.938 -718.750 750.000 -523.438 382.812 984.375 -203.125 335.938 1093.750 195.312 242.188 742.188 523.438 695.312
757.812 -726.562 -968.750 726.562 -585.938 414.062 992.188 -156.250 367.188 1109.375 289.062 320.312 687.500 625.000 781.250
914.062 -1546.875 -1125.000 1125.000 -390.625 -46.875 1234.375 -382.812 -218.750 1195.312 -70.312 -382.812 1117.188 93.750 78.125
914.062 -1546.875 -1125.000 1125.000 -390.625 -46.875 1234.375 -382.812 -218.750 1195.312 -70.312 -382.812 1117.188 93.750 78.125
914.062 -1546.875 -1125.000 1125.000 -390.625 -46.875 1234.375 -382.812 -218.750 1195.312 -70.312 -382.812 1117.188 93.750 78.125
515.625 -1632.812 -867.188 968.750 -390.625 -312.500 914.062 -62.500 -453.125 914.062 -39.062 -453.125 953.125 -335.938 31.250
148.438 -1187.500 -515.625 609.375 -164.062 -257.812 343.750 -234.375 -70.312 1031.250 -351.562 -515.625 726.562 -585.938 -15.625
179.688 -601.562 -445.312 -156.250 -406.250 -7.812 -140.625 -390.625 117.188 250.000 -562.500 -375.000 187.500 -312.500 312.500
210.938 -171.875 -453.125 -320.312 -796.875 460.938 -679.688 -515.625 320.312 -148.438 -281.250 -234.375 -109.375 -109.375 281.250
-960.938 1328.125 203.125 -296.875 843.750 1265.625 -671.875 304.688 2414.062 289.062 -859.375 2421.875 -62.500 570.312 1609.375
-960.938 1328.125 203.125 -296.875 843.750 1265.625 -671.875 304.688 2414.062 289.062 -859.375 2421.875 -62.500 570.312 1609.375
1781.250 85.938 -179.688 960.938 -1125.000 617.188 757.812 -429.688 539.062 -1078.125 375.000 2007.812 -1015.625 1085.938 2492.188
1781.250 85.938 -179.688 960.938 -1125.000 617.188 757.812 -429.688 539.062 -1078.125 375.000 2007.812 -1015.625 1085.938 2492.188
617.188 31.250 -375.000 710.938 -250.000 835.938 664.062 -375.000 1078.125 781.250 -226.562 1125.000 296.875 570.312 1210.938
1078.125 140.625 -320.312 367.188 -539.062 867.188 343.750 -375.000 867.188 343.750 -382.812 765.625 164.062 195.312 664.062
968.750 -210.938 -289.062 468.750 -546.875 843.750 414.062 -398.438 937.500 359.375 -406.250 968.750 109.375 273.438 1007.812
968.750 -210.938 -289.062 468.750 -546.875 843.750 414.062 -398.438 937.500 359.375 -406.250 968.750 109.375 273.438 1007.812
1156.250 -23.438 -351.562 460.938 -585.938 851.562 390.625 -414.062 882.812 367.188 -398.438 851.562 156.250 242.188 843.750
921.875 -156.250 -273.438 351.562 -445.312 796.875 312.500 -273.438 882.812 289.062 -265.625 929.688 78.125 382.812 937.500
828.125 -125.000 -242.188 257.812 -351.562 757.812 218.750 -187.500 859.375 187.500 -195.312 914.062 -39.062 421.875 906.250
828.125 -125.000 -242.188 257.812 -351.562 757.812 218.750 -187.500 859.375 187.500 -195.312 914.062 -39.062 421.875 906.250
796.875 -171.875 -210.938 179.688 -335.938 757.812 148.438 -164.062 859.375 109.375 -148.438 945.312 -140.625 460.938 906.250
796.875 -171.875 -210.938 179.688 -335.938 757.812 148.438 -164.062 859.375 109.375 -148.438 945.312 -140.625 460.938 906.250
734.375 -382.812 -156.250 78.125 -195.312 789.062 70.312 -78.125 945.312 125.000 -109.375 1007.812 -85.938 539.062 914.062
765.625 -562.500 -125.000 -164.062 -328.125 953.125 70.312 -203.125 921.875 109.375 -171.875 906.250 46.875 421.875 812.500
664.062 -617.188 -109.375 234.375 -23.438 1257.812 -93.750 -250.000 531.250 468.750 -15.625 664.062 312.500 523.438 929.688
609.375 -632.812 109.375 359.375 -523.438 1000.000 476.562 -859.375 1117.188 617.188 -539.062 773.438 281.250 164.062 750.000
875.000 250.000 171.875 1375.000 -429.688 632.812 1054.688 -1296.875 1234.375 906.250 -812.500 734.375 492.188 -85.938 906.250
937.500 390.625 -15.625 1210.938 -1656.250 242.188 414.062 -710.938 1039.062 726.562 -601.562 781.250 476.562 70.312 820.312
1187.500 351.562 -343.750 1101.562 -218.750 156.250 359.375 -281.250 882.812 179.688 -382.812 921.875 -265.625 218.750 867.188
812.500 -421.875 -468.750 203.125 468.750 429.688 -23.438 453.125 625.000 85.938 242.188 742.188 -62.500 773.438 593.750
812.500 -421.875 -468.750 203.125 468.750 429.688 -23.438 453.125 625.000 85.938 242.188 742.188 -62.500 773.438 593.750
812.500 -421.875 -468.750 203.125 468.750 429.688 -23.438 453.125 625.000 85.938 242.188 742.188 -62.500 773.438 593.750
757.812 -1093.750 -453.125 437.500 546.875 437.500 -203.125 640.625 671.875 -179.688 414.062 1015.625 -351.562 898.438 765.625
851.562 -398.438 -656.250 609.375 500.000 554.688 93.750 632.812 859.375 -109.375 281.250 1093.750 -437.500 812.500 781.250
851.562 -398.438 -656.250 609.375 500.000 554.688 93.750 632.812 859.375 -109.375 281.250 1093.750 -437.500 812.500 781.250
843.750 -367.188 -648.438 679.688 414.062 531.250 125.000 570.312 867.188 -54.688 257.812 1093.750 -429.688 757.812 789.062
882.812 -429.688 -562.500 867.188 257.812 531.250 210.938 523.438 882.812 78.125 171.875 1062.500 -320.312 703.125 757.812
937.500 -648.438 -500.000 742.188 140.625 742.188 78.125 476.562 937.500 0.000 148.438 1046.875 -265.625 671.875 718.750
937.500 -648.438 -500.000 742.188 140.625 742.188 78.125 476.562 937.500 0.000 148.438 1046.875 -265.625 671.875 718.750
937.500 -648.438 -500.000 742.188 140.625 742.188 78.125 476.562 937.500 0.000 148.438 1046.875 -265.625 671.875 718.750
820.312 -734.375 -398.438 726.562 187.500 765.625 70.312 515.625 960.938 0.000 164.062 1085.938 -265.625 710.938 734.375
796.875 -492.188 -437.500 781.250 281.250 632.812 156.250 609.375 921.875 -31.250 203.125 1101.562 -390.625 773.438 765.625
796.875 -492.188 -437.500 781.250 281.250 632.812 156.250 609.375 921.875 -31.250 203.125 1101.562 -390.625 773.438 765.625
757.812 -492.188 -414.062 773.438 273.438 625.000 132.812 585.938 906.250 23.438 250.000 1093.750 -406.250 781.250 773.438
742.188 -445.312 -414.062 828.125 187.500 539.062 226.562 453.125 875.000 93.750 156.250 1007.812 -312.500 656.250 742.188
742.188 -445.312 -414.062 828.125 187.500 539.062 226.562 453.125 875.000 93.750 156.250 1007.812 -312.500 656.250 742.188
750.000 -437.500 -453.125 820.312 164.062 546.875 242.188 414.062 867.188 117.188 101.562 984.375 -265.625 609.375 726.562
757.812 -476.562 -460.938 843.750 125.000 531.250 234.375 390.625 882.812 109.375 54.688 992.188 -273.438 578.125 734.375
757.812 -476.562 -460.938 843.750 125.000 531.250 234.375 390.625 882.812 109.375 54.688 992.188 -273.438 578.125 734.375
734.375 -484.375 -468.750 781.250 125.000 601.562 218.750 398.438 921.875 125.000 62.500 1015.625 -218.750 593.750 742.188
734.375 -484.375 -468.750 781.250 125.000 601.562 218.750 398.438 921.875 125.000 62.500 1015.625 -218.750 593.750 742.188
718.750 -468.750 -484.375 796.875 125.000 562.500 242.188 429.688 906.250 78.125 109.375 1039.062 -281.250 625.000 781.250
718.750 -468.750 -484.375 796.875 125.000 562.500 242.188 429.688 906.250 78.125 109.375 1039.062 -281.250 625.000 781.250
710.938 -445.312 -468.750 773.438 39.062 585.938 242.188 406.250 843.750 117.188 171.875 984.375 -242.188 640.625 742.188
710.938 -445.312 -468.750 773.438 39.062 585.938 242.188 406.250 843.750 117.188 171.875 984.375 -242.188 640.625 742.188
710.938 -445.312 -468.750 773.438 39.062 585.938 242.188 406.250 843.750 117.188 171.875 984.375 -242.188 640.625 742.188
757.812 -398.438 -492.188 812.500 39.062 585.938 234.375 351.562 882.812 140.625 117.188 968.750 -328.125 546.875 750.000
757.812 -398.438 -492.188 812.500 39.062 585.938 234.375 351.562 882.812 140.625 117.188 968.750 -328.125 546.875 750.000
710.938 -492.188 -468.750 875.000 15.625 492.188 335.938 406.250 898.438 62.500 140.625 1054.688 -320.312 609.375 804.688
757.812 -453.125 -492.188 914.062 39.062 476.562 296.875 414.062 929.688 39.062 93.750 1070.312 -289.062 593.750 781.250
757.812 -453.125 -492.188 914.062 39.062 476.562 296.875 414.062 929.688 39.062 93.750 1070.312 -289.062 593.750 781.250
781.250 -445.312 -515.625 921.875 23.438 476.562 320.312 414.062 914.062 78.125 109.375 1054.688 -273.438 585.938 773.438
796.875 -468.750 -539.062 937.500 -15.625 445.312 406.250 375.000 859.375 156.250 148.438 992.188 -242.188 625.000 757.812
757.812 -500.000 -500.000 843.750 -132.812 531.250 328.125 390.625 898.438 0.000 250.000 1062.500 -320.312 695.312 765.625
625.000 -523.438 -429.688 648.438 -117.188 664.062 296.875 398.438 906.250 85.938 242.188 1054.688 -289.062 695.312 781.250
609.375 -687.500 -375.000 734.375 -85.938 679.688 437.500 164.062 835.938 421.875 312.500 812.500 -78.125 710.938 726.562
609.375 -687.500 -375.000 734.375 -85.938 679.688 437.500 164.062 835.938 421.875 312.500 812.500 -78.125 710.938 726.562
609.375 -687.500 -375.000 734.375 -85.938 679.688 437.500 164.062 835.938 421.875 312.500 812.500 -78.125 710.938 726.562
609.375 -718.750 -359.375 773.438 -101.562 625.000 523.438 109.375 796.875 515.625 343.750 750.000 -31.250 703.125 703.125
671.875 -710.938 -382.812 804.688 -132.812 570.312 539.062 85.938 757.812 484.375 273.438 750.000 -23.438 640.625 671.875
671.875 -710.938 -382.812 804.688 -132.812 570.312 539.062 85.938 757.812 484.375 273.438 750.000 -23.438 640.625 671.875
726.562 -664.062 -406.250 757.812 -218.750 609.375 515.625 7.812 781.250 539.062 328.125 804.688 -78.125 640.625 734.375
710.938 -648.438 -390.625 679.688 -265.625 648.438 492.188 39.062 851.562 351.562 265.625 867.188 -125.000 617.188 765.625
648.438 -601.562 -375.000 546.875 -328.125 742.188 476.562 31.250 890.625 414.062 304.688 914.062 -70.312 679.688 773.438
656.250 -617.188 -382.812 281.250 -257.812 1046.875 390.625 -15.625 953.125 390.625 335.938 875.000 -46.875 695.312 742.188
656.250 -617.188 -382.812 281.250 -257.812 1046.875 390.625 -15.625 953.125 390.625 335.938 875.000 -46.875 695.312 742.188
656.250 -617.188 -382.812 281.250 -257.812 1046.875 390.625 -15.625 953.125 390.625 335.938 875.000 -46.875 695.312 742.188
640.625 -640.625 -375.000 265.625 -250.000 1054.688 406.250 -7.812 937.500 429.688 359.375 843.750 -23.438 734.375 726.562
593.750 -664.062 -351.562 320.312 -203.125 1015.625 460.938 -7.812 898.438 468.750 414.062 820.312 -15.625 757.812 726.562
570.312 -718.750 -343.750 453.125 -132.812 867.188 492.188 54.688 859.375 500.000 460.938 781.250 -7.812 796.875 718.750
562.500 -703.125 -335.938 523.438 -132.812 789.062 531.250 85.938 820.312 531.250 468.750 750.000 39.062 804.688 695.312
570.312 -703.125 -335.938 546.875 -132.812 765.625 546.875 85.938 804.688 546.875 460.938 734.375 46.875 789.062 687.500
671.875 -718.750 -335.938 593.750 -304.688 726.562 507.812 -93.750 812.500 398.438 265.625 835.938 -210.938 554.688 765.625
648.438 -765.625 -328.125 570.312 -421.875 765.625 500.000 -117.188 867.188 398.438 187.500 914.062 -101.562 546.875 789.062
648.438 -765.625 -328.125 570.312 -421.875 765.625 500.000 -117.188 867.188 398.438 187.500 914.062 -101.562 546.875 789.062
617.188 -773.438 -328.125 570.312 -406.250 773.438 507.812 -125.000 882.812 429.688 179.688 898.438 -70.312 546.875 781.250
625.000 -781.250 -343.750 546.875 -367.188 796.875 523.438 -125.000 867.188 507.812 218.750 851.562 -7.812 593.750 796.875
617.188 -820.312 -375.000 531.250 -343.750 820.312 539.062 -132.812 843.750 562.500 250.000 804.688 62.500 617.188 765.625
632.812 -796.875 -367.188 484.375 -335.938 835.938 515.625 -140.625 835.938 554.688 242.188 773.438 70.312 601.562 734.375
617.188 -734.375 -351.562 507.812 -296.875 796.875 515.625 -93.750 843.750 507.812 265.625 812.500 7.812 617.188 765.625
617.188 -734.375 -351.562 507.812 -296.875 796.875 515.625 -93.750 843.750 507.812 265.625 812.500 7.812 617.188 765.625
625.000 -703.125 -375.000 523.438 -289.062 765.625 507.812 -78.125 843.750 484.375 296.875 828.125 -39.062 640.625 789.062
625.000 -703.125 -375.000 523.438 -289.062 765.625 507.812 -78.125 843.750 484.375 296.875 828.125 -39.062 640.625 789.062
656.250 -679.688 -382.812 484.375 -312.500 796.875 429.688 -54.688 914.062 382.812 312.500 945.312 -70.312 687.500 820.312
656.250 -679.688 -382.812 484.375 -312.500 796.875 429.688 -54.688 914.062 382.812 312.500 945.312 -70.312 687.500 820.312
554.688 -601.562 -320.312 484.375 -234.375 820.312 453.125 -15.625 921.875 460.938 343.750 898.438 -23.438 718.750 812.500
554.688 -601.562 -320.312 484.375 -234.375 820.312 453.125 -15.625 921.875 460.938 343.750 898.438 -23.438 718.750 812.500
562.500 -648.438 -312.500 492.188 -242.188 820.312 468.750 -15.625 906.250 476.562 343.750 875.000 -15.625 710.938 804.688
554.688 -695.312 -304.688 515.625 -257.812 789.062 484.375 -39.062 890.625 500.000 320.312 843.750 -31.250 679.688 804.688
546.875 -734.375 -289.062 539.062 -273.438 773.438 500.000 -70.312 875.000 500.000 312.500 835.938 -31.250 656.250 796.875
578.125 -789.062 -289.062 554.688 -320.312 773.438 515.625 -93.750 851.562 507.812 273.438 828.125 -15.625 625.000 789.062
593.750 -812.500 -328.125 539.062 -335.938 765.625 507.812 -132.812 851.562 546.875 257.812 804.688 15.625 625.000 781.250
