593.750 -726.562 -445.312 460.938 -398.438 781.250 492.188 148.438 859.375 335.938 664.062 671.875 -218.750 54.688 1000.000
609.375 -726.562 -484.375 453.125 -390.625 804.688 492.188 171.875 882.812 304.688 703.125 687.500 -265.625 93.750 1039.062
609.375 -726.562 -484.375 453.125 -390.625 804.688 492.188 171.875 882.812 304.688 703.125 687.500 -265.625 93.750 1039.062
625.000 -671.875 -500.000 460.938 -421.875 812.500 492.188 140.625 875.000 320.312 687.500 679.688 -250.000 93.750 1023.438
632.812 -703.125 -515.625 429.688 -406.250 828.125 460.938 156.250 882.812 312.500 695.312 671.875 -250.000 109.375 1015.625
679.688 -593.750 -578.125 414.062 -351.562 859.375 460.938 210.938 937.500 296.875 726.562 726.562 -257.812 117.188 1023.438
703.125 -734.375 -570.312 421.875 -351.562 820.312 421.875 242.188 921.875 242.188 750.000 726.562 -328.125 117.188 1046.875
687.500 -593.750 -562.500 429.688 -359.375 781.250 492.188 242.188 867.188 289.062 804.688 695.312 -351.562 125.000 1078.125
687.500 -593.750 -562.500 429.688 -359.375 781.250 492.188 242.188 867.188 289.062 804.688 695.312 -351.562 125.000 1078.125
687.500 -593.750 -562.500 429.688 -359.375 781.250 492.188 242.188 867.188 289.062 804.688 695.312 -351.562 125.000 1078.125
726.562 -718.750 -640.625 367.188 -296.875 820.312 382.812 382.812 898.438 164.062 875.000 703.125 -429.688 289.062 1062.500
890.625 -843.750 -882.812 117.188 -85.938 898.438 234.375 562.500 921.875 15.625 960.938 742.188 -601.562 398.438 1156.250
953.125 -867.188 -960.938 7.812 46.875 906.250 70.312 562.500 914.062 -125.000 945.312 710.938 -664.062 414.062 1148.438
1070.312 -1398.438 -1140.625 15.625 289.062 820.312 101.562 195.312 929.688 -109.375 468.750 664.062 -632.812 226.562 648.438
765.625 -1664.062 -1031.250 289.062 -375.000 218.750 -148.438 15.625 273.438 -85.938 414.062 164.062 -164.062 140.625 117.188
171.875 -1812.500 -335.938 226.562 -1054.688 1218.750 375.000 -492.188 1328.125 781.250 429.688 1210.938 -109.375 -937.500 1359.375
171.875 -1812.500 -335.938 226.562 -1054.688 1218.750 375.000 -492.188 1328.125 781.250 429.688 1210.938 -109.375 -937.500 1359.375
171.875 -1812.500 -335.938 226.562 -1054.688 1218.750 375.000 -492.188 1328.125 781.250 429.688 1210.938 -109.375 -937.500 1359.375
328.125 273.438 351.562 2867.188 -1609.375 -1132.812 1164.062 867.188 140.625 609.375 406.250 890.625 109.375 -500.000 804.688
820.312 -171.875 -15.625 890.625 -125.000 398.438 796.875 54.688 710.938 468.750 695.312 859.375 -484.375 -656.250 1070.312
804.688 -101.562 -62.500 617.188 -78.125 460.938 445.312 226.562 703.125 242.188 781.250 773.438 -515.625 -265.625 1101.562
882.812 -351.562 -148.438 273.438 -210.938 640.625 273.438 156.250 812.500 187.500 632.812 734.375 -390.625 -218.750 984.375
851.562 -351.562 -101.562 421.875 -382.812 617.188 414.062 -78.125 750.000 406.250 421.875 640.625 -117.188 -281.250 820.312
812.500 -210.938 -54.688 617.188 -460.938 585.938 593.750 -109.375 742.188 546.875 406.250 671.875 -46.875 -375.000 875.000
859.375 54.688 -39.062 781.250 -421.875 476.562 687.500 -117.188 695.312 554.688 414.062 695.312 -101.562 -437.500 882.812
914.062 -117.188 -93.750 640.625 -601.562 570.312 617.188 -257.812 773.438 617.188 289.062 742.188 -7.812 -476.562 867.188
914.062 -117.188 -93.750 640.625 -601.562 570.312 617.188 -257.812 773.438 617.188 289.062 742.188 -7.812 -476.562 867.188
914.062 -117.188 -93.750 640.625 -601.562 570.312 617.188 -257.812 773.438 617.188 289.062 742.188 -7.812 -476.562 867.188
937.500 -164.062 -109.375 609.375 -609.375 593.750 593.750 -265.625 804.688 593.750 289.062 750.000 -31.250 -484.375 875.000
960.938 -195.312 -148.438 570.312 -609.375 625.000 523.438 -242.188 828.125 531.250 312.500 781.250 -117.188 -468.750 882.812
984.375 -171.875 -171.875 531.250 -578.125 609.375 468.750 -195.312 851.562 453.125 359.375 812.500 -195.312 -437.500 890.625
984.375 -164.062 -164.062 531.250 -531.250 617.188 468.750 -171.875 843.750 429.688 382.812 812.500 -234.375 -445.312 898.438
984.375 -156.250 -171.875 593.750 -609.375 617.188 531.250 -234.375 859.375 476.562 351.562 820.312 -195.312 -492.188 898.438
984.375 -156.250 -171.875 593.750 -609.375 617.188 531.250 -234.375 859.375 476.562 351.562 820.312 -195.312 -492.188 898.438
929.688 -312.500 -148.438 554.688 -734.375 648.438 562.500 -328.125 859.375 593.750 273.438 804.688 -62.500 -515.625 867.188
976.562 -351.562 -164.062 570.312 -875.000 687.500 585.938 -453.125 882.812 640.625 179.688 820.312 15.625 -554.688 828.125
976.562 -351.562 -164.062 570.312 -875.000 687.500 585.938 -453.125 882.812 640.625 179.688 820.312 15.625 -554.688 828.125
976.562 -351.562 -164.062 570.312 -875.000 687.500 585.938 -453.125 882.812 640.625 179.688 820.312 15.625 -554.688 828.125
945.312 -609.375 -171.875 507.812 -1085.938 750.000 601.562 -593.750 906.250 757.812 70.312 804.688 171.875 -585.938 796.875
1000.000 -906.250 -234.375 593.750 -1398.438 773.438 632.812 -820.312 937.500 882.812 -109.375 781.250 335.938 -625.000 710.938
906.250 -960.938 -226.562 953.125 -1570.312 703.125 1078.125 -1046.875 843.750 1226.562 -226.562 593.750 656.250 -578.125 617.188
906.250 -960.938 -226.562 953.125 -1570.312 703.125 1078.125 -1046.875 843.750 1226.562 -226.562 593.750 656.250 -578.125 617.188
289.062 -1468.750 -242.188 1375.000 -2023.438 625.000 2171.875 -1078.125 695.312 1703.125 -15.625 335.938 890.625 -460.938 593.750
765.625 -1320.312 -375.000 1148.438 -1500.000 429.688 1351.562 -937.500 335.938 1437.500 -242.188 -164.062 1171.875 -31.250 265.625
765.625 -1320.312 -375.000 1148.438 -1500.000 429.688 1351.562 -937.500 335.938 1437.500 -242.188 -164.062 1171.875 -31.250 265.625
781.250 -1937.500 -820.312 1070.312 -882.812 -710.938 421.875 -460.938 -375.000 617.188 187.500 -570.312 765.625 789.062 148.438
593.750 -1773.438 -1062.500 1101.562 -351.562 -585.938 898.438 437.500 -1101.562 257.812 1117.188 -1296.875 781.250 1437.500 273.438
593.750 -1773.438 -1062.500 1101.562 -351.562 -585.938 898.438 437.500 -1101.562 257.812 1117.188 -1296.875 781.250 1437.500 273.438
273.438 -1421.875 -1054.688 703.125 968.750 -1140.625 796.875 1632.812 -1289.062 -187.500 1718.750 -1687.500 85.938 2351.562 414.062
406.250 -1164.062 -1054.688 984.375 2195.312 -1054.688 296.875 1929.688 -1242.188 -554.688 1656.250 -1820.312 -273.438 2187.500 164.062
953.125 -31.250 -859.375 609.375 2101.562 -390.625 195.312 2289.062 -625.000 -1156.250 2101.562 -781.250 -1203.125 1843.750 960.938
1304.688 179.688 -750.000 453.125 2101.562 -101.562 -171.875 2132.812 -132.812 -992.188 1757.812 -195.312 -1281.250 1125.000 968.750
1453.125 1078.125 -562.500 85.938 1148.438 734.375 -281.250 1398.438 460.938 -773.438 1406.250 7.812 -906.250 1156.250 804.688
1453.125 1078.125 -562.500 85.938 1148.438 734.375 -281.250 1398.438 460.938 -773.438 1406.250 7.812 -906.250 1156.250 804.688
1453.125 1078.125 -562.500 85.938 1148.438 734.375 -281.250 1398.438 460.938 -773.438 1406.250 7.812 -906.250 1156.250 804.688
1218.750 562.500 -140.625 359.375 1171.875 562.500 -101.562 1523.438 476.562 -773.438 1570.312 210.938 -1117.188 859.375 1054.688
703.125 -468.750 78.125 367.188 750.000 710.938 70.312 1117.188 585.938 -281.250 1179.688 156.250 -429.688 781.250 914.062
703.125 -468.750 78.125 367.188 750.000 710.938 70.312 1117.188 585.938 -281.250 1179.688 156.250 -429.688 781.250 914.062
398.438 -828.125 125.000 304.688 500.000 843.750 203.125 898.438 539.062 -23.438 1062.500 15.625 -117.188 742.188 851.562
406.250 -1125.000 101.562 328.125 468.750 812.500 226.562 929.688 546.875 -15.625 1085.938 23.438 -101.562 750.000 921.875
343.750 -1250.000 117.188 320.312 468.750 835.938 226.562 945.312 570.312 -31.250 1085.938 62.500 -148.438 726.562 929.688
257.812 -1226.562 109.375 289.062 507.812 890.625 117.188 937.500 656.250 -39.062 1140.625 117.188 -210.938 679.688 929.688
257.812 -1226.562 109.375 289.062 507.812 890.625 117.188 937.500 656.250 -39.062 1140.625 117.188 -210.938 679.688 929.688
414.062 -1195.312 85.938 70.312 343.750 1117.188 46.875 812.500 812.500 -257.812 1187.500 156.250 -398.438 726.562 1007.812
656.250 -1054.688 -148.438 171.875 523.438 1117.188 -156.250 843.750 960.938 -250.000 1296.875 179.688 -546.875 835.938 984.375
656.250 -1054.688 -148.438 171.875 523.438 1117.188 -156.250 843.750 960.938 -250.000 1296.875 179.688 -546.875 835.938 984.375
492.188 -1007.812 -328.125 312.500 179.688 789.062 312.500 726.562 445.312 -85.938 953.125 -101.562 -343.750 867.188 593.750
492.188 -1007.812 -328.125 312.500 179.688 789.062 312.500 726.562 445.312 -85.938 953.125 -101.562 -343.750 867.188 593.750
445.312 -1078.125 -320.312 367.188 78.125 804.688 406.250 648.438 382.812 -39.062 968.750 -171.875 -289.062 875.000 617.188
218.750 -1414.062 -234.375 226.562 -23.438 765.625 570.312 937.500 359.375 -85.938 1171.875 -156.250 -257.812 921.875 773.438
218.750 -1414.062 -234.375 226.562 -23.438 765.625 570.312 937.500 359.375 -85.938 1171.875 -156.250 -257.812 921.875 773.438
367.188 -1312.500 -289.062 390.625 242.188 890.625 585.938 960.938 484.375 62.500 1218.750 -93.750 -304.688 820.312 835.938
367.188 -1312.500 -289.062 390.625 242.188 890.625 585.938 960.938 484.375 62.500 1218.750 -93.750 -304.688 820.312 835.938
-359.375 -742.188 562.500 304.688 960.938 718.750 -218.750 914.062 1015.625 -250.000 1132.812 273.438 -484.375 796.875 953.125
-289.062 -500.000 250.000 773.438 664.062 585.938 140.625 1039.062 789.062 -281.250 1070.312 203.125 -406.250 742.188 960.938
484.375 -492.188 -414.062 968.750 460.938 429.688 523.438 468.750 281.250 148.438 976.562 -296.875 -70.312 617.188 625.000
203.125 -757.812 -234.375 656.250 7.812 578.125 710.938 335.938 289.062 265.625 1070.312 -218.750 15.625 546.875 671.875
203.125 -757.812 -234.375 656.250 7.812 578.125 710.938 335.938 289.062 265.625 1070.312 -218.750 15.625 546.875 671.875
226.562 -906.250 -234.375 617.188 -46.875 632.812 664.062 242.188 304.688 406.250 1046.875 -257.812 203.125 570.312 671.875
203.125 -1281.250 -210.938 312.500 -85.938 921.875 531.250 406.250 656.250 539.062 734.375 -70.312 398.438 882.812 484.375
203.125 -1281.250 -210.938 312.500 -85.938 921.875 531.250 406.250 656.250 539.062 734.375 -70.312 398.438 882.812 484.375
312.500 -1265.625 -265.625 312.500 -156.250 960.938 507.812 390.625 750.000 445.312 585.938 93.750 515.625 789.062 500.000
359.375 -1242.188 -273.438 343.750 -179.688 968.750 429.688 382.812 773.438 570.312 578.125 187.500 453.125 679.688 492.188
593.750 -835.938 -492.188 437.500 -54.688 953.125 476.562 406.250 773.438 640.625 640.625 242.188 523.438 648.438 507.812
593.750 -835.938 -492.188 437.500 -54.688 953.125 476.562 406.250 773.438 640.625 640.625 242.188 523.438 648.438 507.812
515.625 -773.438 -398.438 507.812 -15.625 828.125 507.812 492.188 726.562 484.375 703.125 460.938 414.062 460.938 726.562
515.625 -773.438 -398.438 507.812 -15.625 828.125 507.812 492.188 726.562 484.375 703.125 460.938 414.062 460.938 726.562
492.188 -773.438 -398.438 562.500 -70.312 765.625 593.750 406.250 656.250 570.312 679.688 382.812 414.062 460.938 765.625
484.375 -742.188 -390.625 578.125 -85.938 742.188 609.375 382.812 632.812 585.938 632.812 359.375 437.500 437.500 718.750
476.562 -726.562 -429.688 617.188 -132.812 679.688 671.875 312.500 585.938 671.875 554.688 289.062 523.438 421.875 632.812
476.562 -726.562 -429.688 617.188 -132.812 679.688 671.875 312.500 585.938 671.875 554.688 289.062 523.438 421.875 632.812
484.375 -625.000 -515.625 578.125 -226.562 687.500 664.062 195.312 601.562 742.188 453.125 296.875 578.125 289.062 617.188
484.375 -625.000 -515.625 578.125 -226.562 687.500 664.062 195.312 601.562 742.188 453.125 296.875 578.125 289.062 617.188
554.688 -695.312 -585.938 601.562 -304.688 679.688 671.875 171.875 632.812 718.750 414.062 359.375 570.312 250.000 656.250
578.125 -656.250 -632.812 546.875 -304.688 695.312 601.562 148.438 671.875 703.125 398.438 375.000 562.500 242.188 656.250
843.750 -656.250 -898.438 390.625 -398.438 859.375 390.625 234.375 843.750 570.312 359.375 515.625 421.875 187.500 679.688
843.750 -687.500 -882.812 367.188 -359.375 859.375 359.375 273.438 898.438 523.438 359.375 617.188 375.000 156.250 734.375
781.250 -648.438 -804.688 468.750 -343.750 804.688 460.938 328.125 929.688 531.250 312.500 695.312 328.125 109.375 789.062
742.188 -648.438 -765.625 562.500 -351.562 757.812 484.375 328.125 890.625 593.750 343.750 710.938 312.500 15.625 820.312
742.188 -648.438 -765.625 562.500 -351.562 757.812 484.375 328.125 890.625 593.750 343.750 710.938 312.500 15.625 820.312
484.375 -187.500 -414.062 1007.812 -289.062 398.438 898.438 85.938 476.562 679.688 750.000 398.438 359.375 -7.812 937.500
1320.312 -242.188 -1421.875 1007.812 -414.062 492.188 1703.125 -164.062 -132.812 875.000 945.312 -31.250 359.375 -562.500 750.000
1992.188 -320.312 -1453.125 968.750 -203.125 679.688 906.250 125.000 406.250 1320.312 484.375 265.625 812.500 -460.938 765.625
-671.875 -632.812 312.500 1171.875 -445.312 148.438 843.750 117.188 718.750 414.062 507.812 1000.000 -15.625 -640.625 1226.562
382.812 -593.750 -242.188 976.562 -679.688 335.938 1093.750 -85.938 507.812 726.562 421.875 656.250 453.125 -453.125 1007.812
1054.688 -1023.438 -640.625 804.688 -710.938 468.750 1156.250 -296.875 437.500 921.875 445.312 414.062 632.812 -296.875 882.812
617.188 -937.500 -367.188 812.500 -703.125 453.125 953.125 -273.438 554.688 843.750 351.562 539.062 578.125 -234.375 757.812
617.188 -937.500 -367.188 812.500 -703.125 453.125 953.125 -273.438 554.688 843.750 351.562 539.062 578.125 -234.375 757.812
679.688 -554.688 -250.000 531.250 -585.938 710.938 578.125 54.688 828.125 406.250 726.562 578.125 109.375 -31.250 1093.750
679.688 -554.688 -250.000 531.250 -585.938 710.938 578.125 54.688 828.125 406.250 726.562 578.125 109.375 -31.250 1093.750
703.125 -546.875 -234.375 546.875 -492.188 703.125 539.062 78.125 820.312 398.438 773.438 554.688 125.000 0.000 1085.938
781.250 -601.562 -343.750 617.188 -296.875 640.625 710.938 164.062 679.688 437.500 875.000 523.438 117.188 -7.812 1117.188
773.438 -656.250 -304.688 687.500 -367.188 601.562 750.000 171.875 656.250 406.250 898.438 531.250 101.562 23.438 1148.438
710.938 -687.500 -265.625 664.062 -351.562 640.625 789.062 109.375 648.438 414.062 867.188 507.812 109.375 -15.625 1085.938
710.938 -726.562 -273.438 679.688 -335.938 617.188 796.875 125.000 617.188 429.688 804.688 468.750 187.500 15.625 1023.438
703.125 -664.062 -234.375 789.062 -484.375 617.188 882.812 7.812 625.000 62.500 593.750 539.062 273.438 101.562 992.188
640.625 -835.938 -218.750 789.062 -523.438 570.312 851.562 -85.938 585.938 625.000 750.000 437.500 328.125 23.438 984.375
640.625 -835.938 -218.750 789.062 -523.438 570.312 851.562 -85.938 585.938 625.000 750.000 437.500 328.125 23.438 984.375
804.688 -812.500 -250.000 812.500 -476.562 507.812 875.000 -7.812 539.062 484.375 757.812 500.000 195.312 -85.938 984.375
851.562 -617.188 -250.000 789.062 -390.625 484.375 828.125 109.375 640.625 343.750 835.938 492.188 101.562 -62.500 1070.312
890.625 -679.688 -226.562 703.125 -367.188 562.500 742.188 101.562 632.812 382.812 804.688 523.438 125.000 -31.250 1085.938
859.375 -820.312 -242.188 648.438 -382.812 609.375 726.562 101.562 664.062 351.562 789.062 531.250 140.625 0.000 1078.125
890.625 -945.312 -242.188 664.062 -390.625 625.000 726.562 78.125 671.875 375.000 796.875 531.250 140.625 -23.438 1054.688
890.625 -984.375 -265.625 648.438 -375.000 625.000 718.750 93.750 718.750 437.500 750.000 507.812 257.812 -132.812 742.188
1007.812 -1070.312 -140.625 601.562 -382.812 664.062 742.188 -54.688 625.000 554.688 664.062 492.188 187.500 -15.625 1000.000
640.625 -1148.438 -101.562 734.375 -343.750 554.688 789.062 -39.062 648.438 554.688 726.562 601.562 93.750 -23.438 1117.188
640.625 -1148.438 -101.562 734.375 -343.750 554.688 789.062 -39.062 648.438 554.688 726.562 601.562 93.750 -23.438 1117.188
843.750 -625.000 -93.750 820.312 -296.875 664.062 929.688 -289.062 578.125 437.500 656.250 554.688 0.000 -171.875 1085.938
625.000 -781.250 -31.250 687.500 -578.125 601.562 757.812 54.688 640.625 460.938 640.625 523.438 140.625 54.688 945.312
914.062 -531.250 -132.812 687.500 -625.000 578.125 882.812 -7.812 515.625 515.625 656.250 429.688 101.562 140.625 1039.062
601.562 -445.312 203.125 843.750 -257.812 437.500 648.438 242.188 578.125 437.500 773.438 437.500 46.875 7.812 1054.688
601.562 -445.312 203.125 843.750 -257.812 437.500 648.438 242.188 578.125 437.500 773.438 437.500 46.875 7.812 1054.688
601.562 -445.312 203.125 843.750 -257.812 437.500 648.438 242.188 578.125 437.500 773.438 437.500 46.875 7.812 1054.688
-148.438 968.750 375.000 1000.000 148.438 281.250 -203.125 15.625 1210.938 648.438 203.125 695.312 328.125 187.500 1000.000
-148.438 968.750 375.000 1000.000 148.438 281.250 -203.125 15.625 1210.938 648.438 203.125 695.312 328.125 187.500 1000.000
1460.938 46.875 -203.125 726.562 -281.250 421.875 890.625 148.438 406.250 421.875 882.812 335.938 109.375 62.500 765.625
992.188 437.500 23.438 687.500 54.688 726.562 507.812 70.312 968.750 546.875 328.125 664.062 140.625 15.625 921.875
992.188 437.500 23.438 687.500 54.688 726.562 507.812 70.312 968.750 546.875 328.125 664.062 140.625 15.625 921.875
921.875 -554.688 328.125 468.750 -671.875 804.688 664.062 257.812 757.812 312.500 726.562 812.500 -140.625 -179.688 1281.250
921.875 -554.688 328.125 468.750 -671.875 804.688 664.062 257.812 757.812 312.500 726.562 812.500 -140.625 -179.688 1281.250
898.438 -304.688 273.438 585.938 -398.438 718.750 656.250 320.312 820.312 429.688 726.562 789.062 -117.188 7.812 1234.375
1070.312 -210.938 226.562 539.062 -492.188 765.625 609.375 382.812 828.125 359.375 578.125 742.188 -179.688 -93.750 992.188
882.812 -265.625 281.250 804.688 -375.000 601.562 664.062 296.875 757.812 351.562 664.062 781.250 -218.750 -140.625 1156.250
882.812 -265.625 281.250 804.688 -375.000 601.562 664.062 296.875 757.812 351.562 664.062 781.250 -218.750 -140.625 1156.250
882.812 -265.625 281.250 804.688 -375.000 601.562 664.062 296.875 757.812 351.562 664.062 781.250 -218.750 -140.625 1156.250
835.938 -335.938 257.812 687.500 -367.188 617.188 617.188 289.062 734.375 390.625 617.188 750.000 -117.188 -140.625 1078.125
890.625 -210.938 312.500 710.938 -414.062 695.312 562.500 343.750 742.188 367.188 632.812 812.500 -179.688 -257.812 1234.375
890.625 -210.938 312.500 710.938 -414.062 695.312 562.500 343.750 742.188 367.188 632.812 812.500 -179.688 -257.812 1234.375
632.812 -289.062 429.688 539.062 -250.000 625.000 453.125 468.750 695.312 390.625 632.812 765.625 -125.000 -164.062 1226.562
617.188 -132.812 515.625 515.625 -289.062 585.938 546.875 523.438 695.312 257.812 929.688 742.188 -171.875 -296.875 1312.500
546.875 -164.062 468.750 664.062 -273.438 648.438 578.125 453.125 664.062 46.875 734.375 835.938 -445.312 -117.188 1406.250
640.625 226.562 328.125 390.625 -93.750 632.812 437.500 539.062 773.438 203.125 460.938 851.562 -273.438 -148.438 1390.625
640.625 226.562 328.125 390.625 -93.750 632.812 437.500 539.062 773.438 203.125 460.938 851.562 -273.438 -148.438 1390.625
851.562 218.750 242.188 570.312 -140.625 656.250 523.438 406.250 757.812 453.125 343.750 757.812 -414.062 -500.000 1445.312
976.562 -132.812 23.438 757.812 -156.250 593.750 742.188 210.938 750.000 585.938 484.375 773.438 -476.562 -390.625 1562.500
1210.938 -46.875 -62.500 929.688 -328.125 492.188 476.562 132.812 609.375 437.500 273.438 570.312 -867.188 -1085.938 1046.875
937.500 156.250 296.875 921.875 -515.625 484.375 781.250 187.500 1046.875 1906.250 -515.625 554.688 -78.125 789.062 -921.875
1164.062 445.312 93.750 914.062 -648.438 781.250 1132.812 -328.125 1257.812 -835.938 1148.438 671.875 2664.062 1429.688 -968.750
1187.500 281.250 179.688 773.438 -640.625 703.125 -796.875 -351.562 937.500 804.688 -429.688 437.500 1593.750 54.688 -1335.938
476.562 -593.750 250.000 953.125 -531.250 687.500 484.375 -460.938 953.125 843.750 -710.938 609.375 1296.875 -273.438 -609.375
734.375 -773.438 -101.562 625.000 -609.375 734.375 1007.812 -304.688 742.188 898.438 -179.688 359.375 1171.875 195.312 -187.500
734.375 -773.438 -101.562 625.000 -609.375 734.375 1007.812 -304.688 742.188 898.438 -179.688 359.375 1171.875 195.312 -187.500
554.688 -570.312 -203.125 867.188 -234.375 593.750 414.062 -125.000 898.438 820.312 -445.312 632.812 1093.750 -242.188 -195.312
2921.875 -140.625 -1179.688 601.562 445.312 367.188 820.312 484.375 546.875 781.250 257.812 593.750 984.375 140.625 484.375
1226.562 421.875 -546.875 250.000 -429.688 867.188 585.938 148.438 734.375 578.125 132.812 695.312 851.562 -46.875 554.688
1257.812 -23.438 -265.625 742.188 -265.625 601.562 601.562 78.125 781.250 789.062 -101.562 617.188 984.375 -140.625 242.188
1257.812 -23.438 -265.625 742.188 -265.625 601.562 601.562 78.125 781.250 789.062 -101.562 617.188 984.375 -140.625 242.188
1179.688 -85.938 -265.625 687.500 -453.125 695.312 656.250 -70.312 804.688 843.750 -164.062 578.125 1031.250 -156.250 117.188
1187.500 15.625 -187.500 687.500 -515.625 781.250 656.250 -171.875 882.812 890.625 -273.438 570.312 1062.500 -187.500 -15.625
1210.938 54.688 -234.375 601.562 -484.375 781.250 531.250 -117.188 914.062 828.125 -203.125 632.812 1046.875 -187.500 85.938
1210.938 54.688 -234.375 601.562 -484.375 781.250 531.250 -117.188 914.062 828.125 -203.125 632.812 1046.875 -187.500 85.938
1000.000 -109.375 -210.938 304.688 -195.312 914.062 273.438 109.375 1062.500 656.250 0.000 812.500 945.312 -195.312 359.375
1000.000 -109.375 -210.938 304.688 -195.312 914.062 273.438 109.375 1062.500 656.250 0.000 812.500 945.312 -195.312 359.375
1117.188 -85.938 -164.062 390.625 -132.812 804.688 476.562 140.625 1023.438 882.812 -39.062 648.438 1093.750 -39.062 125.000
1398.438 -109.375 -398.438 148.438 -296.875 1023.438 546.875 281.250 1015.625 1039.062 -101.562 640.625 1140.625 31.250 54.688
1210.938 429.688 -242.188 320.312 -515.625 898.438 734.375 39.062 625.000 804.688 101.562 539.062 1109.375 -117.188 70.312
1781.250 -93.750 -531.250 578.125 -515.625 664.062 734.375 -7.812 476.562 984.375 148.438 351.562 1093.750 -109.375 85.938
1453.125 -46.875 -484.375 921.875 -460.938 414.062 929.688 -171.875 531.250 1156.250 171.875 343.750 1257.812 164.062 -78.125
1429.688 -203.125 -437.500 1015.625 -453.125 210.938 1070.312 -304.688 406.250 1078.125 210.938 296.875 1117.188 125.000 -62.500
906.250 -937.500 -101.562 507.812 -375.000 93.750 585.938 -101.562 375.000 179.688 54.688 695.312 281.250 -414.062 460.938
906.250 -937.500 -101.562 507.812 -375.000 93.750 585.938 -101.562 375.000 179.688 54.688 695.312 281.250 -414.062 460.938
523.438 -773.438 210.938 515.625 -500.000 296.875 578.125 -351.562 437.500 -179.688 625.000 804.688 375.000 -242.188 718.750
523.438 -773.438 210.938 515.625 -500.000 296.875 578.125 -351.562 437.500 -179.688 625.000 804.688 375.000 -242.188 718.750
-2046.875 -273.438 1171.875 460.938 -2007.812 1523.438 617.188 -609.375 1500.000 476.562 -437.500 1679.688 -460.938 -1750.000 921.875
1523.438 164.062 398.438 617.188 -23.438 812.500 539.062 -203.125 1062.500 1140.625 281.250 437.500 171.875 23.438 1171.875
578.125 -156.250 382.812 945.312 -593.750 468.750 867.188 -382.812 460.938 234.375 750.000 765.625 101.562 -250.000 1554.688
796.875 -140.625 367.188 718.750 -421.875 507.812 726.562 -226.562 585.938 406.250 671.875 695.312 328.125 -7.812 1398.438
796.875 -140.625 367.188 718.750 -421.875 507.812 726.562 -226.562 585.938 406.250 671.875 695.312 328.125 -7.812 1398.438
937.500 -117.188 335.938 664.062 -562.500 593.750 726.562 -250.000 656.250 546.875 429.688 703.125 500.000 -265.625 851.562
937.500 -117.188 335.938 664.062 -562.500 593.750 726.562 -250.000 656.250 546.875 429.688 703.125 500.000 -265.625 851.562
921.875 -156.250 328.125 601.562 -562.500 609.375 664.062 -296.875 664.062 515.625 476.562 703.125 492.188 -234.375 898.438
929.688 -93.750 328.125 625.000 -515.625 593.750 695.312 -257.812 656.250 531.250 453.125 695.312 484.375 -234.375 859.375
890.625 -78.125 351.562 664.062 -484.375 570.312 742.188 -226.562 625.000 546.875 460.938 671.875 523.438 -226.562 875.000
781.250 -117.188 398.438 695.312 -492.188 562.500 851.562 -226.562 554.688 664.062 406.250 578.125 656.250 -218.750 703.125
781.250 -117.188 398.438 695.312 -492.188 562.500 851.562 -226.562 554.688 664.062 406.250 578.125 656.250 -218.750 703.125
781.250 -148.438 398.438 625.000 -476.562 609.375 781.250 -242.188 609.375 671.875 335.938 593.750 640.625 -257.812 632.812
921.875 -179.688 351.562 679.688 -679.688 671.875 750.000 -476.562 718.750 828.125 187.500 718.750 765.625 -851.562 273.438
1125.000 -140.625 375.000 718.750 -1015.625 765.625 812.500 -742.188 710.938 757.812 15.625 820.312 585.938 -304.688 640.625
1125.000 -140.625 375.000 718.750 -1015.625 765.625 812.500 -742.188 710.938 757.812 15.625 820.312 585.938 -304.688 640.625
1125.000 -140.625 375.000 718.750 -1015.625 765.625 812.500 -742.188 710.938 757.812 15.625 820.312 585.938 -304.688 640.625
1085.938 -148.438 406.250 703.125 -1101.562 773.438 882.812 -695.312 679.688 968.750 -78.125 773.438 781.250 -625.000 625.000
1101.562 -281.250 367.188 851.562 -953.125 640.625 914.062 -640.625 726.562 1062.500 78.125 765.625 843.750 -523.438 539.062
562.500 -414.062 375.000 750.000 -679.688 687.500 796.875 -312.500 726.562 742.188 0.000 546.875 703.125 -54.688 406.250
562.500 -414.062 375.000 750.000 -679.688 687.500 796.875 -312.500 726.562 742.188 0.000 546.875 703.125 -54.688 406.250
437.500 -750.000 31.250 687.500 -390.625 492.188 757.812 -132.812 437.500 742.188 343.750 125.000 531.250 437.500 484.375
437.500 -750.000 31.250 687.500 -390.625 492.188 757.812 -132.812 437.500 742.188 343.750 125.000 531.250 437.500 484.375
1007.812 -1203.125 -289.062 875.000 -328.125 132.812 1031.250 -70.312 -125.000 703.125 390.625 -312.500 601.562 695.312 164.062
1007.812 -1203.125 -289.062 875.000 -328.125 132.812 1031.250 -70.312 -125.000 703.125 390.625 -312.500 601.562 695.312 164.062
500.000 -992.188 -234.375 539.062 -281.250 125.000 875.000 242.188 -632.812 320.312 640.625 -843.750 -46.875 1117.188 328.125
500.000 -992.188 -234.375 539.062 -281.250 125.000 875.000 242.188 -632.812 320.312 640.625 -843.750 -46.875 1117.188 328.125
632.812 -812.500 -273.438 976.562 632.812 -343.750 757.812 984.375 -757.812 -62.500 1109.375 -757.812 -210.938 1187.500 593.750
554.688 -601.562 -265.625 664.062 1023.438 -187.500 625.000 1335.938 -640.625 -359.375 1382.812 -671.875 -218.750 1351.562 656.250
773.438 -250.000 -101.562 195.312 1234.375 187.500 -242.188 1968.750 -23.438 -789.062 1507.812 -390.625 -562.500 1320.312 726.562
781.250 -265.625 -62.500 78.125 1281.250 312.500 -429.688 1710.938 148.438 -906.250 1414.062 -62.500 -710.938 1265.625 835.938
867.188 -664.062 -101.562 -250.000 1171.875 835.938 -718.750 1781.250 882.812 -859.375 1570.312 734.375 -1000.000 789.062 1210.938
625.000 -1015.625 70.312 -304.688 875.000 1101.562 -406.250 1257.812 812.500 -664.062 1359.375 531.250 -765.625 890.625 1156.250
625.000 -1015.625 70.312 -304.688 875.000 1101.562 -406.250 1257.812 812.500 -664.062 1359.375 531.250 -765.625 890.625 1156.250
390.625 -1304.688 226.562 0.000 593.750 929.688 -210.938 953.125 828.125 -250.000 835.938 492.188 -328.125 656.250 757.812
390.625 -1304.688 226.562 0.000 593.750 929.688 -210.938 953.125 828.125 -250.000 835.938 492.188 -328.125 656.250 757.812
335.938 -1109.375 273.438 164.062 492.188 859.375 39.062 773.438 632.812 -148.438 921.875 343.750 -242.188 562.500 750.000
421.875 -820.312 203.125 218.750 507.812 789.062 148.438 804.688 507.812 -125.000 968.750 273.438 -218.750 695.312 765.625
515.625 -656.250 148.438 312.500 656.250 703.125 156.250 867.188 539.062 -62.500 960.938 281.250 -187.500 632.812 757.812
625.000 -585.938 132.812 312.500 656.250 648.438 101.562 890.625 507.812 -140.625 968.750 296.875 -250.000 632.812 789.062
632.812 -601.562 195.312 289.062 687.500 656.250 125.000 914.062 492.188 -164.062 1023.438 296.875 -265.625 679.688 820.312
632.812 -609.375 226.562 187.500 734.375 710.938 70.312 968.750 523.438 -164.062 1070.312 296.875 -250.000 703.125 851.562
632.812 -609.375 226.562 187.500 734.375 710.938 70.312 968.750 523.438 -164.062 1070.312 296.875 -250.000 703.125 851.562
554.688 -804.688 265.625 164.062 687.500 757.812 85.938 953.125 523.438 -132.812 1054.688 289.062 -203.125 703.125 828.125
429.688 -890.625 281.250 179.688 695.312 750.000 140.625 929.688 484.375 -39.062 1039.062 203.125 -62.500 750.000 781.250
406.250 -953.125 304.688 140.625 664.062 757.812 132.812 906.250 476.562 -7.812 1000.000 164.062 15.625 750.000 710.938
359.375 -984.375 312.500 156.250 648.438 750.000 148.438 906.250 476.562 -7.812 1000.000 164.062 7.812 750.000 718.750
328.125 -1039.062 328.125 164.062 648.438 757.812 109.375 906.250 468.750 -31.250 992.188 156.250 -23.438 765.625 687.500
437.500 -937.500 242.188 78.125 710.938 781.250 15.625 968.750 507.812 -171.875 1054.688 203.125 -164.062 796.875 765.625
437.500 -937.500 242.188 78.125 710.938 781.250 15.625 968.750 507.812 -171.875 1054.688 203.125 -164.062 796.875 765.625
453.125 -882.812 203.125 85.938 695.312 781.250 15.625 945.312 500.000 -171.875 1046.875 203.125 -171.875 796.875 750.000
468.750 -859.375 218.750 125.000 656.250 757.812 31.250 921.875 484.375 -195.312 1023.438 203.125 -195.312 773.438 710.938
468.750 -859.375 218.750 125.000 656.250 757.812 31.250 921.875 484.375 -195.312 1023.438 203.125 -195.312 773.438 710.938
273.438 -906.250 320.312 171.875 656.250 710.938 140.625 890.625 437.500 -46.875 992.188 125.000 -46.875 781.250 671.875
226.562 -851.562 312.500 140.625 679.688 710.938 125.000 890.625 437.500 -15.625 976.562 101.562 46.875 796.875 632.812
234.375 -992.188 312.500 156.250 671.875 710.938 156.250 882.812 421.875 -7.812 984.375 93.750 23.438 765.625 632.812
250.000 -1023.438 296.875 125.000 640.625 734.375 101.562 867.188 460.938 -54.688 960.938 140.625 -31.250 757.812 648.438
281.250 -1000.000 281.250 78.125 640.625 765.625 31.250 882.812 500.000 -125.000 968.750 179.688 -125.000 750.000 671.875
382.812 -914.062 171.875 39.062 687.500 773.438 -23.438 960.938 515.625 -234.375 1039.062 242.188 -250.000 765.625 757.812
382.812 -914.062 171.875 39.062 687.500 773.438 -23.438 960.938 515.625 -234.375 1039.062 242.188 -250.000 765.625 757.812
382.812 -914.062 171.875 39.062 687.500 773.438 -23.438 960.938 515.625 -234.375 1039.062 242.188 -250.000 765.625 757.812
367.188 -937.500 148.438 23.438 687.500 781.250 -39.062 968.750 515.625 -265.625 1054.688 250.000 -273.438 781.250 773.438
289.062 -1031.250 203.125 15.625 656.250 804.688 -46.875 929.688 554.688 -226.562 1000.000 234.375 -218.750 750.000 726.562
226.562 -1031.250 226.562 23.438 640.625 835.938 -46.875 867.188 562.500 -203.125 953.125 187.500 -164.062 789.062 687.500
203.125 -1085.938 250.000 85.938 562.500 750.000 132.812 851.562 421.875 -85.938 976.562 109.375 -54.688 757.812 640.625
218.750 -968.750 234.375 78.125 617.188 757.812 85.938 867.188 468.750 -93.750 968.750 117.188 -62.500 765.625 640.625
218.750 -968.750 234.375 78.125 617.188 757.812 85.938 867.188 468.750 -93.750 968.750 117.188 -62.500 765.625 640.625
351.562 -867.188 218.750 109.375 585.938 796.875 15.625 843.750 546.875 -187.500 937.500 210.938 -203.125 703.125 679.688
351.562 -867.188 218.750 109.375 585.938 796.875 15.625 843.750 546.875 -187.500 937.500 210.938 -203.125 703.125 679.688
351.562 -867.188 218.750 109.375 585.938 796.875 15.625 843.750 546.875 -187.500 937.500 210.938 -203.125 703.125 679.688
351.562 -835.938 218.750 109.375 585.938 796.875 23.438 851.562 546.875 -195.312 937.500 203.125 -210.938 703.125 679.688
351.562 -812.500 210.938 132.812 570.312 789.062 31.250 851.562 546.875 -195.312 945.312 218.750 -218.750 679.688 687.500
367.188 -843.750 210.938 117.188 585.938 781.250 187.500 882.812 515.625 -164.062 960.938 195.312 -203.125 687.500 687.500
351.562 -875.000 226.562 179.688 507.812 781.250 117.188 820.312 500.000 -171.875 945.312 171.875 -164.062 695.312 679.688
335.938 -890.625 242.188 187.500 500.000 781.250 148.438 828.125 484.375 -140.625 953.125 171.875 -164.062 687.500 671.875
281.250 -828.125 234.375 195.312 531.250 765.625 187.500 914.062 546.875 -187.500 898.438 210.938 -179.688 640.625 640.625
304.688 -945.312 250.000 210.938 546.875 757.812 148.438 820.312 437.500 -132.812 984.375 85.938 -125.000 765.625 679.688
367.188 -898.438 226.562 234.375 484.375 765.625 156.250 835.938 453.125 -101.562 890.625 85.938 -140.625 773.438 515.625
367.188 -898.438 226.562 234.375 484.375 765.625 156.250 835.938 453.125 -101.562 890.625 85.938 -140.625 773.438 515.625
367.188 -898.438 226.562 234.375 484.375 765.625 156.250 835.938 453.125 -101.562 890.625 85.938 -140.625 773.438 515.625
453.125 -882.812 195.312 250.000 500.000 757.812 85.938 812.500 492.188 -171.875 890.625 125.000 -132.812 843.750 679.688
492.188 -835.938 171.875 242.188 531.250 796.875 54.688 898.438 546.875 -289.062 992.188 218.750 -359.375 718.750 734.375
492.188 -820.312 164.062 242.188 546.875 781.250 54.688 906.250 546.875 -312.500 1000.000 242.188 -382.812 710.938 750.000
445.312 -789.062 164.062 242.188 531.250 781.250 62.500 937.500 554.688 -312.500 1023.438 250.000 -382.812 710.938 742.188
445.312 -789.062 164.062 242.188 531.250 781.250 62.500 937.500 554.688 -312.500 1023.438 250.000 -382.812 710.938 742.188
437.500 -789.062 140.625 187.500 554.688 843.750 15.625 984.375 593.750 -343.750 1078.125 234.375 -359.375 812.500 773.438
437.500 -789.062 140.625 187.500 554.688 843.750 15.625 984.375 593.750 -343.750 1078.125 234.375 -359.375 812.500 773.438
468.750 -781.250 70.312 179.688 492.188 859.375 39.062 968.750 562.500 -382.812 1109.375 195.312 -453.125 812.500 789.062
500.000 -742.188 -23.438 171.875 421.875 867.188 54.688 929.688 554.688 -398.438 1117.188 187.500 -515.625 820.312 773.438
500.000 -742.188 -23.438 171.875 421.875 867.188 54.688 929.688 554.688 -398.438 1117.188 187.500 -515.625 820.312 773.438
445.312 -726.562 -93.750 179.688 382.812 875.000 31.250 914.062 609.375 -398.438 1093.750 203.125 -531.250 796.875 742.188
406.250 -750.000 -125.000 171.875 335.938 875.000 46.875 890.625 625.000 -382.812 1093.750 210.938 -531.250 812.500 734.375
289.062 -789.062 -164.062 171.875 296.875 882.812 62.500 843.750 640.625 -343.750 1054.688 218.750 -492.188 773.438 734.375
242.188 -828.125 -210.938 171.875 234.375 867.188 109.375 812.500 617.188 -312.500 1054.688 203.125 -484.375 773.438 742.188
210.938 -867.188 -234.375 179.688 195.312 851.562 125.000 781.250 617.188 -289.062 1046.875 210.938 -468.750 765.625 750.000
164.062 -906.250 -289.062 179.688 171.875 835.938 148.438 750.000 625.000 -234.375 1023.438 226.562 -429.688 750.000 750.000
164.062 -906.250 -289.062 179.688 171.875 835.938 148.438 750.000 625.000 -234.375 1023.438 226.562 -429.688 750.000 750.000
101.562 -984.375 -359.375 164.062 62.500 859.375 187.500 656.250 664.062 -164.062 968.750 265.625 -359.375 703.125 765.625
54.688 -1132.812 -390.625 109.375 -85.938 890.625 203.125 507.812 703.125 -46.875 875.000 304.688 -257.812 609.375 773.438
