-500.000 468.750 -710.938 195.312 -585.938 726.562 375.000 125.000 898.438 320.312 710.938 617.188 -93.750 15.625 1007.812
-484.375 453.125 -718.750 164.062 -593.750 765.625 382.812 117.188 906.250 320.312 726.562 609.375 -93.750 31.250 1007.812
-484.375 484.375 -718.750 171.875 -593.750 757.812 382.812 117.188 906.250 304.688 726.562 609.375 -93.750 39.062 1015.625
-476.562 484.375 -718.750 156.250 -601.562 765.625 375.000 125.000 914.062 312.500 726.562 617.188 -93.750 31.250 1000.000
-476.562 476.562 -703.125 164.062 -593.750 765.625 367.188 117.188 914.062 312.500 718.750 617.188 -93.750 39.062 1000.000
-468.750 507.812 -710.938 164.062 -585.938 757.812 359.375 125.000 921.875 296.875 734.375 601.562 -109.375 39.062 1007.812
-476.562 507.812 -710.938 156.250 -593.750 765.625 351.562 132.812 921.875 289.062 726.562 625.000 -117.188 46.875 1000.000
-468.750 484.375 -710.938 148.438 -593.750 773.438 351.562 140.625 921.875 281.250 734.375 617.188 -125.000 46.875 1007.812
-460.938 476.562 -710.938 140.625 -578.125 773.438 359.375 140.625 921.875 281.250 734.375 617.188 -125.000 54.688 1015.625
-460.938 460.938 -718.750 132.812 -562.500 773.438 335.938 148.438 921.875 265.625 742.188 617.188 -140.625 62.500 1015.625
-453.125 460.938 -726.562 132.812 -562.500 789.062 335.938 148.438 921.875 273.438 750.000 617.188 -140.625 46.875 1015.625
-453.125 460.938 -726.562 125.000 -578.125 781.250 335.938 132.812 937.500 265.625 734.375 625.000 -132.812 46.875 1015.625
-453.125 468.750 -734.375 109.375 -570.312 781.250 335.938 125.000 937.500 265.625 734.375 625.000 -132.812 39.062 1007.812
-445.312 492.188 -734.375 117.188 -593.750 781.250 328.125 117.188 937.500 265.625 726.562 632.812 -140.625 39.062 1000.000
-453.125 500.000 -734.375 117.188 -585.938 781.250 328.125 125.000 921.875 250.000 726.562 625.000 -140.625 39.062 1007.812
-453.125 476.562 -734.375 101.562 -578.125 789.062 312.500 140.625 937.500 250.000 742.188 625.000 -140.625 54.688 1007.812
-445.312 468.750 -726.562 109.375 -578.125 789.062 312.500 140.625 937.500 257.812 734.375 625.000 -156.250 46.875 1007.812
-453.125 460.938 -718.750 109.375 -570.312 789.062 312.500 171.875 929.688 242.188 765.625 625.000 -164.062 62.500 1015.625
-453.125 429.688 -726.562 101.562 -570.312 796.875 320.312 164.062 945.312 226.562 773.438 617.188 -179.688 78.125 1031.250
-484.375 445.312 -750.000 109.375 -585.938 804.688 304.688 164.062 921.875 242.188 765.625 609.375 -171.875 85.938 1023.438
-476.562 445.312 -765.625 117.188 -578.125 796.875 328.125 164.062 921.875 242.188 757.812 609.375 -171.875 93.750 1023.438
-492.188 492.188 -757.812 148.438 -585.938 773.438 343.750 117.188 906.250 281.250 703.125 585.938 -125.000 109.375 976.562
-492.188 500.000 -765.625 195.312 -601.562 710.938 445.312 156.250 820.312 289.062 718.750 562.500 -85.938 85.938 914.062
-476.562 406.250 -742.188 109.375 -585.938 703.125 468.750 218.750 757.812 242.188 718.750 500.000 -109.375 117.188 882.812
-484.375 343.750 -765.625 109.375 -539.062 734.375 460.938 148.438 734.375 273.438 710.938 476.562 -109.375 109.375 875.000
-476.562 351.562 -765.625 125.000 -468.750 765.625 382.812 101.562 734.375 289.062 679.688 414.062 -85.938 109.375 828.125
-429.688 453.125 -703.125 46.875 -390.625 820.312 140.625 234.375 875.000 85.938 703.125 507.812 -234.375 171.875 875.000
-375.000 585.938 -632.812 78.125 -382.812 867.188 117.188 242.188 968.750 117.188 773.438 546.875 -203.125 109.375 960.938
-351.562 593.750 -601.562 78.125 -359.375 875.000 101.562 296.875 968.750 101.562 820.312 585.938 -187.500 85.938 1000.000
-304.688 531.250 -546.875 70.312 -421.875 867.188 125.000 289.062 953.125 70.312 867.188 578.125 -210.938 132.812 1070.312
-218.750 570.312 -500.000 93.750 -343.750 828.125 320.312 406.250 804.688 117.188 890.625 515.625 -187.500 125.000 1031.250
-132.812 640.625 -453.125 179.688 -281.250 750.000 398.438 250.000 632.812 257.812 796.875 335.938 -54.688 93.750 882.812
-70.312 617.188 -406.250 226.562 -226.562 695.312 429.688 343.750 546.875 296.875 710.938 296.875 15.625 78.125 757.812
23.438 601.562 -328.125 257.812 23.438 656.250 476.562 78.125 492.188 289.062 492.188 117.188 203.125 125.000 531.250
187.500 437.500 -179.688 398.438 -132.812 507.812 507.812 39.062 351.562 515.625 281.250 -78.125 484.375 210.938 218.750
289.062 351.562 -117.188 523.438 -132.812 398.438 460.938 62.500 304.688 382.812 164.062 -54.688 414.062 171.875 101.562
296.875 226.562 -109.375 500.000 -85.938 351.562 414.062 101.562 265.625 281.250 171.875 -7.812 273.438 101.562 70.312
296.875 140.625 -117.188 546.875 140.625 171.875 351.562 218.750 140.625 46.875 289.062 23.438 -132.812 132.812 257.812
265.625 125.000 -304.688 289.062 265.625 101.562 62.500 359.375 101.562 -328.125 328.125 101.562 -492.188 203.125 273.438
296.875 70.312 -476.562 62.500 218.750 195.312 -101.562 328.125 101.562 -445.312 351.562 62.500 -578.125 320.312 273.438
335.938 62.500 -570.312 -93.750 281.250 210.938 -289.062 375.000 109.375 -523.438 351.562 93.750 -609.375 289.062 257.812
367.188 335.938 -750.000 -351.562 171.875 304.688 -484.375 343.750 203.125 -609.375 328.125 164.062 -656.250 343.750 250.000
390.625 531.250 -1070.312 -804.688 210.938 492.188 -867.188 523.438 359.375 -976.562 562.500 281.250 -1023.438 500.000 476.562
375.000 726.562 -1335.938 -1234.375 242.188 710.938 -1328.125 703.125 609.375 -1328.125 812.500 492.188 -1375.000 562.500 695.312
351.562 804.688 -1476.562 -1468.750 210.938 851.562 -1515.625 812.500 765.625 -1507.812 1023.438 601.562 -1554.688 671.875 875.000
367.188 906.250 -1835.938 -2023.438 132.812 1226.562 -2031.250 945.312 1132.812 -1843.750 1242.188 851.562 -1898.438 835.938 1156.250
281.250 1328.125 -2171.875 -2398.438 -62.500 1453.125 -2312.500 882.812 1289.062 -1960.938 1304.688 960.938 -1984.375 804.688 1210.938
359.375 1375.000 -2039.062 -2203.125 -289.062 1281.250 -2109.375 523.438 1101.562 -1773.438 859.375 789.062 -1726.562 648.438 734.375
406.250 1132.812 -1789.062 -1921.875 -304.688 1078.125 -1898.438 382.812 945.312 -1609.375 632.812 710.938 -1570.312 539.062 554.688
562.500 531.250 -1156.250 -1265.625 -304.688 601.562 -1375.000 140.625 593.750 -1273.438 281.250 585.938 -1328.125 242.188 234.375
671.875 132.812 -578.125 -726.562 -296.875 265.625 -890.625 -54.688 304.688 -1007.812 23.438 468.750 -1140.625 46.875 54.688
703.125 -187.500 -312.500 -429.688 -273.438 93.750 -585.938 -164.062 148.438 -687.500 -117.188 328.125 -812.500 -31.250 -54.688
671.875 -85.938 -328.125 -476.562 -289.062 125.000 -601.562 -171.875 171.875 -671.875 -117.188 328.125 -796.875 -31.250 -39.062
601.562 156.250 -562.500 -679.688 -289.062 257.812 -773.438 -93.750 273.438 -765.625 23.438 382.812 -859.375 70.312 78.125
562.500 257.812 -695.312 -812.500 -273.438 335.938 -882.812 -7.812 351.562 -851.562 132.812 414.062 -921.875 132.812 171.875
500.000 554.688 -960.938 -1109.375 -281.250 546.875 -1148.438 125.000 523.438 -1054.688 296.875 531.250 -1125.000 250.000 335.938
523.438 531.250 -960.938 -1132.812 -242.188 554.688 -1156.250 132.812 523.438 -1085.938 304.688 531.250 -1148.438 250.000 328.125
562.500 453.125 -882.812 -1093.750 -226.562 500.000 -1117.188 125.000 484.375 -1085.938 257.812 507.812 -1156.250 250.000 304.688
585.938 421.875 -867.188 -1046.875 -218.750 453.125 -1093.750 109.375 445.312 -1070.312 226.562 484.375 -1125.000 242.188 257.812
687.500 343.750 -695.312 -1007.812 -156.250 375.000 -1085.938 109.375 335.938 -1070.312 148.438 390.625 -1101.562 265.625 140.625
726.562 359.375 -664.062 -1023.438 -132.812 367.188 -1085.938 140.625 320.312 -1078.125 164.062 367.188 -1085.938 281.250 140.625
726.562 460.938 -703.125 -1054.688 -93.750 359.375 -1101.562 164.062 312.500 -1062.500 164.062 328.125 -1054.688 320.312 132.812
726.562 515.625 -718.750 -1085.938 -93.750 375.000 -1117.188 171.875 312.500 -1085.938 171.875 335.938 -1046.875 320.312 109.375
656.250 625.000 -750.000 -1085.938 -7.812 421.875 -1132.812 234.375 359.375 -1109.375 226.562 343.750 -1078.125 359.375 171.875
656.250 640.625 -750.000 -1085.938 -7.812 437.500 -1125.000 242.188 375.000 -1109.375 257.812 359.375 -1070.312 335.938 179.688
617.188 617.188 -726.562 -1046.875 15.625 476.562 -1203.125 359.375 437.500 -1132.812 351.562 382.812 -1132.812 343.750 281.250
539.062 617.188 -734.375 -968.750 -85.938 445.312 -875.000 218.750 328.125 -1132.812 296.875 335.938 -1070.312 414.062 289.062
468.750 500.000 -859.375 -1023.438 -140.625 539.062 -1117.188 195.312 468.750 -1070.312 257.812 421.875 -1054.688 335.938 234.375
414.062 562.500 -929.688 -1039.062 -179.688 554.688 -1125.000 125.000 476.562 -1085.938 210.938 421.875 -1070.312 320.312 195.312
343.750 585.938 -968.750 -1062.500 -203.125 625.000 -1195.312 85.938 570.312 -1148.438 250.000 492.188 -1171.875 304.688 296.875
312.500 515.625 -1007.812 -1109.375 -210.938 671.875 -1257.812 93.750 609.375 -1195.312 296.875 515.625 -1226.562 328.125 351.562
242.188 539.062 -1257.812 -1359.375 -343.750 890.625 -1507.812 140.625 789.062 -1382.812 460.938 671.875 -1398.438 343.750 500.000
187.500 578.125 -1343.750 -1343.750 -273.438 867.188 -1492.188 140.625 804.688 -1437.500 437.500 687.500 -1421.875 273.438 484.375
117.188 640.625 -1476.562 -1382.812 -367.188 929.688 -1554.688 132.812 812.500 -1476.562 554.688 750.000 -1531.250 289.062 664.062
62.500 617.188 -1554.688 -1445.312 -320.312 1023.438 -1632.812 93.750 914.062 -1421.875 460.938 664.062 -1507.812 492.188 609.375
-109.375 187.500 -1867.188 -1156.250 -335.938 929.688 -1281.250 117.188 734.375 -1242.188 484.375 593.750 -1281.250 273.438 453.125
-156.250 23.438 -1898.438 -1132.812 -289.062 976.562 -1195.312 132.812 757.812 -1179.688 570.312 578.125 -1289.062 296.875 578.125
-132.812 -210.938 -1851.562 -1078.125 -242.188 1000.000 -1273.438 218.750 820.312 -1234.375 640.625 593.750 -1351.562 320.312 687.500
-109.375 -265.625 -1859.375 -1046.875 -171.875 929.688 -1351.562 343.750 804.688 -1203.125 648.438 609.375 -1367.188 296.875 687.500
250.000 -570.312 -1718.750 -523.438 320.312 296.875 -1164.062 1109.375 312.500 -1281.250 679.688 460.938 -1398.438 250.000 523.438
382.812 -710.938 -1664.062 -382.812 484.375 226.562 -898.438 1265.625 257.812 -1210.938 664.062 375.000 -1335.938 375.000 484.375
835.938 -593.750 -1382.812 -125.000 765.625 187.500 -937.500 1414.062 125.000 -1062.500 601.562 171.875 -1203.125 484.375 390.625
1109.375 -554.688 -1164.062 54.688 703.125 265.625 -226.562 1007.812 -85.938 -1023.438 687.500 -46.875 -1039.062 523.438 351.562
1328.125 93.750 -812.500 250.000 335.938 273.438 -304.688 578.125 -390.625 -437.500 648.438 -476.562 -234.375 609.375 171.875
992.188 710.938 -960.938 23.438 -562.500 609.375 703.125 289.062 -500.000 351.562 460.938 -781.250 390.625 757.812 140.625
570.312 1523.438 -1445.312 164.062 -117.188 492.188 890.625 234.375 -273.438 765.625 375.000 -742.188 750.000 773.438 132.812
421.875 2007.812 -1546.875 328.125 -7.812 445.312 953.125 171.875 -164.062 804.688 320.312 -710.938 921.875 718.750 85.938
203.125 1687.500 -1328.125 320.312 -398.438 648.438 906.250 -62.500 101.562 1171.875 359.375 -601.562 1265.625 671.875 93.750
-7.812 1265.625 -671.875 375.000 -335.938 703.125 609.375 -23.438 507.812 648.438 406.250 -31.250 945.312 273.438 359.375
-250.000 664.062 -515.625 398.438 -265.625 648.438 523.438 179.688 632.812 304.688 734.375 328.125 312.500 171.875 750.000
-367.188 406.250 -500.000 460.938 -117.188 531.250 492.188 375.000 601.562 23.438 828.125 468.750 117.188 171.875 859.375
-328.125 -132.812 -343.750 640.625 210.938 320.312 648.438 460.938 390.625 39.062 1015.625 460.938 -492.188 85.938 1234.375
-234.375 -335.938 0.000 765.625 148.438 289.062 843.750 390.625 296.875 242.188 953.125 367.188 -351.562 -15.625 1156.250
-343.750 -70.312 -148.438 820.312 -39.062 304.688 843.750 195.312 367.188 343.750 757.812 343.750 39.062 -31.250 859.375
-468.750 54.688 -281.250 812.500 -257.812 343.750 843.750 31.250 390.625 531.250 664.062 296.875 195.312 -39.062 789.062
-625.000 328.125 -539.062 773.438 -523.438 468.750 812.500 -187.500 492.188 695.312 421.875 218.750 554.688 101.562 687.500
-742.188 554.688 -703.125 703.125 -578.125 609.375 796.875 -179.688 601.562 632.812 484.375 289.062 515.625 23.438 671.875
-804.688 726.562 -703.125 664.062 -531.250 671.875 734.375 -78.125 687.500 531.250 625.000 414.062 296.875 -15.625 843.750
-820.312 703.125 -664.062 648.438 -500.000 695.312 671.875 -15.625 757.812 429.688 695.312 492.188 171.875 -15.625 937.500
-906.250 515.625 -671.875 593.750 -437.500 757.812 585.938 101.562 851.562 257.812 843.750 609.375 -39.062 0.000 1109.375
-890.625 328.125 -664.062 546.875 -296.875 765.625 570.312 250.000 882.812 140.625 984.375 671.875 -210.938 54.688 1265.625
-835.938 375.000 -617.188 562.500 -257.812 703.125 578.125 234.375 820.312 148.438 960.938 648.438 -210.938 39.062 1234.375
-812.500 453.125 -585.938 562.500 -257.812 687.500 601.562 210.938 804.688 140.625 929.688 617.188 -179.688 31.250 1187.500
-734.375 640.625 -492.188 539.062 -281.250 664.062 554.688 156.250 789.062 234.375 851.562 609.375 -101.562 -31.250 1109.375
-695.312 773.438 -421.875 492.188 -421.875 632.812 523.438 -23.438 773.438 234.375 687.500 671.875 -62.500 -70.312 1023.438
-687.500 726.562 -437.500 398.438 -523.438 656.250 421.875 -85.938 773.438 265.625 617.188 632.812 0.000 -109.375 976.562
-703.125 718.750 -445.312 312.500 -468.750 726.562 343.750 -62.500 828.125 328.125 593.750 625.000 78.125 -109.375 976.562
-718.750 710.938 -554.688 250.000 -367.188 726.562 -125.000 -117.188 867.188 382.812 617.188 539.062 125.000 -78.125 960.938
-742.188 859.375 -835.938 367.188 148.438 437.500 523.438 203.125 695.312 578.125 656.250 468.750 203.125 -15.625 992.188
-765.625 687.500 -1007.812 257.812 -218.750 546.875 593.750 179.688 414.062 484.375 773.438 218.750 164.062 31.250 1085.938
-703.125 445.312 -929.688 359.375 -382.812 640.625 695.312 117.188 429.688 593.750 734.375 164.062 289.062 132.812 1062.500
-515.625 -195.312 -570.312 195.312 -429.688 765.625 578.125 140.625 539.062 710.938 617.188 156.250 460.938 15.625 843.750
-593.750 -492.188 -328.125 390.625 -656.250 1039.062 78.125 -203.125 984.375 390.625 531.250 296.875 328.125 398.438 882.812
-554.688 -921.875 117.188 -70.312 -304.688 1171.875 -335.938 -320.312 1382.812 210.938 671.875 765.625 140.625 -125.000 710.938
-640.625 -1375.000 70.312 39.062 93.750 1078.125 -195.312 15.625 1585.938 -78.125 601.562 1226.562 -132.812 -476.562 781.250
-867.188 -695.312 -39.062 453.125 -156.250 632.812 1007.812 539.062 1281.250 468.750 921.875 1531.250 -437.500 -921.875 1539.062
-398.438 -578.125 617.188 1804.688 -343.750 382.812 1890.625 -312.500 304.688 1312.500 140.625 187.500 1132.812 -398.438 289.062
-789.062 -1226.562 367.188 1320.312 -562.500 640.625 1343.750 -367.188 703.125 1367.188 367.188 281.250 1234.375 -382.812 617.188
-968.750 -421.875 304.688 1414.062 -570.312 656.250 1218.750 -179.688 867.188 1359.375 367.188 523.438 1062.500 -367.188 781.250
-843.750 -906.250 421.875 1320.312 -609.375 515.625 1273.438 -375.000 601.562 1156.250 296.875 468.750 835.938 -570.312 679.688
-976.562 -609.375 171.875 859.375 -554.688 523.438 781.250 -296.875 679.688 781.250 265.625 593.750 500.000 -523.438 671.875
-1007.812 -476.562 39.062 531.250 -554.688 546.875 406.250 -281.250 726.562 460.938 320.312 664.062 218.750 -460.938 781.250
-1054.688 -320.312 -54.688 343.750 -562.500 546.875 250.000 -242.188 757.812 367.188 312.500 726.562 140.625 -468.750 796.875
-992.188 -93.750 -101.562 234.375 -546.875 562.500 218.750 -218.750 750.000 359.375 375.000 710.938 179.688 -437.500 867.188
-960.938 -117.188 -15.625 429.688 -531.250 632.812 390.625 -164.062 781.250 570.312 445.312 664.062 382.812 -414.062 890.625
-960.938 -257.812 93.750 593.750 -531.250 679.688 664.062 -156.250 757.812 757.812 593.750 664.062 429.688 -468.750 984.375
-1000.000 -304.688 85.938 734.375 -546.875 625.000 695.312 -156.250 773.438 703.125 492.188 664.062 445.312 -406.250 945.312
-984.375 -359.375 156.250 789.062 -500.000 679.688 804.688 -117.188 828.125 835.938 601.562 734.375 468.750 -609.375 976.562
-1117.188 -468.750 85.938 882.812 -562.500 710.938 476.562 -85.938 796.875 757.812 375.000 453.125 664.062 -343.750 718.750
-1093.750 -156.250 31.250 734.375 -437.500 765.625 671.875 39.062 1148.438 992.188 390.625 867.188 593.750 -742.188 828.125
-1054.688 -140.625 78.125 1085.938 -484.375 601.562 359.375 46.875 1351.562 562.500 554.688 789.062 851.562 -484.375 710.938
-960.938 -312.500 140.625 773.438 -140.625 875.000 632.812 -906.250 843.750 273.438 1093.750 945.312 695.312 -601.562 664.062
-1140.625 -992.188 -70.312 687.500 -859.375 718.750 1101.562 484.375 -132.812 1031.250 640.625 -39.062 523.438 -210.938 1015.625
-703.125 -500.000 234.375 1093.750 -468.750 617.188 1171.875 187.500 -195.312 1085.938 335.938 -328.125 671.875 -23.438 937.500
-914.062 -726.562 195.312 929.688 -476.562 460.938 1289.062 242.188 -273.438 1039.062 468.750 -164.062 742.188 39.062 898.438
-593.750 -1015.625 257.812 1320.312 -335.938 414.062 1218.750 390.625 -289.062 1117.188 593.750 -164.062 937.500 -62.500 820.312
-523.438 -1367.188 226.562 1148.438 -546.875 578.125 1304.688 257.812 -335.938 1132.812 398.438 -312.500 953.125 -148.438 781.250
-804.688 -960.938 -148.438 953.125 546.875 -351.562 1070.312 242.188 -523.438 859.375 250.000 -234.375 929.688 -70.312 750.000
-906.250 -195.312 -265.625 1070.312 -273.438 85.938 1242.188 101.562 -664.062 953.125 101.562 -351.562 695.312 109.375 765.625
-640.625 585.938 -171.875 546.875 -453.125 218.750 1039.062 -375.000 -562.500 1226.562 -304.688 -617.188 531.250 54.688 601.562
-640.625 234.375 226.562 445.312 -320.312 54.688 812.500 -421.875 -281.250 945.312 -218.750 -250.000 750.000 -46.875 375.000
-1132.812 242.188 -343.750 460.938 -648.438 148.438 789.062 -578.125 117.188 726.562 -39.062 203.125 617.188 -171.875 335.938
-1109.375 414.062 -296.875 617.188 -507.812 54.688 773.438 -562.500 179.688 726.562 39.062 320.312 664.062 -109.375 429.688
-1046.875 1164.062 -101.562 820.312 -648.438 156.250 882.812 -507.812 -15.625 789.062 62.500 351.562 429.688 -304.688 546.875
-796.875 835.938 281.250 765.625 -851.562 281.250 914.062 -546.875 -93.750 937.500 -15.625 187.500 507.812 -414.062 617.188
-1179.688 -250.000 -23.438 898.438 -593.750 218.750 1125.000 -234.375 -164.062 1007.812 273.438 101.562 710.938 62.500 804.688
-1195.312 -265.625 -46.875 859.375 -625.000 281.250 1085.938 -226.562 -164.062 1046.875 265.625 31.250 695.312 31.250 820.312
-992.188 101.562 132.812 890.625 -476.562 320.312 898.438 -226.562 -93.750 789.062 257.812 164.062 679.688 -93.750 804.688
-984.375 257.812 78.125 796.875 -531.250 328.125 1000.000 -273.438 -109.375 1015.625 234.375 7.812 695.312 0.000 789.062
-1015.625 164.062 54.688 820.312 -476.562 289.062 1000.000 -281.250 -140.625 1015.625 203.125 -31.250 757.812 15.625 703.125
-992.188 117.188 39.062 914.062 -437.500 250.000 1023.438 -289.062 -187.500 1039.062 171.875 -70.312 765.625 39.062 679.688
-921.875 179.688 85.938 992.188 -132.812 125.000 898.438 -234.375 -70.312 898.438 250.000 23.438 804.688 -70.312 609.375
-976.562 31.250 93.750 890.625 -343.750 179.688 976.562 -203.125 -171.875 929.688 242.188 23.438 679.688 31.250 687.500
-992.188 -46.875 125.000 992.188 -328.125 93.750 1015.625 -164.062 -257.812 960.938 242.188 7.812 640.625 -15.625 750.000
-914.062 -70.312 187.500 992.188 -335.938 109.375 976.562 -195.312 -257.812 953.125 210.938 -15.625 656.250 -62.500 734.375
-882.812 0.000 218.750 929.688 -390.625 164.062 984.375 -226.562 -234.375 984.375 187.500 -39.062 765.625 -78.125 687.500
-1000.000 93.750 85.938 804.688 -453.125 265.625 906.250 -289.062 -109.375 968.750 187.500 0.000 820.312 -23.438 671.875
-1023.438 187.500 54.688 789.062 -453.125 312.500 921.875 -265.625 -31.250 921.875 296.875 125.000 742.188 -7.812 742.188
-1031.250 195.312 39.062 835.938 -445.312 281.250 960.938 -257.812 -70.312 968.750 281.250 109.375 710.938 -23.438 781.250
-1007.812 109.375 85.938 875.000 -476.562 257.812 968.750 -289.062 -101.562 976.562 242.188 101.562 679.688 -109.375 796.875
-1000.000 78.125 101.562 875.000 -492.188 250.000 984.375 -320.312 -93.750 968.750 218.750 132.812 656.250 -101.562 789.062
-1007.812 265.625 39.062 835.938 -593.750 281.250 968.750 -437.500 -39.062 960.938 164.062 203.125 656.250 -195.312 718.750
-1062.500 226.562 -62.500 820.312 -570.312 281.250 929.688 -453.125 7.812 921.875 171.875 234.375 632.812 -210.938 695.312
-1148.438 265.625 -85.938 671.875 -617.188 398.438 843.750 -578.125 109.375 890.625 109.375 312.500 625.000 -234.375 625.000
-1046.875 226.562 -62.500 796.875 -515.625 296.875 867.188 -476.562 -15.625 914.062 85.938 195.312 687.500 -289.062 593.750
-914.062 -234.375 156.250 1023.438 -304.688 210.938 1093.750 -335.938 -281.250 1148.438 78.125 -187.500 984.375 -156.250 492.188
-898.438 -242.188 164.062 1015.625 -242.188 164.062 1140.625 -289.062 -304.688 1148.438 125.000 -171.875 1023.438 -23.438 562.500
-890.625 164.062 195.312 851.562 -296.875 242.188 945.312 -296.875 -156.250 1007.812 132.812 -31.250 757.812 -164.062 585.938
-757.812 414.062 0.000 554.688 -335.938 320.312 890.625 -273.438 -140.625 1062.500 179.688 -203.125 664.062 -187.500 617.188
-1078.125 117.188 -85.938 1062.500 710.938 2476.562 382.812 -1250.000 -578.125 1203.125 -726.562 54.688 648.438 257.812 593.750
-1140.625 812.500 -195.312 789.062 -617.188 93.750 718.750 -226.562 -617.188 976.562 460.938 -445.312 585.938 -140.625 695.312
-1000.000 164.062 -210.938 765.625 -2710.938 -937.500 304.688 2320.312 -726.562 -15.625 929.688 843.750 203.125 585.938 1039.062
-1125.000 195.312 -171.875 1476.562 -875.000 -335.938 1296.875 -382.812 257.812 656.250 523.438 187.500 -70.312 23.438 1023.438
-1351.562 -539.062 -398.438 1046.875 -851.562 -7.812 1039.062 -257.812 101.562 921.875 343.750 62.500 78.125 -195.312 1007.812
-1101.562 -343.750 -273.438 914.062 -234.375 117.188 1187.500 304.688 109.375 687.500 1125.000 -31.250 156.250 359.375 1265.625
-546.875 429.688 250.000 968.750 -179.688 -148.438 1210.938 -54.688 -703.125 304.688 1343.750 -171.875 -195.312 179.688 1335.938
-117.188 -273.438 835.938 1359.375 328.125 -210.938 -429.688 484.375 -289.062 445.312 632.812 242.188 109.375 70.312 1343.750
320.312 -1039.062 1375.000 1039.062 437.500 -328.125 -273.438 750.000 773.438 101.562 250.000 843.750 335.938 164.062 1257.812
-1195.312 -578.125 289.062 890.625 -437.500 179.688 1859.375 320.312 812.500 1523.438 1046.875 812.500 1000.000 -1156.250 570.312
-718.750 734.375 585.938 1570.312 -828.125 -226.562 1976.562 -656.250 -312.500 562.500 320.312 -140.625 546.875 226.562 906.250
-484.375 453.125 703.125 789.062 -500.000 -93.750 1093.750 -148.438 609.375 1617.188 648.438 250.000 820.312 -609.375 859.375
-1257.812 -1656.250 273.438 1617.188 -648.438 203.125 1398.438 109.375 664.062 1187.500 164.062 460.938 1046.875 -343.750 906.250
-1015.625 -460.938 335.938 1140.625 -562.500 85.938 906.250 -62.500 554.688 796.875 203.125 523.438 421.875 -460.938 687.500
-992.188 -476.562 296.875 945.312 -507.812 203.125 906.250 46.875 617.188 804.688 390.625 546.875 453.125 -421.875 875.000
-875.000 -359.375 359.375 843.750 -390.625 250.000 789.062 156.250 539.062 742.188 484.375 531.250 320.312 -343.750 921.875
-867.188 -343.750 351.562 867.188 -351.562 226.562 835.938 156.250 523.438 757.812 476.562 523.438 351.562 -343.750 929.688
-898.438 -343.750 335.938 875.000 -492.188 265.625 859.375 62.500 570.312 851.562 359.375 484.375 500.000 -359.375 851.562
-960.938 -359.375 328.125 914.062 -539.062 242.188 875.000 31.250 593.750 820.312 320.312 523.438 460.938 -398.438 820.312
-953.125 -343.750 343.750 968.750 -570.312 226.562 921.875 0.000 601.562 843.750 343.750 531.250 453.125 -414.062 843.750
-976.562 -390.625 367.188 1000.000 -554.688 218.750 937.500 0.000 609.375 843.750 328.125 539.062 460.938 -429.688 843.750
-914.062 -375.000 406.250 1054.688 -546.875 210.938 992.188 0.000 593.750 898.438 343.750 507.812 507.812 -406.250 843.750
-898.438 -304.688 343.750 867.188 -507.812 281.250 859.375 101.562 640.625 828.125 398.438 539.062 460.938 -351.562 906.250
-851.562 -93.750 265.625 539.062 -468.750 421.875 632.812 226.562 703.125 710.938 460.938 593.750 382.812 -281.250 992.188
-843.750 31.250 234.375 406.250 -437.500 476.562 515.625 304.688 726.562 656.250 484.375 625.000 367.188 -265.625 1023.438
-750.000 203.125 304.688 328.125 -414.062 539.062 484.375 437.500 867.188 695.312 445.312 703.125 492.188 -171.875 1093.750
-648.438 273.438 429.688 585.938 -507.812 296.875 1046.875 460.938 507.812 875.000 656.250 562.500 640.625 -312.500 1023.438
-335.938 -531.250 843.750 1562.500 -273.438 -46.875 1593.750 335.938 679.688 1273.438 398.438 664.062 734.375 -585.938 953.125
-757.812 -757.812 492.188 1640.625 -85.938 62.500 1625.000 976.562 1000.000 1601.562 476.562 875.000 773.438 -335.938 1078.125
-554.688 -757.812 734.375 1515.625 -531.250 -15.625 -1296.875 -179.688 62.500 -179.688 820.312 296.875 632.812 -453.125 859.375
945.312 -2156.250 835.938 992.188 1414.062 789.062 -1023.438 -1656.250 1414.062 945.312 273.438 148.438 539.062 -664.062 710.938
-1289.062 -1093.750 445.312 968.750 -1140.625 -273.438 882.812 -31.250 -31.250 914.062 -851.562 1164.062 742.188 -437.500 523.438
-1031.250 1273.438 -539.062 515.625 -2484.375 -109.375 1085.938 250.000 -1281.250 -164.062 367.188 968.750 523.438 -421.875 570.312
234.375 1601.562 -85.938 1515.625 -390.625 -578.125 1039.062 -242.188 -39.062 1382.812 539.062 -398.438 132.812 -773.438 882.812
-1429.688 1109.375 -1156.250 750.000 -890.625 31.250 1679.688 -773.438 -609.375 773.438 -195.312 -468.750 7.812 921.875 976.562
-1250.000 906.250 -1046.875 -171.875 -578.125 562.500 1265.625 -335.938 -656.250 1421.875 -195.312 -648.438 1078.125 -593.750 85.938
-1171.875 1101.562 -773.438 93.750 -343.750 531.250 1281.250 -351.562 -320.312 1250.000 -140.625 -398.438 1226.562 -62.500 117.188
-1164.062 250.000 -328.125 976.562 -281.250 70.312 1195.312 -39.062 -23.438 640.625 148.438 -46.875 960.938 171.875 351.562
-1195.312 -539.062 15.625 1656.250 390.625 -335.938 1171.875 234.375 -257.812 851.562 625.000 -23.438 257.812 -132.812 945.312
-1125.000 -632.812 203.125 1453.125 31.250 -23.438 1273.438 125.000 -195.312 1000.000 687.500 -15.625 234.375 7.812 1164.062
-1164.062 -765.625 187.500 1148.438 -70.312 46.875 1289.062 70.312 -234.375 1031.250 695.312 -125.000 328.125 -7.812 1078.125
-1101.562 -101.562 -179.688 804.688 -109.375 218.750 875.000 164.062 109.375 875.000 468.750 -15.625 570.312 171.875 914.062
-1007.812 296.875 -242.188 796.875 -328.125 328.125 937.500 -15.625 179.688 898.438 476.562 46.875 500.000 46.875 890.625
-1007.812 445.312 -273.438 796.875 -343.750 265.625 953.125 -39.062 210.938 765.625 390.625 117.188 398.438 -15.625 914.062
-1015.625 382.812 -273.438 804.688 -328.125 257.812 835.938 -7.812 234.375 796.875 445.312 132.812 375.000 -46.875 921.875
-945.312 148.438 -140.625 898.438 -187.500 203.125 937.500 78.125 171.875 851.562 554.688 140.625 351.562 -31.250 1031.250
-1000.000 -85.938 -78.125 898.438 -164.062 218.750 859.375 85.938 179.688 828.125 500.000 132.812 351.562 7.812 1031.250
-976.562 -7.812 -101.562 1007.812 -140.625 109.375 976.562 78.125 54.688 906.250 484.375 78.125 453.125 -23.438 1015.625
-976.562 -7.812 -93.750 1078.125 -148.438 70.312 1078.125 31.250 -15.625 976.562 429.688 7.812 515.625 23.438 992.188
-984.375 -39.062 -93.750 1054.688 -140.625 54.688 937.500 54.688 54.688 937.500 343.750 31.250 609.375 -23.438 875.000
-976.562 -109.375 -46.875 1085.938 -187.500 23.438 953.125 78.125 7.812 921.875 421.875 70.312 460.938 -31.250 992.188
-984.375 -179.688 -62.500 1093.750 -125.000 23.438 890.625 148.438 7.812 914.062 437.500 85.938 468.750 -62.500 976.562
-1000.000 -234.375 -62.500 1265.625 109.375 70.312 828.125 -125.000 414.062 835.938 437.500 140.625 476.562 -54.688 968.750
-968.750 -359.375 -62.500 1031.250 -23.438 46.875 890.625 210.938 -23.438 773.438 632.812 78.125 414.062 -54.688 1039.062
-1171.875 -281.250 -367.188 1031.250 -7.812 -31.250 1085.938 187.500 -382.812 828.125 570.312 -210.938 367.188 23.438 1125.000
-1171.875 -531.250 -335.938 898.438 7.812 23.438 968.750 -101.562 -335.938 1085.938 281.250 -242.188 578.125 0.000 984.375
-1117.188 -601.562 -226.562 1046.875 -132.812 78.125 1085.938 -164.062 -281.250 992.188 93.750 -257.812 664.062 101.562 835.938
-1210.938 -382.812 -390.625 882.812 -117.188 242.188 468.750 -382.812 -226.562 679.688 -179.688 -179.688 757.812 -23.438 617.188
-1000.000 -460.938 -179.688 1070.312 -375.000 -15.625 781.250 -304.688 -460.938 867.188 -203.125 -39.062 765.625 -257.812 507.812
-1492.188 -703.125 -781.250 1226.562 -570.312 -125.000 1140.625 -234.375 -648.438 1171.875 -140.625 -203.125 695.312 -375.000 562.500
-1351.562 -781.250 -726.562 1218.750 -578.125 -85.938 1093.750 -265.625 -593.750 1164.062 -171.875 -132.812 664.062 -390.625 585.938
-890.625 -164.062 -421.875 882.812 -257.812 -179.688 1148.438 -343.750 -617.188 1140.625 -265.625 -195.312 710.938 -320.312 515.625
-1703.125 1710.938 -1648.438 1437.500 234.375 -320.312 976.562 460.938 -968.750 960.938 148.438 -367.188 632.812 -289.062 601.562
-460.938 578.125 320.312 398.438 -1062.500 351.562 1210.938 -671.875 -328.125 1414.062 -437.500 -500.000 828.125 23.438 453.125
-101.562 -296.875 937.500 382.812 -773.438 507.812 765.625 -593.750 -70.312 867.188 -328.125 -257.812 890.625 7.812 265.625
-429.688 -1078.125 523.438 1031.250 -85.938 -23.438 921.875 39.062 -359.375 890.625 210.938 -93.750 1023.438 7.812 296.875
-1109.375 -132.812 -218.750 1195.312 -117.188 -117.188 1000.000 31.250 -695.312 1078.125 -54.688 -453.125 914.062 117.188 539.062
-664.062 250.000 23.438 1054.688 -351.562 -15.625 968.750 -203.125 -617.188 1148.438 -140.625 -406.250 1039.062 234.375 375.000
-546.875 421.875 164.062 937.500 -453.125 39.062 945.312 -171.875 -453.125 921.875 -70.312 -312.500 1039.062 148.438 281.250
-679.688 781.250 140.625 851.562 -562.500 218.750 937.500 -335.938 -406.250 1039.062 -171.875 -250.000 1007.812 54.688 195.312
-945.312 640.625 -132.812 914.062 -578.125 210.938 1007.812 -195.312 -375.000 914.062 -46.875 -234.375 1007.812 -7.812 226.562
-812.500 335.938 101.562 859.375 -507.812 203.125 898.438 -203.125 -304.688 976.562 46.875 -195.312 859.375 85.938 484.375
-906.250 156.250 46.875 843.750 -468.750 210.938 875.000 -132.812 -289.062 890.625 101.562 -171.875 835.938 62.500 523.438
-968.750 234.375 -31.250 742.188 -500.000 273.438 929.688 -171.875 -242.188 945.312 125.000 -140.625 828.125 117.188 593.750
-984.375 257.812 -78.125 703.125 -476.562 296.875 929.688 -203.125 -187.500 960.938 164.062 -125.000 820.312 117.188 609.375
-1031.250 320.312 -164.062 875.000 -406.250 210.938 914.062 -164.062 -179.688 921.875 179.688 -54.688 789.062 70.312 656.250
-1000.000 281.250 -132.812 867.188 -406.250 242.188 953.125 -156.250 -187.500 921.875 187.500 -78.125 789.062 23.438 625.000
-984.375 203.125 -125.000 1007.812 -351.562 156.250 1007.812 -54.688 -312.500 1000.000 250.000 -117.188 843.750 101.562 656.250
-992.188 226.562 -117.188 1007.812 -273.438 140.625 976.562 -62.500 -312.500 960.938 218.750 -132.812 820.312 101.562 648.438
-984.375 140.625 -85.938 914.062 -320.312 187.500 984.375 -93.750 -250.000 960.938 250.000 -78.125 757.812 78.125 671.875
-1000.000 226.562 -125.000 929.688 -320.312 195.312 937.500 -101.562 -218.750 937.500 265.625 -78.125 781.250 54.688 671.875
-1015.625 218.750 -117.188 882.812 -390.625 234.375 976.562 -101.562 -210.938 1000.000 273.438 -85.938 765.625 70.312 695.312
-992.188 250.000 -117.188 875.000 -359.375 242.188 968.750 -85.938 -210.938 1000.000 289.062 -109.375 804.688 101.562 703.125
-898.438 195.312 -15.625 843.750 -335.938 250.000 890.625 -117.188 -195.312 937.500 210.938 -132.812 828.125 101.562 632.812
-937.500 171.875 -46.875 859.375 -343.750 242.188 945.312 -101.562 -234.375 945.312 226.562 -140.625 835.938 78.125 609.375
-945.312 226.562 -46.875 976.562 -335.938 140.625 984.375 -93.750 -359.375 984.375 164.062 -156.250 859.375 46.875 562.500
-906.250 218.750 15.625 992.188 -351.562 101.562 968.750 -132.812 -382.812 984.375 109.375 -179.688 875.000 15.625 523.438
-937.500 31.250 15.625 1046.875 -328.125 31.250 984.375 -148.438 -453.125 1007.812 70.312 -187.500 890.625 -7.812 476.562
-945.312 46.875 23.438 1023.438 -328.125 39.062 953.125 -132.812 -421.875 984.375 85.938 -187.500 875.000 -7.812 500.000
-953.125 39.062 31.250 976.562 -328.125 85.938 921.875 -156.250 -367.188 968.750 93.750 -156.250 867.188 -23.438 515.625
-968.750 54.688 15.625 976.562 -320.312 78.125 929.688 -132.812 -367.188 968.750 117.188 -148.438 859.375 -15.625 515.625
-976.562 31.250 31.250 1000.000 -304.688 54.688 937.500 -156.250 -398.438 976.562 78.125 -164.062 851.562 -39.062 523.438
-960.938 0.000 46.875 1000.000 -320.312 46.875 945.312 -179.688 -390.625 992.188 62.500 -164.062 867.188 -54.688 515.625
-976.562 15.625 54.688 1007.812 -351.562 46.875 945.312 -203.125 -406.250 1000.000 39.062 -140.625 859.375 -62.500 500.000
-945.312 23.438 62.500 1007.812 -351.562 39.062 945.312 -203.125 -398.438 984.375 31.250 -148.438 867.188 -62.500 492.188
-765.625 -23.438 234.375 929.688 -312.500 78.125 953.125 -148.438 -421.875 1000.000 70.312 -203.125 914.062 -78.125 453.125
-742.188 -54.688 257.812 953.125 -304.688 62.500 937.500 -101.562 -421.875 1000.000 93.750 -218.750 914.062 -54.688 468.750
-695.312 62.500 257.812 632.812 -132.812 203.125 781.250 -265.625 -203.125 1007.812 23.438 -101.562 890.625 -46.875 515.625
-695.312 125.000 218.750 1023.438 -335.938 70.312 1164.062 -85.938 -546.875 890.625 117.188 -203.125 867.188 -78.125 507.812
-765.625 257.812 -85.938 546.875 -195.312 117.188 1203.125 109.375 -382.812 835.938 359.375 -210.938 882.812 39.062 554.688
-773.438 343.750 -148.438 898.438 -218.750 171.875 953.125 -39.062 -421.875 960.938 195.312 -242.188 875.000 85.938 539.062
-789.062 273.438 -273.438 898.438 -273.438 85.938 1101.562 7.812 -429.688 976.562 210.938 -273.438 875.000 78.125 531.250
-812.500 250.000 -304.688 867.188 -312.500 93.750 1062.500 15.625 -421.875 968.750 203.125 -281.250 882.812 117.188 523.438
-820.312 289.062 -375.000 851.562 -429.688 132.812 1015.625 -7.812 -328.125 968.750 203.125 -273.438 890.625 109.375 476.562
-851.562 273.438 -406.250 851.562 -468.750 132.812 992.188 -23.438 -289.062 945.312 203.125 -257.812 867.188 109.375 476.562
-859.375 281.250 -453.125 851.562 -523.438 156.250 929.688 -85.938 -179.688 945.312 164.062 -226.562 867.188 101.562 468.750
-875.000 304.688 -460.938 843.750 -539.062 156.250 898.438 -140.625 -140.625 937.500 148.438 -187.500 859.375 70.312 460.938
-945.312 257.812 -562.500 804.688 -679.688 226.562 851.562 -210.938 31.250 937.500 164.062 -46.875 812.500 78.125 515.625
-953.125 265.625 -585.938 796.875 -671.875 257.812 859.375 -218.750 85.938 914.062 187.500 -23.438 804.688 70.312 531.250
-968.750 242.188 -609.375 773.438 -710.938 304.688 929.688 -210.938 140.625 906.250 265.625 46.875 765.625 70.312 617.188
-976.562 210.938 -640.625 757.812 -750.000 320.312 968.750 -195.312 148.438 914.062 312.500 70.312 734.375 62.500 664.062
-960.938 203.125 -664.062 710.938 -742.188 375.000 1015.625 -179.688 187.500 929.688 398.438 109.375 679.688 62.500 812.500
-921.875 234.375 -664.062 703.125 -734.375 367.188 1031.250 -164.062 218.750 937.500 429.688 117.188 640.625 62.500 859.375
