320.312 -945.312 -351.562 343.750 -406.250 835.938 648.438 -132.812 734.375 765.625 445.312 445.312 562.500 312.500 679.688
390.625 -1023.438 -453.125 437.500 -484.375 812.500 703.125 -54.688 734.375 734.375 453.125 515.625 546.875 343.750 726.562
375.000 -867.188 -492.188 390.625 -421.875 820.312 710.938 -46.875 726.562 742.188 453.125 476.562 546.875 375.000 742.188
312.500 -804.688 -476.562 453.125 -390.625 757.812 742.188 15.625 687.500 750.000 539.062 468.750 515.625 398.438 812.500
312.500 -804.688 -476.562 453.125 -390.625 757.812 742.188 15.625 687.500 750.000 539.062 468.750 515.625 398.438 812.500
320.312 -835.938 -476.562 414.062 -390.625 750.000 710.938 31.250 687.500 726.562 523.438 468.750 523.438 398.438 789.062
281.250 -773.438 -492.188 414.062 -398.438 765.625 687.500 7.812 710.938 734.375 500.000 460.938 531.250 406.250 757.812
335.938 -867.188 -531.250 335.938 -492.188 796.875 632.812 -70.312 757.812 695.312 500.000 554.688 523.438 382.812 851.562
335.938 -867.188 -531.250 335.938 -492.188 796.875 632.812 -70.312 757.812 695.312 500.000 554.688 523.438 382.812 851.562
335.938 -867.188 -531.250 335.938 -492.188 796.875 632.812 -70.312 757.812 695.312 500.000 554.688 523.438 382.812 851.562
328.125 -820.312 -562.500 343.750 -507.812 796.875 656.250 -46.875 781.250 703.125 507.812 562.500 523.438 382.812 851.562
328.125 -742.188 -593.750 382.812 -476.562 773.438 671.875 -15.625 750.000 734.375 492.188 507.812 531.250 390.625 820.312
335.938 -804.688 -562.500 359.375 -507.812 789.062 664.062 -78.125 742.188 718.750 492.188 531.250 460.938 367.188 843.750
335.938 -820.312 -554.688 359.375 -500.000 796.875 664.062 -70.312 757.812 734.375 460.938 523.438 601.562 367.188 804.688
250.000 -820.312 -500.000 328.125 -421.875 812.500 648.438 -31.250 765.625 742.188 546.875 484.375 546.875 414.062 828.125
250.000 -820.312 -500.000 328.125 -421.875 812.500 648.438 -31.250 765.625 742.188 546.875 484.375 546.875 414.062 828.125
289.062 -906.250 -484.375 312.500 -437.500 835.938 656.250 -15.625 765.625 742.188 585.938 515.625 523.438 421.875 890.625
312.500 -945.312 -468.750 312.500 -453.125 828.125 664.062 -23.438 773.438 726.562 593.750 539.062 523.438 421.875 898.438
312.500 -945.312 -468.750 312.500 -453.125 828.125 664.062 -23.438 773.438 726.562 593.750 539.062 523.438 421.875 898.438
328.125 -1203.125 -367.188 242.188 -507.812 906.250 585.938 -54.688 867.188 710.938 679.688 679.688 375.000 414.062 1132.812
437.500 -1187.500 -492.188 281.250 -515.625 867.188 632.812 70.312 835.938 570.312 679.688 703.125 414.062 476.562 1226.562
437.500 -1187.500 -492.188 281.250 -515.625 867.188 632.812 70.312 835.938 570.312 679.688 703.125 414.062 476.562 1226.562
492.188 -1062.500 -640.625 484.375 -687.500 992.188 445.312 109.375 640.625 898.438 625.000 406.250 414.062 554.688 890.625
500.000 -984.375 -734.375 101.562 -609.375 820.312 1101.562 85.938 281.250 781.250 757.812 132.812 437.500 703.125 789.062
15.625 -929.688 -187.500 859.375 31.250 382.812 703.125 -468.750 429.688 625.000 437.500 -15.625 773.438 617.188 453.125
15.625 -929.688 -187.500 859.375 31.250 382.812 703.125 -468.750 429.688 625.000 437.500 -15.625 773.438 617.188 453.125
15.625 -929.688 -187.500 859.375 31.250 382.812 703.125 -468.750 429.688 625.000 437.500 -15.625 773.438 617.188 453.125
148.438 101.562 -23.438 804.688 226.562 695.312 320.312 -578.125 1007.812 554.688 -664.062 328.125 914.062 -406.250 -210.938
320.312 367.188 -109.375 804.688 203.125 773.438 -7.812 -632.812 1078.125 515.625 -789.062 429.688 875.000 -375.000 -242.188
703.125 -257.812 -484.375 976.562 15.625 460.938 -140.625 -101.562 906.250 226.562 -414.062 687.500 226.562 -109.375 46.875
757.812 -703.125 -718.750 1132.812 -101.562 320.312 304.688 453.125 851.562 93.750 296.875 1062.500 -257.812 -156.250 1031.250
757.812 -703.125 -718.750 1132.812 -101.562 320.312 304.688 453.125 851.562 93.750 296.875 1062.500 -257.812 -156.250 1031.250
585.938 -804.688 -500.000 1039.062 -125.000 398.438 70.312 320.312 906.250 281.250 632.812 1023.438 -273.438 539.062 1734.375
656.250 -757.812 -414.062 734.375 -132.812 765.625 -460.938 648.438 1085.938 -296.875 773.438 1421.875 -414.062 351.562 1953.125
640.625 -1039.062 -382.812 710.938 23.438 734.375 109.375 750.000 1031.250 -304.688 609.375 1421.875 -367.188 109.375 1421.875
562.500 -828.125 -390.625 507.812 -15.625 875.000 -70.312 523.438 992.188 54.688 351.562 992.188 -78.125 132.812 984.375
562.500 -828.125 -390.625 507.812 -15.625 875.000 -70.312 523.438 992.188 54.688 351.562 992.188 -78.125 132.812 984.375
648.438 -648.438 -539.062 718.750 -109.375 750.000 187.500 359.375 859.375 156.250 304.688 835.938 -78.125 195.312 914.062
648.438 -648.438 -539.062 718.750 -109.375 750.000 187.500 359.375 859.375 156.250 304.688 835.938 -78.125 195.312 914.062
609.375 -695.312 -445.312 781.250 39.062 640.625 195.312 476.562 984.375 62.500 367.188 1101.562 -281.250 15.625 1101.562
585.938 -703.125 -460.938 804.688 39.062 640.625 171.875 320.312 976.562 445.312 226.562 1312.500 -296.875 70.312 1148.438
687.500 -656.250 -484.375 828.125 -23.438 625.000 156.250 460.938 960.938 164.062 335.938 1015.625 -195.312 93.750 1039.062
640.625 -664.062 -476.562 890.625 7.812 570.312 234.375 468.750 914.062 85.938 320.312 1015.625 -226.562 7.812 984.375
601.562 -679.688 -476.562 828.125 23.438 601.562 289.062 429.688 976.562 -179.688 203.125 1070.312 -312.500 -15.625 1023.438
632.812 -648.438 -523.438 796.875 7.812 609.375 132.812 484.375 953.125 23.438 296.875 1062.500 -296.875 -7.812 1039.062
632.812 -648.438 -523.438 796.875 7.812 609.375 132.812 484.375 953.125 23.438 296.875 1062.500 -296.875 -7.812 1039.062
687.500 -570.312 -617.188 718.750 -46.875 648.438 109.375 546.875 906.250 -140.625 390.625 1062.500 -351.562 85.938 1085.938
875.000 -875.000 -859.375 742.188 -242.188 515.625 414.062 625.000 679.688 -62.500 570.312 929.688 -421.875 234.375 1070.312
937.500 -1085.938 -937.500 882.812 -62.500 437.500 281.250 593.750 679.688 -23.438 578.125 906.250 -359.375 320.312 1093.750
945.312 -1179.688 -945.312 1218.750 507.812 148.438 289.062 562.500 742.188 109.375 343.750 914.062 -148.438 85.938 945.312
796.875 -859.375 -703.125 945.312 421.875 -70.312 195.312 734.375 632.812 -23.438 406.250 921.875 -281.250 351.562 1007.812
703.125 -757.812 -539.062 492.188 289.062 -164.062 54.688 601.562 539.062 70.312 515.625 875.000 -179.688 171.875 1039.062
703.125 -757.812 -539.062 492.188 289.062 -164.062 54.688 601.562 539.062 70.312 515.625 875.000 -179.688 171.875 1039.062
703.125 -757.812 -539.062 492.188 289.062 -164.062 54.688 601.562 539.062 70.312 515.625 875.000 -179.688 171.875 1039.062
648.438 -39.062 -101.562 -125.000 -546.875 273.438 -109.375 398.438 757.812 7.812 351.562 921.875 -78.125 85.938 929.688
187.500 468.750 468.750 -1234.375 -1828.125 1312.500 -164.062 -78.125 898.438 -7.812 164.062 1078.125 -171.875 195.312 1085.938
117.188 -523.438 -117.188 -1406.250 828.125 2421.875 296.875 -1015.625 1773.438 679.688 -148.438 914.062 265.625 -468.750 703.125
1687.500 453.125 -343.750 1429.688 -890.625 531.250 343.750 46.875 765.625 179.688 15.625 1117.188 46.875 -312.500 1054.688
875.000 -304.688 -195.312 500.000 -226.562 976.562 523.438 -234.375 1062.500 578.125 54.688 968.750 445.312 -187.500 976.562
875.000 -304.688 -195.312 500.000 -226.562 976.562 523.438 -234.375 1062.500 578.125 54.688 968.750 445.312 -187.500 976.562
953.125 -15.625 -335.938 515.625 -250.000 882.812 523.438 -117.188 1023.438 468.750 171.875 1039.062 281.250 -85.938 1117.188
875.000 31.250 -273.438 484.375 -343.750 796.875 453.125 -164.062 875.000 445.312 78.125 914.062 125.000 -156.250 976.562
859.375 70.312 -257.812 359.375 -281.250 812.500 296.875 -85.938 867.188 281.250 164.062 914.062 39.062 -62.500 992.188
859.375 70.312 -257.812 359.375 -281.250 812.500 296.875 -85.938 867.188 281.250 164.062 914.062 39.062 -62.500 992.188
804.688 62.500 -273.438 -93.750 -210.938 820.312 -109.375 -31.250 976.562 -78.125 195.312 1023.438 -164.062 7.812 1054.688
804.688 62.500 -273.438 -93.750 -210.938 820.312 -109.375 -31.250 976.562 -78.125 195.312 1023.438 -164.062 7.812 1054.688
804.688 62.500 -273.438 -93.750 -210.938 820.312 -109.375 -31.250 976.562 -78.125 195.312 1023.438 -164.062 7.812 1054.688
960.938 -132.812 -312.500 -101.562 -445.312 921.875 -70.312 -101.562 1039.062 132.812 85.938 992.188 -171.875 -7.812 976.562
976.562 -62.500 -312.500 -78.125 -562.500 984.375 -93.750 -210.938 1007.812 -23.438 -15.625 984.375 -101.562 -101.562 914.062
929.688 -23.438 -328.125 218.750 -437.500 859.375 -125.000 -140.625 1078.125 101.562 7.812 1062.500 117.188 -46.875 984.375
843.750 39.062 -437.500 39.062 -414.062 921.875 609.375 -304.688 960.938 390.625 39.062 968.750 85.938 -62.500 1062.500
992.188 335.938 -445.312 187.500 -523.438 976.562 851.562 -437.500 968.750 398.438 125.000 921.875 203.125 -62.500 960.938
992.188 335.938 -445.312 187.500 -523.438 976.562 851.562 -437.500 968.750 398.438 125.000 921.875 203.125 -62.500 960.938
1000.000 -796.875 -687.500 468.750 -726.562 718.750 609.375 -257.812 593.750 570.312 343.750 781.250 -70.312 0.000 1140.625
882.812 -109.375 -460.938 70.312 -562.500 898.438 328.125 -351.562 921.875 398.438 39.062 882.812 234.375 -39.062 890.625
953.125 -234.375 -445.312 -39.062 -687.500 953.125 226.562 -304.688 914.062 210.938 156.250 945.312 0.000 -62.500 1039.062
929.688 -148.438 -468.750 171.875 -343.750 687.500 281.250 -257.812 976.562 265.625 85.938 914.062 -39.062 -101.562 914.062
929.688 -148.438 -468.750 171.875 -343.750 687.500 281.250 -257.812 976.562 265.625 85.938 914.062 -39.062 -101.562 914.062
820.312 -125.000 -484.375 -70.312 -359.375 914.062 242.188 -62.500 960.938 367.188 226.562 937.500 39.062 -93.750 1039.062
1375.000 585.938 -656.250 1281.250 -359.375 343.750 523.438 -187.500 773.438 -15.625 132.812 1062.500 -507.812 -210.938 1093.750
1375.000 585.938 -656.250 1281.250 -359.375 343.750 523.438 -187.500 773.438 -15.625 132.812 1062.500 -507.812 -210.938 1093.750
1375.000 585.938 -656.250 1281.250 -359.375 343.750 523.438 -187.500 773.438 -15.625 132.812 1062.500 -507.812 -210.938 1093.750
164.062 -1773.438 -140.625 632.812 -609.375 734.375 734.375 -445.312 773.438 820.312 -46.875 812.500 507.812 -265.625 906.250
164.062 -1773.438 -140.625 632.812 -609.375 734.375 734.375 -445.312 773.438 820.312 -46.875 812.500 507.812 -265.625 906.250
1000.000 -382.812 -460.938 312.500 -726.562 851.562 460.938 -500.000 867.188 398.438 -54.688 929.688 70.312 -312.500 921.875
953.125 -179.688 -406.250 390.625 -648.438 734.375 343.750 -429.688 875.000 242.188 -7.812 984.375 -78.125 -312.500 945.312
914.062 -320.312 -445.312 273.438 -546.875 773.438 328.125 -296.875 875.000 265.625 125.000 976.562 -70.312 -226.562 1007.812
882.812 -85.938 -453.125 93.750 -460.938 781.250 226.562 -218.750 890.625 234.375 187.500 914.062 7.812 -93.750 992.188
882.812 -85.938 -453.125 93.750 -460.938 781.250 226.562 -218.750 890.625 234.375 187.500 914.062 7.812 -93.750 992.188
976.562 -23.438 -437.500 132.812 -484.375 843.750 179.688 -187.500 976.562 62.500 250.000 1039.062 -281.250 -117.188 1046.875
976.562 -23.438 -437.500 132.812 -484.375 843.750 179.688 -187.500 976.562 62.500 250.000 1039.062 -281.250 -117.188 1046.875
937.500 -187.500 -406.250 85.938 -437.500 875.000 195.312 -156.250 976.562 125.000 304.688 1007.812 -218.750 -54.688 1054.688
882.812 -382.812 -359.375 54.688 -390.625 914.062 210.938 -140.625 992.188 148.438 335.938 968.750 -164.062 0.000 1054.688
890.625 -414.062 -351.562 46.875 -398.438 914.062 203.125 -101.562 992.188 148.438 359.375 968.750 -156.250 15.625 1054.688
898.438 -468.750 -335.938 31.250 -351.562 937.500 210.938 -93.750 992.188 156.250 406.250 960.938 -187.500 54.688 1054.688
906.250 -453.125 -296.875 78.125 -328.125 953.125 234.375 -54.688 1007.812 179.688 406.250 953.125 -164.062 78.125 1046.875
906.250 -453.125 -296.875 78.125 -328.125 953.125 234.375 -54.688 1007.812 179.688 406.250 953.125 -164.062 78.125 1046.875
882.812 -468.750 -296.875 85.938 -343.750 945.312 265.625 -70.312 976.562 218.750 406.250 921.875 -132.812 62.500 1023.438
890.625 -429.688 -273.438 78.125 -328.125 945.312 234.375 -70.312 984.375 187.500 414.062 921.875 -171.875 85.938 1015.625
890.625 -429.688 -273.438 78.125 -328.125 945.312 234.375 -70.312 984.375 187.500 414.062 921.875 -171.875 85.938 1015.625
890.625 -429.688 -265.625 -31.250 -250.000 921.875 148.438 7.812 984.375 140.625 476.562 906.250 -164.062 140.625 1031.250
890.625 -429.688 -265.625 -31.250 -250.000 921.875 148.438 7.812 984.375 140.625 476.562 906.250 -164.062 140.625 1031.250
898.438 -406.250 -250.000 70.312 -289.062 914.062 218.750 -23.438 968.750 164.062 453.125 898.438 -171.875 93.750 1023.438
882.812 -359.375 -242.188 85.938 -289.062 914.062 265.625 -54.688 945.312 218.750 414.062 875.000 -117.188 85.938 1000.000
867.188 -390.625 -226.562 109.375 -289.062 906.250 273.438 -54.688 937.500 226.562 414.062 890.625 -125.000 70.312 1015.625
875.000 -375.000 -242.188 93.750 -304.688 898.438 265.625 -62.500 937.500 226.562 406.250 875.000 -109.375 78.125 1007.812
875.000 -406.250 -234.375 109.375 -296.875 882.812 273.438 -78.125 929.688 210.938 398.438 882.812 -132.812 54.688 1000.000
875.000 -398.438 -234.375 93.750 -343.750 867.188 250.000 -101.562 921.875 195.312 375.000 914.062 -140.625 23.438 1023.438
875.000 -398.438 -234.375 93.750 -343.750 867.188 250.000 -101.562 921.875 195.312 375.000 914.062 -140.625 23.438 1023.438
875.000 -398.438 -234.375 93.750 -343.750 867.188 250.000 -101.562 921.875 195.312 375.000 914.062 -140.625 23.438 1023.438
875.000 -398.438 -234.375 93.750 -343.750 867.188 250.000 -101.562 921.875 195.312 375.000 914.062 -140.625 23.438 1023.438
867.188 -437.500 -234.375 54.688 -328.125 851.562 203.125 -62.500 929.688 148.438 421.875 914.062 -195.312 54.688 1046.875
898.438 -515.625 -257.812 -62.500 -335.938 867.188 78.125 -31.250 976.562 15.625 468.750 976.562 -320.312 54.688 1093.750
820.312 -687.500 -203.125 -93.750 -328.125 859.375 46.875 -31.250 968.750 -39.062 531.250 976.562 -398.438 93.750 1148.438
781.250 -789.062 -171.875 -132.812 -296.875 867.188 23.438 7.812 984.375 -39.062 554.688 1000.000 -367.188 125.000 1171.875
718.750 -976.562 -125.000 0.000 -445.312 789.062 156.250 -15.625 898.438 250.000 476.562 906.250 -453.125 187.500 1140.625
718.750 -976.562 -125.000 0.000 -445.312 789.062 156.250 -15.625 898.438 250.000 476.562 906.250 -453.125 187.500 1140.625
679.688 -945.312 -117.188 78.125 -390.625 843.750 210.938 -179.688 890.625 140.625 203.125 867.188 -101.562 54.688 1007.812
507.812 -929.688 -23.438 250.000 -820.312 929.688 460.938 -289.062 828.125 382.812 187.500 937.500 -351.562 31.250 1460.938
85.938 -804.688 -351.562 828.125 -640.625 671.875 625.000 -187.500 859.375 593.750 31.250 960.938 289.062 -85.938 1078.125
718.750 -585.938 -687.500 781.250 -148.438 796.875 804.688 -148.438 859.375 710.938 234.375 867.188 664.062 218.750 1453.125
1187.500 -445.312 -1140.625 265.625 15.625 468.750 585.938 210.938 1054.688 992.188 289.062 1015.625 164.062 226.562 1460.938
1390.625 851.562 -890.625 804.688 -132.812 882.812 734.375 -70.312 679.688 859.375 -148.438 453.125 -1085.938 -695.312 500.000
1390.625 851.562 -890.625 804.688 -132.812 882.812 734.375 -70.312 679.688 859.375 -148.438 453.125 -1085.938 -695.312 500.000
1390.625 851.562 -890.625 804.688 -132.812 882.812 734.375 -70.312 679.688 859.375 -148.438 453.125 -1085.938 -695.312 500.000
882.812 1210.938 -515.625 320.312 179.688 859.375 1000.000 320.312 1023.438 1085.938 -3265.625 -367.188 851.562 -2992.188 -320.312
882.812 1210.938 -515.625 320.312 179.688 859.375 1000.000 320.312 1023.438 1085.938 -3265.625 -367.188 851.562 -2992.188 -320.312
1148.438 367.188 -578.125 -335.938 54.688 750.000 -351.562 -15.625 1109.375 -328.125 -382.812 820.312 2398.438 820.312 -1492.188
1164.062 -476.562 -445.312 -320.312 -515.625 960.938 -46.875 -218.750 992.188 210.938 -85.938 921.875 734.375 -101.562 203.125
710.938 -1531.250 -203.125 -31.250 -398.438 882.812 125.000 -265.625 945.312 375.000 -250.000 835.938 1117.188 -164.062 -46.875
585.938 -1187.500 -132.812 -54.688 -429.688 914.062 156.250 -281.250 937.500 437.500 -218.750 835.938 1070.312 -125.000 -7.812
585.938 -1187.500 -132.812 -54.688 -429.688 914.062 156.250 -281.250 937.500 437.500 -218.750 835.938 1070.312 -125.000 -7.812
929.688 46.875 -398.438 328.125 -273.438 914.062 476.562 -132.812 945.312 515.625 -54.688 945.312 1109.375 -15.625 312.500
937.500 265.625 -437.500 460.938 -164.062 898.438 531.250 -23.438 937.500 507.812 -7.812 968.750 1093.750 46.875 375.000
937.500 265.625 -437.500 460.938 -164.062 898.438 531.250 -23.438 937.500 507.812 -7.812 968.750 1093.750 46.875 375.000
937.500 265.625 -437.500 460.938 -164.062 898.438 531.250 -23.438 937.500 507.812 -7.812 968.750 1093.750 46.875 375.000
859.375 70.312 -343.750 367.188 -257.812 875.000 359.375 -78.125 953.125 320.312 -117.188 1000.000 867.188 -140.625 500.000
898.438 -226.562 -335.938 109.375 -335.938 906.250 195.312 -132.812 992.188 210.938 -210.938 1015.625 828.125 -242.188 429.688
914.062 -312.500 -343.750 39.062 -359.375 914.062 148.438 -140.625 992.188 218.750 -210.938 1000.000 820.312 -250.000 414.062
796.875 -390.625 -320.312 -210.938 -328.125 953.125 -62.500 -70.312 1085.938 70.312 -156.250 1093.750 796.875 -257.812 476.562
796.875 -304.688 -304.688 -289.062 -304.688 976.562 -101.562 -70.312 1109.375 23.438 -125.000 1132.812 750.000 -289.062 515.625
789.062 -195.312 -289.062 -437.500 -367.188 1101.562 -187.500 -54.688 1281.250 -70.312 -171.875 1265.625 773.438 -265.625 523.438
789.062 -195.312 -289.062 -437.500 -367.188 1101.562 -187.500 -54.688 1281.250 -70.312 -171.875 1265.625 773.438 -265.625 523.438
789.062 -195.312 -289.062 -437.500 -367.188 1101.562 -187.500 -54.688 1281.250 -70.312 -171.875 1265.625 773.438 -265.625 523.438
718.750 -187.500 -210.938 171.875 -742.188 1484.375 62.500 -632.812 1546.875 375.000 -492.188 1312.500 1000.000 -523.438 -101.562
835.938 -367.188 -273.438 468.750 -1265.625 1664.062 437.500 -664.062 1359.375 585.938 -515.625 1187.500 1148.438 -664.062 -437.500
1125.000 62.500 -679.688 1531.250 -539.062 1070.312 2421.875 -1085.938 460.938 -195.312 -1085.938 554.688 992.188 -375.000 -1273.438
1257.812 648.438 -609.375 1460.938 -39.062 -1289.062 1289.062 -484.375 148.438 554.688 -265.625 523.438 890.625 320.312 -1835.938
1484.375 -718.750 -968.750 -2773.438 -554.688 898.438 -1242.188 -46.875 226.562 -2187.500 -1078.125 -484.375 2125.000 -2484.375 1351.562
1484.375 -718.750 -968.750 -2773.438 -554.688 898.438 -1242.188 -46.875 226.562 -2187.500 -1078.125 -484.375 2125.000 -2484.375 1351.562
523.438 -1015.625 -179.688 343.750 -945.312 898.438 367.188 1195.312 234.375 1031.250 -460.938 -976.562 -1187.500 1507.812 1117.188
-31.250 -3117.188 23.438 85.938 -984.375 1023.438 968.750 -757.812 0.000 1437.500 1117.188 -1070.312 539.062 2273.438 1953.125
804.688 242.188 -460.938 851.562 -78.125 312.500 1109.375 578.125 335.938 1023.438 -335.938 304.688 1054.688 -523.438 -359.375
804.688 242.188 -460.938 851.562 -78.125 312.500 1109.375 578.125 335.938 1023.438 -335.938 304.688 1054.688 -523.438 -359.375
656.250 -187.500 -585.938 1484.375 23.438 -164.062 1320.312 70.312 -234.375 1140.625 187.500 -320.312 898.438 242.188 289.062
789.062 -273.438 -601.562 812.500 -203.125 406.250 968.750 54.688 257.812 976.562 289.062 70.312 875.000 234.375 460.938
789.062 -273.438 -601.562 812.500 -203.125 406.250 968.750 54.688 257.812 976.562 289.062 70.312 875.000 234.375 460.938
609.375 -820.312 -398.438 789.062 -375.000 453.125 945.312 -85.938 273.438 953.125 265.625 78.125 773.438 289.062 476.562
570.312 -976.562 -343.750 828.125 -500.000 429.688 1015.625 -117.188 242.188 976.562 226.562 46.875 835.938 289.062 406.250
585.938 -960.938 -382.812 796.875 -625.000 468.750 1023.438 -171.875 250.000 1039.062 218.750 15.625 882.812 164.062 375.000
507.812 -859.375 -421.875 843.750 -546.875 375.000 1039.062 -132.812 179.688 1039.062 171.875 -39.062 968.750 210.938 320.312
625.000 -671.875 -507.812 851.562 -492.188 320.312 914.062 -85.938 171.875 890.625 187.500 7.812 945.312 171.875 335.938
625.000 -671.875 -507.812 851.562 -492.188 320.312 914.062 -85.938 171.875 890.625 187.500 7.812 945.312 171.875 335.938
679.688 -664.062 -507.812 882.812 -484.375 335.938 1023.438 -85.938 156.250 1031.250 218.750 -85.938 1007.812 304.688 328.125
679.688 -664.062 -507.812 882.812 -484.375 335.938 1023.438 -85.938 156.250 1031.250 218.750 -85.938 1007.812 304.688 328.125
601.562 -679.688 -460.938 898.438 -437.500 328.125 1054.688 -46.875 85.938 1000.000 250.000 -117.188 945.312 226.562 312.500
664.062 -601.562 -500.000 867.188 -367.188 343.750 992.188 -7.812 140.625 929.688 343.750 7.812 796.875 312.500 546.875
632.812 -492.188 -515.625 804.688 -359.375 343.750 945.312 54.688 187.500 890.625 390.625 54.688 812.500 304.688 539.062
585.938 -484.375 -492.188 781.250 -257.812 398.438 953.125 7.812 195.312 968.750 343.750 -7.812 882.812 320.312 484.375
578.125 -593.750 -468.750 820.312 -367.188 351.562 1015.625 -31.250 132.812 1000.000 289.062 -62.500 921.875 242.188 398.438
570.312 -648.438 -437.500 875.000 -398.438 304.688 1023.438 -101.562 85.938 1000.000 187.500 -54.688 906.250 148.438 375.000
570.312 -648.438 -437.500 875.000 -398.438 304.688 1023.438 -101.562 85.938 1000.000 187.500 -54.688 906.250 148.438 375.000
585.938 -656.250 -515.625 843.750 -445.312 320.312 960.938 -109.375 195.312 953.125 156.250 62.500 929.688 101.562 390.625
585.938 -656.250 -515.625 843.750 -445.312 320.312 960.938 -109.375 195.312 953.125 156.250 62.500 929.688 101.562 390.625
585.938 -656.250 -515.625 843.750 -445.312 320.312 960.938 -109.375 195.312 953.125 156.250 62.500 929.688 101.562 390.625
585.938 -656.250 -515.625 843.750 -445.312 320.312 960.938 -109.375 195.312 953.125 156.250 62.500 929.688 101.562 390.625
585.938 -656.250 -554.688 765.625 -484.375 375.000 937.500 -117.188 234.375 976.562 210.938 46.875 867.188 179.688 453.125
570.312 -687.500 -546.875 812.500 -500.000 359.375 1007.812 -109.375 210.938 1023.438 242.188 39.062 875.000 218.750 507.812
554.688 -710.938 -531.250 835.938 -523.438 367.188 1054.688 -93.750 203.125 1054.688 257.812 31.250 898.438 226.562 484.375
671.875 -812.500 -617.188 898.438 -531.250 320.312 1132.812 -23.438 117.188 1070.312 398.438 78.125 734.375 203.125 773.438
671.875 -812.500 -617.188 898.438 -531.250 320.312 1132.812 -23.438 117.188 1070.312 398.438 78.125 734.375 203.125 773.438
1187.500 -1398.438 -1125.000 1304.688 351.562 -171.875 1031.250 226.562 -109.375 953.125 406.250 -78.125 648.438 437.500 656.250
1187.500 -1398.438 -1125.000 1304.688 351.562 -171.875 1031.250 226.562 -109.375 953.125 406.250 -78.125 648.438 437.500 656.250
1187.500 -1398.438 -1125.000 1304.688 351.562 -171.875 1031.250 226.562 -109.375 953.125 406.250 -78.125 648.438 437.500 656.250
851.562 -1507.812 -1031.250 1023.438 914.062 -406.250 593.750 117.188 -164.062 578.125 273.438 -54.688 765.625 273.438 484.375
195.312 -789.062 -414.062 296.875 -101.562 -500.000 -250.000 85.938 -31.250 187.500 -140.625 390.625 468.750 -328.125 351.562
304.688 171.875 -117.188 -664.062 -812.500 171.875 -703.125 -593.750 539.062 7.812 -500.000 195.312 710.938 -492.188 -351.562
304.688 171.875 -117.188 -664.062 -812.500 171.875 -703.125 -593.750 539.062 7.812 -500.000 195.312 710.938 -492.188 -351.562
351.562 507.812 -85.938 -1093.750 -1179.688 1625.000 -351.562 -1125.000 1093.750 -437.500 -804.688 289.062 -351.562 -109.375 -601.562
351.562 507.812 -85.938 -1093.750 -1179.688 1625.000 -351.562 -1125.000 1093.750 -437.500 -804.688 289.062 -351.562 -109.375 -601.562
-476.562 765.625 78.125 -1015.625 921.875 2250.000 -15.625 -281.250 2664.062 226.562 93.750 1929.688 109.375 109.375 1531.250
1640.625 406.250 -70.312 1062.500 -1117.188 726.562 1625.000 335.938 1125.000 -343.750 1226.562 2929.688 -945.312 -1156.250 3453.125
960.938 140.625 -367.188 1046.875 -429.688 906.250 1070.312 46.875 1117.188 1132.812 -54.688 968.750 414.062 62.500 1140.625
1140.625 601.562 -398.438 554.688 -656.250 812.500 812.500 -390.625 578.125 539.062 273.438 531.250 203.125 -85.938 976.562
1039.062 62.500 -210.938 539.062 -515.625 820.312 617.188 -156.250 867.188 359.375 335.938 1070.312 7.812 -179.688 1328.125
914.062 -148.438 -164.062 195.312 -429.688 882.812 367.188 -93.750 984.375 351.562 242.188 1000.000 125.000 -31.250 1078.125
953.125 -242.188 -70.312 -117.188 -421.875 828.125 156.250 -85.938 875.000 250.000 281.250 789.062 101.562 109.375 906.250
953.125 -242.188 -70.312 -117.188 -421.875 828.125 156.250 -85.938 875.000 250.000 281.250 789.062 101.562 109.375 906.250
765.625 -546.875 78.125 -234.375 -281.250 820.312 54.688 39.062 945.312 164.062 414.062 914.062 -7.812 140.625 1078.125
921.875 -15.625 -109.375 125.000 -320.312 843.750 257.812 15.625 945.312 164.062 375.000 960.938 -164.062 54.688 1093.750
921.875 -15.625 -109.375 125.000 -320.312 843.750 257.812 15.625 945.312 164.062 375.000 960.938 -164.062 54.688 1093.750
953.125 132.812 -179.688 -7.812 -304.688 914.062 265.625 7.812 976.562 171.875 398.438 945.312 -164.062 93.750 1085.938
953.125 70.312 -156.250 -54.688 -359.375 914.062 117.188 -15.625 984.375 46.875 335.938 953.125 -234.375 62.500 1031.250
1070.312 -195.312 -132.812 -132.812 -484.375 937.500 164.062 -156.250 1015.625 117.188 242.188 984.375 -140.625 -23.438 1007.812
1078.125 -812.500 156.250 0.000 -1609.375 1734.375 1101.562 -1312.500 1218.750 906.250 -656.250 945.312 562.500 -703.125 703.125
1078.125 -812.500 156.250 0.000 -1609.375 1734.375 1101.562 -1312.500 1218.750 906.250 -656.250 945.312 562.500 -703.125 703.125
1078.125 -812.500 156.250 0.000 -1609.375 1734.375 1101.562 -1312.500 1218.750 906.250 -656.250 945.312 562.500 -703.125 703.125
1078.125 -812.500 156.250 0.000 -1609.375 1734.375 1101.562 -1312.500 1218.750 906.250 -656.250 945.312 562.500 -703.125 703.125
1148.438 1023.438 -54.688 1609.375 -1843.750 -617.188 203.125 -1242.188 1000.000 1148.438 -421.875 531.250 679.688 -320.312 507.812
882.812 242.188 -296.875 1304.688 414.062 -617.188 164.062 -437.500 625.000 -257.812 -31.250 835.938 -484.375 -179.688 789.062
609.375 203.125 -187.500 187.500 351.562 -101.562 273.438 312.500 484.375 -140.625 226.562 781.250 -726.562 46.875 1046.875
906.250 -242.188 -375.000 -242.188 812.500 226.562 406.250 679.688 132.812 296.875 617.188 562.500 93.750 406.250 1007.812
789.062 -835.938 -328.125 312.500 1171.875 -54.688 -500.000 843.750 390.625 -453.125 632.812 617.188 7.812 640.625 898.438
945.312 -703.125 -476.562 593.750 570.312 390.625 -15.625 1101.562 531.250 -234.375 960.938 820.312 -296.875 648.438 1195.312
976.562 -515.625 -546.875 500.000 585.938 421.875 23.438 1062.500 515.625 -125.000 1023.438 812.500 -226.562 578.125 1210.938
898.438 -265.625 -281.250 812.500 390.625 453.125 250.000 804.688 710.938 -54.688 679.688 875.000 -195.312 390.625 1085.938
898.438 -265.625 -281.250 812.500 390.625 453.125 250.000 804.688 710.938 -54.688 679.688 875.000 -195.312 390.625 1085.938
898.438 -265.625 -281.250 812.500 390.625 453.125 250.000 804.688 710.938 -54.688 679.688 875.000 -195.312 390.625 1085.938
945.312 -359.375 -265.625 750.000 390.625 539.062 242.188 796.875 710.938 -15.625 726.562 851.562 -164.062 406.250 1062.500
906.250 -320.312 -164.062 687.500 492.188 648.438 132.812 875.000 742.188 -171.875 757.812 898.438 -343.750 414.062 1093.750
906.250 -320.312 -164.062 687.500 492.188 648.438 132.812 875.000 742.188 -171.875 757.812 898.438 -343.750 414.062 1093.750
914.062 -312.500 -148.438 718.750 515.625 617.188 101.562 906.250 718.750 -164.062 796.875 882.812 -343.750 445.312 1109.375
890.625 -359.375 -117.188 750.000 531.250 593.750 210.938 882.812 726.562 -101.562 796.875 867.188 -289.062 406.250 1093.750
906.250 -414.062 -125.000 757.812 453.125 585.938 234.375 835.938 718.750 -62.500 750.000 843.750 -242.188 414.062 1062.500
906.250 -414.062 -125.000 757.812 453.125 585.938 234.375 835.938 718.750 -62.500 750.000 843.750 -242.188 414.062 1062.500
976.562 -476.562 -156.250 851.562 328.125 546.875 273.438 656.250 742.188 39.062 562.500 820.312 -156.250 265.625 914.062
968.750 -523.438 -195.312 882.812 265.625 492.188 343.750 632.812 718.750 195.312 539.062 765.625 -46.875 281.250 906.250
937.500 -523.438 -195.312 789.062 203.125 562.500 375.000 609.375 671.875 109.375 640.625 757.812 -46.875 312.500 921.875
914.062 -453.125 -203.125 796.875 250.000 546.875 320.312 664.062 687.500 85.938 609.375 773.438 -62.500 312.500 945.312
898.438 -398.438 -203.125 804.688 273.438 515.625 343.750 648.438 687.500 39.062 609.375 789.062 -117.188 289.062 953.125
828.125 -289.062 -265.625 828.125 312.500 421.875 343.750 648.438 656.250 78.125 632.812 796.875 -140.625 265.625 984.375
843.750 -210.938 -343.750 890.625 257.812 367.188 421.875 617.188 664.062 54.688 585.938 820.312 -148.438 226.562 1000.000
843.750 -210.938 -343.750 890.625 257.812 367.188 421.875 617.188 664.062 54.688 585.938 820.312 -148.438 226.562 1000.000
859.375 -218.750 -335.938 914.062 257.812 343.750 445.312 601.562 671.875 78.125 578.125 828.125 -132.812 203.125 1000.000
859.375 -218.750 -335.938 914.062 257.812 343.750 445.312 601.562 671.875 78.125 578.125 828.125 -132.812 203.125 1000.000
828.125 -414.062 -289.062 812.500 140.625 507.812 375.000 562.500 726.562 109.375 562.500 843.750 -39.062 195.312 984.375
828.125 -414.062 -289.062 812.500 140.625 507.812 375.000 562.500 726.562 109.375 562.500 843.750 -39.062 195.312 984.375
867.188 -398.438 -312.500 812.500 156.250 515.625 390.625 570.312 742.188 109.375 546.875 843.750 -31.250 203.125 976.562
867.188 -414.062 -304.688 843.750 125.000 507.812 390.625 585.938 773.438 85.938 531.250 890.625 -70.312 156.250 976.562
820.312 -507.812 -273.438 750.000 78.125 578.125 351.562 609.375 820.312 -15.625 531.250 929.688 -156.250 179.688 1015.625
789.062 -523.438 -187.500 671.875 70.312 687.500 187.500 679.688 875.000 -156.250 601.562 1007.812 -171.875 226.562 1070.312
757.812 -484.375 -179.688 648.438 85.938 718.750 203.125 648.438 843.750 -125.000 648.438 984.375 -148.438 210.938 1093.750
757.812 -484.375 -179.688 648.438 85.938 718.750 203.125 648.438 843.750 -125.000 648.438 984.375 -148.438 210.938 1093.750
843.750 -476.562 -281.250 750.000 132.812 648.438 429.688 609.375 765.625 109.375 632.812 867.188 -46.875 273.438 1039.062
843.750 -468.750 -289.062 859.375 54.688 523.438 539.062 460.938 687.500 320.312 445.312 632.812 31.250 484.375 890.625
820.312 -468.750 -273.438 835.938 23.438 523.438 523.438 429.688 664.062 296.875 546.875 656.250 101.562 335.938 859.375
859.375 -437.500 -296.875 835.938 -39.062 523.438 578.125 453.125 679.688 289.062 648.438 789.062 62.500 257.812 890.625
718.750 -492.188 -210.938 851.562 -62.500 460.938 609.375 367.188 625.000 367.188 625.000 656.250 0.000 320.312 953.125
718.750 -492.188 -210.938 851.562 -62.500 460.938 609.375 367.188 625.000 367.188 625.000 656.250 0.000 320.312 953.125
718.750 -492.188 -210.938 851.562 -62.500 460.938 609.375 367.188 625.000 367.188 625.000 656.250 0.000 320.312 953.125
726.562 -492.188 -187.500 828.125 -101.562 460.938 671.875 289.062 585.938 414.062 609.375 609.375 46.875 335.938 929.688
726.562 -492.188 -187.500 828.125 -101.562 460.938 671.875 289.062 585.938 414.062 609.375 609.375 46.875 335.938 929.688
796.875 -492.188 -242.188 843.750 -78.125 492.188 554.688 234.375 726.562 390.625 562.500 679.688 93.750 281.250 898.438
773.438 -562.500 -242.188 679.688 -210.938 546.875 656.250 234.375 609.375 218.750 617.188 640.625 15.625 343.750 898.438
773.438 -562.500 -242.188 679.688 -210.938 546.875 656.250 234.375 609.375 218.750 617.188 640.625 15.625 343.750 898.438
734.375 -578.125 -203.125 703.125 -257.812 554.688 687.500 179.688 601.562 484.375 593.750 601.562 39.062 296.875 906.250
781.250 -554.688 -242.188 601.562 -312.500 625.000 703.125 132.812 617.188 367.188 593.750 640.625 0.000 375.000 882.812
750.000 -539.062 -265.625 593.750 -359.375 640.625 656.250 0.000 648.438 406.250 562.500 601.562 -46.875 398.438 882.812
687.500 -484.375 -234.375 484.375 -375.000 734.375 734.375 54.688 601.562 468.750 593.750 531.250 -23.438 414.062 867.188
625.000 -523.438 -226.562 429.688 -375.000 757.812 703.125 31.250 601.562 476.562 593.750 531.250 -46.875 468.750 875.000
554.688 -625.000 -187.500 429.688 -351.562 773.438 679.688 -7.812 632.812 492.188 593.750 531.250 -46.875 468.750 875.000
554.688 -625.000 -187.500 429.688 -351.562 773.438 679.688 -7.812 632.812 492.188 593.750 531.250 -46.875 468.750 875.000
554.688 -625.000 -187.500 429.688 -351.562 773.438 679.688 -7.812 632.812 492.188 593.750 531.250 -46.875 468.750 875.000
507.812 -679.688 -179.688 375.000 -375.000 804.688 625.000 -23.438 656.250 507.812 539.062 500.000 23.438 445.312 812.500
421.875 -789.062 -171.875 343.750 -398.438 828.125 554.688 -62.500 718.750 484.375 468.750 531.250 70.312 414.062 757.812
351.562 -953.125 -203.125 296.875 -375.000 835.938 468.750 -15.625 765.625 429.688 437.500 570.312 70.312 406.250 734.375
351.562 -953.125 -203.125 296.875 -375.000 835.938 468.750 -15.625 765.625 429.688 437.500 570.312 70.312 406.250 734.375
328.125 -1007.812 -242.188 281.250 -351.562 843.750 437.500 0.000 804.688 382.812 453.125 625.000 39.062 390.625 765.625
289.062 -968.750 -250.000 242.188 -320.312 859.375 343.750 62.500 851.562 320.312 492.188 679.688 -31.250 375.000 812.500
289.062 -968.750 -250.000 242.188 -320.312 859.375 343.750 62.500 851.562 320.312 492.188 679.688 -31.250 375.000 812.500
273.438 -1171.875 -210.938 195.312 -273.438 890.625 218.750 117.188 1007.812 171.875 523.438 828.125 -125.000 367.188 898.438
273.438 -1171.875 -210.938 195.312 -273.438 890.625 218.750 117.188 1007.812 171.875 523.438 828.125 -125.000 367.188 898.438
226.562 -1187.500 -140.625 117.188 -304.688 953.125 187.500 164.062 1109.375 54.688 593.750 1023.438 -250.000 328.125 1039.062
257.812 -1179.688 -187.500 46.875 -367.188 1023.438 148.438 148.438 1156.250 31.250 648.438 1085.938 -367.188 343.750 1164.062
250.000 -1187.500 -250.000 0.000 -375.000 1062.500 140.625 125.000 1156.250 46.875 671.875 1062.500 -375.000 390.625 1179.688
218.750 -1039.062 -304.688 -62.500 -367.188 1078.125 164.062 125.000 1125.000 85.938 671.875 992.188 -335.938 429.688 1125.000
242.188 -992.188 -343.750 -62.500 -335.938 1070.312 179.688 125.000 1093.750 101.562 656.250 945.312 -281.250 429.688 1054.688
226.562 -1007.812 -359.375 -54.688 -328.125 1054.688 187.500 109.375 1085.938 109.375 632.812 921.875 -265.625 421.875 1023.438
187.500 -1000.000 -328.125 0.000 -351.562 976.562 203.125 85.938 1023.438 140.625 570.312 875.000 -226.562 375.000 976.562
187.500 -1000.000 -328.125 0.000 -351.562 976.562 203.125 85.938 1023.438 140.625 570.312 875.000 -226.562 375.000 976.562
148.438 -984.375 -296.875 31.250 -359.375 937.500 226.562 78.125 992.188 148.438 539.062 851.562 -218.750 351.562 968.750
109.375 -1023.438 -320.312 31.250 -406.250 898.438 226.562 7.812 960.938 171.875 460.938 843.750 -140.625 281.250 921.875
109.375 -1023.438 -320.312 31.250 -406.250 898.438 226.562 7.812 960.938 171.875 460.938 843.750 -140.625 281.250 921.875
109.375 -1023.438 -320.312 31.250 -406.250 898.438 226.562 7.812 960.938 171.875 460.938 843.750 -140.625 281.250 921.875
62.500 -960.938 -304.688 31.250 -406.250 898.438 226.562 15.625 960.938 164.062 476.562 859.375 -171.875 296.875 960.938
