273.438 -945.312 -289.062 62.500 -515.625 835.938 250.000 -54.688 976.562 343.750 54.688 960.938 101.562 539.062 875.000
281.250 -929.688 -289.062 62.500 -507.812 835.938 242.188 -46.875 984.375 343.750 62.500 960.938 101.562 546.875 875.000
281.250 -929.688 -289.062 54.688 -507.812 843.750 242.188 -39.062 976.562 335.938 62.500 968.750 109.375 554.688 875.000
265.625 -937.500 -289.062 62.500 -507.812 835.938 250.000 -31.250 976.562 343.750 70.312 960.938 101.562 546.875 875.000
265.625 -945.312 -281.250 62.500 -500.000 851.562 242.188 -46.875 968.750 351.562 62.500 960.938 109.375 546.875 867.188
265.625 -945.312 -281.250 54.688 -515.625 851.562 242.188 -46.875 984.375 351.562 62.500 960.938 109.375 546.875 867.188
273.438 -960.938 -273.438 54.688 -515.625 843.750 242.188 -54.688 976.562 343.750 54.688 960.938 109.375 539.062 867.188
265.625 -953.125 -281.250 62.500 -515.625 843.750 242.188 -46.875 968.750 335.938 54.688 953.125 109.375 531.250 867.188
273.438 -953.125 -281.250 62.500 -507.812 843.750 242.188 -46.875 976.562 335.938 39.062 976.562 117.188 531.250 867.188
289.062 -945.312 -281.250 62.500 -515.625 828.125 242.188 -54.688 968.750 343.750 54.688 960.938 109.375 539.062 875.000
304.688 -929.688 -296.875 70.312 -523.438 835.938 250.000 -62.500 976.562 343.750 62.500 968.750 117.188 562.500 867.188
312.500 -945.312 -296.875 70.312 -523.438 843.750 265.625 -70.312 976.562 351.562 62.500 968.750 125.000 570.312 867.188
328.125 -953.125 -312.500 62.500 -523.438 843.750 242.188 -62.500 984.375 343.750 54.688 976.562 132.812 554.688 859.375
343.750 -953.125 -312.500 70.312 -515.625 843.750 265.625 -23.438 984.375 351.562 39.062 976.562 125.000 539.062 851.562
343.750 -953.125 -312.500 70.312 -507.812 843.750 265.625 -46.875 984.375 367.188 39.062 968.750 125.000 554.688 867.188
351.562 -953.125 -312.500 78.125 -507.812 843.750 250.000 -15.625 984.375 359.375 39.062 984.375 117.188 539.062 875.000
328.125 -929.688 -289.062 78.125 -484.375 843.750 242.188 -7.812 1000.000 335.938 46.875 1007.812 93.750 578.125 906.250
367.188 -914.062 -273.438 70.312 -484.375 851.562 234.375 0.000 1023.438 320.312 62.500 1039.062 85.938 609.375 929.688
382.812 -914.062 -273.438 78.125 -515.625 851.562 234.375 -15.625 1031.250 335.938 70.312 1046.875 109.375 617.188 906.250
398.438 -929.688 -289.062 70.312 -523.438 875.000 226.562 -15.625 1046.875 328.125 54.688 1062.500 117.188 601.562 890.625
437.500 -914.062 -265.625 54.688 -523.438 890.625 171.875 -23.438 1109.375 304.688 15.625 1101.562 148.438 585.938 882.812
351.562 -906.250 -171.875 46.875 -531.250 914.062 148.438 -7.812 1156.250 296.875 15.625 1140.625 156.250 609.375 914.062
414.062 -804.688 -125.000 23.438 -609.375 1031.250 93.750 -164.062 1265.625 226.562 -46.875 1187.500 148.438 640.625 1023.438
382.812 -773.438 -78.125 70.312 -609.375 1078.125 23.438 -140.625 1312.500 250.000 -54.688 1242.188 109.375 601.562 1078.125
335.938 -679.688 0.000 31.250 -585.938 1031.250 -31.250 -125.000 1257.812 125.000 -156.250 1234.375 23.438 609.375 1210.938
453.125 -601.562 -78.125 -7.812 -796.875 1007.812 257.812 -367.188 1109.375 328.125 7.812 1085.938 -15.625 671.875 1312.500
601.562 -632.812 -203.125 109.375 -656.250 742.188 117.188 -328.125 742.188 101.562 867.188 859.375 -101.562 1234.375 1367.188
648.438 -765.625 -289.062 359.375 -343.750 562.500 320.312 -250.000 617.188 554.688 1171.875 625.000 -117.188 1351.562 1421.875
968.750 -1203.125 -632.812 234.375 -664.062 726.562 335.938 -85.938 453.125 773.438 1117.188 132.812 85.938 1289.062 1039.062
726.562 -1609.375 -843.750 203.125 -546.875 812.500 929.688 437.500 460.938 1273.438 -62.500 78.125 804.688 320.312 -234.375
156.250 -929.688 -468.750 156.250 -460.938 828.125 1257.812 -312.500 0.000 1039.062 -31.250 -531.250 851.562 62.500 -367.188
-23.438 -1054.688 -289.062 312.500 -546.875 531.250 1054.688 -109.375 -250.000 828.125 -132.812 -406.250 671.875 -93.750 -39.062
-296.875 -1546.875 7.812 1062.500 -484.375 -140.625 859.375 -140.625 -171.875 820.312 -78.125 -296.875 687.500 7.812 54.688
-85.938 -640.625 0.000 468.750 -859.375 -54.688 1812.500 -476.562 -585.938 1843.750 523.438 -203.125 460.938 320.312 679.688
937.500 -289.062 -445.312 906.250 -289.062 164.062 859.375 15.625 70.312 859.375 218.750 85.938 789.062 515.625 468.750
906.250 -148.438 -390.625 750.000 -335.938 273.438 921.875 39.062 195.312 945.312 351.562 101.562 578.125 554.688 632.812
835.938 -476.562 -328.125 726.562 -335.938 328.125 867.188 31.250 218.750 921.875 257.812 117.188 695.312 507.812 531.250
757.812 -695.312 -296.875 695.312 -554.688 390.625 984.375 -164.062 132.812 1015.625 148.438 -93.750 789.062 351.562 406.250
640.625 -804.688 -281.250 679.688 -640.625 406.250 1000.000 -304.688 109.375 1054.688 -7.812 -187.500 890.625 179.688 281.250
656.250 -812.500 -289.062 679.688 -640.625 375.000 1015.625 -281.250 78.125 1054.688 15.625 -171.875 898.438 203.125 335.938
671.875 -664.062 -320.312 750.000 -609.375 289.062 1046.875 -273.438 7.812 1070.312 39.062 -195.312 921.875 218.750 375.000
734.375 -562.500 -343.750 781.250 -609.375 234.375 984.375 -289.062 31.250 1007.812 -23.438 -140.625 882.812 187.500 406.250
781.250 -585.938 -328.125 765.625 -656.250 242.188 960.938 -320.312 85.938 1000.000 -7.812 -70.312 835.938 210.938 515.625
859.375 -625.000 -382.812 687.500 -648.438 304.688 945.312 -320.312 140.625 1023.438 46.875 -54.688 820.312 273.438 515.625
945.312 -632.812 -437.500 648.438 -640.625 359.375 953.125 -250.000 156.250 1015.625 54.688 -39.062 867.188 289.062 429.688
1078.125 -757.812 -554.688 664.062 -523.438 304.688 914.062 -164.062 164.062 1000.000 0.000 0.000 890.625 367.188 375.000
1265.625 -718.750 -671.875 671.875 -593.750 359.375 968.750 -117.188 273.438 835.938 -62.500 132.812 851.562 296.875 390.625
1273.438 -500.000 -757.812 789.062 -546.875 304.688 984.375 -109.375 210.938 1039.062 -31.250 93.750 921.875 328.125 375.000
1328.125 -570.312 -742.188 804.688 -367.188 234.375 843.750 -179.688 203.125 984.375 15.625 78.125 945.312 343.750 429.688
1078.125 -554.688 -617.188 828.125 -398.438 164.062 960.938 -257.812 195.312 1109.375 7.812 78.125 898.438 328.125 437.500
1023.438 -687.500 -515.625 906.250 -484.375 125.000 1054.688 -226.562 156.250 1148.438 -23.438 62.500 992.188 328.125 476.562
671.875 -1218.750 -242.188 937.500 -632.812 85.938 1109.375 -343.750 78.125 1156.250 -70.312 15.625 960.938 234.375 460.938
578.125 -1054.688 -93.750 781.250 -656.250 132.812 1125.000 -359.375 117.188 1171.875 -62.500 -23.438 929.688 195.312 375.000
617.188 -1117.188 -39.062 679.688 -750.000 226.562 1187.500 -414.062 132.812 1367.188 39.062 -46.875 937.500 289.062 445.312
718.750 -1171.875 -85.938 609.375 -718.750 218.750 1187.500 -453.125 78.125 1351.562 117.188 -78.125 820.312 281.250 523.438
835.938 -1007.812 -109.375 265.625 -671.875 296.875 1046.875 -492.188 -140.625 898.438 398.438 -171.875 546.875 367.188 617.188
-234.375 -164.062 -250.000 15.625 -804.688 195.312 500.000 -140.625 -515.625 546.875 382.812 -101.562 445.312 312.500 671.875
476.562 31.250 757.812 -1210.938 -3445.312 1843.750 1000.000 -7.812 -156.250 390.625 -31.250 -210.938 562.500 70.312 468.750
984.375 -1578.125 218.750 515.625 -679.688 757.812 0.000 -890.625 125.000 414.062 -398.438 -312.500 757.812 -281.250 257.812
-648.438 1835.938 507.812 2171.875 1234.375 -210.938 523.438 -210.938 1492.188 -375.000 -1210.938 1023.438 -242.188 351.562 804.688
1382.812 1015.625 945.312 437.500 -3562.500 1695.312 -78.125 -1617.188 867.188 1328.125 109.375 210.938 984.375 421.875 656.250
1140.625 421.875 78.125 539.062 335.938 23.438 312.500 -437.500 789.062 1640.625 -906.250 734.375 93.750 -93.750 1304.688
757.812 -31.250 179.688 1453.125 -406.250 226.562 1445.312 -546.875 671.875 421.875 -500.000 734.375 250.000 312.500 1125.000
984.375 -156.250 226.562 398.438 -539.062 679.688 570.312 -382.812 773.438 835.938 -367.188 617.188 585.938 343.750 859.375
976.562 -140.625 250.000 515.625 -554.688 617.188 515.625 -375.000 796.875 679.688 -250.000 726.562 390.625 460.938 921.875
992.188 -148.438 226.562 593.750 -648.438 617.188 601.562 -437.500 765.625 710.938 -312.500 726.562 328.125 398.438 976.562
992.188 -93.750 242.188 640.625 -664.062 617.188 601.562 -421.875 757.812 726.562 -304.688 703.125 265.625 398.438 953.125
898.438 -85.938 250.000 539.062 -546.875 609.375 531.250 -320.312 757.812 703.125 -242.188 710.938 257.812 453.125 921.875
875.000 -203.125 265.625 445.312 -515.625 648.438 476.562 -273.438 781.250 656.250 -195.312 726.562 257.812 507.812 914.062
882.812 -328.125 273.438 328.125 -531.250 695.312 390.625 -304.688 812.500 585.938 -226.562 757.812 250.000 468.750 890.625
882.812 -382.812 281.250 265.625 -507.812 742.188 328.125 -289.062 859.375 562.500 -218.750 796.875 203.125 484.375 882.812
867.188 -398.438 265.625 203.125 -421.875 757.812 289.062 -187.500 906.250 531.250 -148.438 882.812 148.438 554.688 937.500
875.000 -421.875 273.438 187.500 -375.000 789.062 296.875 -140.625 937.500 515.625 -101.562 906.250 125.000 578.125 953.125
867.188 -398.438 273.438 187.500 -398.438 789.062 296.875 -132.812 960.938 515.625 -117.188 945.312 78.125 570.312 984.375
875.000 -414.062 265.625 226.562 -453.125 804.688 226.562 -125.000 945.312 531.250 -117.188 945.312 78.125 546.875 1023.438
843.750 -335.938 273.438 257.812 -546.875 773.438 296.875 -210.938 898.438 515.625 -85.938 882.812 101.562 539.062 968.750
828.125 -390.625 273.438 304.688 -601.562 757.812 367.188 -250.000 875.000 609.375 -171.875 843.750 132.812 429.688 953.125
742.188 -460.938 304.688 367.188 -640.625 781.250 421.875 -328.125 835.938 601.562 -234.375 812.500 125.000 359.375 937.500
781.250 -476.562 335.938 320.312 -718.750 695.312 570.312 -382.812 921.875 593.750 -312.500 781.250 132.812 367.188 914.062
585.938 -351.562 351.562 -23.438 -1140.625 671.875 257.812 -671.875 992.188 546.875 -367.188 914.062 62.500 273.438 1031.250
367.188 -429.688 414.062 343.750 -359.375 1054.688 171.875 -203.125 703.125 453.125 -578.125 726.562 15.625 218.750 984.375
281.250 -640.625 359.375 164.062 -796.875 929.688 312.500 -671.875 796.875 640.625 -109.375 593.750 140.625 382.812 937.500
296.875 -546.875 351.562 156.250 -929.688 929.688 210.938 -765.625 953.125 257.812 -335.938 851.562 78.125 273.438 890.625
906.250 -1078.125 0.000 273.438 -773.438 906.250 484.375 -468.750 984.375 695.312 -500.000 734.375 359.375 109.375 789.062
1007.812 -1234.375 -93.750 320.312 -929.688 820.312 523.438 -515.625 875.000 570.312 -546.875 687.500 484.375 78.125 648.438
898.438 -2007.812 -226.562 578.125 -953.125 796.875 687.500 -546.875 796.875 710.938 -570.312 515.625 593.750 31.250 500.000
992.188 -2390.625 -320.312 765.625 -882.812 695.312 710.938 -554.688 703.125 843.750 -617.188 328.125 648.438 -109.375 398.438
1250.000 -2164.062 -703.125 734.375 -812.500 460.938 1054.688 -531.250 62.500 1101.562 -328.125 -343.750 929.688 -54.688 -140.625
1437.500 -2007.812 -781.250 765.625 -609.375 257.812 1445.312 -281.250 -460.938 1328.125 265.625 -789.062 851.562 328.125 -453.125
1398.438 -695.312 -976.562 734.375 31.250 -15.625 976.562 148.438 -664.062 820.312 765.625 -921.875 585.938 570.312 -703.125
1578.125 -156.250 -1156.250 742.188 320.312 -132.812 765.625 445.312 -742.188 515.625 882.812 -984.375 414.062 570.312 -914.062
1351.562 1031.250 -1031.250 171.875 617.188 -70.312 39.062 1031.250 -679.688 -156.250 1460.938 -859.375 -460.938 898.438 -1007.812
820.312 1195.312 -476.562 226.562 812.500 -85.938 -242.188 1265.625 -437.500 -945.312 1218.750 -335.938 -1023.438 796.875 -804.688
-210.938 937.500 265.625 39.062 984.375 234.375 -609.375 789.062 -101.562 -1492.188 960.938 117.188 -1531.250 531.250 -414.062
-195.312 515.625 304.688 -328.125 867.188 570.312 -1078.125 960.938 -31.250 -1570.312 820.312 312.500 -1640.625 484.375 -195.312
328.125 -15.625 359.375 -359.375 515.625 601.562 -820.312 1117.188 156.250 -1390.625 921.875 585.938 -1687.500 796.875 0.000
-39.062 -195.312 460.938 -218.750 664.062 562.500 -1492.188 1000.000 507.812 -1617.188 718.750 890.625 -1750.000 750.000 148.438
-359.375 -765.625 640.625 -117.188 632.812 578.125 -1140.625 945.312 570.312 -1523.438 515.625 1054.688 -1953.125 500.000 367.188
-500.000 -1289.062 625.000 -265.625 609.375 703.125 -1007.812 1031.250 468.750 -1476.562 453.125 1109.375 -1968.750 421.875 492.188
-15.625 -1093.750 523.438 -421.875 406.250 976.562 -1156.250 851.562 609.375 -1328.125 546.875 1046.875 -1835.938 492.188 609.375
-7.812 -1218.750 304.688 -585.938 320.312 1187.500 -1265.625 742.188 726.562 -1289.062 570.312 976.562 -1445.312 679.688 312.500
-7.812 -1367.188 343.750 -703.125 281.250 1414.062 -1328.125 750.000 812.500 -1320.312 507.812 1023.438 -1437.500 609.375 281.250
-7.812 -1546.875 367.188 -742.188 289.062 1531.250 -1312.500 812.500 867.188 -1289.062 507.812 1062.500 -1460.938 601.562 343.750
0.000 -1671.875 359.375 -750.000 382.812 1640.625 -1421.875 937.500 929.688 -1312.500 617.188 1164.062 -1492.188 757.812 390.625
-23.438 -1648.438 375.000 -687.500 367.188 1648.438 -1367.188 1046.875 914.062 -1320.312 835.938 1218.750 -1484.375 929.688 398.438
-70.312 -2031.250 304.688 -562.500 507.812 1164.062 -1007.812 976.562 703.125 -1273.438 820.312 1125.000 -1492.188 804.688 421.875
-273.438 -1312.500 289.062 -679.688 351.562 1476.562 -1156.250 757.812 718.750 -1046.875 585.938 953.125 -1289.062 703.125 312.500
39.062 -1304.688 289.062 -617.188 304.688 1406.250 -1109.375 671.875 656.250 -937.500 468.750 742.188 -1117.188 531.250 195.312
-93.750 -1312.500 218.750 -367.188 156.250 1046.875 -867.188 648.438 585.938 -843.750 460.938 742.188 -992.188 507.812 101.562
-156.250 -1046.875 179.688 -406.250 210.938 1000.000 -820.312 640.625 515.625 -851.562 476.562 703.125 -1046.875 484.375 179.688
-148.438 -968.750 164.062 -421.875 296.875 1000.000 -859.375 671.875 500.000 -843.750 468.750 710.938 -1085.938 492.188 203.125
-117.188 -953.125 171.875 -390.625 296.875 968.750 -843.750 671.875 507.812 -859.375 484.375 710.938 -1085.938 492.188 218.750
-117.188 -1023.438 257.812 -421.875 312.500 1109.375 -953.125 773.438 554.688 -953.125 625.000 765.625 -1148.438 656.250 179.688
-85.938 -1179.688 375.000 -500.000 250.000 1296.875 -945.312 781.250 601.562 -1007.812 695.312 812.500 -1210.938 687.500 203.125
-140.625 -1312.500 421.875 -507.812 242.188 1398.438 -968.750 734.375 664.062 -1039.062 671.875 828.125 -1210.938 695.312 210.938
-109.375 -1531.250 601.562 -679.688 164.062 1687.500 -1015.625 679.688 781.250 -960.938 656.250 781.250 -1179.688 695.312 148.438
-171.875 -1718.750 757.812 -703.125 132.812 1726.562 -1265.625 609.375 859.375 -968.750 390.625 906.250 -1203.125 640.625 148.438
-1296.875 -1742.188 1625.000 -484.375 -132.812 1703.125 -976.562 523.438 867.188 -1867.188 671.875 1000.000 -1601.562 437.500 281.250
-1632.812 -890.625 1304.688 -546.875 -93.750 1367.188 -1289.062 507.812 1015.625 -1218.750 31.250 1093.750 -1812.500 289.062 476.562
-515.625 -1445.312 804.688 -445.312 23.438 1085.938 -1132.812 546.875 687.500 -1648.438 351.562 945.312 -1906.250 289.062 562.500
-359.375 -640.625 -187.500 -312.500 250.000 789.062 -1093.750 687.500 585.938 -1406.250 398.438 867.188 -1960.938 312.500 492.188
765.625 296.875 -1187.500 -414.062 835.938 570.312 -1109.375 789.062 218.750 -1320.312 507.812 445.312 -1625.000 335.938 -7.812
906.250 437.500 -1335.938 -375.000 945.312 492.188 -976.562 851.562 62.500 -1164.062 523.438 390.625 -1570.312 312.500 -132.812
1062.500 1187.500 -1414.062 -226.562 1148.438 234.375 -625.000 718.750 -187.500 -867.188 656.250 140.625 -1273.438 296.875 -171.875
960.938 570.312 -1359.375 140.625 1140.625 -109.375 -562.500 765.625 -234.375 -570.312 484.375 289.062 -1250.000 304.688 -242.188
593.750 -539.062 -921.875 523.438 625.000 -195.312 78.125 789.062 -281.250 -187.500 765.625 164.062 -585.938 570.312 -328.125
460.938 -875.000 -726.562 585.938 414.062 -101.562 257.812 671.875 -242.188 70.312 703.125 93.750 -265.625 617.188 -390.625
359.375 -1492.188 -367.188 710.938 93.750 85.938 468.750 500.000 -93.750 515.625 546.875 46.875 375.000 687.500 -367.188
343.750 -1570.312 -273.438 750.000 -31.250 179.688 468.750 437.500 -39.062 664.062 476.562 109.375 539.062 679.688 -179.688
125.000 -1929.688 203.125 789.062 -242.188 406.250 726.562 281.250 335.938 804.688 164.062 406.250 835.938 625.000 312.500
101.562 -1898.438 265.625 812.500 -320.312 453.125 765.625 257.812 398.438 765.625 101.562 453.125 718.750 609.375 421.875
164.062 -1742.188 226.562 828.125 -390.625 523.438 679.688 210.938 578.125 679.688 -23.438 570.312 585.938 492.188 523.438
250.000 -1648.438 125.000 828.125 -406.250 546.875 585.938 234.375 648.438 539.062 -54.688 656.250 437.500 445.312 570.312
585.938 -742.188 -421.875 750.000 -156.250 570.312 -765.625 500.000 1046.875 -54.688 273.438 906.250 -523.438 343.750 796.875
625.000 -507.812 -523.438 734.375 -70.312 585.938 62.500 664.062 851.562 0.000 140.625 1101.562 -734.375 359.375 828.125
695.312 -179.688 -625.000 718.750 132.812 601.562 -7.812 656.250 867.188 -250.000 23.438 1117.188 -750.000 390.625 820.312
679.688 -125.000 -640.625 695.312 179.688 617.188 -46.875 703.125 851.562 -234.375 70.312 1132.812 -781.250 445.312 835.938
703.125 -335.938 -632.812 687.500 54.688 718.750 31.250 656.250 875.000 -85.938 132.812 1101.562 -507.812 554.688 835.938
679.688 -460.938 -648.438 679.688 23.438 726.562 601.562 578.125 867.188 -507.812 164.062 1117.188 -382.812 546.875 804.688
789.062 -234.375 -773.438 679.688 -62.500 796.875 445.312 601.562 867.188 -242.188 242.188 992.188 -195.312 625.000 750.000
851.562 -179.688 -945.312 539.062 -125.000 890.625 210.938 687.500 898.438 140.625 218.750 1062.500 -195.312 679.688 718.750
882.812 -171.875 -1601.562 617.188 -62.500 820.312 -93.750 726.562 890.625 -132.812 390.625 1195.312 -468.750 929.688 875.000
757.812 -421.875 -1593.750 640.625 -23.438 882.812 93.750 718.750 1070.312 -304.688 351.562 1187.500 -273.438 843.750 648.438
484.375 -1140.625 -1382.812 945.312 70.312 640.625 -85.938 625.000 1101.562 -468.750 -39.062 1164.062 -242.188 656.250 695.312
289.062 -1398.438 -968.750 1085.938 101.562 414.062 164.062 656.250 976.562 -304.688 -62.500 1148.438 -265.625 671.875 820.312
-570.312 -1460.938 93.750 609.375 -250.000 273.438 734.375 445.312 437.500 523.438 304.688 789.062 117.188 500.000 968.750
-343.750 -1421.875 70.312 539.062 -335.938 421.875 726.562 265.625 414.062 687.500 7.812 671.875 93.750 500.000 890.625
242.188 -1195.312 23.438 984.375 -507.812 742.188 93.750 -234.375 1257.812 1101.562 -343.750 609.375 320.312 726.562 812.500
359.375 -1789.062 -171.875 226.562 -1648.438 273.438 890.625 -351.562 132.812 93.750 898.438 421.875 -257.812 1054.688 632.812
523.438 -1218.750 -421.875 632.812 -851.562 507.812 742.188 -125.000 414.062 617.188 296.875 671.875 -195.312 335.938 1000.000
570.312 -1023.438 -429.688 492.188 -515.625 453.125 671.875 0.000 585.938 476.562 484.375 914.062 -398.438 546.875 1148.438
570.312 -804.688 -437.500 429.688 -414.062 500.000 437.500 0.000 750.000 289.062 304.688 875.000 -429.688 648.438 867.188
359.375 -726.562 -46.875 484.375 -578.125 406.250 367.188 -132.812 984.375 343.750 -78.125 921.875 -296.875 390.625 585.938
1304.688 -367.188 -1015.625 679.688 -1843.750 781.250 1093.750 -421.875 296.875 890.625 93.750 453.125 31.250 117.188 1015.625
914.062 -773.438 -757.812 1078.125 -585.938 15.625 929.688 54.688 710.938 1109.375 -570.312 750.000 156.250 39.062 953.125
414.062 -242.188 -398.438 937.500 -242.188 289.062 757.812 -281.250 585.938 523.438 -31.250 671.875 54.688 343.750 851.562
421.875 -132.812 -539.062 601.562 -710.938 382.812 921.875 -117.188 398.438 906.250 195.312 562.500 210.938 281.250 812.500
515.625 -390.625 -484.375 656.250 -453.125 406.250 742.188 -101.562 539.062 750.000 -78.125 484.375 507.812 382.812 679.688
554.688 -437.500 -515.625 554.688 -546.875 445.312 703.125 -46.875 570.312 703.125 -54.688 554.688 453.125 289.062 539.062
632.812 -445.312 -562.500 445.312 -523.438 562.500 578.125 -7.812 718.750 609.375 -46.875 648.438 476.562 476.562 601.562
664.062 -531.250 -585.938 390.625 -500.000 632.812 539.062 -31.250 757.812 601.562 -23.438 687.500 406.250 500.000 640.625
695.312 -625.000 -632.812 328.125 -562.500 734.375 460.938 0.000 898.438 531.250 7.812 867.188 312.500 593.750 781.250
687.500 -632.812 -609.375 328.125 -562.500 750.000 468.750 0.000 929.688 531.250 46.875 914.062 257.812 632.812 867.188
656.250 -593.750 -656.250 390.625 -562.500 742.188 484.375 31.250 906.250 531.250 54.688 914.062 218.750 632.812 898.438
648.438 -531.250 -671.875 382.812 -523.438 742.188 500.000 23.438 906.250 546.875 70.312 921.875 218.750 640.625 882.812
562.500 -570.312 -640.625 406.250 -492.188 742.188 523.438 39.062 875.000 554.688 109.375 914.062 210.938 656.250 906.250
546.875 -593.750 -648.438 390.625 -507.812 742.188 531.250 31.250 875.000 562.500 101.562 906.250 218.750 656.250 890.625
531.250 -664.062 -593.750 390.625 -515.625 742.188 554.688 23.438 875.000 562.500 101.562 898.438 242.188 640.625 859.375
492.188 -695.312 -570.312 367.188 -507.812 750.000 523.438 7.812 867.188 585.938 117.188 882.812 257.812 640.625 851.562
484.375 -828.125 -492.188 335.938 -523.438 773.438 539.062 0.000 875.000 570.312 156.250 921.875 242.188 687.500 953.125
460.938 -921.875 -414.062 312.500 -515.625 789.062 515.625 -46.875 851.562 593.750 273.438 960.938 78.125 843.750 1187.500
468.750 -1023.438 -375.000 304.688 -570.312 750.000 507.812 54.688 835.938 531.250 296.875 1046.875 39.062 734.375 1203.125
468.750 -1031.250 -375.000 320.312 -523.438 757.812 500.000 62.500 851.562 484.375 250.000 1031.250 -54.688 703.125 1195.312
539.062 -1195.312 -437.500 -62.500 -781.250 859.375 609.375 -31.250 703.125 632.812 335.938 835.938 -78.125 890.625 1429.688
171.875 -570.312 78.125 343.750 -492.188 460.938 726.562 -164.062 843.750 500.000 351.562 812.500 -359.375 1242.188 1296.875
-85.938 -1578.125 117.188 1210.938 -773.438 -39.062 625.000 62.500 398.438 507.812 -242.188 648.438 23.438 750.000 1148.438
203.125 -1390.625 -62.500 1250.000 -531.250 -398.438 554.688 54.688 265.625 187.500 -265.625 539.062 -78.125 515.625 1156.250
437.500 -1679.688 -406.250 984.375 -820.312 -320.312 445.312 0.000 203.125 531.250 -343.750 234.375 -93.750 117.188 804.688
-46.875 -617.188 -601.562 -148.438 -382.812 257.812 -234.375 -367.188 882.812 -976.562 -210.938 1031.250 570.312 1187.500 -132.812
93.750 -382.812 -796.875 -710.938 -859.375 1078.125 -242.188 -421.875 1289.062 1156.250 -703.125 656.250 1304.688 304.688 -812.500
265.625 -281.250 -890.625 -554.688 -1125.000 1554.688 -117.188 -460.938 1468.750 554.688 -562.500 742.188 1125.000 257.812 -421.875
539.062 -125.000 -1054.688 -789.062 -960.938 1882.812 -164.062 -1007.812 1757.812 1367.188 -1875.000 -226.562 679.688 -671.875 0.000
1335.938 7.812 -1304.688 -250.000 -382.812 1250.000 -39.062 187.500 1414.062 39.062 1617.188 2828.125 1203.125 976.562 -742.188
1359.375 117.188 -1148.438 218.750 -210.938 718.750 304.688 125.000 960.938 445.312 -554.688 851.562 976.562 -23.438 179.688
1140.625 101.562 -929.688 257.812 -468.750 773.438 453.125 -171.875 859.375 664.062 -437.500 617.188 921.875 398.438 437.500
640.625 -109.375 -656.250 351.562 -453.125 898.438 484.375 -93.750 968.750 648.438 -531.250 726.562 1023.438 328.125 328.125
625.000 -7.812 -476.562 492.188 -476.562 773.438 500.000 -101.562 914.062 554.688 -570.312 734.375 898.438 148.438 429.688
828.125 -132.812 -554.688 296.875 -484.375 804.688 351.562 -132.812 953.125 492.188 -593.750 710.938 929.688 117.188 351.562
859.375 -242.188 -531.250 187.500 -476.562 875.000 273.438 -101.562 992.188 453.125 -546.875 757.812 984.375 54.688 242.188
750.000 -343.750 -484.375 101.562 -390.625 843.750 296.875 -62.500 937.500 523.438 -484.375 726.562 1031.250 101.562 148.438
617.188 -546.875 -359.375 117.188 -335.938 820.312 296.875 -7.812 921.875 539.062 -429.688 742.188 1054.688 109.375 78.125
664.062 -500.000 -390.625 140.625 -320.312 835.938 304.688 -7.812 921.875 539.062 -468.750 726.562 1031.250 46.875 109.375
726.562 -453.125 -437.500 195.312 -351.562 820.312 312.500 -31.250 921.875 539.062 -500.000 718.750 1007.812 62.500 164.062
789.062 -359.375 -492.188 242.188 -398.438 867.188 351.562 -54.688 968.750 531.250 -531.250 742.188 960.938 78.125 242.188
835.938 -171.875 -578.125 85.938 -367.188 929.688 203.125 -15.625 1046.875 453.125 -585.938 812.500 1023.438 -23.438 195.312
804.688 -156.250 -531.250 -31.250 -429.688 976.562 70.312 -39.062 1156.250 351.562 -640.625 906.250 859.375 7.812 296.875
812.500 -101.562 -531.250 -203.125 -578.125 1117.188 -125.000 -148.438 1289.062 156.250 -734.375 1000.000 656.250 54.688 578.125
945.312 -218.750 -570.312 -226.562 -554.688 1156.250 -320.312 -54.688 1460.938 -46.875 -906.250 1226.562 593.750 70.312 812.500
867.188 -218.750 -515.625 343.750 -203.125 937.500 132.812 140.625 1406.250 226.562 -757.812 1281.250 859.375 117.188 500.000
734.375 -171.875 -539.062 1007.812 -1046.875 523.438 -31.250 -85.938 351.562 570.312 -265.625 687.500 976.562 406.250 125.000
726.562 -117.188 -601.562 773.438 -523.438 726.562 1226.562 -195.312 679.688 625.000 -31.250 445.312 953.125 468.750 23.438
921.875 46.875 -851.562 976.562 -718.750 640.625 1132.812 -289.062 273.438 890.625 250.000 15.625 796.875 445.312 -7.812
867.188 164.062 -882.812 781.250 -757.812 437.500 906.250 -453.125 117.188 945.312 164.062 -179.688 703.125 664.062 15.625
429.688 250.000 -742.188 1757.812 -289.062 468.750 312.500 -539.062 1078.125 1554.688 -203.125 1023.438 726.562 304.688 -875.000
609.375 234.375 -882.812 -109.375 -1304.688 953.125 359.375 117.188 1070.312 257.812 54.688 2296.875 1156.250 1351.562 -710.938
828.125 265.625 -742.188 -304.688 -343.750 445.312 -914.062 -85.938 851.562 -531.250 -2023.438 257.812 921.875 -1234.375 695.312
562.500 -421.875 -554.688 476.562 -140.625 335.938 1007.812 -1179.688 -226.562 820.312 906.250 -585.938 695.312 195.312 1648.438
296.875 -2218.750 -148.438 554.688 -460.938 382.812 1101.562 437.500 -242.188 984.375 1460.938 -289.062 726.562 1484.375 906.250
156.250 -2257.812 -39.062 851.562 -234.375 226.562 1023.438 531.250 -15.625 914.062 1007.812 -70.312 921.875 1296.875 273.438
39.062 -1617.188 78.125 929.688 -562.500 289.062 906.250 0.000 242.188 1140.625 109.375 -210.938 1164.062 570.312 -421.875
328.125 -828.125 -78.125 562.500 -640.625 609.375 921.875 -546.875 296.875 1164.062 -273.438 -351.562 968.750 171.875 -93.750
1023.438 -343.750 -578.125 843.750 -656.250 335.938 1031.250 -218.750 70.312 882.812 -140.625 -156.250 820.312 328.125 31.250
1070.312 -273.438 -515.625 1031.250 -515.625 320.312 1054.688 -203.125 257.812 1039.062 -109.375 -54.688 851.562 289.062 54.688
875.000 -453.125 -523.438 773.438 -367.188 406.250 976.562 15.625 273.438 976.562 218.750 23.438 851.562 476.562 328.125
906.250 -476.562 -578.125 710.938 -429.688 507.812 1164.062 125.000 132.812 1078.125 546.875 -117.188 812.500 664.062 406.250
460.938 -796.875 -195.312 460.938 -148.438 335.938 2031.250 335.938 -62.500 2000.000 78.125 -351.562 726.562 78.125 -343.750
460.938 -515.625 -289.062 812.500 -851.562 601.562 1281.250 93.750 -93.750 765.625 351.562 -335.938 1296.875 523.438 46.875
375.000 -1335.938 -117.188 781.250 -507.812 382.812 1054.688 -46.875 78.125 1062.500 -39.062 -312.500 1117.188 46.875 -210.938
273.438 -1203.125 -15.625 695.312 -625.000 468.750 1062.500 -296.875 -62.500 1046.875 54.688 -570.312 976.562 179.688 -250.000
656.250 -882.812 -117.188 906.250 -570.312 226.562 1078.125 -179.688 -140.625 937.500 31.250 -429.688 929.688 78.125 -125.000
734.375 -757.812 -156.250 914.062 -554.688 210.938 1015.625 -179.688 -117.188 890.625 54.688 -359.375 914.062 164.062 7.812
804.688 -523.438 -210.938 851.562 -492.188 203.125 929.688 -132.812 -39.062 867.188 125.000 -226.562 882.812 273.438 164.062
953.125 -531.250 -281.250 796.875 -484.375 273.438 937.500 -101.562 39.062 929.688 140.625 -164.062 906.250 312.500 226.562
875.000 -679.688 -257.812 773.438 -593.750 296.875 968.750 -250.000 -23.438 953.125 15.625 -320.312 1015.625 140.625 7.812
789.062 -679.688 -203.125 812.500 -625.000 289.062 1039.062 -281.250 -46.875 1015.625 -23.438 -367.188 1031.250 101.562 -7.812
765.625 -625.000 -226.562 867.188 -640.625 242.188 1109.375 -296.875 -156.250 1039.062 0.000 -492.188 1039.062 62.500 -62.500
757.812 -343.750 -234.375 906.250 -585.938 195.312 1046.875 -234.375 -132.812 992.188 -15.625 -421.875 1085.938 31.250 -93.750
898.438 -296.875 -281.250 882.812 -539.062 187.500 1054.688 -187.500 -132.812 992.188 46.875 -390.625 1015.625 156.250 39.062
820.312 -351.562 -281.250 875.000 -507.812 148.438 1007.812 -187.500 -125.000 976.562 62.500 -375.000 1062.500 148.438 46.875
828.125 -460.938 -257.812 789.062 -625.000 218.750 984.375 -312.500 -62.500 976.562 -54.688 -328.125 1039.062 62.500 70.312
945.312 -640.625 -312.500 765.625 -703.125 265.625 968.750 -375.000 0.000 992.188 -109.375 -296.875 1054.688 31.250 70.312
898.438 -664.062 -296.875 742.188 -726.562 273.438 984.375 -375.000 23.438 992.188 -132.812 -265.625 1031.250 15.625 101.562
890.625 -656.250 -296.875 796.875 -742.188 226.562 1023.438 -390.625 -15.625 1039.062 -101.562 -242.188 1031.250 78.125 242.188
906.250 -601.562 -296.875 773.438 -765.625 226.562 1007.812 -445.312 0.000 1054.688 -156.250 -265.625 1062.500 15.625 218.750
960.938 -632.812 -335.938 828.125 -773.438 179.688 1054.688 -429.688 -78.125 1062.500 -132.812 -343.750 1085.938 0.000 164.062
914.062 -648.438 -328.125 828.125 -781.250 164.062 1007.812 -445.312 -70.312 1007.812 -203.125 -335.938 1085.938 -62.500 125.000
820.312 -664.062 -250.000 890.625 -820.312 78.125 1007.812 -507.812 -132.812 992.188 -234.375 -367.188 1007.812 -101.562 195.312
820.312 -640.625 -218.750 882.812 -804.688 125.000 1007.812 -468.750 -109.375 1007.812 -203.125 -351.562 1046.875 -54.688 140.625
882.812 -632.812 -218.750 812.500 -734.375 195.312 1000.000 -390.625 -31.250 1015.625 -125.000 -281.250 1023.438 31.250 171.875
875.000 -531.250 -218.750 789.062 -703.125 234.375 1007.812 -343.750 -15.625 1015.625 -62.500 -273.438 1015.625 85.938 156.250
914.062 -414.062 -179.688 750.000 -593.750 289.062 937.500 -257.812 62.500 976.562 7.812 -203.125 992.188 171.875 132.812
859.375 -445.312 -101.562 757.812 -554.688 304.688 921.875 -203.125 101.562 945.312 46.875 -125.000 953.125 257.812 195.312
757.812 -531.250 -46.875 703.125 -515.625 367.188 960.938 -171.875 117.188 953.125 109.375 -156.250 953.125 273.438 156.250
742.188 -617.188 -31.250 710.938 -515.625 398.438 960.938 -164.062 109.375 960.938 117.188 -187.500 960.938 265.625 85.938
695.312 -726.562 78.125 718.750 -507.812 445.312 960.938 -125.000 156.250 945.312 132.812 -140.625 929.688 281.250 70.312
679.688 -742.188 93.750 750.000 -414.062 437.500 960.938 -31.250 101.562 929.688 250.000 -171.875 898.438 382.812 46.875
765.625 -695.312 93.750 781.250 -367.188 445.312 976.562 23.438 117.188 921.875 296.875 -156.250 875.000 421.875 70.312
757.812 -617.188 117.188 765.625 -359.375 453.125 968.750 15.625 148.438 914.062 296.875 -132.812 867.188 429.688 70.312
609.375 -601.562 218.750 757.812 -296.875 507.812 968.750 85.938 148.438 929.688 382.812 -132.812 882.812 515.625 39.062
656.250 -718.750 234.375 734.375 -281.250 554.688 953.125 117.188 218.750 898.438 367.188 -78.125 867.188 515.625 31.250
632.812 -718.750 273.438 695.312 -304.688 625.000 960.938 109.375 265.625 921.875 406.250 -31.250 843.750 570.312 85.938
625.000 -710.938 296.875 695.312 -281.250 632.812 968.750 117.188 273.438 921.875 421.875 -39.062 851.562 585.938 62.500
601.562 -718.750 312.500 703.125 -234.375 640.625 976.562 195.312 250.000 921.875 492.188 -62.500 851.562 632.812 31.250
539.062 -656.250 335.938 734.375 -187.500 632.812 890.625 148.438 203.125 890.625 523.438 -117.188 789.062 695.312 7.812
460.938 -640.625 367.188 632.812 0.000 562.500 976.562 304.688 101.562 937.500 664.062 -164.062 843.750 687.500 -39.062
460.938 -648.438 367.188 890.625 -148.438 492.188 898.438 312.500 117.188 875.000 515.625 -117.188 859.375 625.000 -39.062
429.688 -648.438 351.562 859.375 -15.625 601.562 1078.125 179.688 15.625 937.500 507.812 -265.625 835.938 523.438 -140.625
437.500 -632.812 296.875 820.312 -78.125 484.375 1031.250 242.188 7.812 898.438 453.125 -320.312 859.375 484.375 -226.562
523.438 -632.812 250.000 835.938 -140.625 421.875 1046.875 195.312 -15.625 937.500 414.062 -351.562 867.188 460.938 -289.062
585.938 -617.188 218.750 921.875 -101.562 390.625 914.062 203.125 0.000 882.812 328.125 -281.250 867.188 429.688 -242.188
734.375 -640.625 140.625 804.688 -171.875 460.938 960.938 156.250 39.062 867.188 382.812 -257.812 828.125 421.875 -187.500
757.812 -640.625 78.125 757.812 -234.375 476.562 937.500 148.438 70.312 843.750 398.438 -203.125 820.312 476.562 -109.375
804.688 -617.188 31.250 789.062 -242.188 460.938 937.500 140.625 148.438 773.438 343.750 -85.938 773.438 468.750 -62.500
804.688 -617.188 23.438 765.625 -257.812 476.562 906.250 148.438 156.250 828.125 320.312 -46.875 781.250 476.562 -7.812
804.688 -648.438 -15.625 796.875 -343.750 437.500 976.562 78.125 156.250 875.000 367.188 -15.625 765.625 539.062 132.812
773.438 -679.688 -23.438 804.688 -359.375 429.688 960.938 54.688 164.062 890.625 304.688 -15.625 789.062 500.000 125.000
734.375 -726.562 -46.875 820.312 -390.625 406.250 976.562 23.438 156.250 914.062 296.875 0.000 757.812 507.812 156.250
710.938 -742.188 -46.875 804.688 -406.250 414.062 953.125 0.000 171.875 992.188 250.000 -15.625 789.062 523.438 171.875
656.250 -757.812 -85.938 773.438 -453.125 437.500 1015.625 -15.625 187.500 921.875 273.438 39.062 750.000 539.062 250.000
640.625 -789.062 -78.125 750.000 -429.688 437.500 976.562 -46.875 218.750 921.875 289.062 78.125 726.562 546.875 304.688
617.188 -812.500 -101.562 750.000 -460.938 437.500 914.062 -54.688 257.812 859.375 273.438 148.438 687.500 554.688 343.750
617.188 -804.688 -101.562 742.188 -460.938 445.312 914.062 -46.875 281.250 882.812 242.188 179.688 679.688 539.062 351.562
640.625 -804.688 -132.812 710.938 -492.188 476.562 882.812 -70.312 359.375 867.188 242.188 234.375 601.562 523.438 421.875
656.250 -796.875 -148.438 656.250 -531.250 507.812 796.875 -78.125 445.312 765.625 226.562 359.375 617.188 546.875 445.312
656.250 -812.500 -156.250 632.812 -523.438 539.062 773.438 -39.062 546.875 765.625 187.500 500.000 585.938 531.250 523.438
648.438 -804.688 -164.062 593.750 -539.062 593.750 757.812 -39.062 585.938 796.875 210.938 515.625 570.312 570.312 554.688
640.625 -773.438 -195.312 492.188 -546.875 687.500 750.000 -70.312 640.625 804.688 250.000 539.062 554.688 625.000 625.000
609.375 -789.062 -210.938 468.750 -523.438 726.562 781.250 -70.312 656.250 859.375 304.688 523.438 578.125 664.062 671.875
554.688 -820.312 -195.312 492.188 -484.375 718.750 789.062 -31.250 648.438 859.375 335.938 531.250 570.312 695.312 679.688
554.688 -843.750 -179.688 500.000 -484.375 710.938 789.062 -7.812 648.438 867.188 343.750 531.250 570.312 695.312 679.688
507.812 -875.000 -156.250 515.625 -476.562 710.938 796.875 -7.812 640.625 867.188 335.938 523.438 562.500 687.500 664.062
453.125 -906.250 -132.812 507.812 -476.562 703.125 796.875 -7.812 632.812 843.750 335.938 515.625 546.875 671.875 640.625
429.688 -906.250 -117.188 500.000 -468.750 687.500 773.438 -15.625 609.375 828.125 312.500 507.812 539.062 648.438 625.000
406.250 -914.062 -117.188 484.375 -468.750 695.312 765.625 -23.438 617.188 820.312 304.688 500.000 531.250 640.625 617.188
375.000 -929.688 -93.750 468.750 -476.562 695.312 750.000 -23.438 625.000 812.500 289.062 515.625 523.438 617.188 625.000
367.188 -968.750 -125.000 445.312 -500.000 703.125 703.125 -46.875 679.688 765.625 234.375 562.500 507.812 585.938 640.625
406.250 -984.375 -125.000 421.875 -523.438 726.562 640.625 -46.875 742.188 710.938 179.688 656.250 484.375 546.875 648.438
390.625 -976.562 -117.188 398.438 -523.438 726.562 632.812 -31.250 765.625 710.938 164.062 695.312 468.750 539.062 679.688
382.812 -953.125 -125.000 375.000 -523.438 765.625 625.000 -46.875 804.688 726.562 171.875 718.750 453.125 570.312 742.188
421.875 -921.875 -171.875 328.125 -523.438 796.875 609.375 -62.500 835.938 742.188 226.562 742.188 429.688 617.188 812.500
429.688 -914.062 -203.125 296.875 -523.438 828.125 601.562 -54.688 859.375 726.562 242.188 757.812 414.062 632.812 835.938
414.062 -898.438 -210.938 289.062 -523.438 828.125 601.562 -54.688 859.375 734.375 234.375 773.438 421.875 632.812 851.562
421.875 -906.250 -218.750 281.250 -539.062 828.125 609.375 -70.312 867.188 734.375 226.562 781.250 406.250 609.375 843.750
406.250 -929.688 -210.938 250.000 -578.125 835.938 593.750 -125.000 843.750 726.562 187.500 757.812 406.250 578.125 812.500
382.812 -945.312 -203.125 257.812 -578.125 828.125 585.938 -132.812 843.750 718.750 156.250 742.188 414.062 546.875 796.875
375.000 -960.938 -187.500 265.625 -578.125 820.312 585.938 -125.000 843.750 726.562 156.250 734.375 421.875 546.875 789.062
359.375 -984.375 -171.875 273.438 -570.312 804.688 585.938 -132.812 835.938 726.562 148.438 718.750 429.688 531.250 765.625
335.938 -984.375 -179.688 281.250 -562.500 781.250 601.562 -117.188 820.312 710.938 132.812 710.938 429.688 523.438 750.000
320.312 -968.750 -171.875 281.250 -570.312 765.625 585.938 -125.000 796.875 703.125 132.812 710.938 429.688 515.625 750.000
320.312 -968.750 -171.875 281.250 -570.312 765.625 562.500 -117.188 812.500 679.688 125.000 718.750 429.688 507.812 765.625
