296.875 -976.562 -187.500 78.125 -406.250 906.250 164.062 203.125 976.562 179.688 -39.062 1007.812 -7.812 492.188 890.625
296.875 -976.562 -195.312 78.125 -406.250 898.438 164.062 203.125 984.375 187.500 -31.250 1007.812 7.812 492.188 898.438
289.062 -976.562 -187.500 78.125 -398.438 898.438 164.062 203.125 976.562 179.688 -23.438 1007.812 0.000 500.000 890.625
304.688 -953.125 -187.500 85.938 -390.625 890.625 171.875 210.938 968.750 179.688 -15.625 1000.000 -7.812 507.812 890.625
304.688 -945.312 -179.688 85.938 -382.812 882.812 171.875 218.750 960.938 179.688 -15.625 1007.812 0.000 500.000 890.625
304.688 -937.500 -187.500 93.750 -375.000 882.812 179.688 226.562 953.125 187.500 0.000 992.188 -15.625 507.812 875.000
304.688 -937.500 -187.500 93.750 -375.000 882.812 179.688 226.562 953.125 187.500 0.000 992.188 -15.625 507.812 875.000
312.500 -937.500 -171.875 85.938 -367.188 898.438 171.875 234.375 960.938 179.688 7.812 992.188 -7.812 523.438 882.812
320.312 -992.188 -179.688 78.125 -359.375 906.250 156.250 250.000 968.750 179.688 15.625 1007.812 0.000 523.438 882.812
320.312 -992.188 -179.688 78.125 -359.375 906.250 156.250 250.000 968.750 179.688 15.625 1007.812 0.000 523.438 882.812
367.188 -1179.688 -226.562 78.125 -312.500 898.438 171.875 257.812 937.500 195.312 39.062 1000.000 23.438 546.875 890.625
656.250 -1382.812 -453.125 62.500 -320.312 929.688 226.562 265.625 898.438 250.000 93.750 953.125 54.688 554.688 859.375
507.812 -1242.188 -328.125 23.438 -367.188 992.188 171.875 226.562 976.562 242.188 15.625 929.688 164.062 554.688 687.500
507.812 -1242.188 -328.125 23.438 -367.188 992.188 171.875 226.562 976.562 242.188 15.625 929.688 164.062 554.688 687.500
320.312 -968.750 -125.000 0.000 -421.875 1031.250 148.438 187.500 1039.062 218.750 -62.500 945.312 226.562 476.562 585.938
250.000 -804.688 62.500 31.250 -367.188 1000.000 140.625 250.000 1007.812 179.688 7.812 1000.000 7.812 531.250 773.438
414.062 -1031.250 -7.812 171.875 -210.938 890.625 242.188 375.000 914.062 164.062 171.875 1062.500 -242.188 632.812 960.938
414.062 -1031.250 -7.812 171.875 -210.938 890.625 242.188 375.000 914.062 164.062 171.875 1062.500 -242.188 632.812 960.938
414.062 -1031.250 -7.812 171.875 -210.938 890.625 242.188 375.000 914.062 164.062 171.875 1062.500 -242.188 632.812 960.938
476.562 -1125.000 -78.125 281.250 -328.125 851.562 281.250 414.062 859.375 179.688 187.500 1023.438 -195.312 648.438 890.625
476.562 -1328.125 7.812 320.312 -523.438 875.000 414.062 195.312 828.125 304.688 93.750 812.500 85.938 476.562 593.750
476.562 -1328.125 7.812 320.312 -523.438 875.000 414.062 195.312 828.125 304.688 93.750 812.500 85.938 476.562 593.750
187.500 -1375.000 359.375 257.812 -664.062 953.125 460.938 54.688 765.625 453.125 7.812 585.938 320.312 343.750 320.312
-15.625 -1523.438 468.750 335.938 -507.812 796.875 789.062 109.375 148.438 953.125 515.625 -234.375 765.625 570.312 -414.062
-15.625 -1523.438 468.750 335.938 -507.812 796.875 789.062 109.375 148.438 953.125 515.625 -234.375 765.625 570.312 -414.062
226.562 -1234.375 -7.812 523.438 -132.812 585.938 617.188 453.125 -140.625 625.000 1054.688 -320.312 734.375 1007.812 -609.375
296.875 -804.688 -109.375 554.688 85.938 382.812 359.375 968.750 -203.125 -7.812 1273.438 -23.438 62.500 1351.562 -679.688
296.875 -804.688 -109.375 554.688 85.938 382.812 359.375 968.750 -203.125 -7.812 1273.438 -23.438 62.500 1351.562 -679.688
296.875 -804.688 -109.375 554.688 85.938 382.812 359.375 968.750 -203.125 -7.812 1273.438 -23.438 62.500 1351.562 -679.688
390.625 -500.000 39.062 476.562 531.250 421.875 -78.125 1265.625 -85.938 -828.125 1273.438 398.438 -1039.062 1312.500 -515.625
492.188 -164.062 7.812 289.062 710.938 515.625 -445.312 1460.938 15.625 -1171.875 1281.250 703.125 -1476.562 1351.562 -328.125
664.062 -46.875 117.188 203.125 906.250 601.562 -875.000 1500.000 195.312 -1343.750 1117.188 945.312 -1796.875 1242.188 15.625
765.625 -218.750 179.688 156.250 906.250 765.625 -867.188 1429.688 429.688 -1382.812 898.438 1109.375 -1890.625 1132.812 226.562
570.312 -679.688 429.688 101.562 765.625 953.125 -960.938 1281.250 726.562 -1367.188 507.812 1320.312 -1828.125 882.812 531.250
625.000 -976.562 445.312 109.375 687.500 984.375 -960.938 1250.000 773.438 -1304.688 515.625 1375.000 -1757.812 851.562 625.000
687.500 -1007.812 414.062 -31.250 421.875 1281.250 -828.125 1140.625 890.625 -1039.062 445.312 1335.938 -1328.125 929.688 617.188
687.500 -1007.812 414.062 -31.250 421.875 1281.250 -828.125 1140.625 890.625 -1039.062 445.312 1335.938 -1328.125 929.688 617.188
617.188 -1023.438 460.938 -23.438 382.812 1281.250 -765.625 1070.312 859.375 -921.875 429.688 1257.812 -1187.500 898.438 570.312
507.812 -1085.938 460.938 -31.250 328.125 1242.188 -617.188 953.125 726.562 -742.188 460.938 1062.500 -921.875 835.938 445.312
382.812 -1031.250 468.750 0.000 343.750 1132.812 -523.438 906.250 609.375 -625.000 453.125 929.688 -757.812 789.062 351.562
234.375 -867.188 484.375 78.125 343.750 929.688 -343.750 812.500 421.875 -445.312 500.000 734.375 -601.562 757.812 203.125
218.750 -789.062 492.188 125.000 359.375 867.188 -320.312 796.875 390.625 -429.688 484.375 695.312 -593.750 710.938 187.500
226.562 -671.875 460.938 195.312 398.438 734.375 -281.250 773.438 335.938 -414.062 460.938 656.250 -648.438 656.250 148.438
281.250 -609.375 484.375 218.750 445.312 734.375 -320.312 843.750 343.750 -484.375 507.812 726.562 -734.375 718.750 195.312
289.062 -648.438 492.188 210.938 453.125 750.000 -312.500 843.750 343.750 -484.375 515.625 742.188 -710.938 734.375 210.938
289.062 -648.438 492.188 210.938 453.125 750.000 -312.500 843.750 343.750 -484.375 515.625 742.188 -710.938 734.375 210.938
289.062 -687.500 507.812 195.312 476.562 789.062 -328.125 882.812 343.750 -468.750 531.250 765.625 -679.688 765.625 210.938
250.000 -757.812 585.938 132.812 562.500 875.000 -335.938 1031.250 351.562 -453.125 625.000 851.562 -609.375 906.250 242.188
250.000 -757.812 585.938 132.812 562.500 875.000 -335.938 1031.250 351.562 -453.125 625.000 851.562 -609.375 906.250 242.188
242.188 -757.812 601.562 132.812 578.125 890.625 -335.938 1046.875 359.375 -445.312 625.000 867.188 -609.375 921.875 257.812
257.812 -750.000 601.562 140.625 578.125 906.250 -351.562 1062.500 398.438 -453.125 609.375 882.812 -617.188 906.250 250.000
437.500 -640.625 554.688 54.688 570.312 1054.688 -625.000 1226.562 765.625 -742.188 304.688 1171.875 -890.625 882.812 359.375
437.500 -640.625 554.688 54.688 570.312 1054.688 -625.000 1226.562 765.625 -742.188 304.688 1171.875 -890.625 882.812 359.375
437.500 -640.625 554.688 54.688 570.312 1054.688 -625.000 1226.562 765.625 -742.188 304.688 1171.875 -890.625 882.812 359.375
421.875 70.312 421.875 -242.188 453.125 1101.562 -937.500 1554.688 945.312 -1554.688 -375.000 1445.312 -1015.625 1046.875 359.375
468.750 445.312 523.438 -101.562 523.438 1156.250 -304.688 1632.812 695.312 -539.062 468.750 1328.125 -1125.000 859.375 492.188
414.062 -671.875 523.438 367.188 875.000 539.062 -640.625 1601.562 382.812 -1421.875 476.562 1093.750 -1265.625 585.938 546.875
484.375 -796.875 320.312 546.875 601.562 398.438 -757.812 1406.250 210.938 -1351.562 742.188 937.500 -1250.000 718.750 484.375
601.562 -609.375 187.500 703.125 562.500 101.562 -484.375 1218.750 -117.188 -1398.438 1046.875 632.812 -1218.750 1171.875 312.500
617.188 -648.438 46.875 781.250 429.688 93.750 -375.000 1085.938 -195.312 -1304.688 1304.688 468.750 -1132.812 1242.188 242.188
820.312 -906.250 -351.562 601.562 85.938 460.938 421.875 1031.250 -375.000 -500.000 1750.000 -31.250 -1101.562 1328.125 242.188
882.812 -984.375 -617.188 531.250 -148.438 750.000 531.250 710.938 -101.562 -70.312 1406.250 -312.500 -718.750 1398.438 -273.438
882.812 -984.375 -617.188 531.250 -148.438 750.000 531.250 710.938 -101.562 -70.312 1406.250 -312.500 -718.750 1398.438 -273.438
882.812 -984.375 -617.188 531.250 -148.438 750.000 531.250 710.938 -101.562 -70.312 1406.250 -312.500 -718.750 1398.438 -273.438
765.625 -937.500 -656.250 445.312 -62.500 773.438 640.625 507.812 70.312 429.688 984.375 -296.875 -7.812 1132.812 -570.312
648.438 -1171.875 -578.125 679.688 -164.062 726.562 835.938 289.062 62.500 460.938 992.188 -140.625 382.812 507.812 -523.438
78.125 -1750.000 -78.125 773.438 -187.500 601.562 921.875 187.500 218.750 804.688 367.188 -23.438 773.438 468.750 -351.562
78.125 -1750.000 -78.125 773.438 -187.500 601.562 921.875 187.500 218.750 804.688 367.188 -23.438 773.438 468.750 -351.562
-257.812 -2101.562 507.812 992.188 -750.000 382.812 1000.000 -367.188 125.000 1031.250 -70.312 -70.312 828.125 93.750 -62.500
-257.812 -2101.562 507.812 992.188 -750.000 382.812 1000.000 -367.188 125.000 1031.250 -70.312 -70.312 828.125 93.750 -62.500
46.875 -1617.188 437.500 914.062 -671.875 445.312 953.125 -343.750 351.562 757.812 -242.188 273.438 585.938 7.812 203.125
601.562 -757.812 -7.812 843.750 -132.812 437.500 695.312 312.500 484.375 671.875 500.000 804.688 117.188 757.812 929.688
601.562 -757.812 -7.812 843.750 -132.812 437.500 695.312 312.500 484.375 671.875 500.000 804.688 117.188 757.812 929.688
601.562 -757.812 -7.812 843.750 -132.812 437.500 695.312 312.500 484.375 671.875 500.000 804.688 117.188 757.812 929.688
726.562 -492.188 -117.188 812.500 -15.625 554.688 835.938 437.500 562.500 515.625 617.188 914.062 125.000 890.625 953.125
789.062 -414.062 -148.438 820.312 70.312 617.188 828.125 429.688 648.438 523.438 625.000 914.062 171.875 906.250 929.688
773.438 -585.938 -125.000 734.375 -164.062 710.938 710.938 273.438 625.000 789.062 296.875 695.312 460.938 710.938 601.562
773.438 -585.938 -125.000 734.375 -164.062 710.938 710.938 273.438 625.000 789.062 296.875 695.312 460.938 710.938 601.562
695.312 -804.688 -31.250 734.375 -273.438 703.125 773.438 164.062 632.812 695.312 273.438 640.625 484.375 632.812 601.562
601.562 -1023.438 62.500 757.812 -359.375 687.500 750.000 101.562 710.938 726.562 85.938 687.500 453.125 554.688 617.188
523.438 -976.562 54.688 835.938 -187.500 437.500 835.938 242.188 500.000 750.000 328.125 656.250 367.188 664.062 765.625
523.438 -976.562 54.688 835.938 -187.500 437.500 835.938 242.188 500.000 750.000 328.125 656.250 367.188 664.062 765.625
523.438 -976.562 54.688 835.938 -187.500 437.500 835.938 242.188 500.000 750.000 328.125 656.250 367.188 664.062 765.625
515.625 -820.312 70.312 906.250 -125.000 421.875 843.750 234.375 515.625 812.500 320.312 632.812 429.688 679.688 726.562
554.688 -593.750 54.688 843.750 -70.312 531.250 718.750 242.188 671.875 687.500 195.312 695.312 531.250 617.188 609.375
710.938 -562.500 -39.062 851.562 23.438 492.188 742.188 312.500 656.250 687.500 320.312 796.875 429.688 718.750 742.188
726.562 -570.312 -93.750 875.000 101.562 453.125 789.062 406.250 609.375 703.125 382.812 781.250 429.688 750.000 765.625
851.562 -429.688 -164.062 1351.562 85.938 695.312 578.125 507.812 625.000 703.125 335.938 820.312 453.125 773.438 742.188
890.625 -476.562 -210.938 781.250 273.438 492.188 296.875 585.938 1031.250 835.938 -70.312 1039.062 328.125 656.250 773.438
890.625 -476.562 -210.938 781.250 273.438 492.188 296.875 585.938 1031.250 835.938 -70.312 1039.062 328.125 656.250 773.438
921.875 -500.000 -195.312 640.625 187.500 296.875 398.438 632.812 531.250 601.562 85.938 742.188 359.375 585.938 726.562
937.500 -781.250 -242.188 648.438 -851.562 500.000 992.188 39.062 -85.938 843.750 414.062 140.625 632.812 453.125 468.750
937.500 -781.250 -242.188 648.438 -851.562 500.000 992.188 39.062 -85.938 843.750 414.062 140.625 632.812 453.125 468.750
937.500 -781.250 -242.188 648.438 -851.562 500.000 992.188 39.062 -85.938 843.750 414.062 140.625 632.812 453.125 468.750
828.125 -750.000 -109.375 867.188 -695.312 390.625 1125.000 -187.500 -117.188 992.188 242.188 85.938 718.750 296.875 335.938
742.188 -648.438 0.000 617.188 -781.250 523.438 1078.125 -367.188 39.062 914.062 62.500 226.562 718.750 195.312 320.312
742.188 -648.438 0.000 617.188 -781.250 523.438 1078.125 -367.188 39.062 914.062 62.500 226.562 718.750 195.312 320.312
664.062 -835.938 46.875 781.250 -507.812 437.500 1117.188 -171.875 23.438 914.062 250.000 226.562 765.625 414.062 429.688
484.375 -523.438 179.688 531.250 -570.312 656.250 953.125 -257.812 164.062 843.750 218.750 289.062 695.312 554.688 546.875
484.375 -523.438 179.688 531.250 -570.312 656.250 953.125 -257.812 164.062 843.750 218.750 289.062 695.312 554.688 546.875
484.375 -523.438 179.688 531.250 -570.312 656.250 953.125 -257.812 164.062 843.750 218.750 289.062 695.312 554.688 546.875
601.562 -632.812 101.562 617.188 -562.500 562.500 929.688 -195.312 195.312 898.438 328.125 398.438 703.125 507.812 523.438
687.500 -781.250 148.438 328.125 -789.062 773.438 929.688 -507.812 265.625 906.250 164.062 406.250 679.688 343.750 523.438
726.562 -843.750 132.812 312.500 -765.625 796.875 875.000 -562.500 320.312 851.562 101.562 421.875 664.062 320.312 515.625
757.812 -1054.688 156.250 617.188 -609.375 632.812 945.312 -476.562 367.188 804.688 93.750 578.125 671.875 351.562 546.875
726.562 -906.250 156.250 625.000 -546.875 695.312 890.625 -437.500 414.062 820.312 187.500 625.000 593.750 429.688 726.562
726.562 -906.250 156.250 625.000 -546.875 695.312 890.625 -437.500 414.062 820.312 187.500 625.000 593.750 429.688 726.562
796.875 -609.375 15.625 804.688 -210.938 546.875 968.750 -226.562 328.125 804.688 398.438 585.938 632.812 554.688 734.375
796.875 -609.375 15.625 804.688 -210.938 546.875 968.750 -226.562 328.125 804.688 398.438 585.938 632.812 554.688 734.375
796.875 -609.375 15.625 804.688 -210.938 546.875 968.750 -226.562 328.125 804.688 398.438 585.938 632.812 554.688 734.375
742.188 -406.250 46.875 742.188 -335.938 554.688 898.438 -250.000 312.500 734.375 351.562 601.562 546.875 445.312 789.062
757.812 -445.312 15.625 773.438 -328.125 546.875 875.000 -218.750 359.375 703.125 312.500 625.000 539.062 421.875 742.188
859.375 -578.125 15.625 820.312 -398.438 492.188 937.500 -328.125 273.438 828.125 218.750 578.125 507.812 343.750 757.812
859.375 -578.125 15.625 820.312 -398.438 492.188 937.500 -328.125 273.438 828.125 218.750 578.125 507.812 343.750 757.812
835.938 -468.750 31.250 835.938 -406.250 421.875 953.125 -289.062 218.750 726.562 281.250 601.562 484.375 429.688 828.125
835.938 -468.750 31.250 835.938 -406.250 421.875 953.125 -289.062 218.750 726.562 281.250 601.562 484.375 429.688 828.125
835.938 -468.750 31.250 835.938 -406.250 421.875 953.125 -289.062 218.750 726.562 281.250 601.562 484.375 429.688 828.125
835.938 -468.750 31.250 835.938 -406.250 421.875 953.125 -289.062 218.750 726.562 281.250 601.562 484.375 429.688 828.125
867.188 -460.938 0.000 703.125 -445.312 554.688 859.375 -351.562 367.188 664.062 242.188 695.312 554.688 328.125 742.188
867.188 -492.188 -15.625 687.500 -437.500 562.500 851.562 -343.750 375.000 640.625 242.188 710.938 570.312 296.875 726.562
882.812 -539.062 0.000 742.188 -382.812 523.438 914.062 -304.688 304.688 750.000 320.312 625.000 539.062 335.938 789.062
804.688 -507.812 46.875 750.000 -375.000 539.062 937.500 -304.688 304.688 750.000 328.125 632.812 554.688 398.438 804.688
765.625 -453.125 85.938 695.312 -359.375 585.938 898.438 -320.312 367.188 734.375 460.938 710.938 515.625 242.188 820.312
765.625 -453.125 85.938 695.312 -359.375 585.938 898.438 -320.312 367.188 734.375 460.938 710.938 515.625 242.188 820.312
773.438 -406.250 54.688 468.750 -507.812 453.125 1046.875 -257.812 585.938 757.812 343.750 757.812 500.000 421.875 882.812
734.375 -695.312 70.312 867.188 -476.562 796.875 695.312 -351.562 453.125 632.812 554.688 757.812 343.750 445.312 992.188
734.375 -695.312 70.312 867.188 -476.562 796.875 695.312 -351.562 453.125 632.812 554.688 757.812 343.750 445.312 992.188
734.375 -695.312 70.312 867.188 -476.562 796.875 695.312 -351.562 453.125 632.812 554.688 757.812 343.750 445.312 992.188
742.188 -843.750 117.188 539.062 -437.500 656.250 656.250 -351.562 664.062 429.688 375.000 875.000 453.125 507.812 914.062
742.188 -1046.875 109.375 523.438 -468.750 796.875 585.938 -187.500 601.562 414.062 429.688 914.062 265.625 492.188 1085.938
750.000 -1062.500 70.312 421.875 -484.375 765.625 656.250 -109.375 632.812 304.688 312.500 929.688 281.250 523.438 1023.438
742.188 -1070.312 46.875 421.875 -515.625 765.625 625.000 -132.812 625.000 367.188 328.125 890.625 304.688 507.812 992.188
640.625 -1046.875 78.125 453.125 -500.000 742.188 734.375 -125.000 570.312 484.375 328.125 757.812 437.500 437.500 835.938
648.438 -1000.000 62.500 500.000 -328.125 601.562 789.062 -203.125 398.438 859.375 507.812 562.500 312.500 562.500 890.625
726.562 -789.062 -148.438 507.812 -234.375 484.375 335.938 54.688 648.438 578.125 -406.250 437.500 937.500 54.688 -23.438
726.562 -789.062 -148.438 507.812 -234.375 484.375 335.938 54.688 648.438 578.125 -406.250 437.500 937.500 54.688 -23.438
726.562 -789.062 -148.438 507.812 -234.375 484.375 335.938 54.688 648.438 578.125 -406.250 437.500 937.500 54.688 -23.438
726.562 -320.312 -304.688 171.875 -453.125 1414.062 281.250 -179.688 1210.938 617.188 -460.938 757.812 1257.812 203.125 -242.188
726.562 -320.312 -304.688 171.875 -453.125 1414.062 281.250 -179.688 1210.938 617.188 -460.938 757.812 1257.812 203.125 -242.188
1109.375 140.625 -414.062 78.125 -343.750 1398.438 234.375 -15.625 1281.250 414.062 -656.250 921.875 898.438 109.375 406.250
1109.375 140.625 -414.062 78.125 -343.750 1398.438 234.375 -15.625 1281.250 414.062 -656.250 921.875 898.438 109.375 406.250
1156.250 -195.312 -335.938 617.188 -218.750 781.250 617.188 93.750 875.000 585.938 -359.375 875.000 820.312 445.312 789.062
1156.250 -195.312 -335.938 617.188 -218.750 781.250 617.188 93.750 875.000 585.938 -359.375 875.000 820.312 445.312 789.062
1156.250 -195.312 -335.938 617.188 -218.750 781.250 617.188 93.750 875.000 585.938 -359.375 875.000 820.312 445.312 789.062
1156.250 -195.312 -335.938 617.188 -218.750 781.250 617.188 93.750 875.000 585.938 -359.375 875.000 820.312 445.312 789.062
1000.000 -125.000 -132.812 375.000 -312.500 906.250 476.562 -132.812 906.250 632.812 -570.312 585.938 960.938 78.125 273.438
937.500 -414.062 -78.125 375.000 -406.250 851.562 421.875 -226.562 890.625 562.500 -687.500 507.812 906.250 -46.875 273.438
937.500 -414.062 -78.125 375.000 -406.250 851.562 421.875 -226.562 890.625 562.500 -687.500 507.812 906.250 -46.875 273.438
914.062 -375.000 -85.938 328.125 -398.438 906.250 429.688 -218.750 890.625 601.562 -632.812 507.812 968.750 15.625 234.375
875.000 -437.500 -23.438 406.250 -320.312 867.188 476.562 -179.688 906.250 625.000 -656.250 539.062 976.562 7.812 250.000
937.500 -210.938 -85.938 351.562 -257.812 875.000 390.625 -78.125 906.250 507.812 -617.188 609.375 929.688 78.125 375.000
937.500 -210.938 -85.938 351.562 -257.812 875.000 390.625 -78.125 906.250 507.812 -617.188 609.375 929.688 78.125 375.000
937.500 -210.938 -85.938 351.562 -257.812 875.000 390.625 -78.125 906.250 507.812 -617.188 609.375 929.688 78.125 375.000
914.062 -7.812 -117.188 343.750 -148.438 906.250 414.062 23.438 945.312 523.438 -609.375 687.500 968.750 140.625 414.062
914.062 -7.812 -117.188 343.750 -148.438 906.250 414.062 23.438 945.312 523.438 -609.375 687.500 968.750 140.625 414.062
914.062 -7.812 -117.188 343.750 -148.438 906.250 414.062 23.438 945.312 523.438 -609.375 687.500 968.750 140.625 414.062
914.062 -7.812 -117.188 343.750 -148.438 906.250 414.062 23.438 945.312 523.438 -609.375 687.500 968.750 140.625 414.062
968.750 93.750 -210.938 296.875 -164.062 968.750 421.875 31.250 953.125 570.312 -593.750 664.062 1031.250 164.062 304.688
1023.438 39.062 -234.375 312.500 -125.000 921.875 429.688 23.438 976.562 578.125 -625.000 679.688 1054.688 148.438 265.625
906.250 -132.812 -203.125 148.438 -179.688 1015.625 273.438 -7.812 1054.688 460.938 -718.750 671.875 1054.688 62.500 250.000
906.250 -226.562 -171.875 218.750 -156.250 984.375 265.625 -31.250 1085.938 539.062 -765.625 648.438 1015.625 23.438 242.188
882.812 -414.062 -117.188 218.750 -375.000 1039.062 203.125 -78.125 1125.000 351.562 -953.125 648.438 859.375 -257.812 367.188
882.812 -414.062 -117.188 218.750 -375.000 1039.062 203.125 -78.125 1125.000 351.562 -953.125 648.438 859.375 -257.812 367.188
921.875 -226.562 -335.938 703.125 -664.062 718.750 656.250 -195.312 734.375 695.312 -664.062 335.938 1000.000 23.438 179.688
921.875 -226.562 -335.938 703.125 -664.062 718.750 656.250 -195.312 734.375 695.312 -664.062 335.938 1000.000 23.438 179.688
921.875 -226.562 -335.938 703.125 -664.062 718.750 656.250 -195.312 734.375 695.312 -664.062 335.938 1000.000 23.438 179.688
953.125 -257.812 -414.062 632.812 -742.188 773.438 687.500 -242.188 710.938 671.875 -757.812 265.625 976.562 109.375 93.750
1023.438 -203.125 -531.250 398.438 -343.750 585.938 585.938 -156.250 640.625 726.562 -539.062 289.062 1164.062 281.250 -117.188
976.562 -671.875 -531.250 289.062 -671.875 390.625 468.750 -468.750 789.062 625.000 -328.125 179.688 906.250 664.062 164.062
953.125 -953.125 -570.312 906.250 -78.125 62.500 828.125 -46.875 234.375 929.688 656.250 414.062 265.625 656.250 1187.500
546.875 -1429.688 -234.375 781.250 -476.562 343.750 1039.062 -171.875 109.375 1242.188 656.250 406.250 -468.750 1179.688 1812.500
546.875 -1429.688 -234.375 781.250 -476.562 343.750 1039.062 -171.875 109.375 1242.188 656.250 406.250 -468.750 1179.688 1812.500
796.875 -812.500 -265.625 781.250 -445.312 328.125 757.812 226.562 507.812 703.125 -70.312 742.188 593.750 304.688 757.812
945.312 -265.625 -414.062 804.688 -187.500 437.500 757.812 -15.625 601.562 796.875 39.062 585.938 679.688 398.438 687.500
656.250 -312.500 -109.375 1062.500 -273.438 226.562 1109.375 -15.625 343.750 1093.750 15.625 390.625 820.312 265.625 679.688
656.250 -312.500 -109.375 1062.500 -273.438 226.562 1109.375 -15.625 343.750 1093.750 15.625 390.625 820.312 265.625 679.688
453.125 -195.312 46.875 1226.562 -234.375 171.875 1062.500 -226.562 375.000 1148.438 -164.062 296.875 921.875 164.062 546.875
914.062 -359.375 -289.062 1148.438 -359.375 203.125 1226.562 -171.875 273.438 1234.375 -62.500 171.875 937.500 39.062 460.938
742.188 -382.812 -226.562 953.125 -539.062 312.500 960.938 -289.062 390.625 1000.000 -203.125 210.938 890.625 15.625 429.688
742.188 -382.812 -226.562 953.125 -539.062 312.500 960.938 -289.062 390.625 1000.000 -203.125 210.938 890.625 15.625 429.688
843.750 -593.750 -359.375 632.812 -429.688 554.688 679.688 -85.938 617.188 750.000 -109.375 531.250 656.250 296.875 632.812
843.750 -593.750 -359.375 632.812 -429.688 554.688 679.688 -85.938 617.188 750.000 -109.375 531.250 656.250 296.875 632.812
843.750 -593.750 -359.375 632.812 -429.688 554.688 679.688 -85.938 617.188 750.000 -109.375 531.250 656.250 296.875 632.812
835.938 -531.250 -367.188 648.438 -359.375 585.938 703.125 0.000 632.812 765.625 -31.250 585.938 679.688 382.812 648.438
875.000 -453.125 -375.000 687.500 -218.750 578.125 710.938 148.438 640.625 742.188 85.938 710.938 609.375 539.062 757.812
820.312 -382.812 -335.938 820.312 -132.812 539.062 859.375 187.500 554.688 890.625 171.875 609.375 734.375 539.062 656.250
820.312 -382.812 -335.938 820.312 -132.812 539.062 859.375 187.500 554.688 890.625 171.875 609.375 734.375 539.062 656.250
820.312 -382.812 -335.938 820.312 -132.812 539.062 859.375 187.500 554.688 890.625 171.875 609.375 734.375 539.062 656.250
804.688 -484.375 -296.875 851.562 -304.688 500.000 898.438 -7.812 523.438 937.500 7.812 445.312 804.688 343.750 531.250
804.688 -484.375 -296.875 851.562 -304.688 500.000 898.438 -7.812 523.438 937.500 7.812 445.312 804.688 343.750 531.250
804.688 -492.188 -312.500 843.750 -335.938 500.000 875.000 -31.250 515.625 929.688 -7.812 437.500 781.250 312.500 523.438
789.062 -546.875 -281.250 804.688 -382.812 500.000 843.750 -70.312 546.875 890.625 -62.500 437.500 773.438 281.250 531.250
812.500 -500.000 -351.562 750.000 -390.625 531.250 796.875 -54.688 570.312 867.188 -70.312 453.125 765.625 296.875 523.438
796.875 -554.688 -343.750 718.750 -367.188 546.875 765.625 -39.062 601.562 843.750 -46.875 507.812 750.000 320.312 562.500
804.688 -539.062 -335.938 718.750 -367.188 554.688 765.625 -23.438 585.938 828.125 -39.062 515.625 726.562 343.750 578.125
835.938 -507.812 -367.188 726.562 -335.938 562.500 757.812 -7.812 601.562 820.312 -31.250 546.875 726.562 359.375 601.562
835.938 -507.812 -367.188 726.562 -335.938 562.500 757.812 -7.812 601.562 820.312 -31.250 546.875 726.562 359.375 601.562
835.938 -437.500 -375.000 789.062 -289.062 554.688 812.500 31.250 593.750 851.562 15.625 554.688 718.750 406.250 632.812
835.938 -437.500 -375.000 789.062 -289.062 554.688 812.500 31.250 593.750 851.562 15.625 554.688 718.750 406.250 632.812
796.875 -468.750 -335.938 835.938 -351.562 500.000 882.812 -70.312 539.062 937.500 -39.062 445.312 796.875 296.875 562.500
796.875 -468.750 -335.938 835.938 -351.562 500.000 882.812 -70.312 539.062 937.500 -39.062 445.312 796.875 296.875 562.500
796.875 -468.750 -335.938 835.938 -351.562 500.000 882.812 -70.312 539.062 937.500 -39.062 445.312 796.875 296.875 562.500
796.875 -445.312 -343.750 835.938 -359.375 507.812 867.188 -78.125 531.250 945.312 -54.688 445.312 804.688 289.062 562.500
812.500 -460.938 -359.375 820.312 -382.812 500.000 859.375 -109.375 531.250 921.875 -85.938 437.500 781.250 257.812 578.125
812.500 -445.312 -359.375 812.500 -390.625 476.562 859.375 -125.000 539.062 914.062 -101.562 437.500 773.438 242.188 578.125
843.750 -437.500 -429.688 734.375 -492.188 507.812 789.062 -156.250 570.312 867.188 -132.812 460.938 734.375 226.562 625.000
843.750 -437.500 -429.688 734.375 -492.188 507.812 789.062 -156.250 570.312 867.188 -132.812 460.938 734.375 226.562 625.000
921.875 -539.062 -484.375 570.312 -562.500 656.250 648.438 -273.438 679.688 828.125 -226.562 445.312 726.562 195.312 578.125
921.875 -625.000 -500.000 570.312 -632.812 664.062 656.250 -296.875 695.312 851.562 -257.812 429.688 695.312 140.625 546.875
859.375 -320.312 -54.688 1062.500 -523.438 453.125 1195.312 -625.000 453.125 1218.750 -250.000 46.875 1109.375 -125.000 195.312
859.375 -320.312 -54.688 1062.500 -523.438 453.125 1195.312 -625.000 453.125 1218.750 -250.000 46.875 1109.375 -125.000 195.312
914.062 15.625 -343.750 1539.062 -789.062 46.875 1296.875 -1093.750 523.438 1593.750 -500.000 -281.250 1359.375 -359.375 125.000
781.250 -210.938 -242.188 1125.000 -437.500 101.562 1031.250 -140.625 164.062 898.438 -125.000 250.000 695.312 195.312 390.625
781.250 -210.938 -242.188 1125.000 -437.500 101.562 1031.250 -140.625 164.062 898.438 -125.000 250.000 695.312 195.312 390.625
765.625 -453.125 -273.438 789.062 -531.250 -31.250 460.938 820.312 46.875 484.375 93.750 679.688 226.562 601.562 734.375
765.625 -453.125 -273.438 789.062 -531.250 -31.250 460.938 820.312 46.875 484.375 93.750 679.688 226.562 601.562 734.375
742.188 -484.375 -257.812 609.375 -453.125 203.125 500.000 695.312 281.250 351.562 156.250 828.125 125.000 671.875 843.750
765.625 -703.125 -257.812 414.062 -242.188 695.312 476.562 593.750 570.312 312.500 562.500 976.562 101.562 1031.250 875.000
679.688 -835.938 -210.938 515.625 0.000 726.562 367.188 851.562 601.562 398.438 492.188 960.938 226.562 1000.000 734.375
679.688 -835.938 -210.938 515.625 0.000 726.562 367.188 851.562 601.562 398.438 492.188 960.938 226.562 1000.000 734.375
718.750 -718.750 -195.312 960.938 -23.438 429.688 851.562 632.812 453.125 671.875 460.938 828.125 328.125 890.625 757.812
718.750 -718.750 -195.312 960.938 -23.438 429.688 851.562 632.812 453.125 671.875 460.938 828.125 328.125 890.625 757.812
460.938 -929.688 -31.250 1070.312 -273.438 390.625 1101.562 343.750 351.562 968.750 242.188 554.688 687.500 609.375 546.875
445.312 -1179.688 -39.062 1257.812 -656.250 218.750 1234.375 -23.438 367.188 1148.438 -46.875 250.000 960.938 328.125 218.750
437.500 -1250.000 -117.188 1195.312 -812.500 171.875 1195.312 -156.250 359.375 1070.312 -39.062 187.500 851.562 304.688 187.500
437.500 -1250.000 -117.188 1195.312 -812.500 171.875 1195.312 -156.250 359.375 1070.312 -39.062 187.500 851.562 304.688 187.500
578.125 -1140.625 -304.688 812.500 -578.125 351.562 742.188 164.062 367.188 750.000 78.125 320.312 593.750 523.438 164.062
640.625 -1023.438 -382.812 750.000 -242.188 367.188 617.188 507.812 335.938 539.062 460.938 539.062 320.312 875.000 351.562
664.062 -890.625 -390.625 757.812 -85.938 367.188 601.562 617.188 304.688 421.875 664.062 648.438 156.250 1054.688 460.938
765.625 -648.438 -429.688 773.438 195.312 390.625 546.875 867.188 281.250 359.375 875.000 835.938 -31.250 1250.000 625.000
851.562 -382.812 -382.812 726.562 531.250 539.062 453.125 1179.688 289.062 296.875 968.750 1015.625 -156.250 1351.562 765.625
867.188 -335.938 -289.062 781.250 617.188 531.250 492.188 1203.125 312.500 281.250 1015.625 1085.938 -257.812 1343.750 898.438
929.688 -281.250 -273.438 828.125 414.062 500.000 523.438 1000.000 351.562 320.312 828.125 1007.812 -164.062 1156.250 828.125
929.688 -281.250 -273.438 828.125 414.062 500.000 523.438 1000.000 351.562 320.312 828.125 1007.812 -164.062 1156.250 828.125
929.688 -281.250 -273.438 828.125 414.062 500.000 523.438 1000.000 351.562 320.312 828.125 1007.812 -164.062 1156.250 828.125
953.125 -335.938 -296.875 804.688 375.000 460.938 507.812 945.312 343.750 304.688 726.562 945.312 -117.188 1078.125 757.812
929.688 -304.688 -320.312 796.875 359.375 437.500 539.062 921.875 312.500 359.375 710.938 882.812 -54.688 1054.688 703.125
945.312 -304.688 -375.000 820.312 351.562 390.625 578.125 882.812 273.438 351.562 687.500 859.375 -78.125 1031.250 718.750
671.875 -531.250 -257.812 843.750 226.562 289.062 718.750 710.938 101.562 632.812 625.000 523.438 367.188 960.938 367.188
671.875 -531.250 -257.812 843.750 226.562 289.062 718.750 710.938 101.562 632.812 625.000 523.438 367.188 960.938 367.188
500.000 -726.562 -156.250 851.562 171.875 296.875 867.188 609.375 -7.812 812.500 570.312 359.375 593.750 875.000 234.375
421.875 -937.500 -39.062 898.438 -39.062 320.312 953.125 429.688 39.062 929.688 453.125 265.625 781.250 757.812 148.438
421.875 -937.500 -39.062 898.438 -39.062 320.312 953.125 429.688 39.062 929.688 453.125 265.625 781.250 757.812 148.438
421.875 -937.500 -39.062 898.438 -39.062 320.312 953.125 429.688 39.062 929.688 453.125 265.625 781.250 757.812 148.438
437.500 -1085.938 15.625 921.875 -273.438 367.188 945.312 265.625 187.500 921.875 289.062 296.875 796.875 625.000 179.688
492.188 -1101.562 -23.438 937.500 -367.188 390.625 921.875 218.750 296.875 867.188 156.250 359.375 742.188 531.250 257.812
609.375 -984.375 -156.250 953.125 -460.938 429.688 867.188 203.125 460.938 781.250 70.312 539.062 570.312 492.188 476.562
609.375 -984.375 -156.250 953.125 -460.938 429.688 867.188 203.125 460.938 781.250 70.312 539.062 570.312 492.188 476.562
664.062 -890.625 -203.125 953.125 -414.062 445.312 835.938 273.438 507.812 734.375 93.750 617.188 507.812 531.250 554.688
664.062 -890.625 -203.125 953.125 -414.062 445.312 835.938 273.438 507.812 734.375 93.750 617.188 507.812 531.250 554.688
664.062 -835.938 -234.375 906.250 -335.938 468.750 812.500 359.375 507.812 710.938 148.438 671.875 460.938 593.750 585.938
664.062 -835.938 -234.375 906.250 -335.938 468.750 812.500 359.375 507.812 710.938 148.438 671.875 460.938 593.750 585.938
664.062 -781.250 -257.812 882.812 -257.812 484.375 781.250 429.688 500.000 671.875 195.312 726.562 414.062 648.438 648.438
687.500 -664.062 -312.500 851.562 -171.875 484.375 757.812 507.812 507.812 632.812 242.188 804.688 328.125 695.312 742.188
687.500 -664.062 -312.500 851.562 -171.875 484.375 757.812 507.812 507.812 632.812 242.188 804.688 328.125 695.312 742.188
687.500 -625.000 -328.125 851.562 -156.250 460.938 750.000 515.625 515.625 617.188 242.188 828.125 312.500 703.125 781.250
703.125 -617.188 -343.750 859.375 -156.250 476.562 757.812 507.812 515.625 617.188 242.188 835.938 281.250 687.500 804.688
718.750 -585.938 -367.188 851.562 -179.688 460.938 742.188 492.188 531.250 601.562 218.750 835.938 281.250 671.875 804.688
718.750 -609.375 -367.188 843.750 -250.000 445.312 750.000 421.875 554.688 601.562 164.062 835.938 304.688 632.812 812.500
703.125 -632.812 -351.562 835.938 -289.062 445.312 750.000 382.812 578.125 609.375 156.250 820.312 320.312 601.562 812.500
726.562 -664.062 -359.375 843.750 -359.375 429.688 750.000 328.125 593.750 585.938 101.562 820.312 320.312 570.312 812.500
726.562 -664.062 -359.375 843.750 -359.375 429.688 750.000 328.125 593.750 585.938 101.562 820.312 320.312 570.312 812.500
671.875 -742.188 -296.875 867.188 -398.438 429.688 742.188 281.250 601.562 601.562 93.750 781.250 398.438 531.250 726.562
671.875 -742.188 -296.875 867.188 -398.438 429.688 742.188 281.250 601.562 601.562 93.750 781.250 398.438 531.250 726.562
671.875 -773.438 -281.250 859.375 -398.438 437.500 750.000 289.062 593.750 617.188 93.750 765.625 414.062 554.688 726.562
578.125 -851.562 -195.312 828.125 -398.438 453.125 742.188 304.688 609.375 656.250 101.562 773.438 429.688 562.500 718.750
601.562 -695.312 -179.688 804.688 -406.250 507.812 765.625 312.500 671.875 710.938 78.125 750.000 523.438 578.125 570.312
601.562 -695.312 -179.688 804.688 -406.250 507.812 765.625 312.500 671.875 710.938 78.125 750.000 523.438 578.125 570.312
718.750 -789.062 -320.312 867.188 -359.375 515.625 718.750 335.938 601.562 585.938 101.562 757.812 421.875 539.062 695.312
750.000 -789.062 -335.938 882.812 -343.750 476.562 804.688 304.688 562.500 687.500 179.688 726.562 429.688 593.750 710.938
750.000 -789.062 -335.938 882.812 -343.750 476.562 804.688 304.688 562.500 687.500 179.688 726.562 429.688 593.750 710.938
726.562 -726.562 -328.125 914.062 -296.875 453.125 812.500 328.125 531.250 710.938 320.312 726.562 382.812 710.938 796.875
710.938 -710.938 -320.312 898.438 -273.438 445.312 796.875 304.688 515.625 664.062 117.188 710.938 531.250 507.812 578.125
718.750 -601.562 -304.688 867.188 -226.562 445.312 773.438 320.312 562.500 625.000 156.250 750.000 445.312 554.688 671.875
734.375 -578.125 -281.250 882.812 -195.312 460.938 796.875 335.938 562.500 640.625 179.688 765.625 406.250 578.125 710.938
734.375 -562.500 -265.625 906.250 -171.875 421.875 804.688 328.125 515.625 671.875 203.125 734.375 437.500 585.938 710.938
726.562 -570.312 -250.000 882.812 -156.250 429.688 812.500 320.312 515.625 671.875 218.750 726.562 445.312 570.312 695.312
718.750 -585.938 -218.750 789.062 -195.312 460.938 750.000 265.625 539.062 656.250 164.062 687.500 523.438 546.875 601.562
695.312 -585.938 -179.688 726.562 -218.750 539.062 750.000 257.812 570.312 664.062 179.688 703.125 476.562 554.688 648.438
695.312 -585.938 -179.688 726.562 -218.750 539.062 750.000 257.812 570.312 664.062 179.688 703.125 476.562 554.688 648.438
695.312 -585.938 -179.688 726.562 -218.750 539.062 750.000 257.812 570.312 664.062 179.688 703.125 476.562 554.688 648.438
695.312 -578.125 -171.875 703.125 -234.375 601.562 750.000 250.000 585.938 656.250 187.500 710.938 460.938 578.125 664.062
703.125 -578.125 -187.500 679.688 -250.000 609.375 734.375 234.375 593.750 656.250 195.312 718.750 468.750 578.125 664.062
703.125 -601.562 -187.500 656.250 -265.625 640.625 718.750 242.188 625.000 640.625 195.312 726.562 437.500 578.125 664.062
703.125 -601.562 -187.500 656.250 -265.625 640.625 718.750 242.188 625.000 640.625 195.312 726.562 437.500 578.125 664.062
703.125 -625.000 -148.438 562.500 -281.250 726.562 632.812 265.625 710.938 539.062 203.125 843.750 320.312 632.812 789.062
703.125 -625.000 -148.438 562.500 -281.250 726.562 632.812 265.625 710.938 539.062 203.125 843.750 320.312 632.812 789.062
703.125 -695.312 -156.250 492.188 -312.500 765.625 593.750 250.000 757.812 515.625 179.688 875.000 328.125 632.812 781.250
703.125 -695.312 -156.250 492.188 -312.500 765.625 593.750 250.000 757.812 515.625 179.688 875.000 328.125 632.812 781.250
695.312 -750.000 -148.438 484.375 -343.750 804.688 562.500 218.750 796.875 523.438 148.438 851.562 335.938 609.375 765.625
695.312 -789.062 -148.438 453.125 -359.375 812.500 515.625 218.750 835.938 484.375 93.750 890.625 328.125 585.938 750.000
679.688 -835.938 -132.812 390.625 -367.188 875.000 429.688 257.812 945.312 406.250 54.688 984.375 312.500 593.750 781.250
664.062 -851.562 -132.812 367.188 -367.188 890.625 445.312 250.000 945.312 414.062 70.312 992.188 296.875 609.375 796.875
656.250 -859.375 -132.812 343.750 -382.812 914.062 484.375 218.750 921.875 453.125 117.188 960.938 289.062 640.625 828.125
648.438 -875.000 -140.625 335.938 -406.250 914.062 492.188 195.312 890.625 484.375 140.625 929.688 265.625 625.000 843.750
625.000 -867.188 -132.812 382.812 -398.438 890.625 515.625 187.500 882.812 484.375 132.812 906.250 281.250 601.562 820.312
625.000 -867.188 -132.812 382.812 -398.438 890.625 515.625 187.500 882.812 484.375 132.812 906.250 281.250 601.562 820.312
625.000 -859.375 -125.000 390.625 -398.438 875.000 515.625 187.500 875.000 492.188 109.375 906.250 281.250 585.938 812.500
593.750 -820.312 -125.000 414.062 -398.438 820.312 523.438 156.250 859.375 500.000 85.938 882.812 304.688 546.875 789.062
593.750 -812.500 -132.812 429.688 -406.250 820.312 539.062 156.250 851.562 500.000 85.938 875.000 289.062 554.688 796.875
617.188 -796.875 -140.625 453.125 -398.438 804.688 539.062 156.250 835.938 507.812 93.750 882.812 257.812 539.062 828.125
625.000 -796.875 -140.625 445.312 -398.438 812.500 515.625 171.875 867.188 460.938 70.312 914.062 234.375 546.875 843.750
