703.125 -703.125 -156.250 539.062 -429.688 726.562 500.000 -46.875 882.812 289.062 273.438 945.312 -109.375 242.188 1000.000
703.125 -734.375 -156.250 539.062 -445.312 734.375 500.000 -62.500 890.625 304.688 273.438 945.312 -109.375 234.375 1000.000
703.125 -757.812 -164.062 515.625 -445.312 750.000 484.375 -54.688 890.625 296.875 257.812 945.312 -101.562 234.375 984.375
695.312 -750.000 -171.875 523.438 -445.312 750.000 476.562 -54.688 890.625 296.875 257.812 953.125 -109.375 226.562 992.188
710.938 -742.188 -164.062 531.250 -445.312 750.000 460.938 -46.875 906.250 273.438 257.812 968.750 -132.812 234.375 1000.000
710.938 -750.000 -179.688 523.438 -421.875 757.812 453.125 -31.250 921.875 250.000 257.812 976.562 -140.625 242.188 1007.812
710.938 -734.375 -179.688 515.625 -429.688 765.625 445.312 -39.062 929.688 242.188 257.812 984.375 -171.875 226.562 1007.812
718.750 -734.375 -171.875 515.625 -437.500 773.438 437.500 -46.875 937.500 234.375 250.000 992.188 -195.312 195.312 1023.438
687.500 -757.812 -156.250 531.250 -460.938 765.625 453.125 -39.062 937.500 210.938 265.625 1015.625 -195.312 226.562 1031.250
687.500 -757.812 -156.250 531.250 -460.938 765.625 453.125 -39.062 937.500 210.938 265.625 1015.625 -195.312 226.562 1031.250
656.250 -804.688 -132.812 515.625 -429.688 773.438 460.938 -15.625 914.062 250.000 296.875 976.562 -148.438 250.000 1015.625
625.000 -835.938 -125.000 515.625 -421.875 765.625 460.938 -7.812 914.062 257.812 296.875 960.938 -140.625 250.000 1015.625
625.000 -843.750 -101.562 515.625 -414.062 773.438 453.125 -23.438 914.062 250.000 289.062 960.938 -132.812 257.812 984.375
664.062 -851.562 -117.188 507.812 -421.875 789.062 453.125 -7.812 914.062 257.812 296.875 960.938 -140.625 273.438 992.188
664.062 -859.375 -125.000 500.000 -398.438 796.875 453.125 -7.812 914.062 234.375 296.875 953.125 -148.438 273.438 992.188
679.688 -851.562 -125.000 492.188 -398.438 804.688 445.312 -7.812 929.688 226.562 296.875 960.938 -179.688 257.812 992.188
664.062 -820.312 -125.000 492.188 -398.438 804.688 421.875 0.000 945.312 187.500 296.875 992.188 -171.875 281.250 1000.000
664.062 -820.312 -125.000 492.188 -398.438 804.688 421.875 0.000 945.312 187.500 296.875 992.188 -171.875 281.250 1000.000
687.500 -804.688 -148.438 492.188 -382.812 796.875 429.688 15.625 937.500 210.938 320.312 976.562 -164.062 289.062 992.188
703.125 -757.812 -179.688 492.188 -367.188 789.062 460.938 23.438 898.438 226.562 343.750 953.125 -148.438 304.688 1000.000
671.875 -804.688 -148.438 515.625 -351.562 773.438 468.750 15.625 882.812 250.000 328.125 929.688 -125.000 296.875 984.375
671.875 -804.688 -148.438 515.625 -351.562 773.438 468.750 15.625 882.812 250.000 328.125 929.688 -125.000 296.875 984.375
679.688 -796.875 -148.438 507.812 -351.562 757.812 468.750 15.625 882.812 250.000 320.312 929.688 -125.000 289.062 984.375
687.500 -796.875 -140.625 507.812 -375.000 765.625 460.938 0.000 890.625 250.000 304.688 937.500 -125.000 281.250 976.562
687.500 -906.250 -148.438 476.562 -429.688 773.438 429.688 39.062 875.000 210.938 335.938 914.062 -140.625 335.938 968.750
687.500 -906.250 -148.438 476.562 -429.688 773.438 429.688 39.062 875.000 210.938 335.938 914.062 -140.625 335.938 968.750
687.500 -906.250 -148.438 476.562 -429.688 773.438 429.688 39.062 875.000 210.938 335.938 914.062 -140.625 335.938 968.750
671.875 -968.750 -156.250 468.750 -390.625 726.562 406.250 93.750 820.312 203.125 375.000 867.188 -148.438 421.875 929.688
953.125 -1171.875 -476.562 382.812 54.688 625.000 296.875 171.875 804.688 156.250 460.938 765.625 -117.188 476.562 882.812
1132.812 -1257.812 -554.688 15.625 -132.812 617.188 226.562 281.250 554.688 -15.625 671.875 695.312 -328.125 492.188 867.188
890.625 -867.188 -453.125 -414.062 -289.062 726.562 31.250 351.562 414.062 -140.625 820.312 640.625 -414.062 632.812 960.938
859.375 -617.188 -335.938 -250.000 -320.312 867.188 -218.750 117.188 492.188 -218.750 710.938 695.312 -484.375 687.500 1000.000
648.438 -625.000 -140.625 -382.812 476.562 859.375 -640.625 -109.375 976.562 -546.875 578.125 890.625 -593.750 453.125 1046.875
1437.500 -1312.500 -132.812 718.750 -148.438 867.188 656.250 695.312 1679.688 296.875 460.938 2359.375 15.625 -132.812 1828.125
1437.500 -1312.500 -132.812 718.750 -148.438 867.188 656.250 695.312 1679.688 296.875 460.938 2359.375 15.625 -132.812 1828.125
1351.562 757.812 -531.250 1398.438 -835.938 890.625 1226.562 -929.688 515.625 1507.812 -601.562 195.312 992.188 -445.312 250.000
1351.562 757.812 -531.250 1398.438 -835.938 890.625 1226.562 -929.688 515.625 1507.812 -601.562 195.312 992.188 -445.312 250.000
1148.438 351.562 -460.938 937.500 -460.938 835.938 828.125 -312.500 914.062 679.688 -164.062 1093.750 406.250 -265.625 1156.250
859.375 -15.625 -265.625 320.312 -312.500 757.812 203.125 -226.562 828.125 109.375 -148.438 890.625 -93.750 -85.938 906.250
859.375 -15.625 -265.625 320.312 -312.500 757.812 203.125 -226.562 828.125 109.375 -148.438 890.625 -93.750 -85.938 906.250
835.938 -187.500 -187.500 156.250 -281.250 796.875 85.938 -187.500 875.000 23.438 -156.250 929.688 -109.375 -85.938 898.438
828.125 -226.562 -171.875 101.562 -273.438 828.125 101.562 -179.688 882.812 70.312 -101.562 929.688 -23.438 -15.625 945.312
843.750 -257.812 -164.062 78.125 -265.625 851.562 117.188 -179.688 906.250 85.938 -101.562 953.125 -23.438 -31.250 960.938
875.000 -281.250 -164.062 7.812 -242.188 929.688 23.438 -117.188 968.750 0.000 -46.875 1000.000 -93.750 31.250 1007.812
875.000 -281.250 -164.062 7.812 -242.188 929.688 23.438 -117.188 968.750 0.000 -46.875 1000.000 -93.750 31.250 1007.812
875.000 -281.250 -164.062 7.812 -242.188 929.688 23.438 -117.188 968.750 0.000 -46.875 1000.000 -93.750 31.250 1007.812
945.312 -265.625 -125.000 0.000 -375.000 1078.125 -15.625 -218.750 960.938 23.438 31.250 968.750 -140.625 0.000 1023.438
1171.875 -117.188 -250.000 265.625 -343.750 1093.750 367.188 -187.500 1070.312 328.125 -93.750 1015.625 117.188 7.812 976.562
1242.188 0.000 -304.688 398.438 -359.375 1148.438 593.750 -218.750 1031.250 523.438 -109.375 984.375 304.688 0.000 968.750
1382.812 296.875 -640.625 484.375 -70.312 1507.812 820.312 1851.562 -1078.125 593.750 132.812 882.812 335.938 109.375 1078.125
828.125 210.938 -406.250 250.000 -453.125 1062.500 648.438 39.062 1046.875 437.500 -109.375 1093.750 140.625 -46.875 968.750
851.562 -70.312 -679.688 523.438 23.438 1367.188 562.500 -507.812 1328.125 343.750 125.000 953.125 70.312 156.250 984.375
1007.812 421.875 -609.375 1023.438 -171.875 -93.750 218.750 257.812 585.938 289.062 218.750 890.625 210.938 296.875 882.812
1007.812 421.875 -609.375 1023.438 -171.875 -93.750 218.750 257.812 585.938 289.062 218.750 890.625 210.938 296.875 882.812
1007.812 421.875 -609.375 1023.438 -171.875 -93.750 218.750 257.812 585.938 289.062 218.750 890.625 210.938 296.875 882.812
-23.438 -265.625 31.250 718.750 -93.750 125.000 437.500 507.812 531.250 156.250 398.438 781.250 -54.688 382.812 882.812
578.125 -500.000 -367.188 687.500 78.125 304.688 367.188 390.625 476.562 109.375 429.688 648.438 46.875 335.938 765.625
710.938 -554.688 -515.625 773.438 -132.812 359.375 468.750 296.875 562.500 234.375 421.875 656.250 -109.375 421.875 804.688
-507.812 -1828.125 148.438 1078.125 -648.438 171.875 218.750 54.688 882.812 -171.875 78.125 1093.750 -593.750 -304.688 1023.438
-507.812 -1828.125 148.438 1078.125 -648.438 171.875 218.750 54.688 882.812 -171.875 78.125 1093.750 -593.750 -304.688 1023.438
984.375 -1265.625 -179.688 898.438 -406.250 554.688 500.000 156.250 773.438 289.062 539.062 781.250 -70.312 578.125 992.188
1015.625 -1117.188 -242.188 710.938 -484.375 757.812 226.562 312.500 882.812 164.062 320.312 835.938 -140.625 546.875 882.812
1015.625 -1117.188 -242.188 710.938 -484.375 757.812 226.562 312.500 882.812 164.062 320.312 835.938 -140.625 546.875 882.812
929.688 -1085.938 -367.188 546.875 -140.625 812.500 187.500 585.938 921.875 -109.375 492.188 1093.750 -570.312 343.750 1140.625
929.688 -867.188 -382.812 578.125 -132.812 773.438 250.000 617.188 960.938 -117.188 531.250 1140.625 -554.688 375.000 1148.438
851.562 -812.500 -437.500 765.625 -242.188 648.438 406.250 523.438 960.938 -148.438 492.188 1132.812 -632.812 312.500 1140.625
882.812 -679.688 -460.938 742.188 -492.188 648.438 320.312 218.750 984.375 -54.688 382.812 1062.500 -468.750 132.812 1023.438
867.188 -687.500 -468.750 812.500 -507.812 640.625 531.250 296.875 992.188 -23.438 257.812 1101.562 -421.875 164.062 1023.438
843.750 -687.500 -460.938 851.562 -578.125 578.125 523.438 187.500 960.938 62.500 164.062 1039.062 -359.375 85.938 968.750
835.938 -507.812 -468.750 828.125 -531.250 515.625 531.250 210.938 906.250 62.500 187.500 1039.062 -359.375 85.938 976.562
835.938 -507.812 -468.750 828.125 -531.250 515.625 531.250 210.938 906.250 62.500 187.500 1039.062 -359.375 85.938 976.562
828.125 -484.375 -476.562 812.500 -500.000 507.812 523.438 218.750 906.250 54.688 210.938 1039.062 -359.375 109.375 992.188
828.125 -484.375 -476.562 812.500 -500.000 507.812 523.438 218.750 906.250 54.688 210.938 1039.062 -359.375 109.375 992.188
835.938 -500.000 -476.562 781.250 -484.375 531.250 507.812 242.188 898.438 62.500 218.750 1031.250 -351.562 117.188 992.188
851.562 -437.500 -453.125 781.250 -476.562 492.188 531.250 234.375 859.375 70.312 234.375 1023.438 -335.938 132.812 992.188
851.562 -437.500 -453.125 781.250 -476.562 492.188 531.250 234.375 859.375 70.312 234.375 1023.438 -335.938 132.812 992.188
859.375 -406.250 -429.688 835.938 -484.375 437.500 585.938 218.750 835.938 140.625 218.750 1007.812 -281.250 125.000 992.188
859.375 -406.250 -429.688 835.938 -484.375 437.500 585.938 218.750 835.938 140.625 218.750 1007.812 -281.250 125.000 992.188
875.000 -421.875 -382.812 828.125 -414.062 437.500 562.500 265.625 812.500 125.000 265.625 984.375 -289.062 179.688 984.375
843.750 -437.500 -375.000 843.750 -398.438 421.875 578.125 281.250 796.875 140.625 281.250 968.750 -265.625 195.312 960.938
835.938 -429.688 -312.500 835.938 -335.938 414.062 578.125 320.312 757.812 140.625 335.938 937.500 -257.812 250.000 953.125
835.938 -429.688 -312.500 835.938 -335.938 414.062 578.125 320.312 757.812 140.625 335.938 937.500 -257.812 250.000 953.125
835.938 -429.688 -312.500 835.938 -335.938 414.062 578.125 320.312 757.812 140.625 335.938 937.500 -257.812 250.000 953.125
765.625 -546.875 -210.938 859.375 -226.562 414.062 593.750 414.062 679.688 179.688 453.125 867.188 -203.125 375.000 898.438
765.625 -546.875 -210.938 859.375 -226.562 414.062 593.750 414.062 679.688 179.688 453.125 867.188 -203.125 375.000 898.438
750.000 -578.125 -164.062 843.750 -156.250 437.500 554.688 460.938 656.250 179.688 500.000 828.125 -210.938 437.500 882.812
757.812 -625.000 -93.750 914.062 -78.125 390.625 578.125 523.438 609.375 179.688 554.688 804.688 -203.125 484.375 867.188
757.812 -625.000 -93.750 914.062 -78.125 390.625 578.125 523.438 609.375 179.688 554.688 804.688 -203.125 484.375 867.188
757.812 -625.000 -93.750 914.062 -78.125 390.625 578.125 523.438 609.375 179.688 554.688 804.688 -203.125 484.375 867.188
757.812 -625.000 -93.750 914.062 -78.125 390.625 578.125 523.438 609.375 179.688 554.688 804.688 -203.125 484.375 867.188
757.812 -625.000 -93.750 914.062 -78.125 390.625 578.125 523.438 609.375 179.688 554.688 804.688 -203.125 484.375 867.188
773.438 -656.250 -109.375 921.875 -70.312 398.438 578.125 515.625 640.625 156.250 523.438 828.125 -226.562 437.500 843.750
796.875 -632.812 -132.812 843.750 -70.312 492.188 531.250 507.812 687.500 156.250 539.062 859.375 -203.125 468.750 898.438
796.875 -632.812 -132.812 843.750 -70.312 492.188 531.250 507.812 687.500 156.250 539.062 859.375 -203.125 468.750 898.438
796.875 -515.625 -171.875 890.625 -62.500 492.188 539.062 539.062 710.938 164.062 539.062 875.000 -203.125 460.938 898.438
843.750 -609.375 -179.688 898.438 -39.062 421.875 554.688 500.000 695.312 148.438 500.000 890.625 -265.625 414.062 914.062
843.750 -453.125 -218.750 890.625 -31.250 429.688 562.500 500.000 718.750 171.875 484.375 890.625 -218.750 398.438 921.875
843.750 -453.125 -218.750 890.625 -31.250 429.688 562.500 500.000 718.750 171.875 484.375 890.625 -218.750 398.438 921.875
851.562 -468.750 -210.938 960.938 -195.312 359.375 609.375 328.125 726.562 210.938 351.562 906.250 -218.750 273.438 914.062
851.562 -468.750 -210.938 960.938 -195.312 359.375 609.375 328.125 726.562 210.938 351.562 906.250 -218.750 273.438 914.062
851.562 -468.750 -210.938 960.938 -195.312 359.375 609.375 328.125 726.562 210.938 351.562 906.250 -218.750 273.438 914.062
843.750 -429.688 -234.375 937.500 -242.188 343.750 617.188 312.500 734.375 226.562 343.750 898.438 -179.688 273.438 914.062
859.375 -421.875 -218.750 921.875 -250.000 359.375 593.750 289.062 742.188 195.312 320.312 898.438 -203.125 242.188 906.250
843.750 -468.750 -187.500 953.125 -210.938 335.938 601.562 328.125 718.750 203.125 367.188 890.625 -226.562 281.250 921.875
843.750 -468.750 -187.500 953.125 -210.938 335.938 601.562 328.125 718.750 203.125 367.188 890.625 -226.562 281.250 921.875
828.125 -468.750 -164.062 945.312 -148.438 343.750 609.375 382.812 695.312 203.125 406.250 882.812 -234.375 328.125 914.062
828.125 -468.750 -164.062 945.312 -148.438 343.750 609.375 382.812 695.312 203.125 406.250 882.812 -234.375 328.125 914.062
789.062 -539.062 -125.000 921.875 -93.750 351.562 578.125 437.500 679.688 179.688 468.750 859.375 -250.000 367.188 914.062
789.062 -539.062 -125.000 921.875 -93.750 351.562 578.125 437.500 679.688 179.688 468.750 859.375 -250.000 367.188 914.062
757.812 -695.312 -85.938 914.062 -39.062 398.438 531.250 500.000 679.688 117.188 515.625 875.000 -312.500 414.062 906.250
742.188 -734.375 -15.625 914.062 -23.438 421.875 507.812 531.250 695.312 62.500 562.500 882.812 -328.125 414.062 906.250
531.250 -1078.125 164.062 898.438 -15.625 453.125 476.562 585.938 718.750 31.250 546.875 945.312 -429.688 414.062 945.312
187.500 -1054.688 210.938 851.562 -39.062 507.812 843.750 875.000 1070.312 -70.312 281.250 1265.625 -648.438 335.938 1023.438
523.438 -953.125 335.938 843.750 -125.000 593.750 359.375 539.062 703.125 -203.125 687.500 1007.812 -617.188 343.750 1078.125
585.938 -1054.688 -39.062 804.688 -156.250 601.562 460.938 523.438 632.812 -46.875 835.938 898.438 -617.188 539.062 1078.125
812.500 -1023.438 -250.000 960.938 -132.812 515.625 445.312 523.438 710.938 -31.250 742.188 937.500 -554.688 695.312 1117.188
859.375 -1101.562 -320.312 1210.938 -109.375 117.188 593.750 546.875 523.438 15.625 601.562 820.312 -257.812 500.000 945.312
859.375 -1101.562 -320.312 1210.938 -109.375 117.188 593.750 546.875 523.438 15.625 601.562 820.312 -257.812 500.000 945.312
757.812 -1171.875 -312.500 1125.000 164.062 -156.250 554.688 703.125 312.500 226.562 640.625 851.562 -359.375 640.625 1093.750
468.750 -921.875 -164.062 554.688 437.500 -85.938 273.438 820.312 507.812 210.938 554.688 953.125 -390.625 375.000 1125.000
546.875 -539.062 -296.875 140.625 539.062 398.438 140.625 492.188 906.250 257.812 187.500 890.625 125.000 578.125 765.625
546.875 -539.062 -296.875 140.625 539.062 398.438 140.625 492.188 906.250 257.812 187.500 890.625 125.000 578.125 765.625
679.688 -359.375 -375.000 -281.250 179.688 906.250 359.375 109.375 1039.062 132.812 109.375 914.062 -125.000 453.125 914.062
648.438 -46.875 -335.938 -585.938 203.125 1859.375 242.188 -539.062 1281.250 234.375 -140.625 960.938 250.000 -31.250 859.375
1476.562 -171.875 -585.938 773.438 -328.125 562.500 570.312 70.312 765.625 406.250 -15.625 1031.250 242.188 -273.438 1132.812
1476.562 -171.875 -585.938 773.438 -328.125 562.500 570.312 70.312 765.625 406.250 -15.625 1031.250 242.188 -273.438 1132.812
1476.562 -171.875 -585.938 773.438 -328.125 562.500 570.312 70.312 765.625 406.250 -15.625 1031.250 242.188 -273.438 1132.812
1476.562 -171.875 -585.938 773.438 -328.125 562.500 570.312 70.312 765.625 406.250 -15.625 1031.250 242.188 -273.438 1132.812
781.250 -85.938 -265.625 679.688 -234.375 953.125 617.188 -164.062 1007.812 523.438 -359.375 882.812 -70.312 -289.062 1429.688
976.562 46.875 -335.938 789.062 -281.250 757.812 757.812 -101.562 851.562 500.000 -226.562 851.562 -523.438 23.438 875.000
1085.938 148.438 -460.938 609.375 -195.312 867.188 468.750 -250.000 898.438 460.938 -1171.875 210.938 281.250 -7.812 -289.062
992.188 320.312 -406.250 203.125 -343.750 937.500 93.750 -421.875 820.312 3882.812 -4000.000 -3875.000 140.625 -4000.000 1726.562
875.000 -234.375 -375.000 -796.875 906.250 726.562 -703.125 343.750 1062.500 -375.000 -867.188 820.312 1218.750 -1937.500 -742.188
914.062 -117.188 0.000 -62.500 -601.562 976.562 117.188 -257.812 757.812 632.812 -250.000 445.312 632.812 -257.812 226.562
789.062 -703.125 -39.062 85.938 -148.438 929.688 296.875 -132.812 914.062 390.625 -398.438 804.688 1031.250 -304.688 101.562
789.062 -703.125 -39.062 85.938 -148.438 929.688 296.875 -132.812 914.062 390.625 -398.438 804.688 1031.250 -304.688 101.562
546.875 101.562 -210.938 515.625 -328.125 929.688 367.188 -93.750 953.125 382.812 -375.000 906.250 953.125 171.875 429.688
546.875 101.562 -210.938 515.625 -328.125 929.688 367.188 -93.750 953.125 382.812 -375.000 906.250 953.125 171.875 429.688
875.000 15.625 -171.875 617.188 -234.375 890.625 609.375 -148.438 914.062 593.750 -312.500 851.562 1125.000 -46.875 164.062
875.000 15.625 -171.875 617.188 -234.375 890.625 609.375 -148.438 914.062 593.750 -312.500 851.562 1125.000 -46.875 164.062
1101.562 7.812 -304.688 179.688 -296.875 992.188 210.938 -132.812 968.750 265.625 -320.312 898.438 937.500 -31.250 328.125
1078.125 -7.812 -273.438 23.438 -273.438 1023.438 85.938 -109.375 1000.000 195.312 -351.562 914.062 898.438 -109.375 343.750
984.375 -312.500 -164.062 -187.500 -257.812 1101.562 -54.688 -85.938 1031.250 85.938 -312.500 929.688 859.375 -109.375 367.188
781.250 -601.562 31.250 -351.562 -273.438 1171.875 -78.125 -117.188 1062.500 78.125 -289.062 945.312 859.375 -70.312 421.875
781.250 -601.562 31.250 -351.562 -273.438 1171.875 -78.125 -117.188 1062.500 78.125 -289.062 945.312 859.375 -70.312 421.875
734.375 -742.188 156.250 31.250 -328.125 1031.250 109.375 62.500 992.188 304.688 -421.875 843.750 992.188 -210.938 320.312
992.188 -453.125 -125.000 750.000 -179.688 773.438 687.500 -210.938 968.750 640.625 -421.875 820.312 1164.062 -171.875 125.000
1187.500 -85.938 -320.312 945.312 -265.625 734.375 789.062 -148.438 929.688 789.062 -421.875 820.312 1218.750 -218.750 31.250
1632.812 156.250 -773.438 898.438 -78.125 531.250 710.938 23.438 929.688 656.250 -328.125 882.812 890.625 -148.438 187.500
1656.250 343.750 -812.500 851.562 -148.438 609.375 609.375 23.438 937.500 531.250 -250.000 921.875 812.500 -210.938 257.812
1648.438 250.000 -789.062 710.938 39.062 523.438 546.875 85.938 859.375 359.375 -164.062 914.062 585.938 -117.188 273.438
1562.500 343.750 -726.562 679.688 -15.625 429.688 476.562 78.125 750.000 171.875 62.500 851.562 453.125 -46.875 421.875
1562.500 343.750 -726.562 679.688 -15.625 429.688 476.562 78.125 750.000 171.875 62.500 851.562 453.125 -46.875 421.875
1390.625 -39.062 -468.750 585.938 -132.812 132.812 257.812 398.438 359.375 -140.625 500.000 664.062 -78.125 234.375 632.812
1265.625 -312.500 -367.188 867.188 -414.062 23.438 187.500 617.188 359.375 -406.250 609.375 726.562 -218.750 265.625 867.188
-140.625 -132.812 921.875 882.812 -578.125 70.312 335.938 -671.875 929.688 -7.812 257.812 1000.000 -570.312 812.500 1703.125
1054.688 -828.125 765.625 1210.938 -562.500 203.125 562.500 -148.438 757.812 492.188 710.938 1070.312 382.812 242.188 1359.375
1054.688 -828.125 765.625 1210.938 -562.500 203.125 562.500 -148.438 757.812 492.188 710.938 1070.312 382.812 242.188 1359.375
562.500 234.375 132.812 1273.438 -671.875 492.188 679.688 -7.812 843.750 390.625 148.438 1031.250 562.500 -46.875 898.438
984.375 460.938 39.062 78.125 296.875 1015.625 968.750 -93.750 531.250 554.688 15.625 773.438 406.250 148.438 937.500
1093.750 187.500 132.812 1406.250 -414.062 437.500 835.938 93.750 796.875 421.875 125.000 1015.625 523.438 -78.125 828.125
1093.750 187.500 132.812 1406.250 -414.062 437.500 835.938 93.750 796.875 421.875 125.000 1015.625 523.438 -78.125 828.125
1093.750 187.500 132.812 1406.250 -414.062 437.500 835.938 93.750 796.875 421.875 125.000 1015.625 523.438 -78.125 828.125
984.375 7.812 117.188 734.375 -500.000 562.500 632.812 171.875 789.062 257.812 250.000 945.312 257.812 164.062 929.688
976.562 -7.812 132.812 671.875 -539.062 554.688 601.562 171.875 781.250 218.750 289.062 953.125 85.938 156.250 992.188
742.188 -250.000 257.812 382.812 -335.938 664.062 515.625 343.750 710.938 273.438 468.750 851.562 242.188 390.625 960.938
742.188 -250.000 257.812 382.812 -335.938 664.062 515.625 343.750 710.938 273.438 468.750 851.562 242.188 390.625 960.938
812.500 -234.375 265.625 312.500 -328.125 703.125 296.875 414.062 789.062 -62.500 500.000 914.062 -351.562 578.125 1164.062
812.500 -234.375 265.625 312.500 -328.125 703.125 296.875 414.062 789.062 -62.500 500.000 914.062 -351.562 578.125 1164.062
812.500 -234.375 265.625 312.500 -328.125 703.125 296.875 414.062 789.062 -62.500 500.000 914.062 -351.562 578.125 1164.062
890.625 -171.875 304.688 304.688 -546.875 796.875 273.438 351.562 859.375 -93.750 406.250 968.750 -179.688 351.562 1039.062
890.625 -171.875 304.688 304.688 -546.875 796.875 273.438 351.562 859.375 -93.750 406.250 968.750 -179.688 351.562 1039.062
867.188 23.438 351.562 539.062 -453.125 718.750 437.500 187.500 945.312 -62.500 304.688 1070.312 -187.500 234.375 1132.812
765.625 -78.125 375.000 687.500 -640.625 882.812 437.500 23.438 1000.000 234.375 140.625 1031.250 218.750 203.125 937.500
765.625 -78.125 375.000 687.500 -640.625 882.812 437.500 23.438 1000.000 234.375 140.625 1031.250 218.750 203.125 937.500
109.375 -156.250 554.688 1101.562 -367.188 945.312 546.875 -781.250 1218.750 359.375 -39.062 1062.500 523.438 85.938 921.875
328.125 -31.250 117.188 1007.812 -1226.562 484.375 640.625 -234.375 875.000 265.625 234.375 976.562 656.250 -140.625 687.500
328.125 -31.250 117.188 1007.812 -1226.562 484.375 640.625 -234.375 875.000 265.625 234.375 976.562 656.250 -140.625 687.500
1992.188 -1250.000 -843.750 1382.812 15.625 -328.125 703.125 531.250 304.688 46.875 171.875 992.188 0.000 -218.750 1085.938
1992.188 -1250.000 -843.750 1382.812 15.625 -328.125 703.125 531.250 304.688 46.875 171.875 992.188 0.000 -218.750 1085.938
1109.375 -289.062 -632.812 421.875 546.875 312.500 406.250 242.188 664.062 171.875 500.000 843.750 273.438 500.000 1062.500
1109.375 -289.062 -632.812 421.875 546.875 312.500 406.250 242.188 664.062 171.875 500.000 843.750 273.438 500.000 1062.500
1109.375 -289.062 -632.812 421.875 546.875 312.500 406.250 242.188 664.062 171.875 500.000 843.750 273.438 500.000 1062.500
1195.312 218.750 -703.125 203.125 -703.125 1593.750 445.312 -304.688 1312.500 578.125 -54.688 1070.312 710.938 226.562 765.625
1265.625 367.188 -679.688 156.250 -1140.625 1843.750 585.938 -421.875 1195.312 671.875 7.812 1101.562 718.750 23.438 703.125
1398.438 101.562 -671.875 1351.562 -273.438 390.625 1000.000 -70.312 781.250 664.062 -203.125 1031.250 562.500 -187.500 679.688
796.875 -23.438 -453.125 820.312 -375.000 937.500 859.375 -328.125 945.312 632.812 -406.250 906.250 539.062 -203.125 312.500
734.375 46.875 -375.000 515.625 -398.438 906.250 476.562 -273.438 921.875 554.688 -523.438 640.625 1156.250 -320.312 -335.938
835.938 140.625 -414.062 445.312 -320.312 835.938 406.250 -226.562 867.188 500.000 -484.375 593.750 1398.438 -351.562 -492.188
835.938 140.625 -414.062 445.312 -320.312 835.938 406.250 -226.562 867.188 500.000 -484.375 593.750 1398.438 -351.562 -492.188
882.812 -109.375 -382.812 289.062 -367.188 921.875 328.125 -320.312 890.625 453.125 -460.938 632.812 1265.625 -359.375 -210.938
828.125 -281.250 -367.188 117.188 -375.000 914.062 156.250 -257.812 929.688 312.500 -414.062 781.250 828.125 -335.938 242.188
906.250 93.750 -398.438 -234.375 -296.875 1031.250 -242.188 -39.062 1109.375 -140.625 -328.125 1070.312 664.062 -390.625 531.250
843.750 54.688 -414.062 -140.625 -70.312 1078.125 -164.062 78.125 1210.938 -93.750 -242.188 1195.312 710.938 -195.312 671.875
1117.188 367.188 -617.188 210.938 -23.438 1101.562 218.750 54.688 1218.750 226.562 -234.375 1234.375 867.188 -125.000 546.875
1312.500 203.125 -843.750 898.438 -148.438 898.438 1023.438 -39.062 1070.312 851.562 -250.000 1132.812 1367.188 -250.000 257.812
1281.250 187.500 -968.750 1234.375 -226.562 828.125 1132.812 -195.312 953.125 992.188 -296.875 906.250 1406.250 -109.375 117.188
859.375 328.125 -906.250 1304.688 -195.312 718.750 1234.375 -125.000 820.312 1257.812 -148.438 648.438 1343.750 125.000 -31.250
859.375 328.125 -906.250 1304.688 -195.312 718.750 1234.375 -125.000 820.312 1257.812 -148.438 648.438 1343.750 125.000 -31.250
437.500 85.938 -648.438 914.062 7.812 718.750 679.688 -46.875 898.438 804.688 39.062 648.438 1093.750 218.750 31.250
117.188 -93.750 -62.500 1046.875 -460.938 1539.062 203.125 -46.875 2156.250 1039.062 -406.250 1085.938 914.062 -210.938 -132.812
554.688 -343.750 -593.750 -1890.625 -781.250 796.875 15.625 -210.938 335.938 -437.500 1023.438 914.062 328.125 1093.750 335.938
554.688 -1671.875 -507.812 234.375 320.312 132.812 54.688 -39.062 460.938 125.000 398.438 625.000 54.688 1218.750 898.438
828.125 -1546.875 -500.000 585.938 -437.500 296.875 757.812 -351.562 195.312 515.625 617.188 468.750 -132.812 1640.625 1148.438
1031.250 -1390.625 -531.250 804.688 -703.125 203.125 984.375 -492.188 39.062 593.750 710.938 500.000 39.062 1414.062 1078.125
1085.938 -1195.312 -578.125 1367.188 -1484.375 -289.062 1132.812 242.188 -31.250 687.500 445.312 773.438 429.688 1820.312 890.625
1000.000 -671.875 -570.312 1226.562 -367.188 187.500 1210.938 -289.062 367.188 1304.688 -31.250 140.625 85.938 -203.125 1265.625
1000.000 -671.875 -570.312 1226.562 -367.188 187.500 1210.938 -289.062 367.188 1304.688 -31.250 140.625 85.938 -203.125 1265.625
445.312 -414.062 -46.875 976.562 -15.625 382.812 1070.312 -335.938 429.688 1281.250 -156.250 218.750 500.000 -46.875 1046.875
679.688 -468.750 -296.875 625.000 -265.625 460.938 703.125 -171.875 539.062 765.625 -117.188 492.188 710.938 93.750 609.375
679.688 -468.750 -296.875 625.000 -265.625 460.938 703.125 -171.875 539.062 765.625 -117.188 492.188 710.938 93.750 609.375
789.062 -375.000 -289.062 804.688 -406.250 437.500 742.188 -187.500 578.125 765.625 -7.812 593.750 601.562 31.250 695.312
828.125 -429.688 -351.562 679.688 -382.812 468.750 695.312 -148.438 562.500 710.938 15.625 601.562 546.875 31.250 742.188
875.000 -421.875 -406.250 585.938 -296.875 507.812 593.750 -93.750 687.500 632.812 7.812 664.062 453.125 148.438 789.062
882.812 -476.562 -414.062 640.625 -390.625 570.312 632.812 -125.000 703.125 625.000 46.875 765.625 390.625 125.000 890.625
882.812 -476.562 -414.062 640.625 -390.625 570.312 632.812 -125.000 703.125 625.000 46.875 765.625 390.625 125.000 890.625
882.812 -476.562 -414.062 640.625 -390.625 570.312 632.812 -125.000 703.125 625.000 46.875 765.625 390.625 125.000 890.625
890.625 -437.500 -437.500 726.562 -406.250 554.688 710.938 -132.812 718.750 734.375 -7.812 742.188 398.438 85.938 890.625
875.000 -390.625 -437.500 773.438 -382.812 562.500 750.000 -140.625 710.938 765.625 0.000 679.688 414.062 54.688 820.312
875.000 -390.625 -437.500 773.438 -382.812 562.500 750.000 -140.625 710.938 765.625 0.000 679.688 414.062 54.688 820.312
890.625 -382.812 -429.688 789.062 -445.312 484.375 773.438 -78.125 648.438 742.188 93.750 695.312 320.312 187.500 898.438
835.938 -406.250 -359.375 812.500 -515.625 437.500 796.875 -85.938 609.375 679.688 320.312 726.562 203.125 234.375 1070.312
843.750 -406.250 -359.375 820.312 -492.188 437.500 828.125 -148.438 554.688 632.812 382.812 773.438 140.625 250.000 1125.000
882.812 -203.125 -312.500 992.188 -132.812 289.062 750.000 -234.375 625.000 578.125 398.438 820.312 289.062 148.438 1039.062
937.500 -203.125 -406.250 937.500 -375.000 312.500 859.375 -187.500 445.312 367.188 507.812 679.688 296.875 179.688 1054.688
937.500 -203.125 -406.250 937.500 -375.000 312.500 859.375 -187.500 445.312 367.188 507.812 679.688 296.875 179.688 1054.688
757.812 -523.438 -304.688 593.750 -867.188 445.312 992.188 -265.625 250.000 632.812 523.438 484.375 312.500 351.562 992.188
898.438 -546.875 -335.938 703.125 -500.000 421.875 882.812 -226.562 375.000 773.438 445.312 546.875 187.500 203.125 960.938
1382.812 -1218.750 -757.812 781.250 -632.812 187.500 1023.438 -210.938 132.812 781.250 351.562 546.875 101.562 375.000 882.812
1382.812 -1218.750 -757.812 781.250 -632.812 187.500 1023.438 -210.938 132.812 781.250 351.562 546.875 101.562 375.000 882.812
1382.812 -1218.750 -757.812 781.250 -632.812 187.500 1023.438 -210.938 132.812 781.250 351.562 546.875 101.562 375.000 882.812
1375.000 -453.125 -398.438 718.750 -1718.750 570.312 1335.938 -117.188 7.812 1265.625 453.125 609.375 281.250 109.375 1070.312
1375.000 -453.125 -398.438 718.750 -1718.750 570.312 1335.938 -117.188 7.812 1265.625 453.125 609.375 281.250 109.375 1070.312
1375.000 -453.125 -398.438 718.750 -1718.750 570.312 1335.938 -117.188 7.812 1265.625 453.125 609.375 281.250 109.375 1070.312
960.938 -359.375 -23.438 890.625 -468.750 460.938 1101.562 -539.062 382.812 820.312 257.812 656.250 484.375 140.625 953.125
851.562 -31.250 671.875 -15.625 1140.625 867.188 -507.812 -421.875 1445.312 562.500 429.688 554.688 164.062 593.750 882.812
851.562 -31.250 671.875 -15.625 1140.625 867.188 -507.812 -421.875 1445.312 562.500 429.688 554.688 164.062 593.750 882.812
203.125 742.188 -320.312 148.438 351.562 1015.625 -1203.125 -1742.188 898.438 273.438 -125.000 835.938 -257.812 296.875 843.750
1640.625 -1773.438 -1218.750 1007.812 -1281.250 335.938 1953.125 1015.625 -1062.500 -546.875 1734.375 257.812 -46.875 85.938 1257.812
578.125 429.688 507.812 976.562 132.812 859.375 476.562 -398.438 1062.500 875.000 375.000 1125.000 101.562 -210.938 1203.125
1015.625 101.562 367.188 640.625 -23.438 695.312 726.562 -320.312 960.938 1140.625 304.688 648.438 531.250 234.375 1054.688
976.562 140.625 375.000 765.625 -375.000 773.438 906.250 -312.500 710.938 664.062 195.312 664.062 421.875 242.188 804.688
976.562 140.625 375.000 765.625 -375.000 773.438 906.250 -312.500 710.938 664.062 195.312 664.062 421.875 242.188 804.688
906.250 164.062 257.812 695.312 -335.938 687.500 750.000 -234.375 750.000 656.250 117.188 750.000 414.062 187.500 890.625
1015.625 -78.125 320.312 750.000 -414.062 703.125 789.062 -351.562 671.875 609.375 257.812 789.062 140.625 78.125 984.375
843.750 -156.250 382.812 554.688 -304.688 765.625 640.625 -257.812 734.375 562.500 335.938 750.000 179.688 218.750 945.312
859.375 -234.375 375.000 507.812 -328.125 773.438 585.938 -218.750 726.562 515.625 304.688 742.188 148.438 234.375 929.688
906.250 -320.312 359.375 531.250 -281.250 773.438 515.625 -179.688 804.688 320.312 453.125 898.438 -7.812 242.188 1039.062
906.250 -320.312 359.375 531.250 -281.250 773.438 515.625 -179.688 804.688 320.312 453.125 898.438 -7.812 242.188 1039.062
890.625 -210.938 367.188 554.688 -187.500 773.438 609.375 -140.625 781.250 406.250 445.312 867.188 -23.438 226.562 1054.688
906.250 -109.375 367.188 648.438 -164.062 726.562 695.312 -70.312 765.625 414.062 460.938 859.375 93.750 242.188 1046.875
906.250 -109.375 367.188 648.438 -164.062 726.562 695.312 -70.312 765.625 414.062 460.938 859.375 93.750 242.188 1046.875
906.250 -109.375 367.188 648.438 -164.062 726.562 695.312 -70.312 765.625 414.062 460.938 859.375 93.750 242.188 1046.875
921.875 -117.188 367.188 679.688 -195.312 718.750 734.375 -132.812 718.750 468.750 414.062 843.750 132.812 210.938 1031.250
906.250 -156.250 382.812 640.625 -226.562 742.188 703.125 -156.250 742.188 460.938 390.625 843.750 148.438 203.125 1007.812
898.438 -195.312 375.000 609.375 -218.750 742.188 671.875 -179.688 742.188 460.938 375.000 835.938 148.438 187.500 992.188
898.438 -210.938 375.000 593.750 -234.375 757.812 648.438 -179.688 742.188 406.250 375.000 851.562 101.562 171.875 1007.812
929.688 -187.500 359.375 632.812 -242.188 750.000 679.688 -195.312 734.375 414.062 351.562 859.375 93.750 132.812 992.188
937.500 -171.875 367.188 648.438 -257.812 750.000 703.125 -203.125 726.562 437.500 343.750 859.375 101.562 140.625 1015.625
945.312 -148.438 351.562 679.688 -265.625 742.188 726.562 -226.562 718.750 468.750 312.500 859.375 140.625 125.000 992.188
953.125 -125.000 351.562 710.938 -296.875 726.562 765.625 -273.438 687.500 492.188 289.062 859.375 179.688 85.938 984.375
953.125 -125.000 351.562 710.938 -296.875 726.562 765.625 -273.438 687.500 492.188 289.062 859.375 179.688 85.938 984.375
882.812 -195.312 375.000 656.250 -265.625 750.000 781.250 -281.250 687.500 640.625 273.438 796.875 320.312 109.375 953.125
851.562 -242.188 375.000 515.625 -226.562 773.438 656.250 -218.750 742.188 484.375 296.875 820.312 250.000 187.500 960.938
812.500 -234.375 406.250 421.875 -140.625 773.438 476.562 -62.500 812.500 242.188 414.062 851.562 -15.625 242.188 960.938
843.750 -343.750 429.688 273.438 -78.125 859.375 335.938 -46.875 906.250 132.812 492.188 843.750 -31.250 367.188 984.375
875.000 -375.000 484.375 320.312 -46.875 867.188 367.188 -15.625 914.062 85.938 507.812 890.625 -62.500 351.562 1000.000
593.750 39.062 453.125 320.312 -296.875 851.562 351.562 -398.438 945.312 0.000 -304.688 828.125 -117.188 171.875 976.562
937.500 39.062 820.312 726.562 -765.625 1296.875 546.875 -406.250 984.375 54.688 296.875 1023.438 -148.438 78.125 1054.688
937.500 39.062 820.312 726.562 -765.625 1296.875 546.875 -406.250 984.375 54.688 296.875 1023.438 -148.438 78.125 1054.688
882.812 171.875 375.000 804.688 -351.562 789.062 718.750 -296.875 828.125 617.188 242.188 953.125 46.875 62.500 1023.438
984.375 -562.500 109.375 742.188 -250.000 468.750 664.062 0.000 601.562 421.875 492.188 687.500 15.625 335.938 929.688
984.375 -562.500 109.375 742.188 -250.000 468.750 664.062 0.000 601.562 421.875 492.188 687.500 15.625 335.938 929.688
914.062 -593.750 101.562 648.438 -257.812 484.375 617.188 101.562 609.375 382.812 570.312 679.688 -31.250 406.250 914.062
906.250 -609.375 140.625 609.375 -312.500 507.812 625.000 109.375 593.750 335.938 578.125 664.062 -46.875 398.438 914.062
875.000 -703.125 148.438 632.812 -281.250 523.438 664.062 117.188 593.750 351.562 578.125 664.062 -93.750 406.250 921.875
875.000 -703.125 148.438 632.812 -281.250 523.438 664.062 117.188 593.750 351.562 578.125 664.062 -93.750 406.250 921.875
859.375 -703.125 164.062 726.562 -312.500 484.375 750.000 109.375 570.312 406.250 609.375 656.250 -62.500 390.625 937.500
859.375 -640.625 109.375 820.312 -328.125 460.938 804.688 70.312 570.312 460.938 554.688 664.062 -7.812 359.375 921.875
859.375 -640.625 109.375 820.312 -328.125 460.938 804.688 70.312 570.312 460.938 554.688 664.062 -7.812 359.375 921.875
898.438 -562.500 78.125 765.625 -343.750 515.625 757.812 31.250 617.188 460.938 507.812 703.125 15.625 328.125 921.875
898.438 -562.500 78.125 765.625 -343.750 515.625 757.812 31.250 617.188 460.938 507.812 703.125 15.625 328.125 921.875
875.000 -562.500 70.312 742.188 -328.125 539.062 710.938 23.438 664.062 429.688 492.188 718.750 15.625 328.125 921.875
812.500 -570.312 101.562 585.938 -328.125 687.500 601.562 7.812 773.438 320.312 500.000 773.438 -39.062 335.938 914.062
812.500 -570.312 101.562 585.938 -328.125 687.500 601.562 7.812 773.438 320.312 500.000 773.438 -39.062 335.938 914.062
828.125 -632.812 101.562 539.062 -390.625 726.562 609.375 -15.625 773.438 289.062 507.812 796.875 -101.562 312.500 937.500
820.312 -648.438 93.750 546.875 -390.625 718.750 593.750 -15.625 773.438 289.062 515.625 804.688 -109.375 312.500 945.312
828.125 -679.688 62.500 531.250 -320.312 750.000 492.188 54.688 898.438 234.375 500.000 859.375 -140.625 335.938 953.125
828.125 -679.688 62.500 531.250 -320.312 750.000 492.188 54.688 898.438 234.375 500.000 859.375 -140.625 335.938 953.125
828.125 -679.688 62.500 531.250 -320.312 750.000 492.188 54.688 898.438 234.375 500.000 859.375 -140.625 335.938 953.125
796.875 -679.688 54.688 406.250 -367.188 859.375 492.188 23.438 906.250 195.312 554.688 875.000 -187.500 359.375 976.562
773.438 -710.938 70.312 421.875 -375.000 859.375 507.812 0.000 875.000 210.938 562.500 851.562 -195.312 343.750 976.562
703.125 -765.625 85.938 492.188 -367.188 781.250 539.062 7.812 828.125 226.562 539.062 820.312 -203.125 335.938 945.312
703.125 -765.625 85.938 492.188 -367.188 781.250 539.062 7.812 828.125 226.562 539.062 820.312 -203.125 335.938 945.312
679.688 -742.188 85.938 484.375 -343.750 765.625 539.062 15.625 820.312 218.750 523.438 820.312 -179.688 343.750 929.688
679.688 -742.188 85.938 484.375 -343.750 765.625 539.062 15.625 820.312 218.750 523.438 820.312 -179.688 343.750 929.688
593.750 -726.562 93.750 390.625 -234.375 843.750 406.250 85.938 929.688 179.688 531.250 843.750 -187.500 390.625 921.875
593.750 -726.562 93.750 390.625 -234.375 843.750 406.250 85.938 929.688 179.688 531.250 843.750 -187.500 390.625 921.875
593.750 -726.562 93.750 390.625 -234.375 843.750 406.250 85.938 929.688 179.688 531.250 843.750 -187.500 390.625 921.875
593.750 -726.562 93.750 390.625 -234.375 843.750 406.250 85.938 929.688 179.688 531.250 843.750 -187.500 390.625 921.875
593.750 -726.562 93.750 390.625 -234.375 843.750 406.250 85.938 929.688 179.688 531.250 843.750 -187.500 390.625 921.875
656.250 -781.250 78.125 304.688 -265.625 937.500 359.375 54.688 992.188 85.938 554.688 882.812 -234.375 406.250 929.688
671.875 -796.875 78.125 289.062 -296.875 960.938 351.562 78.125 992.188 54.688 585.938 882.812 -265.625 421.875 945.312
664.062 -820.312 78.125 257.812 -296.875 976.562 343.750 109.375 1000.000 39.062 625.000 906.250 -320.312 429.688 968.750
679.688 -859.375 70.312 273.438 -234.375 976.562 335.938 109.375 1015.625 39.062 632.812 921.875 -351.562 429.688 992.188
