742.188 -679.688 -93.750 523.438 -437.500 710.938 476.562 117.188 843.750 179.688 570.312 789.062 -156.250 -367.188 937.500
734.375 -695.312 -78.125 515.625 -437.500 718.750 468.750 117.188 851.562 195.312 554.688 789.062 -148.438 -351.562 921.875
734.375 -703.125 -70.312 515.625 -437.500 718.750 476.562 117.188 851.562 195.312 562.500 773.438 -140.625 -359.375 921.875
718.750 -703.125 -62.500 500.000 -429.688 726.562 468.750 117.188 851.562 203.125 562.500 773.438 -132.812 -351.562 921.875
703.125 -687.500 -54.688 476.562 -421.875 734.375 468.750 125.000 843.750 203.125 570.312 757.812 -140.625 -343.750 921.875
695.312 -703.125 -46.875 476.562 -390.625 734.375 437.500 179.688 867.188 140.625 609.375 804.688 -171.875 -335.938 968.750
703.125 -703.125 -39.062 468.750 -375.000 742.188 414.062 195.312 875.000 117.188 617.188 820.312 -179.688 -343.750 976.562
679.688 -710.938 -31.250 445.312 -359.375 765.625 406.250 195.312 875.000 148.438 609.375 796.875 -187.500 -335.938 976.562
679.688 -710.938 -23.438 445.312 -351.562 773.438 406.250 187.500 875.000 171.875 609.375 773.438 -179.688 -320.312 976.562
703.125 -703.125 -31.250 515.625 -382.812 734.375 460.938 164.062 835.938 195.312 570.312 742.188 -140.625 -281.250 921.875
718.750 -695.312 -31.250 523.438 -375.000 734.375 468.750 156.250 835.938 203.125 578.125 742.188 -132.812 -281.250 921.875
718.750 -679.688 -39.062 539.062 -367.188 718.750 476.562 164.062 820.312 195.312 578.125 734.375 -140.625 -289.062 921.875
718.750 -664.062 -46.875 546.875 -351.562 726.562 476.562 179.688 828.125 187.500 585.938 742.188 -148.438 -296.875 937.500
703.125 -640.625 -54.688 523.438 -328.125 726.562 453.125 218.750 835.938 148.438 609.375 773.438 -203.125 -296.875 960.938
718.750 -648.438 -54.688 515.625 -328.125 750.000 445.312 210.938 851.562 132.812 625.000 789.062 -210.938 -296.875 960.938
710.938 -656.250 -62.500 492.188 -328.125 765.625 406.250 226.562 875.000 93.750 640.625 796.875 -242.188 -265.625 992.188
718.750 -671.875 -70.312 476.562 -320.312 789.062 390.625 242.188 914.062 54.688 671.875 820.312 -281.250 -281.250 1007.812
734.375 -750.000 -46.875 429.688 -343.750 835.938 320.312 273.438 984.375 -7.812 687.500 906.250 -398.438 -289.062 1093.750
726.562 -773.438 -39.062 398.438 -367.188 867.188 296.875 250.000 1007.812 -23.438 734.375 921.875 -429.688 -312.500 1125.000
726.562 -812.500 -31.250 375.000 -382.812 914.062 281.250 273.438 1023.438 -15.625 703.125 914.062 -351.562 -312.500 1070.312
695.312 -820.312 -31.250 367.188 -375.000 914.062 281.250 273.438 1031.250 46.875 648.438 890.625 -289.062 -304.688 1046.875
718.750 -921.875 -15.625 328.125 -421.875 953.125 218.750 226.562 1085.938 7.812 671.875 921.875 -343.750 -304.688 1140.625
718.750 -953.125 -7.812 320.312 -437.500 976.562 203.125 234.375 1109.375 0.000 687.500 953.125 -343.750 -367.188 1140.625
726.562 -968.750 7.812 273.438 -445.312 1023.438 195.312 289.062 1132.812 -31.250 742.188 1031.250 -398.438 -390.625 1187.500
726.562 -1000.000 23.438 234.375 -429.688 1023.438 164.062 296.875 1156.250 -46.875 750.000 1078.125 -421.875 -437.500 1226.562
726.562 -1093.750 70.312 226.562 -351.562 1085.938 62.500 398.438 1250.000 -62.500 882.812 1195.312 -539.062 -531.250 1554.688
710.938 -1117.188 70.312 281.250 -312.500 1015.625 132.812 398.438 1195.312 0.000 843.750 1148.438 -515.625 -445.312 1546.875
843.750 -1273.438 -23.438 468.750 -335.938 843.750 304.688 367.188 945.312 148.438 906.250 968.750 -507.812 -296.875 1703.125
867.188 -1250.000 -70.312 570.312 -335.938 765.625 453.125 226.562 804.688 210.938 914.062 882.812 -570.312 -265.625 1695.312
820.312 -1023.438 -328.125 812.500 -273.438 484.375 812.500 62.500 335.938 476.562 906.250 343.750 -218.750 -39.062 875.000
960.938 -359.375 -406.250 984.375 -218.750 351.562 1093.750 -54.688 265.625 382.812 601.562 15.625 132.812 140.625 234.375
968.750 375.000 -351.562 820.312 -234.375 437.500 710.938 179.688 515.625 945.312 -390.625 -125.000 -1117.188 -328.125 179.688
1117.188 601.562 -343.750 820.312 -164.062 484.375 843.750 164.062 679.688 148.438 -617.188 304.688 2546.875 500.000 437.500
1195.312 226.562 -320.312 718.750 -70.312 484.375 718.750 -23.438 726.562 437.500 -281.250 421.875 1203.125 -367.188 -320.312
1187.500 -695.312 -234.375 750.000 -585.938 375.000 750.000 -304.688 484.375 750.000 -148.438 382.812 898.438 -187.500 148.438
867.188 -968.750 46.875 718.750 -875.000 429.688 804.688 -507.812 484.375 843.750 -234.375 328.125 914.062 -281.250 281.250
625.000 -992.188 171.875 671.875 -937.500 460.938 835.938 -539.062 421.875 953.125 -187.500 296.875 820.312 -507.812 164.062
335.938 -968.750 265.625 609.375 -929.688 492.188 882.812 -601.562 265.625 984.375 -234.375 70.312 890.625 -296.875 0.000
601.562 -820.312 179.688 625.000 -703.125 382.812 890.625 -500.000 203.125 960.938 -257.812 -62.500 1007.812 -179.688 -23.438
625.000 -507.812 195.312 773.438 -562.500 250.000 968.750 -304.688 250.000 1015.625 -195.312 140.625 992.188 -257.812 93.750
593.750 -375.000 187.500 781.250 -531.250 164.062 960.938 -132.812 226.562 937.500 -101.562 289.062 960.938 -367.188 195.312
632.812 -265.625 179.688 890.625 -312.500 70.312 882.812 -281.250 218.750 945.312 15.625 234.375 929.688 -359.375 445.312
1023.438 -54.688 62.500 843.750 -437.500 187.500 882.812 -343.750 289.062 921.875 -109.375 226.562 945.312 -375.000 296.875
820.312 -210.938 164.062 804.688 -570.312 218.750 859.375 -382.812 281.250 921.875 -226.562 164.062 937.500 -382.812 195.312
750.000 -421.875 179.688 796.875 -625.000 226.562 890.625 -421.875 226.562 953.125 -210.938 140.625 929.688 -375.000 156.250
820.312 -492.188 171.875 812.500 -664.062 195.312 890.625 -476.562 234.375 937.500 -250.000 132.812 882.812 -359.375 140.625
937.500 -343.750 148.438 773.438 -687.500 265.625 890.625 -507.812 226.562 992.188 -296.875 31.250 976.562 -281.250 -54.688
843.750 -304.688 203.125 812.500 -671.875 226.562 921.875 -468.750 210.938 1007.812 -304.688 15.625 1007.812 -296.875 -39.062
781.250 -343.750 218.750 867.188 -625.000 179.688 953.125 -460.938 187.500 1007.812 -296.875 15.625 992.188 -281.250 -23.438
875.000 -250.000 210.938 882.812 -578.125 148.438 953.125 -406.250 179.688 1007.812 -250.000 15.625 992.188 -257.812 -7.812
875.000 -156.250 187.500 812.500 -523.438 234.375 843.750 -351.562 328.125 953.125 -164.062 195.312 921.875 -328.125 179.688
890.625 -218.750 210.938 796.875 -507.812 281.250 843.750 -312.500 375.000 945.312 -109.375 257.812 914.062 -335.938 250.000
890.625 -257.812 210.938 781.250 -523.438 304.688 828.125 -296.875 382.812 937.500 -85.938 273.438 898.438 -335.938 304.688
875.000 -296.875 234.375 750.000 -507.812 359.375 804.688 -289.062 445.312 937.500 -46.875 328.125 890.625 -343.750 367.188
921.875 -406.250 250.000 734.375 -523.438 437.500 812.500 -281.250 515.625 953.125 -39.062 351.562 906.250 -343.750 382.812
867.188 -515.625 296.875 742.188 -546.875 468.750 820.312 -289.062 539.062 953.125 -46.875 390.625 906.250 -359.375 382.812
820.312 -585.938 320.312 757.812 -562.500 507.812 835.938 -289.062 554.688 968.750 -46.875 382.812 906.250 -359.375 390.625
710.938 -679.688 398.438 765.625 -593.750 531.250 851.562 -312.500 601.562 992.188 -54.688 414.062 921.875 -406.250 406.250
546.875 -828.125 515.625 773.438 -562.500 578.125 835.938 -390.625 625.000 1023.438 -62.500 406.250 937.500 -406.250 406.250
523.438 -742.188 539.062 804.688 -617.188 562.500 867.188 -343.750 656.250 1007.812 -31.250 507.812 890.625 -492.188 507.812
546.875 -679.688 539.062 773.438 -617.188 570.312 882.812 -328.125 656.250 992.188 -15.625 570.312 890.625 -515.625 523.438
546.875 -734.375 468.750 742.188 -671.875 593.750 875.000 -312.500 601.562 968.750 7.812 570.312 882.812 -531.250 578.125
695.312 -921.875 289.062 710.938 -656.250 570.312 890.625 -343.750 500.000 984.375 70.312 367.188 789.062 -437.500 429.688
554.688 -765.625 125.000 664.062 -546.875 570.312 859.375 -265.625 398.438 765.625 62.500 187.500 773.438 -265.625 273.438
687.500 -710.938 31.250 648.438 -515.625 562.500 843.750 -187.500 390.625 859.375 -15.625 140.625 1140.625 -234.375 257.812
992.188 -804.688 -218.750 664.062 -367.188 539.062 898.438 -132.812 359.375 1023.438 125.000 93.750 1070.312 -62.500 304.688
1171.875 -640.625 -468.750 757.812 -179.688 414.062 875.000 15.625 250.000 851.562 398.438 54.688 914.062 7.812 640.625
1140.625 -500.000 -507.812 867.188 31.250 289.062 945.312 210.938 218.750 937.500 304.688 46.875 1054.688 23.438 351.562
1078.125 -390.625 -476.562 929.688 140.625 210.938 875.000 250.000 226.562 804.688 125.000 -93.750 1054.688 -148.438 335.938
937.500 -148.438 -382.812 921.875 148.438 171.875 664.062 195.312 234.375 1023.438 148.438 -31.250 546.875 578.125 414.062
1156.250 -218.750 -484.375 937.500 46.875 242.188 750.000 62.500 265.625 539.062 187.500 -23.438 890.625 132.812 -7.812
1109.375 -78.125 -437.500 648.438 -164.062 382.812 625.000 -7.812 414.062 492.188 265.625 187.500 648.438 437.500 15.625
1085.938 62.500 -414.062 476.562 -328.125 539.062 593.750 -23.438 484.375 492.188 265.625 328.125 500.000 203.125 78.125
1156.250 148.438 -398.438 554.688 -679.688 804.688 492.188 -156.250 757.812 476.562 390.625 710.938 421.875 -164.062 898.438
1070.312 195.312 -320.312 539.062 -351.562 1007.812 578.125 -156.250 1187.500 265.625 562.500 1390.625 132.812 -828.125 1585.938
875.000 304.688 -218.750 390.625 -296.875 1125.000 375.000 429.688 1492.188 46.875 625.000 1914.062 -554.688 -1226.562 1789.062
867.188 367.188 -203.125 453.125 -140.625 1023.438 304.688 351.562 1453.125 0.000 632.812 1773.438 -671.875 -1148.438 1562.500
976.562 304.688 -234.375 703.125 -296.875 742.188 468.750 242.188 976.562 46.875 421.875 1210.938 -296.875 -695.312 1242.188
1125.000 -85.938 -242.188 1218.750 -281.250 421.875 1242.188 -7.812 578.125 1078.125 343.750 625.000 710.938 -578.125 687.500
960.938 156.250 -70.312 679.688 -578.125 671.875 531.250 -359.375 585.938 585.938 117.188 304.688 585.938 -78.125 507.812
882.812 164.062 -46.875 531.250 -546.875 812.500 578.125 -351.562 718.750 695.312 23.438 468.750 585.938 -367.188 492.188
867.188 -109.375 -7.812 671.875 -304.688 765.625 718.750 -31.250 937.500 687.500 242.188 945.312 492.188 -648.438 796.875
882.812 -132.812 -93.750 648.438 -320.312 648.438 578.125 31.250 812.500 468.750 351.562 890.625 171.875 -570.312 976.562
875.000 93.750 -109.375 484.375 -289.062 687.500 484.375 15.625 773.438 445.312 304.688 750.000 257.812 -445.312 796.875
835.938 125.000 -85.938 484.375 -257.812 703.125 492.188 46.875 796.875 437.500 312.500 773.438 250.000 -445.312 804.688
828.125 54.688 -62.500 539.062 -257.812 679.688 531.250 46.875 773.438 468.750 335.938 789.062 257.812 -476.562 859.375
867.188 15.625 -93.750 570.312 -273.438 679.688 546.875 23.438 773.438 492.188 320.312 781.250 273.438 -484.375 867.188
984.375 93.750 -164.062 539.062 -359.375 734.375 500.000 -7.812 867.188 421.875 273.438 859.375 187.500 -539.062 835.938
1023.438 93.750 -210.938 523.438 -398.438 742.188 492.188 -7.812 843.750 429.688 281.250 867.188 195.312 -539.062 867.188
1085.938 148.438 -242.188 484.375 -398.438 773.438 421.875 0.000 906.250 367.188 304.688 906.250 156.250 -531.250 898.438
1062.500 23.438 -171.875 539.062 -359.375 765.625 460.938 46.875 953.125 406.250 289.062 914.062 226.562 -507.812 882.812
1093.750 -85.938 -218.750 648.438 -359.375 781.250 601.562 109.375 992.188 554.688 343.750 929.688 359.375 -531.250 906.250
1117.188 -93.750 -203.125 742.188 -273.438 859.375 742.188 203.125 1070.312 625.000 281.250 906.250 437.500 -500.000 914.062
1023.438 78.125 -203.125 640.625 -250.000 828.125 656.250 265.625 1054.688 593.750 304.688 1046.875 421.875 -570.312 890.625
1046.875 109.375 -179.688 757.812 -156.250 781.250 585.938 156.250 1031.250 500.000 492.188 1078.125 359.375 -445.312 1031.250
968.750 164.062 -132.812 609.375 -148.438 671.875 640.625 -171.875 843.750 539.062 359.375 851.562 296.875 -593.750 968.750
914.062 164.062 -148.438 1101.562 -164.062 1078.125 125.000 -171.875 445.312 507.812 507.812 734.375 335.938 -414.062 984.375
984.375 187.500 -210.938 812.500 -257.812 1070.312 507.812 7.812 695.312 609.375 546.875 695.312 429.688 -421.875 914.062
1101.562 31.250 -250.000 398.438 -734.375 578.125 585.938 -859.375 789.062 632.812 585.938 390.625 539.062 -351.562 851.562
992.188 -31.250 -179.688 687.500 -625.000 632.812 953.125 -187.500 117.188 710.938 828.125 234.375 664.062 -515.625 671.875
1070.312 31.250 -203.125 609.375 -781.250 578.125 945.312 -281.250 109.375 867.188 742.188 250.000 648.438 -539.062 687.500
1007.812 156.250 -171.875 804.688 -882.812 632.812 968.750 -242.188 85.938 968.750 414.062 250.000 648.438 -421.875 789.062
976.562 -85.938 -375.000 882.812 -1093.750 742.188 1085.938 -203.125 62.500 945.312 343.750 218.750 539.062 -390.625 851.562
1585.938 312.500 -460.938 937.500 -148.438 -39.062 1203.125 7.812 -148.438 851.562 375.000 296.875 195.312 -406.250 1000.000
1234.375 148.438 -453.125 945.312 -945.312 359.375 1257.812 -78.125 -187.500 835.938 320.312 273.438 132.812 -421.875 1023.438
1039.062 -203.125 -273.438 656.250 -328.125 226.562 1054.688 -328.125 0.000 992.188 179.688 125.000 242.188 -421.875 945.312
664.062 -539.062 125.000 609.375 -554.688 257.812 921.875 -289.062 0.000 757.812 171.875 195.312 210.938 -226.562 859.375
281.250 -804.688 531.250 414.062 -609.375 492.188 898.438 -531.250 78.125 898.438 -7.812 46.875 476.562 -132.812 593.750
406.250 -984.375 507.812 468.750 -570.312 476.562 914.062 -500.000 93.750 945.312 39.062 54.688 585.938 -125.000 523.438
640.625 -992.188 398.438 656.250 -367.188 453.125 929.688 -414.062 70.312 914.062 85.938 46.875 812.500 7.812 468.750
726.562 -445.312 320.312 757.812 -414.062 429.688 976.562 -257.812 85.938 914.062 265.625 109.375 953.125 39.062 460.938
960.938 -62.500 117.188 789.062 -250.000 414.062 937.500 -179.688 125.000 851.562 367.188 156.250 820.312 -15.625 625.000
976.562 -15.625 93.750 835.938 -234.375 398.438 921.875 -226.562 148.438 843.750 375.000 210.938 750.000 -85.938 671.875
1007.812 -93.750 132.812 859.375 -46.875 359.375 859.375 -281.250 289.062 703.125 398.438 390.625 601.562 -242.188 710.938
953.125 -335.938 164.062 804.688 -281.250 421.875 835.938 -304.688 289.062 718.750 421.875 507.812 539.062 -296.875 781.250
960.938 -429.688 210.938 773.438 -367.188 484.375 843.750 -375.000 289.062 750.000 367.188 468.750 539.062 -304.688 750.000
921.875 -445.312 210.938 820.312 -375.000 492.188 914.062 -359.375 250.000 835.938 367.188 398.438 632.812 -289.062 765.625
976.562 -406.250 195.312 851.562 -359.375 460.938 953.125 -312.500 210.938 859.375 414.062 375.000 664.062 -218.750 789.062
960.938 -367.188 164.062 898.438 -304.688 429.688 1000.000 -257.812 164.062 890.625 429.688 320.312 703.125 -203.125 773.438
992.188 -335.938 140.625 890.625 -304.688 421.875 1015.625 -242.188 156.250 890.625 445.312 312.500 710.938 -203.125 765.625
859.375 -304.688 226.562 859.375 -289.062 445.312 984.375 -242.188 179.688 851.562 453.125 304.688 679.688 -179.688 781.250
906.250 -296.875 210.938 851.562 -257.812 445.312 976.562 -210.938 179.688 843.750 476.562 296.875 664.062 -171.875 765.625
851.562 -242.188 218.750 820.312 -257.812 460.938 945.312 -210.938 218.750 812.500 492.188 328.125 640.625 -179.688 812.500
859.375 -234.375 218.750 796.875 -273.438 484.375 906.250 -218.750 234.375 789.062 484.375 351.562 593.750 -203.125 828.125
890.625 -242.188 203.125 742.188 -312.500 523.438 875.000 -250.000 304.688 742.188 492.188 429.688 570.312 -250.000 812.500
867.188 -289.062 234.375 718.750 -335.938 539.062 875.000 -281.250 320.312 750.000 476.562 445.312 554.688 -250.000 828.125
820.312 -203.125 234.375 710.938 -359.375 578.125 859.375 -296.875 367.188 726.562 476.562 484.375 601.562 -242.188 804.688
835.938 -195.312 234.375 710.938 -375.000 578.125 859.375 -320.312 367.188 742.188 484.375 484.375 617.188 -234.375 820.312
835.938 15.625 171.875 679.688 -335.938 578.125 898.438 -375.000 398.438 781.250 445.312 476.562 562.500 -250.000 875.000
867.188 210.938 101.562 687.500 -320.312 585.938 867.188 -335.938 453.125 687.500 500.000 562.500 554.688 -179.688 882.812
898.438 -93.750 -15.625 726.562 -273.438 531.250 906.250 -281.250 429.688 718.750 546.875 546.875 617.188 -109.375 890.625
875.000 -304.688 -70.312 718.750 -265.625 507.812 859.375 -289.062 406.250 765.625 500.000 476.562 664.062 -101.562 867.188
859.375 -601.562 -164.062 554.688 -773.438 554.688 906.250 -164.062 234.375 898.438 476.562 289.062 695.312 -234.375 757.812
992.188 -1062.500 -226.562 78.125 -382.812 906.250 718.750 -492.188 351.562 851.562 351.562 226.562 710.938 -359.375 664.062
976.562 -1164.062 -320.312 937.500 -804.688 507.812 1078.125 -132.812 164.062 898.438 390.625 156.250 695.312 -195.312 671.875
1093.750 -1179.688 -351.562 757.812 -226.562 437.500 1101.562 -398.438 187.500 1054.688 328.125 54.688 710.938 -210.938 687.500
1046.875 -570.312 -281.250 632.812 -570.312 570.312 1070.312 -304.688 93.750 953.125 328.125 62.500 789.062 -296.875 562.500
875.000 -531.250 -156.250 750.000 -671.875 492.188 1164.062 -421.875 -125.000 960.938 554.688 -15.625 695.312 -281.250 664.062
882.812 -625.000 -171.875 921.875 -507.812 132.812 1054.688 -343.750 93.750 953.125 531.250 156.250 765.625 -390.625 671.875
953.125 -601.562 -171.875 1210.938 -554.688 398.438 921.875 -195.312 125.000 1007.812 593.750 164.062 773.438 -460.938 648.438
914.062 -382.812 -179.688 1328.125 -687.500 62.500 968.750 -140.625 46.875 960.938 367.188 257.812 773.438 -468.750 710.938
601.562 -539.062 218.750 1109.375 -46.875 31.250 757.812 85.938 617.188 960.938 -257.812 484.375 632.812 -328.125 687.500
765.625 39.062 -78.125 1289.062 -429.688 125.000 1156.250 -62.500 445.312 1031.250 -109.375 445.312 875.000 -460.938 468.750
1156.250 -101.562 -343.750 1109.375 -687.500 164.062 1367.188 -93.750 195.312 1023.438 109.375 367.188 804.688 -531.250 500.000
726.562 -367.188 -85.938 1062.500 -367.188 226.562 1000.000 -234.375 351.562 1054.688 -85.938 210.938 804.688 -265.625 523.438
921.875 -226.562 -265.625 945.312 -390.625 281.250 960.938 -171.875 312.500 1023.438 15.625 179.688 867.188 -312.500 453.125
898.438 -328.125 -289.062 914.062 -328.125 289.062 914.062 -195.312 390.625 984.375 15.625 226.562 843.750 -210.938 500.000
867.188 -296.875 -304.688 898.438 -375.000 289.062 890.625 -171.875 406.250 953.125 0.000 265.625 828.125 -210.938 492.188
859.375 -359.375 -304.688 835.938 -359.375 351.562 867.188 -187.500 414.062 921.875 23.438 281.250 812.500 -250.000 507.812
812.500 -414.062 -273.438 804.688 -375.000 359.375 851.562 -156.250 437.500 914.062 46.875 296.875 789.062 -242.188 554.688
781.250 -460.938 -265.625 765.625 -351.562 421.875 812.500 -132.812 484.375 882.812 85.938 335.938 773.438 -257.812 625.000
789.062 -453.125 -281.250 734.375 -351.562 437.500 812.500 -85.938 515.625 796.875 148.438 414.062 734.375 -281.250 648.438
820.312 -460.938 -320.312 664.062 -320.312 507.812 710.938 15.625 609.375 718.750 375.000 632.812 656.250 -125.000 726.562
828.125 -500.000 -343.750 648.438 -335.938 539.062 695.312 39.062 664.062 695.312 328.125 679.688 562.500 -320.312 796.875
859.375 -531.250 -367.188 656.250 -390.625 578.125 687.500 23.438 710.938 703.125 320.312 703.125 500.000 -343.750 875.000
859.375 -546.875 -375.000 671.875 -406.250 593.750 695.312 23.438 718.750 718.750 304.688 703.125 492.188 -359.375 890.625
835.938 -640.625 -375.000 703.125 -445.312 617.188 734.375 -23.438 734.375 765.625 257.812 679.688 507.812 -375.000 882.812
820.312 -632.812 -367.188 734.375 -468.750 609.375 781.250 -62.500 703.125 781.250 257.812 632.812 554.688 -367.188 859.375
796.875 -648.438 -343.750 773.438 -492.188 585.938 828.125 -39.062 687.500 828.125 226.562 617.188 585.938 -335.938 828.125
789.062 -632.812 -335.938 773.438 -484.375 578.125 828.125 -62.500 679.688 828.125 234.375 601.562 585.938 -335.938 828.125
742.188 -585.938 -312.500 796.875 -437.500 562.500 851.562 -70.312 656.250 867.188 257.812 570.312 625.000 -304.688 804.688
734.375 -585.938 -312.500 796.875 -437.500 554.688 898.438 -101.562 609.375 875.000 281.250 539.062 632.812 -312.500 796.875
687.500 -609.375 -289.062 781.250 -421.875 546.875 875.000 -93.750 609.375 867.188 289.062 531.250 632.812 -304.688 781.250
664.062 -609.375 -273.438 773.438 -406.250 546.875 875.000 -101.562 593.750 867.188 289.062 515.625 640.625 -312.500 781.250
648.438 -601.562 -265.625 742.188 -406.250 539.062 851.562 -101.562 585.938 843.750 289.062 500.000 617.188 -296.875 773.438
562.500 -625.000 -218.750 773.438 -460.938 507.812 843.750 -148.438 554.688 843.750 242.188 476.562 593.750 -320.312 750.000
601.562 -609.375 -273.438 859.375 -664.062 398.438 914.062 -171.875 476.562 828.125 203.125 460.938 531.250 -320.312 726.562
632.812 -539.062 -265.625 906.250 -679.688 390.625 906.250 -242.188 484.375 820.312 187.500 468.750 515.625 -343.750 695.312
648.438 -507.812 -320.312 929.688 -648.438 367.188 937.500 -375.000 460.938 835.938 46.875 453.125 539.062 -398.438 578.125
515.625 -789.062 -335.938 906.250 -773.438 273.438 953.125 -507.812 320.312 890.625 -7.812 296.875 617.188 -429.688 359.375
500.000 -625.000 -257.812 1015.625 -875.000 179.688 1125.000 -640.625 109.375 906.250 -148.438 179.688 507.812 -320.312 273.438
289.062 -804.688 -226.562 960.938 -765.625 195.312 1015.625 -632.812 125.000 914.062 -500.000 117.188 515.625 -406.250 93.750
156.250 -929.688 -156.250 1007.812 -914.062 31.250 867.188 -734.375 -39.062 687.500 -578.125 -23.438 539.062 -570.312 -304.688
-210.938 -1031.250 -140.625 851.562 -585.938 -234.375 484.375 -484.375 -250.000 195.312 -476.562 -226.562 468.750 39.062 -578.125
-93.750 -687.500 -343.750 585.938 -132.812 -335.938 281.250 -203.125 -406.250 140.625 -117.188 -437.500 367.188 710.938 -375.000
31.250 -554.688 -453.125 476.562 -31.250 -398.438 210.938 -7.812 -539.062 54.688 117.188 -562.500 203.125 695.312 -320.312
-23.438 -226.562 -492.188 257.812 492.188 -601.562 -132.812 359.375 -632.812 -406.250 343.750 -500.000 -421.875 632.812 -78.125
-304.688 -117.188 -171.875 -23.438 812.500 -742.188 -390.625 679.688 -625.000 -757.812 414.062 -328.125 -914.062 523.438 195.312
-390.625 -109.375 -171.875 -328.125 765.625 -710.938 -546.875 531.250 -601.562 -992.188 265.625 -195.312 -1125.000 421.875 132.812
-406.250 -234.375 -164.062 -328.125 679.688 -656.250 -679.688 531.250 -539.062 -1031.250 171.875 -132.812 -1093.750 296.875 15.625
-281.250 -210.938 -296.875 -601.562 609.375 -437.500 -828.125 531.250 -390.625 -1023.438 242.188 -171.875 -1031.250 484.375 54.688
-398.438 -414.062 -289.062 -921.875 726.562 -85.938 -1117.188 750.000 -70.312 -1351.562 445.312 70.312 -1335.938 632.812 429.688
-453.125 -664.062 -312.500 -1054.688 875.000 109.375 -1195.312 1054.688 242.188 -1718.750 781.250 492.188 -1835.938 593.750 929.688
-468.750 -906.250 -382.812 -1273.438 906.250 312.500 -1328.125 1148.438 406.250 -1789.062 1015.625 710.938 -2078.125 437.500 1226.562
-656.250 -1500.000 -437.500 -1820.312 429.688 960.938 -1718.750 1062.500 937.500 -1945.312 1148.438 1125.000 -2195.312 296.875 1562.500
-968.750 -2679.688 -312.500 -2359.375 -203.125 1757.812 -2195.312 757.812 1468.750 -1992.188 1140.625 1273.438 -1898.438 343.750 1500.000
-781.250 -3648.438 -710.938 -3148.438 -70.312 2718.750 -2921.875 1093.750 2093.750 -2421.875 1265.625 1382.812 -2195.312 742.188 1609.375
-640.625 -3578.125 -890.625 -3218.750 70.312 2773.438 -2921.875 1250.000 2101.562 -2523.438 1367.188 1398.438 -2343.750 812.500 1679.688
-632.812 -2812.500 -843.750 -2757.812 195.312 2234.375 -2585.938 1218.750 1734.375 -2460.938 1289.062 1304.688 -2421.875 671.875 1593.750
-828.125 -1937.500 -367.188 -1929.688 156.250 1351.562 -1906.250 867.188 1101.562 -1937.500 812.500 1023.438 -1968.750 296.875 1078.125
-804.688 -570.312 -54.688 -671.875 78.125 234.375 -835.938 289.062 242.188 -875.000 70.312 210.938 -968.750 164.062 70.312
-656.250 -148.438 0.000 -335.938 125.000 85.938 -546.875 132.812 85.938 -632.812 -46.875 23.438 -593.750 203.125 -148.438
-703.125 398.438 164.062 117.188 70.312 -171.875 -54.688 -70.312 -187.500 -195.312 -210.938 -273.438 -187.500 187.500 -406.250
-664.062 421.875 234.375 296.875 62.500 -179.688 125.000 -70.312 -210.938 -46.875 -148.438 -281.250 -54.688 140.625 -320.312
-445.312 -23.438 46.875 23.438 148.438 62.500 -93.750 179.688 31.250 -312.500 148.438 7.812 -328.125 187.500 78.125
-429.688 -281.250 23.438 -195.312 179.688 242.188 -320.312 296.875 234.375 -460.938 234.375 164.062 -492.188 195.312 242.188
-468.750 -765.625 -23.438 -679.688 140.625 648.438 -742.188 429.688 539.062 -828.125 421.875 429.688 -828.125 257.812 539.062
-476.562 -992.188 -70.312 -906.250 140.625 804.688 -960.938 476.562 695.312 -968.750 468.750 515.625 -937.500 289.062 617.188
-476.562 -1515.625 -265.625 -1273.438 234.375 992.188 -1375.000 703.125 953.125 -1281.250 546.875 726.562 -1234.375 312.500 789.062
-578.125 -1390.625 -289.062 -1328.125 179.688 1031.250 -1390.625 632.812 968.750 -1367.188 546.875 757.812 -1328.125 281.250 789.062
-546.875 -1312.500 -390.625 -1312.500 210.938 1007.812 -1406.250 625.000 976.562 -1359.375 500.000 742.188 -1335.938 250.000 750.000
-531.250 -1289.062 -421.875 -1296.875 164.062 929.688 -1343.750 578.125 921.875 -1351.562 445.312 718.750 -1335.938 218.750 703.125
-625.000 -1132.812 -289.062 -1031.250 -46.875 812.500 -1109.375 359.375 765.625 -1070.312 273.438 523.438 -1117.188 242.188 468.750
-617.188 -1062.500 -234.375 -1031.250 -39.062 828.125 -1109.375 375.000 804.688 -968.750 234.375 453.125 -1000.000 296.875 359.375
-531.250 -937.500 -304.688 -937.500 -23.438 820.312 -968.750 328.125 781.250 -859.375 257.812 437.500 -992.188 359.375 328.125
-468.750 -898.438 -328.125 -914.062 -39.062 828.125 -906.250 320.312 781.250 -890.625 242.188 406.250 -890.625 289.062 367.188
-390.625 -984.375 -195.312 -1226.562 -429.688 1289.062 -921.875 54.688 781.250 -1085.938 492.188 453.125 -1070.312 148.438 593.750
-492.188 -1046.875 -109.375 -1148.438 -570.312 1281.250 -851.562 117.188 914.062 -1046.875 625.000 460.938 -984.375 156.250 664.062
-234.375 -1453.125 -210.938 -992.188 164.062 1023.438 -820.312 312.500 1171.875 -1046.875 625.000 601.562 -1085.938 257.812 835.938
-171.875 -1710.938 -398.438 -828.125 195.312 1000.000 -750.000 289.062 1109.375 -1132.812 742.188 593.750 -1117.188 242.188 875.000
-296.875 -1750.000 -335.938 -632.812 0.000 1031.250 -539.062 382.812 1046.875 -937.500 781.250 609.375 -1179.688 164.062 921.875
-343.750 -1593.750 -312.500 -593.750 70.312 1000.000 -554.688 468.750 1078.125 -914.062 718.750 625.000 -1125.000 85.938 882.812
-218.750 -1046.875 -437.500 -500.000 218.750 859.375 -562.500 625.000 1023.438 -1078.125 671.875 640.625 -1046.875 140.625 820.312
-164.062 -859.375 -476.562 -406.250 234.375 750.000 -476.562 617.188 906.250 -1085.938 648.438 617.188 -1046.875 109.375 804.688
-15.625 -726.562 -500.000 -85.938 210.938 492.188 -281.250 468.750 625.000 -757.812 539.062 476.562 -1031.250 -62.500 656.250
7.812 -617.188 -531.250 -23.438 242.188 421.875 -179.688 492.188 546.875 -781.250 507.812 398.438 -976.562 0.000 648.438
54.688 -406.250 -601.562 148.438 234.375 328.125 7.812 476.562 328.125 -617.188 531.250 296.875 -960.938 31.250 656.250
39.062 -429.688 -546.875 250.000 289.062 265.625 109.375 515.625 320.312 -570.312 578.125 289.062 -875.000 54.688 640.625
-171.875 -539.062 -296.875 398.438 93.750 304.688 359.375 328.125 218.750 -203.125 515.625 125.000 -515.625 203.125 578.125
-140.625 -695.312 -195.312 406.250 -39.062 460.938 429.688 226.562 304.688 -23.438 476.562 46.875 -125.000 226.562 445.312
-31.250 -1078.125 -156.250 445.312 -171.875 578.125 507.812 179.688 351.562 125.000 515.625 15.625 156.250 304.688 460.938
-31.250 -1234.375 -109.375 437.500 -195.312 617.188 539.062 140.625 367.188 234.375 531.250 -7.812 273.438 328.125 484.375
-164.062 -1234.375 85.938 429.688 -148.438 695.312 585.938 195.312 414.062 320.312 625.000 39.062 437.500 273.438 562.500
-117.188 -1093.750 78.125 492.188 -31.250 609.375 671.875 257.812 359.375 359.375 703.125 46.875 406.250 226.562 664.062
-7.812 -851.562 78.125 539.062 23.438 562.500 710.938 281.250 328.125 351.562 742.188 46.875 320.312 218.750 765.625
23.438 -750.000 70.312 546.875 31.250 554.688 710.938 289.062 351.562 320.312 750.000 93.750 265.625 179.688 796.875
210.938 -687.500 117.188 562.500 7.812 632.812 632.812 312.500 562.500 140.625 851.562 335.938 85.938 39.062 906.250
406.250 -726.562 31.250 523.438 -31.250 734.375 578.125 351.562 687.500 31.250 906.250 445.312 -46.875 23.438 1015.625
601.562 -820.312 -39.062 500.000 -93.750 820.312 523.438 328.125 804.688 -39.062 921.875 523.438 -171.875 -7.812 1085.938
640.625 -882.812 -39.062 507.812 -101.562 812.500 515.625 335.938 828.125 -62.500 929.688 554.688 -234.375 0.000 1101.562
578.125 -859.375 -62.500 539.062 -78.125 781.250 515.625 359.375 789.062 -78.125 945.312 578.125 -296.875 -39.062 1140.625
554.688 -734.375 -78.125 578.125 -93.750 726.562 539.062 320.312 742.188 -54.688 898.438 570.312 -328.125 -39.062 1109.375
507.812 -710.938 -39.062 625.000 -132.812 679.688 585.938 257.812 710.938 -7.812 843.750 539.062 -257.812 -39.062 1031.250
492.188 -695.312 -39.062 632.812 -148.438 687.500 593.750 234.375 695.312 31.250 820.312 507.812 -195.312 -46.875 992.188
484.375 -781.250 -15.625 625.000 -234.375 679.688 578.125 171.875 710.938 62.500 765.625 507.812 -140.625 -23.438 953.125
539.062 -890.625 -15.625 703.125 -343.750 632.812 625.000 93.750 750.000 93.750 726.562 640.625 -148.438 -140.625 945.312
554.688 -859.375 7.812 742.188 -312.500 656.250 585.938 85.938 851.562 70.312 750.000 742.188 -125.000 -257.812 960.938
578.125 -812.500 7.812 710.938 -296.875 703.125 593.750 54.688 890.625 85.938 781.250 757.812 -109.375 -257.812 976.562
601.562 -812.500 31.250 664.062 -187.500 750.000 507.812 85.938 945.312 117.188 843.750 750.000 -31.250 -218.750 1054.688
546.875 -750.000 46.875 718.750 -46.875 781.250 289.062 -70.312 929.688 140.625 882.812 625.000 23.438 -23.438 1179.688
546.875 -734.375 15.625 1023.438 132.812 679.688 164.062 70.312 859.375 265.625 914.062 578.125 7.812 -15.625 1320.312
539.062 -695.312 15.625 -1242.188 -2171.875 -1695.312 875.000 -226.562 164.062 640.625 562.500 289.062 -62.500 54.688 1421.875
625.000 -523.438 -125.000 687.500 -625.000 515.625 1023.438 359.375 -273.438 406.250 625.000 140.625 -343.750 101.562 1578.125
992.188 -492.188 -398.438 -15.625 -937.500 828.125 1062.500 -398.438 -109.375 820.312 210.938 -585.938 -125.000 23.438 984.375
1187.500 -898.438 -445.312 125.000 -85.938 609.375 1218.750 289.062 226.562 843.750 1656.250 382.812 250.000 -62.500 765.625
1148.438 -1242.188 -390.625 585.938 -554.688 406.250 1382.812 367.188 351.562 117.188 843.750 226.562 15.625 132.812 671.875
945.312 -1382.812 -406.250 929.688 -492.188 289.062 1062.500 -39.062 -7.812 609.375 664.062 281.250 609.375 -93.750 429.688
585.938 -1226.562 -109.375 929.688 -531.250 242.188 1203.125 -210.938 -15.625 609.375 109.375 210.938 632.812 -179.688 304.688
390.625 -1000.000 0.000 1070.312 -406.250 148.438 1031.250 -31.250 39.062 1007.812 -320.312 93.750 914.062 -54.688 203.125
328.125 -898.438 23.438 1078.125 -398.438 93.750 1179.688 -148.438 -117.188 945.312 -296.875 -62.500 945.312 -93.750 109.375
351.562 -320.312 7.812 1140.625 -320.312 -39.062 1132.812 -125.000 -320.312 953.125 54.688 -140.625 1023.438 -171.875 70.312
671.875 -54.688 -93.750 1007.812 -210.938 -218.750 1914.062 -62.500 -578.125 882.812 500.000 -93.750 656.250 -203.125 375.000
992.188 46.875 -179.688 1304.688 7.812 -132.812 1062.500 85.938 -210.938 953.125 351.562 -54.688 617.188 -109.375 734.375
1000.000 -140.625 -171.875 1109.375 -78.125 -70.312 1023.438 62.500 -171.875 929.688 367.188 23.438 656.250 -171.875 671.875
1007.812 93.750 -101.562 953.125 -164.062 148.438 804.688 85.938 164.062 828.125 281.250 187.500 664.062 -117.188 640.625
906.250 -476.562 -31.250 781.250 -250.000 390.625 898.438 117.188 273.438 890.625 453.125 179.688 734.375 -46.875 773.438
828.125 -695.312 -7.812 765.625 -257.812 421.875 929.688 140.625 164.062 953.125 484.375 31.250 859.375 78.125 750.000
796.875 -734.375 15.625 796.875 -289.062 414.062 1078.125 70.312 117.188 992.188 406.250 0.000 890.625 46.875 664.062
703.125 -671.875 70.312 843.750 -273.438 351.562 1093.750 62.500 125.000 953.125 312.500 15.625 859.375 15.625 578.125
679.688 -484.375 70.312 929.688 -265.625 242.188 976.562 15.625 54.688 945.312 328.125 31.250 828.125 -46.875 578.125
812.500 -445.312 0.000 945.312 -312.500 242.188 1015.625 -7.812 70.312 914.062 320.312 78.125 781.250 -109.375 593.750
843.750 -484.375 -23.438 921.875 -304.688 265.625 984.375 -7.812 101.562 875.000 351.562 125.000 695.312 -132.812 671.875
820.312 -554.688 7.812 921.875 -335.938 281.250 976.562 15.625 164.062 867.188 398.438 234.375 648.438 -195.312 765.625
789.062 -593.750 23.438 859.375 -367.188 398.438 992.188 31.250 234.375 914.062 437.500 218.750 687.500 -117.188 789.062
820.312 -695.312 -15.625 851.562 -351.562 453.125 984.375 15.625 257.812 890.625 453.125 195.312 726.562 -85.938 765.625
835.938 -726.562 -15.625 812.500 -328.125 453.125 984.375 54.688 273.438 875.000 468.750 203.125 718.750 -78.125 781.250
804.688 -726.562 -7.812 804.688 -367.188 484.375 960.938 78.125 312.500 859.375 500.000 250.000 695.312 -78.125 828.125
742.188 -804.688 7.812 781.250 -351.562 492.188 953.125 109.375 289.062 867.188 515.625 234.375 679.688 -62.500 835.938
726.562 -765.625 7.812 820.312 -304.688 460.938 984.375 125.000 242.188 890.625 554.688 179.688 687.500 -31.250 828.125
734.375 -742.188 -15.625 804.688 -289.062 445.312 968.750 125.000 195.312 906.250 484.375 148.438 640.625 -39.062 812.500
726.562 -687.500 -31.250 820.312 -226.562 421.875 968.750 125.000 171.875 906.250 539.062 117.188 718.750 23.438 765.625
656.250 -625.000 -7.812 851.562 -218.750 312.500 1078.125 179.688 23.438 835.938 476.562 78.125 765.625 -39.062 664.062
640.625 -562.500 0.000 875.000 -281.250 273.438 1132.812 93.750 -15.625 906.250 406.250 0.000 820.312 -23.438 578.125
648.438 -539.062 0.000 906.250 -257.812 273.438 976.562 15.625 7.812 960.938 328.125 -31.250 843.750 -15.625 546.875
679.688 -585.938 -23.438 914.062 -304.688 273.438 1054.688 -15.625 7.812 960.938 250.000 -31.250 875.000 7.812 484.375
703.125 -609.375 -46.875 914.062 -367.188 257.812 1046.875 -62.500 15.625 960.938 210.938 -23.438 898.438 0.000 414.062
726.562 -648.438 -70.312 898.438 -437.500 257.812 1007.812 -93.750 70.312 945.312 179.688 7.812 914.062 23.438 367.188
734.375 -648.438 -78.125 906.250 -414.062 257.812 992.188 -109.375 93.750 929.688 171.875 39.062 882.812 31.250 382.812
757.812 -656.250 -93.750 914.062 -398.438 257.812 960.938 -78.125 132.812 890.625 187.500 85.938 835.938 0.000 414.062
757.812 -632.812 -117.188 914.062 -375.000 257.812 929.688 -46.875 187.500 882.812 210.938 156.250 781.250 -62.500 460.938
750.000 -601.562 -132.812 890.625 -335.938 273.438 898.438 0.000 273.438 843.750 265.625 250.000 687.500 -101.562 578.125
757.812 -570.312 -148.438 867.188 -320.312 273.438 882.812 0.000 281.250 820.312 281.250 281.250 664.062 -109.375 617.188
765.625 -539.062 -164.062 851.562 -328.125 304.688 890.625 0.000 296.875 828.125 304.688 296.875 609.375 -109.375 695.312
750.000 -546.875 -187.500 828.125 -351.562 335.938 882.812 0.000 304.688 835.938 335.938 304.688 562.500 -117.188 757.812
718.750 -601.562 -210.938 765.625 -351.562 375.000 890.625 0.000 304.688 804.688 359.375 289.062 546.875 -117.188 781.250
695.312 -617.188 -187.500 742.188 -351.562 390.625 890.625 0.000 312.500 781.250 367.188 296.875 539.062 -109.375 781.250
656.250 -640.625 -179.688 710.938 -367.188 414.062 851.562 0.000 320.312 765.625 375.000 304.688 515.625 -117.188 781.250
609.375 -671.875 -164.062 687.500 -375.000 437.500 820.312 -7.812 351.562 734.375 367.188 304.688 500.000 -125.000 773.438
546.875 -710.938 -117.188 593.750 -375.000 515.625 695.312 7.812 476.562 648.438 359.375 398.438 460.938 -140.625 781.250
531.250 -726.562 -117.188 562.500 -382.812 554.688 640.625 15.625 554.688 617.188 367.188 468.750 453.125 -132.812 773.438
523.438 -765.625 -85.938 507.812 -382.812 625.000 585.938 54.688 679.688 539.062 429.688 640.625 414.062 -171.875 796.875
507.812 -820.312 -85.938 468.750 -406.250 687.500 570.312 93.750 765.625 515.625 437.500 742.188 343.750 -250.000 851.562
492.188 -882.812 -93.750 406.250 -460.938 757.812 570.312 39.062 804.688 531.250 468.750 750.000 242.188 -304.688 976.562
484.375 -906.250 -93.750 398.438 -500.000 789.062 554.688 -7.812 804.688 539.062 460.938 726.562 210.938 -296.875 1000.000
484.375 -953.125 -101.562 375.000 -539.062 812.500 546.875 -54.688 804.688 546.875 445.312 687.500 187.500 -289.062 1015.625
453.125 -992.188 -101.562 359.375 -523.438 835.938 539.062 -39.062 835.938 531.250 453.125 687.500 203.125 -250.000 1000.000
414.062 -1031.250 -156.250 367.188 -500.000 835.938 539.062 23.438 859.375 500.000 484.375 757.812 187.500 -242.188 1015.625
406.250 -1046.875 -156.250 367.188 -476.562 835.938 523.438 62.500 875.000 484.375 492.188 765.625 171.875 -257.812 1031.250
398.438 -1046.875 -171.875 343.750 -445.312 851.562 500.000 85.938 898.438 468.750 507.812 789.062 148.438 -273.438 1054.688
382.812 -1031.250 -179.688 320.312 -460.938 859.375 476.562 70.312 914.062 453.125 515.625 796.875 132.812 -281.250 1054.688
335.938 -1031.250 -164.062 304.688 -460.938 859.375 445.312 54.688 914.062 406.250 476.562 812.500 101.562 -320.312 1039.062
312.500 -1015.625 -148.438 304.688 -468.750 851.562 437.500 54.688 921.875 406.250 476.562 812.500 101.562 -328.125 1023.438
273.438 -1007.812 -140.625 289.062 -468.750 843.750 414.062 62.500 921.875 375.000 476.562 835.938 109.375 -335.938 976.562
250.000 -1015.625 -132.812 281.250 -460.938 835.938 398.438 62.500 929.688 351.562 476.562 859.375 101.562 -335.938 960.938
218.750 -1007.812 -132.812 273.438 -421.875 820.312 375.000 109.375 945.312 335.938 476.562 867.188 101.562 -359.375 953.125
218.750 -1000.000 -125.000 242.188 -398.438 851.562 359.375 125.000 968.750 328.125 515.625 867.188 93.750 -343.750 992.188
234.375 -968.750 -164.062 195.312 -398.438 906.250 359.375 132.812 1007.812 335.938 578.125 890.625 46.875 -312.500 1125.000
273.438 -984.375 -203.125 156.250 -421.875 953.125 320.312 132.812 1023.438 320.312 593.750 914.062 7.812 -328.125 1171.875
296.875 -1085.938 -226.562 132.812 -429.688 968.750 304.688 132.812 1054.688 281.250 578.125 960.938 -15.625 -382.812 1140.625
281.250 -1093.750 -218.750 125.000 -445.312 968.750 289.062 125.000 1070.312 273.438 578.125 968.750 -15.625 -390.625 1125.000
281.250 -1101.562 -203.125 117.188 -507.812 976.562 281.250 109.375 1078.125 250.000 570.312 1000.000 -7.812 -398.438 1109.375
