148.438 -945.312 -414.062 140.625 -460.938 875.000 250.000 -70.312 984.375 273.438 609.375 765.625 -78.125 -281.250 1000.000
164.062 -929.688 -429.688 148.438 -460.938 867.188 265.625 -62.500 953.125 281.250 617.188 742.188 -85.938 -289.062 1007.812
171.875 -929.688 -429.688 148.438 -460.938 867.188 273.438 -70.312 953.125 289.062 617.188 742.188 -85.938 -289.062 1000.000
171.875 -945.312 -437.500 156.250 -453.125 867.188 273.438 -62.500 968.750 296.875 617.188 734.375 -62.500 -265.625 1007.812
171.875 -945.312 -437.500 156.250 -453.125 867.188 273.438 -62.500 968.750 296.875 617.188 734.375 -62.500 -265.625 1007.812
265.625 -1046.875 -476.562 171.875 -437.500 859.375 289.062 -54.688 953.125 304.688 625.000 734.375 -46.875 -265.625 1000.000
203.125 -1062.500 -414.062 148.438 -468.750 890.625 281.250 -78.125 960.938 312.500 609.375 734.375 -31.250 -281.250 1000.000
195.312 -1070.312 -406.250 148.438 -476.562 867.188 289.062 -85.938 945.312 328.125 609.375 726.562 -23.438 -265.625 1000.000
195.312 -1070.312 -406.250 148.438 -476.562 867.188 289.062 -85.938 945.312 328.125 609.375 726.562 -23.438 -265.625 1000.000
250.000 -1062.500 -367.188 179.688 -453.125 890.625 328.125 -70.312 937.500 343.750 609.375 710.938 -15.625 -250.000 992.188
453.125 -1359.375 -601.562 226.562 -398.438 820.312 406.250 62.500 828.125 359.375 664.062 664.062 23.438 -250.000 992.188
453.125 -1359.375 -601.562 226.562 -398.438 820.312 406.250 62.500 828.125 359.375 664.062 664.062 23.438 -250.000 992.188
453.125 -1359.375 -601.562 226.562 -398.438 820.312 406.250 62.500 828.125 359.375 664.062 664.062 23.438 -250.000 992.188
460.938 -1554.688 -617.188 226.562 -484.375 859.375 593.750 54.688 710.938 375.000 671.875 585.938 39.062 -171.875 984.375
531.250 -468.750 -500.000 289.062 -656.250 1031.250 421.875 -281.250 687.500 460.938 453.125 421.875 109.375 -54.688 796.875
531.250 -468.750 -500.000 289.062 -656.250 1031.250 421.875 -281.250 687.500 460.938 453.125 421.875 109.375 -54.688 796.875
296.875 -539.062 -31.250 265.625 -484.375 875.000 -148.438 -523.438 429.688 257.812 -312.500 46.875 515.625 187.500 -148.438
296.875 -539.062 -31.250 265.625 -484.375 875.000 -148.438 -523.438 429.688 257.812 -312.500 46.875 515.625 187.500 -148.438
296.875 -539.062 -31.250 265.625 -484.375 875.000 -148.438 -523.438 429.688 257.812 -312.500 46.875 515.625 187.500 -148.438
-210.938 -828.125 562.500 312.500 -593.750 765.625 -187.500 85.938 593.750 171.875 -117.188 156.250 289.062 585.938 -468.750
-210.938 -828.125 562.500 312.500 -593.750 765.625 -187.500 85.938 593.750 171.875 -117.188 156.250 289.062 585.938 -468.750
312.500 -312.500 70.312 554.688 195.312 406.250 -62.500 953.125 539.062 -476.562 1328.125 593.750 -1085.938 445.312 2015.625
312.500 -312.500 70.312 554.688 195.312 406.250 -62.500 953.125 539.062 -476.562 1328.125 593.750 -1085.938 445.312 2015.625
242.188 -445.312 109.375 492.188 265.625 437.500 -85.938 968.750 515.625 -546.875 1320.312 640.625 -1218.750 78.125 1679.688
367.188 -609.375 156.250 335.938 398.438 562.500 -328.125 898.438 515.625 -703.125 1054.688 570.312 -960.938 187.500 875.000
500.000 -625.000 78.125 218.750 570.312 648.438 -539.062 843.750 570.312 -726.562 718.750 468.750 -945.312 476.562 726.562
453.125 -710.938 164.062 140.625 492.188 804.688 -515.625 843.750 578.125 -640.625 828.125 468.750 -843.750 382.812 734.375
453.125 -710.938 164.062 140.625 492.188 804.688 -515.625 843.750 578.125 -640.625 828.125 468.750 -843.750 382.812 734.375
359.375 -859.375 187.500 85.938 468.750 867.188 -492.188 820.312 570.312 -656.250 875.000 484.375 -875.000 328.125 789.062
335.938 -1093.750 234.375 15.625 648.438 984.375 -664.062 992.188 617.188 -765.625 1031.250 531.250 -960.938 398.438 984.375
335.938 -1093.750 234.375 15.625 648.438 984.375 -664.062 992.188 617.188 -765.625 1031.250 531.250 -960.938 398.438 984.375
367.188 -1062.500 218.750 0.000 570.312 1015.625 -625.000 898.438 625.000 -703.125 921.875 515.625 -890.625 335.938 843.750
328.125 -1046.875 187.500 -7.812 484.375 984.375 -609.375 843.750 609.375 -656.250 859.375 476.562 -804.688 359.375 804.688
312.500 -953.125 171.875 -7.812 445.312 929.688 -570.312 757.812 562.500 -648.438 773.438 445.312 -789.062 343.750 703.125
328.125 -898.438 171.875 39.062 406.250 875.000 -562.500 726.562 570.312 -648.438 765.625 460.938 -828.125 312.500 703.125
328.125 -898.438 171.875 39.062 406.250 875.000 -562.500 726.562 570.312 -648.438 765.625 460.938 -828.125 312.500 703.125
320.312 -828.125 171.875 15.625 398.438 859.375 -554.688 726.562 554.688 -648.438 750.000 476.562 -835.938 296.875 679.688
335.938 -757.812 140.625 78.125 375.000 804.688 -570.312 703.125 578.125 -640.625 710.938 484.375 -835.938 281.250 656.250
351.562 -726.562 148.438 31.250 312.500 851.562 -632.812 679.688 640.625 -648.438 609.375 546.875 -984.375 226.562 679.688
421.875 -757.812 125.000 -70.312 351.562 960.938 -710.938 750.000 773.438 -679.688 664.062 609.375 -867.188 273.438 656.250
437.500 -867.188 140.625 -125.000 382.812 1039.062 -882.812 890.625 945.312 -765.625 726.562 773.438 -1070.312 195.312 757.812
406.250 -882.812 234.375 -62.500 453.125 1070.312 -1429.688 570.312 1164.062 -1023.438 1062.500 515.625 -1140.625 289.062 914.062
750.000 -757.812 93.750 351.562 359.375 656.250 -437.500 1484.375 515.625 -664.062 804.688 867.188 -1046.875 70.312 812.500
750.000 -757.812 93.750 351.562 359.375 656.250 -437.500 1484.375 515.625 -664.062 804.688 867.188 -1046.875 70.312 812.500
296.875 -695.312 164.062 250.000 1148.438 789.062 125.000 500.000 1070.312 -1015.625 734.375 835.938 -1085.938 93.750 718.750
296.875 -695.312 164.062 250.000 1148.438 789.062 125.000 500.000 1070.312 -1015.625 734.375 835.938 -1085.938 93.750 718.750
203.125 -742.188 93.750 46.875 -203.125 265.625 -250.000 562.500 898.438 -1429.688 1617.188 484.375 -960.938 203.125 773.438
750.000 -625.000 -140.625 359.375 273.438 601.562 -742.188 460.938 507.812 -1187.500 1539.062 312.500 -937.500 406.250 929.688
1085.938 -375.000 -421.875 -578.125 -1421.875 1132.812 -85.938 750.000 320.312 -656.250 851.562 -117.188 -1250.000 375.000 1156.250
1070.312 -937.500 -515.625 -453.125 -765.625 1109.375 453.125 476.562 375.000 -351.562 882.812 23.438 -1265.625 390.625 1187.500
1070.312 -937.500 -515.625 -453.125 -765.625 1109.375 453.125 476.562 375.000 -351.562 882.812 23.438 -1265.625 390.625 1187.500
578.125 -1070.312 -398.438 -218.750 -359.375 937.500 492.188 429.688 460.938 -226.562 1007.812 101.562 -1312.500 750.000 1109.375
554.688 -1367.188 -632.812 0.000 -109.375 796.875 875.000 54.688 234.375 328.125 695.312 -203.125 -234.375 1171.875 500.000
554.688 -1367.188 -632.812 0.000 -109.375 796.875 875.000 54.688 234.375 328.125 695.312 -203.125 -234.375 1171.875 500.000
554.688 -1367.188 -632.812 0.000 -109.375 796.875 875.000 54.688 234.375 328.125 695.312 -203.125 -234.375 1171.875 500.000
554.688 -1367.188 -632.812 0.000 -109.375 796.875 875.000 54.688 234.375 328.125 695.312 -203.125 -234.375 1171.875 500.000
406.250 -1500.000 -593.750 195.312 -179.688 695.312 945.312 0.000 117.188 343.750 531.250 -226.562 39.062 1148.438 335.938
93.750 -1851.562 -382.812 359.375 -515.625 617.188 1023.438 -351.562 -62.500 609.375 93.750 -265.625 562.500 750.000 -23.438
296.875 -1351.562 -140.625 476.562 -968.750 742.188 968.750 -625.000 265.625 734.375 179.688 343.750 640.625 -273.438 23.438
296.875 -1351.562 -140.625 476.562 -968.750 742.188 968.750 -625.000 265.625 734.375 179.688 343.750 640.625 -273.438 23.438
296.875 -1351.562 -140.625 476.562 -968.750 742.188 968.750 -625.000 265.625 734.375 179.688 343.750 640.625 -273.438 23.438
789.062 -265.625 -312.500 554.688 7.812 640.625 796.875 210.938 710.938 320.312 1289.062 375.000 -531.250 85.938 1726.562
789.062 -265.625 -312.500 554.688 7.812 640.625 796.875 210.938 710.938 320.312 1289.062 375.000 -531.250 85.938 1726.562
789.062 -265.625 -312.500 554.688 7.812 640.625 796.875 210.938 710.938 320.312 1289.062 375.000 -531.250 85.938 1726.562
875.000 -171.875 -328.125 492.188 0.000 656.250 796.875 250.000 710.938 406.250 1171.875 828.125 -750.000 117.188 2031.250
851.562 -343.750 -289.062 539.062 -39.062 718.750 812.500 179.688 718.750 414.062 1179.688 710.938 -765.625 101.562 2210.938
539.062 -1210.938 -70.312 500.000 -656.250 906.250 890.625 -468.750 593.750 656.250 539.062 523.438 250.000 -101.562 695.312
539.062 -1210.938 -70.312 500.000 -656.250 906.250 890.625 -468.750 593.750 656.250 539.062 523.438 250.000 -101.562 695.312
539.062 -1210.938 -70.312 500.000 -656.250 906.250 890.625 -468.750 593.750 656.250 539.062 523.438 250.000 -101.562 695.312
359.375 -765.625 125.000 476.562 -453.125 632.812 750.000 -273.438 507.812 218.750 656.250 695.312 335.938 -351.562 1031.250
359.375 -765.625 125.000 476.562 -453.125 632.812 750.000 -273.438 507.812 218.750 656.250 695.312 335.938 -351.562 1031.250
359.375 -765.625 125.000 476.562 -453.125 632.812 750.000 -273.438 507.812 218.750 656.250 695.312 335.938 -351.562 1031.250
359.375 -765.625 125.000 476.562 -453.125 632.812 750.000 -273.438 507.812 218.750 656.250 695.312 335.938 -351.562 1031.250
359.375 -765.625 125.000 476.562 -453.125 632.812 750.000 -273.438 507.812 218.750 656.250 695.312 335.938 -351.562 1031.250
593.750 -1070.312 -109.375 335.938 -445.312 726.562 609.375 -476.562 570.312 218.750 625.000 632.812 343.750 -296.875 890.625
648.438 -804.688 -101.562 250.000 -609.375 679.688 640.625 -421.875 484.375 460.938 531.250 578.125 242.188 -242.188 851.562
429.688 -1125.000 -273.438 187.500 -632.812 -593.750 671.875 312.500 882.812 703.125 -148.438 890.625 703.125 -601.562 250.000
429.688 -1125.000 -273.438 187.500 -632.812 -593.750 671.875 312.500 882.812 703.125 -148.438 890.625 703.125 -601.562 250.000
429.688 -1125.000 -273.438 187.500 -632.812 -593.750 671.875 312.500 882.812 703.125 -148.438 890.625 703.125 -601.562 250.000
648.438 398.438 -921.875 -70.312 -703.125 1710.938 257.812 -460.938 1078.125 812.500 554.688 257.812 1007.812 445.312 500.000
648.438 398.438 -921.875 -70.312 -703.125 1710.938 257.812 -460.938 1078.125 812.500 554.688 257.812 1007.812 445.312 500.000
648.438 398.438 -921.875 -70.312 -703.125 1710.938 257.812 -460.938 1078.125 812.500 554.688 257.812 1007.812 445.312 500.000
648.438 398.438 -921.875 -70.312 -703.125 1710.938 257.812 -460.938 1078.125 812.500 554.688 257.812 1007.812 445.312 500.000
867.188 -375.000 -476.562 1000.000 -203.125 609.375 820.312 15.625 796.875 750.000 70.312 867.188 882.812 -546.875 476.562
867.188 -375.000 -476.562 1000.000 -203.125 609.375 820.312 15.625 796.875 750.000 70.312 867.188 882.812 -546.875 476.562
867.188 -375.000 -476.562 1000.000 -203.125 609.375 820.312 15.625 796.875 750.000 70.312 867.188 882.812 -546.875 476.562
914.062 -351.562 -406.250 54.688 -531.250 1054.688 273.438 -390.625 953.125 742.188 -351.562 570.312 984.375 -289.062 -281.250
914.062 -351.562 -406.250 54.688 -531.250 1054.688 273.438 -390.625 953.125 742.188 -351.562 570.312 984.375 -289.062 -281.250
914.062 -351.562 -406.250 54.688 -531.250 1054.688 273.438 -390.625 953.125 742.188 -351.562 570.312 984.375 -289.062 -281.250
765.625 -515.625 -351.562 304.688 -375.000 843.750 296.875 -226.562 906.250 601.562 -234.375 765.625 843.750 -515.625 101.562
765.625 -515.625 -351.562 304.688 -375.000 843.750 296.875 -226.562 906.250 601.562 -234.375 765.625 843.750 -515.625 101.562
765.625 -515.625 -351.562 304.688 -375.000 843.750 296.875 -226.562 906.250 601.562 -234.375 765.625 843.750 -515.625 101.562
773.438 -367.188 -359.375 304.688 -328.125 843.750 304.688 -179.688 929.688 632.812 -226.562 765.625 875.000 -492.188 117.188
898.438 85.938 -484.375 218.750 -234.375 898.438 148.438 -23.438 1031.250 484.375 -70.312 960.938 796.875 -625.000 429.688
898.438 85.938 -484.375 218.750 -234.375 898.438 148.438 -23.438 1031.250 484.375 -70.312 960.938 796.875 -625.000 429.688
898.438 85.938 -484.375 218.750 -234.375 898.438 148.438 -23.438 1031.250 484.375 -70.312 960.938 796.875 -625.000 429.688
953.125 140.625 -562.500 117.188 -218.750 953.125 140.625 -23.438 1023.438 523.438 -62.500 929.688 843.750 -546.875 390.625
1015.625 148.438 -671.875 -46.875 -156.250 1023.438 54.688 15.625 1085.938 531.250 -46.875 937.500 882.812 -507.812 343.750
1000.000 54.688 -734.375 -179.688 -15.625 1000.000 -62.500 140.625 1140.625 460.938 39.062 1031.250 843.750 -539.062 484.375
1000.000 54.688 -734.375 -179.688 -15.625 1000.000 -62.500 140.625 1140.625 460.938 39.062 1031.250 843.750 -539.062 484.375
781.250 -226.562 -695.312 -140.625 125.000 984.375 -31.250 203.125 1148.438 554.688 156.250 937.500 898.438 -343.750 460.938
781.250 -226.562 -695.312 -140.625 125.000 984.375 -31.250 203.125 1148.438 554.688 156.250 937.500 898.438 -343.750 460.938
781.250 -226.562 -695.312 -140.625 125.000 984.375 -31.250 203.125 1148.438 554.688 156.250 937.500 898.438 -343.750 460.938
640.625 -335.938 -343.750 640.625 7.812 648.438 625.000 -101.562 835.938 867.188 -54.688 632.812 1070.312 -250.000 70.312
929.688 -296.875 -703.125 562.500 -664.062 546.875 671.875 39.062 593.750 695.312 320.312 546.875 765.625 -273.438 507.812
929.688 -296.875 -703.125 562.500 -664.062 546.875 671.875 39.062 593.750 695.312 320.312 546.875 765.625 -273.438 507.812
929.688 -296.875 -703.125 562.500 -664.062 546.875 671.875 39.062 593.750 695.312 320.312 546.875 765.625 -273.438 507.812
929.688 -296.875 -703.125 562.500 -664.062 546.875 671.875 39.062 593.750 695.312 320.312 546.875 765.625 -273.438 507.812
929.688 -296.875 -703.125 562.500 -664.062 546.875 671.875 39.062 593.750 695.312 320.312 546.875 765.625 -273.438 507.812
929.688 -296.875 -703.125 562.500 -664.062 546.875 671.875 39.062 593.750 695.312 320.312 546.875 765.625 -273.438 507.812
929.688 -296.875 -703.125 562.500 -664.062 546.875 671.875 39.062 593.750 695.312 320.312 546.875 765.625 -273.438 507.812
929.688 -296.875 -703.125 562.500 -664.062 546.875 671.875 39.062 593.750 695.312 320.312 546.875 765.625 -273.438 507.812
1078.125 -117.188 -601.562 968.750 -195.312 109.375 1093.750 140.625 359.375 882.812 296.875 554.688 1148.438 -203.125 234.375
-312.500 -351.562 132.812 1109.375 -281.250 31.250 1070.312 0.000 343.750 648.438 179.688 601.562 1351.562 15.625 390.625
1132.812 -132.812 -625.000 789.062 -500.000 335.938 835.938 -23.438 476.562 914.062 101.562 351.562 867.188 -85.938 406.250
609.375 -515.625 -296.875 796.875 -390.625 320.312 835.938 -132.812 500.000 734.375 148.438 507.812 687.500 -312.500 562.500
609.375 -515.625 -296.875 796.875 -390.625 320.312 835.938 -132.812 500.000 734.375 148.438 507.812 687.500 -312.500 562.500
609.375 -515.625 -296.875 796.875 -390.625 320.312 835.938 -132.812 500.000 734.375 148.438 507.812 687.500 -312.500 562.500
703.125 -125.000 -343.750 914.062 -406.250 257.812 898.438 -164.062 429.688 882.812 195.312 390.625 609.375 -273.438 695.312
703.125 -125.000 -343.750 914.062 -406.250 257.812 898.438 -164.062 429.688 882.812 195.312 390.625 609.375 -273.438 695.312
835.938 -140.625 -445.312 796.875 -421.875 375.000 765.625 -78.125 570.312 781.250 234.375 515.625 648.438 -375.000 679.688
835.938 -140.625 -445.312 796.875 -421.875 375.000 765.625 -78.125 570.312 781.250 234.375 515.625 648.438 -375.000 679.688
835.938 -265.625 -515.625 687.500 -492.188 460.938 664.062 -93.750 679.688 687.500 242.188 609.375 562.500 -414.062 710.938
835.938 -265.625 -515.625 687.500 -492.188 460.938 664.062 -93.750 679.688 687.500 242.188 609.375 562.500 -414.062 710.938
851.562 -312.500 -554.688 617.188 -531.250 515.625 609.375 -70.312 718.750 648.438 257.812 656.250 476.562 -406.250 757.812
804.688 -367.188 -546.875 617.188 -507.812 531.250 546.875 -54.688 742.188 687.500 312.500 664.062 507.812 -390.625 789.062
804.688 -367.188 -546.875 617.188 -507.812 531.250 546.875 -54.688 742.188 687.500 312.500 664.062 507.812 -390.625 789.062
804.688 -390.625 -554.688 617.188 -492.188 539.062 632.812 -15.625 742.188 664.062 320.312 656.250 492.188 -406.250 781.250
835.938 -375.000 -601.562 585.938 -468.750 593.750 570.312 78.125 781.250 703.125 414.062 710.938 398.438 -414.062 906.250
820.312 -406.250 -617.188 640.625 -437.500 601.562 648.438 117.188 773.438 546.875 578.125 710.938 351.562 -390.625 960.938
820.312 -406.250 -617.188 640.625 -437.500 601.562 648.438 117.188 773.438 546.875 578.125 710.938 351.562 -390.625 960.938
851.562 -437.500 -640.625 703.125 -468.750 648.438 671.875 195.312 851.562 609.375 523.438 750.000 359.375 -382.812 968.750
1101.562 -234.375 -664.062 843.750 -406.250 578.125 960.938 179.688 679.688 585.938 679.688 617.188 437.500 -445.312 929.688
1101.562 -234.375 -664.062 843.750 -406.250 578.125 960.938 179.688 679.688 585.938 679.688 617.188 437.500 -445.312 929.688
1914.062 1156.250 -398.438 2476.562 -726.562 -85.938 695.312 234.375 585.938 726.562 1265.625 382.812 984.375 -742.188 609.375
1914.062 1156.250 -398.438 2476.562 -726.562 -85.938 695.312 234.375 585.938 726.562 1265.625 382.812 984.375 -742.188 609.375
1914.062 1156.250 -398.438 2476.562 -726.562 -85.938 695.312 234.375 585.938 726.562 1265.625 382.812 984.375 -742.188 609.375
601.562 140.625 -429.688 -164.062 -1992.188 734.375 1265.625 -148.438 -328.125 1257.812 335.938 -140.625 234.375 -359.375 1140.625
601.562 140.625 -429.688 -164.062 -1992.188 734.375 1265.625 -148.438 -328.125 1257.812 335.938 -140.625 234.375 -359.375 1140.625
921.875 -960.938 -742.188 335.938 -796.875 429.688 1101.562 -593.750 -70.312 1031.250 -62.500 -39.062 437.500 -148.438 710.938
921.875 -960.938 -742.188 335.938 -796.875 429.688 1101.562 -593.750 -70.312 1031.250 -62.500 -39.062 437.500 -148.438 710.938
773.438 -750.000 -484.375 203.125 -843.750 562.500 960.938 -570.312 70.312 898.438 -46.875 -15.625 804.688 156.250 460.938
664.062 -164.062 -164.062 585.938 -515.625 429.688 1015.625 -281.250 15.625 921.875 265.625 109.375 843.750 -234.375 359.375
664.062 -164.062 -164.062 585.938 -515.625 429.688 1015.625 -281.250 15.625 921.875 265.625 109.375 843.750 -234.375 359.375
664.062 -164.062 -164.062 585.938 -515.625 429.688 1015.625 -281.250 15.625 921.875 265.625 109.375 843.750 -234.375 359.375
703.125 -70.312 -140.625 734.375 -484.375 312.500 1078.125 -132.812 -93.750 984.375 351.562 31.250 601.562 -109.375 750.000
773.438 -31.250 -117.188 523.438 -484.375 437.500 960.938 -320.312 23.438 984.375 242.188 46.875 312.500 -195.312 1054.688
773.438 -31.250 -117.188 523.438 -484.375 437.500 960.938 -320.312 23.438 984.375 242.188 46.875 312.500 -195.312 1054.688
804.688 -398.438 -164.062 679.688 -453.125 414.062 781.250 -406.250 273.438 773.438 351.562 367.188 296.875 -156.250 1039.062
960.938 -640.625 -226.562 625.000 -554.688 578.125 921.875 -609.375 351.562 875.000 218.750 609.375 320.312 -195.312 968.750
906.250 -687.500 -210.938 710.938 -460.938 531.250 843.750 -398.438 367.188 710.938 476.562 515.625 7.812 -210.938 1375.000
906.250 -687.500 -210.938 710.938 -460.938 531.250 843.750 -398.438 367.188 710.938 476.562 515.625 7.812 -210.938 1375.000
835.938 -453.125 -156.250 750.000 -445.312 531.250 921.875 -320.312 335.938 781.250 507.812 437.500 195.312 -171.875 1296.875
835.938 -453.125 -156.250 750.000 -445.312 531.250 921.875 -320.312 335.938 781.250 507.812 437.500 195.312 -171.875 1296.875
765.625 -406.250 -101.562 812.500 -367.188 492.188 976.562 -289.062 250.000 789.062 484.375 367.188 148.438 -351.562 1335.938
476.562 -1093.750 62.500 671.875 -46.875 398.438 617.188 -46.875 601.562 3195.312 -1085.938 546.875 531.250 -1039.062 -1320.312
476.562 -1093.750 62.500 671.875 -46.875 398.438 617.188 -46.875 601.562 3195.312 -1085.938 546.875 531.250 -1039.062 -1320.312
476.562 -1093.750 62.500 671.875 -46.875 398.438 617.188 -46.875 601.562 3195.312 -1085.938 546.875 531.250 -1039.062 -1320.312
476.562 -1093.750 62.500 671.875 -46.875 398.438 617.188 -46.875 601.562 3195.312 -1085.938 546.875 531.250 -1039.062 -1320.312
710.938 -1203.125 -375.000 492.188 -835.938 539.062 882.812 -835.938 195.312 1273.438 257.812 -46.875 718.750 164.062 289.062
531.250 -1039.062 -664.062 585.938 -421.875 835.938 796.875 93.750 398.438 976.562 78.125 343.750 1015.625 -125.000 31.250
531.250 -1039.062 -664.062 585.938 -421.875 835.938 796.875 93.750 398.438 976.562 78.125 343.750 1015.625 -125.000 31.250
531.250 -1039.062 -664.062 585.938 -421.875 835.938 796.875 93.750 398.438 976.562 78.125 343.750 1015.625 -125.000 31.250
531.250 -1039.062 -664.062 585.938 -421.875 835.938 796.875 93.750 398.438 976.562 78.125 343.750 1015.625 -125.000 31.250
531.250 -1039.062 -664.062 585.938 -421.875 835.938 796.875 93.750 398.438 976.562 78.125 343.750 1015.625 -125.000 31.250
273.438 -93.750 -617.188 1312.500 101.562 531.250 750.000 85.938 750.000 1078.125 242.188 328.125 1070.312 117.188 -101.562
671.875 687.500 -843.750 531.250 -687.500 1312.500 531.250 -460.938 843.750 843.750 390.625 312.500 1007.812 132.812 210.938
945.312 1148.438 -906.250 -54.688 -234.375 1343.750 78.125 -460.938 1171.875 781.250 125.000 578.125 921.875 -125.000 148.438
1539.062 1031.250 -1039.062 289.062 -23.438 906.250 421.875 7.812 1054.688 835.938 195.312 773.438 1039.062 -195.312 328.125
1429.688 710.938 -875.000 757.812 -140.625 750.000 804.688 23.438 820.312 914.062 171.875 656.250 1093.750 -218.750 304.688
1015.625 250.000 -500.000 820.312 -312.500 765.625 851.562 -226.562 765.625 1031.250 -15.625 476.562 1109.375 -132.812 0.000
1015.625 250.000 -500.000 820.312 -312.500 765.625 851.562 -226.562 765.625 1031.250 -15.625 476.562 1109.375 -132.812 0.000
1015.625 250.000 -500.000 820.312 -312.500 765.625 851.562 -226.562 765.625 1031.250 -15.625 476.562 1109.375 -132.812 0.000
890.625 -62.500 -390.625 445.312 -453.125 882.812 585.938 -398.438 812.500 929.688 -226.562 437.500 1000.000 -210.938 -218.750
984.375 -507.812 -406.250 250.000 -507.812 890.625 492.188 -406.250 789.062 820.312 -218.750 460.938 914.062 -257.812 -179.688
953.125 -531.250 -335.938 -242.188 -1093.750 445.312 93.750 -398.438 695.312 1132.812 -171.875 484.375 1039.062 -265.625 -117.188
710.938 -164.062 -210.938 437.500 -195.312 812.500 125.000 -140.625 757.812 742.188 -78.125 500.000 953.125 -171.875 7.812
695.312 0.000 -265.625 -875.000 -484.375 359.375 1484.375 -507.812 1601.562 1000.000 62.500 523.438 1054.688 -31.250 117.188
812.500 -15.625 -312.500 570.312 171.875 1351.562 570.312 859.375 -562.500 835.938 78.125 406.250 1140.625 39.062 31.250
1031.250 156.250 -343.750 531.250 -7.812 1023.438 750.000 437.500 203.125 945.312 -234.375 367.188 1007.812 -312.500 -414.062
1031.250 156.250 -343.750 531.250 -7.812 1023.438 750.000 437.500 203.125 945.312 -234.375 367.188 1007.812 -312.500 -414.062
1031.250 156.250 -343.750 531.250 -7.812 1023.438 750.000 437.500 203.125 945.312 -234.375 367.188 1007.812 -312.500 -414.062
1468.750 203.125 -445.312 726.562 -382.812 453.125 273.438 -187.500 867.188 687.500 -398.438 750.000 468.750 -687.500 -328.125
1468.750 203.125 -445.312 726.562 -382.812 453.125 273.438 -187.500 867.188 687.500 -398.438 750.000 468.750 -687.500 -328.125
1429.688 -226.562 -625.000 812.500 -187.500 625.000 367.188 132.812 796.875 -257.812 242.188 960.938 585.938 -289.062 203.125
1429.688 -226.562 -625.000 812.500 -187.500 625.000 367.188 132.812 796.875 -257.812 242.188 960.938 585.938 -289.062 203.125
1085.938 132.812 -187.500 1000.000 -78.125 265.625 554.688 242.188 984.375 1390.625 796.875 984.375 -843.750 -1031.250 1257.812
312.500 -210.938 -46.875 726.562 -429.688 445.312 414.062 312.500 640.625 406.250 484.375 945.312 -710.938 -367.188 2007.812
-656.250 -1656.250 593.750 1070.312 -375.000 625.000 601.562 -23.438 1070.312 648.438 578.125 906.250 179.688 -257.812 1460.938
-656.250 -1656.250 593.750 1070.312 -375.000 625.000 601.562 -23.438 1070.312 648.438 578.125 906.250 179.688 -257.812 1460.938
-656.250 -1656.250 593.750 1070.312 -375.000 625.000 601.562 -23.438 1070.312 648.438 578.125 906.250 179.688 -257.812 1460.938
976.562 390.625 148.438 257.812 -726.562 804.688 546.875 304.688 937.500 718.750 39.062 687.500 601.562 -515.625 351.562
976.562 390.625 148.438 257.812 -726.562 804.688 546.875 304.688 937.500 718.750 39.062 687.500 601.562 -515.625 351.562
1062.500 -125.000 140.625 640.625 -851.562 773.438 429.688 0.000 921.875 515.625 70.312 843.750 289.062 -406.250 906.250
1039.062 -250.000 101.562 546.875 -671.875 710.938 335.938 85.938 937.500 492.188 117.188 851.562 281.250 -429.688 859.375
953.125 -242.188 140.625 500.000 -585.938 695.312 335.938 195.312 898.438 460.938 187.500 859.375 203.125 -437.500 875.000
929.688 -101.562 132.812 507.812 -468.750 664.062 289.062 273.438 875.000 390.625 273.438 882.812 132.812 -328.125 1007.812
851.562 -78.125 187.500 593.750 -328.125 609.375 359.375 335.938 835.938 390.625 328.125 875.000 101.562 -289.062 1070.312
867.188 -70.312 171.875 593.750 -328.125 617.188 351.562 328.125 843.750 398.438 320.312 875.000 101.562 -304.688 1039.062
867.188 -70.312 171.875 593.750 -328.125 617.188 351.562 328.125 843.750 398.438 320.312 875.000 101.562 -304.688 1039.062
898.438 -93.750 171.875 578.125 -359.375 625.000 328.125 281.250 835.938 382.812 296.875 882.812 78.125 -312.500 1039.062
851.562 -187.500 242.188 648.438 -484.375 632.812 445.312 226.562 820.312 523.438 296.875 812.500 281.250 -265.625 1062.500
765.625 -62.500 273.438 539.062 -421.875 601.562 210.938 382.812 789.062 296.875 343.750 929.688 15.625 -140.625 1328.125
765.625 -62.500 273.438 539.062 -421.875 601.562 210.938 382.812 789.062 296.875 343.750 929.688 15.625 -140.625 1328.125
546.875 78.125 328.125 507.812 -70.312 562.500 234.375 250.000 898.438 382.812 250.000 929.688 132.812 -554.688 960.938
546.875 78.125 328.125 507.812 -70.312 562.500 234.375 250.000 898.438 382.812 250.000 929.688 132.812 -554.688 960.938
726.562 -250.000 195.312 625.000 -234.375 765.625 242.188 210.938 882.812 375.000 164.062 906.250 -171.875 -601.562 1046.875
656.250 -289.062 148.438 617.188 -265.625 671.875 343.750 164.062 843.750 796.875 93.750 734.375 125.000 -437.500 1164.062
656.250 -289.062 148.438 617.188 -265.625 671.875 343.750 164.062 843.750 796.875 93.750 734.375 125.000 -437.500 1164.062
656.250 -289.062 148.438 617.188 -265.625 671.875 343.750 164.062 843.750 796.875 93.750 734.375 125.000 -437.500 1164.062
906.250 -85.938 23.438 882.812 -289.062 554.688 187.500 -54.688 1039.062 1265.625 -304.688 1007.812 -296.875 -1375.000 46.875
-843.750 -15.625 554.688 1210.938 -1757.812 765.625 953.125 859.375 1039.062 359.375 -796.875 1109.375 796.875 -679.688 -875.000
718.750 -859.375 -921.875 1125.000 -210.938 429.688 281.250 320.312 718.750 687.500 -421.875 718.750 781.250 -656.250 -109.375
718.750 -859.375 -921.875 1125.000 -210.938 429.688 281.250 320.312 718.750 687.500 -421.875 718.750 781.250 -656.250 -109.375
1250.000 -820.312 -968.750 679.688 539.062 351.562 554.688 156.250 890.625 726.562 -296.875 773.438 726.562 -710.938 101.562
2203.125 -289.062 -1273.438 382.812 710.938 320.312 242.188 257.812 875.000 812.500 -46.875 671.875 703.125 -601.562 351.562
2203.125 -289.062 -1273.438 382.812 710.938 320.312 242.188 257.812 875.000 812.500 -46.875 671.875 703.125 -601.562 351.562
2281.250 -93.750 -1335.938 85.938 -320.312 960.938 414.062 140.625 820.312 578.125 250.000 773.438 765.625 -164.062 625.000
1085.938 781.250 -523.438 242.188 -429.688 875.000 335.938 -39.062 953.125 718.750 -195.312 742.188 960.938 -421.875 -31.250
1101.562 515.625 -554.688 781.250 -296.875 671.875 390.625 -23.438 914.062 593.750 -234.375 804.688 843.750 -460.938 140.625
1093.750 31.250 -640.625 406.250 -640.625 890.625 414.062 -242.188 960.938 718.750 -406.250 664.062 976.562 -421.875 -101.562
1093.750 31.250 -640.625 406.250 -640.625 890.625 414.062 -242.188 960.938 718.750 -406.250 664.062 976.562 -421.875 -101.562
1093.750 31.250 -640.625 406.250 -640.625 890.625 414.062 -242.188 960.938 718.750 -406.250 664.062 976.562 -421.875 -101.562
828.125 -203.125 -523.438 492.188 -476.562 812.500 468.750 -164.062 906.250 781.250 -304.688 632.812 1078.125 -296.875 -46.875
703.125 -242.188 -460.938 601.562 -421.875 796.875 453.125 -109.375 906.250 750.000 -273.438 664.062 976.562 -382.812 46.875
703.125 -242.188 -460.938 601.562 -421.875 796.875 453.125 -109.375 906.250 750.000 -273.438 664.062 976.562 -382.812 46.875
757.812 -15.625 -437.500 367.188 -359.375 781.250 312.500 -46.875 906.250 617.188 -226.562 757.812 875.000 -460.938 187.500
804.688 7.812 -453.125 343.750 -304.688 781.250 281.250 -7.812 906.250 578.125 -187.500 781.250 835.938 -500.000 242.188
875.000 -156.250 -460.938 242.188 -328.125 882.812 210.938 54.688 1039.062 609.375 -187.500 929.688 828.125 -609.375 335.938
875.000 -156.250 -460.938 242.188 -328.125 882.812 210.938 54.688 1039.062 609.375 -187.500 929.688 828.125 -609.375 335.938
875.000 -156.250 -460.938 242.188 -328.125 882.812 210.938 54.688 1039.062 609.375 -187.500 929.688 828.125 -609.375 335.938
937.500 -140.625 -492.188 500.000 -375.000 906.250 382.812 -7.812 1085.938 710.938 -250.000 890.625 953.125 -500.000 187.500
1125.000 -31.250 -515.625 460.938 -375.000 1085.938 476.562 -203.125 1070.312 742.188 -242.188 703.125 945.312 -343.750 54.688
1125.000 -31.250 -515.625 460.938 -375.000 1085.938 476.562 -203.125 1070.312 742.188 -242.188 703.125 945.312 -343.750 54.688
1125.000 -31.250 -515.625 460.938 -375.000 1085.938 476.562 -203.125 1070.312 742.188 -242.188 703.125 945.312 -343.750 54.688
968.750 -125.000 -429.688 609.375 -445.312 984.375 929.688 -1000.000 359.375 -375.000 -765.625 1289.062 953.125 -523.438 54.688
765.625 39.062 -312.500 773.438 -539.062 789.062 765.625 -343.750 929.688 1281.250 -171.875 406.250 1093.750 0.000 39.062
945.312 195.312 -414.062 1007.812 -414.062 593.750 531.250 -382.812 710.938 929.688 -70.312 335.938 1156.250 39.062 -70.312
757.812 226.562 -406.250 687.500 -960.938 648.438 710.938 -382.812 500.000 546.875 437.500 375.000 -187.500 -476.562 867.188
687.500 62.500 -585.938 1406.250 54.688 687.500 -250.000 -953.125 1320.312 671.875 -148.438 343.750 695.312 -242.188 132.812
960.938 -125.000 -695.312 -320.312 -421.875 867.188 -671.875 -265.625 914.062 656.250 -179.688 898.438 1367.188 -148.438 -132.812
960.938 -125.000 -695.312 -320.312 -421.875 867.188 -671.875 -265.625 914.062 656.250 -179.688 898.438 1367.188 -148.438 -132.812
1085.938 -851.562 -632.812 414.062 -523.438 218.750 726.562 -320.312 46.875 804.688 250.000 -265.625 906.250 250.000 -54.688
1085.938 -851.562 -632.812 414.062 -523.438 218.750 726.562 -320.312 46.875 804.688 250.000 -265.625 906.250 250.000 -54.688
492.188 -593.750 -296.875 804.688 -242.188 429.688 1351.562 296.875 -453.125 1242.188 125.000 -453.125 1367.188 187.500 -437.500
492.188 -593.750 -296.875 804.688 -242.188 429.688 1351.562 296.875 -453.125 1242.188 125.000 -453.125 1367.188 187.500 -437.500
804.688 -414.062 -343.750 960.938 -570.312 218.750 937.500 -328.125 218.750 1046.875 -85.938 -218.750 1031.250 -23.438 -390.625
710.938 -406.250 -281.250 812.500 -507.812 281.250 789.062 -382.812 335.938 1023.438 -132.812 -101.562 1007.812 -164.062 -343.750
882.812 -554.688 -359.375 789.062 -632.812 273.438 1218.750 -203.125 -23.438 1031.250 203.125 -359.375 1101.562 179.688 -156.250
882.812 -554.688 -359.375 789.062 -632.812 273.438 1218.750 -203.125 -23.438 1031.250 203.125 -359.375 1101.562 179.688 -156.250
734.375 -437.500 -242.188 843.750 -539.062 234.375 1046.875 -132.812 23.438 945.312 171.875 -367.188 1023.438 171.875 -179.688
734.375 -437.500 -242.188 843.750 -539.062 234.375 1046.875 -132.812 23.438 945.312 171.875 -367.188 1023.438 171.875 -179.688
734.375 -437.500 -242.188 843.750 -539.062 234.375 1046.875 -132.812 23.438 945.312 171.875 -367.188 1023.438 171.875 -179.688
773.438 -500.000 -218.750 820.312 -531.250 257.812 1023.438 -132.812 31.250 945.312 148.438 -312.500 1023.438 164.062 -85.938
773.438 -500.000 -218.750 820.312 -531.250 257.812 1023.438 -132.812 31.250 945.312 148.438 -312.500 1023.438 164.062 -85.938
773.438 -500.000 -218.750 820.312 -531.250 257.812 1023.438 -132.812 31.250 945.312 148.438 -312.500 1023.438 164.062 -85.938
890.625 -367.188 -273.438 867.188 -531.250 265.625 1070.312 -203.125 -54.688 960.938 164.062 -507.812 1101.562 296.875 -273.438
851.562 -351.562 -281.250 812.500 -515.625 304.688 1015.625 -203.125 15.625 953.125 148.438 -445.312 1078.125 210.938 -257.812
968.750 -453.125 -351.562 820.312 -578.125 312.500 1195.312 -109.375 -31.250 1070.312 250.000 -453.125 1234.375 226.562 -156.250
1031.250 -429.688 -500.000 781.250 -554.688 382.812 1257.812 -226.562 -101.562 1179.688 156.250 -726.562 1453.125 351.562 -531.250
539.062 -1148.438 -312.500 1289.062 -15.625 -390.625 500.000 734.375 -507.812 585.938 -226.562 -507.812 796.875 281.250 -773.438
539.062 -1148.438 -312.500 1289.062 -15.625 -390.625 500.000 734.375 -507.812 585.938 -226.562 -507.812 796.875 281.250 -773.438
539.062 -1148.438 -312.500 1289.062 -15.625 -390.625 500.000 734.375 -507.812 585.938 -226.562 -507.812 796.875 281.250 -773.438
539.062 -1148.438 -312.500 1289.062 -15.625 -390.625 500.000 734.375 -507.812 585.938 -226.562 -507.812 796.875 281.250 -773.438
539.062 -1148.438 -312.500 1289.062 -15.625 -390.625 500.000 734.375 -507.812 585.938 -226.562 -507.812 796.875 281.250 -773.438
539.062 -1148.438 -312.500 1289.062 -15.625 -390.625 500.000 734.375 -507.812 585.938 -226.562 -507.812 796.875 281.250 -773.438
554.688 -242.188 -93.750 187.500 835.938 46.875 -632.812 757.812 570.312 1085.938 -156.250 101.562 -1343.750 -445.312 -1375.000
445.312 -265.625 132.812 -31.250 -359.375 632.812 -1156.250 -343.750 835.938 -2382.812 -109.375 445.312 -1632.812 2226.562 523.438
445.312 -265.625 132.812 -31.250 -359.375 632.812 -1156.250 -343.750 835.938 -2382.812 -109.375 445.312 -1632.812 2226.562 523.438
179.688 -492.188 632.812 218.750 -1468.750 1257.812 -539.062 -796.875 1421.875 -648.438 1054.688 984.375 -2859.375 1515.625 2171.875
-789.062 1632.812 632.812 -843.750 -2000.000 2601.562 742.188 -718.750 2320.312 1328.125 1406.250 2515.625 -625.000 -1890.625 3007.812
1117.188 -343.750 -78.125 578.125 -617.188 765.625 523.438 -195.312 929.688 468.750 460.938 835.938 31.250 -492.188 890.625
1117.188 -343.750 -78.125 578.125 -617.188 765.625 523.438 -195.312 929.688 468.750 460.938 835.938 31.250 -492.188 890.625
1117.188 -343.750 -78.125 578.125 -617.188 765.625 523.438 -195.312 929.688 468.750 460.938 835.938 31.250 -492.188 890.625
1117.188 -343.750 -78.125 578.125 -617.188 765.625 523.438 -195.312 929.688 468.750 460.938 835.938 31.250 -492.188 890.625
835.938 -265.625 46.875 781.250 -460.938 640.625 781.250 -62.500 750.000 546.875 601.562 734.375 54.688 -453.125 1015.625
835.938 -164.062 -23.438 609.375 -203.125 593.750 531.250 117.188 773.438 359.375 648.438 726.562 -117.188 -375.000 1023.438
859.375 -375.000 -46.875 382.812 -296.875 687.500 468.750 70.312 773.438 367.188 601.562 664.062 -31.250 -304.688 968.750
867.188 -320.312 -31.250 468.750 -296.875 710.938 554.688 78.125 781.250 437.500 609.375 640.625 54.688 -281.250 968.750
867.188 -320.312 -31.250 468.750 -296.875 710.938 554.688 78.125 781.250 437.500 609.375 640.625 54.688 -281.250 968.750
867.188 -320.312 -31.250 468.750 -296.875 710.938 554.688 78.125 781.250 437.500 609.375 640.625 54.688 -281.250 968.750
843.750 -296.875 -7.812 523.438 -257.812 695.312 593.750 101.562 765.625 445.312 648.438 632.812 54.688 -281.250 1015.625
914.062 -179.688 -31.250 562.500 -250.000 695.312 593.750 93.750 781.250 406.250 648.438 664.062 -23.438 -296.875 1000.000
953.125 -296.875 -54.688 562.500 -421.875 734.375 593.750 -31.250 835.938 421.875 554.688 734.375 -7.812 -382.812 968.750
921.875 -289.062 -46.875 601.562 -445.312 718.750 664.062 -46.875 820.312 453.125 593.750 742.188 7.812 -398.438 1007.812
921.875 -289.062 -46.875 601.562 -445.312 718.750 664.062 -46.875 820.312 453.125 593.750 742.188 7.812 -398.438 1007.812
921.875 -289.062 -46.875 601.562 -445.312 718.750 664.062 -46.875 820.312 453.125 593.750 742.188 7.812 -398.438 1007.812
921.875 -289.062 -46.875 601.562 -445.312 718.750 664.062 -46.875 820.312 453.125 593.750 742.188 7.812 -398.438 1007.812
867.188 -265.625 -23.438 617.188 -414.062 695.312 679.688 0.000 781.250 476.562 625.000 703.125 46.875 -359.375 1031.250
796.875 -281.250 -15.625 640.625 -382.812 679.688 687.500 23.438 781.250 507.812 625.000 703.125 70.312 -351.562 1046.875
632.812 -351.562 39.062 460.938 -382.812 757.812 656.250 7.812 718.750 554.688 593.750 585.938 218.750 -265.625 976.562
632.812 -351.562 39.062 460.938 -382.812 757.812 656.250 7.812 718.750 554.688 593.750 585.938 218.750 -265.625 976.562
632.812 -351.562 39.062 460.938 -382.812 757.812 656.250 7.812 718.750 554.688 593.750 585.938 218.750 -265.625 976.562
515.625 -515.625 39.062 539.062 -476.562 671.875 648.438 -117.188 671.875 914.062 476.562 718.750 343.750 -515.625 953.125
679.688 -367.188 -70.312 671.875 -593.750 625.000 656.250 -179.688 695.312 578.125 382.812 664.062 164.062 -414.062 812.500
687.500 -742.188 -429.688 656.250 -851.562 656.250 539.062 -398.438 851.562 625.000 281.250 898.438 179.688 -687.500 765.625
687.500 -742.188 -429.688 656.250 -851.562 656.250 539.062 -398.438 851.562 625.000 281.250 898.438 179.688 -687.500 765.625
687.500 -742.188 -429.688 656.250 -851.562 656.250 539.062 -398.438 851.562 625.000 281.250 898.438 179.688 -687.500 765.625
687.500 -742.188 -429.688 656.250 -851.562 656.250 539.062 -398.438 851.562 625.000 281.250 898.438 179.688 -687.500 765.625
835.938 -734.375 -601.562 234.375 -312.500 687.500 546.875 70.312 773.438 445.312 281.250 929.688 179.688 -500.000 851.562
835.938 -734.375 -601.562 234.375 -312.500 687.500 546.875 70.312 773.438 445.312 281.250 929.688 179.688 -500.000 851.562
843.750 -515.625 -757.812 265.625 -210.938 679.688 265.625 7.812 828.125 210.938 523.438 679.688 -39.062 -78.125 898.438
843.750 -515.625 -757.812 265.625 -210.938 679.688 265.625 7.812 828.125 210.938 523.438 679.688 -39.062 -78.125 898.438
812.500 -539.062 -750.000 195.312 -250.000 726.562 257.812 101.562 812.500 132.812 710.938 734.375 -39.062 164.062 843.750
804.688 -398.438 -742.188 179.688 -289.062 789.062 226.562 70.312 914.062 218.750 281.250 609.375 -39.062 -460.938 843.750
804.688 -398.438 -742.188 179.688 -289.062 789.062 226.562 70.312 914.062 218.750 281.250 609.375 -39.062 -460.938 843.750
804.688 -398.438 -742.188 179.688 -289.062 789.062 226.562 70.312 914.062 218.750 281.250 609.375 -39.062 -460.938 843.750
757.812 -351.562 -687.500 156.250 -320.312 820.312 257.812 54.688 875.000 250.000 593.750 679.688 -132.812 -101.562 1078.125
718.750 -500.000 -648.438 250.000 -343.750 812.500 312.500 23.438 898.438 242.188 578.125 750.000 -187.500 -179.688 1039.062
492.188 -687.500 -492.188 312.500 -445.312 757.812 343.750 -46.875 898.438 250.000 507.812 820.312 -226.562 -296.875 992.188
492.188 -687.500 -492.188 312.500 -445.312 757.812 343.750 -46.875 898.438 250.000 507.812 820.312 -226.562 -296.875 992.188
546.875 -789.062 -546.875 281.250 -562.500 773.438 320.312 -140.625 906.250 234.375 445.312 843.750 -234.375 -328.125 953.125
570.312 -796.875 -570.312 257.812 -578.125 781.250 281.250 -164.062 921.875 210.938 437.500 859.375 -257.812 -320.312 960.938
492.188 -820.312 -476.562 179.688 -562.500 804.688 210.938 -140.625 1000.000 164.062 460.938 937.500 -296.875 -359.375 1007.812
437.500 -812.500 -492.188 156.250 -546.875 835.938 203.125 -140.625 1000.000 156.250 484.375 960.938 -312.500 -359.375 1039.062
437.500 -812.500 -492.188 156.250 -546.875 835.938 203.125 -140.625 1000.000 156.250 484.375 960.938 -312.500 -359.375 1039.062
500.000 -835.938 -554.688 101.562 -570.312 875.000 203.125 -148.438 984.375 171.875 476.562 906.250 -265.625 -312.500 984.375
500.000 -835.938 -554.688 101.562 -570.312 875.000 203.125 -148.438 984.375 171.875 476.562 906.250 -265.625 -312.500 984.375
500.000 -820.312 -578.125 93.750 -562.500 867.188 203.125 -164.062 976.562 195.312 437.500 867.188 -234.375 -296.875 945.312
437.500 -796.875 -554.688 101.562 -546.875 843.750 210.938 -164.062 960.938 210.938 429.688 851.562 -187.500 -273.438 929.688
367.188 -796.875 -531.250 140.625 -546.875 789.062 250.000 -171.875 898.438 210.938 421.875 828.125 -195.312 -304.688 914.062
367.188 -796.875 -531.250 140.625 -546.875 789.062 250.000 -171.875 898.438 210.938 421.875 828.125 -195.312 -304.688 914.062
351.562 -804.688 -523.438 148.438 -554.688 773.438 242.188 -187.500 898.438 226.562 382.812 820.312 -179.688 -320.312 882.812
351.562 -804.688 -523.438 148.438 -554.688 773.438 242.188 -187.500 898.438 226.562 382.812 820.312 -179.688 -320.312 882.812
351.562 -804.688 -523.438 148.438 -554.688 773.438 242.188 -187.500 898.438 226.562 382.812 820.312 -179.688 -320.312 882.812
257.812 -734.375 -468.750 125.000 -476.562 742.188 179.688 -117.188 914.062 156.250 429.688 890.625 -257.812 -343.750 937.500
257.812 -734.375 -468.750 125.000 -476.562 742.188 179.688 -117.188 914.062 156.250 429.688 890.625 -257.812 -343.750 937.500
289.062 -757.812 -492.188 93.750 -476.562 765.625 164.062 -101.562 921.875 132.812 445.312 890.625 -289.062 -328.125 960.938
312.500 -804.688 -515.625 54.688 -507.812 804.688 132.812 -132.812 929.688 140.625 414.062 867.188 -250.000 -320.312 945.312
304.688 -835.938 -515.625 23.438 -523.438 820.312 117.188 -164.062 937.500 164.062 390.625 851.562 -218.750 -312.500 906.250
265.625 -867.188 -507.812 0.000 -515.625 835.938 85.938 -140.625 960.938 140.625 390.625 851.562 -210.938 -304.688 898.438
234.375 -859.375 -492.188 -23.438 -484.375 851.562 54.688 -117.188 984.375 117.188 421.875 875.000 -210.938 -289.062 921.875
234.375 -859.375 -492.188 -23.438 -484.375 851.562 54.688 -117.188 984.375 117.188 421.875 875.000 -210.938 -289.062 921.875
218.750 -859.375 -476.562 -78.125 -453.125 914.062 23.438 -70.312 1046.875 54.688 484.375 937.500 -281.250 -296.875 1000.000
218.750 -906.250 -484.375 -117.188 -445.312 937.500 0.000 -46.875 1054.688 46.875 515.625 953.125 -296.875 -296.875 1031.250
218.750 -921.875 -500.000 -132.812 -421.875 945.312 -23.438 -7.812 1078.125 15.625 554.688 960.938 -320.312 -273.438 1054.688
