312.500 -945.312 -148.438 312.500 -328.125 875.000 398.438 101.562 914.062 515.625 367.188 812.500 140.625 320.312 976.562
312.500 -953.125 -132.812 320.312 -312.500 867.188 406.250 117.188 914.062 492.188 359.375 828.125 125.000 312.500 1000.000
296.875 -945.312 -132.812 328.125 -312.500 859.375 398.438 132.812 914.062 492.188 367.188 843.750 140.625 320.312 1000.000
304.688 -945.312 -117.188 320.312 -304.688 859.375 390.625 132.812 914.062 492.188 367.188 835.938 125.000 304.688 1015.625
312.500 -945.312 -132.812 312.500 -312.500 875.000 382.812 125.000 921.875 492.188 359.375 843.750 117.188 304.688 1007.812
351.562 -929.688 -156.250 304.688 -320.312 875.000 375.000 109.375 929.688 492.188 343.750 828.125 148.438 312.500 968.750
367.188 -953.125 -164.062 289.062 -320.312 890.625 382.812 101.562 945.312 500.000 328.125 835.938 156.250 304.688 968.750
359.375 -953.125 -164.062 304.688 -328.125 898.438 375.000 101.562 945.312 500.000 335.938 843.750 140.625 304.688 992.188
367.188 -960.938 -164.062 289.062 -328.125 906.250 375.000 109.375 945.312 484.375 335.938 843.750 132.812 304.688 992.188
375.000 -953.125 -156.250 304.688 -320.312 898.438 375.000 109.375 945.312 484.375 343.750 867.188 117.188 304.688 1000.000
359.375 -960.938 -164.062 296.875 -312.500 898.438 375.000 125.000 953.125 484.375 359.375 859.375 117.188 320.312 1000.000
351.562 -937.500 -156.250 296.875 -312.500 890.625 375.000 140.625 945.312 484.375 351.562 859.375 125.000 320.312 992.188
343.750 -921.875 -140.625 296.875 -320.312 898.438 375.000 148.438 945.312 476.562 359.375 859.375 132.812 312.500 1007.812
335.938 -968.750 -132.812 289.062 -320.312 906.250 367.188 148.438 937.500 492.188 367.188 851.562 125.000 335.938 992.188
335.938 -992.188 -125.000 304.688 -320.312 914.062 375.000 140.625 937.500 500.000 359.375 835.938 148.438 343.750 976.562
351.562 -1000.000 -117.188 281.250 -335.938 921.875 375.000 125.000 945.312 507.812 351.562 812.500 187.500 335.938 953.125
359.375 -1031.250 -109.375 289.062 -359.375 921.875 390.625 125.000 929.688 507.812 343.750 812.500 195.312 335.938 929.688
359.375 -1125.000 -93.750 273.438 -390.625 937.500 406.250 85.938 906.250 531.250 312.500 765.625 226.562 335.938 875.000
367.188 -1156.250 -70.312 273.438 -382.812 953.125 421.875 39.062 906.250 539.062 281.250 734.375 257.812 328.125 820.312
343.750 -1226.562 -39.062 242.188 -445.312 976.562 414.062 54.688 890.625 539.062 281.250 710.938 265.625 343.750 796.875
335.938 -1250.000 -39.062 234.375 -437.500 984.375 390.625 39.062 898.438 539.062 265.625 687.500 250.000 359.375 781.250
375.000 -1265.625 0.000 398.438 -367.188 1007.812 507.812 -109.375 921.875 625.000 187.500 625.000 382.812 406.250 632.812
359.375 -1328.125 15.625 242.188 -507.812 968.750 421.875 -31.250 820.312 546.875 164.062 554.688 437.500 390.625 515.625
351.562 -1406.250 39.062 320.312 -421.875 976.562 507.812 -78.125 812.500 664.062 171.875 445.312 476.562 218.750 359.375
320.312 -1476.562 62.500 289.062 -460.938 960.938 453.125 -7.812 765.625 617.188 148.438 398.438 414.062 343.750 304.688
351.562 -1781.250 15.625 257.812 -406.250 945.312 460.938 39.062 570.312 625.000 320.312 101.562 500.000 570.312 23.438
375.000 -2023.438 -23.438 390.625 -375.000 835.938 554.688 78.125 406.250 609.375 445.312 -132.812 351.562 781.250 -281.250
320.312 -1953.125 39.062 304.688 -382.812 796.875 546.875 164.062 203.125 492.188 445.312 -453.125 468.750 890.625 -796.875
226.562 -1898.438 70.312 406.250 -312.500 789.062 750.000 257.812 0.000 468.750 476.562 -632.812 304.688 937.500 -1101.562
93.750 -2007.812 -117.188 632.812 -164.062 429.688 648.438 640.625 -414.062 382.812 1304.688 -851.562 296.875 2093.750 -335.938
140.625 -2117.188 -367.188 1312.500 0.000 -85.938 789.062 1054.688 -398.438 546.875 2078.125 -531.250 132.812 2367.188 312.500
125.000 -1429.688 -617.188 1242.188 625.000 -460.938 914.062 1593.750 -335.938 195.312 2109.375 -101.562 -210.938 2179.688 375.000
179.688 -921.875 -632.812 1210.938 945.312 -554.688 781.250 1804.688 -320.312 15.625 2085.938 62.500 -585.938 2140.625 335.938
273.438 132.812 -531.250 1007.812 1382.812 -656.250 484.375 1851.562 -335.938 -250.000 1820.312 7.812 -875.000 1867.188 -148.438
765.625 859.375 -492.188 398.438 1796.875 -570.312 46.875 1890.625 -578.125 -648.438 2132.812 -117.188 -1406.250 1875.000 -62.500
867.188 1585.938 -218.750 -7.812 2046.875 -304.688 -429.688 2101.562 -335.938 -921.875 2039.062 296.875 -1554.688 1640.625 273.438
875.000 1710.938 -39.062 -125.000 2078.125 -117.188 -570.312 2117.188 -125.000 -1015.625 1984.375 507.812 -1609.375 1593.750 406.250
742.188 1351.562 328.125 -281.250 1914.062 257.812 -734.375 1945.312 164.062 -1023.438 1757.812 742.188 -1562.500 1382.812 585.938
453.125 156.250 867.188 -93.750 1218.750 554.688 -523.438 1281.250 460.938 -695.312 1109.375 765.625 -1125.000 843.750 523.438
421.875 -617.188 937.500 187.500 789.062 601.562 -250.000 921.875 484.375 -390.625 804.688 617.188 -726.562 703.125 414.062
492.188 -656.250 914.062 242.188 656.250 617.188 -148.438 835.938 453.125 -250.000 710.938 531.250 -492.188 664.062 328.125
554.688 -578.125 851.562 304.688 554.688 601.562 -15.625 726.562 382.812 -46.875 718.750 359.375 -195.312 757.812 296.875
250.000 -515.625 906.250 296.875 687.500 484.375 109.375 835.938 257.812 78.125 828.125 281.250 -109.375 835.938 312.500
210.938 -515.625 882.812 296.875 804.688 351.562 132.812 898.438 164.062 70.312 882.812 250.000 -148.438 859.375 296.875
250.000 -421.875 851.562 320.312 843.750 328.125 132.812 906.250 164.062 39.062 898.438 250.000 -148.438 890.625 281.250
273.438 -187.500 867.188 281.250 867.188 359.375 93.750 960.938 179.688 31.250 937.500 273.438 -179.688 898.438 320.312
343.750 -148.438 843.750 234.375 992.188 359.375 7.812 1078.125 210.938 -93.750 1023.438 359.375 -328.125 953.125 375.000
359.375 -117.188 867.188 210.938 1023.438 382.812 -31.250 1125.000 218.750 -125.000 1054.688 390.625 -382.812 968.750 390.625
351.562 -132.812 882.812 210.938 1031.250 390.625 -39.062 1132.812 234.375 -140.625 1062.500 390.625 -375.000 984.375 398.438
351.562 -164.062 921.875 187.500 1031.250 445.312 -54.688 1140.625 242.188 -148.438 1085.938 406.250 -375.000 1007.812 406.250
304.688 -31.250 953.125 171.875 1093.750 445.312 -31.250 1234.375 234.375 -101.562 1171.875 414.062 -375.000 1109.375 453.125
250.000 46.875 937.500 171.875 1140.625 429.688 -54.688 1218.750 250.000 -78.125 1070.312 328.125 -125.000 1140.625 375.000
265.625 -7.812 945.312 164.062 1101.562 453.125 39.062 1203.125 210.938 39.062 1226.562 328.125 -187.500 1117.188 476.562
164.062 -23.438 1023.438 187.500 1070.312 445.312 7.812 1210.938 234.375 -31.250 1171.875 367.188 -226.562 1125.000 484.375
148.438 140.625 1023.438 31.250 976.562 679.688 -195.312 1273.438 492.188 -195.312 1109.375 609.375 -414.062 1007.812 562.500
140.625 187.500 906.250 15.625 945.312 679.688 -312.500 1164.062 289.062 -31.250 1281.250 296.875 -421.875 929.688 335.938
148.438 39.062 695.312 93.750 1078.125 546.875 39.062 1257.812 328.125 -148.438 984.375 414.062 -515.625 835.938 343.750
476.562 117.188 453.125 320.312 1203.125 195.312 -39.062 1242.188 242.188 -531.250 1039.062 445.312 -546.875 1031.250 468.750
937.500 85.938 62.500 554.688 1507.812 273.438 -320.312 1484.375 570.312 -234.375 1140.625 390.625 -398.438 1335.938 453.125
1257.812 -242.188 -382.812 328.125 1531.250 109.375 -218.750 1343.750 -15.625 -468.750 1671.875 93.750 -898.438 1484.375 523.438
1203.125 -539.062 -429.688 335.938 1453.125 -23.438 39.062 1320.312 -242.188 -359.375 1875.000 -140.625 -843.750 1585.938 515.625
1195.312 -1070.312 -570.312 492.188 1195.312 46.875 421.875 1492.188 -515.625 -156.250 1953.125 -390.625 -742.188 1500.000 445.312
1164.062 -1296.875 -554.688 445.312 992.188 93.750 289.062 1554.688 -515.625 -117.188 1812.500 -445.312 -640.625 1468.750 320.312
382.812 -1421.875 -125.000 562.500 617.188 85.938 382.812 1304.688 -367.188 -15.625 1406.250 -585.938 -273.438 1609.375 -156.250
234.375 -1281.250 125.000 546.875 640.625 164.062 390.625 1187.500 -328.125 23.438 1304.688 -554.688 -265.625 1500.000 -226.562
46.875 -914.062 85.938 734.375 367.188 195.312 585.938 781.250 -476.562 203.125 1070.312 -718.750 -39.062 1234.375 -398.438
414.062 -1000.000 -117.188 718.750 312.500 140.625 757.812 781.250 -507.812 382.812 867.188 -843.750 296.875 1132.812 -570.312
7.812 -1171.875 132.812 937.500 117.188 226.562 843.750 406.250 -195.312 625.000 554.688 -609.375 718.750 898.438 -554.688
250.000 -1046.875 23.438 820.312 23.438 273.438 867.188 429.688 -140.625 671.875 468.750 -539.062 765.625 750.000 -500.000
179.688 -1281.250 85.938 820.312 -125.000 390.625 882.812 242.188 0.000 789.062 437.500 -390.625 789.062 765.625 -234.375
164.062 -1359.375 132.812 796.875 -140.625 468.750 890.625 132.812 125.000 820.312 343.750 -304.688 796.875 656.250 -156.250
429.688 -1195.312 -46.875 710.938 -281.250 632.812 750.000 117.188 421.875 765.625 296.875 101.562 617.188 484.375 257.812
468.750 -1210.938 -54.688 671.875 -289.062 664.062 726.562 140.625 476.562 757.812 304.688 187.500 578.125 484.375 335.938
523.438 -1132.812 -125.000 710.938 -375.000 671.875 734.375 140.625 531.250 726.562 289.062 304.688 507.812 421.875 476.562
531.250 -1125.000 -132.812 726.562 -382.812 695.312 734.375 109.375 578.125 742.188 265.625 359.375 476.562 398.438 515.625
539.062 -1109.375 -156.250 656.250 -453.125 781.250 703.125 54.688 695.312 734.375 234.375 468.750 445.312 367.188 632.812
554.688 -1101.562 -171.875 671.875 -460.938 781.250 679.688 78.125 703.125 710.938 242.188 500.000 406.250 343.750 664.062
601.562 -976.562 -187.500 703.125 -414.062 757.812 695.312 101.562 718.750 726.562 265.625 523.438 398.438 375.000 687.500
593.750 -921.875 -203.125 710.938 -375.000 734.375 710.938 125.000 703.125 718.750 289.062 515.625 390.625 382.812 687.500
601.562 -695.312 -234.375 664.062 -164.062 718.750 656.250 296.875 687.500 703.125 429.688 546.875 343.750 492.188 757.812
593.750 -695.312 -242.188 664.062 -132.812 710.938 656.250 335.938 679.688 687.500 460.938 546.875 312.500 507.812 781.250
601.562 -664.062 -250.000 593.750 -70.312 718.750 585.938 390.625 687.500 648.438 523.438 593.750 250.000 562.500 835.938
632.812 -632.812 -281.250 578.125 -46.875 734.375 554.688 414.062 710.938 617.188 539.062 617.188 226.562 570.312 843.750
695.312 -593.750 -359.375 570.312 -54.688 726.562 515.625 429.688 742.188 570.312 539.062 687.500 140.625 562.500 921.875
710.938 -578.125 -390.625 578.125 -54.688 734.375 507.812 421.875 757.812 570.312 531.250 695.312 140.625 546.875 929.688
757.812 -562.500 -429.688 578.125 -85.938 726.562 515.625 398.438 765.625 578.125 515.625 695.312 156.250 539.062 929.688
750.000 -562.500 -460.938 601.562 -101.562 718.750 523.438 382.812 773.438 593.750 476.562 687.500 156.250 531.250 890.625
875.000 -601.562 -656.250 507.812 -132.812 757.812 382.812 359.375 859.375 578.125 367.188 695.312 140.625 460.938 812.500
890.625 -609.375 -656.250 507.812 -125.000 796.875 406.250 367.188 882.812 476.562 367.188 734.375 117.188 460.938 851.562
882.812 -554.688 -742.188 492.188 -62.500 804.688 648.438 -101.562 1328.125 500.000 382.812 773.438 62.500 437.500 875.000
890.625 -523.438 -726.562 539.062 23.438 781.250 460.938 281.250 906.250 367.188 296.875 796.875 93.750 382.812 882.812
867.188 -554.688 -656.250 601.562 -171.875 679.688 476.562 289.062 796.875 585.938 367.188 773.438 78.125 367.188 898.438
757.812 -593.750 -515.625 843.750 -406.250 460.938 742.188 148.438 562.500 664.062 460.938 625.000 156.250 296.875 968.750
507.812 -1085.938 -351.562 937.500 -335.938 390.625 976.562 148.438 351.562 734.375 523.438 554.688 187.500 257.812 1062.500
531.250 -796.875 -203.125 1132.812 -382.812 -46.875 1054.688 132.812 335.938 726.562 445.312 585.938 226.562 257.812 1023.438
656.250 -476.562 -375.000 1062.500 -984.375 289.062 1289.062 -343.750 406.250 1101.562 93.750 406.250 578.125 93.750 812.500
351.562 -1070.312 -265.625 1039.062 -851.562 195.312 820.312 132.812 789.062 1023.438 -203.125 562.500 757.812 156.250 593.750
1015.625 -1156.250 -867.188 1429.688 -78.125 125.000 617.188 1328.125 -789.062 1726.562 851.562 -867.188 1710.938 250.000 445.312
3992.188 -500.000 -3062.500 1031.250 -1406.250 -257.812 3554.688 -921.875 -3125.000 2875.000 101.562 -906.250 1703.125 -70.312 562.500
-4000.000 2226.562 2921.875 2820.312 2171.875 609.375 -4000.000 -1445.312 3070.312 -671.875 -929.688 2343.750 -1210.938 476.562 906.250
3742.188 -1945.312 -2078.125 1062.500 -929.688 500.000 1093.750 -132.812 -15.625 1273.438 820.312 0.000 656.250 281.250 1234.375
500.000 -937.500 -812.500 -179.688 -843.750 828.125 351.562 -31.250 906.250 -46.875 570.312 390.625 -140.625 445.312 273.438
-476.562 -726.562 0.000 -148.438 -875.000 921.875 234.375 -62.500 1031.250 -382.812 960.938 890.625 -421.875 320.312 1078.125
945.312 -1703.125 -367.188 406.250 -851.562 757.812 695.312 -78.125 601.562 609.375 875.000 304.688 367.188 757.812 1031.250
625.000 -609.375 -257.812 609.375 -398.438 531.250 890.625 218.750 421.875 617.188 890.625 398.438 164.062 476.562 1031.250
625.000 -390.625 -179.688 781.250 -273.438 367.188 851.562 304.688 453.125 562.500 796.875 445.312 156.250 429.688 1070.312
632.812 -398.438 -187.500 843.750 -289.062 296.875 890.625 281.250 429.688 585.938 773.438 460.938 109.375 343.750 1039.062
656.250 -406.250 -171.875 851.562 -468.750 179.688 1015.625 85.938 359.375 640.625 679.688 429.688 109.375 296.875 968.750
640.625 -765.625 -164.062 859.375 -625.000 414.062 953.125 7.812 445.312 640.625 656.250 414.062 179.688 312.500 875.000
664.062 -890.625 -171.875 828.125 -617.188 492.188 914.062 109.375 585.938 281.250 640.625 921.875 148.438 468.750 898.438
679.688 -882.812 -187.500 765.625 -593.750 531.250 921.875 78.125 570.312 1046.875 851.562 398.438 156.250 328.125 906.250
765.625 -812.500 -203.125 804.688 -507.812 531.250 867.188 148.438 585.938 546.875 843.750 375.000 54.688 453.125 960.938
710.938 -679.688 -148.438 812.500 -398.438 476.562 851.562 250.000 562.500 593.750 875.000 312.500 85.938 500.000 968.750
718.750 -695.312 -171.875 804.688 -375.000 476.562 835.938 265.625 578.125 554.688 898.438 312.500 62.500 515.625 968.750
757.812 -726.562 -195.312 781.250 -367.188 500.000 843.750 265.625 570.312 531.250 898.438 328.125 39.062 500.000 984.375
718.750 -742.188 -171.875 750.000 -398.438 531.250 812.500 242.188 601.562 531.250 882.812 304.688 78.125 507.812 960.938
734.375 -773.438 -171.875 742.188 -437.500 531.250 812.500 203.125 593.750 523.438 851.562 351.562 46.875 484.375 960.938
773.438 -812.500 -187.500 757.812 -492.188 507.812 789.062 156.250 640.625 468.750 851.562 406.250 0.000 437.500 984.375
789.062 -781.250 -210.938 757.812 -523.438 500.000 835.938 117.188 593.750 492.188 835.938 421.875 -23.438 390.625 953.125
757.812 -781.250 -156.250 828.125 -554.688 429.688 812.500 70.312 601.562 476.562 734.375 421.875 39.062 351.562 906.250
757.812 -765.625 -132.812 695.312 -757.812 609.375 765.625 -93.750 671.875 476.562 687.500 460.938 54.688 289.062 882.812
757.812 -765.625 -70.312 609.375 -796.875 695.312 609.375 -85.938 859.375 453.125 609.375 531.250 62.500 289.062 851.562
695.312 -718.750 -31.250 585.938 -781.250 718.750 507.812 -31.250 984.375 429.688 648.438 546.875 7.812 335.938 906.250
703.125 -515.625 -85.938 546.875 -585.938 773.438 359.375 187.500 945.312 289.062 843.750 539.062 -70.312 406.250 1046.875
367.188 -515.625 210.938 750.000 -375.000 679.688 781.250 507.812 406.250 148.438 1054.688 218.750 -70.312 882.812 1281.250
359.375 -429.688 210.938 484.375 140.625 562.500 757.812 726.562 187.500 -117.188 1078.125 609.375 -117.188 546.875 1343.750
523.438 -734.375 7.812 695.312 187.500 382.812 1039.062 617.188 0.000 710.938 1000.000 320.312 7.812 710.938 1328.125
742.188 -617.188 -250.000 851.562 62.500 265.625 1210.938 476.562 -62.500 578.125 640.625 132.812 23.438 515.625 718.750
812.500 -671.875 -375.000 1046.875 -414.062 265.625 1265.625 148.438 125.000 882.812 492.188 -7.812 445.312 546.875 539.062
1000.000 -882.812 -390.625 1132.812 -460.938 179.688 1312.500 101.562 54.688 1257.812 562.500 7.812 289.062 218.750 750.000
1007.812 -828.125 -398.438 1156.250 -476.562 148.438 1304.688 70.312 78.125 828.125 414.062 125.000 179.688 226.562 687.500
937.500 -539.062 -390.625 968.750 -625.000 164.062 1140.625 -101.562 117.188 898.438 359.375 281.250 328.125 109.375 757.812
937.500 -609.375 -382.812 1078.125 -632.812 148.438 1078.125 -62.500 210.938 765.625 328.125 296.875 296.875 312.500 765.625
953.125 -617.188 -343.750 1007.812 -585.938 179.688 1156.250 -15.625 367.188 726.562 390.625 484.375 179.688 234.375 914.062
906.250 -601.562 -320.312 921.875 -445.312 242.188 937.500 70.312 242.188 601.562 492.188 320.312 195.312 335.938 921.875
835.938 -453.125 -265.625 835.938 -289.062 296.875 828.125 234.375 289.062 609.375 593.750 312.500 218.750 367.188 882.812
796.875 -335.938 -281.250 890.625 -218.750 296.875 906.250 382.812 226.562 703.125 796.875 234.375 156.250 539.062 976.562
820.312 -421.875 -281.250 703.125 -195.312 468.750 882.812 328.125 296.875 703.125 765.625 195.312 218.750 578.125 898.438
812.500 -445.312 -250.000 710.938 -210.938 484.375 867.188 320.312 320.312 695.312 757.812 203.125 218.750 585.938 890.625
742.188 -679.688 -187.500 828.125 -320.312 437.500 937.500 328.125 304.688 710.938 726.562 210.938 218.750 554.688 875.000
710.938 -789.062 -148.438 789.062 -289.062 468.750 914.062 218.750 343.750 695.312 640.625 242.188 226.562 484.375 835.938
726.562 -656.250 -156.250 906.250 -257.812 406.250 929.688 281.250 296.875 742.188 687.500 234.375 234.375 492.188 867.188
726.562 -648.438 -156.250 921.875 -257.812 398.438 906.250 296.875 312.500 710.938 703.125 250.000 203.125 515.625 914.062
757.812 -507.812 -171.875 882.812 -210.938 429.688 890.625 343.750 359.375 710.938 781.250 296.875 171.875 562.500 1000.000
781.250 -460.938 -203.125 835.938 -218.750 492.188 820.312 335.938 421.875 679.688 820.312 281.250 171.875 593.750 1007.812
773.438 -554.688 -171.875 804.688 -203.125 531.250 835.938 335.938 398.438 695.312 804.688 226.562 203.125 632.812 976.562
750.000 -578.125 -156.250 843.750 -226.562 468.750 867.188 398.438 328.125 773.438 820.312 218.750 242.188 640.625 953.125
726.562 -593.750 -148.438 867.188 -132.812 445.312 828.125 398.438 304.688 695.312 742.188 179.688 296.875 625.000 898.438
734.375 -500.000 -148.438 875.000 -93.750 468.750 828.125 335.938 265.625 679.688 664.062 171.875 281.250 523.438 890.625
867.188 -648.438 -281.250 1062.500 -132.812 304.688 937.500 273.438 140.625 750.000 687.500 218.750 335.938 218.750 843.750
968.750 -734.375 -312.500 1093.750 -156.250 265.625 1015.625 101.562 125.000 867.188 562.500 132.812 312.500 343.750 804.688
984.375 -632.812 -328.125 890.625 -421.875 328.125 1000.000 7.812 93.750 828.125 343.750 109.375 421.875 210.938 718.750
984.375 -687.500 -320.312 796.875 -453.125 445.312 968.750 -54.688 125.000 914.062 343.750 109.375 421.875 296.875 664.062
937.500 -757.812 -304.688 906.250 -539.062 382.812 1070.312 132.812 46.875 875.000 453.125 70.312 398.438 265.625 664.062
882.812 -609.375 -265.625 1015.625 -375.000 460.938 1101.562 281.250 -31.250 1023.438 539.062 -70.312 484.375 234.375 781.250
828.125 -468.750 -132.812 601.562 -328.125 554.688 1054.688 54.688 39.062 890.625 343.750 -15.625 679.688 585.938 718.750
750.000 -445.312 -156.250 703.125 -234.375 539.062 1015.625 218.750 132.812 898.438 593.750 70.312 562.500 429.688 718.750
851.562 -320.312 -62.500 632.812 -164.062 554.688 968.750 148.438 78.125 937.500 484.375 -23.438 515.625 515.625 757.812
718.750 -242.188 -23.438 671.875 -187.500 507.812 960.938 125.000 70.312 875.000 460.938 15.625 562.500 476.562 734.375
750.000 -328.125 -31.250 945.312 -148.438 601.562 828.125 148.438 -7.812 812.500 468.750 54.688 539.062 335.938 710.938
804.688 -500.000 -54.688 882.812 -320.312 367.188 1062.500 70.312 -15.625 898.438 429.688 62.500 554.688 335.938 718.750
890.625 -757.812 -78.125 992.188 -578.125 390.625 1117.188 7.812 125.000 820.312 468.750 187.500 500.000 281.250 796.875
843.750 -1085.938 -15.625 1046.875 -468.750 289.062 1140.625 85.938 -54.688 843.750 476.562 171.875 468.750 492.188 875.000
710.938 -937.500 109.375 742.188 -554.688 539.062 1062.500 -148.438 39.062 953.125 289.062 23.438 539.062 390.625 750.000
609.375 -570.312 93.750 953.125 -335.938 406.250 1007.812 39.062 125.000 703.125 507.812 187.500 585.938 398.438 679.688
804.688 -585.938 46.875 976.562 -312.500 343.750 1046.875 156.250 31.250 835.938 609.375 148.438 546.875 453.125 781.250
664.062 -476.562 109.375 718.750 -273.438 531.250 992.188 46.875 93.750 898.438 554.688 46.875 406.250 492.188 906.250
703.125 -601.562 101.562 765.625 -320.312 476.562 914.062 125.000 125.000 781.250 625.000 125.000 437.500 484.375 882.812
820.312 -570.312 101.562 726.562 -335.938 546.875 968.750 -7.812 101.562 851.562 515.625 109.375 375.000 437.500 882.812
765.625 -515.625 109.375 757.812 -375.000 515.625 1015.625 -23.438 70.312 921.875 500.000 93.750 421.875 453.125 843.750
828.125 -531.250 70.312 796.875 -437.500 421.875 1023.438 -85.938 -15.625 906.250 375.000 62.500 531.250 328.125 718.750
812.500 -500.000 85.938 734.375 -460.938 414.062 1007.812 -140.625 -15.625 882.812 335.938 85.938 507.812 296.875 734.375
851.562 -585.938 46.875 968.750 -375.000 328.125 1039.062 -101.562 7.812 882.812 406.250 125.000 562.500 406.250 718.750
859.375 -687.500 70.312 859.375 -429.688 359.375 1000.000 -132.812 15.625 882.812 375.000 140.625 523.438 351.562 757.812
812.500 -570.312 54.688 843.750 -437.500 453.125 992.188 -171.875 156.250 828.125 445.312 234.375 453.125 359.375 812.500
945.312 -695.312 23.438 898.438 -343.750 390.625 1023.438 -93.750 117.188 851.562 523.438 234.375 414.062 390.625 914.062
789.062 -625.000 78.125 875.000 -375.000 421.875 1031.250 -140.625 117.188 882.812 500.000 218.750 406.250 375.000 914.062
796.875 -632.812 62.500 890.625 -382.812 406.250 1039.062 -132.812 117.188 875.000 500.000 234.375 421.875 375.000 906.250
867.188 -679.688 39.062 859.375 -453.125 414.062 1039.062 -187.500 93.750 906.250 445.312 210.938 421.875 351.562 882.812
804.688 -632.812 78.125 867.188 -429.688 406.250 1000.000 -179.688 117.188 867.188 437.500 226.562 429.688 312.500 859.375
820.312 -578.125 70.312 859.375 -398.438 367.188 1000.000 -117.188 39.062 898.438 445.312 171.875 445.312 343.750 875.000
781.250 -546.875 78.125 898.438 -328.125 328.125 976.562 -117.188 31.250 906.250 429.688 117.188 476.562 320.312 859.375
812.500 -468.750 54.688 914.062 -343.750 304.688 1023.438 -125.000 15.625 906.250 437.500 156.250 453.125 312.500 859.375
851.562 -539.062 46.875 875.000 -359.375 343.750 945.312 -187.500 101.562 835.938 421.875 234.375 421.875 265.625 867.188
898.438 -539.062 31.250 851.562 -429.688 406.250 984.375 -203.125 132.812 859.375 437.500 265.625 406.250 320.312 875.000
906.250 -585.938 39.062 867.188 -414.062 398.438 1015.625 -179.688 125.000 867.188 468.750 242.188 421.875 328.125 875.000
875.000 -609.375 54.688 898.438 -382.812 359.375 1046.875 -140.625 85.938 906.250 492.188 210.938 429.688 359.375 898.438
851.562 -585.938 54.688 882.812 -382.812 359.375 1015.625 -140.625 78.125 867.188 460.938 218.750 437.500 328.125 890.625
882.812 -570.312 54.688 890.625 -406.250 359.375 1046.875 -156.250 70.312 898.438 453.125 203.125 468.750 335.938 851.562
890.625 -593.750 46.875 906.250 -421.875 351.562 1070.312 -148.438 46.875 921.875 460.938 195.312 476.562 335.938 843.750
859.375 -617.188 78.125 859.375 -414.062 382.812 1000.000 -210.938 132.812 867.188 429.688 257.812 445.312 304.688 859.375
890.625 -617.188 62.500 859.375 -414.062 437.500 1031.250 -210.938 187.500 843.750 476.562 296.875 437.500 320.312 875.000
960.938 -765.625 39.062 859.375 -398.438 453.125 1062.500 -195.312 203.125 875.000 515.625 320.312 390.625 359.375 945.312
976.562 -828.125 31.250 843.750 -398.438 453.125 1054.688 -210.938 218.750 875.000 523.438 328.125 390.625 367.188 953.125
960.938 -781.250 31.250 796.875 -390.625 531.250 1070.312 -257.812 265.625 890.625 492.188 335.938 421.875 406.250 921.875
921.875 -781.250 78.125 726.562 -421.875 562.500 1007.812 -304.688 273.438 937.500 468.750 328.125 437.500 335.938 882.812
835.938 -804.688 117.188 593.750 -398.438 656.250 906.250 -343.750 390.625 828.125 406.250 335.938 507.812 296.875 796.875
835.938 -882.812 117.188 437.500 164.062 640.625 906.250 -765.625 390.625 898.438 179.688 367.188 546.875 304.688 742.188
796.875 -1093.750 242.188 484.375 -656.250 789.062 820.312 -101.562 484.375 734.375 593.750 335.938 539.062 164.062 718.750
648.438 -1351.562 304.688 265.625 -539.062 906.250 585.938 -382.812 593.750 617.188 398.438 476.562 351.562 414.062 750.000
554.688 -984.375 195.312 320.312 -835.938 929.688 500.000 -171.875 617.188 406.250 546.875 523.438 117.188 320.312 789.062
664.062 -835.938 117.188 304.688 -695.312 843.750 476.562 -234.375 671.875 398.438 515.625 554.688 39.062 367.188 796.875
976.562 -593.750 -125.000 156.250 -414.062 765.625 429.688 -187.500 664.062 335.938 570.312 578.125 -78.125 492.188 812.500
960.938 -54.688 -101.562 687.500 -421.875 414.062 679.688 179.688 312.500 500.000 718.750 406.250 -7.812 554.688 1039.062
0.000 1601.562 625.000 960.938 203.125 414.062 -398.438 109.375 1976.562 773.438 -31.250 1179.688 46.875 296.875 1265.625
789.062 585.938 -281.250 1609.375 0.000 132.812 882.812 320.312 742.188 523.438 546.875 585.938 203.125 117.188 1164.062
359.375 -7.812 242.188 687.500 15.625 726.562 453.125 -109.375 773.438 562.500 531.250 515.625 304.688 109.375 1257.812
937.500 -156.250 492.188 1156.250 -914.062 671.875 1523.438 -234.375 171.875 1507.812 523.438 453.125 507.812 23.438 1125.000
1046.875 257.812 85.938 843.750 -273.438 515.625 1109.375 7.812 375.000 914.062 273.438 484.375 460.938 54.688 945.312
804.688 210.938 476.562 953.125 -367.188 562.500 992.188 -492.188 523.438 929.688 234.375 507.812 414.062 148.438 875.000
1195.312 328.125 70.312 1046.875 -375.000 578.125 1117.188 -23.438 437.500 742.188 351.562 453.125 367.188 -23.438 875.000
953.125 273.438 257.812 1000.000 -265.625 492.188 1054.688 -31.250 460.938 968.750 421.875 414.062 500.000 39.062 968.750
976.562 320.312 296.875 968.750 -195.312 562.500 937.500 -78.125 507.812 945.312 398.438 421.875 453.125 203.125 929.688
937.500 281.250 312.500 976.562 -226.562 523.438 1000.000 -93.750 453.125 828.125 406.250 460.938 375.000 148.438 929.688
890.625 218.750 335.938 835.938 -226.562 539.062 882.812 -93.750 484.375 781.250 437.500 453.125 312.500 156.250 937.500
812.500 70.312 375.000 664.062 -140.625 601.562 734.375 -93.750 570.312 703.125 476.562 492.188 296.875 210.938 945.312
796.875 7.812 398.438 632.812 -125.000 632.812 710.938 -70.312 617.188 718.750 468.750 500.000 296.875 226.562 953.125
828.125 0.000 406.250 609.375 -140.625 656.250 718.750 -78.125 617.188 726.562 476.562 500.000 304.688 242.188 960.938
843.750 -7.812 414.062 671.875 -187.500 679.688 773.438 -109.375 609.375 710.938 468.750 515.625 265.625 187.500 960.938
914.062 31.250 429.688 703.125 -203.125 710.938 812.500 -148.438 648.438 734.375 453.125 562.500 265.625 179.688 968.750
937.500 62.500 414.062 796.875 -226.562 703.125 703.125 -117.188 664.062 703.125 460.938 593.750 210.938 179.688 992.188
960.938 78.125 406.250 742.188 -210.938 718.750 796.875 -148.438 695.312 695.312 429.688 609.375 210.938 179.688 992.188
968.750 78.125 398.438 671.875 -187.500 750.000 843.750 -101.562 656.250 679.688 437.500 617.188 242.188 164.062 976.562
968.750 54.688 406.250 968.750 -203.125 742.188 390.625 -78.125 734.375 664.062 414.062 648.438 242.188 179.688 984.375
953.125 15.625 382.812 578.125 -156.250 757.812 554.688 -54.688 812.500 500.000 546.875 718.750 125.000 281.250 1093.750
937.500 -31.250 382.812 500.000 -132.812 773.438 468.750 -15.625 867.188 445.312 664.062 765.625 0.000 343.750 1187.500
757.812 -343.750 507.812 406.250 -125.000 812.500 398.438 54.688 945.312 257.812 843.750 914.062 -125.000 453.125 1328.125
945.312 -93.750 398.438 382.812 -117.188 843.750 359.375 78.125 992.188 257.812 859.375 921.875 -15.625 328.125 1343.750
695.312 -210.938 617.188 617.188 -101.562 851.562 835.938 0.000 781.250 882.812 593.750 492.188 585.938 414.062 1132.812
625.000 -171.875 632.812 640.625 -78.125 812.500 851.562 39.062 734.375 929.688 578.125 531.250 453.125 421.875 1164.062
773.438 109.375 570.312 468.750 -164.062 992.188 734.375 -210.938 851.562 875.000 562.500 570.312 312.500 367.188 1242.188
468.750 296.875 703.125 656.250 -281.250 914.062 1000.000 -148.438 609.375 687.500 632.812 515.625 179.688 453.125 1265.625
1132.812 1054.688 304.688 1539.062 -531.250 171.875 1546.875 -23.438 -125.000 601.562 70.312 117.188 -218.750 273.438 765.625
671.875 585.938 351.562 1312.500 -250.000 93.750 1156.250 -179.688 -117.188 671.875 -7.812 -15.625 -117.188 31.250 359.375
1078.125 -265.625 70.312 875.000 -343.750 226.562 1242.188 -7.812 -195.312 335.938 304.688 -375.000 812.500 -390.625 -312.500
1375.000 -187.500 -117.188 593.750 -281.250 351.562 968.750 15.625 54.688 476.562 15.625 -375.000 781.250 -31.250 -515.625
1414.062 -1562.500 -164.062 140.625 -257.812 671.875 687.500 -187.500 500.000 1203.125 242.188 -273.438 1101.562 750.000 218.750
1296.875 -1539.062 -46.875 0.000 -335.938 835.938 570.312 -218.750 617.188 1226.562 312.500 -39.062 1078.125 593.750 148.438
1171.875 -1765.625 125.000 -70.312 -203.125 734.375 570.312 -187.500 554.688 906.250 375.000 226.562 976.562 398.438 273.438
1281.250 -1593.750 195.312 265.625 -257.812 492.188 812.500 -70.312 398.438 1000.000 343.750 218.750 867.188 382.812 382.812
695.312 -523.438 468.750 773.438 -171.875 125.000 703.125 -156.250 31.250 1054.688 218.750 -250.000 859.375 210.938 328.125
757.812 -304.688 507.812 789.062 -93.750 195.312 882.812 -281.250 101.562 937.500 -23.438 -257.812 851.562 93.750 125.000
-3812.500 1859.375 203.125 492.188 -1710.938 1195.312 1265.625 -960.938 218.750 1039.062 -437.500 31.250 1351.562 -851.562 -7.812
2296.875 -1484.375 1687.500 703.125 -3171.875 2484.375 1671.875 -1343.750 164.062 1453.125 -851.562 -312.500 1343.750 -648.438 -289.062
1500.000 156.250 593.750 585.938 -859.375 859.375 1007.812 -789.062 328.125 492.188 -398.438 335.938 140.625 -554.688 234.375
960.938 23.438 476.562 1406.250 -546.875 468.750 62.500 -523.438 460.938 1117.188 187.500 617.188 -54.688 617.188 648.438
984.375 -85.938 273.438 1179.688 -468.750 648.438 -695.312 -62.500 921.875 -460.938 781.250 1046.875 -109.375 1500.000 1843.750
1039.062 -179.688 320.312 289.062 -226.562 695.312 203.125 -281.250 929.688 679.688 718.750 945.312 -210.938 1070.312 1625.000
890.625 -359.375 437.500 531.250 -304.688 789.062 429.688 -476.562 734.375 812.500 210.938 562.500 343.750 429.688 929.688
882.812 -179.688 437.500 656.250 -281.250 726.562 664.062 -406.250 734.375 882.812 375.000 625.000 375.000 554.688 1125.000
960.938 0.000 429.688 757.812 -250.000 648.438 890.625 -445.312 710.938 875.000 242.188 523.438 312.500 312.500 1015.625
937.500 15.625 429.688 867.188 -296.875 640.625 789.062 -421.875 664.062 984.375 234.375 585.938 359.375 296.875 1054.688
937.500 -7.812 437.500 835.938 -359.375 664.062 765.625 -484.375 664.062 945.312 171.875 593.750 343.750 257.812 1093.750
1078.125 23.438 460.938 960.938 -554.688 687.500 875.000 -664.062 593.750 976.562 0.000 632.812 375.000 7.812 992.188
1062.500 109.375 429.688 1007.812 -578.125 617.188 906.250 -664.062 554.688 945.312 -23.438 632.812 320.312 -54.688 1000.000
1054.688 132.812 437.500 1000.000 -539.062 593.750 875.000 -617.188 546.875 921.875 15.625 632.812 304.688 -31.250 1023.438
1031.250 156.250 414.062 937.500 -492.188 539.062 812.500 -562.500 539.062 835.938 70.312 640.625 234.375 0.000 1023.438
1007.812 39.062 351.562 703.125 -460.938 554.688 554.688 -539.062 570.312 625.000 140.625 703.125 70.312 54.688 1031.250
960.938 -156.250 328.125 476.562 -429.688 632.812 335.938 -531.250 625.000 546.875 203.125 734.375 62.500 125.000 1015.625
921.875 -289.062 328.125 328.125 -406.250 687.500 210.938 -515.625 679.688 492.188 257.812 742.188 54.688 179.688 1031.250
796.875 -554.688 359.375 109.375 -312.500 804.688 46.875 -437.500 789.062 484.375 382.812 742.188 132.812 343.750 1039.062
546.875 -710.938 437.500 -78.125 70.312 882.812 -78.125 -85.938 1007.812 515.625 796.875 679.688 148.438 773.438 1164.062
484.375 -781.250 656.250 109.375 296.875 851.562 109.375 93.750 1054.688 625.000 984.375 562.500 179.688 1031.250 1234.375
507.812 -445.312 578.125 242.188 367.188 828.125 281.250 132.812 1070.312 757.812 1039.062 562.500 250.000 1015.625 1281.250
531.250 -281.250 679.688 609.375 273.438 789.062 523.438 39.062 1023.438 812.500 859.375 601.562 203.125 898.438 1218.750
718.750 289.062 617.188 1125.000 -85.938 726.562 757.812 -257.812 929.688 1140.625 718.750 757.812 195.312 515.625 1414.062
-85.938 679.688 953.125 1335.938 -507.812 593.750 593.750 -875.000 1000.000 531.250 218.750 1132.812 -195.312 226.562 1585.938
1734.375 -15.625 656.250 1601.562 -750.000 937.500 1289.062 -421.875 648.438 531.250 710.938 617.188 -148.438 -109.375 1296.875
1093.750 -187.500 617.188 804.688 -625.000 781.250 765.625 -921.875 226.562 437.500 -718.750 117.188 -15.625 -828.125 -117.188
859.375 -93.750 570.312 210.938 -851.562 609.375 976.562 -1226.562 234.375 250.000 -1054.688 226.562 929.688 -195.312 -85.938
742.188 -328.125 554.688 359.375 -828.125 500.000 765.625 -531.250 179.688 320.312 31.250 351.562 148.438 453.125 375.000
632.812 -195.312 640.625 375.000 -921.875 414.062 1078.125 -523.438 -15.625 875.000 -179.688 -156.250 1078.125 656.250 695.312
648.438 -1281.250 437.500 429.688 -1414.062 281.250 1304.688 375.000 -265.625 1437.500 203.125 -718.750 1343.750 218.750 -93.750
781.250 -1195.312 382.812 835.938 -39.062 -15.625 1015.625 414.062 -54.688 1015.625 414.062 -445.312 1039.062 437.500 250.000
1007.812 -414.062 250.000 1085.938 203.125 -39.062 921.875 476.562 70.312 875.000 523.438 -406.250 929.688 554.688 335.938
1140.625 -210.938 257.812 984.375 164.062 31.250 960.938 523.438 62.500 1070.312 539.062 -453.125 976.562 554.688 367.188
1101.562 -250.000 195.312 812.500 85.938 156.250 929.688 445.312 39.062 953.125 414.062 -468.750 906.250 484.375 265.625
945.312 -328.125 320.312 1000.000 -54.688 187.500 960.938 125.000 78.125 984.375 117.188 -445.312 1031.250 359.375 109.375
843.750 -492.188 476.562 906.250 -453.125 164.062 1148.438 148.438 -101.562 1054.688 164.062 -343.750 898.438 148.438 257.812
851.562 -632.812 460.938 1046.875 -406.250 125.000 1078.125 140.625 -85.938 976.562 148.438 -335.938 921.875 195.312 257.812
820.312 -515.625 492.188 984.375 -398.438 164.062 1062.500 39.062 -15.625 968.750 39.062 -328.125 945.312 156.250 242.188
867.188 -406.250 492.188 1015.625 -367.188 164.062 1164.062 39.062 -54.688 1125.000 23.438 -398.438 1039.062 195.312 187.500
835.938 -445.312 492.188 1070.312 -273.438 125.000 1140.625 109.375 -46.875 1046.875 85.938 -445.312 1039.062 250.000 187.500
742.188 -375.000 523.438 976.562 -320.312 179.688 1023.438 85.938 7.812 1007.812 54.688 -398.438 1023.438 250.000 179.688
750.000 -351.562 515.625 890.625 -250.000 257.812 960.938 93.750 109.375 929.688 164.062 -296.875 960.938 265.625 257.812
906.250 -398.438 414.062 914.062 -226.562 265.625 960.938 164.062 132.812 937.500 234.375 -320.312 945.312 351.562 289.062
710.938 -351.562 492.188 898.438 -164.062 257.812 960.938 164.062 125.000 976.562 210.938 -335.938 953.125 343.750 281.250
703.125 -398.438 500.000 929.688 -210.938 226.562 984.375 195.312 101.562 1007.812 210.938 -351.562 953.125 320.312 273.438
695.312 -531.250 500.000 945.312 -203.125 226.562 1007.812 62.500 70.312 1023.438 62.500 -367.188 976.562 234.375 195.312
726.562 -335.938 507.812 882.812 -312.500 312.500 929.688 -117.188 132.812 1015.625 -62.500 -273.438 953.125 187.500 195.312
976.562 -460.938 335.938 859.375 -265.625 289.062 875.000 -62.500 140.625 960.938 -46.875 -273.438 882.812 7.812 234.375
968.750 -507.812 359.375 898.438 -226.562 234.375 93.750 -156.250 148.438 1179.688 -31.250 -242.188 914.062 -62.500 343.750
1031.250 -570.312 335.938 1000.000 -218.750 210.938 1125.000 78.125 7.812 937.500 375.000 -101.562 781.250 789.062 -46.875
867.188 -429.688 367.188 992.188 -117.188 304.688 984.375 -62.500 93.750 750.000 351.562 -367.188 835.938 242.188 312.500
906.250 -460.938 312.500 906.250 -140.625 242.188 742.188 171.875 125.000 835.938 851.562 -109.375 718.750 546.875 312.500
921.875 -507.812 304.688 875.000 -203.125 281.250 921.875 93.750 -31.250 734.375 585.938 -164.062 835.938 359.375 343.750
796.875 -414.062 367.188 984.375 -179.688 234.375 1015.625 320.312 250.000 742.188 437.500 78.125 710.938 250.000 289.062
1039.062 -265.625 218.750 953.125 -156.250 250.000 1085.938 343.750 210.938 882.812 289.062 31.250 515.625 531.250 367.188
1101.562 -242.188 265.625 1000.000 -62.500 210.938 1148.438 234.375 117.188 1000.000 398.438 -23.438 375.000 632.812 429.688
1093.750 -78.125 304.688 1031.250 -85.938 164.062 1234.375 265.625 7.812 929.688 414.062 -117.188 164.062 585.938 429.688
1382.812 -93.750 148.438 1171.875 -15.625 46.875 1031.250 289.062 -93.750 851.562 460.938 0.000 46.875 742.188 835.938
718.750 -679.688 593.750 1046.875 -62.500 -78.125 1289.062 328.125 -257.812 1062.500 695.312 195.312 62.500 976.562 1625.000
593.750 -296.875 640.625 812.500 -78.125 31.250 1031.250 62.500 -195.312 812.500 804.688 250.000 437.500 234.375 1476.562
867.188 31.250 460.938 656.250 -476.562 335.938 679.688 39.062 15.625 609.375 531.250 195.312 343.750 515.625 1054.688
85.938 273.438 640.625 710.938 -843.750 968.750 515.625 -382.812 554.688 890.625 312.500 453.125 445.312 179.688 914.062
921.875 882.812 78.125 -437.500 -617.188 898.438 -46.875 257.812 1148.438 273.438 -382.812 960.938 242.188 312.500 1007.812
1617.188 281.250 257.812 585.938 -687.500 890.625 -562.500 -85.938 1140.625 218.750 1187.500 507.812 312.500 15.625 992.188
992.188 -367.188 593.750 679.688 -484.375 742.188 960.938 117.188 726.562 257.812 625.000 1109.375 -78.125 -31.250 1296.875
968.750 -78.125 414.062 812.500 -226.562 679.688 804.688 23.438 695.312 820.312 617.188 570.312 78.125 421.875 1078.125
929.688 54.688 453.125 812.500 -148.438 640.625 710.938 117.188 695.312 656.250 468.750 531.250 195.312 265.625 859.375
859.375 62.500 476.562 890.625 -31.250 609.375 906.250 109.375 679.688 562.500 531.250 640.625 164.062 203.125 960.938
867.188 39.062 500.000 875.000 -39.062 625.000 875.000 117.188 656.250 750.000 562.500 578.125 226.562 320.312 1031.250
898.438 -15.625 492.188 835.938 -140.625 656.250 835.938 31.250 664.062 710.938 476.562 570.312 250.000 289.062 929.688
929.688 -31.250 468.750 773.438 -195.312 671.875 781.250 -7.812 695.312 703.125 453.125 609.375 203.125 250.000 968.750
960.938 -15.625 460.938 789.062 -218.750 664.062 773.438 -15.625 679.688 609.375 453.125 648.438 140.625 218.750 968.750
953.125 23.438 437.500 812.500 -210.938 632.812 789.062 -23.438 656.250 617.188 445.312 640.625 132.812 210.938 984.375
945.312 31.250 429.688 796.875 -218.750 609.375 789.062 -31.250 640.625 648.438 421.875 632.812 156.250 203.125 960.938
921.875 0.000 437.500 796.875 -210.938 632.812 804.688 -23.438 640.625 648.438 429.688 632.812 171.875 195.312 968.750
914.062 0.000 429.688 773.438 -203.125 625.000 781.250 -7.812 648.438 656.250 445.312 632.812 164.062 203.125 992.188
859.375 -85.938 445.312 640.625 -148.438 679.688 648.438 23.438 710.938 523.438 500.000 671.875 70.312 234.375 1007.812
781.250 -203.125 460.938 445.312 -46.875 757.812 460.938 117.188 820.312 492.188 593.750 687.500 15.625 351.562 1031.250
781.250 -257.812 429.688 351.562 -7.812 796.875 312.500 187.500 898.438 226.562 664.062 789.062 -179.688 257.812 1023.438
765.625 -281.250 484.375 343.750 -23.438 812.500 343.750 164.062 906.250 273.438 640.625 789.062 -132.812 210.938 1007.812
851.562 -203.125 500.000 593.750 -78.125 789.062 578.125 125.000 867.188 414.062 492.188 765.625 70.312 187.500 960.938
937.500 -46.875 523.438 914.062 -125.000 679.688 898.438 -15.625 742.188 718.750 320.312 703.125 414.062 140.625 921.875
921.875 93.750 687.500 1210.938 -382.812 437.500 718.750 -156.250 453.125 921.875 226.562 562.500 460.938 85.938 890.625
1054.688 15.625 437.500 1453.125 -171.875 500.000 1703.125 0.000 640.625 1242.188 304.688 710.938 554.688 62.500 898.438
593.750 218.750 554.688 1453.125 -257.812 601.562 898.438 -757.812 617.188 679.688 -109.375 679.688 296.875 -85.938 882.812
1703.125 93.750 -281.250 648.438 0.000 539.062 1046.875 -62.500 132.812 835.938 179.688 414.062 328.125 421.875 867.188
1875.000 117.188 -218.750 -289.062 -953.125 125.000 718.750 -203.125 351.562 867.188 1382.812 -421.875 414.062 882.812 789.062
1031.250 -757.812 382.812 1703.125 -1757.812 -39.062 476.562 773.438 335.938 953.125 1015.625 -31.250 179.688 1234.375 804.688
875.000 -539.062 476.562 507.812 -695.312 625.000 1039.062 -265.625 -101.562 625.000 539.062 54.688 -54.688 640.625 734.375
820.312 -390.625 390.625 546.875 -671.875 593.750 1179.688 132.812 187.500 1062.500 859.375 -125.000 171.875 718.750 859.375
742.188 187.500 351.562 898.438 -39.062 398.438 1023.438 179.688 250.000 734.375 515.625 226.562 78.125 593.750 1078.125
648.438 515.625 523.438 921.875 101.562 242.188 914.062 -164.062 421.875 437.500 617.188 289.062 -70.312 671.875 1164.062
992.188 421.875 312.500 695.312 -140.625 367.188 1171.875 1039.062 992.188 492.188 -117.188 1000.000 406.250 39.062 789.062
906.250 -273.438 507.812 515.625 -390.625 703.125 632.812 398.438 750.000 -62.500 835.938 820.312 250.000 148.438 1164.062
898.438 -226.562 468.750 703.125 -367.188 632.812 515.625 375.000 687.500 804.688 437.500 585.938 117.188 453.125 835.938
945.312 -195.312 429.688 507.812 -335.938 648.438 296.875 445.312 726.562 531.250 398.438 570.312 0.000 406.250 781.250
812.500 -78.125 445.312 578.125 -164.062 617.188 429.688 593.750 679.688 398.438 734.375 757.812 -15.625 406.250 1085.938
867.188 156.250 453.125 835.938 -125.000 492.188 750.000 468.750 562.500 648.438 695.312 570.312 78.125 429.688 984.375
929.688 210.938 445.312 960.938 -148.438 476.562 820.312 492.188 554.688 703.125 640.625 593.750 156.250 382.812 1007.812
960.938 195.312 437.500 1000.000 -203.125 468.750 906.250 375.000 562.500 734.375 609.375 593.750 187.500 335.938 1015.625
1015.625 187.500 421.875 1023.438 -304.688 460.938 898.438 289.062 570.312 757.812 492.188 578.125 242.188 265.625 937.500
1031.250 164.062 382.812 1007.812 -343.750 453.125 898.438 257.812 578.125 773.438 421.875 562.500 289.062 257.812 914.062
976.562 101.562 375.000 960.938 -296.875 453.125 882.812 281.250 570.312 773.438 429.688 546.875 304.688 281.250 914.062
945.312 78.125 398.438 882.812 -289.062 484.375 851.562 296.875 562.500 757.812 453.125 546.875 312.500 304.688 914.062
906.250 31.250 406.250 820.312 -257.812 500.000 773.438 328.125 562.500 695.312 500.000 539.062 265.625 351.562 914.062
820.312 -54.688 437.500 687.500 -203.125 554.688 703.125 359.375 562.500 648.438 585.938 546.875 187.500 406.250 929.688
828.125 -54.688 437.500 664.062 -203.125 562.500 640.625 351.562 570.312 609.375 562.500 523.438 203.125 421.875 890.625
820.312 -39.062 445.312 679.688 -203.125 554.688 679.688 367.188 570.312 593.750 578.125 531.250 171.875 414.062 898.438
820.312 7.812 453.125 750.000 -156.250 523.438 687.500 382.812 554.688 578.125 601.562 531.250 156.250 421.875 929.688
820.312 46.875 445.312 820.312 -171.875 492.188 757.812 367.188 515.625 656.250 585.938 515.625 203.125 398.438 898.438
828.125 46.875 460.938 835.938 -210.938 476.562 796.875 328.125 492.188 656.250 554.688 492.188 234.375 375.000 875.000
828.125 46.875 468.750 812.500 -226.562 468.750 789.062 335.938 492.188 679.688 554.688 500.000 242.188 382.812 898.438
812.500 31.250 492.188 789.062 -312.500 460.938 757.812 375.000 507.812 710.938 546.875 492.188 312.500 390.625 875.000
726.562 -78.125 531.250 664.062 -250.000 554.688 742.188 382.812 507.812 789.062 617.188 421.875 437.500 515.625 914.062
687.500 -39.062 539.062 640.625 -171.875 601.562 773.438 437.500 515.625 796.875 632.812 468.750 414.062 531.250 945.312
679.688 -7.812 531.250 781.250 -109.375 617.188 781.250 468.750 546.875 718.750 671.875 460.938 359.375 554.688 937.500
664.062 0.000 562.500 914.062 -7.812 554.688 820.312 414.062 601.562 718.750 671.875 515.625 343.750 546.875 937.500
414.062 734.375 617.188 1117.188 453.125 234.375 937.500 132.812 750.000 828.125 664.062 523.438 335.938 492.188 968.750
421.875 664.062 703.125 351.562 -390.625 718.750 875.000 -78.125 546.875 757.812 515.625 507.812 46.875 320.312 906.250
625.000 445.312 476.562 960.938 -1062.500 476.562 593.750 101.562 421.875 593.750 398.438 453.125 132.812 218.750 882.812
742.188 515.625 328.125 1101.562 -31.250 328.125 976.562 -187.500 734.375 851.562 210.938 648.438 312.500 117.188 796.875
421.875 593.750 359.375 898.438 -664.062 109.375 1195.312 453.125 570.312 601.562 265.625 820.312 164.062 109.375 828.125
789.062 -226.562 171.875 1195.312 -132.812 109.375 789.062 164.062 328.125 453.125 429.688 554.688 31.250 171.875 890.625
968.750 -890.625 23.438 906.250 218.750 148.438 828.125 164.062 351.562 398.438 523.438 468.750 7.812 257.812 914.062
1039.062 -1218.750 -109.375 843.750 31.250 273.438 687.500 320.312 421.875 609.375 687.500 406.250 54.688 507.812 906.250
1007.812 -734.375 0.000 796.875 -31.250 414.062 671.875 312.500 492.188 484.375 609.375 414.062 125.000 539.062 773.438
914.062 -703.125 -23.438 890.625 15.625 359.375 757.812 343.750 484.375 492.188 664.062 468.750 31.250 484.375 796.875
929.688 -710.938 0.000 929.688 -23.438 312.500 789.062 367.188 460.938 476.562 695.312 476.562 -46.875 468.750 828.125
914.062 -703.125 7.812 1015.625 -62.500 203.125 859.375 367.188 414.062 492.188 703.125 515.625 -109.375 429.688 890.625
843.750 -617.188 46.875 1078.125 -70.312 148.438 890.625 320.312 390.625 570.312 648.438 507.812 -31.250 382.812 906.250
796.875 -554.688 46.875 1039.062 -93.750 140.625 867.188 289.062 398.438 601.562 593.750 484.375 46.875 375.000 867.188
796.875 -539.062 39.062 1000.000 -117.188 156.250 812.500 265.625 398.438 585.938 570.312 476.562 62.500 375.000 851.562
804.688 -578.125 -15.625 890.625 -140.625 234.375 726.562 234.375 453.125 546.875 515.625 484.375 70.312 375.000 812.500
828.125 -593.750 -39.062 828.125 -171.875 289.062 679.688 210.938 492.188 531.250 500.000 500.000 62.500 351.562 804.688
734.375 -601.562 15.625 484.375 -273.438 625.000 492.188 171.875 710.938 429.688 437.500 609.375 23.438 351.562 812.500
726.562 -601.562 15.625 437.500 -289.062 703.125 398.438 156.250 796.875 375.000 429.688 648.438 -15.625 351.562 812.500
