-960.938 -265.625 -343.750 1007.812 -429.688 156.250 1039.062 -140.625 507.812 945.312 -15.625 507.812 656.250 -343.750 617.188
-625.000 406.250 -156.250 976.562 -750.000 195.312 960.938 -406.250 414.062 992.188 -101.562 375.000 781.250 -257.812 515.625
-710.938 421.875 -187.500 953.125 -757.812 195.312 960.938 -375.000 421.875 976.562 -85.938 359.375 773.438 -250.000 515.625
-625.000 476.562 -148.438 609.375 -726.562 421.875 640.625 -539.062 593.750 789.062 85.938 570.312 656.250 -265.625 617.188
-601.562 492.188 -109.375 523.438 -781.250 460.938 648.438 -335.938 703.125 710.938 -7.812 664.062 617.188 -289.062 679.688
-1148.438 132.812 -406.250 468.750 -625.000 570.312 570.312 -210.938 695.312 750.000 171.875 539.062 617.188 0.000 812.500
-1085.938 0.000 -351.562 476.562 -539.062 601.562 679.688 46.875 781.250 875.000 -195.312 546.875 671.875 23.438 664.062
-835.938 164.062 -125.000 523.438 -382.812 539.062 625.000 -117.188 695.312 796.875 218.750 554.688 898.438 -148.438 562.500
-750.000 304.688 -39.062 640.625 -414.062 453.125 710.938 31.250 648.438 820.312 109.375 546.875 875.000 -46.875 617.188
-664.062 273.438 132.812 828.125 -335.938 296.875 882.812 -15.625 429.688 914.062 187.500 390.625 835.938 -46.875 664.062
-726.562 171.875 93.750 843.750 -351.562 281.250 921.875 -62.500 406.250 953.125 148.438 351.562 906.250 -46.875 593.750
-859.375 148.438 -23.438 828.125 -429.688 304.688 882.812 -140.625 445.312 937.500 39.062 335.938 898.438 -140.625 476.562
-867.188 164.062 -31.250 812.500 -484.375 335.938 890.625 -203.125 453.125 945.312 15.625 343.750 882.812 -156.250 460.938
-984.375 101.562 -39.062 828.125 -585.938 328.125 828.125 -273.438 539.062 882.812 -7.812 500.000 710.938 -250.000 656.250
-953.125 132.812 -7.812 843.750 -617.188 328.125 828.125 -304.688 531.250 898.438 -31.250 476.562 765.625 -265.625 625.000
-984.375 117.188 -15.625 820.312 -703.125 335.938 851.562 -382.812 500.000 945.312 -85.938 390.625 820.312 -289.062 484.375
-968.750 78.125 -23.438 812.500 -695.312 343.750 867.188 -406.250 492.188 929.688 -109.375 382.812 867.188 -289.062 453.125
-960.938 -46.875 54.688 820.312 -718.750 281.250 882.812 -390.625 445.312 953.125 -148.438 335.938 859.375 -289.062 437.500
-867.188 -39.062 101.562 828.125 -718.750 273.438 890.625 -390.625 445.312 984.375 -132.812 335.938 890.625 -312.500 414.062
-671.875 7.812 234.375 898.438 -625.000 250.000 937.500 -257.812 476.562 960.938 -187.500 429.688 898.438 -320.312 375.000
-585.938 46.875 265.625 921.875 -523.438 242.188 906.250 -187.500 546.875 921.875 -125.000 515.625 882.812 -312.500 445.312
-484.375 93.750 296.875 742.188 -554.688 398.438 539.062 7.812 1031.250 578.125 54.688 1054.688 648.438 -273.438 1007.812
-468.750 54.688 179.688 554.688 -562.500 585.938 -39.062 -31.250 1367.188 148.438 23.438 1335.938 398.438 7.812 921.875
-585.938 171.875 -31.250 531.250 -242.188 398.438 -554.688 -687.500 617.188 -320.312 148.438 828.125 617.188 -578.125 828.125
-789.062 226.562 -203.125 -117.188 -1234.375 312.500 -476.562 -820.312 140.625 -195.312 476.562 703.125 484.375 -796.875 1093.750
-1242.188 218.750 -914.062 -156.250 -664.062 218.750 531.250 -468.750 -648.438 148.438 867.188 -289.062 -554.688 218.750 2351.562
-1796.875 195.312 -1648.438 1328.125 -507.812 -273.438 1828.125 -23.438 -1171.875 1679.688 632.812 -1601.562 476.562 1335.938 531.250
-1351.562 -210.938 -914.062 1382.812 -78.125 -195.312 1843.750 390.625 -695.312 1273.438 -7.812 -992.188 1351.562 898.438 -976.562
-1007.812 -351.562 -304.688 1039.062 46.875 31.250 1242.188 101.562 -335.938 1250.000 -234.375 -835.938 1695.312 578.125 -1218.750
-695.312 -304.688 351.562 937.500 -132.812 78.125 1062.500 -242.188 -140.625 1296.875 -351.562 -507.812 1812.500 -562.500 -710.938
-1007.812 -23.438 -406.250 1429.688 -414.062 -367.188 1179.688 -546.875 -500.000 1046.875 -390.625 -500.000 937.500 -148.438 23.438
-1039.062 234.375 -507.812 1257.812 -578.125 -218.750 1054.688 -476.562 -179.688 984.375 -382.812 -242.188 1140.625 -562.500 -328.125
-1007.812 195.312 -414.062 1148.438 -703.125 -109.375 1132.812 -531.250 -164.062 1078.125 -359.375 -281.250 1148.438 -484.375 -257.812
-992.188 109.375 -398.438 1000.000 -632.812 -46.875 1046.875 -468.750 -218.750 1039.062 -164.062 -375.000 1093.750 -132.812 -23.438
-1023.438 -109.375 -328.125 953.125 -281.250 -7.812 1023.438 -140.625 -218.750 992.188 140.625 -296.875 1039.062 31.250 218.750
-976.562 -164.062 -171.875 937.500 -101.562 0.000 914.062 -15.625 -117.188 929.688 187.500 -187.500 1031.250 101.562 312.500
-953.125 -210.938 -164.062 921.875 -109.375 7.812 945.312 -7.812 -117.188 945.312 210.938 -187.500 1015.625 85.938 312.500
-945.312 -132.812 -242.188 906.250 -210.938 39.062 960.938 -78.125 -156.250 937.500 195.312 -281.250 992.188 109.375 250.000
-656.250 -656.250 -179.688 1101.562 -1281.250 -132.812 640.625 -375.000 -648.438 1203.125 429.688 -531.250 1414.062 164.062 429.688
-835.938 156.250 -351.562 851.562 -429.688 -46.875 812.500 -132.812 -171.875 757.812 -39.062 -289.062 992.188 -78.125 -70.312
-898.438 70.312 -312.500 929.688 -328.125 62.500 953.125 -187.500 -132.812 945.312 0.000 -226.562 984.375 -140.625 39.062
-976.562 -7.812 -382.812 937.500 -351.562 46.875 968.750 -195.312 -187.500 953.125 23.438 -320.312 968.750 15.625 195.312
-921.875 31.250 -312.500 976.562 -304.688 7.812 1007.812 -171.875 -234.375 968.750 85.938 -359.375 1007.812 31.250 132.812
-921.875 54.688 -312.500 945.312 -289.062 31.250 960.938 -179.688 -210.938 929.688 78.125 -351.562 1007.812 23.438 117.188
-937.500 54.688 -343.750 992.188 -296.875 15.625 1015.625 -156.250 -203.125 960.938 93.750 -320.312 1039.062 23.438 125.000
-937.500 46.875 -320.312 945.312 -312.500 46.875 960.938 -156.250 -125.000 937.500 85.938 -242.188 992.188 0.000 187.500
-929.688 46.875 -367.188 906.250 -359.375 117.188 1007.812 -140.625 -54.688 976.562 140.625 -148.438 937.500 -7.812 351.562
-906.250 62.500 -398.438 945.312 -335.938 62.500 953.125 -140.625 -117.188 937.500 132.812 -226.562 976.562 46.875 296.875
-898.438 78.125 -382.812 968.750 -304.688 46.875 1000.000 -132.812 -140.625 992.188 109.375 -250.000 1039.062 39.062 226.562
-921.875 -62.500 -351.562 984.375 -343.750 23.438 1007.812 -203.125 -164.062 992.188 70.312 -289.062 1031.250 -15.625 195.312
-976.562 -156.250 -343.750 937.500 -468.750 39.062 984.375 -265.625 -39.062 1007.812 15.625 -109.375 953.125 -156.250 367.188
-953.125 -85.938 -375.000 1000.000 -492.188 -39.062 1023.438 -328.125 -93.750 1046.875 -15.625 -164.062 976.562 -171.875 375.000
-953.125 -93.750 -375.000 984.375 -523.438 -31.250 1007.812 -351.562 -85.938 1023.438 -46.875 -171.875 1000.000 -187.500 312.500
-992.188 -164.062 -375.000 1000.000 -531.250 -31.250 1062.500 -351.562 -101.562 1085.938 -62.500 -187.500 1031.250 -218.750 281.250
-1085.938 -390.625 -359.375 914.062 -562.500 23.438 1007.812 -382.812 -23.438 1054.688 -70.312 -125.000 1007.812 -210.938 320.312
-1054.688 -320.312 -390.625 953.125 -531.250 -23.438 1031.250 -351.562 -39.062 1093.750 -39.062 -101.562 1023.438 -218.750 390.625
-1023.438 -265.625 -406.250 921.875 -531.250 -15.625 968.750 -375.000 -31.250 1054.688 -78.125 -85.938 992.188 -218.750 390.625
-984.375 -179.688 -406.250 953.125 -578.125 -31.250 1023.438 -398.438 -31.250 1078.125 -101.562 -101.562 1007.812 -265.625 335.938
-976.562 -156.250 -398.438 945.312 -554.688 -39.062 968.750 -375.000 -39.062 1007.812 -93.750 -109.375 960.938 -257.812 320.312
-960.938 -156.250 -351.562 960.938 -515.625 -46.875 1015.625 -335.938 -85.938 1046.875 -31.250 -125.000 976.562 -203.125 382.812
-960.938 -171.875 -351.562 960.938 -460.938 -54.688 1000.000 -312.500 -109.375 1031.250 -31.250 -164.062 984.375 -171.875 343.750
-953.125 -156.250 -312.500 953.125 -445.312 -31.250 992.188 -296.875 -109.375 1007.812 -23.438 -179.688 992.188 -164.062 281.250
-875.000 0.000 -304.688 953.125 -406.250 -7.812 984.375 -250.000 -125.000 976.562 15.625 -210.938 960.938 -101.562 281.250
-937.500 -46.875 -367.188 921.875 -414.062 39.062 968.750 -218.750 -109.375 960.938 46.875 -226.562 960.938 -62.500 250.000
-960.938 -39.062 -367.188 929.688 -390.625 54.688 976.562 -203.125 -109.375 976.562 70.312 -226.562 984.375 -39.062 257.812
-945.312 -31.250 -328.125 898.438 -367.188 117.188 953.125 -140.625 -54.688 937.500 109.375 -218.750 960.938 7.812 273.438
-906.250 109.375 -335.938 921.875 -296.875 148.438 984.375 -70.312 -101.562 945.312 195.312 -250.000 968.750 93.750 281.250
-890.625 148.438 -335.938 953.125 -273.438 164.062 1007.812 -31.250 -109.375 945.312 218.750 -257.812 968.750 117.188 273.438
-875.000 171.875 -328.125 937.500 -257.812 171.875 1007.812 -23.438 -101.562 929.688 242.188 -257.812 960.938 140.625 265.625
-867.188 187.500 -312.500 937.500 -226.562 187.500 1023.438 15.625 -132.812 937.500 273.438 -304.688 976.562 179.688 226.562
-859.375 210.938 -296.875 976.562 -140.625 171.875 1054.688 78.125 -203.125 937.500 335.938 -359.375 984.375 234.375 210.938
-773.438 195.312 -179.688 992.188 -31.250 125.000 984.375 132.812 -210.938 890.625 343.750 -367.188 976.562 250.000 171.875
-773.438 218.750 -148.438 1031.250 -23.438 101.562 1015.625 171.875 -242.188 914.062 359.375 -398.438 984.375 273.438 164.062
-789.062 257.812 -187.500 992.188 -39.062 148.438 1007.812 140.625 -250.000 906.250 359.375 -453.125 992.188 312.500 148.438
-820.312 296.875 -250.000 953.125 -7.812 187.500 937.500 93.750 -187.500 882.812 304.688 -429.688 1000.000 250.000 78.125
-851.562 398.438 -359.375 859.375 -78.125 257.812 742.188 39.062 78.125 820.312 101.562 -281.250 1015.625 148.438 -70.312
-906.250 453.125 -453.125 804.688 -242.188 289.062 882.812 7.812 -54.688 1000.000 476.562 -390.625 1031.250 132.812 -23.438
-906.250 421.875 -468.750 820.312 -289.062 328.125 960.938 62.500 -23.438 992.188 187.500 -85.938 1109.375 281.250 -125.000
-960.938 570.312 -664.062 742.188 -375.000 375.000 1140.625 7.812 -23.438 937.500 171.875 -250.000 1093.750 125.000 -85.938
-1171.875 421.875 -921.875 804.688 -460.938 351.562 1125.000 78.125 39.062 1031.250 109.375 -265.625 890.625 257.812 195.312
-1367.188 257.812 -960.938 750.000 -515.625 414.062 1039.062 78.125 46.875 1109.375 171.875 -226.562 765.625 492.188 218.750
-1492.188 -375.000 -898.438 781.250 -437.500 429.688 1140.625 187.500 117.188 890.625 226.562 -101.562 875.000 234.375 234.375
-1281.250 -195.312 -578.125 765.625 -367.188 359.375 1195.312 195.312 132.812 757.812 335.938 -15.625 804.688 343.750 398.438
-1187.500 -125.000 -484.375 968.750 -492.188 78.125 1000.000 101.562 -93.750 765.625 460.938 132.812 296.875 234.375 796.875
-1062.500 -203.125 -539.062 1093.750 -468.750 54.688 1023.438 -257.812 -140.625 742.188 601.562 15.625 117.188 281.250 859.375
-898.438 539.062 -468.750 992.188 -226.562 179.688 1210.938 -609.375 7.812 781.250 773.438 101.562 54.688 375.000 875.000
-789.062 640.625 -359.375 601.562 -359.375 -15.625 859.375 -210.938 -109.375 656.250 273.438 250.000 -39.062 140.625 648.438
-585.938 695.312 -148.438 406.250 -679.688 195.312 460.938 -406.250 -179.688 304.688 140.625 210.938 -171.875 -156.250 843.750
2726.562 -1937.500 1398.438 484.375 -695.312 164.062 210.938 -398.438 -62.500 390.625 164.062 265.625 -140.625 -140.625 1179.688
-429.688 2132.812 820.312 -234.375 -2015.625 1093.750 1375.000 -1117.188 1078.125 632.812 -1312.500 1046.875 210.938 -140.625 1578.125
-1171.875 -1187.500 -109.375 2039.062 531.250 -476.562 -2421.875 359.375 1375.000 304.688 671.875 1117.188 492.188 -960.938 1390.625
-789.062 328.125 156.250 953.125 -1203.125 375.000 1109.375 -453.125 718.750 31.250 671.875 1484.375 234.375 -976.562 1187.500
-851.562 148.438 195.312 1304.688 -687.500 117.188 1265.625 -265.625 601.562 -93.750 734.375 1382.812 -226.562 -1117.188 1304.688
-1085.938 15.625 179.688 742.188 -585.938 453.125 679.688 -304.688 710.938 898.438 609.375 687.500 54.688 -187.500 1359.375
-1023.438 -23.438 195.312 882.812 -414.062 367.188 843.750 -210.938 609.375 742.188 296.875 570.312 281.250 -109.375 914.062
-867.188 101.562 281.250 875.000 -359.375 367.188 875.000 -132.812 617.188 734.375 554.688 710.938 265.625 -289.062 1031.250
-945.312 31.250 265.625 890.625 -367.188 367.188 843.750 -140.625 632.812 648.438 554.688 703.125 171.875 -218.750 1132.812
-921.875 101.562 281.250 890.625 -390.625 375.000 835.938 -171.875 632.812 601.562 507.812 710.938 132.812 -242.188 1078.125
-914.062 148.438 257.812 867.188 -453.125 398.438 820.312 -210.938 625.000 640.625 414.062 679.688 234.375 -257.812 937.500
-914.062 187.500 242.188 804.688 -484.375 421.875 765.625 -242.188 625.000 617.188 367.188 664.062 250.000 -242.188 914.062
-914.062 203.125 226.562 789.062 -460.938 437.500 734.375 -234.375 632.812 609.375 390.625 664.062 250.000 -242.188 921.875
-921.875 203.125 242.188 773.438 -406.250 445.312 726.562 -179.688 640.625 578.125 429.688 671.875 234.375 -187.500 968.750
-906.250 195.312 250.000 773.438 -375.000 460.938 718.750 -125.000 648.438 601.562 460.938 648.438 257.812 -171.875 976.562
-859.375 210.938 265.625 750.000 -359.375 453.125 757.812 -70.312 609.375 632.812 484.375 617.188 289.062 -117.188 992.188
-843.750 218.750 281.250 750.000 -375.000 460.938 750.000 -101.562 617.188 632.812 492.188 593.750 304.688 -109.375 984.375
-835.938 234.375 265.625 726.562 -351.562 484.375 742.188 -70.312 601.562 648.438 484.375 609.375 312.500 -125.000 984.375
-796.875 265.625 250.000 750.000 -375.000 476.562 710.938 -218.750 664.062 625.000 484.375 617.188 312.500 -109.375 984.375
-671.875 414.062 289.062 742.188 -460.938 484.375 812.500 -148.438 585.938 804.688 546.875 515.625 429.688 -78.125 1015.625
-671.875 382.812 281.250 718.750 -453.125 507.812 859.375 -140.625 578.125 726.562 523.438 546.875 429.688 -46.875 1007.812
-703.125 281.250 312.500 750.000 -437.500 492.188 750.000 148.438 882.812 164.062 273.438 1328.125 226.562 15.625 1015.625
-585.938 164.062 328.125 765.625 -468.750 476.562 656.250 -62.500 695.312 523.438 609.375 773.438 140.625 -179.688 1054.688
-546.875 -148.438 476.562 750.000 -921.875 523.438 421.875 125.000 820.312 531.250 -78.125 1195.312 31.250 -445.312 1023.438
-429.688 218.750 679.688 828.125 -625.000 468.750 132.812 -257.812 976.562 250.000 78.125 1062.500 62.500 -554.688 929.688
-867.188 39.062 -46.875 1023.438 -812.500 398.438 875.000 -187.500 796.875 609.375 296.875 914.062 156.250 -265.625 960.938
-796.875 406.250 46.875 734.375 -546.875 320.312 601.562 -250.000 804.688 539.062 210.938 843.750 265.625 -351.562 906.250
-875.000 296.875 -93.750 773.438 -546.875 343.750 656.250 -289.062 679.688 578.125 281.250 726.562 328.125 -304.688 882.812
-1203.125 62.500 -640.625 773.438 -429.688 320.312 796.875 -140.625 484.375 765.625 328.125 445.312 406.250 -31.250 859.375
-1101.562 304.688 -695.312 750.000 -414.062 312.500 796.875 -39.062 375.000 750.000 468.750 328.125 437.500 62.500 867.188
-992.188 437.500 -593.750 695.312 -375.000 343.750 835.938 70.312 406.250 687.500 531.250 382.812 320.312 140.625 929.688
-914.062 375.000 -523.438 710.938 -367.188 351.562 835.938 78.125 437.500 679.688 570.312 429.688 273.438 140.625 960.938
-898.438 273.438 -421.875 718.750 -382.812 375.000 804.688 85.938 500.000 578.125 570.312 523.438 179.688 140.625 992.188
-1015.625 109.375 -468.750 710.938 -445.312 398.438 804.688 54.688 515.625 585.938 593.750 507.812 109.375 109.375 1039.062
-1054.688 23.438 -460.938 703.125 -476.562 414.062 773.438 0.000 546.875 593.750 554.688 546.875 101.562 54.688 1039.062
-1054.688 -23.438 -460.938 710.938 -492.188 414.062 781.250 -23.438 570.312 593.750 515.625 554.688 125.000 39.062 1023.438
-1007.812 -23.438 -429.688 695.312 -515.625 429.688 710.938 -62.500 664.062 625.000 437.500 617.188 203.125 7.812 968.750
-984.375 15.625 -437.500 703.125 -562.500 421.875 710.938 -78.125 671.875 640.625 414.062 625.000 218.750 -7.812 968.750
-937.500 23.438 -429.688 703.125 -578.125 429.688 742.188 -93.750 656.250 664.062 429.688 609.375 234.375 -15.625 976.562
-921.875 39.062 -429.688 710.938 -593.750 421.875 765.625 -101.562 632.812 664.062 421.875 609.375 234.375 -15.625 984.375
-890.625 101.562 -453.125 734.375 -578.125 406.250 789.062 -117.188 625.000 671.875 429.688 609.375 226.562 -39.062 992.188
-890.625 -15.625 -398.438 710.938 -593.750 414.062 781.250 -109.375 617.188 671.875 437.500 601.562 218.750 -46.875 1000.000
-890.625 -7.812 -390.625 726.562 -562.500 398.438 796.875 -117.188 617.188 679.688 437.500 593.750 218.750 -46.875 992.188
-914.062 -179.688 -351.562 726.562 -562.500 414.062 781.250 -117.188 601.562 679.688 429.688 585.938 210.938 -39.062 992.188
-882.812 -171.875 -398.438 757.812 -500.000 375.000 773.438 -85.938 656.250 648.438 453.125 632.812 187.500 0.000 1023.438
-859.375 -156.250 -429.688 757.812 -492.188 343.750 742.188 -62.500 656.250 601.562 460.938 687.500 125.000 -7.812 1070.312
-867.188 -179.688 -460.938 726.562 -523.438 343.750 718.750 -54.688 664.062 585.938 453.125 718.750 93.750 -62.500 1078.125
-882.812 -171.875 -500.000 695.312 -570.312 375.000 679.688 -62.500 687.500 593.750 445.312 734.375 101.562 -101.562 1062.500
-882.812 -54.688 -562.500 664.062 -601.562 382.812 679.688 -132.812 710.938 585.938 414.062 742.188 117.188 -101.562 1046.875
-921.875 -85.938 -664.062 687.500 -710.938 390.625 718.750 -210.938 687.500 609.375 335.938 718.750 156.250 -109.375 1000.000
-914.062 -23.438 -710.938 695.312 -734.375 359.375 726.562 -250.000 679.688 632.812 320.312 703.125 171.875 -109.375 992.188
-882.812 -46.875 -703.125 695.312 -734.375 359.375 742.188 -257.812 664.062 648.438 304.688 695.312 195.312 -117.188 984.375
-835.938 -46.875 -695.312 695.312 -726.562 359.375 773.438 -250.000 648.438 687.500 296.875 671.875 250.000 -117.188 968.750
-742.188 -46.875 -648.438 710.938 -710.938 343.750 796.875 -234.375 632.812 710.938 320.312 664.062 250.000 -101.562 1000.000
-726.562 -7.812 -617.188 695.312 -687.500 351.562 773.438 -226.562 632.812 687.500 335.938 664.062 234.375 -93.750 1000.000
-734.375 -7.812 -617.188 687.500 -679.688 359.375 765.625 -218.750 648.438 679.688 343.750 671.875 210.938 -93.750 1015.625
-757.812 -54.688 -625.000 664.062 -695.312 390.625 742.188 -187.500 664.062 640.625 359.375 695.312 179.688 -93.750 1015.625
-789.062 -156.250 -617.188 656.250 -679.688 398.438 703.125 -179.688 695.312 609.375 367.188 718.750 164.062 -78.125 1015.625
-804.688 -234.375 -625.000 625.000 -671.875 421.875 671.875 -156.250 726.562 593.750 390.625 734.375 140.625 -62.500 1039.062
-820.312 -218.750 -640.625 609.375 -656.250 429.688 679.688 -156.250 742.188 578.125 398.438 750.000 117.188 -62.500 1046.875
