789.062 -609.375 -265.625 570.312 -546.875 570.312 585.938 39.062 789.062 335.938 656.250 671.875 0.000 -242.188 1007.812
726.562 -648.438 -210.938 578.125 -578.125 546.875 609.375 -31.250 726.562 375.000 679.688 632.812 -7.812 -203.125 984.375
703.125 -656.250 -195.312 585.938 -562.500 539.062 640.625 -7.812 765.625 460.938 648.438 703.125 31.250 -226.562 984.375
734.375 -617.188 -203.125 601.562 -578.125 539.062 640.625 -7.812 773.438 398.438 617.188 648.438 39.062 -234.375 968.750
734.375 -632.812 -203.125 570.312 -585.938 531.250 617.188 -7.812 750.000 367.188 632.812 632.812 54.688 -242.188 960.938
890.625 -546.875 -328.125 578.125 -585.938 554.688 656.250 -7.812 734.375 421.875 648.438 593.750 93.750 -234.375 945.312
1000.000 -546.875 -335.938 578.125 -539.062 531.250 640.625 -7.812 742.188 421.875 632.812 578.125 109.375 -195.312 945.312
851.562 -570.312 -304.688 585.938 -546.875 523.438 617.188 -15.625 773.438 375.000 640.625 609.375 78.125 -195.312 945.312
867.188 -460.938 -296.875 562.500 -562.500 531.250 585.938 -7.812 804.688 320.312 648.438 671.875 85.938 -226.562 945.312
1117.188 -335.938 -406.250 585.938 -507.812 507.812 593.750 0.000 812.500 335.938 640.625 632.812 164.062 -148.438 914.062
1046.875 -359.375 -429.688 609.375 -539.062 507.812 609.375 0.000 804.688 351.562 671.875 625.000 101.562 -179.688 960.938
828.125 -320.312 -234.375 640.625 -625.000 406.250 687.500 -7.812 750.000 351.562 703.125 671.875 -7.812 -273.438 1023.438
804.688 -554.688 -187.500 734.375 -695.312 257.812 734.375 -7.812 664.062 406.250 726.562 679.688 -39.062 -273.438 1062.500
562.500 -656.250 -54.688 789.062 -757.812 226.562 804.688 -46.875 578.125 453.125 671.875 585.938 15.625 -320.312 1046.875
656.250 -601.562 -101.562 773.438 -757.812 218.750 835.938 -54.688 546.875 492.188 695.312 515.625 15.625 -226.562 1031.250
437.500 -812.500 117.188 750.000 -718.750 273.438 921.875 -78.125 460.938 468.750 687.500 515.625 -117.188 -195.312 1039.062
562.500 -851.562 -62.500 757.812 -640.625 289.062 875.000 -54.688 437.500 578.125 679.688 421.875 -117.188 -328.125 1070.312
710.938 -632.812 -101.562 679.688 -617.188 328.125 796.875 -7.812 531.250 476.562 718.750 421.875 46.875 -117.188 1007.812
703.125 -671.875 -54.688 671.875 -593.750 328.125 781.250 15.625 554.688 468.750 773.438 484.375 -23.438 -179.688 1015.625
781.250 -687.500 -132.812 664.062 -609.375 351.562 781.250 -7.812 554.688 460.938 726.562 445.312 0.000 -54.688 1046.875
765.625 -695.312 -109.375 656.250 -632.812 359.375 812.500 -23.438 523.438 492.188 710.938 468.750 7.812 -85.938 1015.625
773.438 -648.438 -125.000 648.438 -664.062 343.750 804.688 -62.500 554.688 492.188 679.688 437.500 109.375 -62.500 960.938
773.438 -617.188 -85.938 664.062 -664.062 328.125 789.062 -54.688 578.125 492.188 671.875 445.312 78.125 -85.938 960.938
781.250 -593.750 -125.000 664.062 -687.500 320.312 804.688 -85.938 539.062 507.812 703.125 476.562 46.875 -117.188 1015.625
828.125 -570.312 -171.875 687.500 -679.688 304.688 835.938 -93.750 515.625 515.625 687.500 476.562 39.062 -156.250 1007.812
835.938 -468.750 -187.500 718.750 -671.875 234.375 859.375 -109.375 500.000 531.250 671.875 484.375 54.688 -171.875 976.562
859.375 -484.375 -195.312 742.188 -687.500 210.938 882.812 -132.812 476.562 546.875 687.500 484.375 70.312 -195.312 992.188
882.812 -484.375 -187.500 773.438 -703.125 203.125 914.062 -156.250 453.125 601.562 671.875 500.000 78.125 -210.938 1007.812
875.000 -500.000 -195.312 765.625 -726.562 187.500 921.875 -171.875 460.938 617.188 648.438 476.562 85.938 -179.688 1000.000
843.750 -539.062 -179.688 734.375 -726.562 210.938 851.562 -156.250 515.625 562.500 671.875 507.812 62.500 -164.062 1023.438
875.000 -546.875 -210.938 726.562 -734.375 234.375 859.375 -148.438 523.438 539.062 656.250 500.000 70.312 -148.438 1015.625
875.000 -539.062 -195.312 687.500 -718.750 257.812 867.188 -132.812 500.000 539.062 671.875 515.625 46.875 -140.625 1015.625
882.812 -554.688 -203.125 710.938 -695.312 242.188 875.000 -117.188 484.375 562.500 687.500 484.375 70.312 -132.812 1023.438
851.562 -484.375 -179.688 734.375 -648.438 203.125 890.625 -101.562 453.125 562.500 695.312 445.312 70.312 -132.812 1015.625
843.750 -460.938 -171.875 734.375 -648.438 179.688 882.812 -101.562 445.312 570.312 695.312 453.125 62.500 -125.000 1023.438
835.938 -468.750 -195.312 734.375 -640.625 179.688 906.250 -117.188 421.875 585.938 679.688 437.500 101.562 -164.062 1000.000
851.562 -468.750 -179.688 742.188 -656.250 171.875 898.438 -125.000 414.062 601.562 671.875 429.688 93.750 -156.250 1000.000
843.750 -445.312 -171.875 750.000 -671.875 164.062 890.625 -132.812 437.500 593.750 664.062 445.312 101.562 -140.625 1007.812
867.188 -437.500 -187.500 757.812 -679.688 164.062 898.438 -132.812 429.688 570.312 656.250 453.125 101.562 -156.250 1000.000
875.000 -492.188 -179.688 765.625 -671.875 156.250 921.875 -140.625 406.250 609.375 671.875 445.312 93.750 -148.438 1007.812
851.562 -492.188 -171.875 765.625 -671.875 156.250 929.688 -148.438 390.625 625.000 664.062 429.688 109.375 -156.250 1000.000
851.562 -468.750 -156.250 765.625 -671.875 156.250 921.875 -148.438 398.438 601.562 656.250 414.062 101.562 -140.625 992.188
843.750 -476.562 -171.875 765.625 -671.875 156.250 914.062 -140.625 398.438 601.562 656.250 414.062 109.375 -125.000 992.188
867.188 -507.812 -156.250 742.188 -656.250 171.875 867.188 -125.000 453.125 562.500 671.875 437.500 85.938 -117.188 1015.625
882.812 -507.812 -187.500 726.562 -664.062 203.125 867.188 -109.375 453.125 546.875 687.500 445.312 62.500 -109.375 1015.625
898.438 -531.250 -195.312 726.562 -656.250 210.938 882.812 -101.562 437.500 570.312 695.312 437.500 62.500 -117.188 1023.438
867.188 -507.812 -164.062 750.000 -632.812 195.312 898.438 -78.125 429.688 570.312 718.750 406.250 85.938 -93.750 1031.250
835.938 -476.562 -156.250 773.438 -632.812 179.688 906.250 -70.312 421.875 585.938 718.750 406.250 78.125 -85.938 1039.062
851.562 -507.812 -164.062 773.438 -640.625 179.688 921.875 -93.750 398.438 601.562 703.125 406.250 101.562 -101.562 1015.625
843.750 -507.812 -148.438 773.438 -656.250 179.688 921.875 -109.375 406.250 593.750 695.312 398.438 93.750 -109.375 1007.812
859.375 -492.188 -164.062 773.438 -656.250 187.500 914.062 -109.375 421.875 601.562 703.125 414.062 85.938 -101.562 1023.438
859.375 -507.812 -156.250 773.438 -656.250 179.688 914.062 -109.375 421.875 601.562 703.125 406.250 85.938 -109.375 1023.438
859.375 -500.000 -171.875 765.625 -664.062 187.500 906.250 -109.375 414.062 593.750 687.500 398.438 101.562 -109.375 1000.000
851.562 -507.812 -164.062 750.000 -656.250 187.500 898.438 -101.562 437.500 585.938 695.312 406.250 93.750 -101.562 1007.812
867.188 -523.438 -179.688 750.000 -664.062 218.750 898.438 -101.562 445.312 570.312 710.938 421.875 54.688 -85.938 1023.438
851.562 -539.062 -164.062 750.000 -656.250 203.125 890.625 -101.562 437.500 570.312 703.125 414.062 78.125 -85.938 1007.812
851.562 -531.250 -171.875 750.000 -656.250 203.125 890.625 -101.562 453.125 570.312 718.750 421.875 70.312 -85.938 1023.438
851.562 -546.875 -179.688 750.000 -656.250 195.312 890.625 -101.562 437.500 578.125 710.938 429.688 78.125 -93.750 1039.062
867.188 -500.000 -179.688 757.812 -648.438 195.312 914.062 -101.562 414.062 578.125 703.125 406.250 85.938 -101.562 1015.625
851.562 -515.625 -171.875 773.438 -632.812 171.875 921.875 -85.938 406.250 601.562 710.938 398.438 93.750 -93.750 1023.438
851.562 -492.188 -164.062 773.438 -632.812 164.062 906.250 -85.938 421.875 585.938 710.938 406.250 78.125 -85.938 1039.062
867.188 -484.375 -164.062 765.625 -640.625 171.875 890.625 -93.750 414.062 585.938 703.125 406.250 78.125 -101.562 1023.438
859.375 -500.000 -156.250 757.812 -648.438 164.062 898.438 -109.375 414.062 585.938 695.312 414.062 85.938 -93.750 1023.438
851.562 -500.000 -179.688 773.438 -664.062 164.062 898.438 -117.188 414.062 585.938 679.688 414.062 78.125 -109.375 1007.812
875.000 -468.750 -156.250 757.812 -656.250 179.688 890.625 -125.000 414.062 578.125 671.875 414.062 85.938 -109.375 1000.000
859.375 -468.750 -156.250 750.000 -671.875 179.688 890.625 -125.000 414.062 593.750 671.875 406.250 85.938 -109.375 1000.000
859.375 -523.438 -156.250 765.625 -656.250 164.062 906.250 -125.000 398.438 601.562 687.500 398.438 101.562 -109.375 1007.812
859.375 -476.562 -156.250 757.812 -648.438 164.062 898.438 -117.188 406.250 609.375 679.688 390.625 109.375 -109.375 1000.000
843.750 -484.375 -156.250 781.250 -648.438 156.250 914.062 -125.000 382.812 625.000 679.688 398.438 109.375 -117.188 1007.812
875.000 -492.188 -164.062 781.250 -648.438 140.625 921.875 -117.188 375.000 617.188 679.688 390.625 109.375 -117.188 1000.000
843.750 -460.938 -148.438 781.250 -632.812 132.812 921.875 -117.188 382.812 617.188 679.688 390.625 101.562 -117.188 1000.000
843.750 -476.562 -148.438 781.250 -640.625 132.812 914.062 -117.188 390.625 585.938 664.062 382.812 125.000 -109.375 968.750
851.562 -476.562 -148.438 765.625 -648.438 148.438 890.625 -109.375 398.438 585.938 687.500 398.438 85.938 -93.750 1023.438
875.000 -484.375 -164.062 750.000 -640.625 171.875 890.625 -109.375 414.062 585.938 695.312 414.062 85.938 -117.188 1007.812
875.000 -500.000 -164.062 742.188 -648.438 179.688 890.625 -109.375 414.062 585.938 687.500 406.250 85.938 -101.562 1007.812
851.562 -515.625 -156.250 757.812 -656.250 164.062 914.062 -125.000 406.250 609.375 679.688 406.250 93.750 -109.375 1000.000
875.000 -523.438 -164.062 757.812 -664.062 179.688 882.812 -125.000 429.688 570.312 671.875 414.062 93.750 -109.375 1007.812
882.812 -492.188 -164.062 734.375 -664.062 187.500 882.812 -125.000 445.312 585.938 687.500 414.062 85.938 -109.375 1015.625
859.375 -515.625 -164.062 757.812 -671.875 187.500 914.062 -117.188 414.062 601.562 695.312 406.250 78.125 -109.375 1023.438
843.750 -515.625 -164.062 773.438 -648.438 179.688 906.250 -101.562 421.875 601.562 703.125 398.438 93.750 -101.562 1015.625
875.000 -484.375 -171.875 773.438 -640.625 179.688 906.250 -101.562 414.062 601.562 718.750 406.250 70.312 -109.375 1046.875
875.000 -476.562 -164.062 773.438 -640.625 171.875 914.062 -85.938 421.875 585.938 710.938 406.250 54.688 -109.375 1031.250
843.750 -484.375 -156.250 773.438 -640.625 156.250 914.062 -109.375 406.250 593.750 695.312 406.250 78.125 -101.562 1015.625
882.812 -484.375 -171.875 757.812 -632.812 164.062 906.250 -109.375 398.438 593.750 687.500 390.625 85.938 -109.375 1000.000
859.375 -507.812 -164.062 765.625 -640.625 171.875 906.250 -101.562 406.250 593.750 695.312 398.438 70.312 -101.562 1015.625
851.562 -500.000 -148.438 773.438 -640.625 171.875 898.438 -93.750 414.062 593.750 695.312 398.438 85.938 -101.562 1007.812
851.562 -507.812 -148.438 757.812 -640.625 179.688 890.625 -101.562 429.688 593.750 687.500 390.625 85.938 -101.562 1007.812
882.812 -492.188 -179.688 734.375 -648.438 210.938 890.625 -109.375 429.688 585.938 703.125 406.250 78.125 -101.562 1007.812
859.375 -500.000 -148.438 773.438 -656.250 187.500 921.875 -117.188 414.062 609.375 687.500 390.625 93.750 -78.125 1000.000
843.750 -515.625 -148.438 781.250 -648.438 171.875 914.062 -117.188 406.250 601.562 695.312 390.625 93.750 -101.562 1015.625
859.375 -500.000 -148.438 773.438 -648.438 171.875 914.062 -109.375 406.250 593.750 695.312 406.250 85.938 -109.375 1015.625
867.188 -492.188 -164.062 765.625 -625.000 187.500 914.062 -93.750 398.438 609.375 703.125 382.812 78.125 -93.750 1023.438
867.188 -515.625 -156.250 773.438 -625.000 179.688 914.062 -85.938 398.438 585.938 703.125 390.625 85.938 -93.750 1015.625
859.375 -507.812 -140.625 773.438 -640.625 171.875 921.875 -93.750 398.438 593.750 695.312 390.625 78.125 -93.750 1015.625
851.562 -476.562 -140.625 773.438 -632.812 164.062 890.625 -101.562 414.062 578.125 671.875 382.812 101.562 -93.750 984.375
851.562 -546.875 -148.438 750.000 -656.250 210.938 906.250 -109.375 421.875 593.750 703.125 390.625 85.938 -93.750 1023.438
867.188 -539.062 -156.250 750.000 -648.438 203.125 882.812 -93.750 453.125 570.312 710.938 414.062 54.688 -85.938 1031.250
867.188 -492.188 -148.438 750.000 -640.625 195.312 867.188 -70.312 468.750 546.875 718.750 414.062 31.250 -85.938 1031.250
906.250 -515.625 -171.875 757.812 -625.000 218.750 890.625 -62.500 453.125 562.500 734.375 421.875 23.438 -85.938 1054.688
843.750 -546.875 -148.438 757.812 -656.250 218.750 906.250 -85.938 437.500 601.562 718.750 390.625 78.125 -62.500 1031.250
835.938 -570.312 -140.625 757.812 -664.062 203.125 898.438 -109.375 445.312 601.562 695.312 382.812 93.750 -85.938 1007.812
843.750 -578.125 -140.625 750.000 -679.688 210.938 906.250 -117.188 429.688 609.375 687.500 390.625 93.750 -93.750 1007.812
859.375 -578.125 -148.438 765.625 -687.500 210.938 906.250 -125.000 445.312 578.125 687.500 429.688 31.250 -125.000 1007.812
921.875 -609.375 -164.062 781.250 -710.938 203.125 890.625 -132.812 484.375 546.875 695.312 484.375 -31.250 -132.812 1031.250
945.312 -640.625 -179.688 765.625 -734.375 218.750 867.188 -148.438 507.812 546.875 687.500 500.000 -31.250 -140.625 1039.062
937.500 -656.250 -179.688 765.625 -742.188 226.562 882.812 -148.438 507.812 562.500 687.500 476.562 -7.812 -117.188 1039.062
890.625 -703.125 -156.250 734.375 -750.000 257.812 882.812 -164.062 492.188 585.938 664.062 445.312 46.875 -101.562 1015.625
859.375 -859.375 -140.625 726.562 -750.000 281.250 875.000 -164.062 476.562 593.750 640.625 437.500 54.688 -140.625 1000.000
687.500 -929.688 -23.438 742.188 -757.812 281.250 906.250 -171.875 460.938 609.375 640.625 445.312 46.875 -156.250 992.188
617.188 -851.562 31.250 750.000 -734.375 250.000 898.438 -156.250 453.125 585.938 656.250 460.938 15.625 -156.250 1007.812
445.312 -687.500 164.062 781.250 -656.250 195.312 906.250 -93.750 445.312 554.688 679.688 507.812 -39.062 -250.000 1023.438
343.750 -687.500 265.625 851.562 -585.938 132.812 882.812 -54.688 445.312 476.562 710.938 640.625 -195.312 -390.625 1062.500
796.875 -578.125 -62.500 882.812 -617.188 132.812 937.500 -46.875 445.312 500.000 695.312 507.812 -117.188 -109.375 1039.062
789.062 -679.688 -148.438 890.625 -640.625 132.812 921.875 -70.312 460.938 484.375 687.500 523.438 -156.250 -171.875 976.562
695.312 -781.250 -85.938 882.812 -703.125 156.250 921.875 -85.938 500.000 453.125 687.500 562.500 -132.812 -210.938 1000.000
664.062 -929.688 -109.375 875.000 -734.375 164.062 906.250 -85.938 500.000 515.625 679.688 523.438 -54.688 -156.250 1015.625
578.125 -1335.938 -242.188 968.750 -750.000 109.375 914.062 -62.500 460.938 609.375 664.062 375.000 117.188 39.062 1000.000
640.625 -1414.062 -320.312 1046.875 -609.375 -7.812 984.375 0.000 335.938 515.625 664.062 406.250 54.688 70.312 953.125
671.875 -1273.438 -539.062 976.562 -93.750 -210.938 992.188 203.125 31.250 546.875 671.875 328.125 62.500 62.500 882.812
703.125 -1109.375 -687.500 906.250 242.188 -257.812 968.750 335.938 -140.625 570.312 734.375 273.438 132.812 117.188 875.000
648.438 335.938 -648.438 117.188 -101.562 156.250 281.250 578.125 7.812 593.750 960.938 -70.312 -78.125 273.438 1242.188
789.062 773.438 -695.312 -406.250 -234.375 414.062 382.812 992.188 101.562 570.312 718.750 85.938 7.812 85.938 1132.812
1218.750 1179.688 -851.562 0.000 359.375 765.625 -640.625 -468.750 1125.000 234.375 1046.875 257.812 234.375 406.250 1226.562
1437.500 1109.375 -890.625 187.500 1492.188 1187.500 -882.812 -187.500 1375.000 171.875 734.375 492.188 359.375 281.250 1179.688
617.188 1156.250 46.875 -70.312 359.375 1875.000 -546.875 -242.188 2523.438 -687.500 -250.000 2000.000 -906.250 -1187.500 1398.438
1039.062 148.438 164.062 257.812 -140.625 1250.000 359.375 156.250 1726.562 1109.375 632.812 1515.625 164.062 -742.188 1492.188
1062.500 -1406.250 23.438 1085.938 -1046.875 390.625 1226.562 -421.875 312.500 726.562 195.312 343.750 351.562 -320.312 492.188
1023.438 -609.375 -31.250 828.125 -1070.312 570.312 1007.812 -718.750 281.250 750.000 125.000 210.938 562.500 -335.938 359.375
1164.062 70.312 -234.375 867.188 -507.812 828.125 507.812 -421.875 1070.312 445.312 265.625 1054.688 -171.875 -765.625 914.062
1070.312 -23.438 -226.562 789.062 -546.875 710.938 445.312 -375.000 921.875 335.938 281.250 921.875 -179.688 -570.312 843.750
1015.625 171.875 -250.000 375.000 -367.188 750.000 195.312 -179.688 875.000 289.062 414.062 765.625 -93.750 -382.812 875.000
898.438 156.250 -164.062 289.062 -210.938 781.250 93.750 -70.312 929.688 273.438 468.750 804.688 -140.625 -375.000 953.125
781.250 -15.625 -54.688 320.312 -171.875 734.375 164.062 -15.625 867.188 273.438 531.250 765.625 -140.625 -335.938 953.125
781.250 -101.562 -62.500 320.312 -210.938 742.188 203.125 -54.688 867.188 296.875 507.812 757.812 -101.562 -359.375 929.688
812.500 -132.812 -78.125 406.250 -273.438 726.562 273.438 -132.812 859.375 382.812 445.312 750.000 -31.250 -390.625 882.812
875.000 -156.250 -101.562 414.062 -328.125 742.188 304.688 -156.250 851.562 429.688 414.062 726.562 39.062 -398.438 867.188
1007.812 -85.938 -164.062 421.875 -414.062 812.500 304.688 -265.625 890.625 445.312 367.188 789.062 15.625 -476.562 851.562
1015.625 -93.750 -164.062 460.938 -429.688 820.312 312.500 -281.250 914.062 445.312 367.188 804.688 0.000 -484.375 851.562
1031.250 -109.375 -171.875 429.688 -429.688 828.125 273.438 -289.062 937.500 406.250 375.000 843.750 -46.875 -500.000 875.000
1039.062 -93.750 -179.688 437.500 -445.312 843.750 257.812 -296.875 945.312 375.000 375.000 859.375 -93.750 -500.000 882.812
1046.875 -117.188 -187.500 390.625 -429.688 867.188 218.750 -265.625 968.750 359.375 406.250 875.000 -101.562 -484.375 914.062
1023.438 -140.625 -187.500 351.562 -398.438 875.000 203.125 -234.375 976.562 328.125 421.875 875.000 -109.375 -453.125 937.500
984.375 -203.125 -156.250 218.750 -351.562 882.812 93.750 -187.500 968.750 257.812 468.750 867.188 -171.875 -414.062 968.750
937.500 -296.875 -109.375 140.625 -328.125 890.625 39.062 -164.062 968.750 242.188 476.562 851.562 -164.062 -382.812 968.750
828.125 -617.188 15.625 -62.500 -210.938 953.125 -117.188 -101.562 984.375 140.625 546.875 843.750 -218.750 -320.312 1007.812
804.688 -617.188 7.812 -70.312 -218.750 984.375 -78.125 -101.562 960.938 148.438 562.500 804.688 -218.750 -281.250 1007.812
937.500 -351.562 -46.875 156.250 -250.000 984.375 54.688 -117.188 1031.250 257.812 453.125 882.812 -203.125 -367.188 929.688
937.500 -257.812 -85.938 218.750 -242.188 984.375 70.312 -242.188 1000.000 210.938 492.188 828.125 -210.938 -367.188 968.750
1023.438 234.375 -23.438 757.812 -492.188 804.688 414.062 -460.938 1085.938 453.125 93.750 984.375 -62.500 -914.062 578.125
953.125 359.375 -132.812 1273.438 -671.875 687.500 812.500 -257.812 1109.375 765.625 351.562 937.500 125.000 -648.438 898.438
835.938 546.875 46.875 -2882.812 -4000.000 2593.750 632.812 23.438 679.688 640.625 328.125 789.062 117.188 -609.375 820.312
656.250 531.250 -304.688 1867.188 531.250 296.875 656.250 -1210.938 1468.750 718.750 148.438 828.125 171.875 -570.312 781.250
734.375 -7.812 210.938 539.062 -765.625 570.312 210.938 -242.188 929.688 507.812 93.750 921.875 46.875 -679.688 710.938
617.188 -523.438 70.312 703.125 -312.500 343.750 296.875 -70.312 789.062 382.812 257.812 765.625 -23.438 -437.500 773.438
843.750 -648.438 -390.625 492.188 -296.875 421.875 164.062 171.875 781.250 367.188 359.375 757.812 -7.812 -359.375 851.562
968.750 -468.750 -523.438 531.250 -156.250 445.312 117.188 273.438 734.375 289.062 445.312 757.812 -62.500 -265.625 937.500
1031.250 -203.125 -742.188 671.875 -54.688 375.000 125.000 390.625 765.625 210.938 476.562 789.062 -164.062 -273.438 953.125
937.500 -156.250 -742.188 828.125 179.688 289.062 273.438 460.938 796.875 257.812 562.500 820.312 -187.500 -304.688 1015.625
828.125 -125.000 -625.000 828.125 125.000 351.562 296.875 437.500 828.125 296.875 500.000 835.938 -140.625 -335.938 1000.000
843.750 -187.500 -601.562 890.625 101.562 382.812 281.250 367.188 843.750 312.500 460.938 828.125 -117.188 -328.125 960.938
945.312 -320.312 -828.125 1007.812 125.000 359.375 156.250 367.188 859.375 250.000 453.125 812.500 -101.562 -242.188 929.688
835.938 -406.250 -648.438 812.500 -15.625 492.188 257.812 390.625 914.062 195.312 468.750 875.000 -218.750 -281.250 1007.812
804.688 -250.000 -570.312 726.562 -54.688 632.812 125.000 359.375 914.062 195.312 429.688 898.438 -242.188 -351.562 960.938
859.375 -148.438 -617.188 742.188 -70.312 625.000 125.000 414.062 914.062 195.312 453.125 906.250 -242.188 -335.938 984.375
812.500 -281.250 -625.000 820.312 -117.188 515.625 218.750 445.312 890.625 210.938 507.812 890.625 -234.375 -312.500 1015.625
828.125 -265.625 -593.750 835.938 -101.562 539.062 250.000 398.438 875.000 281.250 460.938 851.562 -148.438 -335.938 960.938
820.312 -250.000 -617.188 851.562 -101.562 515.625 250.000 406.250 882.812 257.812 453.125 859.375 -179.688 -328.125 945.312
820.312 -273.438 -609.375 882.812 -101.562 484.375 242.188 414.062 882.812 242.188 453.125 875.000 -210.938 -335.938 960.938
757.812 -320.312 -578.125 882.812 -164.062 476.562 296.875 429.688 867.188 250.000 468.750 867.188 -195.312 -328.125 968.750
757.812 -367.188 -554.688 757.812 -125.000 578.125 203.125 406.250 875.000 234.375 453.125 843.750 -179.688 -312.500 929.688
742.188 -437.500 -531.250 828.125 -101.562 531.250 226.562 429.688 851.562 226.562 476.562 851.562 -203.125 -312.500 960.938
742.188 -460.938 -546.875 835.938 -93.750 531.250 234.375 453.125 851.562 218.750 460.938 859.375 -210.938 -304.688 945.312
734.375 -382.812 -546.875 781.250 -62.500 562.500 195.312 445.312 867.188 218.750 468.750 867.188 -195.312 -312.500 968.750
726.562 -312.500 -546.875 828.125 -78.125 523.438 218.750 460.938 867.188 203.125 476.562 890.625 -242.188 -320.312 968.750
718.750 -312.500 -539.062 875.000 -78.125 476.562 250.000 460.938 859.375 218.750 484.375 890.625 -234.375 -335.938 976.562
734.375 -312.500 -554.688 867.188 -78.125 484.375 265.625 453.125 859.375 250.000 476.562 867.188 -226.562 -328.125 953.125
757.812 -296.875 -578.125 898.438 -101.562 484.375 281.250 437.500 867.188 242.188 460.938 875.000 -234.375 -335.938 953.125
773.438 -351.562 -601.562 875.000 -164.062 500.000 289.062 398.438 859.375 273.438 445.312 843.750 -187.500 -343.750 921.875
804.688 -359.375 -601.562 875.000 -187.500 523.438 281.250 390.625 875.000 257.812 437.500 851.562 -187.500 -320.312 929.688
804.688 -375.000 -601.562 882.812 -187.500 507.812 289.062 398.438 882.812 265.625 437.500 851.562 -187.500 -343.750 929.688
734.375 -429.688 -562.500 875.000 -156.250 492.188 296.875 406.250 875.000 273.438 437.500 867.188 -187.500 -343.750 929.688
726.562 -414.062 -546.875 835.938 -140.625 515.625 281.250 414.062 867.188 273.438 453.125 843.750 -164.062 -320.312 953.125
750.000 -367.188 -562.500 828.125 -117.188 523.438 250.000 453.125 851.562 226.562 476.562 851.562 -218.750 -304.688 953.125
734.375 -343.750 -554.688 835.938 -93.750 500.000 257.812 453.125 859.375 210.938 500.000 859.375 -226.562 -304.688 968.750
718.750 -328.125 -554.688 843.750 -70.312 507.812 250.000 484.375 851.562 210.938 507.812 859.375 -226.562 -296.875 976.562
703.125 -328.125 -531.250 820.312 -54.688 515.625 226.562 484.375 859.375 203.125 523.438 875.000 -250.000 -289.062 1015.625
726.562 -296.875 -531.250 828.125 -54.688 507.812 218.750 507.812 859.375 187.500 546.875 882.812 -257.812 -273.438 1046.875
718.750 -281.250 -546.875 812.500 -70.312 492.188 242.188 523.438 835.938 195.312 546.875 867.188 -250.000 -273.438 1039.062
757.812 -257.812 -539.062 875.000 -117.188 437.500 265.625 515.625 796.875 101.562 617.188 898.438 -359.375 -273.438 1140.625
781.250 -195.312 -539.062 968.750 -101.562 343.750 265.625 539.062 781.250 140.625 593.750 890.625 -343.750 -281.250 1132.812
828.125 -210.938 -632.812 890.625 -78.125 359.375 203.125 546.875 773.438 187.500 445.312 835.938 -289.062 -304.688 828.125
828.125 -218.750 -656.250 921.875 -101.562 328.125 203.125 414.062 757.812 289.062 476.562 773.438 -273.438 -335.938 929.688
859.375 -226.562 -710.938 812.500 -132.812 367.188 250.000 453.125 765.625 281.250 648.438 835.938 -132.812 -289.062 1218.750
953.125 -132.812 -828.125 820.312 -23.438 406.250 187.500 406.250 781.250 250.000 546.875 820.312 -109.375 -304.688 1195.312
875.000 -132.812 -718.750 570.312 -62.500 414.062 203.125 304.688 781.250 492.188 304.688 718.750 -140.625 -359.375 1398.438
781.250 -117.188 -687.500 539.062 -171.875 429.688 250.000 343.750 687.500 484.375 671.875 804.688 -179.688 -625.000 2007.812
765.625 -117.188 -664.062 546.875 93.750 679.688 195.312 578.125 492.188 250.000 757.812 812.500 0.000 -390.625 1046.875
843.750 93.750 -757.812 296.875 101.562 664.062 132.812 343.750 867.188 671.875 304.688 867.188 0.000 -710.938 937.500
859.375 0.000 -726.562 179.688 -460.938 1093.750 335.938 -289.062 1085.938 109.375 195.312 718.750 -507.812 -789.062 1359.375
820.312 -46.875 -750.000 117.188 -171.875 1390.625 531.250 -468.750 1234.375 46.875 187.500 757.812 -210.938 -250.000 1062.500
796.875 -117.188 -734.375 -195.312 -671.875 1507.812 39.062 78.125 1226.562 546.875 -156.250 710.938 218.750 -343.750 -476.562
578.125 -148.438 -476.562 460.938 -187.500 828.125 -101.562 -70.312 1101.562 750.000 -492.188 617.188 1203.125 320.312 -828.125
867.188 -1093.750 -421.875 523.438 -921.875 804.688 398.438 -476.562 914.062 648.438 -437.500 625.000 734.375 -585.938 -117.188
820.312 -1429.688 -328.125 414.062 -960.938 945.312 304.688 -515.625 1070.312 664.062 -523.438 757.812 765.625 -679.688 -93.750
382.812 -1585.938 -46.875 179.688 -843.750 992.188 117.188 -492.188 1062.500 703.125 -546.875 703.125 937.500 -445.312 -257.812
484.375 -1164.062 31.250 179.688 -750.000 906.250 289.062 -437.500 953.125 640.625 -359.375 632.812 906.250 -398.438 -93.750
570.312 -984.375 -54.688 250.000 -734.375 929.688 195.312 -351.562 976.562 609.375 -304.688 703.125 859.375 -437.500 46.875
875.000 -406.250 -218.750 390.625 -437.500 789.062 195.312 -62.500 992.188 562.500 -117.188 875.000 796.875 -648.438 351.562
804.688 39.062 -257.812 296.875 -257.812 796.875 109.375 54.688 968.750 515.625 31.250 914.062 781.250 -562.500 539.062
867.188 -164.062 -289.062 320.312 -187.500 781.250 164.062 148.438 937.500 562.500 85.938 859.375 843.750 -460.938 500.000
992.188 -250.000 -320.312 304.688 -281.250 804.688 132.812 85.938 953.125 570.312 0.000 859.375 859.375 -515.625 390.625
843.750 -484.375 -242.188 281.250 -421.875 851.562 195.312 -46.875 968.750 632.812 -132.812 781.250 867.188 -492.188 218.750
914.062 -414.062 -281.250 273.438 -468.750 851.562 164.062 -101.562 992.188 617.188 -210.938 796.875 859.375 -523.438 140.625
929.688 -343.750 -250.000 421.875 -484.375 812.500 281.250 -125.000 976.562 671.875 -218.750 757.812 906.250 -492.188 125.000
914.062 -351.562 -257.812 445.312 -476.562 812.500 304.688 -125.000 976.562 695.312 -218.750 734.375 921.875 -476.562 101.562
953.125 -226.562 -257.812 468.750 -492.188 804.688 296.875 -117.188 968.750 687.500 -218.750 765.625 898.438 -507.812 140.625
929.688 -289.062 -226.562 460.938 -468.750 789.062 296.875 -117.188 953.125 679.688 -203.125 734.375 898.438 -484.375 132.812
898.438 -328.125 -250.000 375.000 -421.875 796.875 257.812 -78.125 937.500 664.062 -164.062 726.562 882.812 -437.500 156.250
890.625 -343.750 -234.375 335.938 -421.875 796.875 226.562 -70.312 945.312 648.438 -148.438 742.188 875.000 -453.125 164.062
851.562 -375.000 -210.938 312.500 -382.812 781.250 226.562 -39.062 921.875 640.625 -117.188 734.375 882.812 -406.250 218.750
835.938 -382.812 -195.312 351.562 -335.938 781.250 242.188 -7.812 929.688 656.250 -117.188 726.562 882.812 -414.062 218.750
921.875 -289.062 -234.375 351.562 -351.562 796.875 234.375 -23.438 937.500 640.625 -117.188 734.375 875.000 -437.500 218.750
914.062 -242.188 -234.375 351.562 -367.188 804.688 226.562 -15.625 937.500 640.625 -125.000 757.812 875.000 -453.125 218.750
875.000 -265.625 -210.938 367.188 -343.750 804.688 250.000 -7.812 945.312 656.250 -117.188 757.812 882.812 -453.125 226.562
898.438 -296.875 -218.750 359.375 -367.188 828.125 226.562 -15.625 953.125 632.812 -117.188 773.438 867.188 -476.562 242.188
906.250 -328.125 -234.375 328.125 -367.188 843.750 203.125 -15.625 960.938 640.625 -125.000 765.625 882.812 -468.750 218.750
890.625 -359.375 -226.562 320.312 -359.375 843.750 195.312 -15.625 960.938 625.000 -125.000 781.250 859.375 -484.375 226.562
945.312 -351.562 -257.812 234.375 -398.438 882.812 101.562 -23.438 984.375 554.688 -117.188 828.125 828.125 -539.062 273.438
914.062 -445.312 -281.250 171.875 -421.875 937.500 62.500 -46.875 992.188 546.875 -132.812 812.500 820.312 -507.812 250.000
890.625 -656.250 -289.062 101.562 -492.188 968.750 23.438 -85.938 984.375 523.438 -171.875 789.062 820.312 -500.000 148.438
929.688 -671.875 -312.500 78.125 -562.500 992.188 7.812 -132.812 1007.812 539.062 -226.562 765.625 828.125 -476.562 62.500
984.375 -679.688 -335.938 46.875 -492.188 953.125 15.625 -218.750 1039.062 609.375 -343.750 726.562 921.875 -468.750 -132.812
1078.125 -648.438 -429.688 289.062 -898.438 1125.000 398.438 -304.688 1046.875 867.188 -382.812 601.562 1132.812 -265.625 -335.938
1195.312 0.000 -445.312 640.625 -437.500 812.500 601.562 7.812 1007.812 968.750 -382.812 445.312 945.312 140.625 -320.312
835.938 125.000 -171.875 281.250 -406.250 1039.062 265.625 -359.375 1031.250 1140.625 -242.188 335.938 1101.562 148.438 -242.188
1234.375 234.375 -343.750 554.688 -265.625 93.750 1585.938 468.750 593.750 226.562 62.500 882.812 671.875 -234.375 148.438
953.125 62.500 -328.125 585.938 -132.812 750.000 210.938 156.250 984.375 281.250 164.062 937.500 -85.938 -1000.000 492.188
703.125 -296.875 -351.562 601.562 7.812 570.312 195.312 140.625 867.188 70.312 531.250 1039.062 -210.938 -773.438 851.562
945.312 -296.875 -406.250 546.875 31.250 460.938 375.000 125.000 796.875 453.125 312.500 859.375 -460.938 -890.625 1210.938
2000.000 171.875 -960.938 1593.750 953.125 -585.938 789.062 351.562 601.562 742.188 335.938 718.750 328.125 -304.688 1507.812
-296.875 500.000 117.188 31.250 -656.250 1109.375 375.000 -218.750 1093.750 617.188 -31.250 921.875 195.312 -789.062 914.062
1109.375 -109.375 -640.625 648.438 -554.688 750.000 31.250 203.125 921.875 390.625 250.000 890.625 320.312 -367.188 843.750
1789.062 -687.500 -796.875 750.000 -500.000 484.375 -109.375 414.062 835.938 281.250 273.438 898.438 93.750 -359.375 968.750
742.188 -1453.125 -203.125 1000.000 -695.312 39.062 -46.875 640.625 648.438 -31.250 421.875 992.188 -148.438 -304.688 1156.250
531.250 -992.188 -15.625 484.375 -132.812 757.812 125.000 398.438 851.562 375.000 343.750 820.312 242.188 -242.188 1007.812
804.688 -460.938 125.000 585.938 210.938 632.812 109.375 523.438 851.562 289.062 406.250 906.250 62.500 -234.375 1109.375
500.000 -468.750 117.188 773.438 187.500 437.500 164.062 640.625 781.250 210.938 523.438 945.312 -85.938 -234.375 1226.562
734.375 -359.375 39.062 937.500 101.562 250.000 328.125 742.188 679.688 242.188 671.875 875.000 -39.062 -62.500 1289.062
781.250 -117.188 39.062 875.000 109.375 492.188 312.500 578.125 804.688 351.562 531.250 875.000 101.562 -171.875 1101.562
835.938 -632.812 -7.812 843.750 -39.062 578.125 296.875 523.438 851.562 375.000 460.938 835.938 148.438 -171.875 1015.625
882.812 -695.312 -39.062 843.750 -117.188 601.562 242.188 500.000 875.000 351.562 445.312 851.562 140.625 -171.875 1007.812
937.500 -507.812 -39.062 890.625 -171.875 625.000 218.750 476.562 898.438 281.250 398.438 882.812 70.312 -195.312 984.375
976.562 -546.875 -39.062 953.125 -132.812 515.625 281.250 507.812 867.188 328.125 437.500 882.812 70.312 -203.125 1015.625
914.062 -343.750 -39.062 921.875 -31.250 476.562 320.312 531.250 835.938 343.750 468.750 867.188 93.750 -156.250 1062.500
937.500 -390.625 -31.250 937.500 7.812 437.500 296.875 539.062 820.312 335.938 460.938 859.375 93.750 -156.250 1039.062
906.250 -351.562 -23.438 960.938 15.625 398.438 335.938 531.250 789.062 343.750 476.562 835.938 93.750 -140.625 1031.250
882.812 -390.625 -7.812 914.062 -7.812 375.000 359.375 531.250 757.812 359.375 484.375 812.500 109.375 -117.188 1015.625
851.562 -406.250 -7.812 882.812 -46.875 382.812 335.938 507.812 750.000 343.750 453.125 796.875 101.562 -117.188 1007.812
851.562 -421.875 -15.625 867.188 -62.500 375.000 367.188 500.000 757.812 343.750 460.938 781.250 109.375 -125.000 976.562
875.000 -406.250 -15.625 867.188 -93.750 375.000 359.375 468.750 750.000 328.125 445.312 789.062 85.938 -148.438 968.750
851.562 -515.625 -15.625 835.938 -125.000 414.062 328.125 460.938 757.812 289.062 421.875 804.688 62.500 -148.438 953.125
859.375 -578.125 -31.250 843.750 -132.812 437.500 289.062 476.562 789.062 281.250 414.062 835.938 85.938 -164.062 914.062
906.250 -585.938 -39.062 851.562 -132.812 437.500 289.062 468.750 804.688 289.062 414.062 859.375 39.062 -203.125 953.125
953.125 -648.438 -46.875 890.625 -203.125 390.625 312.500 445.312 804.688 234.375 453.125 859.375 -46.875 -101.562 1054.688
867.188 -1007.812 -23.438 953.125 -289.062 351.562 320.312 429.688 820.312 242.188 421.875 882.812 -101.562 -179.688 992.188
773.438 -468.750 -242.188 875.000 -671.875 398.438 570.312 171.875 421.875 117.188 546.875 625.000 -226.562 -203.125 921.875
507.812 -1570.312 421.875 992.188 -390.625 328.125 242.188 242.188 984.375 343.750 62.500 921.875 -226.562 -390.625 945.312
289.062 -1265.625 257.812 968.750 -406.250 320.312 93.750 367.188 1046.875 78.125 289.062 1125.000 -312.500 -460.938 1023.438
546.875 -804.688 -109.375 843.750 -101.562 351.562 281.250 312.500 812.500 281.250 375.000 937.500 -78.125 -203.125 1140.625
507.812 -664.062 -265.625 1023.438 523.438 -23.438 179.688 734.375 632.812 351.562 460.938 914.062 -117.188 -296.875 1132.812
523.438 -492.188 -367.188 1015.625 773.438 -70.312 296.875 726.562 640.625 406.250 484.375 898.438 -101.562 -265.625 1109.375
625.000 -164.062 -554.688 414.062 398.438 85.938 421.875 523.438 671.875 445.312 695.312 835.938 31.250 -62.500 1250.000
1398.438 867.188 -1234.375 -523.438 -125.000 1851.562 109.375 -296.875 1257.812 507.812 445.312 570.312 257.812 273.438 781.250
1898.438 1757.812 -1132.812 -1835.938 -968.750 2390.625 -335.938 -351.562 1390.625 328.125 367.188 695.312 117.188 0.000 796.875
1664.062 1867.188 -968.750 445.312 -375.000 1601.562 -203.125 -375.000 1507.812 140.625 296.875 1015.625 -15.625 -62.500 1132.812
1289.062 -585.938 31.250 726.562 -789.062 367.188 882.812 406.250 656.250 570.312 492.188 1007.812 -210.938 -625.000 1140.625
531.250 -1046.875 -15.625 1195.312 -460.938 656.250 976.562 -109.375 937.500 867.188 179.688 812.500 273.438 -593.750 820.312
1304.688 359.375 -296.875 640.625 -351.562 906.250 453.125 -242.188 992.188 523.438 312.500 796.875 117.188 -250.000 992.188
1195.312 -281.250 -289.062 796.875 -359.375 812.500 375.000 -171.875 1000.000 382.812 195.312 914.062 -140.625 -460.938 906.250
937.500 15.625 -195.312 476.562 -265.625 804.688 328.125 39.062 968.750 453.125 312.500 882.812 -23.438 -382.812 984.375
804.688 -226.562 -140.625 304.688 -156.250 804.688 132.812 7.812 875.000 289.062 390.625 804.688 -85.938 -203.125 1015.625
835.938 -171.875 -70.312 226.562 -156.250 812.500 62.500 54.688 906.250 171.875 320.312 875.000 -210.938 -273.438 960.938
882.812 -164.062 -78.125 265.625 -132.812 828.125 93.750 7.812 914.062 203.125 343.750 867.188 -179.688 -273.438 960.938
929.688 -195.312 -85.938 382.812 -179.688 820.312 210.938 -15.625 914.062 320.312 312.500 835.938 -78.125 -296.875 937.500
937.500 -132.812 -101.562 453.125 -210.938 820.312 242.188 -39.062 921.875 382.812 296.875 851.562 -31.250 -320.312 929.688
1007.812 -39.062 -156.250 460.938 -210.938 898.438 328.125 -85.938 976.562 437.500 328.125 859.375 -7.812 -320.312 960.938
1023.438 -70.312 -179.688 445.312 -250.000 890.625 250.000 -70.312 968.750 382.812 281.250 859.375 -23.438 -296.875 945.312
1023.438 -125.000 -148.438 421.875 -265.625 890.625 257.812 -93.750 968.750 382.812 265.625 875.000 -46.875 -335.938 921.875
1023.438 -117.188 -148.438 421.875 -203.125 960.938 273.438 -93.750 976.562 382.812 281.250 875.000 -31.250 -328.125 929.688
1015.625 -218.750 -132.812 289.062 -195.312 945.312 117.188 -15.625 1015.625 320.312 320.312 914.062 -78.125 -281.250 1000.000
1007.812 -242.188 -117.188 250.000 -187.500 937.500 93.750 0.000 1000.000 296.875 320.312 921.875 -78.125 -273.438 1007.812
976.562 -265.625 -85.938 242.188 -179.688 945.312 85.938 -7.812 992.188 289.062 320.312 921.875 -93.750 -273.438 1000.000
984.375 -281.250 -85.938 234.375 -171.875 953.125 85.938 7.812 1007.812 289.062 328.125 906.250 -93.750 -265.625 992.188
976.562 -343.750 -46.875 171.875 -148.438 984.375 46.875 46.875 1015.625 250.000 375.000 906.250 -117.188 -210.938 1031.250
984.375 -320.312 -39.062 171.875 -132.812 992.188 23.438 62.500 1015.625 250.000 390.625 906.250 -117.188 -187.500 1023.438
992.188 -234.375 -31.250 148.438 -93.750 960.938 23.438 125.000 1031.250 218.750 421.875 906.250 -140.625 -156.250 1062.500
976.562 -289.062 -15.625 257.812 -101.562 945.312 70.312 117.188 1015.625 242.188 421.875 914.062 -125.000 -156.250 1070.312
921.875 -140.625 -46.875 515.625 -179.688 960.938 93.750 156.250 984.375 492.188 476.562 843.750 62.500 -187.500 1046.875
914.062 -125.000 -179.688 -164.062 109.375 1023.438 1132.812 85.938 945.312 703.125 820.312 640.625 242.188 39.062 1171.875
921.875 -70.312 -23.438 593.750 -101.562 710.938 570.312 390.625 1007.812 460.938 250.000 1085.938 -101.562 -523.438 921.875
882.812 -109.375 -39.062 750.000 -312.500 1031.250 179.688 -148.438 898.438 296.875 468.750 835.938 -179.688 -375.000 1117.188
945.312 375.000 -195.312 328.125 -554.688 1281.250 671.875 -601.562 1265.625 710.938 218.750 765.625 187.500 -335.938 914.062
1265.625 -23.438 -218.750 289.062 -390.625 1234.375 703.125 -171.875 835.938 656.250 117.188 742.188 312.500 -429.688 773.438
1203.125 -109.375 -289.062 210.938 -515.625 726.562 250.000 -148.438 882.812 718.750 164.062 710.938 359.375 -453.125 789.062
1421.875 85.938 -382.812 445.312 -23.438 273.438 -140.625 164.062 859.375 703.125 46.875 835.938 289.062 -210.938 921.875
1203.125 -414.062 -328.125 968.750 -164.062 -171.875 117.188 492.188 921.875 304.688 414.062 843.750 -54.688 -109.375 1054.688
1164.062 -101.562 -250.000 1054.688 -234.375 -101.562 1000.000 710.938 468.750 117.188 546.875 960.938 -375.000 -382.812 1101.562
1539.062 39.062 -460.938 1187.500 187.500 -70.312 515.625 632.812 445.312 -54.688 679.688 859.375 -421.875 -164.062 1125.000
1695.312 78.125 -539.062 1093.750 195.312 23.438 312.500 625.000 554.688 0.000 609.375 851.562 -375.000 -101.562 1054.688
1328.125 312.500 -320.312 890.625 -46.875 335.938 242.188 523.438 734.375 62.500 640.625 851.562 -296.875 -23.438 1171.875
-890.625 -1781.250 1039.062 1359.375 -429.688 -171.875 140.625 -226.562 789.062 234.375 78.125 953.125 -312.500 -726.562 789.062
718.750 -1335.938 523.438 1250.000 -257.812 101.562 914.062 148.438 812.500 789.062 562.500 664.062 500.000 -46.875 1164.062
1125.000 -54.688 335.938 828.125 -132.812 320.312 335.938 234.375 820.312 585.938 382.812 656.250 453.125 -31.250 914.062
804.688 -78.125 257.812 734.375 -15.625 703.125 195.312 164.062 1085.938 367.188 320.312 875.000 -93.750 -312.500 968.750
843.750 312.500 187.500 1757.812 -31.250 -226.562 500.000 218.750 843.750 437.500 382.812 835.938 -39.062 -304.688 992.188
789.062 875.000 117.188 -664.062 -953.125 859.375 640.625 585.938 429.688 679.688 367.188 585.938 164.062 -523.438 726.562
695.312 -46.875 460.938 -1953.125 -2437.500 1515.625 734.375 273.438 859.375 789.062 523.438 578.125 453.125 125.000 1054.688
1156.250 -390.625 179.688 1742.188 -187.500 460.938 429.688 179.688 984.375 406.250 39.062 968.750 -93.750 -562.500 851.562
1117.188 -101.562 164.062 453.125 -593.750 734.375 312.500 242.188 921.875 398.438 203.125 828.125 39.062 -320.312 843.750
921.875 -140.625 203.125 648.438 -460.938 593.750 453.125 265.625 835.938 429.688 335.938 851.562 -39.062 -343.750 984.375
960.938 0.000 218.750 648.438 -382.812 601.562 445.312 343.750 828.125 453.125 335.938 820.312 15.625 -304.688 945.312
914.062 54.688 218.750 734.375 -289.062 578.125 453.125 382.812 812.500 437.500 382.812 851.562 -39.062 -289.062 1015.625
960.938 -31.250 218.750 718.750 -351.562 609.375 414.062 351.562 851.562 421.875 320.312 867.188 -39.062 -320.312 984.375
992.188 -85.938 203.125 679.688 -398.438 648.438 375.000 335.938 882.812 406.250 281.250 875.000 -31.250 -320.312 960.938
992.188 -109.375 195.312 656.250 -406.250 656.250 351.562 328.125 898.438 390.625 289.062 882.812 -31.250 -320.312 960.938
945.312 -179.688 203.125 554.688 -375.000 695.312 289.062 390.625 875.000 343.750 335.938 882.812 -62.500 -281.250 1000.000
882.812 -296.875 226.562 406.250 -289.062 765.625 179.688 507.812 859.375 257.812 414.062 914.062 -132.812 -195.312 1062.500
859.375 -281.250 234.375 359.375 -242.188 796.875 140.625 570.312 859.375 226.562 484.375 921.875 -156.250 -117.188 1164.062
835.938 -304.688 242.188 320.312 -250.000 820.312 148.438 593.750 859.375 234.375 531.250 929.688 -148.438 -109.375 1195.312
781.250 -320.312 265.625 335.938 -226.562 773.438 195.312 632.812 843.750 250.000 546.875 937.500 -195.312 -171.875 1187.500
1007.812 31.250 226.562 539.062 -523.438 656.250 257.812 460.938 937.500 101.562 328.125 1062.500 -390.625 -460.938 1070.312
960.938 125.000 226.562 867.188 -710.938 539.062 492.188 421.875 976.562 382.812 62.500 1046.875 -281.250 -531.250 960.938
875.000 195.312 265.625 875.000 -851.562 421.875 828.125 328.125 921.875 671.875 226.562 1007.812 -125.000 -718.750 953.125
875.000 359.375 54.688 1179.688 -710.938 304.688 1195.312 312.500 1101.562 1031.250 85.938 1125.000 -273.438 -507.812 976.562
398.438 500.000 578.125 703.125 -359.375 437.500 945.312 -265.625 1046.875 546.875 718.750 835.938 851.562 390.625 210.938
757.812 343.750 218.750 726.562 -765.625 773.438 -539.062 -468.750 1007.812 281.250 523.438 835.938 1125.000 351.562 23.438
1179.688 -85.938 -195.312 695.312 265.625 304.688 132.812 -562.500 1203.125 437.500 -687.500 1031.250 359.375 -2046.875 257.812
1781.250 -140.625 -1046.875 1000.000 1210.938 242.188 -1914.062 492.188 1554.688 492.188 -968.750 843.750 296.875 62.500 1187.500
812.500 1093.750 -93.750 437.500 -640.625 -265.625 570.312 -1437.500 -1007.812 210.938 390.625 156.250 851.562 -531.250 765.625
218.750 -2671.875 289.062 656.250 -2273.438 -429.688 2437.500 0.000 -609.375 -140.625 1898.438 921.875 -523.438 -140.625 1101.562
7.812 -3171.875 406.250 1054.688 -2257.812 -453.125 1867.188 210.938 -289.062 585.938 1273.438 796.875 -773.438 -531.250 1250.000
1125.000 -1000.000 -78.125 1398.438 -773.438 -250.000 921.875 -281.250 289.062 1289.062 46.875 -15.625 210.938 -312.500 1242.188
1851.562 765.625 -312.500 796.875 -109.375 351.562 1015.625 -343.750 195.312 867.188 304.688 -23.438 578.125 140.625 554.688
1062.500 -351.562 -39.062 1218.750 367.188 -171.875 1367.188 226.562 -265.625 820.312 570.312 164.062 375.000 -523.438 601.562
687.500 -554.688 164.062 1515.625 304.688 -593.750 1343.750 546.875 54.688 1054.688 445.312 343.750 421.875 -359.375 953.125
578.125 -296.875 343.750 1375.000 23.438 -437.500 1117.188 62.500 -15.625 937.500 539.062 148.438 273.438 0.000 1281.250
1164.062 -171.875 195.312 1101.562 -101.562 62.500 1031.250 -312.500 148.438 859.375 671.875 62.500 484.375 -156.250 812.500
851.562 -500.000 250.000 1140.625 -796.875 164.062 289.062 304.688 515.625 710.938 437.500 281.250 453.125 -109.375 664.062
695.312 -515.625 289.062 710.938 -7.812 304.688 656.250 15.625 523.438 703.125 414.062 359.375 390.625 -203.125 695.312
781.250 -500.000 226.562 671.875 -210.938 140.625 656.250 195.312 406.250 562.500 703.125 406.250 203.125 -156.250 929.688
804.688 -210.938 234.375 867.188 -39.062 132.812 804.688 101.562 445.312 742.188 632.812 343.750 304.688 -171.875 1007.812
851.562 -148.438 226.562 921.875 -31.250 23.438 835.938 78.125 406.250 757.812 578.125 335.938 390.625 -171.875 937.500
843.750 -85.938 242.188 1000.000 -109.375 -7.812 929.688 39.062 359.375 765.625 546.875 328.125 406.250 -226.562 914.062
890.625 -85.938 218.750 929.688 -148.438 54.688 875.000 -93.750 359.375 835.938 460.938 289.062 429.688 -226.562 882.812
960.938 -109.375 179.688 890.625 -226.562 164.062 851.562 -210.938 390.625 804.688 429.688 304.688 414.062 -257.812 835.938
945.312 -148.438 156.250 914.062 -250.000 132.812 875.000 -203.125 375.000 812.500 414.062 335.938 429.688 -289.062 820.312
960.938 -140.625 164.062 953.125 -257.812 109.375 898.438 -218.750 335.938 820.312 398.438 304.688 429.688 -296.875 828.125
1015.625 -54.688 109.375 1015.625 -273.438 15.625 968.750 -210.938 273.438 867.188 390.625 296.875 453.125 -296.875 804.688
1015.625 -101.562 70.312 1007.812 -226.562 -23.438 1023.438 -156.250 296.875 867.188 343.750 335.938 468.750 -320.312 789.062
1054.688 -218.750 -23.438 968.750 -281.250 148.438 929.688 -203.125 343.750 804.688 359.375 289.062 398.438 -312.500 781.250
1078.125 -218.750 -23.438 835.938 -203.125 156.250 1273.438 -164.062 281.250 851.562 335.938 367.188 414.062 -250.000 796.875
945.312 -218.750 46.875 859.375 -164.062 273.438 914.062 -210.938 546.875 781.250 171.875 593.750 335.938 -367.188 781.250
851.562 -359.375 164.062 960.938 -85.938 171.875 757.812 515.625 226.562 679.688 273.438 648.438 265.625 -320.312 890.625
992.188 -257.812 31.250 1007.812 -312.500 -70.312 796.875 46.875 500.000 539.062 492.188 687.500 164.062 -453.125 945.312
1015.625 -320.312 31.250 992.188 -132.812 0.000 820.312 23.438 632.812 617.188 398.438 734.375 179.688 -445.312 968.750
1054.688 -367.188 -70.312 1085.938 -312.500 -171.875 835.938 101.562 531.250 671.875 421.875 687.500 250.000 -500.000 937.500
1093.750 -281.250 -39.062 992.188 -359.375 -101.562 921.875 -23.438 546.875 750.000 351.562 617.188 296.875 -468.750 890.625
1125.000 -351.562 -31.250 1039.062 -617.188 -31.250 875.000 -125.000 617.188 718.750 281.250 664.062 281.250 -484.375 804.688
1085.938 -414.062 -46.875 1070.312 -593.750 -93.750 906.250 -187.500 601.562 703.125 242.188 656.250 320.312 -507.812 765.625
1046.875 -453.125 -70.312 1140.625 -656.250 -171.875 953.125 -257.812 523.438 757.812 250.000 625.000 359.375 -523.438 703.125
1187.500 -289.062 -156.250 1054.688 -632.812 -85.938 867.188 -203.125 500.000 710.938 351.562 601.562 320.312 -531.250 765.625
1226.562 -125.000 -156.250 1070.312 -421.875 -85.938 531.250 54.688 734.375 546.875 351.562 750.000 187.500 -460.938 835.938
1156.250 -23.438 -171.875 1109.375 -390.625 -140.625 601.562 164.062 750.000 492.188 375.000 820.312 109.375 -484.375 843.750
1085.938 -85.938 -117.188 937.500 -468.750 0.000 757.812 171.875 726.562 390.625 492.188 859.375 -70.312 -523.438 914.062
921.875 -226.562 -39.062 1000.000 -468.750 39.062 710.938 85.938 789.062 320.312 546.875 898.438 -148.438 -500.000 1031.250
687.500 -625.000 93.750 640.625 -429.688 289.062 804.688 210.938 617.188 453.125 632.812 726.562 -23.438 -406.250 1078.125
765.625 -554.688 54.688 828.125 -414.062 234.375 664.062 234.375 562.500 421.875 695.312 648.438 39.062 -296.875 1093.750
703.125 -523.438 93.750 820.312 -242.188 242.188 671.875 359.375 617.188 359.375 648.438 703.125 -46.875 -210.938 1039.062
734.375 -515.625 109.375 757.812 -218.750 296.875 671.875 414.062 601.562 296.875 695.312 710.938 -101.562 -281.250 1015.625
765.625 -562.500 156.250 804.688 -304.688 335.938 703.125 367.188 664.062 296.875 726.562 710.938 -179.688 -203.125 1093.750
789.062 -546.875 164.062 812.500 -289.062 359.375 648.438 367.188 648.438 304.688 726.562 703.125 -140.625 -187.500 1085.938
812.500 -648.438 171.875 867.188 -312.500 335.938 679.688 343.750 640.625 320.312 695.312 679.688 -117.188 -171.875 1054.688
804.688 -656.250 164.062 921.875 -273.438 312.500 710.938 382.812 632.812 320.312 695.312 687.500 -85.938 -171.875 1046.875
851.562 -601.562 171.875 929.688 -250.000 304.688 703.125 398.438 625.000 320.312 703.125 679.688 -70.312 -148.438 1046.875
843.750 -570.312 164.062 945.312 -156.250 289.062 695.312 460.938 609.375 296.875 750.000 687.500 -117.188 -148.438 1085.938
828.125 -570.312 171.875 937.500 -132.812 281.250 695.312 476.562 609.375 281.250 757.812 695.312 -132.812 -148.438 1070.312
843.750 -531.250 156.250 937.500 -132.812 273.438 679.688 484.375 609.375 257.812 750.000 687.500 -140.625 -148.438 1070.312
835.938 -554.688 148.438 953.125 -132.812 265.625 695.312 476.562 601.562 265.625 757.812 687.500 -148.438 -148.438 1078.125
843.750 -546.875 132.812 992.188 -148.438 203.125 734.375 453.125 617.188 304.688 710.938 687.500 -101.562 -156.250 1062.500
851.562 -546.875 148.438 984.375 -187.500 187.500 742.188 390.625 570.312 328.125 703.125 671.875 -85.938 -187.500 1023.438
859.375 -500.000 132.812 953.125 -203.125 203.125 742.188 359.375 562.500 367.188 687.500 648.438 -54.688 -187.500 1023.438
851.562 -484.375 140.625 945.312 -226.562 203.125 718.750 367.188 554.688 375.000 671.875 640.625 -39.062 -179.688 1023.438
835.938 -500.000 125.000 968.750 -242.188 140.625 773.438 335.938 554.688 398.438 640.625 640.625 0.000 -195.312 992.188
828.125 -453.125 117.188 984.375 -265.625 109.375 781.250 289.062 515.625 429.688 609.375 625.000 23.438 -210.938 960.938
828.125 -390.625 109.375 968.750 -281.250 109.375 781.250 257.812 531.250 437.500 601.562 617.188 23.438 -218.750 960.938
843.750 -375.000 101.562 953.125 -289.062 109.375 773.438 242.188 531.250 429.688 585.938 625.000 46.875 -226.562 953.125
820.312 -359.375 117.188 914.062 -320.312 148.438 765.625 234.375 546.875 445.312 578.125 625.000 39.062 -234.375 960.938
804.688 -500.000 101.562 890.625 -335.938 179.688 773.438 242.188 578.125 453.125 554.688 632.812 46.875 -242.188 945.312
804.688 -492.188 93.750 882.812 -335.938 210.938 718.750 226.562 578.125 437.500 570.312 625.000 54.688 -226.562 937.500
820.312 -453.125 101.562 890.625 -351.562 218.750 710.938 226.562 593.750 414.062 562.500 648.438 46.875 -226.562 953.125
765.625 -492.188 109.375 875.000 -359.375 265.625 703.125 242.188 640.625 390.625 570.312 679.688 -7.812 -234.375 968.750
