539.062 -398.438 -617.188 507.812 -492.188 734.375 351.562 250.000 812.500 140.625 570.312 781.250 -375.000 -23.438 945.312
562.500 -601.562 -593.750 523.438 -304.688 734.375 226.562 328.125 953.125 171.875 523.438 820.312 -351.562 31.250 929.688
695.312 -218.750 -648.438 554.688 -359.375 671.875 156.250 453.125 929.688 7.812 453.125 921.875 -453.125 -70.312 921.875
671.875 -585.938 -734.375 601.562 -250.000 648.438 234.375 359.375 929.688 23.438 562.500 906.250 -437.500 -54.688 890.625
914.062 -507.812 -859.375 773.438 -421.875 476.562 164.062 359.375 875.000 85.938 343.750 945.312 -421.875 -257.812 859.375
570.312 -929.688 -539.062 734.375 -492.188 492.188 250.000 218.750 984.375 218.750 226.562 1015.625 -398.438 -375.000 859.375
-335.938 -656.250 -289.062 835.938 -820.312 335.938 437.500 -109.375 820.312 101.562 179.688 1140.625 -382.812 -984.375 718.750
-335.938 -656.250 -289.062 835.938 -820.312 335.938 437.500 -109.375 820.312 101.562 179.688 1140.625 -382.812 -984.375 718.750
601.562 -789.062 -640.625 703.125 -671.875 375.000 523.438 78.125 789.062 375.000 460.938 703.125 -187.500 -54.688 953.125
554.688 -640.625 -546.875 546.875 -484.375 523.438 421.875 242.188 742.188 156.250 445.312 765.625 -343.750 -132.812 921.875
554.688 -640.625 -546.875 546.875 -484.375 523.438 421.875 242.188 742.188 156.250 445.312 765.625 -343.750 -132.812 921.875
531.250 -742.188 -539.062 578.125 -375.000 546.875 382.812 343.750 781.250 187.500 539.062 789.062 -351.562 -140.625 937.500
578.125 -539.062 -515.625 710.938 -429.688 453.125 593.750 328.125 765.625 117.188 601.562 812.500 -460.938 -101.562 984.375
578.125 -453.125 -531.250 726.562 -414.062 437.500 546.875 296.875 750.000 140.625 609.375 828.125 -476.562 -195.312 968.750
617.188 -445.312 -539.062 742.188 -398.438 414.062 554.688 320.312 750.000 132.812 585.938 843.750 -492.188 -203.125 953.125
710.938 -429.688 -617.188 773.438 -343.750 437.500 546.875 390.625 804.688 39.062 578.125 953.125 -593.750 -242.188 992.188
710.938 -429.688 -617.188 773.438 -343.750 437.500 546.875 390.625 804.688 39.062 578.125 953.125 -593.750 -242.188 992.188
718.750 -515.625 -648.438 789.062 -351.562 476.562 531.250 445.312 875.000 -7.812 648.438 984.375 -640.625 -210.938 1062.500
718.750 -515.625 -648.438 789.062 -351.562 476.562 531.250 445.312 875.000 -7.812 648.438 984.375 -640.625 -210.938 1062.500
734.375 -718.750 -640.625 773.438 -398.438 570.312 507.812 562.500 992.188 -70.312 671.875 1039.062 -664.062 -148.438 1093.750
812.500 -703.125 -679.688 710.938 -656.250 609.375 390.625 617.188 945.312 -101.562 726.562 984.375 -640.625 -31.250 1101.562
812.500 -703.125 -679.688 710.938 -656.250 609.375 390.625 617.188 945.312 -101.562 726.562 984.375 -640.625 -31.250 1101.562
367.188 -1000.000 -789.062 835.938 -437.500 445.312 101.562 617.188 1031.250 -54.688 437.500 1101.562 -460.938 -312.500 945.312
500.000 -593.750 -359.375 968.750 -507.812 -70.312 1296.875 820.312 218.750 515.625 296.875 960.938 46.875 -648.438 757.812
171.875 187.500 125.000 2578.125 1921.875 109.375 -7.812 54.688 2445.312 1203.125 -343.750 1703.125 617.188 -757.812 781.250
-281.250 492.188 -23.438 1242.188 429.688 -23.438 -328.125 -1000.000 812.500 -710.938 992.188 843.750 -125.000 15.625 875.000
1226.562 -179.688 -726.562 -351.562 -1343.750 7.812 390.625 -31.250 -601.562 -179.688 546.875 7.812 -765.625 -421.875 1460.938
1226.562 -179.688 -726.562 -351.562 -1343.750 7.812 390.625 -31.250 -601.562 -179.688 546.875 7.812 -765.625 -421.875 1460.938
1226.562 -179.688 -726.562 -351.562 -1343.750 7.812 390.625 -31.250 -601.562 -179.688 546.875 7.812 -765.625 -421.875 1460.938
1085.938 -171.875 -843.750 -539.062 -1914.062 882.812 835.938 -195.312 -140.625 601.562 78.125 -281.250 -570.312 -62.500 1218.750
718.750 -1140.625 -593.750 78.125 -742.188 750.000 695.312 -320.312 304.688 656.250 320.312 156.250 46.875 664.062 820.312
601.562 -1312.500 -375.000 390.625 -937.500 617.188 1078.125 -328.125 109.375 867.188 234.375 54.688 203.125 62.500 734.375
578.125 -765.625 -398.438 273.438 -679.688 648.438 1156.250 -445.312 15.625 1093.750 62.500 -31.250 148.438 140.625 718.750
671.875 -515.625 -445.312 554.688 -695.312 460.938 1125.000 -382.812 7.812 1031.250 132.812 0.000 273.438 93.750 632.812
750.000 -421.875 -484.375 601.562 -703.125 437.500 1070.312 -328.125 31.250 992.188 195.312 46.875 359.375 -7.812 617.188
710.938 -664.062 -289.062 578.125 -765.625 507.812 1046.875 -343.750 101.562 937.500 265.625 234.375 304.688 -78.125 906.250
710.938 -664.062 -289.062 578.125 -765.625 507.812 1046.875 -343.750 101.562 937.500 265.625 234.375 304.688 -78.125 906.250
710.938 -664.062 -289.062 578.125 -765.625 507.812 1046.875 -343.750 101.562 937.500 265.625 234.375 304.688 -78.125 906.250
703.125 -679.688 -312.500 515.625 -726.562 539.062 1007.812 -359.375 148.438 921.875 265.625 242.188 304.688 -7.812 945.312
710.938 -648.438 -328.125 484.375 -687.500 531.250 1007.812 -320.312 203.125 921.875 359.375 273.438 343.750 78.125 960.938
734.375 -679.688 -367.188 445.312 -656.250 546.875 976.562 -273.438 242.188 929.688 414.062 289.062 367.188 62.500 984.375
742.188 -601.562 -390.625 539.062 -703.125 492.188 1023.438 -257.812 257.812 890.625 484.375 406.250 281.250 31.250 1078.125
781.250 -601.562 -414.062 562.500 -734.375 492.188 1054.688 -273.438 242.188 875.000 468.750 414.062 234.375 46.875 1117.188
804.688 -648.438 -414.062 609.375 -828.125 453.125 1093.750 -304.688 187.500 890.625 414.062 429.688 -15.625 -46.875 1421.875
757.812 -726.562 -375.000 656.250 -968.750 468.750 992.188 -367.188 242.188 882.812 398.438 460.938 -140.625 -78.125 1554.688
617.188 -929.688 -312.500 726.562 -578.125 398.438 1000.000 -328.125 375.000 789.062 546.875 656.250 -140.625 -70.312 1500.000
617.188 -929.688 -312.500 726.562 -578.125 398.438 1000.000 -328.125 375.000 789.062 546.875 656.250 -140.625 -70.312 1500.000
562.500 -765.625 -289.062 554.688 -562.500 523.438 859.375 -382.812 515.625 703.125 562.500 710.938 -31.250 -335.938 1406.250
554.688 -789.062 -320.312 492.188 -679.688 398.438 742.188 -468.750 398.438 -23.438 898.438 734.375 835.938 -1335.938 203.125
554.688 -789.062 -320.312 492.188 -679.688 398.438 742.188 -468.750 398.438 -23.438 898.438 734.375 835.938 -1335.938 203.125
578.125 -703.125 -375.000 468.750 -703.125 390.625 695.312 -445.312 453.125 851.562 359.375 726.562 718.750 -476.562 257.812
484.375 -875.000 -632.812 320.312 -375.000 679.688 218.750 31.250 1062.500 468.750 -257.812 984.375 843.750 -312.500 -140.625
484.375 -875.000 -632.812 320.312 -375.000 679.688 218.750 31.250 1062.500 468.750 -257.812 984.375 843.750 -312.500 -140.625
484.375 -875.000 -632.812 320.312 -375.000 679.688 218.750 31.250 1062.500 468.750 -257.812 984.375 843.750 -312.500 -140.625
484.375 -875.000 -632.812 320.312 -375.000 679.688 218.750 31.250 1062.500 468.750 -257.812 984.375 843.750 -312.500 -140.625
484.375 -875.000 -632.812 320.312 -375.000 679.688 218.750 31.250 1062.500 468.750 -257.812 984.375 843.750 -312.500 -140.625
484.375 -875.000 -632.812 320.312 -375.000 679.688 218.750 31.250 1062.500 468.750 -257.812 984.375 843.750 -312.500 -140.625
679.688 117.188 -734.375 500.000 -914.062 1343.750 289.062 -632.812 1203.125 664.062 -54.688 734.375 976.562 195.312 132.812
742.188 281.250 -773.438 218.750 -804.688 1406.250 484.375 -593.750 1343.750 710.938 -171.875 781.250 1000.000 117.188 125.000
984.375 601.562 -929.688 -226.562 -250.000 1351.562 -54.688 -335.938 1351.562 617.188 -101.562 937.500 1070.312 -195.312 -15.625
1429.688 648.438 -992.188 93.750 -421.875 1000.000 273.438 -187.500 1093.750 601.562 -7.812 992.188 1023.438 -351.562 171.875
1359.375 273.438 -812.500 992.188 -617.188 445.312 960.938 -109.375 632.812 429.688 31.250 921.875 1007.812 -476.562 406.250
1359.375 273.438 -812.500 992.188 -617.188 445.312 960.938 -109.375 632.812 429.688 31.250 921.875 1007.812 -476.562 406.250
1054.688 359.375 -671.875 289.062 -625.000 851.562 406.250 -445.312 937.500 773.438 -335.938 679.688 1054.688 -257.812 -273.438
1054.688 359.375 -671.875 289.062 -625.000 851.562 406.250 -445.312 937.500 773.438 -335.938 679.688 1054.688 -257.812 -273.438
976.562 54.688 -710.938 -15.625 -609.375 1007.812 -15.625 -335.938 1062.500 382.812 -250.000 875.000 789.062 -562.500 -15.625
843.750 -78.125 -375.000 273.438 -640.625 843.750 125.000 -375.000 992.188 468.750 -296.875 781.250 945.312 -421.875 -203.125
843.750 -78.125 -375.000 273.438 -640.625 843.750 125.000 -375.000 992.188 468.750 -296.875 781.250 945.312 -421.875 -203.125
945.312 -1078.125 -375.000 296.875 -273.438 523.438 507.812 -156.250 859.375 968.750 -507.812 859.375 1281.250 -570.312 -789.062
945.312 -1078.125 -375.000 296.875 -273.438 523.438 507.812 -156.250 859.375 968.750 -507.812 859.375 1281.250 -570.312 -789.062
937.500 570.312 -343.750 1351.562 -617.188 101.562 1140.625 -570.312 382.812 1109.375 -343.750 554.688 945.312 -335.938 -664.062
898.438 1343.750 -570.312 2257.812 -242.188 -195.312 1906.250 -320.312 265.625 671.875 -484.375 617.188 1335.938 -31.250 -773.438
984.375 1500.000 -921.875 250.000 -679.688 1554.688 945.312 -1039.062 937.500 -1085.938 -234.375 328.125 1179.688 578.125 -367.188
984.375 1500.000 -921.875 250.000 -679.688 1554.688 945.312 -1039.062 937.500 -1085.938 -234.375 328.125 1179.688 578.125 -367.188
1062.500 1320.312 -773.438 -953.125 -85.938 796.875 -593.750 -1890.625 257.812 -3109.375 1250.000 210.938 -1789.062 359.375 929.688
-796.875 -1539.062 -375.000 617.188 -4000.000 -2101.562 468.750 234.375 460.938 -343.750 1046.875 953.125 -1859.375 -765.625 2445.312
-93.750 -3820.312 -39.062 375.000 -726.562 343.750 -156.250 -117.188 718.750 -46.875 875.000 1070.312 -968.750 -242.188 1710.938
406.250 -3390.625 -281.250 484.375 -765.625 304.688 460.938 -54.688 781.250 585.938 1164.062 445.312 -742.188 546.875 1554.688
1054.688 78.125 -343.750 390.625 -703.125 609.375 585.938 -46.875 671.875 515.625 640.625 312.500 148.438 -23.438 1265.625
507.812 -281.250 -70.312 632.812 -140.625 367.188 835.938 429.688 437.500 273.438 843.750 242.188 -226.562 -109.375 1171.875
570.312 140.625 -15.625 1132.812 -414.062 -132.812 1179.688 39.062 250.000 656.250 890.625 406.250 15.625 78.125 1101.562
570.312 140.625 -15.625 1132.812 -414.062 -132.812 1179.688 39.062 250.000 656.250 890.625 406.250 15.625 78.125 1101.562
617.188 -500.000 -54.688 968.750 -679.688 7.812 1039.062 -148.438 398.438 656.250 843.750 562.500 -226.562 -328.125 1070.312
617.188 -500.000 -54.688 968.750 -679.688 7.812 1039.062 -148.438 398.438 656.250 843.750 562.500 -226.562 -328.125 1070.312
968.750 -695.312 -281.250 531.250 -960.938 515.625 773.438 -367.188 601.562 601.562 632.812 617.188 -359.375 7.812 1054.688
992.188 -812.500 -265.625 476.562 -984.375 570.312 765.625 -367.188 632.812 531.250 617.188 648.438 -281.250 -85.938 1078.125
789.062 -718.750 -109.375 484.375 -898.438 523.438 523.438 -250.000 914.062 179.688 640.625 664.062 -289.062 117.188 1054.688
742.188 -664.062 7.812 476.562 -859.375 492.188 343.750 -195.312 1101.562 -125.000 718.750 937.500 -390.625 359.375 1000.000
750.000 -382.812 23.438 429.688 -695.312 476.562 242.188 -93.750 929.688 101.562 929.688 945.312 -382.812 281.250 976.562
726.562 -242.188 23.438 343.750 -562.500 460.938 -250.000 15.625 1109.375 -93.750 898.438 906.250 -437.500 218.750 1117.188
351.562 -85.938 101.562 812.500 -101.562 125.000 765.625 367.188 23.438 335.938 781.250 281.250 -828.125 625.000 1484.375
351.562 -85.938 101.562 812.500 -101.562 125.000 765.625 367.188 23.438 335.938 781.250 281.250 -828.125 625.000 1484.375
945.312 -828.125 -468.750 1054.688 -492.188 70.312 1148.438 -54.688 -171.875 851.562 531.250 78.125 46.875 187.500 1390.625
1085.938 -765.625 -484.375 1164.062 -562.500 -132.812 976.562 -93.750 -54.688 828.125 437.500 15.625 93.750 460.938 1484.375
1117.188 -281.250 -359.375 1492.188 -656.250 -296.875 1843.750 -85.938 -406.250 1382.812 695.312 -31.250 -968.750 328.125 1539.062
1257.812 -382.812 -476.562 1117.188 -546.875 -289.062 1296.875 -31.250 171.875 -835.938 -242.188 7.812 -695.312 -359.375 945.312
1257.812 -382.812 -476.562 1117.188 -546.875 -289.062 1296.875 -31.250 171.875 -835.938 -242.188 7.812 -695.312 -359.375 945.312
1187.500 -351.562 -554.688 875.000 -835.938 -195.312 875.000 -742.188 -656.250 593.750 -1312.500 -671.875 117.188 101.562 835.938
812.500 -460.938 -203.125 726.562 -835.938 -46.875 609.375 -429.688 195.312 835.938 -429.688 304.688 1062.500 -554.688 -765.625
812.500 -460.938 -203.125 726.562 -835.938 -46.875 609.375 -429.688 195.312 835.938 -429.688 304.688 1062.500 -554.688 -765.625
726.562 -796.875 -218.750 632.812 -632.812 125.000 1054.688 -335.938 46.875 734.375 203.125 335.938 828.125 -523.438 -101.562
992.188 -648.438 -367.188 710.938 -601.562 101.562 789.062 -273.438 23.438 820.312 187.500 171.875 414.062 -156.250 835.938
835.938 148.438 -304.688 882.812 -312.500 164.062 484.375 125.000 -109.375 1218.750 304.688 -242.188 546.875 265.625 1125.000
835.938 148.438 -304.688 882.812 -312.500 164.062 484.375 125.000 -109.375 1218.750 304.688 -242.188 546.875 265.625 1125.000
835.938 148.438 -304.688 882.812 -312.500 164.062 484.375 125.000 -109.375 1218.750 304.688 -242.188 546.875 265.625 1125.000
734.375 -625.000 -203.125 812.500 -523.438 242.188 1007.812 -164.062 54.688 898.438 296.875 78.125 460.938 -85.938 843.750
734.375 -625.000 -203.125 812.500 -523.438 242.188 1007.812 -164.062 54.688 898.438 296.875 78.125 460.938 -85.938 843.750
781.250 -562.500 -179.688 898.438 -476.562 179.688 1062.500 -125.000 -15.625 968.750 320.312 62.500 570.312 -101.562 804.688
781.250 -562.500 -179.688 898.438 -476.562 179.688 1062.500 -125.000 -15.625 968.750 320.312 62.500 570.312 -101.562 804.688
781.250 -562.500 -179.688 898.438 -476.562 179.688 1062.500 -125.000 -15.625 968.750 320.312 62.500 570.312 -101.562 804.688
867.188 -492.188 -203.125 851.562 -468.750 218.750 976.562 -101.562 85.938 898.438 351.562 109.375 570.312 -101.562 796.875
867.188 -492.188 -203.125 851.562 -468.750 218.750 976.562 -101.562 85.938 898.438 351.562 109.375 570.312 -101.562 796.875
796.875 -679.688 -195.312 859.375 -492.188 265.625 1000.000 -70.312 101.562 906.250 429.688 109.375 523.438 -62.500 890.625
773.438 -664.062 -179.688 835.938 -468.750 289.062 984.375 -70.312 101.562 898.438 406.250 93.750 539.062 -62.500 859.375
710.938 -562.500 -148.438 882.812 -375.000 234.375 984.375 -7.812 62.500 890.625 429.688 54.688 523.438 -31.250 882.812
710.938 -562.500 -148.438 882.812 -375.000 234.375 984.375 -7.812 62.500 890.625 429.688 54.688 523.438 -31.250 882.812
710.938 -562.500 -148.438 882.812 -375.000 234.375 984.375 -7.812 62.500 890.625 429.688 54.688 523.438 -31.250 882.812
710.938 -562.500 -148.438 882.812 -375.000 234.375 984.375 -7.812 62.500 890.625 429.688 54.688 523.438 -31.250 882.812
718.750 -601.562 -171.875 875.000 -382.812 234.375 1046.875 0.000 23.438 914.062 468.750 31.250 531.250 -15.625 882.812
718.750 -601.562 -171.875 875.000 -382.812 234.375 1046.875 0.000 23.438 914.062 468.750 31.250 531.250 -15.625 882.812
656.250 -523.438 -148.438 835.938 -359.375 210.938 929.688 -23.438 7.812 859.375 335.938 -7.812 539.062 -85.938 742.188
640.625 -531.250 -132.812 835.938 -367.188 203.125 945.312 -23.438 39.062 875.000 390.625 15.625 742.188 164.062 851.562
648.438 -554.688 -156.250 867.188 -242.188 289.062 1054.688 -31.250 226.562 835.938 296.875 304.688 476.562 85.938 828.125
656.250 -554.688 -171.875 859.375 -398.438 140.625 937.500 -78.125 7.812 875.000 328.125 101.562 554.688 -164.062 718.750
656.250 -554.688 -187.500 828.125 -406.250 125.000 804.688 -109.375 171.875 796.875 312.500 273.438 562.500 -179.688 757.812
664.062 -546.875 -171.875 851.562 -398.438 179.688 507.812 7.812 289.062 843.750 117.188 351.562 562.500 -132.812 789.062
664.062 -546.875 -171.875 851.562 -398.438 179.688 507.812 7.812 289.062 843.750 117.188 351.562 562.500 -132.812 789.062
609.375 -562.500 -203.125 835.938 -445.312 109.375 921.875 -132.812 93.750 828.125 382.812 234.375 546.875 -195.312 789.062
718.750 -609.375 -421.875 828.125 -500.000 132.812 1015.625 -187.500 15.625 851.562 390.625 195.312 546.875 -109.375 765.625
718.750 -609.375 -421.875 828.125 -500.000 132.812 1015.625 -187.500 15.625 851.562 390.625 195.312 546.875 -109.375 765.625
734.375 -578.125 -453.125 843.750 -539.062 164.062 1023.438 -195.312 54.688 929.688 296.875 93.750 578.125 -39.062 789.062
656.250 -578.125 -460.938 820.312 -546.875 210.938 1062.500 -164.062 70.312 921.875 335.938 62.500 531.250 -7.812 812.500
609.375 -648.438 -468.750 796.875 -562.500 226.562 1062.500 -156.250 70.312 921.875 335.938 54.688 554.688 15.625 773.438
570.312 -671.875 -476.562 750.000 -523.438 234.375 984.375 -117.188 85.938 859.375 359.375 54.688 531.250 54.688 765.625
570.312 -671.875 -476.562 750.000 -523.438 234.375 984.375 -117.188 85.938 859.375 359.375 54.688 531.250 54.688 765.625
570.312 -671.875 -476.562 750.000 -523.438 234.375 984.375 -117.188 85.938 859.375 359.375 54.688 531.250 54.688 765.625
531.250 -617.188 -445.312 710.938 -507.812 265.625 929.688 -148.438 140.625 859.375 328.125 62.500 507.812 78.125 734.375
492.188 -617.188 -468.750 664.062 -539.062 304.688 835.938 -187.500 218.750 828.125 296.875 109.375 484.375 62.500 710.938
468.750 -648.438 -460.938 625.000 -554.688 320.312 796.875 -203.125 250.000 796.875 281.250 132.812 445.312 23.438 726.562
429.688 -734.375 -421.875 585.938 -601.562 359.375 718.750 -226.562 335.938 710.938 281.250 250.000 367.188 -46.875 734.375
375.000 -796.875 -398.438 554.688 -617.188 367.188 687.500 -218.750 398.438 687.500 289.062 335.938 312.500 -101.562 742.188
351.562 -828.125 -398.438 539.062 -601.562 382.812 687.500 -226.562 429.688 687.500 289.062 343.750 281.250 -109.375 742.188
312.500 -875.000 -398.438 500.000 -625.000 421.875 671.875 -242.188 445.312 664.062 312.500 367.188 218.750 -109.375 781.250
273.438 -890.625 -445.312 375.000 -632.812 500.000 593.750 -203.125 523.438 554.688 375.000 429.688 78.125 -70.312 867.188
273.438 -890.625 -445.312 375.000 -632.812 500.000 593.750 -203.125 523.438 554.688 375.000 429.688 78.125 -70.312 867.188
273.438 -890.625 -445.312 375.000 -632.812 500.000 593.750 -203.125 523.438 554.688 375.000 429.688 78.125 -70.312 867.188
234.375 -882.812 -453.125 312.500 -617.188 562.500 492.188 -171.875 601.562 476.562 406.250 500.000 0.000 -93.750 867.188
195.312 -875.000 -453.125 210.938 -554.688 617.188 382.812 -125.000 671.875 375.000 429.688 570.312 -70.312 -78.125 890.625
148.438 -859.375 -437.500 179.688 -523.438 656.250 312.500 -78.125 742.188 320.312 476.562 632.812 -109.375 -85.938 906.250
140.625 -851.562 -445.312 156.250 -507.812 671.875 273.438 -54.688 789.062 296.875 507.812 671.875 -140.625 -85.938 937.500
125.000 -851.562 -437.500 109.375 -468.750 710.938 210.938 -15.625 867.188 242.188 554.688 742.188 -195.312 -93.750 968.750
93.750 -867.188 -437.500 70.312 -453.125 773.438 132.812 7.812 984.375 187.500 601.562 843.750 -257.812 -117.188 1039.062
46.875 -937.500 -460.938 -54.688 -492.188 914.062 78.125 46.875 1140.625 117.188 726.562 976.562 -359.375 -156.250 1164.062
46.875 -937.500 -460.938 -54.688 -492.188 914.062 78.125 46.875 1140.625 117.188 726.562 976.562 -359.375 -156.250 1164.062
46.875 -937.500 -460.938 -54.688 -492.188 914.062 78.125 46.875 1140.625 117.188 726.562 976.562 -359.375 -156.250 1164.062
15.625 -984.375 -468.750 -125.000 -492.188 992.188 23.438 93.750 1218.750 78.125 820.312 1046.875 -421.875 -171.875 1281.250
15.625 -984.375 -468.750 -125.000 -492.188 992.188 23.438 93.750 1218.750 78.125 820.312 1046.875 -421.875 -171.875 1281.250
