242.188 -992.188 -125.000 101.562 -531.250 828.125 242.188 85.938 960.938 273.438 312.500 906.250 54.688 132.812 976.562
257.812 -1023.438 -132.812 78.125 -515.625 859.375 218.750 93.750 968.750 273.438 335.938 898.438 46.875 148.438 1000.000
265.625 -1015.625 -140.625 78.125 -507.812 859.375 203.125 109.375 984.375 257.812 351.562 914.062 31.250 164.062 1007.812
257.812 -1015.625 -125.000 78.125 -500.000 867.188 203.125 117.188 984.375 257.812 359.375 921.875 31.250 179.688 1015.625
273.438 -1000.000 -132.812 78.125 -476.562 859.375 203.125 148.438 984.375 234.375 390.625 937.500 7.812 187.500 1023.438
328.125 -945.312 -156.250 78.125 -468.750 859.375 187.500 156.250 1000.000 210.938 375.000 945.312 -23.438 195.312 1039.062
320.312 -921.875 -140.625 85.938 -460.938 859.375 179.688 156.250 1000.000 203.125 382.812 960.938 -31.250 187.500 1023.438
335.938 -929.688 -148.438 78.125 -460.938 859.375 171.875 164.062 1000.000 195.312 398.438 953.125 -39.062 187.500 1023.438
343.750 -914.062 -132.812 62.500 -445.312 867.188 156.250 171.875 1000.000 171.875 398.438 953.125 -70.312 187.500 1039.062
312.500 -953.125 -117.188 93.750 -437.500 859.375 187.500 187.500 984.375 210.938 429.688 929.688 -46.875 234.375 1046.875
265.625 -968.750 -93.750 62.500 -437.500 867.188 195.312 179.688 976.562 210.938 437.500 914.062 -54.688 242.188 1031.250
273.438 -984.375 -70.312 62.500 -445.312 882.812 187.500 187.500 976.562 210.938 429.688 914.062 -46.875 250.000 1015.625
281.250 -1007.812 -78.125 70.312 -453.125 882.812 218.750 171.875 976.562 250.000 421.875 906.250 23.438 242.188 976.562
226.562 -1039.062 -39.062 70.312 -445.312 882.812 203.125 171.875 976.562 257.812 414.062 882.812 -7.812 265.625 976.562
242.188 -1023.438 -31.250 70.312 -445.312 875.000 218.750 171.875 968.750 250.000 421.875 882.812 -7.812 265.625 968.750
250.000 -1007.812 -23.438 78.125 -437.500 882.812 210.938 179.688 976.562 250.000 437.500 898.438 -15.625 273.438 968.750
273.438 -1000.000 -39.062 54.688 -437.500 890.625 203.125 187.500 984.375 242.188 453.125 890.625 -31.250 304.688 984.375
304.688 -992.188 -78.125 62.500 -437.500 906.250 195.312 195.312 1015.625 226.562 460.938 929.688 -23.438 289.062 960.938
351.562 -921.875 -109.375 31.250 -460.938 914.062 226.562 187.500 1000.000 218.750 468.750 921.875 -70.312 281.250 984.375
375.000 -882.812 -140.625 62.500 -460.938 914.062 179.688 171.875 1023.438 234.375 468.750 929.688 -101.562 289.062 1000.000
429.688 -617.188 -257.812 62.500 -468.750 914.062 171.875 179.688 1054.688 218.750 460.938 937.500 -70.312 382.812 976.562
625.000 -484.375 -562.500 7.812 -421.875 1031.250 125.000 226.562 1140.625 187.500 476.562 984.375 -70.312 328.125 937.500
789.062 -445.312 -703.125 -15.625 -343.750 992.188 39.062 234.375 1195.312 171.875 539.062 984.375 -85.938 523.438 968.750
835.938 -468.750 -820.312 62.500 -343.750 976.562 39.062 234.375 1234.375 179.688 468.750 992.188 -85.938 617.188 992.188
914.062 -429.688 -921.875 195.312 -320.312 851.562 46.875 234.375 1210.938 140.625 460.938 1023.438 -164.062 656.250 1039.062
648.438 -718.750 -703.125 437.500 -210.938 578.125 70.312 242.188 1109.375 132.812 406.250 1117.188 -507.812 554.688 1328.125
531.250 -828.125 -578.125 562.500 -335.938 375.000 257.812 335.938 984.375 335.938 398.438 1062.500 -664.062 281.250 1437.500
593.750 -960.938 -664.062 617.188 -390.625 312.500 406.250 304.688 820.312 398.438 398.438 929.688 -640.625 242.188 1398.438
703.125 -1148.438 -820.312 695.312 -648.438 304.688 484.375 140.625 617.188 554.688 476.562 609.375 -421.875 195.312 1171.875
468.750 -1421.875 -726.562 539.062 -1023.438 351.562 609.375 -125.000 437.500 601.562 726.562 429.688 -445.312 281.250 1281.250
242.188 -1781.250 -750.000 398.438 -1296.875 515.625 1000.000 -382.812 328.125 835.938 531.250 62.500 210.938 304.688 718.750
234.375 -1875.000 -750.000 335.938 -1296.875 570.312 1085.938 -429.688 265.625 828.125 539.062 -78.125 367.188 257.812 593.750
-156.250 -1734.375 -257.812 351.562 -1218.750 523.438 898.438 -515.625 265.625 1046.875 343.750 46.875 414.062 296.875 750.000
-289.062 -1523.438 -140.625 359.375 -1046.875 500.000 992.188 -484.375 312.500 960.938 328.125 70.312 453.125 320.312 773.438
250.000 -414.062 -250.000 625.000 -507.812 179.688 953.125 7.812 187.500 765.625 523.438 226.562 203.125 304.688 976.562
484.375 -234.375 -359.375 718.750 -375.000 93.750 953.125 78.125 195.312 765.625 593.750 171.875 195.312 273.438 945.312
578.125 -265.625 -367.188 781.250 -398.438 7.812 851.562 78.125 203.125 757.812 648.438 156.250 140.625 359.375 992.188
601.562 -359.375 -343.750 796.875 -460.938 31.250 968.750 125.000 320.312 757.812 718.750 125.000 156.250 257.812 960.938
476.562 -859.375 -257.812 718.750 -828.125 156.250 921.875 -289.062 156.250 953.125 203.125 -15.625 539.062 210.938 601.562
500.000 -851.562 -273.438 656.250 -843.750 171.875 1039.062 -312.500 187.500 960.938 164.062 -39.062 578.125 85.938 578.125
484.375 -773.438 -210.938 640.625 -835.938 179.688 906.250 -289.062 257.812 929.688 210.938 62.500 539.062 101.562 648.438
554.688 -734.375 -210.938 640.625 -781.250 148.438 960.938 -265.625 250.000 906.250 257.812 93.750 500.000 132.812 726.562
812.500 -601.562 -335.938 726.562 -671.875 101.562 929.688 -117.188 312.500 906.250 468.750 171.875 406.250 273.438 945.312
812.500 -648.438 -328.125 742.188 -679.688 101.562 976.562 -117.188 296.875 929.688 484.375 164.062 406.250 265.625 945.312
742.188 -695.312 -296.875 734.375 -718.750 109.375 1007.812 -164.062 250.000 976.562 398.438 109.375 492.188 250.000 882.812
695.312 -710.938 -265.625 718.750 -726.562 125.000 1000.000 -179.688 242.188 984.375 375.000 85.938 531.250 234.375 875.000
664.062 -671.875 -273.438 765.625 -742.188 62.500 1093.750 -218.750 148.438 1023.438 328.125 85.938 539.062 148.438 851.562
656.250 -656.250 -257.812 789.062 -742.188 39.062 1101.562 -210.938 140.625 1023.438 320.312 78.125 546.875 148.438 843.750
640.625 -687.500 -218.750 843.750 -796.875 -46.875 1070.312 -242.188 140.625 1000.000 296.875 109.375 531.250 78.125 820.312
578.125 -710.938 -179.688 859.375 -867.188 -70.312 1109.375 -273.438 132.812 1031.250 250.000 93.750 539.062 0.000 773.438
289.062 -1125.000 -78.125 851.562 -1359.375 -171.875 1304.688 -742.188 -148.438 1203.125 -375.000 -70.312 710.938 -687.500 304.688
117.188 -1312.500 -93.750 835.938 -1562.500 -171.875 1328.125 -937.500 -250.000 1296.875 -640.625 -210.938 843.750 -1164.062 -187.500
250.000 -1953.125 -335.938 875.000 -1882.812 -203.125 1445.312 -1328.125 -414.062 1539.062 -1125.000 -609.375 656.250 -1359.375 -703.125
39.062 -2093.750 -296.875 750.000 -2015.625 -281.250 1515.625 -1578.125 -406.250 1492.188 -1382.812 -843.750 1234.375 -578.125 -585.938
-312.500 -2023.438 -601.562 1054.688 -1195.312 -781.250 1125.000 -648.438 -835.938 -1335.938 -929.688 406.250 1085.938 437.500 -617.188
-62.500 -1914.062 -937.500 1140.625 -945.312 -875.000 484.375 -54.688 -984.375 632.812 -484.375 -1578.125 953.125 687.500 -687.500
351.562 -1773.438 -1367.188 1281.250 -93.750 -929.688 851.562 460.938 -1203.125 -148.438 85.938 -1765.625 484.375 1429.688 -242.188
500.000 -1789.062 -1484.375 1359.375 250.000 -750.000 757.812 351.562 -1453.125 -492.188 421.875 -1835.938 195.312 1906.250 -250.000
914.062 -1562.500 -1554.688 1171.875 1125.000 -601.562 164.062 1742.188 -1117.188 -1281.250 2007.812 -1820.312 406.250 2328.125 -445.312
1125.000 -1171.875 -1359.375 703.125 1429.688 -78.125 0.000 2054.688 -570.312 -1046.875 1820.312 -1171.875 -953.125 2101.562 -164.062
1070.312 -1015.625 -937.500 460.938 1648.438 281.250 -132.812 1898.438 -328.125 -1203.125 1476.562 -1257.812 -1351.562 2125.000 -273.438
1078.125 -945.312 -773.438 265.625 1312.500 468.750 -218.750 1929.688 -273.438 -1531.250 1398.438 -1210.938 -1617.188 1921.875 -398.438
1070.312 -640.625 -414.062 218.750 1304.688 460.938 -437.500 1781.250 148.438 -1695.312 1390.625 -492.188 -1640.625 1507.812 -46.875
921.875 -531.250 -125.000 -7.812 1093.750 734.375 -484.375 1609.375 406.250 -1492.188 1375.000 -171.875 -1585.938 1242.188 328.125
953.125 -648.438 93.750 -132.812 828.125 1023.438 -492.188 1500.000 648.438 -1320.312 1375.000 -93.750 -1367.188 1203.125 421.875
960.938 -718.750 156.250 -125.000 804.688 1078.125 -445.312 1460.938 742.188 -1257.812 1406.250 -31.250 -1289.062 1273.438 484.375
742.188 -640.625 390.625 -78.125 671.875 1210.938 -265.625 1335.938 828.125 -890.625 1421.875 -39.062 -929.688 1273.438 593.750
640.625 -656.250 539.062 -78.125 578.125 1257.812 -226.562 1250.000 914.062 -804.688 1398.438 23.438 -835.938 1203.125 625.000
523.438 -656.250 625.000 -39.062 476.562 1265.625 -171.875 1203.125 914.062 -750.000 1367.188 39.062 -757.812 1187.500 625.000
507.812 -695.312 640.625 -23.438 476.562 1234.375 -187.500 1171.875 906.250 -757.812 1335.938 46.875 -773.438 1140.625 609.375
492.188 -726.562 656.250 -7.812 367.188 1195.312 -164.062 1023.438 875.000 -703.125 1210.938 70.312 -718.750 1039.062 531.250
351.562 -750.000 710.938 140.625 359.375 1007.812 -23.438 906.250 718.750 -546.875 1046.875 -23.438 -625.000 929.688 406.250
179.688 -578.125 703.125 179.688 414.062 835.938 46.875 859.375 585.938 -468.750 960.938 -46.875 -546.875 851.562 359.375
125.000 -500.000 703.125 210.938 414.062 804.688 62.500 843.750 546.875 -460.938 929.688 -54.688 -523.438 804.688 351.562
109.375 -453.125 679.688 234.375 437.500 726.562 85.938 812.500 484.375 -437.500 875.000 -78.125 -476.562 773.438 296.875
93.750 -390.625 695.312 210.938 460.938 718.750 70.312 820.312 460.938 -429.688 914.062 -109.375 -476.562 828.125 328.125
93.750 -406.250 726.562 179.688 453.125 742.188 46.875 828.125 515.625 -460.938 914.062 -93.750 -515.625 820.312 312.500
62.500 -421.875 757.812 156.250 492.188 773.438 -15.625 859.375 539.062 -500.000 953.125 -85.938 -570.312 820.312 343.750
0.000 -390.625 867.188 125.000 515.625 812.500 -70.312 929.688 609.375 -656.250 1109.375 0.000 -820.312 914.062 515.625
234.375 -554.688 890.625 -39.062 367.188 976.562 -312.500 859.375 828.125 -945.312 1226.562 218.750 -1242.188 859.375 695.312
359.375 -617.188 960.938 -187.500 335.938 1148.438 -515.625 945.312 1023.438 -1195.312 1273.438 265.625 -1351.562 1125.000 765.625
414.062 -625.000 937.500 -281.250 320.312 1195.312 -640.625 992.188 1070.312 -1304.688 1367.188 265.625 -1429.688 1226.562 742.188
351.562 -437.500 875.000 -421.875 390.625 1109.375 -898.438 1132.812 859.375 -1867.188 992.188 7.812 -984.375 984.375 -218.750
312.500 -562.500 820.312 203.125 375.000 1000.000 -1015.625 1296.875 789.062 -1406.250 632.812 -62.500 -1359.375 1109.375 359.375
343.750 -640.625 789.062 -156.250 515.625 718.750 -453.125 976.562 414.062 -835.938 1632.812 -296.875 -2132.812 1609.375 1531.250
343.750 -593.750 734.375 -109.375 562.500 546.875 -585.938 992.188 296.875 -757.812 2898.438 -109.375 -3601.562 3359.375 3992.188
304.688 -406.250 445.312 54.688 859.375 312.500 -382.812 1187.500 15.625 -2742.188 179.688 -773.438 -3179.688 2046.875 -1156.250
640.625 -164.062 -226.562 218.750 289.062 585.938 -109.375 562.500 304.688 -3578.125 312.500 -1531.250 -3859.375 3992.188 710.938
609.375 234.375 -531.250 -562.500 250.000 1195.312 -85.938 812.500 695.312 2500.000 2804.688 460.938 -3281.250 2343.750 -765.625
890.625 679.688 -625.000 -757.812 -109.375 1539.062 -382.812 882.812 1195.312 -1671.875 3992.188 1843.750 -1375.000 3992.188 -2304.688
1445.312 804.688 -734.375 -1734.375 460.938 1726.562 -1585.938 1398.438 1406.250 -664.062 1023.438 -46.875 578.125 906.250 -2062.500
1281.250 -968.750 -734.375 -382.812 984.375 585.938 148.438 1250.000 117.188 70.312 1273.438 -351.562 -367.188 1195.312 460.938
875.000 -2046.875 -312.500 664.062 812.500 226.562 921.875 1273.438 78.125 195.312 1531.250 -132.812 226.562 1437.500 335.938
617.188 -2117.188 -101.562 703.125 617.188 554.688 992.188 820.312 289.062 812.500 1195.312 -242.188 335.938 1687.500 132.812
632.812 -1789.062 78.125 468.750 46.875 875.000 898.438 234.375 554.688 1242.188 507.812 -101.562 1148.438 1210.938 -937.500
1046.875 -1671.875 148.438 632.812 -351.562 812.500 1156.250 -265.625 585.938 1578.125 85.938 156.250 1484.375 289.062 -1210.938
898.438 -1828.125 250.000 781.250 -570.312 882.812 1093.750 -500.000 726.562 1492.188 -195.312 382.812 1492.188 -148.438 -1195.312
890.625 -1812.500 257.812 796.875 -617.188 882.812 1007.812 -562.500 765.625 1320.312 -210.938 468.750 1414.062 -171.875 -945.312
937.500 -1484.375 109.375 742.188 -507.812 867.188 867.188 -382.812 804.688 1109.375 -93.750 578.125 1273.438 -93.750 -523.438
882.812 -421.875 -218.750 273.438 -70.312 859.375 289.062 109.375 875.000 320.312 351.562 796.875 882.812 54.688 421.875
882.812 210.938 -359.375 -15.625 125.000 867.188 -109.375 375.000 953.125 -234.375 562.500 1007.812 531.250 101.562 1164.062
851.562 421.875 -382.812 -156.250 148.438 898.438 -289.062 429.688 1015.625 -421.875 601.562 1085.938 375.000 85.938 1406.250
851.562 515.625 -382.812 -265.625 101.562 937.500 -453.125 421.875 1062.500 -625.000 562.500 1187.500 265.625 -54.688 1562.500
812.500 70.312 -312.500 -250.000 39.062 976.562 -328.125 359.375 1062.500 -351.562 523.438 1093.750 500.000 0.000 1210.938
859.375 -437.500 -218.750 -148.438 -54.688 1000.000 -125.000 242.188 1039.062 -93.750 429.688 1023.438 671.875 -7.812 867.188
843.750 -687.500 -164.062 -109.375 -85.938 992.188 -31.250 187.500 1015.625 78.125 390.625 960.938 781.250 -7.812 656.250
828.125 -1039.062 -23.438 -15.625 -187.500 1000.000 125.000 31.250 984.375 351.562 265.625 828.125 960.938 54.688 343.750
875.000 -1179.688 7.812 54.688 -265.625 1007.812 187.500 -70.312 960.938 437.500 171.875 789.062 1000.000 -101.562 148.438
906.250 -1023.438 -54.688 54.688 -257.812 1000.000 140.625 -62.500 953.125 320.312 187.500 812.500 937.500 -85.938 273.438
890.625 -890.625 -109.375 39.062 -210.938 984.375 101.562 -31.250 953.125 273.438 218.750 789.062 937.500 -39.062 335.938
890.625 -617.188 -164.062 -70.312 -140.625 1023.438 -62.500 54.688 1007.812 62.500 312.500 828.125 820.312 -15.625 570.312
882.812 -351.562 -140.625 -234.375 -132.812 1031.250 -304.688 203.125 1070.312 -375.000 476.562 1062.500 312.500 -250.000 1148.438
867.188 -367.188 -148.438 -257.812 -54.688 1046.875 -351.562 273.438 1093.750 -515.625 523.438 1101.562 257.812 -265.625 1312.500
843.750 -335.938 -156.250 -250.000 -23.438 1039.062 -390.625 328.125 1093.750 -523.438 546.875 1070.312 304.688 -203.125 1296.875
882.812 -257.812 -171.875 -273.438 23.438 1039.062 -359.375 335.938 1085.938 -421.875 484.375 953.125 359.375 -156.250 1015.625
914.062 -265.625 -140.625 -164.062 -15.625 1023.438 -234.375 296.875 1046.875 -296.875 601.562 960.938 406.250 -93.750 1117.188
812.500 -429.688 -93.750 54.688 39.062 968.750 -101.562 320.312 1039.062 -85.938 632.812 890.625 609.375 -15.625 929.688
804.688 -476.562 -78.125 54.688 31.250 968.750 -62.500 328.125 1007.812 -23.438 648.438 867.188 632.812 -39.062 875.000
773.438 -531.250 -54.688 54.688 15.625 929.688 164.062 85.938 960.938 -437.500 609.375 828.125 617.188 23.438 851.562
742.188 -562.500 -54.688 0.000 15.625 937.500 382.812 242.188 953.125 -265.625 648.438 781.250 609.375 -7.812 781.250
750.000 -593.750 -62.500 -179.688 -125.000 898.438 70.312 351.562 1000.000 39.062 585.938 796.875 640.625 -109.375 734.375
765.625 -593.750 -70.312 117.188 -140.625 960.938 7.812 226.562 1031.250 -78.125 468.750 875.000 585.938 -101.562 765.625
812.500 -585.938 -109.375 117.188 -171.875 984.375 39.062 203.125 1023.438 -156.250 468.750 914.062 500.000 -132.812 843.750
812.500 -523.438 -164.062 125.000 -148.438 960.938 187.500 289.062 1078.125 -132.812 429.688 968.750 406.250 -109.375 882.812
781.250 -562.500 -156.250 210.938 -78.125 851.562 226.562 335.938 929.688 -125.000 796.875 914.062 570.312 -23.438 960.938
742.188 -523.438 -148.438 265.625 -109.375 828.125 242.188 312.500 906.250 -210.938 867.188 859.375 609.375 70.312 945.312
742.188 -468.750 -187.500 335.938 -164.062 796.875 343.750 289.062 875.000 140.625 695.312 781.250 617.188 203.125 937.500
710.938 -500.000 -179.688 375.000 -195.312 773.438 414.062 218.750 835.938 210.938 617.188 726.562 632.812 218.750 890.625
757.812 -515.625 -226.562 398.438 -273.438 734.375 406.250 101.562 789.062 257.812 570.312 671.875 648.438 148.438 757.812
812.500 -539.062 -242.188 390.625 -359.375 734.375 382.812 15.625 828.125 242.188 492.188 710.938 578.125 70.312 742.188
843.750 -625.000 -234.375 335.938 -546.875 750.000 273.438 -148.438 843.750 171.875 335.938 734.375 476.562 -46.875 695.312
843.750 -742.188 -250.000 343.750 -570.312 781.250 273.438 -148.438 890.625 171.875 343.750 781.250 492.188 -156.250 687.500
781.250 -804.688 -218.750 320.312 -507.812 804.688 335.938 -132.812 882.812 234.375 460.938 781.250 554.688 -7.812 781.250
742.188 -796.875 -210.938 343.750 -500.000 796.875 351.562 -125.000 875.000 234.375 492.188 757.812 562.500 31.250 820.312
718.750 -781.250 -203.125 359.375 -484.375 796.875 421.875 -78.125 898.438 242.188 539.062 781.250 523.438 93.750 859.375
695.312 -757.812 -203.125 343.750 -460.938 804.688 398.438 -54.688 890.625 312.500 585.938 765.625 578.125 140.625 859.375
648.438 -718.750 -203.125 335.938 -414.062 804.688 421.875 0.000 875.000 382.812 554.688 742.188 601.562 78.125 859.375
664.062 -703.125 -203.125 351.562 -398.438 796.875 445.312 7.812 875.000 398.438 609.375 734.375 593.750 93.750 804.688
695.312 -695.312 -234.375 359.375 -421.875 773.438 445.312 -7.812 843.750 367.188 593.750 687.500 609.375 156.250 781.250
695.312 -734.375 -226.562 367.188 -460.938 765.625 453.125 -54.688 820.312 390.625 546.875 656.250 578.125 164.062 757.812
687.500 -757.812 -210.938 359.375 -500.000 750.000 421.875 -109.375 820.312 359.375 468.750 648.438 523.438 132.812 734.375
679.688 -773.438 -218.750 367.188 -507.812 757.812 421.875 -109.375 835.938 343.750 460.938 671.875 507.812 109.375 734.375
640.625 -773.438 -171.875 367.188 -500.000 742.188 406.250 -109.375 828.125 304.688 468.750 679.688 492.188 101.562 742.188
609.375 -757.812 -171.875 375.000 -492.188 734.375 414.062 -85.938 828.125 296.875 484.375 710.938 468.750 85.938 757.812
601.562 -773.438 -148.438 359.375 -492.188 734.375 375.000 -78.125 867.188 242.188 484.375 734.375 429.688 78.125 765.625
585.938 -781.250 -148.438 343.750 -492.188 734.375 359.375 -78.125 867.188 218.750 492.188 742.188 406.250 85.938 796.875
539.062 -796.875 -148.438 320.312 -445.312 750.000 320.312 -15.625 890.625 195.312 546.875 757.812 375.000 125.000 835.938
531.250 -742.188 -164.062 257.812 -375.000 765.625 210.938 39.062 945.312 70.312 632.812 781.250 304.688 210.938 929.688
601.562 -679.688 -203.125 195.312 -390.625 835.938 140.625 78.125 1046.875 -39.062 687.500 898.438 117.188 242.188 1156.250
609.375 -671.875 -242.188 164.062 -343.750 859.375 78.125 125.000 1085.938 -78.125 765.625 929.688 85.938 250.000 1218.750
695.312 -601.562 -296.875 101.562 -359.375 898.438 31.250 164.062 1148.438 -195.312 867.188 1023.438 15.625 281.250 1351.562
734.375 -578.125 -328.125 132.812 -398.438 929.688 62.500 125.000 1164.062 -171.875 859.375 1070.312 -46.875 203.125 1429.688
773.438 -703.125 -351.562 101.562 -554.688 929.688 109.375 -23.438 1109.375 -39.062 757.812 1000.000 -31.250 132.812 1375.000
757.812 -765.625 -359.375 109.375 -593.750 929.688 132.812 -78.125 1093.750 15.625 695.312 960.938 7.812 109.375 1304.688
695.312 -882.812 -328.125 132.812 -648.438 906.250 187.500 -132.812 1054.688 140.625 617.188 882.812 148.438 140.625 1132.812
625.000 -984.375 -296.875 164.062 -648.438 890.625 242.188 -171.875 1007.812 234.375 546.875 812.500 281.250 164.062 984.375
539.062 -1078.125 -242.188 187.500 -640.625 851.562 296.875 -195.312 968.750 328.125 492.188 750.000 382.812 148.438 875.000
