15.625 -976.562 -320.312 -226.562 -500.000 828.125 -171.875 23.438 992.188 -265.625 289.062 953.125 -429.688 -484.375 820.312
39.062 -984.375 -328.125 -242.188 -492.188 851.562 -203.125 39.062 1046.875 -296.875 281.250 984.375 -453.125 -500.000 828.125
46.875 -1000.000 -320.312 -257.812 -507.812 859.375 -210.938 39.062 1085.938 -296.875 273.438 1000.000 -460.938 -500.000 835.938
54.688 -1023.438 -320.312 -250.000 -546.875 867.188 -234.375 85.938 1132.812 -304.688 273.438 1039.062 -460.938 -507.812 828.125
62.500 -1039.062 -320.312 -234.375 -523.438 875.000 -242.188 101.562 1164.062 -312.500 273.438 1062.500 -468.750 -507.812 835.938
85.938 -1062.500 -312.500 -242.188 -468.750 914.062 -234.375 148.438 1390.625 -312.500 273.438 1171.875 -484.375 -515.625 890.625
85.938 -1062.500 -304.688 -203.125 -414.062 929.688 -203.125 148.438 1445.312 -328.125 273.438 1203.125 -468.750 -492.188 906.250
78.125 -1046.875 -304.688 -234.375 -546.875 859.375 -335.938 93.750 1406.250 -382.812 351.562 1218.750 -484.375 -468.750 960.938
78.125 -1031.250 -296.875 -242.188 -664.062 796.875 -492.188 -78.125 1531.250 -445.312 437.500 1171.875 -515.625 -500.000 960.938
62.500 -992.188 -242.188 -296.875 -617.188 914.062 -804.688 -156.250 1125.000 -1179.688 1257.812 1117.188 -484.375 -421.875 1062.500
78.125 -953.125 -273.438 -156.250 -773.438 875.000 -554.688 -218.750 945.312 -1257.812 1703.125 1101.562 -562.500 -445.312 1085.938
132.812 -906.250 -367.188 -585.938 -1367.188 851.562 15.625 140.625 656.250 -351.562 960.938 921.875 -640.625 -484.375 1218.750
187.500 -921.875 -429.688 -585.938 -1328.125 859.375 148.438 23.438 687.500 -234.375 835.938 796.875 -718.750 -382.812 1265.625
367.188 -1039.062 -648.438 -312.500 -765.625 765.625 429.688 -164.062 687.500 15.625 578.125 578.125 -703.125 -437.500 1140.625
382.812 -1085.938 -687.500 -242.188 -648.438 710.938 460.938 -164.062 664.062 39.062 578.125 570.312 -742.188 -304.688 1210.938
398.438 -1242.188 -718.750 15.625 -570.312 593.750 484.375 -23.438 601.562 156.250 695.312 546.875 -718.750 -250.000 1250.000
375.000 -1242.188 -710.938 46.875 -585.938 578.125 609.375 -15.625 539.062 250.000 703.125 500.000 -648.438 -242.188 1218.750
187.500 -851.562 -523.438 132.812 -546.875 507.812 695.312 -54.688 343.750 460.938 609.375 453.125 -382.812 -359.375 968.750
93.750 -812.500 -468.750 242.188 -570.312 468.750 773.438 -70.312 273.438 570.312 570.312 382.812 -312.500 -312.500 945.312
140.625 -726.562 -421.875 226.562 -554.688 476.562 773.438 -242.188 156.250 601.562 312.500 265.625 -218.750 -218.750 875.000
203.125 -710.938 -429.688 203.125 -648.438 484.375 851.562 -312.500 93.750 648.438 226.562 234.375 -109.375 -187.500 773.438
335.938 -960.938 -437.500 250.000 -773.438 484.375 851.562 -414.062 31.250 750.000 93.750 195.312 203.125 -203.125 523.438
359.375 -1078.125 -453.125 351.562 -632.812 445.312 914.062 -476.562 23.438 828.125 -7.812 117.188 320.312 -156.250 500.000
437.500 -1054.688 -476.562 687.500 -578.125 328.125 1140.625 -289.062 -140.625 921.875 125.000 101.562 429.688 -101.562 515.625
414.062 -1078.125 -429.688 734.375 -546.875 281.250 1156.250 -203.125 -203.125 992.188 171.875 78.125 515.625 -93.750 531.250
312.500 -1000.000 -312.500 656.250 -523.438 289.062 976.562 -242.188 -125.000 921.875 117.188 46.875 601.562 -62.500 546.875
289.062 -437.500 -281.250 500.000 -460.938 429.688 835.938 -257.812 39.062 726.562 187.500 164.062 656.250 -101.562 531.250
562.500 -531.250 -406.250 570.312 -453.125 382.812 906.250 -164.062 31.250 851.562 320.312 203.125 640.625 -140.625 640.625
664.062 -656.250 -406.250 625.000 -453.125 359.375 929.688 -125.000 -7.812 843.750 335.938 210.938 593.750 -156.250 742.188
632.812 -718.750 -359.375 671.875 -492.188 320.312 914.062 -242.188 -39.062 867.188 234.375 218.750 453.125 -218.750 859.375
531.250 -750.000 -195.312 726.562 -664.062 226.562 906.250 -398.438 -164.062 914.062 39.062 203.125 429.688 -343.750 773.438
476.562 -757.812 -187.500 796.875 -671.875 179.688 984.375 -398.438 -218.750 953.125 -7.812 148.438 554.688 -328.125 609.375
523.438 -726.562 -226.562 851.562 -640.625 171.875 1000.000 -398.438 -250.000 960.938 -15.625 109.375 625.000 -312.500 554.688
640.625 -562.500 -234.375 726.562 -664.062 257.812 960.938 -414.062 -140.625 953.125 62.500 179.688 757.812 -195.312 554.688
609.375 -570.312 -242.188 812.500 -578.125 257.812 953.125 -382.812 -78.125 929.688 117.188 203.125 718.750 -210.938 593.750
656.250 -718.750 -289.062 890.625 -500.000 164.062 976.562 -242.188 -117.188 929.688 242.188 250.000 648.438 -242.188 750.000
726.562 -687.500 -320.312 851.562 -476.562 179.688 945.312 -289.062 -125.000 953.125 203.125 234.375 593.750 -250.000 812.500
789.062 -429.688 -343.750 835.938 -523.438 171.875 953.125 -296.875 -85.938 945.312 242.188 296.875 500.000 -312.500 890.625
835.938 -507.812 -382.812 835.938 -515.625 148.438 921.875 -296.875 -101.562 937.500 226.562 312.500 500.000 -328.125 898.438
843.750 -625.000 -382.812 835.938 -515.625 117.188 953.125 -312.500 -164.062 937.500 156.250 250.000 539.062 -343.750 828.125
828.125 -609.375 -351.562 859.375 -546.875 125.000 976.562 -320.312 -187.500 968.750 140.625 226.562 562.500 -351.562 789.062
679.688 -500.000 -234.375 898.438 -554.688 46.875 953.125 -367.188 -289.062 984.375 31.250 179.688 671.875 -320.312 664.062
726.562 -445.312 -250.000 906.250 -562.500 15.625 929.688 -414.062 -265.625 968.750 31.250 250.000 687.500 -375.000 617.188
851.562 -390.625 -328.125 906.250 -632.812 -31.250 929.688 -429.688 -312.500 968.750 0.000 250.000 640.625 -414.062 593.750
890.625 -359.375 -351.562 914.062 -625.000 -15.625 937.500 -453.125 -304.688 968.750 -31.250 242.188 664.062 -429.688 585.938
929.688 -312.500 -335.938 867.188 -687.500 54.688 906.250 -554.688 -226.562 984.375 -62.500 273.438 695.312 -421.875 578.125
929.688 -335.938 -367.188 851.562 -726.562 109.375 953.125 -539.062 -179.688 984.375 15.625 351.562 656.250 -429.688 625.000
1031.250 -281.250 -390.625 812.500 -710.938 125.000 914.062 -562.500 -140.625 984.375 7.812 335.938 671.875 -398.438 664.062
1023.438 -265.625 -390.625 828.125 -671.875 125.000 929.688 -539.062 -132.812 976.562 31.250 343.750 656.250 -429.688 679.688
1015.625 -250.000 -398.438 843.750 -648.438 93.750 953.125 -484.375 -164.062 976.562 78.125 351.562 617.188 -429.688 726.562
1007.812 -250.000 -351.562 812.500 -617.188 117.188 968.750 -562.500 -164.062 1000.000 0.000 289.062 562.500 -460.938 757.812
984.375 -296.875 -406.250 835.938 -546.875 62.500 906.250 -507.812 -218.750 968.750 -23.438 226.562 570.312 -500.000 679.688
992.188 -335.938 -406.250 859.375 -484.375 39.062 921.875 -492.188 -242.188 1000.000 -23.438 156.250 640.625 -406.250 656.250
921.875 -296.875 -335.938 843.750 -531.250 62.500 937.500 -460.938 -281.250 1023.438 -15.625 117.188 773.438 -382.812 585.938
812.500 -296.875 -140.625 835.938 -843.750 195.312 914.062 -468.750 -210.938 906.250 -31.250 78.125 828.125 -523.438 351.562
718.750 -640.625 -93.750 742.188 -406.250 140.625 1007.812 -765.625 -195.312 984.375 -85.938 218.750 851.562 -132.812 468.750
750.000 -585.938 -93.750 578.125 -656.250 296.875 1007.812 -757.812 -273.438 1039.062 -125.000 148.438 773.438 -187.500 484.375
804.688 -500.000 -78.125 1031.250 -515.625 117.188 1007.812 -718.750 -78.125 968.750 62.500 -23.438 656.250 -289.062 593.750
796.875 -640.625 -117.188 1000.000 -773.438 -296.875 992.188 -54.688 -250.000 773.438 507.812 140.625 445.312 -117.188 882.812
851.562 -484.375 -148.438 1046.875 -796.875 -179.688 984.375 328.125 -265.625 742.188 710.938 70.312 343.750 -101.562 992.188
890.625 -492.188 -156.250 1031.250 -585.938 -78.125 1023.438 187.500 -195.312 789.062 679.688 70.312 296.875 -109.375 1023.438
851.562 -484.375 -164.062 898.438 -281.250 54.688 921.875 117.188 -132.812 734.375 648.438 125.000 359.375 -93.750 1031.250
828.125 -367.188 -70.312 859.375 -445.312 54.688 695.312 289.062 265.625 578.125 679.688 390.625 320.312 -171.875 968.750
812.500 -351.562 -7.812 757.812 -515.625 148.438 742.188 304.688 343.750 421.875 804.688 554.688 195.312 -203.125 1023.438
851.562 -351.562 0.000 789.062 -414.062 187.500 718.750 265.625 406.250 484.375 804.688 601.562 148.438 -226.562 1070.312
796.875 -523.438 31.250 859.375 -429.688 117.188 890.625 140.625 210.938 640.625 742.188 445.312 132.812 -234.375 1156.250
796.875 -523.438 31.250 859.375 -429.688 117.188 890.625 140.625 210.938 640.625 742.188 445.312 132.812 -234.375 1156.250
859.375 -398.438 -31.250 890.625 -140.625 304.688 1015.625 -93.750 328.125 671.875 507.812 375.000 320.312 -226.562 976.562
929.688 -367.188 -39.062 929.688 -265.625 265.625 1007.812 -7.812 281.250 703.125 632.812 328.125 351.562 -179.688 960.938
859.375 -453.125 15.625 937.500 -164.062 289.062 960.938 -132.812 351.562 671.875 640.625 406.250 312.500 -164.062 1007.812
843.750 -585.938 46.875 875.000 -382.812 328.125 914.062 -125.000 375.000 664.062 593.750 429.688 242.188 -273.438 945.312
851.562 -554.688 39.062 867.188 -382.812 335.938 929.688 -117.188 375.000 625.000 609.375 437.500 257.812 -203.125 968.750
867.188 -546.875 31.250 867.188 -382.812 320.312 921.875 -78.125 367.188 625.000 632.812 437.500 242.188 -156.250 976.562
859.375 -437.500 46.875 835.938 -335.938 328.125 875.000 -46.875 406.250 585.938 664.062 453.125 265.625 -250.000 953.125
851.562 -382.812 54.688 843.750 -296.875 328.125 867.188 -15.625 406.250 554.688 687.500 507.812 171.875 -257.812 1007.812
914.062 -390.625 15.625 859.375 -320.312 304.688 914.062 -46.875 390.625 593.750 687.500 476.562 156.250 -257.812 1046.875
898.438 -406.250 31.250 859.375 -343.750 304.688 898.438 -62.500 398.438 593.750 671.875 492.188 156.250 -281.250 1039.062
890.625 -429.688 7.812 867.188 -375.000 296.875 882.812 -101.562 421.875 593.750 640.625 507.812 187.500 -289.062 1007.812
992.188 -445.312 -23.438 890.625 -414.062 281.250 914.062 -148.438 398.438 617.188 593.750 492.188 218.750 -281.250 968.750
968.750 -484.375 -15.625 906.250 -429.688 242.188 953.125 -156.250 343.750 664.062 585.938 500.000 242.188 -343.750 937.500
960.938 -507.812 -15.625 921.875 -429.688 234.375 953.125 -164.062 343.750 648.438 585.938 500.000 242.188 -359.375 937.500
960.938 -437.500 23.438 898.438 -445.312 257.812 945.312 -156.250 351.562 648.438 578.125 500.000 210.938 -351.562 945.312
960.938 -445.312 0.000 882.812 -437.500 273.438 898.438 -164.062 398.438 617.188 570.312 531.250 187.500 -359.375 945.312
992.188 -453.125 0.000 867.188 -445.312 273.438 890.625 -156.250 406.250 593.750 539.062 539.062 195.312 -398.438 914.062
968.750 -523.438 0.000 867.188 -421.875 281.250 906.250 -148.438 382.812 570.312 531.250 515.625 203.125 -367.188 898.438
1015.625 -640.625 -15.625 875.000 -421.875 281.250 929.688 -156.250 343.750 671.875 554.688 445.312 289.062 -281.250 921.875
1062.500 -656.250 -54.688 867.188 -390.625 242.188 921.875 -164.062 343.750 656.250 523.438 445.312 265.625 -289.062 906.250
1117.188 -500.000 -101.562 890.625 -343.750 179.688 921.875 -179.688 320.312 640.625 507.812 484.375 187.500 -328.125 890.625
1101.562 -429.688 -85.938 875.000 -382.812 179.688 945.312 -171.875 335.938 656.250 531.250 500.000 148.438 -296.875 921.875
1007.812 -328.125 -15.625 773.438 -531.250 234.375 859.375 -140.625 343.750 570.312 523.438 562.500 109.375 -335.938 1000.000
1000.000 -328.125 70.312 679.688 -531.250 257.812 812.500 -343.750 359.375 562.500 515.625 578.125 46.875 -367.188 1070.312
851.562 -164.062 187.500 632.812 -554.688 296.875 640.625 -257.812 359.375 445.312 625.000 859.375 39.062 -710.938 929.688
593.750 429.688 320.312 765.625 -421.875 398.438 640.625 15.625 796.875 460.938 640.625 1000.000 109.375 -773.438 906.250
1210.938 671.875 -171.875 960.938 -117.188 484.375 539.062 -195.312 1039.062 890.625 281.250 929.688 335.938 -703.125 859.375
601.562 -328.125 320.312 406.250 -656.250 500.000 718.750 -265.625 578.125 773.438 406.250 593.750 328.125 -429.688 765.625
1195.312 -39.062 195.312 70.312 -914.062 812.500 632.812 -421.875 421.875 492.188 375.000 484.375 164.062 -375.000 835.938
-500.000 242.188 54.688 7.812 -1382.812 1007.812 757.812 -468.750 601.562 625.000 328.125 656.250 281.250 -492.188 828.125
1835.938 -484.375 507.812 335.938 -757.812 960.938 562.500 -539.062 843.750 773.438 320.312 500.000 289.062 -585.938 718.750
867.188 109.375 226.562 765.625 -304.688 476.562 828.125 -328.125 703.125 546.875 429.688 679.688 445.312 -375.000 820.312
945.312 93.750 304.688 968.750 -492.188 453.125 976.562 -304.688 531.250 835.938 445.312 617.188 226.562 -625.000 906.250
1109.375 156.250 312.500 890.625 -468.750 546.875 945.312 -359.375 539.062 812.500 421.875 562.500 265.625 -531.250 921.875
992.188 85.938 265.625 820.312 -500.000 523.438 914.062 -273.438 562.500 710.938 453.125 640.625 335.938 -515.625 835.938
953.125 0.000 304.688 734.375 -546.875 554.688 804.688 -375.000 562.500 726.562 343.750 601.562 359.375 -554.688 750.000
1000.000 46.875 250.000 671.875 -492.188 601.562 750.000 -312.500 625.000 585.938 429.688 671.875 273.438 -531.250 781.250
937.500 46.875 242.188 648.438 -406.250 570.312 726.562 -250.000 632.812 585.938 468.750 671.875 242.188 -523.438 820.312
890.625 31.250 296.875 609.375 -328.125 578.125 695.312 -171.875 625.000 562.500 539.062 625.000 187.500 -453.125 906.250
875.000 -15.625 257.812 570.312 -296.875 585.938 648.438 -140.625 656.250 507.812 539.062 640.625 140.625 -453.125 921.875
898.438 -93.750 281.250 515.625 -375.000 632.812 609.375 -218.750 679.688 507.812 507.812 664.062 140.625 -476.562 882.812
914.062 -109.375 281.250 507.812 -406.250 640.625 593.750 -234.375 687.500 507.812 500.000 679.688 164.062 -484.375 859.375
929.688 -132.812 281.250 531.250 -437.500 656.250 625.000 -250.000 695.312 515.625 492.188 695.312 179.688 -515.625 851.562
953.125 -132.812 296.875 539.062 -445.312 664.062 640.625 -257.812 695.312 539.062 484.375 687.500 164.062 -507.812 875.000
953.125 -109.375 289.062 546.875 -453.125 671.875 656.250 -273.438 703.125 515.625 476.562 687.500 164.062 -492.188 890.625
960.938 -85.938 304.688 601.562 -500.000 671.875 695.312 -281.250 671.875 578.125 476.562 656.250 187.500 -500.000 859.375
968.750 -85.938 296.875 609.375 -531.250 648.438 710.938 -304.688 664.062 539.062 414.062 695.312 203.125 -507.812 828.125
960.938 -101.562 296.875 625.000 -507.812 640.625 710.938 -281.250 687.500 593.750 437.500 718.750 250.000 -578.125 820.312
945.312 -101.562 312.500 593.750 -523.438 656.250 710.938 -289.062 687.500 601.562 460.938 703.125 242.188 -578.125 835.938
796.875 -125.000 351.562 554.688 -546.875 671.875 640.625 -304.688 726.562 562.500 453.125 710.938 195.312 -523.438 828.125
921.875 -179.688 453.125 515.625 -570.312 757.812 570.312 -242.188 906.250 343.750 265.625 859.375 117.188 -484.375 835.938
562.500 -31.250 445.312 500.000 -554.688 789.062 656.250 -39.062 976.562 609.375 328.125 921.875 265.625 -609.375 859.375
429.688 -54.688 562.500 687.500 -492.188 820.312 664.062 -218.750 921.875 695.312 421.875 812.500 351.562 -578.125 890.625
710.938 132.812 367.188 632.812 -335.938 632.812 851.562 -101.562 617.188 710.938 578.125 601.562 406.250 -406.250 953.125
742.188 156.250 242.188 578.125 -257.812 523.438 703.125 -132.812 546.875 562.500 570.312 585.938 281.250 -460.938 890.625
710.938 46.875 101.562 515.625 -460.938 429.688 632.812 -148.438 546.875 406.250 492.188 703.125 15.625 -500.000 843.750
898.438 -445.312 7.812 523.438 -625.000 429.688 656.250 -117.188 515.625 460.938 445.312 601.562 78.125 -382.812 898.438
914.062 -515.625 -15.625 546.875 -609.375 445.312 710.938 -148.438 507.812 539.062 453.125 578.125 132.812 -375.000 890.625
937.500 -609.375 7.812 601.562 -539.062 406.250 765.625 -164.062 460.938 601.562 468.750 539.062 226.562 -398.438 835.938
921.875 -640.625 -15.625 726.562 -546.875 312.500 851.562 -109.375 406.250 593.750 492.188 546.875 156.250 -382.812 843.750
929.688 -632.812 -23.438 796.875 -539.062 273.438 890.625 -85.938 390.625 562.500 507.812 554.688 140.625 -367.188 875.000
929.688 -671.875 -85.938 906.250 -468.750 203.125 960.938 7.812 351.562 601.562 570.312 515.625 85.938 -351.562 968.750
929.688 -664.062 -140.625 882.812 -414.062 203.125 945.312 31.250 367.188 593.750 585.938 546.875 46.875 -367.188 976.562
945.312 -531.250 -195.312 859.375 -453.125 226.562 921.875 7.812 382.812 570.312 570.312 546.875 39.062 -375.000 984.375
976.562 -492.188 -234.375 843.750 -492.188 242.188 929.688 -15.625 382.812 585.938 562.500 562.500 46.875 -398.438 960.938
1031.250 -437.500 -296.875 843.750 -578.125 242.188 945.312 -117.188 382.812 625.000 500.000 546.875 70.312 -398.438 921.875
1023.438 -468.750 -320.312 851.562 -546.875 242.188 898.438 -140.625 429.688 656.250 460.938 539.062 179.688 -382.812 890.625
1000.000 -460.938 -328.125 820.312 -546.875 257.812 882.812 -140.625 453.125 656.250 437.500 554.688 226.562 -382.812 859.375
984.375 -468.750 -328.125 828.125 -546.875 265.625 898.438 -140.625 453.125 656.250 460.938 562.500 218.750 -398.438 867.188
929.688 -484.375 -312.500 796.875 -539.062 296.875 835.938 -140.625 500.000 609.375 468.750 617.188 140.625 -437.500 898.438
882.812 -468.750 -289.062 765.625 -578.125 320.312 843.750 -140.625 500.000 617.188 500.000 617.188 132.812 -421.875 937.500
859.375 -476.562 -289.062 773.438 -578.125 328.125 890.625 -117.188 476.562 648.438 531.250 593.750 132.812 -421.875 953.125
851.562 -484.375 -281.250 781.250 -554.688 320.312 914.062 -109.375 453.125 656.250 531.250 578.125 132.812 -429.688 953.125
851.562 -500.000 -289.062 781.250 -546.875 312.500 851.562 -109.375 515.625 578.125 523.438 648.438 46.875 -460.938 937.500
867.188 -476.562 -289.062 765.625 -593.750 320.312 820.312 -132.812 539.062 531.250 507.812 695.312 -7.812 -476.562 929.688
843.750 -500.000 -304.688 773.438 -632.812 335.938 851.562 -156.250 554.688 578.125 515.625 687.500 39.062 -476.562 945.312
828.125 -523.438 -304.688 765.625 -625.000 335.938 867.188 -164.062 539.062 601.562 507.812 671.875 70.312 -476.562 945.312
804.688 -609.375 -304.688 773.438 -625.000 328.125 890.625 -171.875 523.438 617.188 492.188 632.812 109.375 -453.125 929.688
812.500 -617.188 -296.875 773.438 -640.625 335.938 890.625 -179.688 500.000 640.625 484.375 625.000 125.000 -445.312 921.875
796.875 -617.188 -296.875 773.438 -640.625 343.750 882.812 -179.688 492.188 632.812 484.375 601.562 140.625 -421.875 921.875
789.062 -625.000 -289.062 773.438 -625.000 343.750 882.812 -171.875 484.375 648.438 492.188 601.562 156.250 -421.875 906.250
726.562 -617.188 -265.625 781.250 -578.125 328.125 906.250 -148.438 453.125 664.062 515.625 554.688 179.688 -367.188 953.125
703.125 -593.750 -242.188 781.250 -539.062 312.500 890.625 -125.000 453.125 632.812 492.188 570.312 101.562 -398.438 960.938
750.000 -570.312 -250.000 796.875 -554.688 273.438 843.750 -140.625 476.562 546.875 468.750 656.250 0.000 -507.812 929.688
750.000 -562.500 -250.000 843.750 -585.938 257.812 859.375 -164.062 484.375 539.062 453.125 687.500 -15.625 -507.812 929.688
632.812 -593.750 -156.250 898.438 -578.125 195.312 937.500 -195.312 437.500 625.000 500.000 687.500 -31.250 -585.938 1093.750
531.250 -609.375 -156.250 882.812 -523.438 164.062 921.875 -171.875 398.438 695.312 484.375 640.625 125.000 -585.938 1023.438
515.625 -640.625 -148.438 890.625 -500.000 156.250 937.500 -156.250 343.750 726.562 484.375 593.750 265.625 -539.062 867.188
507.812 -679.688 -179.688 851.562 -515.625 164.062 929.688 -171.875 343.750 726.562 414.062 539.062 328.125 -523.438 812.500
570.312 -726.562 -281.250 726.562 -546.875 218.750 820.312 -218.750 367.188 718.750 343.750 492.188 367.188 -476.562 773.438
726.562 -781.250 -445.312 539.062 -625.000 359.375 671.875 -257.812 437.500 671.875 382.812 484.375 218.750 -539.062 789.062
750.000 -804.688 -460.938 460.938 -601.562 437.500 593.750 -242.188 484.375 601.562 304.688 453.125 54.688 -617.188 898.438
