648.438 -765.625 -210.938 148.438 -539.062 804.688 226.562 -101.562 960.938 164.062 414.062 906.250 -203.125 -31.250 992.188
648.438 -726.562 -210.938 156.250 -531.250 804.688 210.938 -101.562 960.938 164.062 414.062 906.250 -210.938 -23.438 992.188
656.250 -718.750 -218.750 148.438 -531.250 804.688 210.938 -93.750 960.938 164.062 421.875 906.250 -210.938 -23.438 1000.000
656.250 -718.750 -226.562 140.625 -523.438 812.500 210.938 -101.562 960.938 156.250 421.875 906.250 -210.938 -23.438 1000.000
656.250 -742.188 -226.562 156.250 -531.250 804.688 218.750 -93.750 968.750 148.438 421.875 914.062 -234.375 -23.438 1000.000
648.438 -648.438 -242.188 109.375 -531.250 835.938 195.312 -93.750 992.188 148.438 429.688 914.062 -226.562 -15.625 1007.812
664.062 -617.188 -250.000 117.188 -539.062 835.938 195.312 -93.750 976.562 140.625 429.688 921.875 -218.750 -7.812 1007.812
679.688 -679.688 -265.625 70.312 -546.875 867.188 140.625 -54.688 1023.438 125.000 437.500 929.688 -226.562 0.000 1000.000
710.938 -523.438 -335.938 78.125 -656.250 976.562 179.688 -93.750 1070.312 140.625 468.750 945.312 -234.375 39.062 1039.062
710.938 -523.438 -335.938 78.125 -656.250 976.562 179.688 -93.750 1070.312 140.625 468.750 945.312 -234.375 39.062 1039.062
710.938 -523.438 -335.938 78.125 -656.250 976.562 179.688 -93.750 1070.312 140.625 468.750 945.312 -234.375 39.062 1039.062
757.812 -437.500 -367.188 70.312 -585.938 953.125 203.125 -132.812 1039.062 195.312 421.875 828.125 -156.250 101.562 929.688
804.688 -632.812 -515.625 54.688 -476.562 921.875 195.312 -125.000 992.188 203.125 476.562 804.688 -156.250 101.562 921.875
835.938 -812.500 -515.625 101.562 -328.125 851.562 179.688 54.688 976.562 85.938 632.812 851.562 -265.625 203.125 976.562
851.562 -882.812 -546.875 148.438 -312.500 820.312 320.312 164.062 968.750 0.000 656.250 890.625 -320.312 265.625 1054.688
773.438 -1328.125 -632.812 70.312 -101.562 656.250 54.688 289.062 781.250 -7.812 703.125 750.000 -429.688 328.125 1007.812
906.250 -1523.438 -703.125 -117.188 101.562 632.812 -54.688 468.750 664.062 -93.750 531.250 609.375 -484.375 93.750 750.000
1023.438 -1843.750 -710.938 -164.062 31.250 562.500 78.125 296.875 585.938 -171.875 578.125 445.312 -453.125 390.625 773.438
1023.438 -1843.750 -710.938 -164.062 31.250 562.500 78.125 296.875 585.938 -171.875 578.125 445.312 -453.125 390.625 773.438
125.000 -1062.500 54.688 -78.125 -929.688 757.812 -523.438 -789.062 789.062 -281.250 62.500 523.438 -640.625 156.250 828.125
-1281.250 -492.188 757.812 -359.375 -1828.125 2117.188 15.625 -1367.188 2093.750 171.875 171.875 1640.625 -320.312 -851.562 1210.938
1226.562 -148.438 -320.312 820.312 -781.250 750.000 1164.062 -609.375 851.562 1054.688 312.500 828.125 343.750 -703.125 929.688
1007.812 429.688 -226.562 601.562 -1226.562 789.062 507.812 -578.125 789.062 640.625 70.312 578.125 304.688 -78.125 656.250
750.000 -320.312 -281.250 171.875 -296.875 679.688 23.438 226.562 914.062 -304.688 718.750 906.250 -757.812 -54.688 1101.562
953.125 -156.250 -328.125 93.750 -234.375 718.750 -54.688 226.562 976.562 -242.188 617.188 906.250 -632.812 -101.562 968.750
890.625 -320.312 -273.438 218.750 -390.625 710.938 85.938 101.562 960.938 -85.938 554.688 906.250 -507.812 -179.688 968.750
851.562 -382.812 -242.188 242.188 -468.750 726.562 164.062 23.438 945.312 23.438 484.375 882.812 -359.375 -187.500 953.125
851.562 -382.812 -242.188 242.188 -468.750 726.562 164.062 23.438 945.312 23.438 484.375 882.812 -359.375 -187.500 953.125
804.688 -453.125 -218.750 335.938 -546.875 687.500 257.812 -70.312 906.250 125.000 398.438 867.188 -289.062 -250.000 890.625
796.875 -437.500 -210.938 367.188 -578.125 671.875 289.062 -109.375 906.250 171.875 375.000 875.000 -257.812 -273.438 882.812
859.375 -265.625 -289.062 445.312 -679.688 671.875 343.750 -195.312 929.688 218.750 296.875 898.438 -195.312 -343.750 859.375
859.375 -265.625 -289.062 445.312 -679.688 671.875 343.750 -195.312 929.688 218.750 296.875 898.438 -195.312 -343.750 859.375
992.188 -429.688 -460.938 -218.750 -398.438 960.938 -304.688 281.250 1203.125 -375.000 773.438 1046.875 -710.938 -7.812 1179.688
992.188 -429.688 -460.938 -218.750 -398.438 960.938 -304.688 281.250 1203.125 -375.000 773.438 1046.875 -710.938 -7.812 1179.688
992.188 -429.688 -460.938 -218.750 -398.438 960.938 -304.688 281.250 1203.125 -375.000 773.438 1046.875 -710.938 -7.812 1179.688
992.188 -429.688 -460.938 -218.750 -398.438 960.938 -304.688 281.250 1203.125 -375.000 773.438 1046.875 -710.938 -7.812 1179.688
992.188 -429.688 -460.938 -218.750 -398.438 960.938 -304.688 281.250 1203.125 -375.000 773.438 1046.875 -710.938 -7.812 1179.688
968.750 -554.688 -492.188 -296.875 -351.562 984.375 -359.375 359.375 1226.562 -375.000 835.938 1015.625 -648.438 54.688 1218.750
414.062 -781.250 -148.438 -46.875 -835.938 1210.938 312.500 46.875 1500.000 210.938 671.875 1289.062 -187.500 -140.625 1390.625
414.062 -781.250 -148.438 -46.875 -835.938 1210.938 312.500 46.875 1500.000 210.938 671.875 1289.062 -187.500 -140.625 1390.625
257.812 -375.000 0.000 -125.000 -2093.750 1171.875 15.625 -398.438 914.062 -93.750 539.062 1320.312 -257.812 -773.438 1195.312
476.562 -257.812 171.875 1265.625 -328.125 -39.062 632.812 -140.625 1312.500 187.500 -578.125 1750.000 -289.062 -750.000 1046.875
1406.250 -1718.750 -968.750 1242.188 -1062.500 7.812 867.188 -54.688 164.062 648.438 234.375 726.562 39.062 -625.000 671.875
460.938 -1234.375 -656.250 804.688 -445.312 359.375 492.188 320.312 375.000 46.875 703.125 492.188 -367.188 382.812 1140.625
921.875 -906.250 -851.562 281.250 -546.875 640.625 664.062 500.000 414.062 804.688 226.562 226.562 382.812 445.312 367.188
921.875 -906.250 -851.562 281.250 -546.875 640.625 664.062 500.000 414.062 804.688 226.562 226.562 382.812 445.312 367.188
921.875 -906.250 -851.562 281.250 -546.875 640.625 664.062 500.000 414.062 804.688 226.562 226.562 382.812 445.312 367.188
1148.438 -953.125 -890.625 421.875 -609.375 671.875 742.188 125.000 570.312 742.188 257.812 320.312 507.812 125.000 304.688
578.125 -554.688 -531.250 453.125 -234.375 617.188 562.500 -140.625 789.062 687.500 242.188 468.750 328.125 382.812 710.938
539.062 -390.625 -453.125 546.875 -375.000 609.375 570.312 -257.812 796.875 609.375 265.625 546.875 406.250 242.188 890.625
757.812 -429.688 -695.312 562.500 -757.812 585.938 859.375 -242.188 468.750 828.125 234.375 437.500 437.500 0.000 828.125
351.562 -453.125 -281.250 671.875 -398.438 476.562 601.562 -421.875 757.812 929.688 -140.625 328.125 585.938 125.000 609.375
742.188 -625.000 -593.750 453.125 -1007.812 609.375 718.750 -289.062 656.250 789.062 93.750 726.562 687.500 -453.125 531.250
515.625 -671.875 -515.625 445.312 -765.625 617.188 484.375 -289.062 828.125 617.188 242.188 843.750 304.688 -39.062 1164.062
515.625 -671.875 -515.625 445.312 -765.625 617.188 484.375 -289.062 828.125 617.188 242.188 843.750 304.688 -39.062 1164.062
687.500 -656.250 -664.062 343.750 -671.875 656.250 414.062 -179.688 906.250 539.062 304.688 898.438 218.750 -15.625 1125.000
648.438 -570.312 -687.500 289.062 -562.500 695.312 359.375 -70.312 945.312 507.812 421.875 898.438 195.312 156.250 1195.312
656.250 -546.875 -703.125 250.000 -531.250 726.562 335.938 -23.438 945.312 515.625 460.938 890.625 187.500 164.062 1203.125
648.438 -468.750 -710.938 406.250 -539.062 687.500 460.938 -62.500 914.062 601.562 398.438 835.938 265.625 148.438 1132.812
625.000 -468.750 -664.062 476.562 -562.500 640.625 523.438 -117.188 859.375 656.250 328.125 796.875 296.875 93.750 1093.750
648.438 -484.375 -648.438 562.500 -625.000 593.750 609.375 -210.938 804.688 710.938 234.375 710.938 375.000 7.812 945.312
648.438 -484.375 -648.438 562.500 -625.000 593.750 609.375 -210.938 804.688 710.938 234.375 710.938 375.000 7.812 945.312
578.125 -500.000 -609.375 578.125 -664.062 593.750 640.625 -289.062 757.812 750.000 164.062 632.812 437.500 -7.812 875.000
578.125 -500.000 -609.375 578.125 -664.062 593.750 640.625 -289.062 757.812 750.000 164.062 632.812 437.500 -7.812 875.000
585.938 -617.188 -562.500 460.938 -640.625 617.188 562.500 -242.188 781.250 695.312 195.312 648.438 414.062 31.250 859.375
625.000 -609.375 -585.938 429.688 -617.188 632.812 531.250 -203.125 804.688 671.875 242.188 664.062 398.438 70.312 890.625
625.000 -664.062 -546.875 398.438 -570.312 671.875 484.375 -132.812 820.312 617.188 328.125 718.750 304.688 117.188 984.375
632.812 -648.438 -531.250 421.875 -531.250 695.312 515.625 -93.750 828.125 640.625 351.562 679.688 351.562 156.250 945.312
601.562 -679.688 -468.750 492.188 -507.812 679.688 570.312 -62.500 804.688 664.062 375.000 648.438 390.625 187.500 921.875
578.125 -679.688 -375.000 578.125 -398.438 695.312 648.438 39.062 757.812 703.125 468.750 554.688 421.875 273.438 890.625
578.125 -679.688 -375.000 578.125 -398.438 695.312 648.438 39.062 757.812 703.125 468.750 554.688 421.875 273.438 890.625
585.938 -710.938 -328.125 546.875 -281.250 742.188 648.438 171.875 757.812 679.688 593.750 507.812 445.312 398.438 859.375
585.938 -710.938 -328.125 546.875 -281.250 742.188 648.438 171.875 757.812 679.688 593.750 507.812 445.312 398.438 859.375
578.125 -726.562 -312.500 531.250 -242.188 765.625 632.812 195.312 765.625 671.875 625.000 515.625 429.688 437.500 890.625
601.562 -765.625 -273.438 492.188 -210.938 820.312 617.188 250.000 812.500 664.062 671.875 515.625 429.688 484.375 898.438
593.750 -820.312 -250.000 507.812 -210.938 835.938 625.000 257.812 804.688 656.250 687.500 515.625 437.500 492.188 898.438
546.875 -898.438 -195.312 531.250 -242.188 843.750 648.438 218.750 789.062 703.125 648.438 468.750 468.750 476.562 843.750
546.875 -898.438 -195.312 531.250 -242.188 843.750 648.438 218.750 789.062 703.125 648.438 468.750 468.750 476.562 843.750
546.875 -914.062 -164.062 539.062 -265.625 828.125 656.250 195.312 765.625 718.750 617.188 460.938 492.188 437.500 835.938
554.688 -875.000 -203.125 515.625 -234.375 828.125 648.438 187.500 765.625 734.375 570.312 421.875 531.250 437.500 781.250
554.688 -875.000 -203.125 515.625 -234.375 828.125 648.438 187.500 765.625 734.375 570.312 421.875 531.250 437.500 781.250
554.688 -875.000 -203.125 515.625 -234.375 828.125 648.438 187.500 765.625 734.375 570.312 421.875 531.250 437.500 781.250
617.188 -835.938 -210.938 562.500 -234.375 812.500 656.250 179.688 757.812 726.562 562.500 445.312 500.000 421.875 804.688
609.375 -781.250 -242.188 531.250 -210.938 789.062 632.812 218.750 750.000 695.312 593.750 484.375 437.500 390.625 882.812
695.312 -773.438 -304.688 484.375 -195.312 804.688 531.250 289.062 789.062 617.188 617.188 531.250 367.188 414.062 914.062
742.188 -781.250 -335.938 414.062 -187.500 812.500 546.875 335.938 859.375 578.125 617.188 570.312 320.312 437.500 953.125
757.812 -789.062 -320.312 382.812 -210.938 843.750 460.938 382.812 882.812 609.375 640.625 617.188 273.438 429.688 1007.812
687.500 -1226.562 -281.250 601.562 -593.750 382.812 1007.812 -31.250 195.312 531.250 617.188 304.688 468.750 -7.812 757.812
687.500 -1226.562 -281.250 601.562 -593.750 382.812 1007.812 -31.250 195.312 531.250 617.188 304.688 468.750 -7.812 757.812
687.500 -1226.562 -281.250 601.562 -593.750 382.812 1007.812 -31.250 195.312 531.250 617.188 304.688 468.750 -7.812 757.812
695.312 -1031.250 -296.875 960.938 -335.938 218.750 945.312 31.250 398.438 750.000 234.375 304.688 695.312 226.562 390.625
695.312 -1031.250 -296.875 960.938 -335.938 218.750 945.312 31.250 398.438 750.000 234.375 304.688 695.312 226.562 390.625
1140.625 -984.375 -570.312 726.562 -492.188 328.125 898.438 23.438 335.938 789.062 250.000 171.875 351.562 289.062 70.312
1250.000 -1054.688 -625.000 648.438 -414.062 359.375 898.438 -31.250 320.312 570.312 382.812 101.562 46.875 359.375 218.750
1265.625 -718.750 -570.312 382.812 -437.500 390.625 703.125 -132.812 296.875 390.625 625.000 257.812 -593.750 750.000 1164.062
1054.688 -367.188 -210.938 687.500 -500.000 46.875 453.125 -257.812 312.500 -15.625 625.000 882.812 -890.625 242.188 1617.188
1148.438 -546.875 -132.812 804.688 -484.375 -93.750 367.188 -429.688 78.125 250.000 1156.250 742.188 -703.125 -375.000 1484.375
2117.188 226.562 -203.125 1421.875 0.000 445.312 1070.312 437.500 1398.438 523.438 -695.312 1429.688 765.625 226.562 1148.438
2117.188 226.562 -203.125 1421.875 0.000 445.312 1070.312 437.500 1398.438 523.438 -695.312 1429.688 765.625 226.562 1148.438
2117.188 226.562 -203.125 1421.875 0.000 445.312 1070.312 437.500 1398.438 523.438 -695.312 1429.688 765.625 226.562 1148.438
687.500 -281.250 304.688 351.562 -960.938 914.062 320.312 -515.625 867.188 414.062 570.312 867.188 117.188 -476.562 1085.938
742.188 -421.875 367.188 312.500 -679.688 937.500 500.000 -304.688 1085.938 601.562 320.312 851.562 390.625 101.562 1203.125
781.250 -250.000 406.250 382.812 -460.938 812.500 500.000 -54.688 875.000 390.625 515.625 820.312 70.312 -210.938 1039.062
781.250 -250.000 406.250 382.812 -460.938 812.500 500.000 -54.688 875.000 390.625 515.625 820.312 70.312 -210.938 1039.062
718.750 -85.938 421.875 476.562 -242.188 742.188 570.312 140.625 820.312 414.062 632.812 773.438 70.312 -156.250 1085.938
687.500 101.562 500.000 742.188 -101.562 656.250 804.688 195.312 718.750 617.188 656.250 625.000 171.875 -39.062 1062.500
734.375 101.562 531.250 804.688 -140.625 664.062 804.688 148.438 726.562 539.062 656.250 679.688 101.562 -70.312 1070.312
773.438 7.812 554.688 757.812 -234.375 687.500 789.062 70.312 734.375 585.938 578.125 664.062 195.312 -101.562 992.188
773.438 7.812 554.688 757.812 -234.375 687.500 789.062 70.312 734.375 585.938 578.125 664.062 195.312 -101.562 992.188
773.438 7.812 554.688 757.812 -234.375 687.500 789.062 70.312 734.375 585.938 578.125 664.062 195.312 -101.562 992.188
757.812 -85.938 539.062 656.250 -226.562 726.562 703.125 54.688 757.812 523.438 585.938 671.875 164.062 -101.562 1007.812
796.875 -226.562 554.688 421.875 -273.438 781.250 468.750 85.938 835.938 304.688 617.188 710.938 -46.875 -93.750 1015.625
796.875 -226.562 554.688 421.875 -273.438 781.250 468.750 85.938 835.938 304.688 617.188 710.938 -46.875 -93.750 1015.625
796.875 -234.375 546.875 406.250 -281.250 789.062 445.312 85.938 828.125 281.250 625.000 726.562 -70.312 -93.750 1023.438
804.688 -226.562 546.875 437.500 -289.062 796.875 460.938 46.875 851.562 312.500 601.562 726.562 -31.250 -85.938 1007.812
789.062 -164.062 539.062 500.000 -289.062 789.062 523.438 54.688 835.938 335.938 648.438 757.812 0.000 -109.375 1046.875
750.000 -156.250 546.875 523.438 -242.188 781.250 562.500 54.688 804.688 382.812 648.438 718.750 15.625 -46.875 1062.500
750.000 -156.250 546.875 523.438 -242.188 781.250 562.500 54.688 804.688 382.812 648.438 718.750 15.625 -46.875 1062.500
726.562 -132.812 539.062 531.250 -226.562 781.250 585.938 62.500 812.500 421.875 632.812 710.938 46.875 -31.250 1062.500
609.375 -148.438 523.438 492.188 -164.062 757.812 601.562 109.375 820.312 429.688 664.062 710.938 70.312 23.438 1093.750
523.438 -117.188 546.875 453.125 -85.938 835.938 578.125 109.375 937.500 453.125 570.312 812.500 93.750 15.625 1078.125
656.250 -179.688 531.250 453.125 -234.375 718.750 593.750 203.125 796.875 406.250 640.625 703.125 78.125 0.000 1070.312
679.688 -101.562 476.562 656.250 -234.375 843.750 437.500 -93.750 914.062 460.938 445.312 718.750 93.750 -7.812 945.312
679.688 -101.562 476.562 656.250 -234.375 843.750 437.500 -93.750 914.062 460.938 445.312 718.750 93.750 -7.812 945.312
187.500 -242.188 515.625 460.938 -406.250 906.250 414.062 -242.188 992.188 335.938 398.438 781.250 62.500 -62.500 945.312
835.938 -648.438 242.188 507.812 -539.062 859.375 523.438 -85.938 882.812 382.812 445.312 796.875 85.938 -109.375 984.375
835.938 -648.438 242.188 507.812 -539.062 859.375 523.438 -85.938 882.812 382.812 445.312 796.875 85.938 -109.375 984.375
906.250 -539.062 218.750 484.375 -539.062 812.500 546.875 -85.938 898.438 460.938 437.500 789.062 117.188 -85.938 1000.000
1117.188 -570.312 54.688 445.312 -500.000 742.188 507.812 -54.688 796.875 406.250 476.562 726.562 132.812 -31.250 945.312
1203.125 -617.188 15.625 453.125 -468.750 726.562 539.062 -46.875 796.875 398.438 468.750 726.562 117.188 -7.812 937.500
1203.125 -656.250 15.625 492.188 -421.875 679.688 570.312 -7.812 757.812 414.062 492.188 687.500 101.562 15.625 976.562
1148.438 -664.062 0.000 515.625 -414.062 648.438 562.500 -7.812 742.188 398.438 507.812 695.312 78.125 7.812 960.938
937.500 -539.062 85.938 609.375 -460.938 593.750 625.000 31.250 734.375 375.000 546.875 710.938 15.625 7.812 1007.812
898.438 -515.625 70.312 625.000 -414.062 593.750 570.312 78.125 757.812 328.125 539.062 750.000 -46.875 7.812 1007.812
898.438 -515.625 70.312 625.000 -414.062 593.750 570.312 78.125 757.812 328.125 539.062 750.000 -46.875 7.812 1007.812
890.625 -507.812 70.312 617.188 -406.250 593.750 562.500 78.125 773.438 312.500 546.875 765.625 -54.688 0.000 1015.625
890.625 -484.375 15.625 507.812 -429.688 671.875 507.812 54.688 828.125 289.062 554.688 789.062 -62.500 15.625 1023.438
890.625 -484.375 15.625 507.812 -429.688 671.875 507.812 54.688 828.125 289.062 554.688 789.062 -62.500 15.625 1023.438
914.062 -500.000 7.812 492.188 -468.750 679.688 507.812 46.875 835.938 289.062 531.250 789.062 -54.688 7.812 1015.625
921.875 -523.438 -7.812 492.188 -492.188 679.688 492.188 39.062 835.938 289.062 531.250 796.875 -62.500 -7.812 1007.812
906.250 -609.375 -15.625 460.938 -515.625 695.312 492.188 0.000 867.188 304.688 492.188 812.500 -46.875 -31.250 1015.625
906.250 -609.375 -15.625 460.938 -515.625 695.312 492.188 0.000 867.188 304.688 492.188 812.500 -46.875 -31.250 1015.625
875.000 -640.625 -31.250 484.375 -554.688 679.688 507.812 -15.625 859.375 304.688 484.375 820.312 -46.875 -46.875 1000.000
875.000 -640.625 -31.250 484.375 -554.688 679.688 507.812 -15.625 859.375 304.688 484.375 820.312 -46.875 -46.875 1000.000
804.688 -625.000 -15.625 507.812 -546.875 671.875 523.438 -23.438 843.750 328.125 468.750 828.125 -39.062 -46.875 1007.812
820.312 -617.188 -23.438 500.000 -546.875 671.875 523.438 -31.250 843.750 328.125 460.938 804.688 -23.438 -39.062 992.188
820.312 -593.750 -46.875 515.625 -546.875 671.875 515.625 -31.250 843.750 320.312 460.938 796.875 -23.438 -39.062 968.750
835.938 -593.750 -54.688 515.625 -546.875 664.062 515.625 -31.250 828.125 320.312 460.938 804.688 -54.688 -39.062 976.562
859.375 -570.312 -85.938 476.562 -515.625 679.688 453.125 -7.812 867.188 257.812 476.562 828.125 -117.188 -31.250 1007.812
859.375 -562.500 -109.375 437.500 -531.250 695.312 445.312 -7.812 875.000 242.188 492.188 843.750 -140.625 -23.438 1007.812
859.375 -562.500 -109.375 437.500 -531.250 695.312 445.312 -7.812 875.000 242.188 492.188 843.750 -140.625 -23.438 1007.812
851.562 -562.500 -117.188 429.688 -539.062 695.312 453.125 0.000 875.000 234.375 500.000 851.562 -140.625 -23.438 1015.625
796.875 -593.750 -93.750 359.375 -492.188 750.000 382.812 23.438 937.500 195.312 507.812 875.000 -171.875 0.000 1039.062
796.875 -593.750 -93.750 359.375 -492.188 750.000 382.812 23.438 937.500 195.312 507.812 875.000 -171.875 0.000 1039.062
812.500 -632.812 -109.375 359.375 -523.438 765.625 367.188 23.438 937.500 171.875 515.625 882.812 -195.312 0.000 1039.062
812.500 -664.062 -101.562 359.375 -539.062 757.812 367.188 15.625 929.688 164.062 515.625 882.812 -195.312 0.000 1039.062
726.562 -726.562 -62.500 367.188 -531.250 734.375 398.438 23.438 914.062 218.750 500.000 859.375 -148.438 -7.812 1015.625
710.938 -718.750 -70.312 382.812 -531.250 734.375 390.625 23.438 914.062 210.938 492.188 867.188 -156.250 7.812 1007.812
742.188 -726.562 -85.938 382.812 -539.062 742.188 375.000 23.438 929.688 187.500 492.188 859.375 -171.875 0.000 1007.812
