562.500 -976.562 -85.938 375.000 -171.875 929.688 359.375 0.000 984.375 343.750 476.562 773.438 -109.375 554.688 750.000
656.250 -859.375 -250.000 390.625 -164.062 937.500 406.250 93.750 921.875 250.000 601.562 781.250 -156.250 523.438 804.688
703.125 -820.312 -320.312 335.938 -117.188 945.312 375.000 140.625 960.938 226.562 648.438 796.875 -148.438 531.250 812.500
750.000 -742.188 -390.625 296.875 -7.812 1007.812 289.062 187.500 1062.500 179.688 679.688 820.312 -218.750 656.250 835.938
710.938 -679.688 -421.875 234.375 7.812 1085.938 265.625 226.562 1148.438 148.438 734.375 843.750 -257.812 781.250 843.750
664.062 -679.688 -382.812 164.062 -7.812 1117.188 234.375 218.750 1164.062 15.625 750.000 906.250 -351.562 726.562 882.812
640.625 -742.188 -304.688 234.375 7.812 1054.688 273.438 218.750 1117.188 -46.875 765.625 914.062 -375.000 695.312 906.250
546.875 -953.125 -187.500 328.125 -39.062 867.188 257.812 289.062 1062.500 -85.938 656.250 960.938 -390.625 507.812 929.688
500.000 -1109.375 -132.812 500.000 -148.438 703.125 242.188 273.438 1054.688 -23.438 601.562 992.188 -289.062 453.125 875.000
468.750 -835.938 -101.562 507.812 -382.812 585.938 304.688 39.062 1000.000 7.812 546.875 867.188 -125.000 398.438 609.375
429.688 -757.812 -117.188 484.375 -445.312 554.688 312.500 0.000 937.500 31.250 578.125 750.000 -164.062 429.688 703.125
500.000 -921.875 -117.188 398.438 -640.625 500.000 531.250 101.562 531.250 -31.250 820.312 679.688 -656.250 492.188 1015.625
578.125 -1109.375 -140.625 695.312 -1109.375 242.188 843.750 429.688 281.250 -390.625 953.125 562.500 -562.500 460.938 1039.062
523.438 -1171.875 -140.625 843.750 -734.375 398.438 1078.125 -15.625 390.625 1625.000 1156.250 281.250 -296.875 476.562 882.812
492.188 -1070.312 -148.438 906.250 -539.062 437.500 1085.938 375.000 398.438 382.812 695.312 257.812 -296.875 703.125 906.250
445.312 -992.188 -109.375 781.250 -609.375 445.312 1046.875 15.625 359.375 1023.438 914.062 359.375 -257.812 523.438 890.625
398.438 -921.875 -31.250 812.500 -593.750 375.000 984.375 23.438 398.438 679.688 757.812 343.750 -85.938 539.062 789.062
500.000 -835.938 -85.938 859.375 -523.438 289.062 890.625 85.938 437.500 570.312 789.062 335.938 -140.625 617.188 796.875
625.000 -765.625 -125.000 765.625 -507.812 335.938 890.625 93.750 421.875 523.438 773.438 375.000 -148.438 593.750 773.438
507.812 -687.500 -54.688 703.125 -492.188 359.375 859.375 101.562 453.125 507.812 804.688 414.062 -171.875 617.188 835.938
664.062 -757.812 -101.562 750.000 -546.875 320.312 875.000 62.500 460.938 554.688 796.875 398.438 -109.375 648.438 789.062
679.688 -781.250 -85.938 742.188 -601.562 335.938 843.750 23.438 500.000 523.438 734.375 382.812 -54.688 632.812 781.250
687.500 -781.250 -93.750 757.812 -609.375 328.125 875.000 15.625 460.938 546.875 742.188 367.188 -46.875 640.625 781.250
679.688 -765.625 -85.938 804.688 -617.188 265.625 906.250 0.000 429.688 585.938 726.562 351.562 -7.812 640.625 781.250
664.062 -695.312 -78.125 828.125 -617.188 210.938 914.062 -7.812 398.438 593.750 703.125 367.188 0.000 593.750 789.062
687.500 -601.562 -70.312 843.750 -656.250 148.438 937.500 -78.125 367.188 617.188 640.625 367.188 23.438 507.812 765.625
679.688 -593.750 -62.500 859.375 -671.875 140.625 960.938 -93.750 375.000 625.000 609.375 382.812 46.875 562.500 773.438
679.688 -625.000 -54.688 843.750 -695.312 164.062 929.688 -109.375 390.625 609.375 625.000 437.500 -31.250 570.312 843.750
640.625 -742.188 -31.250 804.688 -742.188 210.938 906.250 -140.625 460.938 578.125 617.188 445.312 -62.500 570.312 851.562
578.125 -914.062 39.062 804.688 -781.250 242.188 851.562 -132.812 554.688 593.750 632.812 460.938 -54.688 625.000 890.625
31.250 -625.000 484.375 757.812 -796.875 375.000 773.438 -46.875 617.188 195.312 679.688 578.125 -109.375 570.312 976.562
750.000 -976.562 39.062 679.688 -734.375 484.375 710.938 -78.125 671.875 554.688 640.625 296.875 140.625 796.875 875.000
546.875 -734.375 -179.688 601.562 -703.125 523.438 875.000 -15.625 554.688 687.500 710.938 265.625 171.875 773.438 796.875
601.562 -656.250 -195.312 664.062 -656.250 468.750 890.625 39.062 484.375 648.438 773.438 312.500 93.750 703.125 867.188
789.062 -929.688 -437.500 851.562 -492.188 304.688 1015.625 195.312 304.688 710.938 828.125 218.750 31.250 765.625 906.250
789.062 -796.875 -523.438 1132.812 -875.000 -15.625 1171.875 343.750 179.688 757.812 820.312 164.062 46.875 734.375 804.688
781.250 -750.000 -531.250 921.875 -343.750 -117.188 1125.000 601.562 39.062 734.375 742.188 23.438 148.438 554.688 804.688
718.750 -687.500 -500.000 648.438 406.250 460.938 1101.562 820.312 -85.938 734.375 953.125 156.250 117.188 500.000 835.938
687.500 -593.750 -382.812 468.750 -54.688 382.812 890.625 640.625 218.750 757.812 1039.062 148.438 54.688 859.375 781.250
656.250 -546.875 -289.062 546.875 -85.938 562.500 765.625 179.688 367.188 859.375 703.125 -7.812 179.688 953.125 671.875
554.688 62.500 250.000 31.250 78.125 1359.375 296.875 -437.500 812.500 492.188 429.688 234.375 273.438 492.188 664.062
-15.625 632.812 109.375 -132.812 -804.688 1195.312 406.250 -695.312 773.438 265.625 507.812 242.188 289.062 54.688 515.625
695.312 -554.688 -125.000 1789.062 976.562 429.688 179.688 -1250.000 1234.375 843.750 -421.875 875.000 351.562 171.875 609.375
937.500 -593.750 -460.938 664.062 -875.000 679.688 1062.500 -156.250 460.938 695.312 632.812 500.000 359.375 140.625 687.500
765.625 -796.875 -328.125 757.812 -312.500 617.188 703.125 -304.688 679.688 687.500 351.562 570.312 242.188 210.938 937.500
703.125 -617.188 -281.250 734.375 -304.688 640.625 617.188 -234.375 750.000 656.250 304.688 578.125 273.438 304.688 898.438
828.125 -593.750 -500.000 687.500 -312.500 664.062 664.062 -156.250 742.188 687.500 421.875 562.500 289.062 460.938 835.938
812.500 -539.062 -445.312 687.500 -265.625 656.250 664.062 -132.812 765.625 656.250 453.125 601.562 179.688 421.875 898.438
765.625 -539.062 -398.438 703.125 -265.625 640.625 656.250 -109.375 734.375 648.438 484.375 609.375 140.625 437.500 921.875
750.000 -531.250 -398.438 718.750 -257.812 625.000 679.688 -117.188 742.188 648.438 484.375 617.188 140.625 429.688 921.875
742.188 -523.438 -398.438 742.188 -250.000 617.188 710.938 -132.812 710.938 679.688 468.750 570.312 156.250 421.875 906.250
718.750 -554.688 -367.188 703.125 -257.812 640.625 679.688 -148.438 718.750 679.688 445.312 585.938 171.875 414.062 875.000
710.938 -648.438 -375.000 609.375 -257.812 679.688 601.562 -125.000 765.625 640.625 460.938 617.188 164.062 437.500 906.250
718.750 -687.500 -367.188 578.125 -257.812 718.750 562.500 -109.375 804.688 617.188 484.375 632.812 148.438 453.125 921.875
750.000 -875.000 -390.625 437.500 -296.875 859.375 421.875 -296.875 921.875 531.250 539.062 710.938 85.938 531.250 937.500
773.438 -1031.250 -375.000 281.250 -234.375 992.188 328.125 -125.000 968.750 492.188 578.125 710.938 31.250 531.250 945.312
757.812 -1132.812 -343.750 312.500 -179.688 1023.438 437.500 -109.375 945.312 492.188 593.750 710.938 -7.812 484.375 914.062
554.688 -1257.812 -210.938 359.375 -70.312 835.938 492.188 -140.625 953.125 531.250 585.938 710.938 0.000 484.375 914.062
750.000 -1179.688 -289.062 421.875 -335.938 1007.812 710.938 -281.250 765.625 601.562 460.938 625.000 85.938 351.562 890.625
460.938 -1570.312 70.312 882.812 -789.062 250.000 1289.062 -234.375 429.688 679.688 328.125 585.938 93.750 109.375 828.125
679.688 -1718.750 -93.750 1125.000 -656.250 281.250 960.938 70.312 281.250 671.875 429.688 406.250 148.438 195.312 812.500
929.688 -1937.500 -390.625 1210.938 -390.625 140.625 937.500 -46.875 375.000 796.875 421.875 398.438 125.000 312.500 750.000
679.688 -1382.812 -570.312 1070.312 -390.625 257.812 718.750 -31.250 632.812 835.938 414.062 351.562 125.000 757.812 671.875
1109.375 -429.688 -882.812 796.875 -156.250 468.750 742.188 343.750 570.312 695.312 671.875 414.062 109.375 718.750 851.562
945.312 39.062 -578.125 468.750 -171.875 703.125 656.250 507.812 664.062 585.938 1000.000 445.312 -171.875 835.938 1054.688
687.500 375.000 -390.625 445.312 -390.625 695.312 585.938 484.375 726.562 531.250 1062.500 507.812 -320.312 992.188 1125.000
773.438 515.625 -101.562 750.000 -312.500 421.875 398.438 515.625 804.688 195.312 890.625 789.062 -414.062 1187.500 1148.438
390.625 148.438 507.812 656.250 -593.750 421.875 507.812 304.688 710.938 226.562 687.500 859.375 -390.625 468.750 1007.812
453.125 -54.688 531.250 289.062 -539.062 890.625 226.562 -437.500 1023.438 320.312 476.562 867.188 -117.188 343.750 968.750
562.500 62.500 648.438 242.188 -156.250 1109.375 31.250 -1234.375 1312.500 320.312 445.312 773.438 85.938 320.312 960.938
1531.250 -85.938 -93.750 875.000 -85.938 765.625 968.750 570.312 906.250 695.312 -31.250 898.438 437.500 265.625 820.312
648.438 -585.938 390.625 843.750 -539.062 687.500 632.812 117.188 781.250 554.688 398.438 765.625 93.750 382.812 953.125
890.625 -304.688 351.562 468.750 -375.000 703.125 453.125 171.875 843.750 382.812 445.312 851.562 -70.312 328.125 1000.000
804.688 -343.750 359.375 460.938 -296.875 765.625 437.500 351.562 882.812 281.250 328.125 867.188 -54.688 390.625 976.562
828.125 -281.250 335.938 343.750 -265.625 843.750 304.688 257.812 882.812 218.750 539.062 867.188 -164.062 398.438 968.750
867.188 -257.812 351.562 437.500 -304.688 796.875 398.438 304.688 882.812 257.812 406.250 875.000 -132.812 328.125 960.938
867.188 -234.375 335.938 507.812 -343.750 734.375 468.750 234.375 796.875 390.625 382.812 812.500 0.000 304.688 921.875
867.188 -203.125 359.375 539.062 -335.938 687.500 539.062 226.562 765.625 460.938 367.188 781.250 54.688 312.500 921.875
820.312 -132.812 359.375 664.062 -328.125 632.812 609.375 234.375 703.125 539.062 359.375 765.625 54.688 304.688 929.688
875.000 -62.500 312.500 750.000 -359.375 601.562 718.750 226.562 710.938 562.500 304.688 796.875 85.938 242.188 960.938
953.125 -78.125 281.250 726.562 -453.125 632.812 679.688 164.062 773.438 507.812 210.938 828.125 78.125 195.312 921.875
976.562 -101.562 265.625 695.312 -492.188 656.250 632.812 148.438 796.875 507.812 195.312 843.750 62.500 195.312 937.500
1000.000 -140.625 226.562 507.812 -531.250 789.062 414.062 203.125 945.312 343.750 218.750 1000.000 -85.938 210.938 1007.812
1007.812 -320.312 257.812 242.188 -328.125 960.938 109.375 312.500 1148.438 70.312 312.500 1203.125 -273.438 304.688 1085.938
890.625 -375.000 382.812 273.438 -234.375 960.938 218.750 382.812 1117.188 148.438 359.375 1218.750 -187.500 351.562 1125.000
757.812 -382.812 476.562 453.125 -210.938 898.438 515.625 390.625 1046.875 195.312 367.188 1156.250 -15.625 375.000 1132.812
617.188 -156.250 554.688 906.250 -148.438 718.750 875.000 359.375 851.562 718.750 281.250 1007.812 296.875 468.750 1156.250
609.375 476.562 289.062 1257.812 -234.375 492.188 968.750 539.062 1109.375 1085.938 523.438 1226.562 23.438 375.000 1328.125
781.250 648.438 507.812 882.812 -195.312 656.250 -1617.188 -289.062 1468.750 15.625 976.562 890.625 -125.000 359.375 1117.188
195.312 710.938 570.312 890.625 -609.375 945.312 -179.688 -851.562 1656.250 179.688 148.438 1070.312 -140.625 734.375 1328.125
1843.750 1023.438 -382.812 453.125 117.188 1000.000 453.125 -304.688 703.125 226.562 -187.500 1062.500 -148.438 -78.125 1015.625
984.375 -62.500 7.812 578.125 -304.688 718.750 515.625 -242.188 210.938 -117.188 70.312 351.562 23.438 265.625 921.875
984.375 -828.125 46.875 367.188 -1093.750 515.625 210.938 -515.625 -320.312 500.000 429.688 -554.688 -15.625 1710.938 1039.062
1078.125 -765.625 78.125 500.000 -1125.000 453.125 609.375 -632.812 -242.188 593.750 406.250 -671.875 70.312 1398.438 789.062
1257.812 -750.000 31.250 898.438 -1078.125 70.312 1617.188 39.062 -812.500 773.438 554.688 -921.875 -203.125 984.375 -343.750
1195.312 -1187.500 39.062 914.062 31.250 -101.562 1484.375 500.000 -437.500 1875.000 851.562 -921.875 1546.875 -1273.438 -875.000
734.375 -1148.438 335.938 1226.562 210.938 0.000 781.250 -46.875 125.000 757.812 -156.250 -203.125 890.625 375.000 -320.312
742.188 -1015.625 382.812 1101.562 15.625 23.438 976.562 -39.062 78.125 1015.625 156.250 -54.688 851.562 289.062 93.750
968.750 -710.938 296.875 984.375 -304.688 101.562 1085.938 203.125 -31.250 867.188 281.250 -93.750 773.438 210.938 406.250
1109.375 -570.312 179.688 1054.688 93.750 78.125 1031.250 70.312 -70.312 914.062 125.000 -320.312 906.250 351.562 148.438
1070.312 -125.000 109.375 1187.500 15.625 -62.500 1125.000 187.500 -156.250 992.188 445.312 -437.500 1046.875 531.250 -46.875
1039.062 -78.125 117.188 1093.750 101.562 -31.250 1078.125 296.875 -117.188 984.375 429.688 -445.312 1031.250 484.375 -31.250
914.062 23.438 218.750 1062.500 117.188 54.688 1328.125 296.875 -164.062 1132.812 429.688 -484.375 976.562 437.500 -78.125
921.875 -31.250 234.375 960.938 -210.938 93.750 1187.500 242.188 -242.188 1031.250 546.875 -515.625 1062.500 601.562 31.250
703.125 -468.750 398.438 898.438 -109.375 171.875 960.938 109.375 -39.062 835.938 257.812 -406.250 984.375 359.375 -148.438
726.562 -507.812 414.062 906.250 -101.562 210.938 906.250 93.750 31.250 835.938 218.750 -343.750 914.062 351.562 -93.750
828.125 -484.375 390.625 875.000 -125.000 226.562 867.188 109.375 78.125 796.875 281.250 -210.938 835.938 390.625 78.125
789.062 -453.125 406.250 867.188 -85.938 234.375 843.750 125.000 117.188 765.625 312.500 -187.500 796.875 421.875 140.625
781.250 -320.312 390.625 953.125 31.250 187.500 960.938 250.000 39.062 867.188 460.938 -250.000 867.188 546.875 140.625
796.875 -320.312 367.188 953.125 54.688 187.500 929.688 265.625 70.312 835.938 453.125 -234.375 828.125 570.312 148.438
843.750 -281.250 367.188 968.750 46.875 179.688 968.750 273.438 70.312 867.188 484.375 -210.938 835.938 562.500 203.125
843.750 -281.250 343.750 984.375 39.062 187.500 960.938 289.062 62.500 875.000 500.000 -234.375 835.938 578.125 187.500
843.750 -320.312 351.562 1000.000 31.250 179.688 1000.000 281.250 23.438 898.438 468.750 -304.688 890.625 562.500 85.938
843.750 -304.688 343.750 1007.812 46.875 164.062 1007.812 273.438 7.812 898.438 468.750 -312.500 898.438 539.062 85.938
859.375 -312.500 335.938 1015.625 39.062 148.438 1031.250 281.250 -31.250 914.062 468.750 -367.188 906.250 554.688 62.500
835.938 -312.500 328.125 1015.625 39.062 132.812 1039.062 265.625 -62.500 945.312 476.562 -414.062 906.250 546.875 31.250
789.062 -273.438 328.125 1000.000 78.125 148.438 921.875 226.562 101.562 828.125 375.000 -195.312 835.938 492.188 117.188
804.688 -289.062 335.938 976.562 31.250 140.625 898.438 226.562 78.125 773.438 375.000 -179.688 835.938 437.500 140.625
835.938 -312.500 312.500 945.312 46.875 234.375 851.562 156.250 117.188 843.750 296.875 -203.125 843.750 359.375 70.312
851.562 -343.750 304.688 914.062 -15.625 226.562 929.688 156.250 62.500 835.938 289.062 -250.000 843.750 335.938 62.500
1023.438 -484.375 210.938 1023.438 -93.750 117.188 1062.500 195.312 -54.688 937.500 281.250 -304.688 937.500 320.312 -39.062
1015.625 -492.188 218.750 1062.500 -125.000 93.750 1085.938 156.250 -85.938 953.125 265.625 -367.188 945.312 304.688 -62.500
843.750 -437.500 273.438 1039.062 -210.938 117.188 1101.562 93.750 -109.375 992.188 187.500 -406.250 953.125 343.750 -93.750
804.688 -421.875 289.062 1078.125 -171.875 109.375 1125.000 46.875 -101.562 1000.000 156.250 -390.625 937.500 398.438 -101.562
781.250 -539.062 320.312 1031.250 -148.438 156.250 1031.250 -39.062 -46.875 882.812 78.125 -273.438 734.375 484.375 31.250
773.438 -578.125 320.312 1000.000 -164.062 148.438 906.250 -54.688 46.875 789.062 203.125 -101.562 601.562 367.188 171.875
757.812 -593.750 351.562 937.500 -296.875 195.312 914.062 117.188 148.438 710.938 250.000 85.938 562.500 390.625 257.812
750.000 -601.562 367.188 929.688 -289.062 226.562 914.062 132.812 195.312 757.812 320.312 132.812 539.062 593.750 367.188
742.188 -632.812 312.500 875.000 -234.375 351.562 976.562 171.875 203.125 890.625 585.938 7.812 609.375 835.938 476.562
726.562 -617.188 304.688 875.000 -195.312 382.812 1007.812 179.688 195.312 898.438 585.938 0.000 632.812 867.188 445.312
710.938 -585.938 296.875 867.188 -164.062 398.438 1015.625 203.125 203.125 906.250 601.562 -23.438 679.688 851.562 390.625
765.625 -585.938 265.625 882.812 -140.625 398.438 1007.812 226.562 187.500 921.875 593.750 -31.250 687.500 843.750 382.812
757.812 -593.750 250.000 976.562 -148.438 304.688 1046.875 234.375 117.188 937.500 593.750 -93.750 679.688 820.312 351.562
742.188 -593.750 250.000 992.188 -164.062 281.250 1046.875 234.375 101.562 937.500 578.125 -101.562 656.250 796.875 351.562
726.562 -585.938 265.625 968.750 -164.062 273.438 953.125 171.875 156.250 867.188 468.750 -54.688 609.375 726.562 312.500
726.562 -578.125 289.062 929.688 -164.062 296.875 859.375 156.250 234.375 796.875 421.875 31.250 585.938 687.500 304.688
750.000 -562.500 289.062 835.938 -148.438 429.688 796.875 171.875 406.250 734.375 445.312 210.938 554.688 656.250 335.938
765.625 -570.312 265.625 812.500 -156.250 492.188 867.188 179.688 421.875 796.875 546.875 195.312 531.250 742.188 429.688
757.812 -625.000 265.625 835.938 -195.312 523.438 906.250 171.875 406.250 828.125 609.375 156.250 492.188 804.688 539.062
750.000 -656.250 273.438 843.750 -187.500 523.438 898.438 187.500 421.875 820.312 609.375 171.875 484.375 789.062 554.688
710.938 -710.938 265.625 875.000 -148.438 492.188 921.875 234.375 421.875 851.562 609.375 187.500 554.688 804.688 515.625
718.750 -734.375 257.812 875.000 -156.250 492.188 937.500 218.750 414.062 867.188 609.375 164.062 554.688 812.500 507.812
695.312 -750.000 234.375 875.000 -179.688 500.000 960.938 203.125 390.625 882.812 593.750 140.625 562.500 796.875 492.188
687.500 -742.188 226.562 875.000 -179.688 492.188 960.938 203.125 390.625 890.625 593.750 125.000 562.500 804.688 484.375
679.688 -710.938 210.938 859.375 -156.250 484.375 937.500 203.125 382.812 867.188 593.750 148.438 554.688 796.875 484.375
671.875 -687.500 210.938 828.125 -179.688 492.188 914.062 195.312 398.438 851.562 570.312 164.062 554.688 757.812 492.188
664.062 -687.500 187.500 812.500 -179.688 507.812 906.250 156.250 406.250 867.188 531.250 148.438 562.500 742.188 476.562
664.062 -687.500 179.688 796.875 -195.312 507.812 859.375 132.812 429.688 851.562 500.000 164.062 546.875 734.375 468.750
679.688 -671.875 187.500 757.812 -164.062 554.688 718.750 117.188 570.312 757.812 437.500 289.062 531.250 679.688 468.750
703.125 -656.250 187.500 710.938 -234.375 656.250 757.812 78.125 648.438 757.812 515.625 437.500 492.188 671.875 601.562
750.000 -695.312 156.250 726.562 -304.688 679.688 835.938 62.500 632.812 812.500 554.688 406.250 484.375 710.938 687.500
757.812 -726.562 156.250 734.375 -312.500 679.688 859.375 54.688 609.375 835.938 546.875 382.812 492.188 718.750 687.500
750.000 -828.125 132.812 765.625 -312.500 656.250 875.000 46.875 570.312 867.188 515.625 320.312 507.812 726.562 648.438
695.312 -867.188 156.250 804.688 -296.875 609.375 875.000 62.500 539.062 867.188 476.562 312.500 554.688 656.250 562.500
664.062 -859.375 164.062 796.875 -320.312 585.938 898.438 39.062 523.438 859.375 437.500 296.875 562.500 617.188 523.438
648.438 -859.375 164.062 804.688 -335.938 578.125 906.250 15.625 507.812 875.000 421.875 281.250 570.312 609.375 523.438
640.625 -851.562 171.875 796.875 -343.750 562.500 890.625 -7.812 484.375 843.750 406.250 265.625 554.688 601.562 507.812
648.438 -843.750 179.688 796.875 -320.312 539.062 843.750 39.062 539.062 812.500 406.250 382.812 531.250 554.688 546.875
648.438 -828.125 171.875 796.875 -312.500 539.062 835.938 15.625 546.875 828.125 414.062 367.188 507.812 601.562 593.750
648.438 -796.875 164.062 789.062 -320.312 554.688 812.500 0.000 562.500 820.312 398.438 359.375 507.812 601.562 609.375
664.062 -781.250 148.438 765.625 -296.875 578.125 796.875 0.000 578.125 835.938 398.438 351.562 531.250 601.562 585.938
