226.562 -984.375 101.562 -140.625 -195.312 945.312 -226.562 429.688 882.812 -382.812 445.312 835.938 -585.938 164.062 812.500
234.375 -960.938 78.125 -109.375 -195.312 921.875 -226.562 414.062 875.000 -390.625 429.688 828.125 -617.188 140.625 812.500
257.812 -960.938 78.125 -117.188 -187.500 929.688 -234.375 421.875 882.812 -398.438 437.500 835.938 -609.375 148.438 820.312
257.812 -937.500 70.312 -132.812 -179.688 937.500 -250.000 429.688 890.625 -414.062 453.125 851.562 -640.625 156.250 843.750
273.438 -937.500 54.688 -132.812 -179.688 945.312 -257.812 437.500 898.438 -429.688 445.312 867.188 -632.812 148.438 843.750
250.000 -929.688 54.688 -140.625 -179.688 937.500 -257.812 453.125 898.438 -429.688 460.938 867.188 -656.250 148.438 867.188
250.000 -929.688 62.500 -132.812 -179.688 953.125 -250.000 445.312 906.250 -421.875 460.938 867.188 -656.250 156.250 859.375
257.812 -929.688 70.312 -132.812 -187.500 945.312 -257.812 437.500 906.250 -421.875 460.938 867.188 -640.625 156.250 859.375
265.625 -953.125 70.312 -148.438 -171.875 960.938 -257.812 453.125 898.438 -421.875 468.750 859.375 -640.625 179.688 859.375
234.375 -921.875 93.750 -226.562 -148.438 1031.250 -312.500 500.000 929.688 -460.938 539.062 882.812 -664.062 234.375 914.062
250.000 -968.750 93.750 -257.812 -187.500 1062.500 -335.938 523.438 937.500 -476.562 562.500 898.438 -679.688 242.188 937.500
210.938 -1039.062 140.625 -351.562 -242.188 1156.250 -375.000 500.000 976.562 -492.188 570.312 906.250 -695.312 257.812 960.938
148.438 -1078.125 210.938 -382.812 -218.750 1187.500 -406.250 500.000 1007.812 -523.438 539.062 929.688 -757.812 210.938 960.938
156.250 -1296.875 375.000 -296.875 -210.938 1140.625 -390.625 500.000 1031.250 -632.812 476.562 992.188 -906.250 187.500 960.938
195.312 -1187.500 398.438 -250.000 -218.750 1140.625 -382.812 453.125 1007.812 -640.625 453.125 976.562 -929.688 109.375 906.250
234.375 -1039.062 250.000 -242.188 -265.625 1078.125 -250.000 445.312 859.375 -640.625 484.375 875.000 -929.688 78.125 867.188
250.000 -976.562 156.250 -156.250 -195.312 1039.062 -156.250 476.562 789.062 -562.500 554.688 812.500 -875.000 156.250 859.375
320.312 -726.562 -101.562 -54.688 296.875 984.375 -476.562 632.812 804.688 -390.625 476.562 656.250 -453.125 445.312 695.312
367.188 -710.938 -132.812 -54.688 273.438 929.688 -460.938 789.062 765.625 -296.875 367.188 710.938 -367.188 367.188 632.812
382.812 -828.125 -156.250 78.125 265.625 859.375 -359.375 828.125 789.062 -414.062 406.250 820.312 -421.875 289.062 734.375
296.875 -851.562 -148.438 62.500 203.125 914.062 -437.500 812.500 765.625 -554.688 500.000 937.500 -484.375 210.938 859.375
546.875 -1031.250 -171.875 117.188 -39.062 851.562 -85.938 835.938 656.250 -406.250 492.188 984.375 -585.938 85.938 1046.875
226.562 -875.000 -242.188 226.562 -31.250 750.000 -195.312 750.000 742.188 -289.062 406.250 921.875 -515.625 15.625 937.500
351.562 -1023.438 -195.312 390.625 -234.375 687.500 23.438 445.312 703.125 -156.250 203.125 781.250 -359.375 -54.688 742.188
328.125 -1125.000 -210.938 523.438 -382.812 671.875 234.375 351.562 734.375 -15.625 156.250 898.438 -289.062 -281.250 695.312
437.500 -1320.312 -351.562 1039.062 -765.625 421.875 890.625 39.062 804.688 578.125 -70.312 703.125 390.625 -171.875 632.812
539.062 -937.500 -406.250 1000.000 -632.812 453.125 500.000 125.000 929.688 382.812 -140.625 835.938 132.812 -359.375 617.188
460.938 -812.500 -515.625 781.250 -500.000 562.500 398.438 171.875 828.125 156.250 -23.438 851.562 -101.562 -320.312 781.250
453.125 -750.000 -546.875 710.938 -406.250 578.125 312.500 234.375 820.312 93.750 -23.438 875.000 -179.688 -320.312 750.000
429.688 -625.000 -617.188 609.375 -250.000 578.125 132.812 453.125 828.125 -117.188 54.688 960.938 -375.000 -257.812 835.938
367.188 -539.062 -562.500 515.625 -171.875 671.875 7.812 507.812 859.375 -234.375 46.875 1023.438 -507.812 -312.500 890.625
429.688 -593.750 -656.250 601.562 -210.938 640.625 85.938 492.188 843.750 -148.438 62.500 1000.000 -421.875 -289.062 882.812
445.312 -562.500 -703.125 625.000 -250.000 632.812 164.062 453.125 859.375 -93.750 39.062 984.375 -375.000 -296.875 875.000
460.938 -531.250 -742.188 671.875 -312.500 625.000 140.625 406.250 906.250 -62.500 -15.625 1007.812 -351.562 -351.562 851.562
523.438 -515.625 -875.000 710.938 -359.375 648.438 125.000 406.250 984.375 -101.562 -101.562 1062.500 -398.438 -414.062 867.188
562.500 -445.312 -929.688 679.688 -367.188 710.938 46.875 429.688 1039.062 -117.188 -109.375 1101.562 -375.000 -406.250 867.188
609.375 -484.375 -960.938 656.250 -359.375 742.188 0.000 460.938 1062.500 -125.000 -85.938 1125.000 -367.188 -414.062 882.812
773.438 -398.438 -1117.188 570.312 -343.750 843.750 -156.250 578.125 1109.375 -171.875 -62.500 1210.938 -445.312 -367.188 953.125
789.062 -375.000 -1320.312 515.625 -242.188 851.562 -164.062 718.750 1164.062 -218.750 54.688 1289.062 -335.938 -257.812 937.500
679.688 -304.688 -1390.625 585.938 -273.438 750.000 125.000 734.375 1101.562 -414.062 62.500 1281.250 -281.250 -171.875 1007.812
570.312 -437.500 -1312.500 671.875 -257.812 703.125 164.062 757.812 1054.688 -335.938 226.562 1218.750 -328.125 -7.812 1046.875
359.375 -617.188 -1250.000 796.875 -328.125 703.125 132.812 625.000 906.250 -156.250 1109.375 1398.438 -125.000 234.375 1031.250
125.000 -929.688 -960.938 773.438 -304.688 531.250 437.500 500.000 625.000 195.312 117.188 890.625 -664.062 -218.750 1453.125
31.250 -1054.688 -742.188 601.562 -539.062 437.500 570.312 218.750 570.312 195.312 523.438 718.750 -210.938 320.312 1289.062
70.312 -1109.375 -554.688 515.625 -484.375 593.750 546.875 148.438 523.438 351.562 726.562 601.562 -148.438 164.062 1250.000
-109.375 -1148.438 -187.500 765.625 -203.125 312.500 750.000 554.688 835.938 414.062 179.688 820.312 -117.188 -171.875 1179.688
-78.125 -1406.250 -93.750 312.500 -1132.812 320.312 765.625 -906.250 -367.188 -203.125 1664.062 46.875 -437.500 859.375 1187.500
15.625 -1726.562 85.938 773.438 -453.125 468.750 1421.875 218.750 226.562 421.875 875.000 562.500 -187.500 93.750 1187.500
-7.812 -1546.875 226.562 578.125 -179.688 515.625 1273.438 257.812 78.125 601.562 906.250 453.125 -289.062 31.250 1234.375
-23.438 -1039.062 257.812 585.938 -101.562 460.938 585.938 460.938 421.875 757.812 320.312 546.875 -382.812 250.000 1125.000
539.062 -601.562 -164.062 851.562 -328.125 382.812 1070.312 203.125 359.375 718.750 632.812 507.812 -23.438 -7.812 578.125
843.750 -578.125 -359.375 625.000 -492.188 375.000 523.438 398.438 453.125 367.188 414.062 554.688 406.250 -437.500 359.375
679.688 -539.062 -46.875 382.812 -234.375 414.062 476.562 453.125 812.500 546.875 -179.688 695.312 273.438 -23.438 281.250
-171.875 468.750 171.875 734.375 -882.812 656.250 648.438 -429.688 937.500 531.250 -15.625 554.688 281.250 31.250 703.125
1257.812 -1265.625 -632.812 523.438 -171.875 554.688 523.438 -46.875 890.625 664.062 -273.438 617.188 429.688 -93.750 578.125
406.250 -664.062 -257.812 601.562 -812.500 546.875 648.438 -179.688 796.875 718.750 -85.938 695.312 585.938 23.438 679.688
492.188 -578.125 -328.125 625.000 -1046.875 531.250 820.312 -31.250 671.875 789.062 -15.625 679.688 531.250 -132.812 718.750
632.812 -742.188 -328.125 562.500 -656.250 593.750 750.000 -226.562 765.625 828.125 -148.438 515.625 585.938 -23.438 640.625
523.438 -640.625 -367.188 585.938 -601.562 562.500 781.250 -101.562 656.250 851.562 -15.625 507.812 625.000 31.250 671.875
609.375 -601.562 -515.625 492.188 -593.750 570.312 648.438 7.812 710.938 679.688 117.188 703.125 398.438 93.750 960.938
679.688 -585.938 -539.062 484.375 -593.750 578.125 562.500 46.875 796.875 562.500 148.438 859.375 273.438 62.500 1062.500
781.250 -554.688 -632.812 406.250 -664.062 609.375 414.062 78.125 914.062 390.625 156.250 1062.500 46.875 31.250 1273.438
867.188 -523.438 -718.750 414.062 -710.938 625.000 382.812 70.312 976.562 359.375 117.188 1125.000 -7.812 0.000 1320.312
718.750 -468.750 -703.125 429.688 -687.500 632.812 476.562 54.688 945.312 515.625 78.125 968.750 203.125 54.688 1125.000
679.688 -484.375 -687.500 429.688 -679.688 625.000 523.438 39.062 914.062 570.312 70.312 921.875 265.625 39.062 1093.750
570.312 -515.625 -625.000 453.125 -687.500 578.125 585.938 0.000 867.188 625.000 23.438 890.625 328.125 15.625 1070.312
578.125 -507.812 -671.875 476.562 -742.188 546.875 617.188 -62.500 859.375 648.438 -7.812 882.812 328.125 -54.688 1039.062
609.375 -539.062 -687.500 507.812 -843.750 515.625 601.562 -171.875 875.000 625.000 -117.188 875.000 296.875 -156.250 1023.438
609.375 -539.062 -703.125 507.812 -890.625 492.188 617.188 -226.562 867.188 640.625 -164.062 851.562 320.312 -187.500 976.562
617.188 -507.812 -742.188 515.625 -921.875 484.375 617.188 -289.062 859.375 640.625 -226.562 828.125 328.125 -242.188 953.125
617.188 -554.688 -726.562 507.812 -937.500 453.125 601.562 -296.875 867.188 632.812 -250.000 835.938 328.125 -257.812 945.312
640.625 -562.500 -734.375 406.250 -914.062 515.625 515.625 -250.000 914.062 570.312 -171.875 890.625 265.625 -179.688 1039.062
648.438 -570.312 -726.562 382.812 -898.438 531.250 484.375 -226.562 929.688 546.875 -164.062 921.875 250.000 -156.250 1046.875
640.625 -585.938 -718.750 359.375 -851.562 562.500 460.938 -179.688 937.500 531.250 -101.562 921.875 242.188 -101.562 1046.875
625.000 -593.750 -695.312 367.188 -789.062 578.125 500.000 -125.000 914.062 562.500 -54.688 898.438 281.250 -62.500 1039.062
617.188 -531.250 -625.000 476.562 -734.375 562.500 562.500 -78.125 875.000 601.562 -31.250 882.812 289.062 -31.250 1031.250
609.375 -507.812 -625.000 507.812 -710.938 554.688 578.125 -62.500 867.188 601.562 -7.812 882.812 296.875 -31.250 1039.062
617.188 -515.625 -601.562 531.250 -679.688 554.688 617.188 -31.250 828.125 632.812 15.625 843.750 335.938 -7.812 1023.438
570.312 -500.000 -578.125 546.875 -656.250 562.500 648.438 -31.250 796.875 664.062 31.250 804.688 367.188 0.000 984.375
632.812 -531.250 -562.500 562.500 -671.875 554.688 632.812 -54.688 781.250 648.438 39.062 789.062 351.562 7.812 976.562
664.062 -546.875 -562.500 531.250 -640.625 570.312 609.375 -15.625 796.875 601.562 54.688 796.875 328.125 23.438 960.938
656.250 -562.500 -523.438 476.562 -585.938 609.375 570.312 39.062 820.312 585.938 132.812 820.312 312.500 109.375 1015.625
656.250 -601.562 -515.625 445.312 -562.500 648.438 546.875 70.312 812.500 578.125 148.438 820.312 335.938 132.812 976.562
632.812 -679.688 -437.500 453.125 -554.688 679.688 578.125 70.312 804.688 625.000 156.250 765.625 382.812 156.250 937.500
632.812 -695.312 -421.875 468.750 -570.312 687.500 601.562 78.125 796.875 632.812 164.062 757.812 414.062 156.250 906.250
617.188 -750.000 -351.562 500.000 -554.688 671.875 625.000 70.312 789.062 656.250 156.250 726.562 445.312 156.250 875.000
578.125 -750.000 -304.688 531.250 -539.062 671.875 687.500 62.500 734.375 710.938 164.062 687.500 500.000 164.062 828.125
609.375 -757.812 -257.812 554.688 -468.750 687.500 695.312 125.000 703.125 726.562 218.750 648.438 531.250 203.125 812.500
625.000 -734.375 -250.000 570.312 -445.312 679.688 703.125 148.438 687.500 718.750 242.188 640.625 515.625 226.562 804.688
648.438 -703.125 -242.188 554.688 -367.188 679.688 679.688 210.938 687.500 687.500 296.875 656.250 500.000 273.438 843.750
679.688 -671.875 -226.562 539.062 -312.500 703.125 664.062 257.812 671.875 671.875 367.188 664.062 484.375 320.312 875.000
687.500 -671.875 -226.562 539.062 -281.250 703.125 656.250 273.438 679.688 671.875 375.000 664.062 476.562 335.938 867.188
695.312 -632.812 -218.750 570.312 -250.000 695.312 687.500 296.875 640.625 695.312 398.438 632.812 500.000 343.750 843.750
703.125 -640.625 -195.312 585.938 -234.375 664.062 710.938 281.250 601.562 718.750 390.625 593.750 531.250 335.938 835.938
640.625 -687.500 -132.812 578.125 -226.562 656.250 742.188 250.000 570.312 757.812 382.812 546.875 570.312 312.500 789.062
625.000 -695.312 -132.812 578.125 -242.188 648.438 757.812 242.188 554.688 773.438 375.000 523.438 585.938 296.875 781.250
695.312 -703.125 -187.500 656.250 -304.688 617.188 781.250 117.188 523.438 796.875 281.250 484.375 593.750 187.500 726.562
671.875 -796.875 -257.812 773.438 -453.125 640.625 695.312 31.250 546.875 750.000 234.375 484.375 546.875 164.062 710.938
734.375 -968.750 -343.750 257.812 -625.000 812.500 687.500 39.062 492.188 679.688 265.625 484.375 445.312 70.312 765.625
710.938 -1179.688 -398.438 218.750 -656.250 843.750 648.438 125.000 593.750 640.625 218.750 539.062 445.312 171.875 757.812
62.500 -1828.125 304.688 578.125 -976.562 640.625 765.625 -7.812 632.812 695.312 250.000 562.500 273.438 343.750 1007.812
585.938 -1648.438 85.938 460.938 -187.500 875.000 585.938 -390.625 1007.812 671.875 -453.125 476.562 500.000 -343.750 265.625
710.938 -695.312 -890.625 804.688 -23.438 523.438 929.688 -437.500 875.000 882.812 -578.125 328.125 718.750 -234.375 -39.062
1125.000 -179.688 -1453.125 960.938 -250.000 320.312 890.625 -195.312 617.188 906.250 -492.188 226.562 695.312 -140.625 -148.438
2281.250 507.812 -1601.562 1218.750 -304.688 101.562 640.625 226.562 328.125 796.875 -39.062 273.438 671.875 312.500 523.438
1046.875 429.688 -828.125 1312.500 -289.062 -85.938 750.000 351.562 695.312 640.625 320.312 828.125 -132.812 210.938 1140.625
562.500 117.188 -234.375 1320.312 -460.938 -187.500 656.250 398.438 695.312 -328.125 351.562 1375.000 -820.312 -367.188 1726.562
585.938 23.438 -31.250 1148.438 -289.062 78.125 304.688 484.375 968.750 -203.125 421.875 1664.062 -757.812 -429.688 1937.500
421.875 -242.188 250.000 398.438 -367.188 765.625 46.875 562.500 1210.938 -468.750 570.312 1476.562 -601.562 93.750 1632.812
23.438 -7.812 664.062 375.000 -367.188 820.312 -85.938 578.125 1085.938 -296.875 218.750 1351.562 -351.562 -54.688 1226.562
1054.688 -695.312 203.125 585.938 -531.250 687.500 632.812 351.562 781.250 500.000 359.375 828.125 -31.250 7.812 1023.438
1062.500 -656.250 250.000 828.125 -515.625 523.438 335.938 242.188 820.312 515.625 296.875 789.062 0.000 101.562 953.125
867.188 -140.625 62.500 921.875 -500.000 335.938 695.312 257.812 718.750 320.312 265.625 890.625 -93.750 -117.188 914.062
843.750 -70.312 70.312 875.000 -320.312 335.938 625.000 351.562 664.062 250.000 382.812 1000.000 -289.062 -156.250 1117.188
882.812 -156.250 70.312 757.812 -601.562 242.188 625.000 85.938 296.875 179.688 562.500 820.312 -265.625 -46.875 1140.625
859.375 -171.875 70.312 1000.000 -421.875 273.438 1023.438 406.250 617.188 210.938 492.188 906.250 -242.188 7.812 1085.938
898.438 -390.625 132.812 906.250 -375.000 390.625 656.250 398.438 671.875 242.188 492.188 875.000 -171.875 54.688 1039.062
984.375 -468.750 78.125 875.000 -296.875 382.812 609.375 445.312 695.312 203.125 453.125 906.250 -210.938 31.250 1007.812
929.688 -351.562 62.500 890.625 -281.250 367.188 625.000 468.750 679.688 132.812 507.812 906.250 -273.438 54.688 1039.062
937.500 -343.750 93.750 867.188 -281.250 375.000 609.375 460.938 671.875 132.812 500.000 890.625 -289.062 31.250 1015.625
929.688 -273.438 101.562 875.000 -265.625 359.375 617.188 460.938 648.438 171.875 500.000 898.438 -257.812 39.062 1039.062
898.438 -281.250 125.000 898.438 -328.125 343.750 671.875 421.875 640.625 203.125 515.625 875.000 -218.750 54.688 1015.625
953.125 -328.125 140.625 906.250 -328.125 359.375 671.875 406.250 640.625 242.188 468.750 859.375 -164.062 39.062 984.375
929.688 -296.875 140.625 906.250 -351.562 359.375 695.312 398.438 640.625 234.375 468.750 851.562 -156.250 39.062 992.188
921.875 -359.375 125.000 898.438 -335.938 351.562 671.875 398.438 632.812 242.188 460.938 851.562 -171.875 31.250 984.375
929.688 -312.500 140.625 882.812 -328.125 343.750 648.438 398.438 625.000 218.750 460.938 851.562 -195.312 31.250 992.188
890.625 -296.875 140.625 875.000 -335.938 351.562 656.250 398.438 632.812 226.562 460.938 843.750 -187.500 31.250 984.375
875.000 -296.875 148.438 859.375 -328.125 367.188 632.812 406.250 625.000 218.750 468.750 843.750 -179.688 46.875 984.375
859.375 -312.500 179.688 859.375 -304.688 359.375 632.812 421.875 632.812 210.938 500.000 843.750 -195.312 46.875 1007.812
835.938 -242.188 171.875 882.812 -281.250 312.500 664.062 421.875 609.375 210.938 492.188 851.562 -187.500 54.688 1007.812
781.250 -210.938 203.125 882.812 -265.625 296.875 679.688 414.062 585.938 242.188 492.188 843.750 -171.875 46.875 1015.625
750.000 -218.750 218.750 890.625 -265.625 281.250 695.312 414.062 578.125 257.812 492.188 851.562 -156.250 46.875 1015.625
640.625 -343.750 257.812 929.688 -242.188 203.125 742.188 406.250 593.750 304.688 445.312 875.000 -148.438 -7.812 1023.438
476.562 -359.375 398.438 960.938 -164.062 203.125 601.562 375.000 601.562 289.062 507.812 867.188 -171.875 -46.875 1007.812
773.438 -468.750 320.312 921.875 -281.250 226.562 750.000 351.562 625.000 203.125 390.625 890.625 -234.375 -78.125 992.188
632.812 -343.750 265.625 890.625 -335.938 257.812 656.250 320.312 640.625 218.750 375.000 898.438 -179.688 -15.625 1015.625
640.625 -210.938 101.562 789.062 -328.125 359.375 585.938 359.375 671.875 273.438 414.062 875.000 -125.000 39.062 1031.250
765.625 -414.062 -62.500 703.125 -367.188 492.188 570.312 343.750 664.062 265.625 445.312 820.312 -93.750 125.000 992.188
843.750 -523.438 -164.062 679.688 -367.188 523.438 531.250 335.938 671.875 257.812 414.062 812.500 -62.500 117.188 953.125
921.875 -554.688 -210.938 703.125 -375.000 515.625 554.688 304.688 664.062 265.625 398.438 804.688 -85.938 117.188 953.125
1007.812 -625.000 -226.562 757.812 -390.625 492.188 562.500 281.250 664.062 257.812 406.250 820.312 -93.750 109.375 960.938
820.312 -687.500 -156.250 789.062 -390.625 468.750 484.375 335.938 703.125 203.125 390.625 828.125 -93.750 85.938 945.312
773.438 -617.188 -132.812 718.750 -367.188 531.250 742.188 343.750 687.500 351.562 390.625 851.562 -85.938 54.688 953.125
820.312 -632.812 -109.375 695.312 -359.375 546.875 640.625 304.688 687.500 328.125 382.812 843.750 -93.750 54.688 953.125
835.938 -687.500 -148.438 710.938 -351.562 546.875 570.312 296.875 695.312 265.625 328.125 835.938 -31.250 101.562 937.500
835.938 -656.250 -250.000 765.625 -359.375 523.438 578.125 312.500 726.562 250.000 359.375 843.750 -109.375 101.562 929.688
898.438 -531.250 -304.688 656.250 -375.000 609.375 546.875 320.312 765.625 203.125 375.000 898.438 -195.312 62.500 968.750
937.500 -500.000 -320.312 640.625 -382.812 625.000 523.438 335.938 789.062 195.312 367.188 921.875 -203.125 46.875 992.188
914.062 -523.438 -328.125 687.500 -390.625 609.375 507.812 320.312 820.312 187.500 382.812 945.312 -195.312 62.500 1015.625
867.188 -601.562 -296.875 742.188 -398.438 531.250 539.062 312.500 789.062 195.312 375.000 929.688 -203.125 70.312 1000.000
804.688 -601.562 -289.062 726.562 -406.250 531.250 554.688 289.062 765.625 218.750 375.000 898.438 -187.500 54.688 992.188
796.875 -632.812 -273.438 718.750 -421.875 539.062 562.500 273.438 757.812 234.375 367.188 890.625 -171.875 46.875 984.375
718.750 -679.688 -242.188 703.125 -421.875 515.625 562.500 257.812 750.000 250.000 351.562 882.812 -132.812 54.688 976.562
648.438 -726.562 -210.938 726.562 -468.750 492.188 585.938 218.750 757.812 250.000 312.500 882.812 -140.625 31.250 968.750
601.562 -781.250 -242.188 687.500 -515.625 507.812 578.125 195.312 757.812 242.188 289.062 890.625 -148.438 7.812 960.938
609.375 -789.062 -273.438 648.438 -500.000 539.062 562.500 195.312 765.625 242.188 289.062 898.438 -156.250 7.812 960.938
664.062 -765.625 -304.688 507.812 -523.438 609.375 468.750 179.688 820.312 187.500 257.812 914.062 -195.312 7.812 945.312
687.500 -726.562 -343.750 468.750 -546.875 671.875 398.438 171.875 890.625 117.188 210.938 945.312 -210.938 -31.250 937.500
687.500 -789.062 -398.438 539.062 -601.562 648.438 421.875 171.875 929.688 140.625 218.750 1007.812 -265.625 -85.938 1015.625
687.500 -789.062 -398.438 539.062 -601.562 648.438 421.875 171.875 929.688 140.625 218.750 1007.812 -265.625 -85.938 1015.625
664.062 -742.188 -414.062 578.125 -632.812 625.000 445.312 156.250 937.500 125.000 234.375 1023.438 -296.875 -85.938 1031.250
664.062 -718.750 -406.250 593.750 -640.625 617.188 460.938 156.250 937.500 125.000 226.562 1031.250 -304.688 -109.375 1039.062
593.750 -773.438 -382.812 554.688 -632.812 601.562 453.125 132.812 929.688 132.812 203.125 1031.250 -296.875 -125.000 1023.438
570.312 -750.000 -398.438 546.875 -632.812 609.375 453.125 125.000 929.688 140.625 203.125 1031.250 -281.250 -125.000 1031.250
578.125 -750.000 -406.250 539.062 -640.625 609.375 460.938 125.000 929.688 148.438 187.500 1023.438 -281.250 -125.000 1015.625
601.562 -773.438 -414.062 539.062 -656.250 609.375 453.125 117.188 929.688 140.625 187.500 1015.625 -281.250 -125.000 1007.812
