804.688 -882.812 -132.812 742.188 -226.562 554.688 703.125 171.875 757.812 515.625 421.875 804.688 0.000 515.625 945.312
726.562 -640.625 -70.312 695.312 -265.625 625.000 609.375 125.000 804.688 523.438 468.750 796.875 -7.812 593.750 929.688
789.062 -476.562 -70.312 648.438 -226.562 617.188 625.000 164.062 812.500 507.812 429.688 796.875 0.000 593.750 914.062
1078.125 -484.375 -179.688 687.500 -289.062 695.312 632.812 203.125 687.500 484.375 476.562 703.125 31.250 484.375 812.500
1078.125 -484.375 -179.688 687.500 -289.062 695.312 632.812 203.125 687.500 484.375 476.562 703.125 31.250 484.375 812.500
859.375 -140.625 46.875 898.438 -718.750 718.750 617.188 85.938 632.812 539.062 398.438 695.312 85.938 546.875 796.875
937.500 -140.625 70.312 664.062 -734.375 578.125 718.750 78.125 734.375 445.312 523.438 656.250 31.250 640.625 851.562
750.000 -359.375 273.438 726.562 -523.438 468.750 593.750 109.375 562.500 414.062 460.938 687.500 -125.000 617.188 960.938
750.000 -359.375 273.438 726.562 -523.438 468.750 593.750 109.375 562.500 414.062 460.938 687.500 -125.000 617.188 960.938
812.500 -375.000 257.812 695.312 -562.500 242.188 218.750 218.750 632.812 343.750 296.875 882.812 -148.438 757.812 726.562
515.625 -328.125 468.750 703.125 -335.938 304.688 125.000 -382.812 937.500 679.688 867.188 773.438 -70.312 101.562 867.188
312.500 -148.438 250.000 101.562 39.062 656.250 -281.250 -62.500 1242.188 62.500 -312.500 960.938 -171.875 164.062 835.938
1117.188 -296.875 203.125 -7.812 -718.750 1039.062 171.875 492.188 1195.312 0.000 -7.812 1460.938 -125.000 265.625 1335.938
1117.188 -296.875 203.125 -7.812 -718.750 1039.062 171.875 492.188 1195.312 0.000 -7.812 1460.938 -125.000 265.625 1335.938
1210.938 -601.562 234.375 187.500 -796.875 992.188 218.750 523.438 1234.375 39.062 -7.812 1546.875 -359.375 335.938 1460.938
1218.750 -218.750 31.250 585.938 -937.500 695.312 554.688 -140.625 976.562 609.375 -250.000 804.688 312.500 125.000 812.500
1218.750 -218.750 31.250 585.938 -937.500 695.312 554.688 -140.625 976.562 609.375 -250.000 804.688 312.500 125.000 812.500
1039.062 39.062 39.062 765.625 -625.000 562.500 687.500 0.000 843.750 640.625 -125.000 820.312 187.500 171.875 968.750
1039.062 39.062 39.062 765.625 -625.000 562.500 687.500 0.000 843.750 640.625 -125.000 820.312 187.500 171.875 968.750
1039.062 39.062 39.062 765.625 -625.000 562.500 687.500 0.000 843.750 640.625 -125.000 820.312 187.500 171.875 968.750
945.312 -23.438 46.875 578.125 -546.875 554.688 507.812 46.875 796.875 515.625 -109.375 804.688 164.062 210.938 914.062
945.312 -23.438 46.875 578.125 -546.875 554.688 507.812 46.875 796.875 515.625 -109.375 804.688 164.062 210.938 914.062
937.500 -39.062 54.688 554.688 -554.688 562.500 500.000 54.688 804.688 515.625 -125.000 804.688 171.875 210.938 906.250
906.250 -93.750 62.500 468.750 -546.875 570.312 421.875 101.562 804.688 468.750 -101.562 812.500 164.062 226.562 890.625
867.188 -148.438 62.500 242.188 -484.375 640.625 187.500 234.375 859.375 281.250 -70.312 921.875 54.688 304.688 906.250
937.500 -273.438 62.500 -117.188 -414.062 789.062 -187.500 382.812 1054.688 -70.312 -23.438 1148.438 -265.625 367.188 992.188
1085.938 -328.125 156.250 140.625 -554.688 914.062 101.562 351.562 1164.062 187.500 -78.125 1242.188 -171.875 343.750 1031.250
1085.938 -328.125 156.250 140.625 -554.688 914.062 101.562 351.562 1164.062 187.500 -78.125 1242.188 -171.875 343.750 1031.250
1296.875 218.750 109.375 1242.188 -796.875 625.000 1328.125 273.438 1109.375 1218.750 -382.812 1078.125 570.312 265.625 1000.000
1296.875 218.750 109.375 1242.188 -796.875 625.000 1328.125 273.438 1109.375 1218.750 -382.812 1078.125 570.312 265.625 1000.000
984.375 414.062 148.438 1476.562 -671.875 437.500 234.375 507.812 445.312 968.750 -54.688 687.500 617.188 117.188 1015.625
562.500 546.875 437.500 2023.438 -429.688 109.375 906.250 -257.812 1984.375 109.375 -312.500 1242.188 546.875 429.688 1101.562
1843.750 687.500 -468.750 -460.938 226.562 351.562 773.438 -984.375 -953.125 -695.312 1835.938 484.375 -273.438 31.250 1117.188
1843.750 687.500 -468.750 -460.938 226.562 351.562 773.438 -984.375 -953.125 -695.312 1835.938 484.375 -273.438 31.250 1117.188
492.188 -1187.500 125.000 -203.125 46.875 531.250 1070.312 -562.500 -85.938 1000.000 265.625 -367.188 -507.812 1742.188 984.375
492.188 -1187.500 125.000 -203.125 46.875 531.250 1070.312 -562.500 -85.938 1000.000 265.625 -367.188 -507.812 1742.188 984.375
523.438 -976.562 335.938 -265.625 -695.312 867.188 1039.062 -289.062 -54.688 1148.438 507.812 39.062 289.062 835.938 656.250
593.750 -984.375 414.062 70.312 -531.250 843.750 1015.625 -304.688 85.938 1546.875 453.125 -156.250 320.312 390.625 460.938
523.438 -937.500 406.250 703.125 -375.000 531.250 1132.812 -273.438 117.188 960.938 257.812 -46.875 703.125 679.688 156.250
734.375 -750.000 320.312 781.250 -343.750 476.562 1171.875 -242.188 7.812 1148.438 351.562 39.062 640.625 546.875 406.250
859.375 -398.438 289.062 421.875 -593.750 734.375 1031.250 -406.250 62.500 1148.438 179.688 62.500 671.875 453.125 578.125
882.812 -390.625 242.188 460.938 -554.688 734.375 984.375 -484.375 101.562 1132.812 156.250 46.875 570.312 375.000 523.438
812.500 -671.875 328.125 648.438 -492.188 695.312 890.625 -460.938 312.500 765.625 250.000 429.688 601.562 421.875 500.000
781.250 -992.188 453.125 562.500 -507.812 773.438 875.000 -515.625 351.562 914.062 289.062 406.250 398.438 421.875 695.312
703.125 -914.062 328.125 640.625 -421.875 726.562 859.375 -437.500 335.938 757.812 320.312 421.875 398.438 468.750 687.500
703.125 -914.062 328.125 640.625 -421.875 726.562 859.375 -437.500 335.938 757.812 320.312 421.875 398.438 468.750 687.500
804.688 -601.562 234.375 945.312 -54.688 546.875 828.125 -109.375 484.375 843.750 617.188 460.938 382.812 515.625 781.250
867.188 -546.875 218.750 585.938 -421.875 757.812 937.500 -265.625 257.812 820.312 632.812 546.875 140.625 875.000 921.875
882.812 -453.125 171.875 726.562 -148.438 554.688 898.438 -101.562 390.625 437.500 554.688 632.812 265.625 625.000 992.188
921.875 -539.062 195.312 695.312 -242.188 625.000 945.312 -226.562 312.500 710.938 562.500 531.250 203.125 671.875 929.688
820.312 -585.938 218.750 773.438 -328.125 562.500 945.312 -265.625 234.375 789.062 468.750 453.125 406.250 539.062 789.062
796.875 -515.625 242.188 812.500 -351.562 546.875 1000.000 -296.875 195.312 851.562 421.875 398.438 507.812 484.375 718.750
906.250 -476.562 187.500 835.938 -343.750 500.000 1000.000 -296.875 156.250 820.312 414.062 414.062 468.750 453.125 750.000
828.125 -453.125 195.312 773.438 -375.000 531.250 945.312 -320.312 195.312 789.062 398.438 484.375 429.688 414.062 796.875
828.125 -453.125 195.312 773.438 -375.000 531.250 945.312 -320.312 195.312 789.062 398.438 484.375 429.688 414.062 796.875
828.125 -453.125 195.312 773.438 -375.000 531.250 945.312 -320.312 195.312 789.062 398.438 484.375 429.688 414.062 796.875
875.000 -523.438 187.500 664.062 -406.250 625.000 859.375 -351.562 320.312 695.312 421.875 585.938 398.438 414.062 828.125
890.625 -507.812 195.312 656.250 -398.438 632.812 867.188 -351.562 312.500 695.312 437.500 601.562 375.000 460.938 859.375
882.812 -453.125 179.688 679.688 -367.188 609.375 890.625 -343.750 289.062 734.375 453.125 585.938 335.938 460.938 898.438
820.312 -382.812 171.875 656.250 -312.500 585.938 875.000 -343.750 281.250 687.500 421.875 609.375 367.188 421.875 906.250
835.938 -335.938 195.312 601.562 -312.500 562.500 882.812 -382.812 257.812 703.125 351.562 570.312 406.250 421.875 890.625
820.312 -351.562 187.500 218.750 148.438 500.000 1085.938 -789.062 179.688 625.000 148.438 601.562 406.250 414.062 875.000
656.250 -320.312 281.250 906.250 -312.500 539.062 812.500 -250.000 468.750 539.062 312.500 648.438 445.312 515.625 789.062
656.250 -320.312 281.250 906.250 -312.500 539.062 812.500 -250.000 468.750 539.062 312.500 648.438 445.312 515.625 789.062
789.062 -484.375 203.125 367.188 -468.750 828.125 492.188 -390.625 656.250 304.688 398.438 843.750 125.000 601.562 1046.875
820.312 -421.875 171.875 312.500 -328.125 921.875 296.875 -578.125 726.562 296.875 359.375 828.125 70.312 632.812 1101.562
875.000 -343.750 117.188 429.688 -437.500 867.188 359.375 -671.875 601.562 523.438 250.000 640.625 210.938 585.938 992.188
742.188 -46.875 23.438 7.812 -437.500 257.812 921.875 -718.750 -593.750 851.562 31.250 -15.625 539.062 984.375 687.500
1101.562 -328.125 -31.250 750.000 -1148.438 93.750 2195.312 320.312 -898.438 2164.062 125.000 -726.562 726.562 531.250 539.062
851.562 -515.625 0.000 835.938 -421.875 375.000 1078.125 -593.750 -421.875 890.625 671.875 -187.500 632.812 406.250 703.125
851.562 -515.625 0.000 835.938 -421.875 375.000 1078.125 -593.750 -421.875 890.625 671.875 -187.500 632.812 406.250 703.125
851.562 -515.625 0.000 835.938 -421.875 375.000 1078.125 -593.750 -421.875 890.625 671.875 -187.500 632.812 406.250 703.125
851.562 -515.625 0.000 835.938 -421.875 375.000 1078.125 -593.750 -421.875 890.625 671.875 -187.500 632.812 406.250 703.125
843.750 -421.875 -23.438 757.812 -195.312 328.125 937.500 -179.688 -109.375 320.312 648.438 31.250 570.312 265.625 664.062
835.938 -453.125 -54.688 1000.000 -140.625 156.250 992.188 218.750 46.875 1390.625 -39.062 -70.312 898.438 437.500 328.125
867.188 -265.625 -23.438 898.438 -164.062 226.562 992.188 281.250 -23.438 1031.250 101.562 -7.812 945.312 453.125 273.438
773.438 -703.125 78.125 859.375 -453.125 265.625 968.750 -187.500 -109.375 976.562 62.500 -156.250 882.812 226.562 265.625
773.438 -703.125 78.125 859.375 -453.125 265.625 968.750 -187.500 -109.375 976.562 62.500 -156.250 882.812 226.562 265.625
773.438 -703.125 78.125 859.375 -453.125 265.625 968.750 -187.500 -109.375 976.562 62.500 -156.250 882.812 226.562 265.625
773.438 -703.125 78.125 859.375 -453.125 265.625 968.750 -187.500 -109.375 976.562 62.500 -156.250 882.812 226.562 265.625
835.938 -632.812 85.938 890.625 -406.250 218.750 921.875 -125.000 -85.938 890.625 117.188 -78.125 804.688 265.625 390.625
835.938 -632.812 85.938 890.625 -406.250 218.750 921.875 -125.000 -85.938 890.625 117.188 -78.125 804.688 265.625 390.625
820.312 -546.875 70.312 875.000 -406.250 234.375 984.375 -93.750 -101.562 968.750 203.125 -62.500 820.312 335.938 437.500
906.250 -500.000 15.625 929.688 -367.188 250.000 1007.812 -70.312 -93.750 976.562 203.125 -70.312 804.688 382.812 468.750
906.250 -500.000 15.625 929.688 -367.188 250.000 1007.812 -70.312 -93.750 976.562 203.125 -70.312 804.688 382.812 468.750
882.812 -492.188 31.250 898.438 -359.375 265.625 984.375 -93.750 -78.125 976.562 195.312 -70.312 828.125 351.562 437.500
859.375 -515.625 39.062 875.000 -367.188 289.062 1031.250 -101.562 -70.312 1000.000 179.688 -70.312 859.375 328.125 406.250
781.250 -593.750 85.938 890.625 -367.188 289.062 1007.812 -101.562 -54.688 984.375 187.500 -62.500 851.562 328.125 429.688
812.500 -617.188 62.500 882.812 -406.250 320.312 1031.250 -109.375 -23.438 1023.438 203.125 -23.438 859.375 367.188 468.750
867.188 -617.188 46.875 835.938 -421.875 382.812 1007.812 -132.812 78.125 976.562 164.062 70.312 812.500 328.125 500.000
867.188 -617.188 46.875 835.938 -421.875 382.812 1007.812 -132.812 78.125 976.562 164.062 70.312 812.500 328.125 500.000
851.562 -671.875 46.875 804.688 -476.562 398.438 1023.438 -125.000 101.562 1007.812 210.938 93.750 789.062 382.812 585.938
812.500 -695.312 54.688 828.125 -476.562 406.250 1023.438 -140.625 93.750 1023.438 195.312 78.125 820.312 382.812 570.312
812.500 -687.500 54.688 843.750 -468.750 398.438 1031.250 -132.812 101.562 1039.062 187.500 85.938 835.938 382.812 554.688
804.688 -671.875 39.062 765.625 -898.438 78.125 -468.750 507.812 46.875 1070.312 421.875 -93.750 898.438 375.000 554.688
867.188 -718.750 70.312 828.125 -546.875 406.250 1093.750 -148.438 23.438 1007.812 132.812 54.688 960.938 273.438 382.812
867.188 -718.750 70.312 828.125 -546.875 406.250 1093.750 -148.438 23.438 1007.812 132.812 54.688 960.938 273.438 382.812
750.000 -710.938 148.438 820.312 -398.438 445.312 992.188 -39.062 117.188 960.938 289.062 62.500 734.375 484.375 546.875
750.000 -710.938 148.438 820.312 -398.438 445.312 992.188 -39.062 117.188 960.938 289.062 62.500 734.375 484.375 546.875
750.000 -710.938 148.438 820.312 -398.438 445.312 992.188 -39.062 117.188 960.938 289.062 62.500 734.375 484.375 546.875
789.062 -609.375 140.625 789.062 -367.188 460.938 992.188 0.000 125.000 945.312 320.312 70.312 765.625 500.000 476.562
789.062 -609.375 140.625 789.062 -367.188 460.938 992.188 0.000 125.000 945.312 320.312 70.312 765.625 500.000 476.562
742.188 -601.562 179.688 789.062 -320.312 468.750 1000.000 15.625 117.188 960.938 335.938 62.500 757.812 500.000 468.750
781.250 -656.250 187.500 875.000 -265.625 421.875 1039.062 70.312 46.875 960.938 359.375 7.812 773.438 507.812 414.062
757.812 -625.000 210.938 859.375 -250.000 429.688 1007.812 54.688 54.688 937.500 328.125 -15.625 773.438 500.000 375.000
742.188 -601.562 265.625 859.375 -281.250 445.312 992.188 54.688 54.688 937.500 343.750 -15.625 757.812 507.812 375.000
742.188 -601.562 265.625 859.375 -281.250 445.312 992.188 54.688 54.688 937.500 343.750 -15.625 757.812 507.812 375.000
726.562 -632.812 289.062 828.125 -265.625 460.938 1000.000 78.125 78.125 921.875 382.812 7.812 765.625 523.438 375.000
726.562 -632.812 289.062 828.125 -265.625 460.938 1000.000 78.125 78.125 921.875 382.812 7.812 765.625 523.438 375.000
703.125 -632.812 304.688 789.062 -234.375 500.000 968.750 101.562 109.375 898.438 398.438 15.625 734.375 554.688 375.000
703.125 -601.562 312.500 757.812 -250.000 507.812 976.562 101.562 132.812 875.000 414.062 39.062 734.375 562.500 375.000
726.562 -632.812 304.688 789.062 -210.938 515.625 968.750 125.000 117.188 906.250 429.688 15.625 734.375 570.312 351.562
726.562 -625.000 312.500 789.062 -156.250 492.188 1000.000 171.875 62.500 890.625 460.938 -46.875 742.188 601.562 304.688
671.875 -593.750 351.562 812.500 -140.625 484.375 1023.438 179.688 31.250 914.062 476.562 -70.312 773.438 609.375 281.250
648.438 -562.500 375.000 859.375 -85.938 429.688 1070.312 203.125 -70.312 890.625 484.375 -148.438 804.688 593.750 203.125
562.500 -515.625 453.125 890.625 -46.875 375.000 1078.125 296.875 -54.688 867.188 429.688 -109.375 781.250 523.438 164.062
562.500 -515.625 453.125 890.625 -46.875 375.000 1078.125 296.875 -54.688 867.188 429.688 -109.375 781.250 523.438 164.062
562.500 -515.625 453.125 890.625 -46.875 375.000 1078.125 296.875 -54.688 867.188 429.688 -109.375 781.250 523.438 164.062
578.125 -500.000 476.562 851.562 -31.250 476.562 882.812 312.500 179.688 765.625 320.312 31.250 703.125 460.938 195.312
578.125 -492.188 500.000 828.125 -93.750 500.000 843.750 273.438 203.125 828.125 406.250 93.750 679.688 492.188 226.562
523.438 -609.375 515.625 828.125 -54.688 554.688 921.875 312.500 242.188 765.625 429.688 148.438 632.812 546.875 281.250
500.000 -648.438 507.812 843.750 -78.125 546.875 921.875 304.688 226.562 781.250 476.562 117.188 648.438 625.000 304.688
414.062 -726.562 515.625 851.562 -117.188 546.875 968.750 242.188 171.875 820.312 632.812 62.500 671.875 804.688 343.750
414.062 -773.438 507.812 859.375 -93.750 546.875 1000.000 265.625 148.438 828.125 679.688 31.250 664.062 835.938 375.000
484.375 -828.125 375.000 867.188 -46.875 515.625 1007.812 414.062 109.375 914.062 750.000 -39.062 671.875 843.750 343.750
726.562 -765.625 203.125 859.375 -39.062 546.875 984.375 375.000 132.812 781.250 742.188 -39.062 625.000 867.188 312.500
726.562 -765.625 203.125 859.375 -39.062 546.875 984.375 375.000 132.812 781.250 742.188 -39.062 625.000 867.188 312.500
812.500 -710.938 164.062 859.375 -23.438 539.062 984.375 351.562 164.062 843.750 687.500 15.625 609.375 820.312 312.500
960.938 -515.625 54.688 812.500 -148.438 546.875 890.625 265.625 335.938 796.875 593.750 171.875 601.562 804.688 390.625
960.938 -500.000 46.875 789.062 -171.875 546.875 898.438 242.188 359.375 820.312 585.938 210.938 593.750 812.500 421.875
914.062 -476.562 39.062 781.250 -218.750 562.500 921.875 203.125 359.375 843.750 593.750 210.938 601.562 820.312 437.500
734.375 -648.438 62.500 750.000 -273.438 562.500 937.500 125.000 328.125 882.812 515.625 148.438 656.250 757.812 375.000
734.375 -648.438 62.500 750.000 -273.438 562.500 937.500 125.000 328.125 882.812 515.625 148.438 656.250 757.812 375.000
742.188 -695.312 70.312 734.375 -265.625 562.500 929.688 109.375 320.312 898.438 453.125 148.438 664.062 757.812 367.188
812.500 -734.375 -7.812 750.000 -367.188 562.500 937.500 62.500 343.750 867.188 429.688 195.312 664.062 679.688 359.375
812.500 -734.375 -7.812 750.000 -367.188 562.500 937.500 62.500 343.750 867.188 429.688 195.312 664.062 679.688 359.375
851.562 -703.125 -62.500 703.125 -453.125 593.750 921.875 -23.438 414.062 882.812 390.625 273.438 640.625 656.250 437.500
851.562 -687.500 -78.125 710.938 -460.938 593.750 921.875 -31.250 414.062 890.625 375.000 281.250 648.438 648.438 453.125
835.938 -671.875 -85.938 710.938 -453.125 578.125 914.062 -15.625 406.250 882.812 375.000 312.500 648.438 617.188 460.938
828.125 -671.875 -101.562 703.125 -445.312 570.312 914.062 -23.438 414.062 921.875 343.750 312.500 671.875 625.000 460.938
750.000 -664.062 -101.562 710.938 -445.312 546.875 921.875 -39.062 390.625 898.438 335.938 281.250 695.312 578.125 460.938
742.188 -664.062 -109.375 703.125 -429.688 546.875 921.875 -39.062 398.438 882.812 328.125 289.062 695.312 539.062 453.125
773.438 -648.438 -140.625 695.312 -476.562 546.875 906.250 -70.312 414.062 890.625 312.500 328.125 679.688 546.875 484.375
765.625 -671.875 -140.625 710.938 -484.375 539.062 921.875 -85.938 421.875 882.812 289.062 343.750 687.500 515.625 500.000
765.625 -671.875 -140.625 710.938 -484.375 539.062 921.875 -85.938 421.875 882.812 289.062 343.750 687.500 515.625 500.000
765.625 -671.875 -140.625 710.938 -484.375 539.062 921.875 -85.938 421.875 882.812 289.062 343.750 687.500 515.625 500.000
757.812 -710.938 -156.250 687.500 -515.625 546.875 921.875 -93.750 429.688 906.250 281.250 351.562 695.312 523.438 500.000
757.812 -726.562 -148.438 695.312 -515.625 554.688 914.062 -93.750 421.875 906.250 265.625 343.750 703.125 515.625 500.000
742.188 -718.750 -156.250 687.500 -500.000 554.688 890.625 -101.562 460.938 914.062 257.812 375.000 703.125 523.438 515.625
742.188 -718.750 -156.250 687.500 -500.000 554.688 890.625 -101.562 460.938 914.062 257.812 375.000 703.125 523.438 515.625
757.812 -726.562 -164.062 687.500 -507.812 562.500 898.438 -101.562 468.750 906.250 257.812 382.812 695.312 507.812 523.438
757.812 -734.375 -148.438 687.500 -500.000 562.500 906.250 -85.938 476.562 898.438 257.812 382.812 703.125 507.812 531.250
718.750 -718.750 -140.625 687.500 -484.375 539.062 906.250 -78.125 437.500 906.250 289.062 359.375 695.312 531.250 562.500
718.750 -718.750 -140.625 687.500 -484.375 539.062 906.250 -78.125 437.500 906.250 289.062 359.375 695.312 531.250 562.500
718.750 -718.750 -140.625 687.500 -484.375 539.062 906.250 -78.125 437.500 906.250 289.062 359.375 695.312 531.250 562.500
695.312 -703.125 -132.812 687.500 -468.750 539.062 906.250 -85.938 437.500 914.062 296.875 351.562 703.125 523.438 531.250
703.125 -687.500 -164.062 687.500 -453.125 539.062 906.250 -78.125 429.688 921.875 281.250 328.125 703.125 531.250 515.625
718.750 -687.500 -164.062 703.125 -484.375 539.062 929.688 -93.750 429.688 929.688 273.438 343.750 718.750 523.438 531.250
734.375 -695.312 -171.875 695.312 -507.812 546.875 914.062 -109.375 429.688 921.875 257.812 335.938 710.938 484.375 523.438
703.125 -710.938 -179.688 679.688 -515.625 546.875 906.250 -140.625 445.312 937.500 210.938 351.562 734.375 460.938 515.625
726.562 -757.812 -187.500 671.875 -546.875 554.688 867.188 -148.438 492.188 898.438 195.312 406.250 695.312 460.938 539.062
726.562 -750.000 -179.688 664.062 -531.250 562.500 835.938 -132.812 539.062 875.000 179.688 445.312 687.500 437.500 570.312
726.562 -750.000 -179.688 664.062 -531.250 562.500 835.938 -132.812 539.062 875.000 179.688 445.312 687.500 437.500 570.312
718.750 -750.000 -179.688 656.250 -523.438 570.312 835.938 -125.000 539.062 875.000 187.500 460.938 679.688 445.312 585.938
726.562 -726.562 -179.688 648.438 -523.438 578.125 843.750 -125.000 531.250 882.812 218.750 453.125 671.875 468.750 609.375
710.938 -734.375 -187.500 656.250 -515.625 570.312 843.750 -117.188 523.438 882.812 226.562 437.500 671.875 476.562 609.375
648.438 -734.375 -156.250 656.250 -476.562 554.688 843.750 -109.375 515.625 890.625 234.375 445.312 679.688 476.562 609.375
