320.312 -968.750 -101.562 70.312 -390.625 898.438 343.750 15.625 953.125 382.812 414.062 859.375 179.688 656.250 765.625
312.500 -984.375 -101.562 54.688 -398.438 914.062 335.938 23.438 953.125 367.188 421.875 859.375 187.500 664.062 773.438
312.500 -984.375 -101.562 54.688 -398.438 914.062 335.938 23.438 953.125 367.188 421.875 859.375 187.500 664.062 773.438
320.312 -976.562 -101.562 46.875 -390.625 914.062 328.125 39.062 953.125 367.188 414.062 859.375 187.500 656.250 773.438
320.312 -992.188 -101.562 39.062 -382.812 921.875 328.125 31.250 953.125 375.000 421.875 859.375 179.688 664.062 773.438
312.500 -1000.000 -93.750 31.250 -382.812 921.875 320.312 31.250 968.750 359.375 414.062 859.375 179.688 671.875 765.625
328.125 -1000.000 -85.938 39.062 -382.812 921.875 328.125 31.250 960.938 351.562 414.062 867.188 187.500 656.250 757.812
320.312 -1000.000 -78.125 54.688 -382.812 914.062 328.125 39.062 960.938 351.562 414.062 875.000 179.688 656.250 757.812
335.938 -992.188 -85.938 15.625 -375.000 945.312 312.500 46.875 984.375 343.750 437.500 867.188 171.875 671.875 765.625
335.938 -992.188 -85.938 15.625 -375.000 945.312 312.500 46.875 984.375 343.750 437.500 867.188 171.875 671.875 765.625
406.250 -1054.688 -140.625 46.875 -328.125 937.500 312.500 93.750 968.750 343.750 445.312 851.562 156.250 671.875 742.188
406.250 -1054.688 -140.625 46.875 -328.125 937.500 312.500 93.750 968.750 343.750 445.312 851.562 156.250 671.875 742.188
421.875 -1078.125 -140.625 0.000 -335.938 1000.000 265.625 85.938 1039.062 406.250 429.688 835.938 156.250 703.125 726.562
476.562 -1156.250 -164.062 -7.812 -320.312 1015.625 257.812 117.188 1031.250 367.188 492.188 812.500 179.688 742.188 695.312
570.312 -1156.250 -218.750 -31.250 -312.500 1039.062 281.250 132.812 1023.438 351.562 515.625 835.938 210.938 820.312 625.000
570.312 -1156.250 -218.750 -31.250 -312.500 1039.062 281.250 132.812 1023.438 351.562 515.625 835.938 210.938 820.312 625.000
570.312 -1156.250 -218.750 -31.250 -312.500 1039.062 281.250 132.812 1023.438 351.562 515.625 835.938 210.938 820.312 625.000
312.500 -1132.812 -23.438 -15.625 -320.312 1023.438 281.250 179.688 1054.688 179.688 468.750 914.062 85.938 789.062 671.875
312.500 -1132.812 -23.438 -15.625 -320.312 1023.438 281.250 179.688 1054.688 179.688 468.750 914.062 85.938 789.062 671.875
437.500 -1289.062 -15.625 54.688 -343.750 976.562 328.125 234.375 960.938 140.625 546.875 875.000 23.438 773.438 726.562
359.375 -1265.625 0.000 70.312 -273.438 937.500 398.438 281.250 953.125 257.812 570.312 929.688 -7.812 765.625 656.250
593.750 -1140.625 -125.000 117.188 -218.750 914.062 375.000 390.625 929.688 265.625 695.312 789.062 -46.875 695.312 382.812
500.000 -968.750 7.812 -39.062 -187.500 992.188 281.250 335.938 945.312 -226.562 437.500 359.375 -867.188 265.625 -179.688
468.750 -1023.438 78.125 -39.062 -195.312 921.875 242.188 375.000 898.438 -7.812 820.312 468.750 -1390.625 789.062 1132.812
273.438 -1429.688 406.250 93.750 -421.875 804.688 343.750 0.000 734.375 257.812 1218.750 789.062 -929.688 1210.938 1554.688
-101.562 -1093.750 492.188 23.438 -632.812 773.438 117.188 117.188 859.375 187.500 671.875 945.312 -507.812 328.125 851.562
-101.562 -1093.750 492.188 23.438 -632.812 773.438 117.188 117.188 859.375 187.500 671.875 945.312 -507.812 328.125 851.562
-101.562 -1093.750 492.188 23.438 -632.812 773.438 117.188 117.188 859.375 187.500 671.875 945.312 -507.812 328.125 851.562
70.312 -710.938 453.125 117.188 -554.688 875.000 -515.625 414.062 1328.125 -546.875 164.062 1421.875 -539.062 460.938 992.188
1000.000 46.875 -7.812 257.812 -609.375 945.312 195.312 85.938 1078.125 -382.812 468.750 984.375 -562.500 203.125 765.625
726.562 -343.750 281.250 312.500 -46.875 820.312 289.062 0.000 960.938 -226.562 437.500 929.688 -617.188 304.688 875.000
710.938 -343.750 257.812 312.500 117.188 750.000 421.875 62.500 968.750 -203.125 382.812 953.125 -500.000 382.812 906.250
609.375 -625.000 367.188 78.125 -281.250 898.438 289.062 -109.375 851.562 70.312 507.812 734.375 -265.625 335.938 835.938
664.062 -609.375 343.750 70.312 -359.375 960.938 257.812 -273.438 882.812 31.250 289.062 718.750 23.438 320.312 679.688
664.062 -609.375 343.750 70.312 -359.375 960.938 257.812 -273.438 882.812 31.250 289.062 718.750 23.438 320.312 679.688
773.438 -460.938 281.250 304.688 -351.562 875.000 429.688 -273.438 835.938 132.812 296.875 843.750 -85.938 218.750 804.688
773.438 -460.938 281.250 304.688 -351.562 875.000 429.688 -273.438 835.938 132.812 296.875 843.750 -85.938 218.750 804.688
789.062 -242.188 289.062 507.812 -304.688 765.625 562.500 -218.750 750.000 210.938 304.688 851.562 -148.438 203.125 875.000
781.250 -156.250 281.250 570.312 -265.625 726.562 617.188 -179.688 742.188 257.812 328.125 867.188 -140.625 226.562 921.875
828.125 -140.625 320.312 601.562 -289.062 765.625 664.062 -242.188 726.562 375.000 250.000 835.938 7.812 203.125 875.000
851.562 -195.312 289.062 468.750 -242.188 804.688 546.875 -195.312 828.125 218.750 289.062 937.500 -85.938 250.000 937.500
851.562 -195.312 289.062 468.750 -242.188 804.688 546.875 -195.312 828.125 218.750 289.062 937.500 -85.938 250.000 937.500
804.688 -335.938 304.688 250.000 -218.750 835.938 179.688 -31.250 914.062 242.188 445.312 914.062 -164.062 398.438 984.375
695.312 -398.438 351.562 78.125 -31.250 898.438 109.375 39.062 1062.500 -156.250 515.625 1031.250 -257.812 515.625 1023.438
398.438 -492.188 562.500 -85.938 23.438 1156.250 -46.875 54.688 1414.062 -390.625 328.125 1312.500 -367.188 414.062 1085.938
398.438 -492.188 562.500 -85.938 23.438 1156.250 -46.875 54.688 1414.062 -390.625 328.125 1312.500 -367.188 414.062 1085.938
-93.750 -398.438 789.062 -445.312 -187.500 1351.562 93.750 171.875 1718.750 -445.312 -250.000 1695.312 -453.125 398.438 1218.750
656.250 937.500 320.312 625.000 -562.500 523.438 148.438 -1015.625 250.000 70.312 -148.438 859.375 140.625 179.688 796.875
656.250 937.500 320.312 625.000 -562.500 523.438 148.438 -1015.625 250.000 70.312 -148.438 859.375 140.625 179.688 796.875
1531.250 718.750 109.375 1414.062 -2515.625 -445.312 1359.375 -296.875 -1046.875 1398.438 148.438 -156.250 656.250 562.500 1023.438
1789.062 7.812 -125.000 1242.188 -1476.562 -726.562 1671.875 93.750 -468.750 1835.938 820.312 187.500 -171.875 54.688 851.562
1523.438 -406.250 -210.938 1015.625 85.938 -781.250 1109.375 273.438 171.875 1156.250 796.875 242.188 -359.375 164.062 1085.938
1273.438 -1406.250 -273.438 1312.500 765.625 23.438 835.938 218.750 -39.062 562.500 171.875 273.438 257.812 1234.375 687.500
710.938 -1226.562 62.500 351.562 -109.375 734.375 984.375 148.438 125.000 773.438 367.188 54.688 500.000 835.938 367.188
710.938 -1226.562 62.500 351.562 -109.375 734.375 984.375 148.438 125.000 773.438 367.188 54.688 500.000 835.938 367.188
710.938 -1226.562 62.500 351.562 -109.375 734.375 984.375 148.438 125.000 773.438 367.188 54.688 500.000 835.938 367.188
703.125 -476.562 93.750 1054.688 -281.250 -15.625 -351.562 664.062 -70.312 828.125 546.875 78.125 484.375 265.625 750.000
992.188 -304.688 117.188 1023.438 -312.500 85.938 1132.812 31.250 -218.750 1140.625 312.500 54.688 593.750 421.875 546.875
992.188 -304.688 117.188 1023.438 -312.500 85.938 1132.812 31.250 -218.750 1140.625 312.500 54.688 593.750 421.875 546.875
859.375 -476.562 203.125 734.375 -398.438 406.250 859.375 -140.625 203.125 757.812 257.812 273.438 476.562 421.875 625.000
859.375 -476.562 203.125 734.375 -398.438 406.250 859.375 -140.625 203.125 757.812 257.812 273.438 476.562 421.875 625.000
664.062 -726.562 273.438 773.438 -382.812 398.438 906.250 -62.500 187.500 867.188 390.625 296.875 343.750 421.875 750.000
492.188 -640.625 296.875 734.375 -359.375 390.625 937.500 -46.875 171.875 859.375 398.438 281.250 429.688 500.000 734.375
492.188 -640.625 296.875 734.375 -359.375 390.625 937.500 -46.875 171.875 859.375 398.438 281.250 429.688 500.000 734.375
460.938 -640.625 273.438 835.938 -312.500 312.500 1000.000 31.250 109.375 921.875 390.625 234.375 476.562 484.375 718.750
460.938 -640.625 273.438 835.938 -312.500 312.500 1000.000 31.250 109.375 921.875 390.625 234.375 476.562 484.375 718.750
500.000 -421.875 242.188 882.812 -351.562 296.875 1078.125 -23.438 78.125 953.125 304.688 242.188 546.875 445.312 679.688
734.375 -703.125 31.250 914.062 -492.188 304.688 1242.188 -125.000 -7.812 1000.000 281.250 242.188 429.688 421.875 703.125
937.500 -726.562 -109.375 882.812 -476.562 335.938 1265.625 -109.375 -39.062 1031.250 226.562 148.438 515.625 343.750 585.938
828.125 -1078.125 -187.500 1023.438 -359.375 218.750 1156.250 -109.375 -78.125 1054.688 156.250 0.000 554.688 406.250 421.875
867.188 -1023.438 -257.812 1023.438 -132.812 164.062 976.562 -23.438 -78.125 929.688 265.625 0.000 390.625 281.250 476.562
945.312 -1093.750 -375.000 953.125 46.875 156.250 828.125 54.688 -46.875 851.562 351.562 7.812 351.562 312.500 492.188
945.312 -1093.750 -375.000 953.125 46.875 156.250 828.125 54.688 -46.875 851.562 351.562 7.812 351.562 312.500 492.188
1367.188 -203.125 -656.250 242.188 54.688 -54.688 117.188 101.562 -195.312 445.312 335.938 39.062 -70.312 976.562 718.750
1367.188 -203.125 -656.250 242.188 54.688 -54.688 117.188 101.562 -195.312 445.312 335.938 39.062 -70.312 976.562 718.750
1210.938 484.375 -492.188 250.000 -867.188 203.125 -257.812 -31.250 531.250 562.500 -54.688 414.062 234.375 429.688 984.375
953.125 609.375 -273.438 -554.688 -1562.500 914.062 -210.938 195.312 867.188 -421.875 343.750 1117.188 164.062 484.375 1367.188
843.750 914.062 31.250 187.500 -265.625 2695.312 734.375 -1140.625 2578.125 359.375 -601.562 2132.812 335.938 132.812 1421.875
406.250 250.000 -195.312 1507.812 -203.125 1460.938 1007.812 -757.812 1476.562 1390.625 -734.375 1117.188 992.188 46.875 953.125
1562.500 265.625 -476.562 1664.062 -773.438 695.312 1609.375 -429.688 500.000 1414.062 -132.812 546.875 929.688 140.625 742.188
1789.062 523.438 -351.562 906.250 -835.938 679.688 1093.750 -585.938 437.500 1148.438 -7.812 570.312 601.562 101.562 953.125
1789.062 523.438 -351.562 906.250 -835.938 679.688 1093.750 -585.938 437.500 1148.438 -7.812 570.312 601.562 101.562 953.125
765.625 -93.750 -195.312 359.375 -226.562 906.250 281.250 -210.938 1078.125 31.250 -7.812 1195.312 15.625 195.312 1023.438
1000.000 234.375 -195.312 203.125 -281.250 765.625 250.000 -132.812 804.688 140.625 281.250 882.812 -117.188 359.375 953.125
695.312 -15.625 -31.250 210.938 -7.812 820.312 296.875 23.438 890.625 257.812 406.250 937.500 39.062 515.625 992.188
695.312 -15.625 -31.250 210.938 -7.812 820.312 296.875 23.438 890.625 257.812 406.250 937.500 39.062 515.625 992.188
796.875 15.625 -78.125 85.938 -93.750 859.375 140.625 -15.625 953.125 93.750 359.375 992.188 -78.125 460.938 984.375
843.750 -31.250 -85.938 0.000 -78.125 867.188 78.125 -54.688 992.188 54.688 320.312 1000.000 -101.562 445.312 976.562
914.062 -93.750 -101.562 70.312 -187.500 906.250 156.250 -93.750 960.938 148.438 281.250 984.375 7.812 406.250 968.750
1093.750 -148.438 -156.250 398.438 -390.625 906.250 359.375 -78.125 960.938 492.188 140.625 984.375 335.938 390.625 914.062
1093.750 -148.438 -156.250 398.438 -390.625 906.250 359.375 -78.125 960.938 492.188 140.625 984.375 335.938 390.625 914.062
1093.750 -148.438 -156.250 398.438 -390.625 906.250 359.375 -78.125 960.938 492.188 140.625 984.375 335.938 390.625 914.062
1132.812 54.688 -195.312 765.625 -226.562 1046.875 -273.438 -210.938 1070.312 375.000 109.375 1046.875 265.625 343.750 1000.000
1187.500 476.562 -46.875 984.375 -70.312 1031.250 765.625 132.812 1101.562 570.312 -257.812 1156.250 312.500 312.500 937.500
1109.375 367.188 -265.625 882.812 -210.938 843.750 890.625 -398.438 421.875 85.938 625.000 742.188 242.188 335.938 1078.125
1171.875 304.688 -312.500 843.750 -484.375 828.125 953.125 273.438 171.875 -125.000 1078.125 664.062 0.000 398.438 1187.500
1328.125 476.562 -335.938 789.062 -773.438 859.375 1250.000 -93.750 -179.688 929.688 1093.750 -304.688 835.938 390.625 835.938
1281.250 453.125 -195.312 148.438 -1031.250 757.812 1312.500 -85.938 -195.312 1750.000 953.125 -140.625 953.125 203.125 820.312
1039.062 -93.750 -281.250 914.062 -265.625 468.750 1023.438 257.812 -85.938 539.062 367.188 -148.438 562.500 710.938 593.750
1039.062 -93.750 -281.250 914.062 -265.625 468.750 1023.438 257.812 -85.938 539.062 367.188 -148.438 562.500 710.938 593.750
1101.562 62.500 -312.500 789.062 -234.375 554.688 1039.062 257.812 -179.688 914.062 335.938 -203.125 523.438 710.938 648.438
968.750 265.625 -257.812 507.812 -375.000 429.688 1273.438 109.375 -398.438 1320.312 343.750 -242.188 320.312 593.750 851.562
968.750 265.625 -257.812 507.812 -375.000 429.688 1273.438 109.375 -398.438 1320.312 343.750 -242.188 320.312 593.750 851.562
882.812 -125.000 -125.000 726.562 -398.438 179.688 1054.688 -375.000 23.438 812.500 101.562 171.875 562.500 515.625 445.312
492.188 -882.812 367.188 664.062 -679.688 468.750 1039.062 -460.938 -78.125 937.500 0.000 70.312 687.500 203.125 414.062
375.000 -875.000 460.938 664.062 -609.375 539.062 921.875 -562.500 -31.250 1000.000 -78.125 93.750 718.750 179.688 328.125
648.438 -835.938 414.062 656.250 -210.938 546.875 875.000 -406.250 101.562 929.688 148.438 7.812 898.438 398.438 234.375
679.688 -718.750 328.125 695.312 -179.688 515.625 898.438 -234.375 109.375 812.500 273.438 93.750 843.750 468.750 273.438
679.688 -718.750 328.125 695.312 -179.688 515.625 898.438 -234.375 109.375 812.500 273.438 93.750 843.750 468.750 273.438
781.250 -359.375 320.312 765.625 -39.062 460.938 945.312 -101.562 109.375 812.500 453.125 125.000 703.125 585.938 429.688
757.812 -210.938 281.250 898.438 46.875 375.000 984.375 -39.062 125.000 804.688 500.000 171.875 625.000 625.000 539.062
960.938 39.062 195.312 757.812 -54.688 500.000 906.250 -46.875 226.562 773.438 617.188 335.938 429.688 648.438 789.062
937.500 -257.812 250.000 750.000 -218.750 585.938 906.250 -179.688 226.562 789.062 515.625 382.812 507.812 625.000 703.125
929.688 -367.188 273.438 781.250 -234.375 562.500 945.312 -195.312 203.125 757.812 460.938 328.125 539.062 578.125 640.625
859.375 -585.938 335.938 718.750 -281.250 656.250 929.688 -257.812 218.750 773.438 406.250 281.250 632.812 484.375 523.438
898.438 -570.312 335.938 750.000 -234.375 625.000 953.125 -203.125 187.500 789.062 445.312 273.438 632.812 523.438 515.625
875.000 -437.500 335.938 867.188 -140.625 507.812 1031.250 -93.750 93.750 906.250 515.625 164.062 648.438 601.562 539.062
875.000 -437.500 335.938 867.188 -140.625 507.812 1031.250 -93.750 93.750 906.250 515.625 164.062 648.438 601.562 539.062
960.938 -195.312 265.625 937.500 -31.250 437.500 1062.500 7.812 39.062 906.250 570.312 117.188 625.000 664.062 585.938
960.938 -195.312 265.625 937.500 -31.250 437.500 1062.500 7.812 39.062 906.250 570.312 117.188 625.000 664.062 585.938
882.812 -226.562 304.688 875.000 -125.000 484.375 1015.625 -85.938 85.938 867.188 492.188 148.438 617.188 593.750 570.312
882.812 -226.562 304.688 875.000 -125.000 484.375 1015.625 -85.938 85.938 867.188 492.188 148.438 617.188 593.750 570.312
906.250 -351.562 289.062 828.125 -156.250 507.812 984.375 -125.000 109.375 828.125 460.938 195.312 632.812 531.250 515.625
898.438 -351.562 304.688 828.125 -148.438 500.000 984.375 -125.000 93.750 851.562 445.312 187.500 625.000 539.062 523.438
851.562 -304.688 296.875 773.438 -140.625 492.188 976.562 -164.062 85.938 859.375 429.688 187.500 625.000 523.438 546.875
851.562 -281.250 289.062 804.688 -148.438 523.438 968.750 -156.250 117.188 867.188 429.688 179.688 617.188 523.438 554.688
851.562 -281.250 289.062 804.688 -148.438 523.438 968.750 -156.250 117.188 867.188 429.688 179.688 617.188 523.438 554.688
875.000 -242.188 257.812 781.250 -109.375 523.438 976.562 -179.688 117.188 835.938 421.875 218.750 609.375 531.250 570.312
875.000 -226.562 250.000 804.688 -109.375 531.250 960.938 -156.250 156.250 835.938 421.875 234.375 609.375 539.062 585.938
843.750 -195.312 281.250 914.062 -320.312 476.562 890.625 101.562 210.938 851.562 453.125 234.375 710.938 429.688 562.500
804.688 -335.938 234.375 820.312 -312.500 476.562 906.250 -7.812 226.562 750.000 453.125 289.062 562.500 507.812 601.562
804.688 -335.938 234.375 820.312 -312.500 476.562 906.250 -7.812 226.562 750.000 453.125 289.062 562.500 507.812 601.562
875.000 -382.812 171.875 835.938 -226.562 507.812 976.562 -85.938 218.750 820.312 500.000 296.875 562.500 664.062 593.750
890.625 -554.688 62.500 796.875 -179.688 507.812 1046.875 -7.812 148.438 898.438 523.438 187.500 593.750 664.062 593.750
890.625 -554.688 62.500 796.875 -179.688 507.812 1046.875 -7.812 148.438 898.438 523.438 187.500 593.750 664.062 593.750
890.625 -554.688 62.500 796.875 -179.688 507.812 1046.875 -7.812 148.438 898.438 523.438 187.500 593.750 664.062 593.750
875.000 -578.125 93.750 812.500 -242.188 515.625 1062.500 -7.812 101.562 921.875 531.250 148.438 601.562 656.250 578.125
875.000 -578.125 93.750 812.500 -242.188 515.625 1062.500 -7.812 101.562 921.875 531.250 148.438 601.562 656.250 578.125
843.750 -554.688 78.125 773.438 -320.312 554.688 976.562 15.625 164.062 906.250 484.375 140.625 617.188 601.562 554.688
820.312 -531.250 93.750 726.562 -304.688 601.562 898.438 -7.812 304.688 820.312 429.688 210.938 625.000 578.125 515.625
859.375 -523.438 70.312 726.562 -320.312 601.562 914.062 -7.812 312.500 812.500 453.125 257.812 570.312 585.938 539.062
906.250 -570.312 31.250 757.812 -328.125 546.875 968.750 7.812 304.688 796.875 492.188 304.688 468.750 601.562 632.812
906.250 -570.312 31.250 757.812 -328.125 546.875 968.750 7.812 304.688 796.875 492.188 304.688 468.750 601.562 632.812
921.875 -601.562 7.812 828.125 -335.938 500.000 1007.812 85.938 250.000 828.125 539.062 304.688 414.062 640.625 703.125
921.875 -601.562 7.812 828.125 -335.938 500.000 1007.812 85.938 250.000 828.125 539.062 304.688 414.062 640.625 703.125
890.625 -609.375 15.625 859.375 -335.938 468.750 1023.438 85.938 242.188 851.562 539.062 296.875 429.688 609.375 703.125
867.188 -593.750 7.812 867.188 -343.750 468.750 1015.625 62.500 250.000 851.562 507.812 296.875 445.312 609.375 695.312
867.188 -593.750 7.812 867.188 -343.750 468.750 1015.625 62.500 250.000 851.562 507.812 296.875 445.312 609.375 695.312
835.938 -585.938 15.625 703.125 -320.312 593.750 765.625 -62.500 484.375 757.812 367.188 414.062 476.562 539.062 640.625
835.938 -585.938 15.625 703.125 -320.312 593.750 765.625 -62.500 484.375 757.812 367.188 414.062 476.562 539.062 640.625
835.938 -578.125 15.625 640.625 -343.750 648.438 781.250 -78.125 523.438 726.562 398.438 453.125 445.312 554.688 648.438
843.750 -585.938 -7.812 593.750 -429.688 710.938 882.812 -78.125 492.188 789.062 484.375 437.500 398.438 617.188 710.938
820.312 -617.188 0.000 593.750 -414.062 695.312 898.438 -54.688 476.562 812.500 507.812 414.062 398.438 632.812 742.188
820.312 -617.188 0.000 593.750 -414.062 695.312 898.438 -54.688 476.562 812.500 507.812 414.062 398.438 632.812 742.188
804.688 -640.625 -7.812 601.562 -375.000 695.312 898.438 -54.688 476.562 820.312 515.625 398.438 406.250 640.625 742.188
781.250 -671.875 -7.812 640.625 -359.375 664.062 929.688 -23.438 453.125 820.312 523.438 398.438 406.250 640.625 726.562
765.625 -710.938 -7.812 695.312 -375.000 617.188 937.500 0.000 429.688 835.938 515.625 390.625 421.875 640.625 710.938
773.438 -695.312 -15.625 710.938 -367.188 585.938 937.500 -7.812 429.688 820.312 492.188 398.438 406.250 609.375 718.750
773.438 -671.875 -31.250 718.750 -359.375 578.125 937.500 -23.438 437.500 812.500 468.750 406.250 406.250 585.938 726.562
781.250 -664.062 -31.250 710.938 -367.188 562.500 867.188 -78.125 460.938 796.875 421.875 414.062 406.250 554.688 726.562
765.625 -648.438 -31.250 625.000 -375.000 640.625 703.125 -156.250 601.562 781.250 328.125 484.375 437.500 523.438 687.500
765.625 -648.438 -31.250 625.000 -375.000 640.625 703.125 -156.250 601.562 781.250 328.125 484.375 437.500 523.438 687.500
765.625 -648.438 -31.250 625.000 -375.000 640.625 703.125 -156.250 601.562 781.250 328.125 484.375 437.500 523.438 687.500
804.688 -609.375 -54.688 500.000 -453.125 757.812 703.125 -187.500 679.688 679.688 351.562 578.125 382.812 539.062 718.750
843.750 -632.812 -85.938 468.750 -500.000 781.250 789.062 -148.438 632.812 710.938 437.500 593.750 304.688 562.500 820.312
835.938 -640.625 -93.750 484.375 -492.188 765.625 796.875 -132.812 625.000 710.938 460.938 578.125 296.875 585.938 835.938
796.875 -671.875 -85.938 515.625 -445.312 734.375 812.500 -117.188 617.188 734.375 468.750 570.312 304.688 593.750 828.125
