476.562 -843.750 -179.688 406.250 -375.000 773.438 390.625 195.312 859.375 234.375 460.938 812.500 -265.625 320.312 906.250
507.812 -804.688 -195.312 429.688 -359.375 765.625 390.625 203.125 851.562 234.375 476.562 835.938 -289.062 312.500 906.250
531.250 -796.875 -203.125 437.500 -367.188 757.812 390.625 203.125 875.000 218.750 460.938 851.562 -289.062 320.312 914.062
531.250 -796.875 -203.125 437.500 -367.188 757.812 390.625 203.125 875.000 218.750 460.938 851.562 -289.062 320.312 914.062
539.062 -789.062 -210.938 429.688 -382.812 773.438 390.625 195.312 882.812 226.562 453.125 867.188 -281.250 296.875 914.062
554.688 -781.250 -210.938 429.688 -406.250 781.250 382.812 164.062 890.625 234.375 421.875 859.375 -257.812 296.875 906.250
562.500 -796.875 -218.750 421.875 -429.688 781.250 382.812 164.062 906.250 226.562 421.875 875.000 -242.188 289.062 898.438
562.500 -820.312 -226.562 414.062 -421.875 789.062 351.562 148.438 921.875 226.562 398.438 859.375 -218.750 304.688 882.812
562.500 -820.312 -226.562 414.062 -421.875 789.062 351.562 148.438 921.875 226.562 398.438 859.375 -218.750 304.688 882.812
562.500 -812.500 -218.750 406.250 -421.875 796.875 367.188 164.062 921.875 226.562 406.250 867.188 -242.188 281.250 875.000
554.688 -812.500 -218.750 398.438 -406.250 804.688 343.750 187.500 929.688 187.500 453.125 898.438 -289.062 312.500 914.062
617.188 -703.125 -304.688 328.125 -351.562 859.375 296.875 257.812 968.750 148.438 546.875 937.500 -367.188 398.438 953.125
617.188 -703.125 -304.688 328.125 -351.562 859.375 296.875 257.812 968.750 148.438 546.875 937.500 -367.188 398.438 953.125
617.188 -703.125 -304.688 328.125 -351.562 859.375 296.875 257.812 968.750 148.438 546.875 937.500 -367.188 398.438 953.125
671.875 -484.375 -453.125 304.688 -343.750 882.812 250.000 312.500 1015.625 62.500 593.750 1007.812 -335.938 398.438 984.375
796.875 -679.688 -585.938 203.125 -273.438 968.750 140.625 335.938 1140.625 31.250 554.688 1039.062 -320.312 484.375 968.750
804.688 -593.750 -632.812 210.938 -343.750 1015.625 187.500 234.375 1117.188 148.438 562.500 953.125 -421.875 507.812 976.562
562.500 -867.188 -437.500 289.062 -398.438 914.062 203.125 195.312 1117.188 132.812 562.500 1031.250 -468.750 453.125 1085.938
562.500 -867.188 -437.500 289.062 -398.438 914.062 203.125 195.312 1117.188 132.812 562.500 1031.250 -468.750 453.125 1085.938
562.500 -867.188 -437.500 289.062 -398.438 914.062 203.125 195.312 1117.188 132.812 562.500 1031.250 -468.750 453.125 1085.938
492.188 -953.125 -390.625 359.375 -515.625 882.812 257.812 125.000 1085.938 156.250 476.562 976.562 -351.562 375.000 1046.875
328.125 -1078.125 -281.250 390.625 -585.938 812.500 265.625 -46.875 1085.938 265.625 328.125 906.250 -296.875 335.938 992.188
781.250 -679.688 -578.125 429.688 -414.062 718.750 476.562 179.688 898.438 265.625 648.438 812.500 -148.438 523.438 1039.062
781.250 -679.688 -578.125 429.688 -414.062 718.750 476.562 179.688 898.438 265.625 648.438 812.500 -148.438 523.438 1039.062
398.438 -585.938 -210.938 648.438 -265.625 421.875 453.125 85.938 523.438 328.125 679.688 539.062 -320.312 546.875 1140.625
546.875 -703.125 -453.125 742.188 -546.875 289.062 851.562 62.500 140.625 343.750 664.062 242.188 -179.688 414.062 914.062
546.875 -703.125 -453.125 742.188 -546.875 289.062 851.562 62.500 140.625 343.750 664.062 242.188 -179.688 414.062 914.062
539.062 -1070.312 -468.750 468.750 -882.812 500.000 945.312 -164.062 351.562 851.562 492.188 46.875 296.875 445.312 695.312
539.062 -1070.312 -468.750 468.750 -882.812 500.000 945.312 -164.062 351.562 851.562 492.188 46.875 296.875 445.312 695.312
539.062 -1070.312 -468.750 468.750 -882.812 500.000 945.312 -164.062 351.562 851.562 492.188 46.875 296.875 445.312 695.312
539.062 -1070.312 -468.750 468.750 -882.812 500.000 945.312 -164.062 351.562 851.562 492.188 46.875 296.875 445.312 695.312
617.188 -968.750 -515.625 507.812 -742.188 531.250 835.938 -78.125 273.438 921.875 484.375 -39.062 312.500 437.500 640.625
507.812 -703.125 -328.125 734.375 -585.938 304.688 835.938 46.875 273.438 898.438 632.812 15.625 234.375 429.688 914.062
507.812 -703.125 -328.125 734.375 -585.938 304.688 835.938 46.875 273.438 898.438 632.812 15.625 234.375 429.688 914.062
468.750 -562.500 -273.438 804.688 -484.375 140.625 1015.625 39.062 242.188 742.188 492.188 0.000 312.500 367.188 828.125
539.062 -617.188 -273.438 789.062 -531.250 218.750 1101.562 -7.812 93.750 671.875 453.125 132.812 234.375 226.562 796.875
539.062 -617.188 -273.438 789.062 -531.250 218.750 1101.562 -7.812 93.750 671.875 453.125 132.812 234.375 226.562 796.875
601.562 -781.250 -250.000 742.188 -703.125 210.938 929.688 -195.312 187.500 828.125 328.125 54.688 445.312 250.000 750.000
601.562 -781.250 -250.000 742.188 -703.125 210.938 929.688 -195.312 187.500 828.125 328.125 54.688 445.312 250.000 750.000
640.625 -742.188 -273.438 742.188 -703.125 203.125 921.875 -187.500 203.125 835.938 359.375 46.875 406.250 250.000 757.812
703.125 -718.750 -320.312 796.875 -664.062 171.875 1015.625 -140.625 117.188 867.188 398.438 15.625 406.250 335.938 820.312
687.500 -625.000 -328.125 843.750 -585.938 132.812 1054.688 -85.938 70.312 921.875 414.062 -39.062 476.562 335.938 804.688
679.688 -546.875 -304.688 859.375 -531.250 93.750 1023.438 -39.062 31.250 929.688 421.875 -70.312 507.812 312.500 828.125
679.688 -585.938 -296.875 843.750 -546.875 93.750 1062.500 -70.312 15.625 953.125 382.812 -93.750 546.875 296.875 773.438
679.688 -585.938 -296.875 843.750 -546.875 93.750 1062.500 -70.312 15.625 953.125 382.812 -93.750 546.875 296.875 773.438
679.688 -585.938 -296.875 843.750 -546.875 93.750 1062.500 -70.312 15.625 953.125 382.812 -93.750 546.875 296.875 773.438
656.250 -601.562 -289.062 843.750 -562.500 85.938 1054.688 -93.750 7.812 976.562 351.562 -125.000 562.500 273.438 765.625
679.688 -562.500 -265.625 820.312 -578.125 62.500 1000.000 -132.812 31.250 921.875 328.125 -46.875 515.625 210.938 765.625
703.125 -562.500 -281.250 796.875 -617.188 93.750 1000.000 -156.250 54.688 898.438 320.312 -23.438 500.000 234.375 765.625
710.938 -695.312 -320.312 757.812 -679.688 171.875 1039.062 -171.875 140.625 921.875 390.625 23.438 453.125 335.938 804.688
710.938 -695.312 -320.312 757.812 -679.688 171.875 1039.062 -171.875 140.625 921.875 390.625 23.438 453.125 335.938 804.688
710.938 -1000.000 -484.375 812.500 -1054.688 289.062 1101.562 -304.688 421.875 859.375 679.688 281.250 117.188 273.438 929.688
710.938 -1000.000 -484.375 812.500 -1054.688 289.062 1101.562 -304.688 421.875 859.375 679.688 281.250 117.188 273.438 929.688
664.062 -992.188 -468.750 781.250 -1070.312 296.875 882.812 -289.062 429.688 921.875 671.875 195.312 203.125 242.188 890.625
664.062 -992.188 -468.750 781.250 -1070.312 296.875 882.812 -289.062 429.688 921.875 671.875 195.312 203.125 242.188 890.625
703.125 -703.125 -507.812 781.250 -976.562 187.500 1242.188 -343.750 93.750 1031.250 328.125 -210.938 570.312 -109.375 632.812
468.750 -242.188 -171.875 625.000 -289.062 226.562 937.500 296.875 93.750 992.188 640.625 -15.625 289.062 429.688 1148.438
468.750 -242.188 -171.875 625.000 -289.062 226.562 937.500 296.875 93.750 992.188 640.625 -15.625 289.062 429.688 1148.438
578.125 -109.375 -171.875 539.062 15.625 304.688 781.250 132.812 0.000 960.938 460.938 -320.312 414.062 406.250 1054.688
812.500 -281.250 -335.938 460.938 148.438 507.812 250.000 187.500 406.250 351.562 625.000 351.562 390.625 375.000 843.750
804.688 -531.250 -367.188 585.938 -312.500 398.438 257.812 101.562 820.312 414.062 468.750 554.688 234.375 507.812 867.188
476.562 -867.188 -406.250 1656.250 -328.125 375.000 750.000 382.812 1312.500 234.375 265.625 1093.750 718.750 -93.750 992.188
906.250 -835.938 -609.375 820.312 -890.625 570.312 1046.875 -39.062 609.375 1257.812 273.438 351.562 742.188 54.688 851.562
906.250 -835.938 -609.375 820.312 -890.625 570.312 1046.875 -39.062 609.375 1257.812 273.438 351.562 742.188 54.688 851.562
906.250 -835.938 -609.375 820.312 -890.625 570.312 1046.875 -39.062 609.375 1257.812 273.438 351.562 742.188 54.688 851.562
679.688 -460.938 -468.750 484.375 -460.938 593.750 757.812 -31.250 710.938 664.062 320.312 710.938 226.562 234.375 968.750
679.688 -460.938 -468.750 484.375 -460.938 593.750 757.812 -31.250 710.938 664.062 320.312 710.938 226.562 234.375 968.750
804.688 -406.250 -460.938 851.562 -531.250 531.250 882.812 0.000 695.312 812.500 367.188 687.500 335.938 367.188 1039.062
804.688 -484.375 -468.750 710.938 -398.438 570.312 773.438 31.250 703.125 773.438 359.375 656.250 312.500 328.125 992.188
757.812 -570.312 -414.062 625.000 -484.375 617.188 679.688 -15.625 742.188 726.562 242.188 640.625 359.375 304.688 882.812
757.812 -632.812 -445.312 546.875 -507.812 648.438 648.438 -46.875 742.188 734.375 187.500 609.375 421.875 304.688 812.500
757.812 -632.812 -445.312 546.875 -507.812 648.438 648.438 -46.875 742.188 734.375 187.500 609.375 421.875 304.688 812.500
703.125 -648.438 -414.062 625.000 -476.562 625.000 734.375 7.812 664.062 804.688 210.938 531.250 500.000 312.500 765.625
703.125 -648.438 -414.062 625.000 -476.562 625.000 734.375 7.812 664.062 804.688 210.938 531.250 500.000 312.500 765.625
718.750 -609.375 -421.875 656.250 -437.500 617.188 757.812 0.000 671.875 820.312 226.562 523.438 507.812 335.938 765.625
718.750 -578.125 -414.062 695.312 -390.625 609.375 789.062 23.438 656.250 835.938 234.375 523.438 523.438 343.750 773.438
781.250 -531.250 -468.750 726.562 -406.250 585.938 757.812 62.500 664.062 789.062 250.000 578.125 468.750 343.750 828.125
812.500 -523.438 -539.062 671.875 -468.750 609.375 679.688 93.750 718.750 726.562 250.000 656.250 398.438 359.375 890.625
851.562 -601.562 -546.875 578.125 -460.938 656.250 632.812 101.562 781.250 679.688 265.625 695.312 398.438 398.438 890.625
765.625 -671.875 -445.312 617.188 -398.438 679.688 664.062 85.938 781.250 710.938 304.688 671.875 406.250 429.688 882.812
570.312 -593.750 -125.000 843.750 -93.750 640.625 921.875 296.875 921.875 664.062 171.875 656.250 492.188 390.625 890.625
570.312 -593.750 -125.000 843.750 -93.750 640.625 921.875 296.875 921.875 664.062 171.875 656.250 492.188 390.625 890.625
570.312 -593.750 -125.000 843.750 -93.750 640.625 921.875 296.875 921.875 664.062 171.875 656.250 492.188 390.625 890.625
578.125 -421.875 -70.312 1085.938 -70.312 562.500 968.750 609.375 890.625 1093.750 -132.812 726.562 664.062 187.500 835.938
1070.312 -781.250 -562.500 1265.625 187.500 398.438 695.312 273.438 335.938 1078.125 593.750 406.250 695.312 218.750 726.562
1164.062 -859.375 -375.000 1132.812 -867.188 617.188 1460.938 39.062 -335.938 414.062 1187.500 187.500 546.875 312.500 1046.875
1164.062 -859.375 -375.000 1132.812 -867.188 617.188 1460.938 39.062 -335.938 414.062 1187.500 187.500 546.875 312.500 1046.875
1117.188 -1554.688 -382.812 1015.625 -640.625 437.500 1281.250 -15.625 -140.625 1007.812 453.125 -70.312 500.000 609.375 828.125
1117.188 -1554.688 -382.812 1015.625 -640.625 437.500 1281.250 -15.625 -140.625 1007.812 453.125 -70.312 500.000 609.375 828.125
953.125 -867.188 -398.438 148.438 -500.000 703.125 1007.812 -398.438 101.562 1304.688 156.250 -101.562 664.062 328.125 484.375
843.750 -648.438 -218.750 289.062 -593.750 742.188 976.562 -312.500 164.062 1101.562 179.688 -62.500 734.375 375.000 281.250
710.938 -695.312 -70.312 429.688 -492.188 632.812 929.688 -234.375 234.375 960.938 250.000 0.000 1015.625 601.562 140.625
789.062 -679.688 -7.812 710.938 -171.875 460.938 1062.500 -250.000 125.000 968.750 281.250 85.938 804.688 414.062 476.562
445.312 -695.312 296.875 484.375 -500.000 664.062 945.312 -250.000 140.625 914.062 312.500 156.250 625.000 250.000 656.250
359.375 -421.875 390.625 421.875 -460.938 734.375 828.125 -320.312 281.250 906.250 304.688 203.125 585.938 296.875 648.438
671.875 -328.125 140.625 539.062 -312.500 648.438 835.938 -257.812 390.625 820.312 406.250 242.188 562.500 500.000 640.625
796.875 -585.938 140.625 617.188 -250.000 593.750 890.625 -132.812 335.938 773.438 554.688 320.312 476.562 523.438 765.625
765.625 -476.562 156.250 890.625 -273.438 437.500 1054.688 -156.250 23.438 960.938 390.625 54.688 687.500 390.625 617.188
765.625 -476.562 156.250 890.625 -273.438 437.500 1054.688 -156.250 23.438 960.938 390.625 54.688 687.500 390.625 617.188
765.625 -476.562 156.250 890.625 -273.438 437.500 1054.688 -156.250 23.438 960.938 390.625 54.688 687.500 390.625 617.188
773.438 -585.938 203.125 773.438 -335.938 507.812 906.250 -289.062 132.812 898.438 281.250 125.000 710.938 304.688 523.438
773.438 -585.938 203.125 773.438 -335.938 507.812 906.250 -289.062 132.812 898.438 281.250 125.000 710.938 304.688 523.438
773.438 -585.938 203.125 773.438 -335.938 507.812 906.250 -289.062 132.812 898.438 281.250 125.000 710.938 304.688 523.438
867.188 -531.250 132.812 859.375 -203.125 429.688 968.750 -85.938 156.250 789.062 546.875 273.438 453.125 476.562 859.375
867.188 -531.250 132.812 859.375 -203.125 429.688 968.750 -85.938 156.250 789.062 546.875 273.438 453.125 476.562 859.375
820.312 -515.625 117.188 906.250 -171.875 382.812 976.562 -62.500 164.062 703.125 531.250 312.500 484.375 460.938 835.938
835.938 -609.375 148.438 867.188 -273.438 445.312 1007.812 -156.250 140.625 828.125 468.750 273.438 554.688 375.000 757.812
812.500 -609.375 164.062 812.500 -273.438 484.375 960.938 -179.688 187.500 781.250 453.125 281.250 601.562 359.375 718.750
812.500 -609.375 164.062 812.500 -273.438 484.375 960.938 -179.688 187.500 781.250 453.125 281.250 601.562 359.375 718.750
835.938 -531.250 164.062 796.875 -242.188 500.000 960.938 -148.438 203.125 820.312 500.000 273.438 554.688 414.062 757.812
812.500 -484.375 171.875 820.312 -218.750 468.750 976.562 -117.188 179.688 781.250 531.250 281.250 554.688 429.688 796.875
773.438 -437.500 171.875 750.000 -210.938 539.062 921.875 -156.250 257.812 820.312 492.188 289.062 539.062 460.938 789.062
828.125 -460.938 179.688 687.500 -257.812 585.938 890.625 -203.125 320.312 726.562 539.062 429.688 484.375 343.750 843.750
804.688 -460.938 195.312 968.750 -632.812 656.250 695.312 -195.312 250.000 804.688 601.562 281.250 468.750 351.562 859.375
804.688 -460.938 218.750 695.312 -203.125 625.000 968.750 -242.188 414.062 687.500 414.062 476.562 554.688 273.438 789.062
804.688 -460.938 218.750 695.312 -203.125 625.000 968.750 -242.188 414.062 687.500 414.062 476.562 554.688 273.438 789.062
687.500 -453.125 312.500 773.438 -304.688 609.375 695.312 -328.125 523.438 531.250 273.438 609.375 429.688 250.000 851.562
703.125 -539.062 289.062 546.875 -531.250 781.250 523.438 -484.375 476.562 445.312 289.062 421.875 367.188 437.500 796.875
703.125 -539.062 289.062 546.875 -531.250 781.250 523.438 -484.375 476.562 445.312 289.062 421.875 367.188 437.500 796.875
726.562 -554.688 218.750 625.000 -539.062 789.062 515.625 -585.938 226.562 375.000 -62.500 203.125 546.875 515.625 343.750
726.562 -554.688 218.750 625.000 -539.062 789.062 515.625 -585.938 226.562 375.000 -62.500 203.125 546.875 515.625 343.750
1070.312 -117.188 -250.000 179.688 -507.812 125.000 1679.688 -335.938 -664.062 593.750 1093.750 -632.812 710.938 31.250 539.062
1382.812 -648.438 -437.500 -15.625 -945.312 492.188 1382.812 -85.938 -789.062 937.500 1000.000 -1062.500 7.812 468.750 515.625
1406.250 -1679.688 -523.438 914.062 -1601.562 78.125 812.500 1437.500 -156.250 1023.438 -70.312 -304.688 1226.562 -890.625 -726.562
773.438 -117.188 46.875 1453.125 15.625 -203.125 1609.375 757.812 -781.250 953.125 -187.500 -445.312 703.125 -31.250 390.625
773.438 -117.188 46.875 1453.125 15.625 -203.125 1609.375 757.812 -781.250 953.125 -187.500 -445.312 703.125 -31.250 390.625
398.438 31.250 375.000 1359.375 179.688 -101.562 882.812 78.125 -492.188 937.500 23.438 -515.625 1187.500 351.562 -109.375
398.438 31.250 375.000 1359.375 179.688 -101.562 882.812 78.125 -492.188 937.500 23.438 -515.625 1187.500 351.562 -109.375
445.312 -85.938 328.125 1093.750 -31.250 93.750 1265.625 101.562 -468.750 882.812 203.125 -523.438 1031.250 164.062 -15.625
695.312 -781.250 132.812 796.875 -132.812 390.625 960.938 296.875 -78.125 835.938 554.688 -242.188 789.062 515.625 359.375
742.188 -664.062 101.562 726.562 -101.562 476.562 757.812 289.062 39.062 765.625 609.375 -210.938 703.125 632.812 484.375
820.312 -578.125 31.250 726.562 54.688 562.500 875.000 515.625 93.750 757.812 843.750 -132.812 742.188 789.062 601.562
820.312 -578.125 31.250 726.562 54.688 562.500 875.000 515.625 93.750 757.812 843.750 -132.812 742.188 789.062 601.562
703.125 -679.688 156.250 781.250 125.000 617.188 1054.688 468.750 0.000 976.562 718.750 -390.625 1062.500 726.562 265.625
656.250 -812.500 171.875 921.875 -132.812 468.750 1039.062 250.000 -15.625 843.750 523.438 -218.750 820.312 476.562 359.375
656.250 -812.500 171.875 921.875 -132.812 468.750 1039.062 250.000 -15.625 843.750 523.438 -218.750 820.312 476.562 359.375
656.250 -812.500 171.875 921.875 -132.812 468.750 1039.062 250.000 -15.625 843.750 523.438 -218.750 820.312 476.562 359.375
710.938 -742.188 156.250 882.812 -117.188 492.188 937.500 281.250 109.375 789.062 578.125 -62.500 718.750 492.188 484.375
750.000 -750.000 132.812 765.625 -101.562 578.125 859.375 312.500 171.875 757.812 640.625 -78.125 750.000 609.375 484.375
750.000 -750.000 132.812 765.625 -101.562 578.125 859.375 312.500 171.875 757.812 640.625 -78.125 750.000 609.375 484.375
734.375 -742.188 132.812 765.625 -70.312 609.375 914.062 343.750 164.062 796.875 671.875 -109.375 781.250 640.625 468.750
671.875 -726.562 164.062 828.125 -54.688 531.250 968.750 343.750 78.125 820.312 640.625 -164.062 789.062 578.125 429.688
695.312 -687.500 125.000 898.438 -70.312 437.500 1031.250 281.250 -46.875 851.562 562.500 -257.812 835.938 507.812 335.938
695.312 -687.500 125.000 898.438 -70.312 437.500 1031.250 281.250 -46.875 851.562 562.500 -257.812 835.938 507.812 335.938
695.312 -687.500 125.000 898.438 -70.312 437.500 1031.250 281.250 -46.875 851.562 562.500 -257.812 835.938 507.812 335.938
718.750 -585.938 109.375 945.312 -54.688 375.000 1078.125 296.875 -93.750 867.188 554.688 -281.250 843.750 484.375 343.750
710.938 -515.625 156.250 953.125 -54.688 312.500 781.250 164.062 15.625 734.375 382.812 -148.438 757.812 359.375 351.562
710.938 -515.625 156.250 953.125 -54.688 312.500 781.250 164.062 15.625 734.375 382.812 -148.438 757.812 359.375 351.562
734.375 -500.000 132.812 906.250 -125.000 320.312 851.562 132.812 93.750 820.312 382.812 -85.938 703.125 367.188 414.062
796.875 -578.125 93.750 851.562 -265.625 351.562 851.562 85.938 117.188 773.438 382.812 -7.812 664.062 312.500 515.625
789.062 -679.688 70.312 859.375 -273.438 390.625 867.188 78.125 117.188 851.562 320.312 -62.500 781.250 304.688 375.000
742.188 -734.375 70.312 882.812 -265.625 359.375 968.750 54.688 39.062 960.938 335.938 -171.875 882.812 351.562 328.125
726.562 -742.188 70.312 921.875 -289.062 359.375 1039.062 54.688 23.438 960.938 312.500 -203.125 906.250 328.125 273.438
726.562 -742.188 70.312 921.875 -289.062 359.375 1039.062 54.688 23.438 960.938 312.500 -203.125 906.250 328.125 273.438
750.000 -765.625 15.625 937.500 -289.062 351.562 1070.312 54.688 -15.625 921.875 359.375 -171.875 914.062 312.500 304.688
757.812 -757.812 0.000 921.875 -328.125 351.562 1070.312 70.312 -31.250 937.500 351.562 -187.500 890.625 359.375 281.250
781.250 -726.562 -39.062 929.688 -328.125 359.375 1023.438 70.312 39.062 914.062 359.375 -148.438 859.375 375.000 304.688
781.250 -726.562 -39.062 929.688 -328.125 359.375 1023.438 70.312 39.062 914.062 359.375 -148.438 859.375 375.000 304.688
789.062 -687.500 -39.062 914.062 -273.438 390.625 1023.438 109.375 62.500 914.062 398.438 -148.438 843.750 429.688 296.875
773.438 -679.688 -39.062 914.062 -234.375 421.875 1054.688 195.312 -15.625 968.750 429.688 -187.500 882.812 476.562 281.250
765.625 -679.688 -31.250 890.625 -226.562 437.500 1007.812 195.312 31.250 906.250 429.688 -148.438 859.375 476.562 312.500
781.250 -664.062 -31.250 867.188 -242.188 429.688 937.500 156.250 195.312 851.562 429.688 -7.812 804.688 460.938 367.188
781.250 -664.062 -31.250 867.188 -242.188 429.688 937.500 156.250 195.312 851.562 429.688 -7.812 804.688 460.938 367.188
781.250 -664.062 -31.250 851.562 -218.750 453.125 960.938 164.062 195.312 867.188 484.375 -15.625 789.062 492.188 421.875
765.625 -656.250 -31.250 859.375 -226.562 468.750 984.375 171.875 187.500 890.625 492.188 -39.062 781.250 507.812 414.062
757.812 -664.062 -23.438 859.375 -234.375 476.562 1007.812 164.062 164.062 906.250 515.625 -62.500 789.062 531.250 429.688
750.000 -679.688 -7.812 867.188 -195.312 468.750 1015.625 195.312 148.438 906.250 523.438 -78.125 796.875 546.875 406.250
734.375 -664.062 15.625 867.188 -195.312 453.125 1007.812 203.125 156.250 898.438 531.250 -62.500 804.688 546.875 406.250
