-796.875 320.312 -546.875 500.000 -640.625 609.375 656.250 31.250 742.188 500.000 640.625 593.750 15.625 -109.375 1023.438
-781.250 335.938 -546.875 523.438 -617.188 593.750 671.875 54.688 750.000 468.750 664.062 593.750 -7.812 -109.375 1031.250
-789.062 351.562 -554.688 515.625 -617.188 585.938 656.250 62.500 773.438 460.938 664.062 601.562 -23.438 -109.375 1039.062
-789.062 343.750 -554.688 515.625 -617.188 601.562 656.250 70.312 773.438 445.312 671.875 625.000 -39.062 -101.562 1046.875
-757.812 335.938 -539.062 507.812 -609.375 601.562 664.062 70.312 773.438 453.125 687.500 625.000 -46.875 -109.375 1054.688
-781.250 351.562 -562.500 523.438 -640.625 601.562 679.688 54.688 773.438 453.125 671.875 609.375 -39.062 -109.375 1039.062
-796.875 343.750 -585.938 515.625 -648.438 601.562 664.062 39.062 773.438 468.750 656.250 625.000 -39.062 -117.188 1031.250
-789.062 335.938 -585.938 515.625 -656.250 593.750 656.250 31.250 765.625 460.938 656.250 632.812 -31.250 -117.188 1039.062
-773.438 335.938 -578.125 515.625 -656.250 585.938 656.250 23.438 773.438 468.750 648.438 632.812 -39.062 -125.000 1015.625
-781.250 343.750 -585.938 500.000 -671.875 585.938 671.875 15.625 765.625 468.750 640.625 625.000 -23.438 -132.812 1023.438
-781.250 335.938 -585.938 500.000 -656.250 585.938 648.438 23.438 765.625 468.750 640.625 617.188 -23.438 -125.000 1023.438
-796.875 328.125 -585.938 507.812 -640.625 585.938 632.812 23.438 773.438 460.938 640.625 625.000 -23.438 -125.000 1023.438
-789.062 273.438 -570.312 507.812 -640.625 593.750 648.438 31.250 765.625 453.125 656.250 640.625 -39.062 -132.812 1031.250
-765.625 281.250 -554.688 515.625 -625.000 578.125 664.062 46.875 757.812 468.750 656.250 625.000 -31.250 -125.000 1039.062
-757.812 289.062 -554.688 523.438 -609.375 570.312 679.688 54.688 742.188 476.562 664.062 617.188 -23.438 -132.812 1039.062
-757.812 296.875 -546.875 523.438 -617.188 570.312 671.875 39.062 750.000 476.562 656.250 625.000 -23.438 -132.812 1031.250
-765.625 312.500 -546.875 523.438 -632.812 578.125 679.688 15.625 742.188 484.375 632.812 617.188 7.812 -132.812 1023.438
-726.562 335.938 -539.062 539.062 -617.188 554.688 695.312 23.438 726.562 507.812 632.812 593.750 23.438 -132.812 1007.812
-734.375 343.750 -531.250 531.250 -617.188 562.500 703.125 23.438 710.938 515.625 632.812 578.125 31.250 -125.000 1015.625
-734.375 359.375 -531.250 531.250 -617.188 554.688 703.125 7.812 710.938 507.812 625.000 585.938 39.062 -125.000 1007.812
-757.812 367.188 -523.438 539.062 -632.812 554.688 695.312 7.812 718.750 515.625 617.188 585.938 31.250 -132.812 1000.000
-789.062 328.125 -554.688 546.875 -632.812 554.688 695.312 15.625 726.562 500.000 625.000 601.562 15.625 -132.812 1015.625
-835.938 265.625 -578.125 531.250 -632.812 562.500 679.688 15.625 734.375 492.188 640.625 601.562 31.250 -132.812 1023.438
-851.562 250.000 -585.938 531.250 -640.625 578.125 671.875 23.438 750.000 484.375 632.812 609.375 23.438 -125.000 1023.438
-828.125 234.375 -523.438 515.625 -640.625 578.125 671.875 31.250 757.812 453.125 632.812 632.812 0.000 -140.625 1031.250
-820.312 210.938 -500.000 539.062 -609.375 570.312 679.688 31.250 742.188 492.188 656.250 601.562 0.000 -109.375 1046.875
-867.188 234.375 -578.125 554.688 -585.938 562.500 695.312 46.875 718.750 500.000 664.062 578.125 39.062 -109.375 1031.250
-929.688 187.500 -617.188 554.688 -578.125 562.500 695.312 46.875 726.562 507.812 671.875 585.938 39.062 -109.375 1023.438
-843.750 250.000 -515.625 531.250 -593.750 570.312 679.688 54.688 734.375 500.000 671.875 593.750 23.438 -109.375 1039.062
-710.938 359.375 -398.438 531.250 -570.312 554.688 679.688 54.688 726.562 546.875 679.688 570.312 39.062 -109.375 1046.875
-695.312 476.562 -367.188 523.438 -593.750 562.500 687.500 46.875 695.312 531.250 656.250 554.688 46.875 -109.375 1054.688
-710.938 507.812 -359.375 531.250 -601.562 554.688 703.125 23.438 703.125 546.875 648.438 562.500 54.688 -109.375 1031.250
-789.062 460.938 -421.875 523.438 -632.812 554.688 679.688 15.625 734.375 531.250 656.250 562.500 101.562 -54.688 1039.062
-867.188 414.062 -468.750 515.625 -625.000 562.500 625.000 70.312 796.875 507.812 679.688 632.812 148.438 -39.062 1046.875
-992.188 179.688 -484.375 484.375 -625.000 617.188 617.188 31.250 812.500 562.500 671.875 562.500 125.000 -54.688 1109.375
-1000.000 179.688 -468.750 476.562 -625.000 609.375 632.812 31.250 789.062 593.750 664.062 554.688 93.750 -39.062 1140.625
-1039.062 132.812 -484.375 515.625 -585.938 578.125 632.812 15.625 765.625 585.938 648.438 523.438 85.938 -31.250 1171.875
-1023.438 125.000 -468.750 531.250 -578.125 562.500 609.375 23.438 750.000 593.750 671.875 515.625 62.500 -23.438 1187.500
-1046.875 23.438 -414.062 617.188 -523.438 484.375 765.625 -46.875 546.875 648.438 601.562 320.312 23.438 54.688 1179.688
-1031.250 54.688 -406.250 664.062 -515.625 445.312 804.688 -70.312 531.250 695.312 609.375 351.562 39.062 54.688 1187.500
-1117.188 62.500 -507.812 710.938 -578.125 398.438 890.625 -93.750 421.875 664.062 546.875 328.125 -23.438 31.250 1187.500
-1140.625 148.438 -554.688 710.938 -578.125 382.812 890.625 -70.312 390.625 671.875 562.500 265.625 -7.812 54.688 1164.062
-1117.188 195.312 -632.812 523.438 -640.625 414.062 914.062 -218.750 359.375 898.438 382.812 15.625 234.375 101.562 773.438
-1031.250 351.562 -695.312 546.875 -632.812 406.250 960.938 -257.812 398.438 953.125 351.562 0.000 359.375 93.750 695.312
-976.562 757.812 -687.500 468.750 -710.938 375.000 835.938 -242.188 437.500 882.812 289.062 31.250 500.000 187.500 648.438
-945.312 710.938 -695.312 320.312 -773.438 406.250 820.312 -281.250 476.562 906.250 265.625 85.938 609.375 132.812 640.625
-796.875 1304.688 -648.438 281.250 -687.500 421.875 742.188 -250.000 421.875 875.000 312.500 164.062 515.625 -15.625 734.375
-617.188 1117.188 -476.562 328.125 -742.188 406.250 828.125 -320.312 429.688 937.500 320.312 187.500 484.375 -39.062 750.000
-554.688 898.438 -312.500 367.188 -835.938 343.750 906.250 -265.625 351.562 906.250 328.125 148.438 414.062 0.000 804.688
-507.812 968.750 -234.375 476.562 -773.438 296.875 882.812 -164.062 289.062 796.875 343.750 148.438 359.375 -31.250 765.625
1179.688 593.750 1320.312 437.500 -593.750 226.562 968.750 101.562 289.062 492.188 492.188 437.500 -117.188 -1265.625 523.438
265.625 382.812 914.062 632.812 -570.312 203.125 281.250 -140.625 398.438 960.938 296.875 468.750 -164.062 -625.000 984.375
-742.188 -46.875 218.750 757.812 -679.688 296.875 726.562 -62.500 406.250 664.062 539.062 484.375 335.938 -203.125 882.812
-453.125 -367.188 421.875 632.812 -937.500 476.562 492.188 -210.938 625.000 468.750 414.062 421.875 539.062 -101.562 820.312
-1140.625 -31.250 156.250 914.062 -1085.938 250.000 1015.625 -1039.062 562.500 648.438 273.438 750.000 375.000 -539.062 968.750
-1031.250 257.812 242.188 609.375 -1132.812 375.000 1132.812 -851.562 312.500 828.125 70.312 304.688 554.688 -648.438 703.125
-929.688 195.312 343.750 781.250 -1078.125 351.562 820.312 -765.625 390.625 1046.875 -156.250 281.250 554.688 -492.188 820.312
-859.375 148.438 484.375 656.250 -921.875 351.562 687.500 -726.562 406.250 1023.438 -109.375 320.312 609.375 -453.125 671.875
-859.375 -54.688 359.375 625.000 -765.625 320.312 843.750 -429.688 476.562 992.188 218.750 398.438 414.062 -289.062 1039.062
-828.125 62.500 375.000 781.250 -671.875 343.750 937.500 -492.188 460.938 1015.625 125.000 359.375 445.312 -359.375 945.312
-789.062 39.062 421.875 750.000 -632.812 328.125 789.062 -468.750 460.938 867.188 125.000 367.188 406.250 -367.188 890.625
-835.938 31.250 406.250 742.188 -640.625 328.125 828.125 -437.500 468.750 1007.812 171.875 390.625 484.375 -375.000 945.312
-867.188 125.000 414.062 679.688 -695.312 343.750 781.250 -523.438 468.750 960.938 101.562 429.688 429.688 -414.062 867.188
-890.625 93.750 414.062 718.750 -734.375 343.750 812.500 -546.875 468.750 960.938 93.750 453.125 406.250 -421.875 890.625
-906.250 93.750 414.062 734.375 -750.000 343.750 789.062 -562.500 484.375 945.312 101.562 468.750 359.375 -421.875 890.625
-781.250 265.625 375.000 484.375 -679.688 414.062 640.625 -468.750 507.812 882.812 171.875 429.688 390.625 -312.500 906.250
-890.625 304.688 320.312 406.250 -734.375 445.312 500.000 -515.625 570.312 695.312 195.312 515.625 203.125 -320.312 906.250
-906.250 328.125 328.125 398.438 -757.812 445.312 492.188 -515.625 593.750 695.312 242.188 539.062 187.500 -289.062 945.312
-843.750 406.250 367.188 367.188 -789.062 453.125 554.688 -484.375 593.750 773.438 164.062 429.688 289.062 -218.750 1007.812
-789.062 367.188 406.250 429.688 -750.000 476.562 500.000 -546.875 578.125 726.562 210.938 500.000 265.625 -406.250 890.625
-507.812 -320.312 359.375 406.250 -757.812 687.500 367.188 -546.875 695.312 828.125 -156.250 125.000 62.500 -343.750 906.250
-757.812 -62.500 281.250 531.250 -710.938 414.062 773.438 -125.000 585.938 789.062 789.062 734.375 23.438 39.062 1007.812
1195.312 1429.688 1703.125 859.375 -1171.875 367.188 742.188 46.875 703.125 -898.438 2539.062 2656.250 -578.125 -1843.750 867.188
1585.938 1085.938 1531.250 1117.188 -1320.312 359.375 453.125 -1296.875 625.000 742.188 23.438 1101.562 -351.562 -921.875 898.438
1656.250 890.625 1492.188 1085.938 -578.125 171.875 679.688 -828.125 812.500 320.312 406.250 1117.188 7.812 -1015.625 914.062
-1578.125 -679.688 -1320.312 539.062 -304.688 554.688 585.938 125.000 593.750 1171.875 398.438 85.938 867.188 -93.750 820.312
-390.625 679.688 -234.375 484.375 -328.125 460.938 703.125 -242.188 679.688 1140.625 164.062 -23.438 937.500 289.062 835.938
-796.875 -304.688 -687.500 437.500 -328.125 476.562 625.000 -203.125 375.000 1039.062 421.875 -78.125 851.562 218.750 781.250
-1703.125 -226.562 -1265.625 507.812 7.812 476.562 898.438 -54.688 289.062 960.938 414.062 15.625 476.562 78.125 789.062
-1453.125 -164.062 -812.500 812.500 -601.562 250.000 1031.250 0.000 250.000 960.938 507.812 70.312 460.938 117.188 890.625
-1414.062 -335.938 -609.375 812.500 -500.000 187.500 1125.000 -39.062 289.062 789.062 296.875 265.625 328.125 78.125 968.750
-1445.312 -468.750 -578.125 812.500 -382.812 125.000 1125.000 62.500 234.375 742.188 359.375 312.500 289.062 -31.250 945.312
-1726.562 -453.125 -953.125 843.750 343.750 31.250 796.875 359.375 218.750 726.562 531.250 210.938 343.750 31.250 812.500
-1515.625 -898.438 -703.125 781.250 -218.750 171.875 1000.000 265.625 304.688 679.688 640.625 296.875 242.188 -46.875 1210.938
-1195.312 -1320.312 -179.688 617.188 -601.562 523.438 546.875 93.750 632.812 570.312 625.000 671.875 148.438 -265.625 1148.438
-875.000 -1179.688 85.938 585.938 -867.188 742.188 585.938 -117.188 859.375 828.125 523.438 812.500 257.812 -539.062 1031.250
-562.500 -601.562 218.750 703.125 -1046.875 1226.562 351.562 -898.438 1203.125 492.188 187.500 921.875 54.688 -679.688 968.750
-1148.438 -54.688 -164.062 1062.500 -789.062 398.438 992.188 -546.875 671.875 921.875 234.375 789.062 320.312 -750.000 937.500
-898.438 -148.438 -148.438 890.625 -921.875 328.125 1015.625 -578.125 406.250 937.500 156.250 601.562 304.688 -632.812 789.062
-812.500 -101.562 -179.688 656.250 -773.438 453.125 757.812 -601.562 531.250 843.750 187.500 656.250 242.188 -648.438 789.062
-765.625 -148.438 -203.125 484.375 -625.000 523.438 445.312 -492.188 742.188 539.062 320.312 804.688 31.250 -632.812 882.812
-859.375 -265.625 -203.125 476.562 -593.750 546.875 445.312 -429.688 679.688 429.688 351.562 734.375 -70.312 -523.438 929.688
-796.875 -226.562 -132.812 437.500 -398.438 585.938 312.500 -367.188 773.438 406.250 476.562 734.375 -109.375 -437.500 976.562
-820.312 -242.188 -156.250 367.188 -390.625 617.188 250.000 -328.125 796.875 281.250 546.875 757.812 -195.312 -437.500 1039.062
-820.312 -273.438 -132.812 328.125 -398.438 640.625 289.062 -250.000 789.062 367.188 554.688 687.500 -132.812 -406.250 1000.000
-851.562 -140.625 -148.438 375.000 -429.688 656.250 359.375 -382.812 734.375 507.812 328.125 640.625 242.188 -546.875 734.375
-859.375 -93.750 -132.812 585.938 -507.812 648.438 578.125 -375.000 750.000 726.562 515.625 710.938 171.875 -585.938 1070.312
-906.250 -70.312 -164.062 531.250 -562.500 695.312 617.188 -492.188 710.938 757.812 460.938 632.812 164.062 -562.500 1093.750
-1031.250 -242.188 -218.750 671.875 -617.188 703.125 648.438 -562.500 757.812 703.125 375.000 664.062 148.438 -601.562 1164.062
-1015.625 -281.250 -187.500 703.125 -617.188 695.312 679.688 -523.438 710.938 828.125 398.438 664.062 39.062 -617.188 1250.000
-875.000 -195.312 -101.562 609.375 -484.375 671.875 976.562 -460.938 742.188 593.750 554.688 625.000 257.812 -695.312 812.500
-851.562 -148.438 -140.625 742.188 -484.375 632.812 718.750 -359.375 687.500 757.812 421.875 492.188 359.375 -710.938 664.062
-843.750 -203.125 -109.375 656.250 -398.438 664.062 703.125 -375.000 671.875 781.250 140.625 367.188 343.750 -757.812 500.000
-859.375 -234.375 -101.562 625.000 -320.312 656.250 953.125 -226.562 726.562 664.062 179.688 296.875 78.125 -609.375 476.562
-765.625 -242.188 -78.125 492.188 -312.500 671.875 484.375 -156.250 812.500 1195.312 70.312 492.188 445.312 -93.750 296.875
-750.000 -203.125 -85.938 421.875 -289.062 656.250 570.312 -132.812 851.562 1539.062 -179.688 484.375 476.562 -281.250 281.250
-867.188 -109.375 -132.812 375.000 -328.125 656.250 343.750 -132.812 843.750 835.938 7.812 664.062 1179.688 31.250 -187.500
-1000.000 -250.000 -218.750 687.500 -468.750 671.875 304.688 -570.312 843.750 640.625 171.875 742.188 992.188 -265.625 203.125
-960.938 195.312 -289.062 218.750 -664.062 804.688 382.812 -492.188 812.500 804.688 -7.812 562.500 968.750 -250.000 109.375
-1000.000 140.625 -320.312 257.812 -734.375 828.125 312.500 -562.500 804.688 867.188 7.812 531.250 1023.438 -210.938 93.750
-1046.875 -15.625 -351.562 492.188 -617.188 726.562 492.188 -687.500 718.750 890.625 -46.875 429.688 1023.438 -156.250 15.625
-976.562 -179.688 -367.188 445.312 -570.312 773.438 539.062 -500.000 757.812 1039.062 62.500 382.812 1187.500 15.625 70.312
-953.125 -273.438 -320.312 562.500 -484.375 718.750 617.188 -414.062 734.375 968.750 156.250 390.625 1070.312 -62.500 210.938
-960.938 -257.812 -328.125 539.062 -484.375 726.562 562.500 -406.250 742.188 906.250 164.062 445.312 1000.000 -148.438 265.625
-882.812 -304.688 -265.625 359.375 -539.062 781.250 343.750 -445.312 796.875 750.000 164.062 539.062 898.438 -234.375 304.688
-906.250 -359.375 -304.688 304.688 -570.312 781.250 351.562 -539.062 718.750 789.062 62.500 453.125 960.938 -140.625 125.000
-820.312 70.312 -312.500 359.375 -593.750 773.438 312.500 -648.438 718.750 796.875 -39.062 437.500 898.438 -210.938 -117.188
-859.375 187.500 -359.375 257.812 -687.500 835.938 289.062 -687.500 679.688 687.500 -234.375 468.750 875.000 -343.750 -328.125
-859.375 78.125 -351.562 390.625 -781.250 640.625 640.625 -570.312 710.938 851.562 -335.938 523.438 898.438 -429.688 -601.562
-757.812 93.750 -382.812 789.062 -546.875 906.250 1078.125 -601.562 562.500 1234.375 -187.500 367.188 875.000 -492.188 -492.188
-859.375 -382.812 -406.250 1531.250 -351.562 328.125 210.938 226.562 742.188 671.875 -54.688 562.500 695.312 -93.750 101.562
-921.875 -601.562 -453.125 1132.812 -304.688 500.000 1062.500 -125.000 789.062 523.438 250.000 664.062 492.188 70.312 695.312
-890.625 -1007.812 -460.938 953.125 -523.438 703.125 726.562 -382.812 804.688 1132.812 843.750 710.938 179.688 -796.875 1617.188
-906.250 -1015.625 -460.938 757.812 -335.938 734.375 593.750 -328.125 921.875 617.188 664.062 781.250 101.562 -617.188 1625.000
-828.125 -617.188 -539.062 312.500 -539.062 640.625 179.688 117.188 742.188 492.188 492.188 750.000 320.312 -320.312 968.750
-773.438 -414.062 -531.250 570.312 -375.000 328.125 203.125 320.312 710.938 484.375 484.375 765.625 320.312 -382.812 1023.438
-601.562 125.000 -460.938 687.500 -335.938 289.062 421.875 156.250 695.312 546.875 406.250 750.000 273.438 -468.750 1007.812
-570.312 328.125 -468.750 671.875 -406.250 406.250 468.750 62.500 773.438 554.688 304.688 750.000 320.312 -492.188 843.750
-734.375 -132.812 -601.562 648.438 -515.625 554.688 437.500 15.625 843.750 609.375 226.562 703.125 414.062 -421.875 773.438
-875.000 -335.938 -710.938 710.938 -515.625 515.625 484.375 15.625 843.750 617.188 296.875 742.188 367.188 -492.188 796.875
-921.875 -656.250 -781.250 843.750 -468.750 390.625 460.938 109.375 867.188 539.062 335.938 804.688 273.438 -437.500 929.688
-804.688 -695.312 -679.688 921.875 -257.812 328.125 546.875 203.125 843.750 523.438 351.562 843.750 226.562 -460.938 992.188
-679.688 -671.875 -593.750 945.312 -328.125 328.125 570.312 164.062 867.188 546.875 312.500 851.562 210.938 -492.188 937.500
-632.812 -546.875 -570.312 937.500 -398.438 335.938 562.500 140.625 882.812 546.875 312.500 851.562 203.125 -507.812 945.312
-617.188 -367.188 -609.375 773.438 -500.000 445.312 492.188 70.312 898.438 531.250 289.062 835.938 203.125 -484.375 960.938
-617.188 -312.500 -671.875 656.250 -515.625 539.062 382.812 7.812 937.500 500.000 203.125 859.375 226.562 -562.500 859.375
-648.438 -203.125 -773.438 585.938 -609.375 515.625 304.688 39.062 929.688 429.688 203.125 875.000 132.812 -515.625 906.250
-648.438 -195.312 -773.438 578.125 -625.000 515.625 320.312 31.250 898.438 437.500 203.125 859.375 140.625 -507.812 882.812
-703.125 -242.188 -859.375 570.312 -585.938 562.500 304.688 -15.625 921.875 484.375 148.438 843.750 257.812 -562.500 796.875
-726.562 -281.250 -804.688 726.562 -593.750 515.625 414.062 -23.438 937.500 507.812 164.062 843.750 218.750 -531.250 820.312
-679.688 -304.688 -687.500 843.750 -570.312 484.375 500.000 31.250 921.875 531.250 226.562 835.938 218.750 -515.625 843.750
-703.125 -351.562 -679.688 835.938 -523.438 492.188 492.188 62.500 921.875 507.812 250.000 835.938 187.500 -492.188 867.188
-718.750 -375.000 -648.438 789.062 -421.875 546.875 445.312 148.438 906.250 460.938 328.125 851.562 164.062 -437.500 929.688
-765.625 -359.375 -640.625 750.000 -320.312 585.938 406.250 242.188 898.438 437.500 406.250 835.938 140.625 -375.000 960.938
-781.250 -234.375 -609.375 703.125 -187.500 617.188 351.562 343.750 867.188 375.000 476.562 828.125 101.562 -289.062 1007.812
-796.875 -187.500 -593.750 671.875 -164.062 656.250 351.562 375.000 859.375 367.188 500.000 804.688 117.188 -257.812 1007.812
-812.500 -93.750 -570.312 656.250 -132.812 664.062 351.562 429.688 843.750 382.812 554.688 765.625 156.250 -203.125 1031.250
-765.625 15.625 -500.000 679.688 -125.000 664.062 406.250 429.688 796.875 406.250 562.500 718.750 179.688 -164.062 1015.625
-820.312 54.688 -500.000 710.938 -117.188 648.438 421.875 390.625 781.250 406.250 593.750 734.375 234.375 -257.812 953.125
-835.938 -15.625 -492.188 757.812 -148.438 640.625 468.750 414.062 773.438 445.312 585.938 679.688 234.375 -85.938 1046.875
-812.500 -54.688 -445.312 757.812 -109.375 625.000 468.750 445.312 804.688 460.938 593.750 703.125 242.188 -156.250 984.375
-820.312 -78.125 -437.500 765.625 -62.500 617.188 484.375 445.312 781.250 453.125 601.562 695.312 210.938 -140.625 1031.250
-820.312 -132.812 -429.688 773.438 -62.500 593.750 468.750 460.938 796.875 468.750 593.750 703.125 234.375 -125.000 1039.062
-812.500 -187.500 -437.500 765.625 -93.750 601.562 515.625 421.875 773.438 453.125 601.562 703.125 195.312 -171.875 1023.438
-812.500 -218.750 -453.125 750.000 -125.000 601.562 460.938 421.875 789.062 445.312 585.938 710.938 210.938 -164.062 1023.438
-796.875 -218.750 -445.312 734.375 -140.625 601.562 468.750 398.438 812.500 476.562 562.500 726.562 218.750 -203.125 1015.625
-789.062 -195.312 -453.125 734.375 -148.438 601.562 460.938 390.625 804.688 492.188 554.688 718.750 242.188 -187.500 1007.812
-734.375 -109.375 -468.750 742.188 -148.438 585.938 539.062 359.375 812.500 632.812 578.125 695.312 304.688 -70.312 914.062
-750.000 -132.812 -484.375 773.438 -187.500 562.500 492.188 335.938 789.062 515.625 531.250 710.938 273.438 -210.938 1007.812
-734.375 -179.688 -476.562 765.625 -242.188 546.875 578.125 281.250 789.062 578.125 507.812 695.312 375.000 -289.062 945.312
-726.562 -179.688 -492.188 757.812 -265.625 539.062 570.312 257.812 781.250 625.000 484.375 679.688 335.938 -218.750 921.875
-726.562 -226.562 -539.062 750.000 -304.688 523.438 609.375 203.125 765.625 476.562 500.000 695.312 343.750 -257.812 898.438
-750.000 -273.438 -578.125 726.562 -359.375 523.438 515.625 179.688 781.250 570.312 406.250 664.062 343.750 -398.438 898.438
-789.062 -289.062 -617.188 718.750 -414.062 523.438 562.500 109.375 781.250 468.750 421.875 734.375 273.438 -367.188 875.000
-773.438 -265.625 -617.188 718.750 -453.125 515.625 585.938 85.938 781.250 492.188 437.500 718.750 281.250 -359.375 867.188
-781.250 -140.625 -671.875 742.188 -507.812 492.188 578.125 31.250 804.688 484.375 406.250 750.000 265.625 -390.625 875.000
-781.250 -70.312 -703.125 750.000 -554.688 476.562 601.562 7.812 812.500 484.375 390.625 773.438 257.812 -453.125 882.812
-742.188 -70.312 -687.500 742.188 -562.500 476.562 585.938 -15.625 820.312 492.188 375.000 789.062 218.750 -460.938 875.000
-750.000 -85.938 -695.312 718.750 -570.312 492.188 570.312 -7.812 828.125 445.312 375.000 843.750 179.688 -460.938 890.625
