695.312 -726.562 -265.625 695.312 -625.000 414.062 890.625 -132.812 468.750 875.000 179.688 500.000 679.688 31.250 781.250
671.875 -726.562 -242.188 718.750 -609.375 398.438 906.250 -140.625 453.125 890.625 179.688 453.125 710.938 46.875 742.188
671.875 -718.750 -234.375 718.750 -609.375 398.438 906.250 -132.812 445.312 890.625 179.688 460.938 695.312 39.062 742.188
664.062 -718.750 -226.562 695.312 -609.375 398.438 898.438 -132.812 453.125 882.812 179.688 468.750 695.312 46.875 750.000
664.062 -718.750 -218.750 703.125 -609.375 398.438 898.438 -125.000 453.125 875.000 187.500 460.938 695.312 39.062 750.000
695.312 -734.375 -250.000 703.125 -601.562 406.250 890.625 -117.188 445.312 867.188 210.938 468.750 679.688 54.688 765.625
703.125 -757.812 -265.625 695.312 -593.750 414.062 882.812 -109.375 445.312 867.188 218.750 468.750 679.688 62.500 765.625
796.875 -992.188 -343.750 726.562 -546.875 382.812 882.812 -62.500 421.875 851.562 234.375 460.938 679.688 78.125 765.625
835.938 -1093.750 -367.188 718.750 -523.438 375.000 898.438 -62.500 429.688 867.188 250.000 453.125 679.688 93.750 773.438
1000.000 -1554.688 -484.375 710.938 -507.812 375.000 890.625 -70.312 406.250 882.812 250.000 421.875 671.875 101.562 781.250
867.188 -1414.062 -406.250 703.125 -546.875 390.625 914.062 -101.562 437.500 890.625 203.125 437.500 687.500 62.500 773.438
671.875 -1250.000 -257.812 648.438 -593.750 445.312 875.000 -148.438 492.188 859.375 156.250 492.188 671.875 15.625 773.438
570.312 -1132.812 -226.562 671.875 -546.875 445.312 898.438 -140.625 507.812 875.000 164.062 523.438 671.875 -15.625 789.062
757.812 -710.938 -218.750 625.000 -406.250 515.625 906.250 -62.500 656.250 875.000 164.062 632.812 656.250 -54.688 843.750
765.625 -398.438 -187.500 562.500 -515.625 609.375 890.625 -70.312 679.688 867.188 210.938 632.812 679.688 -31.250 867.188
976.562 23.438 -210.938 468.750 -617.188 687.500 859.375 -15.625 726.562 812.500 281.250 679.688 695.312 -70.312 890.625
937.500 39.062 -140.625 460.938 -640.625 710.938 796.875 -7.812 726.562 835.938 296.875 687.500 710.938 -125.000 875.000
687.500 -289.062 203.125 585.938 -812.500 500.000 750.000 -7.812 726.562 789.062 304.688 687.500 476.562 515.625 1093.750
625.000 -570.312 218.750 593.750 -796.875 437.500 773.438 54.688 648.438 781.250 312.500 648.438 484.375 414.062 1054.688
640.625 -835.938 359.375 554.688 -765.625 382.812 796.875 -78.125 468.750 718.750 507.812 554.688 398.438 226.562 1000.000
554.688 -1031.250 500.000 531.250 -859.375 289.062 851.562 -23.438 312.500 671.875 570.312 460.938 421.875 -46.875 960.938
187.500 -843.750 578.125 156.250 -515.625 632.812 1062.500 -656.250 617.188 585.938 265.625 460.938 203.125 148.438 898.438
367.188 46.875 -156.250 -85.938 -70.312 781.250 -1421.875 101.562 921.875 -31.250 -1171.875 570.312 210.938 -203.125 281.250
992.188 -93.750 93.750 31.250 -1039.062 671.875 62.500 343.750 1000.000 468.750 195.312 539.062 54.688 -242.188 179.688
976.562 -320.312 0.000 343.750 -1039.062 562.500 -140.625 171.875 906.250 750.000 171.875 640.625 648.438 -85.938 437.500
1046.875 -257.812 39.062 593.750 -492.188 531.250 500.000 421.875 1210.938 281.250 -695.312 1390.625 476.562 -609.375 828.125
1179.688 -234.375 62.500 789.062 -914.062 351.562 921.875 -125.000 929.688 710.938 460.938 1148.438 203.125 -500.000 1539.062
1085.938 -140.625 0.000 890.625 -906.250 250.000 1046.875 -273.438 710.938 578.125 414.062 1132.812 164.062 -609.375 1437.500
1085.938 -62.500 -23.438 1015.625 -890.625 210.938 1054.688 -296.875 648.438 500.000 531.250 1148.438 93.750 -843.750 1328.125
1109.375 117.188 -78.125 1031.250 -812.500 125.000 968.750 -320.312 585.938 718.750 343.750 929.688 320.312 -546.875 1132.812
1070.312 210.938 -93.750 1054.688 -718.750 132.812 1078.125 -242.188 570.312 875.000 62.500 734.375 500.000 -468.750 835.938
1070.312 109.375 -62.500 882.812 -796.875 203.125 890.625 -312.500 593.750 820.312 23.438 640.625 578.125 -343.750 773.438
1054.688 62.500 -31.250 859.375 -804.688 226.562 843.750 -320.312 585.938 789.062 23.438 640.625 562.500 -343.750 757.812
1000.000 0.000 -15.625 734.375 -750.000 265.625 757.812 -250.000 632.812 687.500 15.625 687.500 468.750 -359.375 750.000
992.188 -93.750 0.000 640.625 -765.625 320.312 656.250 -257.812 656.250 617.188 15.625 703.125 437.500 -382.812 734.375
1000.000 -242.188 15.625 570.312 -796.875 367.188 625.000 -265.625 687.500 578.125 0.000 742.188 429.688 -421.875 726.562
1023.438 -320.312 54.688 546.875 -882.812 398.438 625.000 -320.312 718.750 625.000 -46.875 750.000 484.375 -437.500 710.938
1156.250 -585.938 101.562 578.125 -1171.875 476.562 765.625 -539.062 757.812 812.500 -195.312 695.312 734.375 -523.438 601.562
1343.750 -984.375 179.688 593.750 -1593.750 539.062 953.125 -828.125 742.188 1187.500 -390.625 523.438 1257.812 -468.750 359.375
1453.125 -953.125 93.750 625.000 -1570.312 515.625 867.188 -679.688 757.812 1078.125 -585.938 453.125 1125.000 -359.375 179.688
1585.938 -851.562 23.438 687.500 -1617.188 460.938 851.562 -695.312 757.812 953.125 -523.438 421.875 953.125 -234.375 148.438
1750.000 -773.438 -31.250 1015.625 -1757.812 281.250 1179.688 -703.125 609.375 1140.625 -429.688 375.000 1078.125 -265.625 164.062
1851.562 -781.250 -140.625 1320.312 -1765.625 117.188 1500.000 -570.312 476.562 1312.500 -242.188 320.312 1289.062 -62.500 226.562
2101.562 -437.500 -367.188 1390.625 -1523.438 -85.938 1515.625 -304.688 226.562 1429.688 195.312 39.062 1304.688 570.312 289.062
1945.312 -382.812 -335.938 1398.438 -1429.688 -218.750 1476.562 -156.250 93.750 1351.562 320.312 -117.188 1195.312 929.688 234.375
1554.688 -453.125 -289.062 1382.812 -1015.625 -492.188 1359.375 179.688 -164.062 1148.438 585.938 -546.875 937.500 1539.062 46.875
726.562 -828.125 -109.375 1171.875 78.125 -1070.312 1070.312 1273.438 -851.562 1031.250 1320.312 -1437.500 656.250 2640.625 -125.000
234.375 -148.438 -195.312 867.188 296.875 -1421.875 273.438 1664.062 -1359.375 351.562 2031.250 -2140.625 281.250 3171.875 -203.125
203.125 492.188 -218.750 1015.625 476.562 -1757.812 23.438 1882.812 -1304.688 -39.062 2257.812 -2250.000 -257.812 3320.312 -140.625
546.875 1289.062 -476.562 1937.500 3601.562 -1398.438 2125.000 632.812 -898.438 -632.812 2054.688 -1648.438 -1242.188 3117.188 23.438
601.562 2000.000 -156.250 70.312 2625.000 -1140.625 -210.938 2484.375 -1179.688 -1218.750 2242.188 -875.000 -2218.750 1625.000 578.125
437.500 1148.438 375.000 281.250 1875.000 -109.375 -523.438 1890.625 343.750 -1281.250 1531.250 195.312 -1796.875 1179.688 953.125
875.000 945.312 421.875 156.250 1445.312 320.312 -492.188 1578.125 484.375 -1125.000 1421.875 328.125 -1640.625 890.625 898.438
875.000 328.125 593.750 203.125 1000.000 554.688 -250.000 1531.250 703.125 -1125.000 1382.812 476.562 -1445.312 750.000 1070.312
539.062 -85.938 804.688 148.438 1054.688 796.875 -195.312 1109.375 773.438 -812.500 1304.688 453.125 -1007.812 718.750 1007.812
242.188 -453.125 1093.750 179.688 617.188 921.875 164.062 929.688 617.188 -62.500 1257.812 23.438 -289.062 937.500 820.312
125.000 -593.750 1171.875 234.375 648.438 914.062 234.375 906.250 570.312 -101.562 1164.062 -31.250 -132.812 953.125 757.812
46.875 -578.125 1226.562 250.000 710.938 890.625 242.188 859.375 515.625 0.000 1171.875 -85.938 -125.000 921.875 710.938
101.562 -414.062 1156.250 203.125 648.438 921.875 203.125 921.875 546.875 -78.125 1234.375 -23.438 -179.688 1007.812 726.562
250.000 -242.188 1054.688 187.500 695.312 921.875 70.312 953.125 726.562 -367.188 1148.438 93.750 -453.125 867.188 742.188
210.938 -226.562 1054.688 179.688 687.500 890.625 39.062 945.312 734.375 -476.562 1210.938 78.125 -601.562 843.750 773.438
273.438 -226.562 960.938 179.688 609.375 906.250 54.688 984.375 710.938 -523.438 1210.938 132.812 -671.875 843.750 828.125
437.500 -226.562 843.750 179.688 703.125 843.750 54.688 960.938 664.062 -359.375 1140.625 39.062 -515.625 835.938 703.125
320.312 -62.500 890.625 210.938 656.250 828.125 78.125 945.312 632.812 -406.250 1156.250 31.250 -554.688 859.375 773.438
242.188 -93.750 914.062 226.562 656.250 796.875 93.750 937.500 640.625 -375.000 1132.812 46.875 -484.375 804.688 726.562
164.062 -218.750 992.188 242.188 585.938 789.062 109.375 835.938 625.000 -320.312 1007.812 23.438 -429.688 804.688 640.625
132.812 -328.125 1000.000 250.000 523.438 812.500 62.500 781.250 687.500 -445.312 1023.438 109.375 -554.688 765.625 750.000
46.875 -78.125 937.500 195.312 460.938 867.188 -85.938 804.688 789.062 -703.125 1093.750 210.938 -789.062 656.250 812.500
203.125 -7.812 859.375 117.188 531.250 875.000 -140.625 890.625 820.312 -703.125 1164.062 226.562 -890.625 671.875 867.188
390.625 62.500 593.750 7.812 656.250 867.188 -265.625 1101.562 781.250 -937.500 1484.375 140.625 -1171.875 906.250 1125.000
671.875 218.750 328.125 78.125 882.812 710.938 -304.688 1179.688 695.312 -1015.625 1437.500 85.938 -781.250 1054.688 1117.188
710.938 523.438 31.250 93.750 1078.125 515.625 -265.625 1390.625 500.000 -421.875 1437.500 -187.500 -601.562 1234.375 1054.688
937.500 531.250 -281.250 265.625 1273.438 335.938 93.750 1671.875 226.562 -1343.750 1945.312 -335.938 -1687.500 1679.688 1539.062
859.375 625.000 -312.500 164.062 1148.438 421.875 54.688 1414.062 234.375 -312.500 1601.562 -601.562 -1273.438 1820.312 1078.125
843.750 398.438 -320.312 195.312 781.250 421.875 210.938 1039.062 -15.625 -273.438 1703.125 -960.938 -1382.812 2601.562 1765.625
828.125 -226.562 -453.125 312.500 539.062 429.688 265.625 1273.438 -265.625 -140.625 1890.625 -960.938 -1117.188 1687.500 1078.125
828.125 -515.625 -406.250 671.875 367.188 335.938 578.125 703.125 -101.562 710.938 1046.875 -1296.875 -914.062 2265.625 703.125
781.250 -421.875 -320.312 1007.812 31.250 343.750 851.562 609.375 437.500 1281.250 1046.875 -109.375 -171.875 3296.875 -257.812
828.125 -234.375 -398.438 281.250 -78.125 890.625 195.312 875.000 890.625 726.562 203.125 398.438 828.125 1593.750 -757.812
671.875 -148.438 -429.688 15.625 -78.125 1078.125 109.375 523.438 804.688 632.812 101.562 375.000 843.750 539.062 -539.062
1179.688 -750.000 -648.438 570.312 15.625 664.062 828.125 585.938 398.438 781.250 773.438 343.750 625.000 1164.062 554.688
1359.375 -1210.938 -671.875 726.562 -7.812 515.625 1078.125 445.312 335.938 632.812 578.125 343.750 960.938 1265.625 265.625
1257.812 -1210.938 -351.562 593.750 -570.312 781.250 851.562 -93.750 656.250 687.500 85.938 492.188 882.812 492.188 78.125
1226.562 -1203.125 -234.375 484.375 -773.438 890.625 851.562 -257.812 835.938 640.625 -179.688 453.125 820.312 156.250 -93.750
1570.312 -1437.500 -234.375 406.250 -843.750 976.562 695.312 -390.625 937.500 984.375 -460.938 445.312 1000.000 -210.938 -531.250
1375.000 -1429.688 -85.938 382.812 -1031.250 1078.125 601.562 -539.062 1000.000 921.875 -781.250 546.875 992.188 -203.125 -437.500
1468.750 -1265.625 -125.000 210.938 -953.125 1164.062 609.375 -476.562 1234.375 203.125 -750.000 789.062 1226.562 -265.625 -242.188
1476.562 -656.250 -250.000 -46.875 -601.562 1164.062 117.188 -195.312 1257.812 421.875 -492.188 945.312 875.000 -570.312 101.562
1375.000 -531.250 -273.438 93.750 -468.750 1070.312 164.062 -70.312 1218.750 429.688 -414.062 968.750 890.625 -523.438 218.750
1234.375 -226.562 -281.250 226.562 -304.688 984.375 281.250 101.562 1078.125 484.375 -234.375 960.938 890.625 -406.250 398.438
1210.938 117.188 -359.375 468.750 -203.125 929.688 531.250 109.375 937.500 710.938 -125.000 804.688 992.188 -226.562 335.938
1406.250 351.562 -453.125 593.750 -242.188 835.938 656.250 164.062 835.938 859.375 -148.438 757.812 1062.500 -171.875 218.750
1875.000 375.000 -789.062 710.938 -304.688 640.625 718.750 -7.812 648.438 992.188 -93.750 539.062 1140.625 -93.750 -46.875
1929.688 296.875 -750.000 882.812 -781.250 484.375 867.188 -140.625 554.688 906.250 -39.062 460.938 1078.125 54.688 0.000
1664.062 -320.312 -773.438 843.750 -796.875 382.812 796.875 -273.438 468.750 812.500 -46.875 437.500 1062.500 -15.625 -109.375
1593.750 -343.750 -789.062 710.938 -671.875 335.938 851.562 -390.625 523.438 718.750 -132.812 437.500 1062.500 -54.688 -187.500
882.812 -1242.188 -406.250 1062.500 -296.875 281.250 265.625 328.125 1101.562 320.312 -320.312 1156.250 671.875 -460.938 -78.125
570.312 -2039.062 -54.688 101.562 265.625 -132.812 375.000 78.125 304.688 -648.438 375.000 789.062 -7.812 -304.688 304.688
-289.062 -1632.812 593.750 156.250 -140.625 156.250 398.438 -156.250 484.375 -406.250 -328.125 992.188 648.438 -375.000 554.688
-1164.062 -976.562 789.062 476.562 -1156.250 453.125 195.312 -179.688 625.000 93.750 78.125 1007.812 -742.188 -437.500 710.938
-164.062 242.188 312.500 -210.938 -2367.188 1710.938 812.500 -1140.625 398.438 679.688 1101.562 609.375 -320.312 -929.688 1609.375
1812.500 937.500 -15.625 1523.438 -23.438 23.438 1234.375 -23.438 812.500 898.438 132.812 1101.562 406.250 85.938 1570.312
742.188 31.250 257.812 1062.500 -617.188 429.688 1007.812 -515.625 390.625 406.250 453.125 828.125 -46.875 -789.062 1164.062
929.688 265.625 179.688 648.438 -468.750 523.438 820.312 -242.188 539.062 671.875 359.375 804.688 312.500 -304.688 1257.812
953.125 -109.375 250.000 578.125 -601.562 609.375 632.812 -359.375 726.562 375.000 320.312 875.000 218.750 -468.750 929.688
1039.062 -289.062 265.625 445.312 -742.188 710.938 507.812 -390.625 828.125 375.000 250.000 898.438 265.625 -390.625 906.250
1015.625 -367.188 265.625 414.062 -742.188 742.188 507.812 -390.625 820.312 414.062 226.562 882.812 343.750 -406.250 843.750
992.188 -351.562 273.438 429.688 -671.875 718.750 531.250 -359.375 804.688 453.125 234.375 875.000 343.750 -406.250 843.750
929.688 -109.375 242.188 570.312 -500.000 625.000 625.000 -218.750 789.062 476.562 328.125 906.250 320.312 -320.312 945.312
906.250 46.875 257.812 679.688 -406.250 546.875 679.688 -132.812 726.562 421.875 375.000 859.375 242.188 -304.688 1000.000
921.875 109.375 265.625 781.250 -414.062 523.438 757.812 -125.000 687.500 523.438 375.000 843.750 343.750 -281.250 984.375
921.875 140.625 304.688 781.250 -414.062 531.250 773.438 -132.812 679.688 578.125 367.188 820.312 382.812 -281.250 960.938
953.125 125.000 304.688 796.875 -445.312 554.688 828.125 -179.688 695.312 593.750 312.500 828.125 445.312 -296.875 890.625
1039.062 140.625 304.688 804.688 -539.062 570.312 796.875 -273.438 703.125 609.375 234.375 835.938 453.125 -359.375 859.375
1054.688 117.188 296.875 796.875 -585.938 562.500 773.438 -335.938 687.500 578.125 210.938 835.938 429.688 -375.000 843.750
1054.688 117.188 296.875 781.250 -585.938 562.500 781.250 -335.938 679.688 593.750 218.750 820.312 437.500 -382.812 828.125
953.125 15.625 281.250 632.812 -492.188 578.125 648.438 -281.250 695.312 546.875 265.625 796.875 453.125 -289.062 859.375
875.000 -78.125 281.250 492.188 -429.688 601.562 546.875 -218.750 703.125 445.312 304.688 796.875 343.750 -257.812 898.438
914.062 -101.562 273.438 515.625 -429.688 617.188 554.688 -218.750 734.375 437.500 296.875 812.500 312.500 -265.625 898.438
937.500 -70.312 296.875 531.250 -460.938 617.188 570.312 -242.188 734.375 453.125 281.250 812.500 343.750 -273.438 890.625
953.125 -31.250 296.875 601.562 -468.750 609.375 625.000 -226.562 726.562 507.812 304.688 789.062 375.000 -257.812 890.625
929.688 15.625 304.688 664.062 -429.688 593.750 703.125 -203.125 687.500 578.125 320.312 789.062 414.062 -265.625 921.875
937.500 39.062 296.875 679.688 -445.312 578.125 718.750 -171.875 687.500 554.688 312.500 796.875 382.812 -265.625 921.875
953.125 78.125 281.250 664.062 -429.688 585.938 671.875 -164.062 710.938 531.250 328.125 804.688 351.562 -257.812 937.500
968.750 39.062 304.688 664.062 -460.938 593.750 578.125 -171.875 734.375 507.812 328.125 828.125 335.938 -289.062 945.312
976.562 -39.062 304.688 609.375 -531.250 609.375 648.438 -242.188 726.562 523.438 296.875 820.312 359.375 -304.688 921.875
992.188 -70.312 296.875 593.750 -554.688 617.188 648.438 -257.812 742.188 515.625 265.625 820.312 359.375 -320.312 898.438
992.188 -70.312 296.875 578.125 -570.312 601.562 617.188 -234.375 726.562 500.000 281.250 828.125 335.938 -335.938 890.625
1000.000 -54.688 296.875 578.125 -570.312 617.188 609.375 -257.812 750.000 445.312 281.250 843.750 273.438 -328.125 929.688
976.562 -54.688 281.250 578.125 -523.438 617.188 609.375 -195.312 757.812 453.125 304.688 867.188 281.250 -320.312 953.125
976.562 -46.875 296.875 585.938 -515.625 625.000 625.000 -210.938 757.812 492.188 320.312 843.750 312.500 -304.688 953.125
984.375 -39.062 289.062 601.562 -507.812 625.000 640.625 -210.938 750.000 492.188 320.312 835.938 312.500 -304.688 945.312
976.562 -23.438 296.875 625.000 -515.625 617.188 656.250 -210.938 742.188 507.812 320.312 828.125 304.688 -312.500 929.688
968.750 -15.625 289.062 656.250 -507.812 609.375 687.500 -218.750 718.750 523.438 312.500 835.938 328.125 -312.500 929.688
953.125 7.812 296.875 648.438 -492.188 593.750 687.500 -195.312 718.750 539.062 312.500 820.312 335.938 -296.875 929.688
953.125 0.000 289.062 656.250 -484.375 601.562 687.500 -203.125 710.938 539.062 312.500 812.500 343.750 -281.250 929.688
953.125 -46.875 273.438 625.000 -421.875 601.562 671.875 -171.875 734.375 531.250 312.500 804.688 328.125 -273.438 937.500
953.125 -54.688 273.438 578.125 -460.938 609.375 609.375 -171.875 765.625 500.000 320.312 835.938 304.688 -281.250 929.688
976.562 -78.125 273.438 585.938 -492.188 632.812 562.500 -164.062 757.812 460.938 296.875 828.125 296.875 -281.250 929.688
945.312 -85.938 273.438 531.250 -500.000 640.625 546.875 -171.875 773.438 437.500 304.688 828.125 281.250 -289.062 929.688
906.250 -148.438 289.062 523.438 -484.375 664.062 453.125 -203.125 773.438 406.250 343.750 843.750 257.812 -257.812 945.312
765.625 -273.438 351.562 343.750 -507.812 687.500 414.062 -101.562 828.125 460.938 406.250 789.062 265.625 -203.125 945.312
765.625 -195.312 406.250 351.562 -515.625 750.000 585.938 -210.938 773.438 507.812 296.875 773.438 414.062 -242.188 906.250
789.062 -101.562 390.625 453.125 -546.875 750.000 656.250 -234.375 828.125 507.812 250.000 828.125 390.625 -250.000 914.062
578.125 23.438 546.875 773.438 -554.688 679.688 726.562 -179.688 898.438 531.250 156.250 968.750 312.500 -335.938 929.688
351.562 289.062 468.750 687.500 -437.500 671.875 640.625 -218.750 1132.812 476.562 31.250 1125.000 273.438 -492.188 929.688
945.312 250.000 203.125 781.250 -554.688 570.312 828.125 -148.438 765.625 617.188 375.000 921.875 382.812 -343.750 1007.812
960.938 187.500 156.250 773.438 -585.938 554.688 796.875 -156.250 695.312 593.750 382.812 828.125 429.688 -226.562 968.750
796.875 -257.812 109.375 734.375 -523.438 500.000 812.500 -156.250 640.625 710.938 382.812 750.000 562.500 -203.125 867.188
710.938 -312.500 125.000 742.188 -492.188 468.750 859.375 -164.062 578.125 632.812 367.188 773.438 617.188 -296.875 835.938
710.938 -531.250 39.062 554.688 -570.312 398.438 757.812 -164.062 507.812 570.312 328.125 625.000 343.750 -226.562 906.250
820.312 -500.000 -7.812 601.562 -554.688 398.438 726.562 -125.000 507.812 531.250 359.375 640.625 281.250 -179.688 921.875
1031.250 -460.938 -101.562 632.812 -531.250 351.562 750.000 -85.938 507.812 468.750 406.250 656.250 171.875 -187.500 929.688
1109.375 -445.312 -156.250 687.500 -515.625 335.938 734.375 -54.688 515.625 476.562 429.688 656.250 156.250 -195.312 929.688
1273.438 -406.250 -289.062 773.438 -539.062 289.062 781.250 -46.875 539.062 507.812 421.875 695.312 179.688 -156.250 968.750
1281.250 -398.438 -312.500 789.062 -539.062 281.250 781.250 -39.062 539.062 531.250 429.688 695.312 210.938 -164.062 968.750
1234.375 -359.375 -312.500 789.062 -578.125 289.062 851.562 -109.375 523.438 578.125 406.250 695.312 226.562 -203.125 968.750
1187.500 -343.750 -296.875 804.688 -609.375 296.875 875.000 -132.812 507.812 617.188 406.250 687.500 265.625 -195.312 976.562
1007.812 -335.938 -265.625 851.562 -570.312 250.000 875.000 -125.000 523.438 664.062 382.812 695.312 320.312 -242.188 968.750
992.188 -359.375 -273.438 859.375 -539.062 234.375 843.750 -109.375 546.875 640.625 359.375 710.938 289.062 -218.750 968.750
984.375 -375.000 -265.625 820.312 -539.062 257.812 804.688 -85.938 578.125 570.312 367.188 742.188 265.625 -226.562 968.750
968.750 -382.812 -273.438 773.438 -546.875 289.062 773.438 -70.312 593.750 539.062 382.812 757.812 226.562 -218.750 968.750
953.125 -351.562 -273.438 664.062 -585.938 375.000 726.562 -101.562 632.812 500.000 398.438 773.438 171.875 -218.750 984.375
945.312 -359.375 -265.625 664.062 -609.375 382.812 734.375 -101.562 648.438 515.625 390.625 757.812 187.500 -218.750 976.562
937.500 -398.438 -257.812 664.062 -617.188 382.812 726.562 -117.188 640.625 507.812 375.000 757.812 164.062 -226.562 960.938
937.500 -406.250 -265.625 664.062 -632.812 390.625 742.188 -117.188 640.625 492.188 375.000 765.625 164.062 -226.562 968.750
906.250 -460.938 -250.000 687.500 -648.438 382.812 750.000 -117.188 640.625 523.438 390.625 773.438 171.875 -226.562 984.375
898.438 -468.750 -257.812 679.688 -648.438 398.438 765.625 -125.000 640.625 523.438 398.438 773.438 171.875 -218.750 1000.000
906.250 -453.125 -273.438 671.875 -640.625 406.250 742.188 -125.000 656.250 523.438 398.438 773.438 171.875 -218.750 1000.000
906.250 -460.938 -265.625 664.062 -648.438 414.062 750.000 -132.812 671.875 523.438 398.438 781.250 179.688 -226.562 1000.000
914.062 -453.125 -273.438 671.875 -656.250 421.875 757.812 -132.812 664.062 531.250 390.625 781.250 195.312 -218.750 984.375
