414.062 -953.125 -414.062 148.438 -546.875 828.125 93.750 312.500 1085.938 -109.375 335.938 1062.500 -468.750 570.312 804.688
390.625 -968.750 -367.188 203.125 -625.000 804.688 93.750 250.000 1085.938 -140.625 328.125 1085.938 -468.750 531.250 820.312
398.438 -992.188 -343.750 234.375 -695.312 773.438 85.938 218.750 1093.750 -125.000 296.875 1085.938 -445.312 523.438 828.125
429.688 -984.375 -320.312 367.188 -671.875 671.875 179.688 156.250 1070.312 -132.812 281.250 1062.500 -437.500 445.312 781.250
375.000 -1039.062 -289.062 382.812 -718.750 617.188 320.312 93.750 960.938 -46.875 234.375 984.375 -320.312 414.062 742.188
671.875 -1328.125 -554.688 453.125 -726.562 570.312 546.875 46.875 703.125 187.500 390.625 734.375 -312.500 515.625 734.375
742.188 -1250.000 -609.375 406.250 -726.562 625.000 570.312 23.438 664.062 234.375 375.000 679.688 -250.000 484.375 710.938
585.938 -867.188 -523.438 304.688 -742.188 679.688 585.938 -62.500 726.562 359.375 406.250 648.438 -171.875 562.500 640.625
710.938 -1234.375 -539.062 398.438 -664.062 554.688 578.125 85.938 695.312 296.875 445.312 710.938 -242.188 554.688 664.062
804.688 -1070.312 -437.500 460.938 -640.625 492.188 554.688 156.250 718.750 187.500 507.812 812.500 -382.812 609.375 796.875
679.688 -1117.188 -343.750 445.312 -515.625 500.000 531.250 93.750 750.000 117.188 562.500 828.125 -500.000 625.000 828.125
437.500 -1085.938 -195.312 343.750 -640.625 546.875 445.312 164.062 789.062 39.062 546.875 914.062 -562.500 609.375 890.625
515.625 -1023.438 -70.312 367.188 -703.125 531.250 437.500 210.938 726.562 7.812 625.000 875.000 -609.375 601.562 906.250
382.812 -1125.000 39.062 117.188 -546.875 570.312 179.688 117.188 835.938 -164.062 554.688 921.875 -703.125 640.625 835.938
492.188 -1328.125 31.250 140.625 -585.938 453.125 109.375 210.938 804.688 -164.062 593.750 929.688 -718.750 632.812 828.125
515.625 -1054.688 54.688 304.688 -695.312 343.750 148.438 39.062 757.812 -109.375 523.438 929.688 -632.812 632.812 835.938
-54.688 -476.562 351.562 226.562 -773.438 320.312 46.875 -23.438 890.625 -265.625 250.000 1343.750 -632.812 179.688 921.875
757.812 437.500 -242.188 492.188 -343.750 648.438 -429.688 -85.938 1156.250 -250.000 93.750 984.375 -132.812 78.125 828.125
539.062 -23.438 46.875 328.125 -640.625 718.750 164.062 -351.562 1039.062 23.438 -382.812 1000.000 -85.938 93.750 734.375
304.688 78.125 7.812 156.250 -1171.875 796.875 265.625 -679.688 820.312 562.500 257.812 656.250 -46.875 375.000 804.688
875.000 -23.438 164.062 -218.750 -1609.375 1578.125 312.500 -656.250 906.250 250.000 46.875 773.438 -101.562 218.750 828.125
859.375 -484.375 109.375 351.562 -718.750 703.125 359.375 -398.438 1046.875 54.688 -109.375 1070.312 -23.438 250.000 828.125
1000.000 -476.562 125.000 257.812 -843.750 710.938 343.750 -398.438 984.375 109.375 -85.938 1031.250 -148.438 226.562 906.250
906.250 -492.188 156.250 320.312 -765.625 687.500 273.438 -421.875 929.688 39.062 -62.500 960.938 -187.500 250.000 851.562
914.062 -390.625 101.562 250.000 -679.688 671.875 250.000 -289.062 960.938 -15.625 -54.688 1007.812 -203.125 281.250 843.750
906.250 -359.375 93.750 203.125 -609.375 671.875 148.438 -171.875 992.188 -132.812 70.312 1039.062 -406.250 390.625 914.062
875.000 -421.875 117.188 85.938 -515.625 710.938 -7.812 -46.875 1046.875 -328.125 148.438 1109.375 -546.875 429.688 890.625
789.062 -546.875 179.688 -85.938 -445.312 796.875 -171.875 31.250 1101.562 -453.125 273.438 1132.812 -656.250 554.688 929.688
695.312 -671.875 257.812 -218.750 -421.875 875.000 -234.375 46.875 1117.188 -484.375 343.750 1132.812 -640.625 570.312 929.688
453.125 -710.938 328.125 -125.000 -460.938 914.062 -117.188 -46.875 1078.125 -328.125 289.062 1054.688 -468.750 554.688 906.250
414.062 -656.250 351.562 179.688 -382.812 875.000 343.750 -148.438 992.188 78.125 132.812 1031.250 -289.062 468.750 953.125
-78.125 -85.938 539.062 375.000 -562.500 804.688 414.062 -367.188 1140.625 296.875 0.000 1382.812 -187.500 85.938 1101.562
593.750 218.750 367.188 718.750 -796.875 867.188 367.188 -328.125 1304.688 -70.312 -625.000 1195.312 156.250 -15.625 648.438
1000.000 320.312 62.500 523.438 -812.500 890.625 250.000 -250.000 1367.188 -250.000 -414.062 1289.062 7.812 281.250 773.438
1843.750 210.938 -195.312 273.438 -625.000 726.562 296.875 -195.312 1203.125 -117.188 -203.125 1000.000 -195.312 343.750 914.062
976.562 46.875 -382.812 7.812 -820.312 851.562 46.875 -609.375 945.312 -23.438 210.938 648.438 -257.812 281.250 953.125
875.000 -617.188 -320.312 -312.500 -1429.688 343.750 -695.312 -414.062 593.750 648.438 312.500 578.125 -54.688 570.312 867.188
789.062 -601.562 -109.375 85.938 -1125.000 234.375 -1015.625 -273.438 171.875 101.562 382.812 671.875 46.875 609.375 804.688
750.000 -1203.125 62.500 898.438 -609.375 -171.875 906.250 31.250 226.562 484.375 781.250 171.875 -664.062 843.750 1109.375
578.125 -1796.875 70.312 898.438 203.125 -46.875 953.125 62.500 257.812 1250.000 351.562 437.500 -328.125 382.812 1203.125
507.812 -1703.125 31.250 664.062 -335.938 265.625 1031.250 -132.812 78.125 664.062 507.812 359.375 -54.688 742.188 757.812
648.438 -1484.375 -78.125 679.688 -578.125 312.500 1093.750 -117.188 148.438 742.188 460.938 281.250 109.375 734.375 531.250
1054.688 -648.438 -250.000 718.750 -593.750 375.000 906.250 -101.562 476.562 679.688 164.062 523.438 289.062 500.000 507.812
1031.250 -601.562 -218.750 812.500 -585.938 257.812 1031.250 -179.688 500.000 703.125 218.750 703.125 -39.062 460.938 820.312
898.438 -726.562 -164.062 875.000 -539.062 179.688 765.625 -179.688 554.688 640.625 203.125 742.188 -23.438 515.625 851.562
773.438 -718.750 -101.562 851.562 -578.125 242.188 789.062 -210.938 593.750 593.750 234.375 773.438 31.250 523.438 812.500
750.000 -695.312 -78.125 664.062 -664.062 375.000 882.812 -203.125 523.438 617.188 335.938 726.562 23.438 523.438 835.938
789.062 -781.250 -125.000 734.375 -617.188 343.750 843.750 -218.750 562.500 656.250 273.438 710.938 15.625 546.875 859.375
781.250 -734.375 -140.625 726.562 -703.125 273.438 835.938 -210.938 539.062 578.125 304.688 789.062 0.000 515.625 906.250
796.875 -656.250 -156.250 757.812 -695.312 257.812 835.938 -242.188 570.312 617.188 257.812 828.125 15.625 523.438 945.312
828.125 -679.688 -171.875 773.438 -671.875 242.188 882.812 -265.625 523.438 656.250 242.188 796.875 46.875 507.812 945.312
835.938 -703.125 -195.312 757.812 -726.562 234.375 851.562 -320.312 492.188 703.125 195.312 726.562 85.938 484.375 898.438
859.375 -703.125 -195.312 742.188 -695.312 257.812 812.500 -328.125 554.688 648.438 132.812 773.438 140.625 468.750 843.750
851.562 -679.688 -195.312 757.812 -734.375 242.188 804.688 -296.875 562.500 625.000 164.062 789.062 132.812 460.938 851.562
851.562 -632.812 -195.312 734.375 -710.938 257.812 796.875 -312.500 546.875 617.188 187.500 804.688 70.312 460.938 921.875
859.375 -632.812 -179.688 781.250 -703.125 226.562 867.188 -304.688 507.812 656.250 195.312 781.250 78.125 476.562 898.438
796.875 -640.625 -156.250 757.812 -648.438 257.812 828.125 -289.062 539.062 640.625 195.312 757.812 109.375 476.562 882.812
781.250 -640.625 -132.812 773.438 -648.438 265.625 828.125 -257.812 523.438 632.812 210.938 757.812 109.375 492.188 859.375
789.062 -648.438 -101.562 703.125 -640.625 359.375 804.688 -273.438 554.688 632.812 250.000 742.188 62.500 531.250 859.375
734.375 -710.938 -62.500 742.188 -601.562 351.562 812.500 -187.500 546.875 625.000 304.688 710.938 78.125 562.500 820.312
695.312 -742.188 -23.438 734.375 -562.500 390.625 820.312 -164.062 570.312 617.188 320.312 710.938 70.312 593.750 796.875
718.750 -726.562 -15.625 757.812 -554.688 382.812 851.562 -132.812 546.875 632.812 343.750 703.125 54.688 601.562 796.875
710.938 -671.875 7.812 710.938 -484.375 453.125 765.625 -62.500 632.812 531.250 421.875 773.438 -31.250 625.000 820.312
718.750 -679.688 31.250 765.625 -476.562 437.500 804.688 -7.812 617.188 539.062 492.188 773.438 -101.562 695.312 859.375
710.938 -656.250 46.875 710.938 -476.562 484.375 757.812 -31.250 640.625 539.062 492.188 742.188 -101.562 687.500 835.938
687.500 -664.062 70.312 718.750 -445.312 500.000 773.438 -15.625 640.625 539.062 492.188 742.188 -54.688 703.125 796.875
671.875 -718.750 109.375 781.250 -445.312 460.938 843.750 -23.438 562.500 617.188 468.750 664.062 0.000 687.500 765.625
679.688 -648.438 117.188 757.812 -460.938 476.562 835.938 -54.688 578.125 617.188 460.938 648.438 15.625 679.688 726.562
656.250 -656.250 125.000 734.375 -460.938 484.375 828.125 -15.625 585.938 593.750 476.562 671.875 7.812 695.312 734.375
625.000 -679.688 140.625 718.750 -453.125 507.812 804.688 -15.625 593.750 593.750 500.000 679.688 -23.438 703.125 750.000
554.688 -664.062 125.000 632.812 -507.812 531.250 789.062 -23.438 531.250 570.312 593.750 617.188 -23.438 710.938 750.000
625.000 -703.125 93.750 648.438 -500.000 546.875 796.875 0.000 546.875 609.375 507.812 609.375 7.812 726.562 718.750
750.000 -710.938 23.438 734.375 -507.812 523.438 929.688 15.625 460.938 710.938 523.438 531.250 23.438 671.875 718.750
812.500 -765.625 -70.312 625.000 -578.125 562.500 953.125 -31.250 390.625 718.750 515.625 476.562 0.000 656.250 687.500
1203.125 -835.938 -351.562 601.562 -484.375 679.688 984.375 -203.125 367.188 859.375 414.062 265.625 140.625 656.250 445.312
1242.188 -695.312 -335.938 781.250 -148.438 671.875 867.188 -468.750 500.000 671.875 234.375 320.312 140.625 578.125 421.875
1125.000 -523.438 -367.188 898.438 -7.812 679.688 437.500 -445.312 437.500 656.250 203.125 468.750 54.688 554.688 523.438
1117.188 -476.562 -335.938 882.812 -101.562 515.625 976.562 -507.812 640.625 500.000 132.812 468.750 -31.250 539.062 601.562
1031.250 -484.375 -406.250 1046.875 -601.562 -23.438 898.438 398.438 281.250 414.062 226.562 734.375 -70.312 445.312 750.000
960.938 -625.000 -312.500 1171.875 -437.500 -93.750 414.062 390.625 726.562 -7.812 140.625 976.562 -101.562 554.688 859.375
726.562 -570.312 -156.250 976.562 -296.875 179.688 390.625 343.750 820.312 171.875 375.000 1148.438 -164.062 507.812 1039.062
632.812 -468.750 -85.938 1007.812 -343.750 203.125 578.125 257.812 875.000 203.125 398.438 1171.875 -203.125 562.500 1070.312
421.875 -617.188 -78.125 1000.000 -343.750 187.500 460.938 273.438 828.125 164.062 570.312 1117.188 -148.438 554.688 953.125
812.500 -742.188 -179.688 929.688 -281.250 343.750 523.438 335.938 859.375 203.125 171.875 1007.812 -242.188 437.500 843.750
757.812 -617.188 -156.250 1000.000 -351.562 343.750 531.250 304.688 914.062 93.750 343.750 976.562 -265.625 554.688 828.125
679.688 -664.062 -125.000 960.938 -320.312 343.750 609.375 398.438 843.750 78.125 359.375 1007.812 -250.000 601.562 828.125
437.500 -687.500 78.125 953.125 -226.562 359.375 578.125 453.125 960.938 -171.875 289.062 1187.500 -421.875 492.188 898.438
578.125 -812.500 -46.875 796.875 -218.750 515.625 507.812 546.875 835.938 7.812 445.312 1039.062 -484.375 664.062 890.625
750.000 -710.938 -23.438 664.062 -203.125 625.000 328.125 562.500 882.812 -23.438 312.500 1015.625 -343.750 578.125 765.625
671.875 -585.938 0.000 703.125 -226.562 617.188 328.125 531.250 890.625 -70.312 304.688 1062.500 -468.750 531.250 828.125
718.750 -718.750 -46.875 804.688 -281.250 539.062 468.750 492.188 828.125 -15.625 382.812 1046.875 -421.875 601.562 851.562
710.938 -601.562 -54.688 828.125 -289.062 500.000 554.688 445.312 781.250 132.812 296.875 968.750 -281.250 554.688 781.250
671.875 -507.812 -39.062 843.750 -242.188 492.188 507.812 460.938 757.812 148.438 312.500 953.125 -218.750 609.375 765.625
703.125 -570.312 -70.312 882.812 -203.125 445.312 531.250 476.562 726.562 156.250 335.938 945.312 -218.750 617.188 765.625
710.938 -554.688 -62.500 898.438 -179.688 421.875 539.062 468.750 726.562 140.625 328.125 929.688 -281.250 585.938 781.250
750.000 -445.312 -85.938 789.062 -156.250 515.625 421.875 531.250 757.812 46.875 382.812 976.562 -351.562 632.812 781.250
726.562 -515.625 -85.938 789.062 -132.812 554.688 398.438 562.500 757.812 31.250 398.438 968.750 -382.812 648.438 781.250
726.562 -585.938 -78.125 789.062 -125.000 539.062 398.438 562.500 757.812 -15.625 390.625 984.375 -421.875 625.000 796.875
734.375 -632.812 -93.750 804.688 -125.000 531.250 398.438 570.312 765.625 -31.250 414.062 1015.625 -460.938 632.812 812.500
742.188 -617.188 -109.375 812.500 -93.750 523.438 382.812 593.750 820.312 -23.438 390.625 1046.875 -414.062 640.625 812.500
601.562 -523.438 -85.938 820.312 -85.938 531.250 359.375 656.250 882.812 -70.312 390.625 1117.188 -445.312 664.062 835.938
609.375 -460.938 -85.938 828.125 -132.812 546.875 398.438 625.000 867.188 -46.875 414.062 1101.562 -445.312 664.062 843.750
671.875 -601.562 -250.000 757.812 -164.062 601.562 468.750 585.938 765.625 -7.812 484.375 1007.812 -414.062 687.500 820.312
890.625 -718.750 -484.375 773.438 -203.125 648.438 367.188 609.375 851.562 -179.688 359.375 1117.188 -328.125 664.062 757.812
960.938 -851.562 -476.562 789.062 -250.000 593.750 437.500 445.312 695.312 273.438 468.750 875.000 -156.250 726.562 757.812
898.438 -921.875 -460.938 812.500 -328.125 562.500 554.688 367.188 656.250 257.812 437.500 781.250 -171.875 726.562 742.188
992.188 -664.062 -375.000 1328.125 -328.125 -7.812 742.188 148.438 765.625 554.688 -7.812 828.125 -70.312 445.312 781.250
875.000 -960.938 -484.375 523.438 -148.438 460.938 265.625 515.625 625.000 -85.938 515.625 828.125 -289.062 585.938 609.375
921.875 -601.562 -484.375 640.625 -250.000 492.188 953.125 421.875 453.125 476.562 414.062 820.312 -281.250 546.875 921.875
945.312 -789.062 -500.000 703.125 -234.375 421.875 828.125 343.750 382.812 437.500 656.250 742.188 -218.750 828.125 828.125
851.562 -1062.500 -351.562 992.188 -132.812 140.625 671.875 320.312 421.875 289.062 570.312 640.625 -257.812 773.438 757.812
804.688 -984.375 -250.000 945.312 -117.188 93.750 796.875 195.312 187.500 367.188 539.062 718.750 -171.875 453.125 945.312
789.062 -757.812 -226.562 765.625 -203.125 125.000 632.812 164.062 460.938 304.688 351.562 679.688 70.312 585.938 859.375
789.062 -828.125 -210.938 875.000 -171.875 39.062 460.938 23.438 664.062 828.125 54.688 859.375 218.750 500.000 796.875
507.812 -179.688 164.062 554.688 -976.562 640.625 421.875 0.000 1101.562 234.375 -414.062 1164.062 101.562 156.250 781.250
257.812 179.688 304.688 625.000 -1210.938 640.625 218.750 -226.562 1320.312 375.000 -390.625 1257.812 -15.625 257.812 953.125
1210.938 -156.250 -85.938 1085.938 -1007.812 484.375 781.250 -390.625 968.750 578.125 -375.000 890.625 335.938 203.125 789.062
945.312 -164.062 -78.125 695.312 -875.000 492.188 679.688 -187.500 984.375 460.938 -304.688 984.375 164.062 148.438 851.562
984.375 -46.875 -54.688 625.000 -906.250 546.875 593.750 -203.125 906.250 351.562 -125.000 937.500 101.562 296.875 890.625
937.500 -132.812 -85.938 593.750 -773.438 539.062 523.438 -109.375 867.188 328.125 -109.375 906.250 54.688 304.688 843.750
851.562 -226.562 -31.250 453.125 -492.188 546.875 429.688 140.625 789.062 242.188 117.188 921.875 -70.312 500.000 875.000
835.938 -218.750 -39.062 437.500 -445.312 554.688 421.875 195.312 789.062 203.125 164.062 937.500 -109.375 531.250 890.625
835.938 -234.375 -31.250 390.625 -421.875 570.312 382.812 242.188 804.688 164.062 195.312 953.125 -156.250 562.500 890.625
843.750 -257.812 -31.250 398.438 -414.062 570.312 375.000 242.188 796.875 148.438 203.125 960.938 -179.688 562.500 882.812
867.188 -320.312 -15.625 367.188 -531.250 625.000 343.750 171.875 851.562 140.625 140.625 960.938 -156.250 507.812 875.000
875.000 -367.188 -7.812 375.000 -546.875 625.000 343.750 140.625 867.188 140.625 125.000 960.938 -148.438 484.375 859.375
890.625 -351.562 0.000 406.250 -609.375 632.812 367.188 125.000 882.812 140.625 85.938 968.750 -140.625 453.125 867.188
914.062 -375.000 -23.438 429.688 -687.500 671.875 375.000 78.125 937.500 164.062 15.625 992.188 -93.750 429.688 859.375
890.625 -398.438 7.812 421.875 -703.125 710.938 398.438 93.750 953.125 164.062 46.875 1007.812 -85.938 460.938 875.000
851.562 -437.500 15.625 437.500 -687.500 710.938 445.312 101.562 945.312 195.312 23.438 992.188 -46.875 445.312 867.188
562.500 -156.250 265.625 562.500 -734.375 648.438 0.000 85.938 953.125 203.125 23.438 1023.438 -31.250 437.500 890.625
539.062 -546.875 164.062 656.250 -726.562 625.000 648.438 140.625 984.375 312.500 -23.438 1085.938 -62.500 367.188 929.688
601.562 -429.688 54.688 835.938 -734.375 468.750 546.875 156.250 812.500 343.750 -39.062 1007.812 39.062 484.375 820.312
757.812 -523.438 54.688 851.562 -429.688 437.500 539.062 250.000 843.750 218.750 0.000 1007.812 -23.438 414.062 843.750
773.438 -515.625 -70.312 890.625 -367.188 390.625 617.188 242.188 789.062 257.812 54.688 968.750 15.625 429.688 843.750
734.375 -507.812 -46.875 804.688 -390.625 460.938 617.188 179.688 859.375 171.875 117.188 984.375 -15.625 453.125 820.312
781.250 -671.875 -164.062 687.500 -640.625 507.812 500.000 15.625 835.938 226.562 0.000 851.562 15.625 359.375 609.375
820.312 -796.875 -156.250 578.125 -593.750 507.812 476.562 70.312 828.125 195.312 39.062 867.188 -117.188 382.812 710.938
812.500 -960.938 -171.875 703.125 -476.562 445.312 437.500 125.000 796.875 132.812 203.125 914.062 -234.375 500.000 875.000
773.438 -945.312 -187.500 625.000 -492.188 484.375 437.500 148.438 820.312 148.438 242.188 929.688 -218.750 539.062 851.562
718.750 -929.688 -242.188 585.938 -421.875 539.062 421.875 242.188 757.812 125.000 367.188 867.188 -273.438 601.562 796.875
718.750 -914.062 -250.000 585.938 -406.250 546.875 445.312 257.812 757.812 109.375 390.625 882.812 -296.875 625.000 804.688
718.750 -867.188 -296.875 562.500 -390.625 578.125 429.688 281.250 765.625 93.750 390.625 890.625 -328.125 601.562 789.062
742.188 -796.875 -328.125 578.125 -382.812 578.125 382.812 296.875 789.062 54.688 367.188 914.062 -351.562 578.125 781.250
851.562 -476.562 -453.125 531.250 -335.938 695.312 304.688 390.625 921.875 0.000 382.812 976.562 -320.312 625.000 765.625
859.375 -539.062 -476.562 546.875 -312.500 695.312 296.875 421.875 929.688 -7.812 367.188 992.188 -390.625 593.750 757.812
859.375 -570.312 -437.500 585.938 -335.938 656.250 351.562 382.812 906.250 -7.812 351.562 992.188 -414.062 578.125 765.625
812.500 -609.375 -406.250 609.375 -351.562 632.812 375.000 359.375 875.000 -7.812 375.000 992.188 -460.938 578.125 804.688
671.875 -671.875 -312.500 601.562 -414.062 617.188 414.062 304.688 859.375 23.438 375.000 1000.000 -429.688 570.312 820.312
601.562 -718.750 -257.812 546.875 -445.312 640.625 406.250 281.250 867.188 62.500 367.188 945.312 -367.188 578.125 773.438
585.938 -789.062 -226.562 523.438 -468.750 671.875 390.625 257.812 859.375 93.750 351.562 906.250 -312.500 570.312 734.375
578.125 -812.500 -218.750 507.812 -468.750 664.062 382.812 250.000 843.750 101.562 343.750 890.625 -304.688 570.312 718.750
515.625 -859.375 -171.875 500.000 -453.125 656.250 382.812 250.000 812.500 117.188 382.812 851.562 -304.688 593.750 718.750
476.562 -851.562 -140.625 484.375 -429.688 648.438 375.000 273.438 804.688 109.375 406.250 859.375 -312.500 609.375 710.938
421.875 -820.312 -132.812 390.625 -406.250 710.938 312.500 304.688 828.125 62.500 414.062 859.375 -351.562 609.375 710.938
437.500 -828.125 -132.812 359.375 -406.250 734.375 281.250 320.312 851.562 23.438 429.688 875.000 -359.375 601.562 695.312
460.938 -843.750 -148.438 328.125 -414.062 789.062 218.750 335.938 898.438 -31.250 437.500 906.250 -406.250 601.562 703.125
585.938 -890.625 -156.250 335.938 -492.188 804.688 117.188 320.312 1031.250 -250.000 328.125 1046.875 -625.000 476.562 773.438
546.875 -921.875 -171.875 351.562 -531.250 812.500 140.625 312.500 1031.250 -226.562 398.438 1062.500 -648.438 546.875 789.062
523.438 -929.688 -179.688 335.938 -523.438 828.125 156.250 312.500 1023.438 -187.500 445.312 1046.875 -632.812 585.938 804.688
437.500 -945.312 -171.875 312.500 -460.938 851.562 210.938 343.750 953.125 -85.938 460.938 968.750 -507.812 625.000 765.625
429.688 -960.938 -156.250 328.125 -468.750 843.750 226.562 328.125 960.938 -54.688 460.938 960.938 -460.938 617.188 742.188
382.812 -984.375 -140.625 335.938 -484.375 812.500 242.188 296.875 945.312 -31.250 421.875 929.688 -406.250 601.562 695.312
382.812 -992.188 -132.812 335.938 -507.812 804.688 242.188 289.062 929.688 -15.625 406.250 921.875 -382.812 593.750 695.312
367.188 -1023.438 -117.188 343.750 -531.250 804.688 250.000 250.000 929.688 -15.625 367.188 898.438 -351.562 562.500 679.688
328.125 -1093.750 -93.750 328.125 -570.312 804.688 265.625 203.125 929.688 39.062 320.312 875.000 -281.250 531.250 640.625
296.875 -1101.562 -93.750 312.500 -585.938 796.875 250.000 203.125 921.875 15.625 312.500 875.000 -296.875 515.625 632.812
289.062 -1093.750 -85.938 296.875 -578.125 796.875 250.000 203.125 921.875 15.625 312.500 875.000 -328.125 500.000 640.625
289.062 -1070.312 -85.938 265.625 -578.125 804.688 203.125 218.750 945.312 -62.500 328.125 898.438 -429.688 500.000 671.875
328.125 -1000.000 -101.562 203.125 -515.625 851.562 101.562 296.875 1015.625 -203.125 398.438 976.562 -578.125 531.250 710.938
343.750 -937.500 -140.625 148.438 -476.562 882.812 85.938 359.375 1015.625 -242.188 476.562 1007.812 -695.312 585.938 757.812
