773.438 -859.375 -625.000 531.250 -148.438 765.625 195.312 -39.062 1078.125 93.750 242.188 1117.188 -140.625 664.062 875.000
742.188 -875.000 -648.438 562.500 -343.750 664.062 226.562 85.938 1023.438 54.688 328.125 1156.250 -179.688 734.375 960.938
726.562 -843.750 -617.188 554.688 -398.438 656.250 210.938 54.688 960.938 125.000 367.188 1109.375 -218.750 781.250 1031.250
687.500 -875.000 -531.250 632.812 -296.875 648.438 398.438 7.812 914.062 226.562 421.875 1125.000 -195.312 757.812 1117.188
500.000 -882.812 -398.438 593.750 -187.500 656.250 484.375 -23.438 875.000 296.875 304.688 1000.000 39.062 765.625 1093.750
484.375 -695.312 -437.500 703.125 -296.875 554.688 648.438 -78.125 796.875 437.500 328.125 937.500 46.875 851.562 1046.875
656.250 -726.562 -554.688 718.750 -304.688 507.812 664.062 -7.812 773.438 429.688 476.562 992.188 15.625 835.938 1093.750
718.750 -609.375 -500.000 695.312 -156.250 515.625 734.375 -15.625 796.875 773.438 117.188 859.375 195.312 585.938 859.375
351.562 -226.562 -164.062 890.625 101.562 914.062 437.500 101.562 476.562 257.812 -125.000 546.875 85.938 523.438 609.375
585.938 -234.375 -367.188 789.062 -554.688 523.438 406.250 -382.812 554.688 1125.000 -39.062 546.875 164.062 375.000 804.688
789.062 -476.562 -437.500 929.688 -554.688 421.875 906.250 -398.438 515.625 843.750 -164.062 515.625 234.375 359.375 671.875
671.875 -468.750 -484.375 664.062 -664.062 578.125 507.812 -445.312 648.438 828.125 -406.250 585.938 695.312 0.000 164.062
742.188 -382.812 -609.375 578.125 -625.000 625.000 695.312 -257.812 664.062 546.875 -695.312 453.125 1007.812 15.625 39.062
828.125 -539.062 -656.250 507.812 -695.312 695.312 335.938 -515.625 664.062 1742.188 -203.125 484.375 1007.812 234.375 406.250
828.125 -554.688 -664.062 476.562 -679.688 718.750 601.562 -617.188 656.250 742.188 -312.500 484.375 953.125 179.688 429.688
835.938 -531.250 -703.125 359.375 -679.688 765.625 742.188 -554.688 687.500 703.125 -296.875 468.750 1007.812 125.000 328.125
789.062 -445.312 -640.625 468.750 -625.000 632.812 789.062 -539.062 570.312 1320.312 -250.000 398.438 1132.812 242.188 375.000
765.625 -281.250 -664.062 640.625 -632.812 531.250 812.500 -554.688 398.438 1007.812 -171.875 265.625 914.062 195.312 414.062
820.312 -265.625 -656.250 648.438 -648.438 492.188 812.500 -554.688 382.812 1007.812 -148.438 289.062 914.062 234.375 460.938
750.000 -304.688 -609.375 632.812 -617.188 476.562 765.625 -546.875 429.688 945.312 -257.812 320.312 976.562 85.938 343.750
734.375 -382.812 -570.312 656.250 -617.188 468.750 773.438 -570.312 390.625 960.938 -304.688 250.000 1000.000 7.812 226.562
718.750 -531.250 -562.500 593.750 -664.062 523.438 781.250 -625.000 343.750 1007.812 -289.062 140.625 976.562 -15.625 218.750
718.750 -570.312 -539.062 617.188 -679.688 507.812 796.875 -617.188 343.750 1031.250 -304.688 132.812 976.562 -31.250 242.188
843.750 -468.750 -601.562 664.062 -656.250 460.938 804.688 -625.000 335.938 1007.812 -359.375 140.625 1015.625 -78.125 187.500
921.875 -414.062 -703.125 632.812 -687.500 507.812 765.625 -679.688 382.812 992.188 -367.188 203.125 1070.312 -54.688 257.812
976.562 -750.000 -671.875 523.438 -617.188 640.625 710.938 -843.750 492.188 1101.562 -437.500 148.438 992.188 -101.562 234.375
750.000 -843.750 -664.062 531.250 -507.812 601.562 789.062 -757.812 445.312 1109.375 -500.000 62.500 953.125 -210.938 187.500
851.562 -1578.125 -445.312 781.250 -1218.750 375.000 1078.125 -554.688 132.812 1039.062 -406.250 -132.812 710.938 -187.500 171.875
398.438 -2078.125 -7.812 421.875 -1273.438 789.062 734.375 -867.188 54.688 1242.188 -429.688 -328.125 679.688 -484.375 85.938
-335.938 -734.375 -7.812 476.562 -890.625 703.125 898.438 -1054.688 23.438 1476.562 -851.562 -898.438 -23.438 -359.375 70.312
-70.312 -601.562 70.312 1257.812 -320.312 23.438 882.812 -812.500 -109.375 1601.562 -937.500 -1156.250 171.875 -1085.938 -742.188
-62.500 -1351.562 -390.625 2234.375 468.750 -1078.125 617.188 -328.125 -476.562 -171.875 -328.125 -960.938 -750.000 101.562 445.312
664.062 -1390.625 -1289.062 882.812 -312.500 -984.375 304.688 671.875 -250.000 -437.500 2640.625 1109.375 203.125 2625.000 2406.250
273.438 -101.562 -1398.438 109.375 156.250 -218.750 93.750 1546.875 1218.750 -2335.938 484.375 2382.812 -1031.250 1414.062 2773.438
-148.438 1460.938 -820.312 -2968.750 -312.500 1945.312 -1382.812 734.375 2445.312 -2289.062 -546.875 2625.000 -1656.250 1117.188 1468.750
640.625 4000.000 -2226.562 -656.250 1148.438 2476.562 -1492.188 1125.000 2726.562 -1218.750 -585.938 2460.938 -1718.750 734.375 1070.312
2492.188 1296.875 -632.812 1796.875 -1007.812 375.000 1390.625 -656.250 226.562 1976.562 31.250 -85.938 1500.000 421.875 476.562
992.188 -382.812 257.812 1757.812 -750.000 570.312 2312.500 -992.188 39.062 2445.312 -421.875 -328.125 1679.688 -328.125 328.125
1648.438 54.688 -609.375 507.812 -796.875 1250.000 195.312 -507.812 1421.875 54.688 -781.250 1367.188 750.000 296.875 1187.500
1281.250 -109.375 -492.188 398.438 -1140.625 1117.188 132.812 -820.312 1054.688 101.562 -921.875 781.250 -39.062 -234.375 859.375
1289.062 -507.812 -476.562 312.500 -851.562 992.188 78.125 -593.750 1023.438 78.125 -656.250 914.062 93.750 140.625 992.188
1078.125 -312.500 -414.062 335.938 -656.250 960.938 179.688 -429.688 1070.312 187.500 -578.125 1015.625 281.250 250.000 1023.438
976.562 62.500 -437.500 468.750 -421.875 796.875 179.688 -210.938 984.375 78.125 -343.750 984.375 -125.000 390.625 960.938
851.562 226.562 -500.000 304.688 -273.438 781.250 -39.062 -78.125 1031.250 -187.500 -273.438 1109.375 -382.812 460.938 1007.812
765.625 140.625 -484.375 117.188 -273.438 859.375 -171.875 -7.812 1070.312 -187.500 -210.938 1125.000 -328.125 546.875 984.375
804.688 164.062 -390.625 46.875 -265.625 921.875 -203.125 -62.500 1078.125 -226.562 -187.500 1109.375 -218.750 546.875 960.938
882.812 -179.688 -390.625 242.188 -351.562 984.375 -7.812 -109.375 1117.188 0.000 -250.000 1093.750 23.438 507.812 906.250
898.438 -109.375 -304.688 656.250 -398.438 804.688 390.625 -171.875 1015.625 367.188 -398.438 1015.625 179.688 414.062 945.312
781.250 296.875 -304.688 1281.250 -257.812 671.875 179.688 171.875 1468.750 -171.875 -1171.875 1468.750 695.312 15.625 648.438
632.812 882.812 -406.250 531.250 -156.250 1062.500 695.312 -101.562 1382.812 -62.500 -734.375 1289.062 85.938 234.375 976.562
476.562 812.500 -843.750 -648.438 -585.938 1750.000 843.750 -242.188 523.438 367.188 -312.500 734.375 -31.250 375.000 664.062
937.500 281.250 -1289.062 7.812 -921.875 1101.562 171.875 -851.562 742.188 234.375 296.875 664.062 -281.250 750.000 1023.438
1843.750 -1656.250 -1515.625 -328.125 -515.625 953.125 585.938 218.750 171.875 726.562 531.250 156.250 85.938 679.688 671.875
2085.938 -539.062 -1281.250 1132.812 31.250 -312.500 351.562 -85.938 78.125 1023.438 1031.250 218.750 164.062 1078.125 609.375
-437.500 -2500.000 -250.000 648.438 -257.812 15.625 1007.812 265.625 15.625 882.812 773.438 593.750 -156.250 546.875 1234.375
1187.500 -2867.188 -468.750 210.938 31.250 656.250 304.688 -132.812 507.812 460.938 343.750 351.562 507.812 843.750 500.000
1382.812 -250.000 -414.062 492.188 -257.812 710.938 414.062 -187.500 726.562 125.000 593.750 1117.188 -265.625 484.375 828.125
1000.000 -85.938 -210.938 742.188 -468.750 632.812 429.688 -148.438 828.125 0.000 46.875 1078.125 -468.750 531.250 1140.625
-7.812 109.375 507.812 523.438 -250.000 1062.500 -46.875 -46.875 1578.125 257.812 -687.500 1304.688 93.750 390.625 828.125
914.062 -539.062 39.062 390.625 -554.688 976.562 421.875 -109.375 1101.562 335.938 -140.625 1023.438 78.125 460.938 859.375
1007.812 -781.250 -23.438 195.312 -546.875 1101.562 101.562 -203.125 1164.062 62.500 -289.062 1046.875 -39.062 320.312 789.062
960.938 -765.625 -70.312 78.125 -789.062 1171.875 109.375 -187.500 1156.250 23.438 -210.938 1070.312 -85.938 382.812 820.312
859.375 -210.938 39.062 367.188 -531.250 1070.312 554.688 -343.750 1046.875 484.375 -171.875 953.125 78.125 437.500 882.812
851.562 -78.125 31.250 875.000 -359.375 820.312 757.812 -78.125 875.000 679.688 -31.250 953.125 203.125 515.625 960.938
945.312 -39.062 0.000 742.188 -257.812 390.625 617.188 -109.375 851.562 625.000 -226.562 906.250 304.688 398.438 843.750
976.562 -382.812 46.875 984.375 -265.625 23.438 578.125 -85.938 679.688 546.875 -164.062 867.188 179.688 414.062 851.562
992.188 -851.562 -62.500 1265.625 -23.438 -195.312 625.000 328.125 679.688 531.250 140.625 984.375 -101.562 539.062 1046.875
54.688 -734.375 304.688 820.312 -445.312 -54.688 523.438 304.688 1062.500 -320.312 -726.562 1289.062 -179.688 304.688 960.938
718.750 -1359.375 54.688 1015.625 54.688 -117.188 398.438 414.062 679.688 406.250 15.625 992.188 -62.500 492.188 929.688
750.000 -695.312 -351.562 757.812 54.688 445.312 468.750 281.250 718.750 -7.812 62.500 851.562 -78.125 601.562 812.500
734.375 -585.938 -234.375 1273.438 117.188 -46.875 406.250 421.875 585.938 164.062 312.500 875.000 -187.500 710.938 859.375
1062.500 -171.875 -570.312 1039.062 -484.375 343.750 804.688 101.562 531.250 210.938 687.500 750.000 -242.188 882.812 812.500
2007.812 742.188 -820.312 921.875 -460.938 406.250 804.688 382.812 632.812 523.438 593.750 781.250 -117.188 953.125 640.625
1570.312 859.375 -484.375 1054.688 -492.188 312.500 625.000 265.625 843.750 304.688 398.438 929.688 -281.250 828.125 742.188
539.062 -390.625 257.812 1085.938 -351.562 -46.875 617.188 296.875 757.812 148.438 156.250 1109.375 -320.312 554.688 1023.438
617.188 -289.062 210.938 1078.125 -460.938 -15.625 687.500 304.688 687.500 429.688 164.062 914.062 -7.812 664.062 820.312
960.938 -70.312 132.812 546.875 -320.312 273.438 312.500 125.000 867.188 273.438 85.938 945.312 23.438 671.875 757.812
914.062 85.938 23.438 242.188 125.000 523.438 -140.625 -179.688 1164.062 -31.250 -179.688 1062.500 -7.812 539.062 796.875
750.000 203.125 101.562 -195.312 -773.438 1632.812 312.500 7.812 1140.625 171.875 54.688 1078.125 -187.500 617.188 859.375
867.188 -507.812 250.000 -367.188 -750.000 1218.750 -31.250 117.188 1101.562 195.312 0.000 1046.875 -218.750 578.125 859.375
1078.125 -476.562 78.125 187.500 -570.312 1007.812 -117.188 85.938 1171.875 -187.500 -179.688 1156.250 -187.500 445.312 851.562
1023.438 -460.938 93.750 382.812 -468.750 898.438 0.000 15.625 1179.688 -140.625 -265.625 1195.312 -281.250 335.938 976.562
1117.188 -429.688 54.688 62.500 -789.062 953.125 125.000 -23.438 1132.812 85.938 -390.625 1085.938 7.812 289.062 843.750
1015.625 -242.188 93.750 773.438 -734.375 656.250 695.312 -54.688 1023.438 593.750 -382.812 1031.250 320.312 375.000 921.875
1015.625 23.438 125.000 992.188 -648.438 523.438 906.250 265.625 1085.938 421.875 -265.625 1359.375 31.250 546.875 1062.500
882.812 226.562 101.562 1070.312 -585.938 453.125 804.688 187.500 1171.875 210.938 -242.188 1304.688 -242.188 531.250 1234.375
765.625 562.500 140.625 1304.688 -609.375 671.875 625.000 7.812 1203.125 906.250 -140.625 1218.750 218.750 445.312 1093.750
343.750 1414.062 -281.250 1226.562 -289.062 992.188 335.938 -343.750 2687.500 421.875 -1570.312 1562.500 257.812 -281.250 1000.000
1109.375 1976.562 -375.000 -234.375 -304.688 851.562 15.625 -1179.688 523.438 242.188 -148.438 671.875 382.812 437.500 585.938
539.062 726.562 -382.812 -7.812 -617.188 601.562 429.688 -1671.875 -320.312 -195.312 15.625 70.312 234.375 273.438 718.750
921.875 -1539.062 -523.438 -210.938 -1867.188 335.938 1023.438 632.812 -70.312 328.125 921.875 562.500 -23.438 914.062 796.875
1007.812 -2046.875 -359.375 710.938 -156.250 -46.875 -7.812 85.938 281.250 1109.375 546.875 320.312 -46.875 867.188 875.000
648.438 -2046.875 -101.562 1054.688 -125.000 93.750 976.562 -46.875 -117.188 804.688 359.375 171.875 304.688 718.750 671.875
656.250 -2031.250 -140.625 1148.438 289.062 390.625 1406.250 -46.875 296.875 1265.625 109.375 265.625 421.875 664.062 531.250
859.375 -1570.312 -289.062 656.250 39.062 304.688 1289.062 -62.500 -54.688 1203.125 578.125 -257.812 546.875 968.750 335.938
1093.750 -210.938 -351.562 1218.750 -281.250 -140.625 1445.312 359.375 -39.062 1062.500 765.625 132.812 304.688 953.125 578.125
1062.500 7.812 -335.938 1171.875 265.625 -62.500 796.875 242.188 445.312 625.000 515.625 500.000 132.812 898.438 718.750
1031.250 101.562 -250.000 1070.312 281.250 39.062 796.875 226.562 523.438 460.938 656.250 687.500 54.688 906.250 820.312
937.500 15.625 -148.438 953.125 273.438 164.062 390.625 242.188 812.500 148.438 562.500 1015.625 -140.625 781.250 851.562
812.500 -281.250 -54.688 953.125 -15.625 93.750 601.562 39.062 687.500 468.750 367.188 859.375 62.500 570.312 773.438
781.250 -304.688 -78.125 906.250 -296.875 156.250 523.438 -250.000 781.250 406.250 109.375 976.562 335.938 492.188 843.750
867.188 -101.562 -109.375 812.500 -695.312 296.875 859.375 -429.688 609.375 625.000 70.312 867.188 445.312 437.500 914.062
1195.312 101.562 -242.188 867.188 -1226.562 468.750 1117.188 -500.000 437.500 1031.250 156.250 781.250 640.625 250.000 937.500
1328.125 62.500 -398.438 828.125 -1210.938 531.250 1007.812 -757.812 273.438 976.562 62.500 453.125 773.438 429.688 710.938
1289.062 31.250 -609.375 1187.500 -507.812 23.438 1132.812 62.500 156.250 1117.188 -140.625 406.250 765.625 335.938 617.188
1289.062 31.250 -609.375 1187.500 -507.812 23.438 1132.812 62.500 156.250 1117.188 -140.625 406.250 765.625 335.938 617.188
1062.500 304.688 -468.750 1335.938 -109.375 -125.000 1132.812 -93.750 117.188 1031.250 -125.000 312.500 773.438 406.250 484.375
859.375 351.562 -351.562 1179.688 23.438 -320.312 1281.250 156.250 -156.250 1085.938 304.688 226.562 703.125 539.062 460.938
320.312 23.438 -414.062 757.812 -195.312 -140.625 843.750 23.438 -125.000 1023.438 382.812 117.188 500.000 617.188 687.500
445.312 31.250 -429.688 500.000 -281.250 -15.625 984.375 -132.812 -226.562 898.438 460.938 62.500 617.188 609.375 750.000
531.250 -500.000 -273.438 625.000 -671.875 328.125 859.375 -632.812 85.938 1156.250 78.125 273.438 671.875 531.250 546.875
531.250 -500.000 -273.438 625.000 -671.875 328.125 859.375 -632.812 85.938 1156.250 78.125 273.438 671.875 531.250 546.875
578.125 -929.688 -156.250 578.125 -710.938 453.125 703.125 -625.000 289.062 1101.562 125.000 406.250 390.625 304.688 609.375
617.188 -1023.438 -62.500 687.500 -898.438 515.625 703.125 -726.562 281.250 875.000 7.812 703.125 265.625 296.875 703.125
500.000 -976.562 148.438 734.375 -851.562 585.938 609.375 -695.312 601.562 39.062 -195.312 1023.438 312.500 304.688 718.750
546.875 -1023.438 164.062 804.688 -1000.000 632.812 742.188 -742.188 492.188 468.750 85.938 984.375 343.750 351.562 640.625
695.312 -945.312 54.688 781.250 -734.375 578.125 929.688 -632.812 359.375 875.000 156.250 578.125 734.375 343.750 390.625
718.750 -796.875 31.250 843.750 -625.000 507.812 984.375 -539.062 312.500 906.250 265.625 523.438 757.812 492.188 421.875
757.812 -765.625 15.625 1125.000 -265.625 31.250 1039.062 -23.438 343.750 546.875 500.000 640.625 750.000 679.688 515.625
726.562 -820.312 46.875 867.188 -578.125 421.875 1062.500 -492.188 218.750 906.250 585.938 562.500 531.250 859.375 648.438
679.688 -742.188 62.500 859.375 -429.688 382.812 921.875 -312.500 367.188 757.812 546.875 664.062 414.062 703.125 828.125
710.938 -742.188 78.125 875.000 -398.438 390.625 921.875 -281.250 390.625 679.688 546.875 671.875 429.688 757.812 804.688
703.125 -703.125 70.312 859.375 -375.000 421.875 945.312 -250.000 398.438 734.375 570.312 593.750 507.812 757.812 687.500
703.125 -703.125 70.312 859.375 -375.000 421.875 945.312 -250.000 398.438 734.375 570.312 593.750 507.812 757.812 687.500
710.938 -664.062 78.125 882.812 -406.250 414.062 945.312 -281.250 390.625 718.750 554.688 632.812 453.125 734.375 718.750
726.562 -648.438 70.312 875.000 -429.688 390.625 921.875 -296.875 382.812 703.125 523.438 648.438 429.688 695.312 757.812
664.062 -484.375 93.750 906.250 -398.438 250.000 937.500 -289.062 265.625 742.188 476.562 601.562 421.875 609.375 757.812
632.812 -367.188 101.562 945.312 -398.438 195.312 976.562 -281.250 226.562 765.625 453.125 570.312 429.688 570.312 757.812
703.125 -304.688 0.000 968.750 -421.875 164.062 1000.000 -289.062 148.438 835.938 437.500 507.812 484.375 578.125 750.000
757.812 -429.688 -70.312 960.938 -429.688 195.312 984.375 -320.312 148.438 835.938 390.625 468.750 531.250 562.500 656.250
796.875 -554.688 -109.375 859.375 -437.500 265.625 945.312 -359.375 164.062 820.312 359.375 421.875 578.125 500.000 593.750
781.250 -601.562 -125.000 812.500 -421.875 304.688 859.375 -367.188 234.375 796.875 312.500 429.688 593.750 476.562 546.875
718.750 -804.688 -39.062 -828.125 -242.188 359.375 2062.500 -125.000 507.812 562.500 273.438 578.125 625.000 453.125 531.250
656.250 -828.125 -23.438 648.438 -414.062 398.438 851.562 -265.625 257.812 703.125 507.812 468.750 515.625 703.125 570.312
609.375 -804.688 -7.812 -15.625 -250.000 375.000 1382.812 -296.875 328.125 671.875 398.438 539.062 546.875 585.938 648.438
625.000 -773.438 -7.812 796.875 -328.125 375.000 734.375 -265.625 250.000 703.125 468.750 460.938 492.188 632.812 664.062
695.312 -671.875 -93.750 648.438 -429.688 476.562 796.875 -375.000 421.875 671.875 351.562 593.750 453.125 554.688 695.312
734.375 -617.188 -117.188 593.750 -468.750 523.438 742.188 -398.438 460.938 648.438 304.688 632.812 437.500 507.812 695.312
765.625 -632.812 -171.875 562.500 -539.062 578.125 718.750 -390.625 539.062 609.375 289.062 671.875 445.312 492.188 640.625
781.250 -656.250 -195.312 570.312 -554.688 585.938 742.188 -382.812 554.688 632.812 335.938 656.250 445.312 531.250 648.438
757.812 -742.188 -226.562 625.000 -546.875 570.312 812.500 -304.688 500.000 679.688 421.875 640.625 445.312 656.250 679.688
750.000 -773.438 -218.750 656.250 -546.875 546.875 812.500 -265.625 492.188 695.312 414.062 609.375 445.312 656.250 703.125
687.500 -789.062 -187.500 656.250 -539.062 507.812 851.562 -218.750 460.938 703.125 421.875 609.375 437.500 656.250 710.938
656.250 -796.875 -179.688 656.250 -570.312 476.562 859.375 -242.188 453.125 718.750 429.688 593.750 429.688 656.250 703.125
625.000 -781.250 -171.875 710.938 -570.312 437.500 882.812 -218.750 429.688 734.375 429.688 578.125 445.312 648.438 703.125
609.375 -781.250 -179.688 734.375 -593.750 382.812 929.688 -234.375 367.188 765.625 414.062 539.062 460.938 632.812 703.125
609.375 -789.062 -187.500 734.375 -648.438 390.625 867.188 -265.625 398.438 781.250 351.562 546.875 476.562 578.125 671.875
617.188 -804.688 -179.688 718.750 -648.438 398.438 820.312 -281.250 460.938 773.438 289.062 578.125 484.375 539.062 679.688
640.625 -812.500 -171.875 718.750 -632.812 437.500 773.438 -289.062 539.062 718.750 242.188 648.438 453.125 500.000 679.688
664.062 -789.062 -218.750 664.062 -664.062 507.812 828.125 -289.062 562.500 726.562 328.125 679.688 406.250 585.938 734.375
664.062 -804.688 -234.375 648.438 -679.688 515.625 820.312 -289.062 570.312 742.188 367.188 679.688 398.438 640.625 773.438
664.062 -820.312 -234.375 640.625 -664.062 531.250 820.312 -296.875 578.125 734.375 359.375 679.688 398.438 632.812 773.438
640.625 -820.312 -226.562 625.000 -640.625 539.062 804.688 -289.062 593.750 710.938 335.938 671.875 406.250 609.375 750.000
617.188 -812.500 -226.562 625.000 -625.000 531.250 820.312 -273.438 562.500 726.562 351.562 656.250 414.062 625.000 726.562
609.375 -796.875 -234.375 640.625 -617.188 507.812 835.938 -265.625 539.062 718.750 367.188 648.438 414.062 640.625 734.375
609.375 -812.500 -234.375 648.438 -609.375 507.812 835.938 -265.625 531.250 726.562 367.188 632.812 421.875 640.625 734.375
609.375 -796.875 -234.375 656.250 -601.562 484.375 804.688 -250.000 531.250 726.562 335.938 625.000 429.688 601.562 718.750
593.750 -789.062 -242.188 632.812 -570.312 507.812 789.062 -257.812 539.062 718.750 304.688 625.000 453.125 585.938 687.500
593.750 -757.812 -242.188 617.188 -554.688 531.250 765.625 -242.188 562.500 734.375 304.688 617.188 453.125 585.938 687.500
585.938 -750.000 -234.375 617.188 -554.688 539.062 765.625 -250.000 585.938 742.188 304.688 625.000 453.125 593.750 703.125
609.375 -765.625 -257.812 585.938 -546.875 570.312 742.188 -250.000 609.375 726.562 304.688 640.625 429.688 609.375 703.125
609.375 -757.812 -257.812 570.312 -546.875 578.125 757.812 -250.000 601.562 718.750 312.500 640.625 414.062 609.375 703.125
609.375 -750.000 -257.812 585.938 -554.688 585.938 742.188 -250.000 601.562 718.750 320.312 648.438 421.875 625.000 718.750
609.375 -750.000 -257.812 578.125 -546.875 578.125 742.188 -257.812 609.375 710.938 312.500 648.438 421.875 609.375 718.750
617.188 -750.000 -257.812 593.750 -539.062 570.312 734.375 -257.812 609.375 718.750 312.500 640.625 390.625 593.750 726.562
617.188 -750.000 -242.188 609.375 -539.062 554.688 718.750 -242.188 617.188 687.500 281.250 656.250 406.250 578.125 710.938
601.562 -750.000 -250.000 617.188 -546.875 531.250 726.562 -234.375 632.812 695.312 281.250 671.875 421.875 578.125 703.125
593.750 -742.188 -250.000 601.562 -546.875 562.500 726.562 -242.188 640.625 695.312 281.250 679.688 421.875 593.750 695.312
593.750 -742.188 -257.812 585.938 -554.688 585.938 726.562 -250.000 648.438 710.938 289.062 664.062 421.875 609.375 703.125
585.938 -781.250 -257.812 578.125 -539.062 601.562 734.375 -257.812 640.625 710.938 296.875 656.250 414.062 601.562 718.750
578.125 -789.062 -257.812 578.125 -546.875 593.750 734.375 -257.812 625.000 710.938 296.875 656.250 398.438 593.750 718.750
578.125 -789.062 -250.000 585.938 -546.875 593.750 734.375 -250.000 632.812 703.125 289.062 656.250 406.250 601.562 710.938
