1281.250 -1242.188 -554.688 421.875 -226.562 570.312 320.312 414.062 828.125 195.312 453.125 984.375 -257.812 859.375 828.125
273.438 -906.250 31.250 500.000 -367.188 375.000 429.688 78.125 710.938 382.812 375.000 828.125 -335.938 718.750 921.875
398.438 -1062.500 242.188 500.000 -585.938 390.625 476.562 54.688 648.438 296.875 437.500 773.438 -265.625 742.188 843.750
-15.625 -1109.375 601.562 31.250 -632.812 593.750 359.375 -179.688 656.250 453.125 234.375 726.562 -203.125 531.250 773.438
320.312 -968.750 578.125 -367.188 -921.875 835.938 218.750 -578.125 742.188 546.875 93.750 734.375 -109.375 375.000 726.562
257.812 -648.438 531.250 117.188 -1406.250 835.938 343.750 -78.125 1312.500 156.250 85.938 609.375 -46.875 125.000 679.688
515.625 -70.312 398.438 265.625 -1304.688 718.750 -7.812 -617.188 898.438 601.562 -429.688 937.500 -78.125 101.562 851.562
398.438 132.812 210.938 218.750 -1460.938 992.188 328.125 -953.125 976.562 570.312 -476.562 742.188 46.875 62.500 890.625
890.625 -46.875 125.000 523.438 -906.250 703.125 359.375 -617.188 968.750 539.062 -414.062 859.375 62.500 109.375 945.312
890.625 -46.875 125.000 523.438 -906.250 703.125 359.375 -617.188 968.750 539.062 -414.062 859.375 62.500 109.375 945.312
1000.000 -304.688 132.812 515.625 -820.312 601.562 507.812 -523.438 867.188 640.625 -210.938 843.750 156.250 359.375 976.562
898.438 -414.062 156.250 179.688 -687.500 656.250 187.500 -320.312 914.062 320.312 -78.125 953.125 -101.562 460.938 914.062
898.438 -414.062 156.250 179.688 -687.500 656.250 187.500 -320.312 914.062 320.312 -78.125 953.125 -101.562 460.938 914.062
898.438 -414.062 156.250 179.688 -687.500 656.250 187.500 -320.312 914.062 320.312 -78.125 953.125 -101.562 460.938 914.062
875.000 -414.062 140.625 179.688 -625.000 656.250 109.375 -226.562 937.500 242.188 0.000 1015.625 -210.938 546.875 984.375
781.250 -421.875 164.062 78.125 -546.875 695.312 78.125 -140.625 960.938 265.625 -7.812 1000.000 -70.312 570.312 898.438
781.250 -421.875 164.062 78.125 -546.875 695.312 78.125 -140.625 960.938 265.625 -7.812 1000.000 -70.312 570.312 898.438
804.688 -406.250 164.062 -23.438 -531.250 726.562 -62.500 -101.562 1054.688 164.062 -54.688 1101.562 -125.000 578.125 875.000
804.688 -406.250 164.062 -23.438 -531.250 726.562 -62.500 -101.562 1054.688 164.062 -54.688 1101.562 -125.000 578.125 875.000
812.500 -132.812 156.250 -31.250 -718.750 859.375 46.875 -218.750 1132.812 289.062 -109.375 1125.000 -54.688 578.125 1023.438
812.500 -132.812 156.250 -31.250 -718.750 859.375 46.875 -218.750 1132.812 289.062 -109.375 1125.000 -54.688 578.125 1023.438
796.875 757.812 171.875 23.438 -1117.188 1054.688 179.688 -406.250 1179.688 515.625 -476.562 1132.812 85.938 367.188 976.562
203.125 171.875 226.562 562.500 -859.375 937.500 343.750 -843.750 1195.312 992.188 -328.125 1000.000 15.625 320.312 1101.562
382.812 -250.000 -15.625 703.125 -906.250 703.125 539.062 -437.500 1109.375 609.375 -445.312 1117.188 54.688 117.188 1117.188
1085.938 -406.250 -546.875 507.812 -375.000 523.438 406.250 -171.875 859.375 390.625 -62.500 859.375 187.500 515.625 976.562
1000.000 -1085.938 -515.625 406.250 -46.875 234.375 375.000 -101.562 539.062 546.875 242.188 609.375 203.125 617.188 976.562
851.562 -1109.375 -398.438 421.875 -101.562 210.938 445.312 -46.875 421.875 492.188 375.000 578.125 109.375 648.438 1031.250
851.562 -1109.375 -398.438 421.875 -101.562 210.938 445.312 -46.875 421.875 492.188 375.000 578.125 109.375 648.438 1031.250
640.625 -1234.375 -343.750 523.438 -398.438 132.812 539.062 109.375 289.062 617.188 492.188 554.688 -46.875 773.438 945.312
812.500 -1164.062 -492.188 382.812 -882.812 312.500 929.688 156.250 554.688 445.312 710.938 406.250 -101.562 867.188 625.000
1062.500 -1359.375 -695.312 375.000 -851.562 445.312 781.250 -31.250 328.125 617.188 640.625 304.688 242.188 898.438 421.875
1132.812 -1234.375 -781.250 476.562 -812.500 460.938 953.125 -171.875 367.188 882.812 398.438 218.750 523.438 640.625 351.562
851.562 -1164.062 -562.500 742.188 -765.625 265.625 1054.688 -234.375 257.812 1039.062 296.875 203.125 562.500 570.312 500.000
781.250 -703.125 -445.312 867.188 -640.625 109.375 984.375 -117.188 328.125 945.312 148.438 367.188 554.688 484.375 625.000
710.938 -703.125 -421.875 781.250 -593.750 132.812 890.625 -132.812 398.438 851.562 187.500 445.312 515.625 523.438 656.250
578.125 -718.750 -320.312 617.188 -453.125 226.562 757.812 70.312 539.062 828.125 -46.875 601.562 492.188 507.812 718.750
578.125 -718.750 -320.312 617.188 -453.125 226.562 757.812 70.312 539.062 828.125 -46.875 601.562 492.188 507.812 718.750
304.688 -70.312 148.438 70.312 -437.500 570.312 164.062 -148.438 1164.062 703.125 -195.312 867.188 484.375 429.688 726.562
1164.062 -1007.812 -539.062 351.562 -1484.375 539.062 882.812 -109.375 476.562 906.250 242.188 570.312 460.938 578.125 664.062
523.438 -726.562 -257.812 335.938 -625.000 492.188 507.812 -281.250 875.000 695.312 -39.062 750.000 429.688 445.312 757.812
687.500 -757.812 -390.625 453.125 -968.750 507.812 687.500 -328.125 679.688 796.875 62.500 632.812 523.438 515.625 734.375
656.250 -664.062 -390.625 554.688 -812.500 390.625 750.000 -351.562 656.250 851.562 -39.062 593.750 523.438 406.250 742.188
664.062 -632.812 -406.250 554.688 -804.688 382.812 765.625 -359.375 625.000 859.375 -46.875 578.125 531.250 414.062 750.000
671.875 -554.688 -421.875 617.188 -828.125 343.750 796.875 -367.188 593.750 875.000 -46.875 554.688 554.688 398.438 726.562
671.875 -562.500 -429.688 593.750 -828.125 335.938 781.250 -375.000 585.938 867.188 -78.125 546.875 539.062 375.000 742.188
671.875 -562.500 -429.688 593.750 -828.125 335.938 781.250 -375.000 585.938 867.188 -78.125 546.875 539.062 375.000 742.188
656.250 -625.000 -445.312 437.500 -820.312 390.625 648.438 -367.188 664.062 796.875 -54.688 609.375 492.188 406.250 750.000
664.062 -648.438 -437.500 390.625 -812.500 414.062 593.750 -351.562 695.312 781.250 -39.062 640.625 484.375 429.688 757.812
632.812 -921.875 -359.375 250.000 -742.188 523.438 273.438 -250.000 945.312 718.750 -78.125 859.375 351.562 421.875 898.438
546.875 -843.750 -320.312 328.125 -953.125 492.188 570.312 -320.312 757.812 773.438 -54.688 757.812 406.250 343.750 835.938
578.125 -875.000 -312.500 398.438 -953.125 476.562 625.000 -390.625 601.562 812.500 132.812 546.875 390.625 445.312 859.375
773.438 -1203.125 -421.875 296.875 -914.062 492.188 710.938 -468.750 585.938 781.250 -78.125 546.875 367.188 250.000 843.750
773.438 -1203.125 -421.875 296.875 -914.062 492.188 710.938 -468.750 585.938 781.250 -78.125 546.875 367.188 250.000 843.750
1093.750 -1304.688 -664.062 492.188 -687.500 320.312 796.875 -406.250 507.812 781.250 117.188 476.562 250.000 468.750 710.938
1093.750 -1304.688 -664.062 492.188 -687.500 320.312 796.875 -406.250 507.812 781.250 117.188 476.562 250.000 468.750 710.938
1093.750 -1304.688 -664.062 492.188 -687.500 320.312 796.875 -406.250 507.812 781.250 117.188 476.562 250.000 468.750 710.938
1093.750 -742.188 -617.188 453.125 -804.688 335.938 734.375 -304.688 617.188 625.000 531.250 687.500 -109.375 773.438 835.938
1062.500 -453.125 -421.875 375.000 -765.625 289.062 726.562 -250.000 515.625 695.312 648.438 726.562 -93.750 937.500 1125.000
1062.500 -453.125 -421.875 375.000 -765.625 289.062 726.562 -250.000 515.625 695.312 648.438 726.562 -93.750 937.500 1125.000
617.188 -445.312 -31.250 343.750 -929.688 242.188 609.375 -406.250 312.500 578.125 273.438 476.562 23.438 734.375 1000.000
250.000 -109.375 203.125 343.750 -875.000 343.750 445.312 -453.125 359.375 562.500 148.438 593.750 203.125 437.500 992.188
1320.312 1445.312 -31.250 78.125 -976.562 1570.312 578.125 -492.188 1609.375 23.438 54.688 1273.438 320.312 39.062 1109.375
757.812 31.250 -31.250 882.812 -304.688 476.562 257.812 -546.875 1242.188 -62.500 -210.938 1156.250 460.938 507.812 843.750
757.812 31.250 -31.250 882.812 -304.688 476.562 257.812 -546.875 1242.188 -62.500 -210.938 1156.250 460.938 507.812 843.750
757.812 31.250 -31.250 882.812 -304.688 476.562 257.812 -546.875 1242.188 -62.500 -210.938 1156.250 460.938 507.812 843.750
1039.062 -562.500 156.250 281.250 -906.250 632.812 398.438 -593.750 781.250 414.062 -62.500 843.750 -15.625 304.688 1007.812
843.750 -93.750 62.500 101.562 -1304.688 1289.062 304.688 -570.312 875.000 343.750 -46.875 859.375 101.562 304.688 812.500
992.188 -437.500 78.125 257.812 -742.188 632.812 335.938 -406.250 890.625 226.562 -78.125 976.562 78.125 359.375 851.562
937.500 -234.375 85.938 343.750 -679.688 593.750 335.938 -304.688 882.812 234.375 -7.812 1007.812 -31.250 429.688 929.688
937.500 -210.938 85.938 351.562 -625.000 609.375 343.750 -257.812 898.438 234.375 93.750 1015.625 -62.500 484.375 945.312
921.875 -195.312 140.625 351.562 -546.875 625.000 343.750 -179.688 898.438 187.500 125.000 1000.000 -62.500 523.438 914.062
875.000 -234.375 164.062 289.062 -523.438 648.438 320.312 -179.688 914.062 187.500 125.000 1007.812 -93.750 515.625 914.062
875.000 -234.375 164.062 289.062 -523.438 648.438 320.312 -179.688 914.062 187.500 125.000 1007.812 -93.750 515.625 914.062
671.875 -492.188 304.688 156.250 -523.438 703.125 265.625 -226.562 914.062 226.562 109.375 937.500 -31.250 460.938 906.250
484.375 -500.000 437.500 390.625 -648.438 703.125 445.312 -375.000 953.125 484.375 -93.750 1015.625 -39.062 281.250 976.562
1078.125 -671.875 296.875 601.562 -914.062 726.562 671.875 -406.250 804.688 484.375 -109.375 929.688 203.125 296.875 867.188
1078.125 -671.875 296.875 601.562 -914.062 726.562 671.875 -406.250 804.688 484.375 -109.375 929.688 203.125 296.875 867.188
1312.500 -437.500 132.812 398.438 -835.938 578.125 687.500 -320.312 796.875 507.812 -117.188 898.438 250.000 281.250 820.312
1210.938 -210.938 -39.062 468.750 -867.188 593.750 648.438 -367.188 757.812 492.188 -70.312 781.250 218.750 453.125 734.375
1351.562 -312.500 -164.062 437.500 -867.188 531.250 585.938 -234.375 632.812 515.625 320.312 671.875 39.062 554.688 851.562
1351.562 -312.500 -164.062 437.500 -867.188 531.250 585.938 -234.375 632.812 515.625 320.312 671.875 39.062 554.688 851.562
1679.688 -281.250 -429.688 -210.938 -328.125 921.875 546.875 -93.750 500.000 390.625 460.938 734.375 -54.688 710.938 835.938
1679.688 -281.250 -429.688 -210.938 -328.125 921.875 546.875 -93.750 500.000 390.625 460.938 734.375 -54.688 710.938 835.938
734.375 -734.375 367.188 476.562 -765.625 437.500 406.250 -179.688 679.688 390.625 484.375 695.312 -164.062 742.188 851.562
914.062 -242.188 140.625 593.750 -601.562 351.562 445.312 218.750 710.938 171.875 343.750 898.438 -117.188 656.250 843.750
781.250 -164.062 117.188 625.000 -585.938 367.188 328.125 117.188 843.750 148.438 367.188 1031.250 -109.375 625.000 859.375
796.875 -156.250 148.438 437.500 -476.562 578.125 320.312 468.750 1132.812 179.688 -23.438 1250.000 -195.312 414.062 1000.000
859.375 -203.125 226.562 367.188 -718.750 734.375 562.500 234.375 1000.000 15.625 78.125 1164.062 -132.812 531.250 945.312
906.250 -351.562 250.000 375.000 -703.125 679.688 445.312 109.375 960.938 179.688 93.750 1101.562 -140.625 492.188 992.188
890.625 -445.312 289.062 398.438 -695.312 671.875 421.875 85.938 953.125 257.812 78.125 1039.062 -101.562 500.000 968.750
890.625 -445.312 289.062 398.438 -695.312 671.875 421.875 85.938 953.125 257.812 78.125 1039.062 -101.562 500.000 968.750
929.688 -445.312 234.375 226.562 -726.562 703.125 234.375 23.438 960.938 281.250 15.625 968.750 0.000 515.625 851.562
945.312 -406.250 234.375 351.562 -773.438 648.438 429.688 0.000 953.125 296.875 0.000 968.750 -46.875 484.375 890.625
953.125 -335.938 195.312 320.312 -695.312 656.250 390.625 46.875 968.750 257.812 0.000 1015.625 -78.125 515.625 906.250
984.375 -250.000 164.062 507.812 -742.188 585.938 523.438 7.812 906.250 320.312 -85.938 992.188 -31.250 445.312 906.250
960.938 -304.688 164.062 453.125 -742.188 585.938 539.062 0.000 890.625 367.188 -117.188 953.125 39.062 437.500 914.062
960.938 -312.500 210.938 445.312 -867.188 578.125 562.500 -85.938 882.812 406.250 -179.688 914.062 132.812 406.250 867.188
968.750 -429.688 234.375 453.125 -914.062 601.562 570.312 -93.750 875.000 445.312 -210.938 890.625 195.312 351.562 867.188
968.750 -585.938 351.562 343.750 -1187.500 648.438 656.250 -351.562 890.625 546.875 -367.188 796.875 460.938 250.000 796.875
968.750 -585.938 351.562 343.750 -1187.500 648.438 656.250 -351.562 890.625 546.875 -367.188 796.875 460.938 250.000 796.875
1078.125 -531.250 312.500 367.188 -1296.875 695.312 601.562 -359.375 937.500 554.688 -523.438 781.250 484.375 140.625 750.000
1273.438 -687.500 289.062 460.938 -1320.312 679.688 648.438 -390.625 960.938 617.188 -554.688 757.812 531.250 125.000 710.938
1367.188 -570.312 289.062 664.062 -1437.500 632.812 882.812 -453.125 953.125 867.188 -593.750 679.688 843.750 195.312 515.625
1367.188 -570.312 289.062 664.062 -1437.500 632.812 882.812 -453.125 953.125 867.188 -593.750 679.688 843.750 195.312 515.625
1726.562 -1101.562 171.875 1078.125 -1406.250 421.875 1140.625 -492.188 742.188 1117.188 -531.250 351.562 945.312 226.562 62.500
1773.438 -1171.875 101.562 1140.625 -1320.312 320.312 976.562 -445.312 679.688 1109.375 -421.875 242.188 828.125 273.438 -117.188
1578.125 -1195.312 46.875 968.750 -1210.938 132.812 734.375 -375.000 460.938 875.000 -203.125 0.000 562.500 445.312 -679.688
1187.500 -1218.750 7.812 804.688 -500.000 -23.438 234.375 46.875 382.812 515.625 273.438 -296.875 242.188 835.938 -1078.125
1187.500 -1218.750 7.812 804.688 -500.000 -23.438 234.375 46.875 382.812 515.625 273.438 -296.875 242.188 835.938 -1078.125
796.875 -640.625 -23.438 742.188 648.438 85.938 351.562 1125.000 -265.625 281.250 898.438 -562.500 -156.250 1281.250 -1335.938
-242.188 -203.125 218.750 46.875 1054.688 -132.812 367.188 968.750 -710.938 -171.875 2242.188 -1000.000 -1148.438 1937.500 -1156.250
31.250 140.625 203.125 382.812 1609.375 -132.812 23.438 1882.812 -421.875 -367.188 2148.438 -562.500 -1437.500 1804.688 -757.812
320.312 625.000 101.562 195.312 1851.562 -7.812 -265.625 2031.250 -23.438 -804.688 2234.375 -164.062 -1617.188 1796.875 -570.312
453.125 773.438 93.750 132.812 1906.250 164.062 -343.750 2031.250 156.250 -976.562 2140.625 70.312 -1765.625 1750.000 -343.750
562.500 914.062 132.812 -70.312 1804.688 476.562 -453.125 2000.000 445.312 -1265.625 2078.125 546.875 -1914.062 1687.500 179.688
515.625 953.125 398.438 7.812 1406.250 742.188 -335.938 1687.500 703.125 -1023.438 1734.375 812.500 -1609.375 1460.938 445.312
546.875 671.875 570.312 93.750 945.312 867.188 -187.500 1296.875 765.625 -703.125 1414.062 734.375 -1164.062 1273.438 320.312
546.875 671.875 570.312 93.750 945.312 867.188 -187.500 1296.875 765.625 -703.125 1414.062 734.375 -1164.062 1273.438 320.312
492.188 203.125 781.250 203.125 554.688 851.562 85.938 906.250 632.812 -242.188 1109.375 421.875 -500.000 1070.312 7.812
492.188 203.125 781.250 203.125 554.688 851.562 85.938 906.250 632.812 -242.188 1109.375 421.875 -500.000 1070.312 7.812
218.750 -164.062 992.188 226.562 421.875 843.750 226.562 703.125 531.250 109.375 882.812 179.688 -54.688 906.250 -171.875
15.625 -234.375 1117.188 218.750 421.875 828.125 250.000 695.312 539.062 117.188 867.188 171.875 -62.500 898.438 -156.250
132.812 -375.000 1046.875 203.125 437.500 828.125 203.125 734.375 562.500 -7.812 898.438 257.812 -234.375 882.812 -70.312
265.625 -359.375 929.688 156.250 468.750 835.938 187.500 789.062 593.750 -93.750 953.125 328.125 -398.438 937.500 -15.625
382.812 -281.250 820.312 210.938 500.000 804.688 140.625 835.938 617.188 -171.875 960.938 398.438 -500.000 921.875 46.875
445.312 -242.188 773.438 -117.188 539.062 1070.312 125.000 1078.125 281.250 -179.688 968.750 414.062 -515.625 914.062 46.875
445.312 -242.188 773.438 -117.188 539.062 1070.312 125.000 1078.125 281.250 -179.688 968.750 414.062 -515.625 914.062 46.875
515.625 -234.375 695.312 187.500 515.625 835.938 148.438 789.062 632.812 -164.062 984.375 390.625 -476.562 929.688 31.250
507.812 -265.625 703.125 179.688 265.625 875.000 257.812 781.250 500.000 46.875 945.312 250.000 -265.625 921.875 -62.500
476.562 -445.312 773.438 265.625 210.938 789.062 351.562 804.688 437.500 164.062 921.875 164.062 -132.812 921.875 -164.062
406.250 -546.875 867.188 265.625 265.625 835.938 367.188 687.500 445.312 132.812 882.812 148.438 -85.938 882.812 -226.562
312.500 -617.188 929.688 210.938 304.688 890.625 265.625 703.125 554.688 148.438 804.688 203.125 -148.438 828.125 -148.438
304.688 -554.688 929.688 203.125 273.438 890.625 250.000 710.938 570.312 54.688 875.000 281.250 -218.750 890.625 -101.562
312.500 -492.188 937.500 234.375 273.438 875.000 257.812 710.938 570.312 15.625 882.812 320.312 -242.188 906.250 -78.125
343.750 -390.625 914.062 218.750 320.312 890.625 226.562 742.188 609.375 -23.438 906.250 367.188 -296.875 914.062 -7.812
343.750 -390.625 914.062 218.750 320.312 890.625 226.562 742.188 609.375 -23.438 906.250 367.188 -296.875 914.062 -7.812
382.812 -398.438 859.375 203.125 335.938 914.062 234.375 773.438 601.562 0.000 937.500 343.750 -273.438 960.938 -39.062
398.438 -406.250 859.375 179.688 359.375 929.688 218.750 781.250 601.562 15.625 929.688 320.312 -242.188 953.125 -46.875
351.562 -414.062 859.375 156.250 375.000 945.312 195.312 789.062 617.188 -15.625 945.312 351.562 -265.625 953.125 -54.688
359.375 -382.812 851.562 164.062 367.188 921.875 187.500 796.875 609.375 -39.062 937.500 367.188 -312.500 953.125 -15.625
359.375 -382.812 851.562 164.062 367.188 921.875 187.500 796.875 609.375 -39.062 937.500 367.188 -312.500 953.125 -15.625
343.750 -328.125 828.125 171.875 375.000 906.250 164.062 851.562 609.375 -54.688 992.188 406.250 -367.188 992.188 15.625
367.188 -320.312 804.688 195.312 367.188 898.438 179.688 859.375 601.562 -62.500 984.375 406.250 -367.188 992.188 15.625
414.062 -382.812 781.250 210.938 328.125 890.625 210.938 820.312 578.125 -31.250 945.312 382.812 -328.125 953.125 7.812
414.062 -382.812 781.250 210.938 328.125 890.625 210.938 820.312 578.125 -31.250 945.312 382.812 -328.125 953.125 7.812
421.875 -421.875 781.250 242.188 273.438 875.000 226.562 789.062 578.125 -15.625 921.875 375.000 -320.312 945.312 -15.625
367.188 -421.875 789.062 265.625 257.812 851.562 226.562 789.062 570.312 0.000 890.625 390.625 -312.500 921.875 7.812
375.000 -468.750 804.688 250.000 242.188 867.188 242.188 750.000 578.125 0.000 867.188 390.625 -296.875 898.438 7.812
375.000 -468.750 804.688 250.000 242.188 867.188 242.188 750.000 578.125 0.000 867.188 390.625 -296.875 898.438 7.812
375.000 -468.750 773.438 257.812 234.375 867.188 234.375 742.188 578.125 -15.625 875.000 406.250 -335.938 906.250 54.688
375.000 -429.688 750.000 265.625 226.562 851.562 234.375 742.188 578.125 -23.438 875.000 429.688 -375.000 898.438 78.125
382.812 -414.062 718.750 273.438 210.938 843.750 234.375 734.375 585.938 -23.438 867.188 445.312 -359.375 898.438 78.125
382.812 -414.062 718.750 273.438 210.938 843.750 234.375 734.375 585.938 -23.438 867.188 445.312 -359.375 898.438 78.125
421.875 -445.312 695.312 265.625 171.875 851.562 242.188 687.500 593.750 -7.812 820.312 437.500 -320.312 875.000 62.500
414.062 -460.938 703.125 265.625 148.438 843.750 265.625 664.062 601.562 23.438 804.688 421.875 -296.875 843.750 54.688
367.188 -531.250 710.938 203.125 148.438 867.188 226.562 679.688 601.562 7.812 835.938 406.250 -289.062 890.625 39.062
304.688 -515.625 742.188 148.438 210.938 898.438 171.875 734.375 640.625 -62.500 875.000 468.750 -390.625 906.250 101.562
304.688 -515.625 742.188 148.438 210.938 898.438 171.875 734.375 640.625 -62.500 875.000 468.750 -390.625 906.250 101.562
351.562 -492.188 703.125 140.625 187.500 906.250 132.812 734.375 671.875 -117.188 882.812 523.438 -476.562 921.875 140.625
367.188 -484.375 687.500 164.062 171.875 906.250 132.812 742.188 687.500 -140.625 898.438 546.875 -515.625 937.500 148.438
390.625 -515.625 656.250 132.812 117.188 937.500 132.812 718.750 742.188 -140.625 882.812 585.938 -445.312 929.688 140.625
375.000 -578.125 671.875 109.375 109.375 945.312 140.625 703.125 742.188 -117.188 867.188 562.500 -390.625 929.688 125.000
375.000 -578.125 671.875 109.375 109.375 945.312 140.625 703.125 742.188 -117.188 867.188 562.500 -390.625 929.688 125.000
281.250 -742.188 757.812 54.688 23.438 1000.000 140.625 640.625 750.000 -39.062 796.875 507.812 -273.438 875.000 70.312
281.250 -742.188 757.812 54.688 23.438 1000.000 140.625 640.625 750.000 -39.062 796.875 507.812 -273.438 875.000 70.312
187.500 -828.125 820.312 31.250 31.250 984.375 132.812 593.750 742.188 -31.250 781.250 492.188 -359.375 843.750 101.562
187.500 -757.812 789.062 54.688 62.500 960.938 93.750 625.000 742.188 -109.375 835.938 539.062 -500.000 859.375 187.500
203.125 -718.750 757.812 70.312 78.125 953.125 78.125 656.250 750.000 -132.812 851.562 570.312 -539.062 882.812 195.312
320.312 -515.625 562.500 54.688 148.438 937.500 23.438 734.375 820.312 -234.375 914.062 687.500 -695.312 945.312 289.062
414.062 -515.625 468.750 54.688 62.500 945.312 62.500 671.875 828.125 -218.750 867.188 710.938 -648.438 914.062 304.688
414.062 -515.625 468.750 54.688 62.500 945.312 62.500 671.875 828.125 -218.750 867.188 710.938 -648.438 914.062 304.688
414.062 -515.625 468.750 54.688 62.500 945.312 62.500 671.875 828.125 -218.750 867.188 710.938 -648.438 914.062 304.688
421.875 -554.688 476.562 62.500 23.438 937.500 85.938 632.812 820.312 -179.688 828.125 695.312 -578.125 882.812 281.250
250.000 -820.312 578.125 23.438 -78.125 953.125 132.812 484.375 789.062 7.812 710.938 554.688 -320.312 812.500 148.438
132.812 -953.125 687.500 -46.875 -117.188 984.375 93.750 445.312 812.500 -15.625 679.688 578.125 -367.188 773.438 210.938
132.812 -953.125 687.500 -46.875 -117.188 984.375 93.750 445.312 812.500 -15.625 679.688 578.125 -367.188 773.438 210.938
