570.312 -859.375 -171.875 593.750 -421.875 710.938 742.188 7.812 757.812 796.875 187.500 695.312 664.062 531.250 671.875
601.562 -929.688 -210.938 570.312 -390.625 765.625 750.000 -23.438 742.188 828.125 210.938 671.875 656.250 554.688 671.875
601.562 -929.688 -210.938 570.312 -390.625 765.625 750.000 -23.438 742.188 828.125 210.938 671.875 656.250 554.688 671.875
601.562 -929.688 -210.938 570.312 -390.625 765.625 750.000 -23.438 742.188 828.125 210.938 671.875 656.250 554.688 671.875
562.500 -898.438 -265.625 554.688 -421.875 796.875 781.250 15.625 718.750 796.875 218.750 648.438 687.500 554.688 625.000
492.188 -695.312 -250.000 523.438 -242.188 835.938 750.000 23.438 820.312 773.438 226.562 679.688 625.000 554.688 671.875
492.188 -695.312 -250.000 523.438 -242.188 835.938 750.000 23.438 820.312 773.438 226.562 679.688 625.000 554.688 671.875
531.250 -656.250 -250.000 554.688 -226.562 796.875 726.562 54.688 742.188 757.812 203.125 687.500 609.375 531.250 671.875
601.562 -695.312 -375.000 648.438 -351.562 671.875 742.188 78.125 734.375 734.375 156.250 695.312 578.125 500.000 726.562
437.500 -1125.000 -171.875 1000.000 -679.688 109.375 1078.125 -320.312 195.312 914.062 78.125 132.812 625.000 125.000 585.938
437.500 -1125.000 -171.875 1000.000 -679.688 109.375 1078.125 -320.312 195.312 914.062 78.125 132.812 625.000 125.000 585.938
437.500 -1125.000 -171.875 1000.000 -679.688 109.375 1078.125 -320.312 195.312 914.062 78.125 132.812 625.000 125.000 585.938
117.188 -1085.938 -132.812 1101.562 -515.625 7.812 812.500 -398.438 312.500 1015.625 -125.000 54.688 742.188 85.938 453.125
296.875 -820.312 -343.750 1085.938 -335.938 109.375 492.188 54.688 617.188 703.125 -7.812 507.812 804.688 179.688 304.688
609.375 -601.562 -632.812 773.438 -187.500 468.750 289.062 343.750 757.812 414.062 -234.375 718.750 539.062 257.812 492.188
609.375 -601.562 -632.812 773.438 -187.500 468.750 289.062 343.750 757.812 414.062 -234.375 718.750 539.062 257.812 492.188
593.750 -585.938 -609.375 632.812 -226.562 531.250 171.875 398.438 789.062 335.938 -296.875 781.250 421.875 273.438 539.062
453.125 -515.625 -609.375 671.875 -117.188 515.625 281.250 515.625 812.500 226.562 -304.688 1039.062 31.250 250.000 835.938
453.125 -515.625 -609.375 671.875 -117.188 515.625 281.250 515.625 812.500 226.562 -304.688 1039.062 31.250 250.000 835.938
460.938 -570.312 -617.188 773.438 -343.750 500.000 406.250 109.375 1031.250 195.312 -148.438 984.375 -23.438 406.250 921.875
468.750 -570.312 -640.625 781.250 -281.250 546.875 289.062 500.000 914.062 -70.312 -109.375 1304.688 -171.875 562.500 1460.938
468.750 -570.312 -640.625 781.250 -281.250 546.875 289.062 500.000 914.062 -70.312 -109.375 1304.688 -171.875 562.500 1460.938
468.750 -609.375 -687.500 820.312 -218.750 546.875 359.375 539.062 937.500 195.312 -156.250 1242.188 -93.750 429.688 1312.500
492.188 -726.562 -664.062 851.562 -250.000 562.500 335.938 453.125 906.250 320.312 -296.875 937.500 85.938 273.438 929.688
492.188 -726.562 -664.062 851.562 -250.000 562.500 335.938 453.125 906.250 320.312 -296.875 937.500 85.938 273.438 929.688
492.188 -726.562 -664.062 851.562 -250.000 562.500 335.938 453.125 906.250 320.312 -296.875 937.500 85.938 273.438 929.688
492.188 -664.062 -593.750 859.375 -164.062 523.438 375.000 468.750 835.938 281.250 -242.188 976.562 46.875 304.688 976.562
492.188 -664.062 -593.750 859.375 -164.062 523.438 375.000 468.750 835.938 281.250 -242.188 976.562 46.875 304.688 976.562
492.188 -664.062 -593.750 859.375 -164.062 523.438 375.000 468.750 835.938 281.250 -242.188 976.562 46.875 304.688 976.562
492.188 -578.125 -617.188 843.750 -125.000 500.000 367.188 500.000 828.125 257.812 -234.375 1007.812 -7.812 343.750 1007.812
476.562 -515.625 -640.625 757.812 -70.312 601.562 281.250 601.562 890.625 164.062 -257.812 1109.375 -15.625 390.625 1023.438
507.812 -468.750 -671.875 703.125 -46.875 671.875 195.312 664.062 937.500 125.000 -304.688 1179.688 -31.250 382.812 1031.250
531.250 -507.812 -710.938 640.625 -23.438 765.625 101.562 757.812 1023.438 70.312 -335.938 1242.188 -46.875 390.625 1085.938
703.125 -359.375 -898.438 632.812 -164.062 835.938 54.688 718.750 1070.312 62.500 -343.750 1218.750 -39.062 453.125 976.562
757.812 -367.188 -984.375 648.438 -187.500 820.312 70.312 718.750 1039.062 70.312 -218.750 1210.938 -62.500 539.062 968.750
789.062 -351.562 -1070.312 679.688 -226.562 789.062 109.375 671.875 1000.000 70.312 -203.125 1140.625 54.688 460.938 945.312
632.812 -414.062 -1320.312 820.312 -218.750 585.938 218.750 429.688 742.188 195.312 78.125 914.062 70.312 531.250 875.000
570.312 -421.875 -1289.062 867.188 -179.688 562.500 375.000 531.250 742.188 460.938 109.375 914.062 203.125 640.625 812.500
195.312 -609.375 -929.688 734.375 -109.375 382.812 726.562 484.375 539.062 492.188 250.000 726.562 179.688 734.375 898.438
195.312 -609.375 -929.688 734.375 -109.375 382.812 726.562 484.375 539.062 492.188 250.000 726.562 179.688 734.375 898.438
195.312 -609.375 -929.688 734.375 -109.375 382.812 726.562 484.375 539.062 492.188 250.000 726.562 179.688 734.375 898.438
171.875 -851.562 -757.812 687.500 -140.625 437.500 664.062 640.625 687.500 648.438 85.938 937.500 250.000 671.875 937.500
226.562 -1226.562 -546.875 382.812 -671.875 531.250 476.562 62.500 476.562 -7.812 726.562 835.938 -179.688 1046.875 1140.625
343.750 -1703.125 -281.250 757.812 -773.438 437.500 929.688 -117.188 281.250 640.625 546.875 531.250 -101.562 593.750 1070.312
343.750 -1703.125 -281.250 757.812 -773.438 437.500 929.688 -117.188 281.250 640.625 546.875 531.250 -101.562 593.750 1070.312
304.688 -1554.688 -187.500 703.125 -664.062 437.500 937.500 -218.750 281.250 710.938 453.125 429.688 70.312 531.250 906.250
257.812 -1265.625 -117.188 703.125 -648.438 328.125 976.562 -242.188 273.438 914.062 257.812 250.000 523.438 367.188 515.625
289.062 -1132.812 -148.438 726.562 -625.000 343.750 1007.812 -367.188 234.375 890.625 281.250 203.125 625.000 250.000 445.312
789.062 -187.500 -289.062 1539.062 93.750 -164.062 1656.250 -15.625 312.500 1414.062 -242.188 187.500 890.625 -23.438 390.625
789.062 -187.500 -289.062 1539.062 93.750 -164.062 1656.250 -15.625 312.500 1414.062 -242.188 187.500 890.625 -23.438 390.625
789.062 -187.500 -289.062 1539.062 93.750 -164.062 1656.250 -15.625 312.500 1414.062 -242.188 187.500 890.625 -23.438 390.625
1382.812 -585.938 -585.938 687.500 -250.000 304.688 1085.938 -375.000 335.938 890.625 0.000 242.188 734.375 70.312 515.625
601.562 -390.625 -257.812 929.688 -609.375 195.312 960.938 -164.062 304.688 984.375 -23.438 429.688 734.375 242.188 648.438
742.188 -281.250 -273.438 781.250 -492.188 304.688 843.750 -85.938 492.188 750.000 -15.625 570.312 554.688 335.938 750.000
906.250 -343.750 -414.062 695.312 -531.250 390.625 687.500 -39.062 648.438 671.875 -62.500 710.938 515.625 367.188 789.062
906.250 -343.750 -414.062 695.312 -531.250 390.625 687.500 -39.062 648.438 671.875 -62.500 710.938 515.625 367.188 789.062
882.812 -406.250 -453.125 648.438 -601.562 445.312 718.750 -70.312 609.375 742.188 -78.125 609.375 593.750 335.938 695.312
757.812 -515.625 -429.688 703.125 -640.625 460.938 835.938 -171.875 585.938 890.625 -85.938 476.562 734.375 296.875 578.125
726.562 -554.688 -429.688 703.125 -625.000 445.312 828.125 -179.688 570.312 898.438 -85.938 460.938 750.000 289.062 570.312
718.750 -562.500 -429.688 695.312 -609.375 453.125 843.750 -156.250 554.688 890.625 -85.938 476.562 718.750 304.688 578.125
687.500 -468.750 -453.125 718.750 -593.750 445.312 828.125 -148.438 562.500 898.438 -31.250 500.000 726.562 359.375 609.375
750.000 -421.875 -531.250 664.062 -531.250 492.188 781.250 -78.125 625.000 812.500 0.000 632.812 664.062 437.500 695.312
750.000 -421.875 -531.250 664.062 -531.250 492.188 781.250 -78.125 625.000 812.500 0.000 632.812 664.062 437.500 695.312
750.000 -429.688 -531.250 640.625 -546.875 492.188 750.000 -62.500 632.812 773.438 -7.812 656.250 632.812 460.938 710.938
742.188 -445.312 -523.438 632.812 -570.312 500.000 726.562 0.000 671.875 750.000 7.812 726.562 609.375 507.812 757.812
773.438 -507.812 -539.062 578.125 -562.500 546.875 679.688 23.438 718.750 703.125 15.625 796.875 578.125 554.688 812.500
726.562 -625.000 -500.000 531.250 -593.750 617.188 695.312 -23.438 726.562 750.000 0.000 695.312 648.438 492.188 679.688
726.562 -625.000 -500.000 531.250 -593.750 617.188 695.312 -23.438 726.562 750.000 0.000 695.312 648.438 492.188 679.688
687.500 -671.875 -476.562 546.875 -625.000 601.562 718.750 -62.500 687.500 812.500 -23.438 648.438 703.125 445.312 617.188
656.250 -671.875 -460.938 578.125 -617.188 601.562 750.000 -101.562 710.938 812.500 -39.062 609.375 710.938 398.438 593.750
679.688 -664.062 -453.125 601.562 -617.188 578.125 757.812 -101.562 695.312 835.938 -7.812 625.000 695.312 429.688 632.812
687.500 -546.875 -445.312 632.812 -546.875 554.688 781.250 -78.125 664.062 828.125 15.625 632.812 703.125 429.688 640.625
773.438 -539.062 -531.250 570.312 -546.875 585.938 710.938 -15.625 710.938 757.812 7.812 695.312 664.062 468.750 695.312
773.438 -539.062 -531.250 570.312 -546.875 585.938 710.938 -15.625 710.938 757.812 7.812 695.312 664.062 468.750 695.312
789.062 -546.875 -515.625 570.312 -578.125 578.125 695.312 -23.438 718.750 765.625 15.625 718.750 648.438 484.375 703.125
898.438 -648.438 -515.625 640.625 -609.375 570.312 679.688 39.062 820.312 757.812 -78.125 789.062 609.375 453.125 695.312
898.438 -648.438 -515.625 640.625 -609.375 570.312 679.688 39.062 820.312 757.812 -78.125 789.062 609.375 453.125 695.312
1046.875 -835.938 -523.438 656.250 -507.812 460.938 476.562 -109.375 656.250 664.062 -70.312 757.812 703.125 359.375 695.312
976.562 -843.750 -468.750 796.875 -460.938 460.938 828.125 187.500 617.188 796.875 -148.438 718.750 687.500 296.875 687.500
820.312 -820.312 -335.938 726.562 -679.688 304.688 890.625 -460.938 312.500 867.188 109.375 367.188 726.562 312.500 468.750
820.312 -820.312 -335.938 726.562 -679.688 304.688 890.625 -460.938 312.500 867.188 109.375 367.188 726.562 312.500 468.750
937.500 -742.188 -414.062 781.250 -757.812 289.062 906.250 -281.250 273.438 984.375 171.875 375.000 765.625 390.625 460.938
1078.125 -687.500 -562.500 773.438 -640.625 335.938 945.312 -234.375 328.125 1062.500 265.625 281.250 781.250 468.750 460.938
1484.375 -578.125 -812.500 437.500 -523.438 515.625 867.188 -343.750 351.562 1101.562 210.938 109.375 843.750 453.125 156.250
742.188 -320.312 -171.875 578.125 -500.000 296.875 796.875 -289.062 234.375 539.062 109.375 234.375 -85.938 187.500 539.062
742.188 -320.312 -171.875 578.125 -500.000 296.875 796.875 -289.062 234.375 539.062 109.375 234.375 -85.938 187.500 539.062
515.625 -328.125 54.688 703.125 -453.125 242.188 796.875 -312.500 156.250 375.000 226.562 414.062 -125.000 250.000 937.500
-117.188 -515.625 578.125 765.625 -679.688 140.625 773.438 -328.125 164.062 375.000 656.250 765.625 195.312 875.000 1539.062
1882.812 -1062.500 781.250 1304.688 -539.062 640.625 1132.812 -140.625 796.875 -7.812 -125.000 773.438 828.125 789.062 804.688
1882.812 -1062.500 781.250 1304.688 -539.062 640.625 1132.812 -140.625 796.875 -7.812 -125.000 773.438 828.125 789.062 804.688
1882.812 -1062.500 781.250 1304.688 -539.062 640.625 1132.812 -140.625 796.875 -7.812 -125.000 773.438 828.125 789.062 804.688
921.875 54.688 234.375 929.688 -945.312 562.500 1101.562 -257.812 679.688 710.938 -210.938 742.188 390.625 179.688 906.250
1015.625 -164.062 320.312 601.562 -687.500 601.562 835.938 -570.312 523.438 992.188 -23.438 554.688 531.250 265.625 859.375
968.750 -85.938 273.438 648.438 -570.312 562.500 843.750 -265.625 656.250 695.312 -171.875 781.250 648.438 250.000 750.000
976.562 -101.562 281.250 664.062 -507.812 585.938 750.000 -203.125 695.312 609.375 -109.375 804.688 617.188 320.312 781.250
898.438 -46.875 351.562 648.438 -359.375 578.125 718.750 -93.750 640.625 601.562 85.938 781.250 398.438 453.125 843.750
820.312 -109.375 398.438 578.125 -281.250 632.812 648.438 0.000 671.875 515.625 117.188 835.938 367.188 492.188 835.938
820.312 -109.375 398.438 578.125 -281.250 632.812 648.438 0.000 671.875 515.625 117.188 835.938 367.188 492.188 835.938
820.312 -109.375 398.438 578.125 -281.250 632.812 648.438 0.000 671.875 515.625 117.188 835.938 367.188 492.188 835.938
820.312 -148.438 406.250 562.500 -343.750 664.062 648.438 -62.500 679.688 554.688 54.688 820.312 437.500 421.875 828.125
843.750 -117.188 406.250 578.125 -390.625 679.688 695.312 -85.938 710.938 593.750 -31.250 828.125 515.625 398.438 804.688
843.750 -132.812 421.875 562.500 -398.438 703.125 718.750 -70.312 726.562 625.000 -23.438 835.938 585.938 390.625 804.688
843.750 -148.438 437.500 546.875 -421.875 703.125 718.750 -85.938 734.375 617.188 -39.062 843.750 585.938 382.812 812.500
703.125 -234.375 570.312 617.188 -617.188 742.188 828.125 -289.062 710.938 851.562 -218.750 710.938 820.312 187.500 695.312
710.938 -273.438 570.312 664.062 -757.812 750.000 890.625 -406.250 734.375 882.812 -367.188 687.500 882.812 23.438 656.250
890.625 -156.250 726.562 734.375 -1164.062 828.125 929.688 -406.250 1000.000 718.750 -1148.438 765.625 710.938 -437.500 640.625
632.812 -351.562 726.562 882.812 -1218.750 632.812 906.250 -625.000 875.000 921.875 -867.188 906.250 835.938 -359.375 625.000
-132.812 -945.312 820.312 1117.188 -1242.188 718.750 976.562 -789.062 718.750 1070.312 -601.562 382.812 882.812 39.062 296.875
-132.812 -945.312 820.312 1117.188 -1242.188 718.750 976.562 -789.062 718.750 1070.312 -601.562 382.812 882.812 39.062 296.875
-31.250 -1195.312 515.625 1093.750 -671.875 281.250 953.125 -585.938 742.188 1734.375 -468.750 -109.375 1203.125 210.938 -117.188
921.875 -1039.062 70.312 875.000 -656.250 -156.250 1242.188 -632.812 359.375 1726.562 398.438 -648.438 1429.688 515.625 -367.188
1828.125 -1984.375 -468.750 843.750 351.562 -39.062 1609.375 -382.812 -460.938 1601.562 1210.938 -1023.438 1320.312 1070.312 -679.688
1601.562 -2320.312 -523.438 460.938 -453.125 242.188 1234.375 54.688 -1093.750 539.062 1453.125 -1046.875 312.500 1109.375 -593.750
1257.812 -1109.375 -289.062 390.625 -570.312 242.188 750.000 234.375 -1085.938 242.188 1500.000 -796.875 -164.062 1101.562 -562.500
1023.438 -1109.375 -226.562 640.625 -328.125 46.875 656.250 476.562 -1085.938 0.000 1695.312 -687.500 -187.500 1281.250 -500.000
890.625 -234.375 -421.875 710.938 1132.812 7.812 -171.875 1882.812 -171.875 -1054.688 960.938 718.750 -859.375 1187.500 -117.188
890.625 -234.375 -421.875 710.938 1132.812 7.812 -171.875 1882.812 -171.875 -1054.688 960.938 718.750 -859.375 1187.500 -117.188
1242.188 109.375 -531.250 507.812 1179.688 226.562 54.688 1695.312 -54.688 -1000.000 1437.500 671.875 -1257.812 1445.312 117.188
1328.125 281.250 -500.000 304.688 1296.875 328.125 -343.750 1789.062 -31.250 -1226.562 1390.625 789.062 -1453.125 1585.938 312.500
1367.188 656.250 -390.625 -125.000 1328.125 757.812 -671.875 1898.438 445.312 -1453.125 1101.562 1226.562 -1632.812 1539.062 578.125
1125.000 593.750 7.812 -437.500 757.812 1250.000 -796.875 1539.062 882.812 -1554.688 695.312 1390.625 -1679.688 1234.375 828.125
1062.500 7.812 210.938 -343.750 460.938 1289.062 -843.750 1281.250 1070.312 -1281.250 390.625 1375.000 -1375.000 1054.688 789.062
1070.312 -304.688 296.875 -289.062 445.312 1273.438 -718.750 1320.312 1046.875 -1078.125 367.188 1335.938 -1171.875 1031.250 742.188
679.688 -960.938 570.312 -62.500 289.062 1125.000 -187.500 945.312 703.125 -351.562 531.250 945.312 -312.500 937.500 460.938
593.750 -1039.062 632.812 -23.438 273.438 1078.125 -54.688 906.250 656.250 -257.812 539.062 906.250 -125.000 937.500 390.625
476.562 -1140.625 710.938 15.625 296.875 1039.062 23.438 851.562 578.125 -78.125 492.188 835.938 39.062 882.812 320.312
429.688 -1179.688 742.188 62.500 359.375 992.188 46.875 843.750 578.125 -85.938 484.375 828.125 39.062 882.812 312.500
289.062 -781.250 750.000 171.875 507.812 828.125 15.625 937.500 492.188 -296.875 515.625 875.000 -359.375 914.062 382.812
289.062 -781.250 750.000 171.875 507.812 828.125 15.625 937.500 492.188 -296.875 515.625 875.000 -359.375 914.062 382.812
492.188 -601.562 609.375 171.875 492.188 835.938 -15.625 945.312 507.812 -367.188 507.812 890.625 -468.750 929.688 398.438
578.125 -531.250 562.500 156.250 484.375 851.562 -54.688 945.312 507.812 -367.188 507.812 867.188 -492.188 898.438 382.812
625.000 -382.812 523.438 132.812 484.375 867.188 -62.500 914.062 523.438 -382.812 476.562 875.000 -476.562 882.812 375.000
632.812 -281.250 515.625 148.438 500.000 898.438 -85.938 945.312 585.938 -406.250 453.125 921.875 -476.562 906.250 406.250
656.250 -468.750 531.250 164.062 390.625 867.188 -7.812 843.750 539.062 -242.188 500.000 828.125 -281.250 875.000 351.562
656.250 -468.750 531.250 164.062 390.625 867.188 -7.812 843.750 539.062 -242.188 500.000 828.125 -281.250 875.000 351.562
656.250 -468.750 531.250 164.062 390.625 867.188 -7.812 843.750 539.062 -242.188 500.000 828.125 -281.250 875.000 351.562
625.000 -500.000 546.875 187.500 390.625 875.000 31.250 851.562 531.250 -187.500 515.625 835.938 -242.188 914.062 343.750
562.500 -578.125 570.312 156.250 406.250 882.812 39.062 867.188 546.875 -242.188 523.438 859.375 -265.625 890.625 398.438
578.125 -585.938 578.125 164.062 414.062 890.625 31.250 859.375 546.875 -257.812 507.812 859.375 -273.438 882.812 398.438
578.125 -570.312 570.312 171.875 437.500 882.812 31.250 875.000 554.688 -273.438 539.062 859.375 -320.312 937.500 429.688
593.750 -546.875 562.500 187.500 429.688 882.812 54.688 875.000 554.688 -289.062 546.875 851.562 -367.188 906.250 437.500
664.062 -429.688 492.188 257.812 359.375 828.125 109.375 843.750 539.062 -304.688 539.062 828.125 -328.125 882.812 382.812
695.312 -390.625 484.375 281.250 335.938 828.125 70.312 835.938 546.875 -328.125 500.000 828.125 -304.688 843.750 320.312
750.000 -304.688 421.875 296.875 367.188 843.750 39.062 828.125 570.312 -140.625 578.125 742.188 -312.500 906.250 312.500
750.000 -304.688 421.875 296.875 367.188 843.750 39.062 828.125 570.312 -140.625 578.125 742.188 -312.500 906.250 312.500
703.125 -289.062 367.188 351.562 343.750 796.875 148.438 921.875 523.438 -257.812 726.562 828.125 -375.000 1031.250 398.438
703.125 -289.062 367.188 351.562 343.750 796.875 148.438 921.875 523.438 -257.812 726.562 828.125 -375.000 1031.250 398.438
703.125 -289.062 367.188 351.562 343.750 796.875 148.438 921.875 523.438 -257.812 726.562 828.125 -375.000 1031.250 398.438
703.125 -289.062 359.375 351.562 343.750 804.688 164.062 914.062 546.875 -257.812 734.375 796.875 -382.812 1031.250 398.438
742.188 -382.812 273.438 343.750 312.500 835.938 164.062 906.250 562.500 -195.312 796.875 796.875 -382.812 1078.125 406.250
750.000 -398.438 242.188 328.125 281.250 851.562 140.625 898.438 570.312 -210.938 820.312 820.312 -421.875 1109.375 414.062
765.625 -453.125 203.125 312.500 218.750 875.000 187.500 882.812 593.750 -179.688 828.125 812.500 -406.250 1085.938 414.062
757.812 -476.562 171.875 312.500 210.938 875.000 195.312 867.188 609.375 -195.312 820.312 828.125 -406.250 1085.938 406.250
632.812 -671.875 78.125 351.562 78.125 843.750 320.312 750.000 601.562 -31.250 789.062 734.375 -257.812 1007.812 335.938
632.812 -671.875 78.125 351.562 78.125 843.750 320.312 750.000 601.562 -31.250 789.062 734.375 -257.812 1007.812 335.938
617.188 -718.750 62.500 359.375 39.062 835.938 351.562 710.938 585.938 15.625 781.250 703.125 -203.125 1000.000 320.312
601.562 -765.625 54.688 375.000 7.812 835.938 390.625 664.062 578.125 85.938 750.000 671.875 -125.000 968.750 296.875
414.062 -984.375 117.188 343.750 -54.688 835.938 460.938 546.875 585.938 257.812 664.062 609.375 125.000 929.688 257.812
367.188 -1023.438 148.438 328.125 -78.125 835.938 453.125 523.438 578.125 289.062 640.625 609.375 156.250 906.250 273.438
335.938 -1203.125 210.938 289.062 -234.375 867.188 460.938 359.375 648.438 328.125 492.188 648.438 179.688 781.250 375.000
335.938 -1203.125 210.938 289.062 -234.375 867.188 460.938 359.375 648.438 328.125 492.188 648.438 179.688 781.250 375.000
328.125 -1195.312 234.375 265.625 -273.438 859.375 445.312 328.125 679.688 320.312 437.500 679.688 171.875 742.188 429.688
304.688 -1187.500 234.375 257.812 -273.438 875.000 429.688 312.500 703.125 320.312 406.250 695.312 171.875 734.375 445.312
281.250 -1156.250 250.000 234.375 -304.688 875.000 414.062 289.062 750.000 289.062 351.562 757.812 148.438 695.312 515.625
289.062 -1156.250 242.188 234.375 -343.750 890.625 406.250 273.438 781.250 281.250 312.500 781.250 132.812 656.250 531.250
335.938 -1195.312 195.312 210.938 -421.875 890.625 343.750 210.938 851.562 226.562 195.312 835.938 93.750 578.125 601.562
335.938 -1218.750 179.688 195.312 -414.062 898.438 328.125 210.938 875.000 226.562 187.500 851.562 78.125 585.938 601.562
320.312 -1148.438 156.250 156.250 -468.750 914.062 289.062 179.688 906.250 164.062 156.250 898.438 -39.062 562.500 695.312
320.312 -1148.438 156.250 156.250 -468.750 914.062 289.062 179.688 906.250 164.062 156.250 898.438 -39.062 562.500 695.312
367.188 -1164.062 93.750 140.625 -484.375 921.875 234.375 171.875 945.312 93.750 109.375 937.500 -101.562 531.250 710.938
382.812 -1140.625 78.125 132.812 -492.188 929.688 203.125 171.875 960.938 78.125 101.562 953.125 -125.000 546.875 718.750
398.438 -1039.062 31.250 101.562 -406.250 929.688 156.250 250.000 968.750 -23.438 148.438 1007.812 -257.812 601.562 796.875
398.438 -1039.062 31.250 101.562 -406.250 929.688 156.250 250.000 968.750 -23.438 148.438 1007.812 -257.812 601.562 796.875
421.875 -1031.250 7.812 93.750 -406.250 945.312 132.812 265.625 984.375 -39.062 148.438 1031.250 -273.438 593.750 804.688
453.125 -992.188 -7.812 109.375 -398.438 929.688 132.812 281.250 1000.000 -62.500 125.000 1046.875 -296.875 601.562 804.688
484.375 -960.938 -39.062 117.188 -398.438 929.688 125.000 281.250 1000.000 -78.125 132.812 1054.688 -304.688 601.562 804.688
476.562 -906.250 -54.688 93.750 -359.375 937.500 101.562 312.500 992.188 -93.750 164.062 1078.125 -343.750 625.000 828.125
476.562 -906.250 -54.688 93.750 -359.375 937.500 101.562 312.500 992.188 -93.750 164.062 1078.125 -343.750 625.000 828.125
476.562 -914.062 -54.688 101.562 -359.375 929.688 117.188 320.312 992.188 -93.750 156.250 1062.500 -343.750 617.188 828.125
484.375 -921.875 -46.875 109.375 -375.000 921.875 101.562 304.688 992.188 -93.750 132.812 1046.875 -328.125 601.562 812.500
484.375 -929.688 -46.875 117.188 -367.188 921.875 117.188 296.875 992.188 -85.938 140.625 1054.688 -320.312 609.375 804.688
414.062 -898.438 -7.812 78.125 -312.500 937.500 109.375 359.375 984.375 -78.125 218.750 1062.500 -312.500 671.875 820.312
406.250 -890.625 0.000 78.125 -304.688 945.312 117.188 367.188 968.750 -78.125 218.750 1054.688 -304.688 671.875 820.312
