328.125 -882.812 -382.812 398.438 -554.688 773.438 609.375 93.750 710.938 640.625 406.250 546.875 429.688 640.625 531.250
328.125 -882.812 -382.812 398.438 -554.688 773.438 609.375 93.750 710.938 640.625 406.250 546.875 429.688 640.625 531.250
367.188 -1304.688 -335.938 304.688 -617.188 882.812 648.438 320.312 750.000 710.938 648.438 632.812 421.875 882.812 687.500
367.188 -1304.688 -335.938 304.688 -617.188 882.812 648.438 320.312 750.000 710.938 648.438 632.812 421.875 882.812 687.500
218.750 -1281.250 -382.812 234.375 -671.875 921.875 656.250 296.875 757.812 695.312 765.625 609.375 414.062 921.875 687.500
242.188 -1390.625 -382.812 304.688 -578.125 867.188 710.938 390.625 625.000 679.688 750.000 562.500 437.500 875.000 617.188
242.188 -1390.625 -382.812 304.688 -578.125 867.188 710.938 390.625 625.000 679.688 750.000 562.500 437.500 875.000 617.188
273.438 -1132.812 -304.688 710.938 -117.188 437.500 851.562 695.312 250.000 742.188 523.438 406.250 421.875 609.375 500.000
273.438 -1132.812 -304.688 710.938 -117.188 437.500 851.562 695.312 250.000 742.188 523.438 406.250 421.875 609.375 500.000
273.438 -1132.812 -304.688 710.938 -117.188 437.500 851.562 695.312 250.000 742.188 523.438 406.250 421.875 609.375 500.000
351.562 -585.938 -210.938 1148.438 -70.312 117.188 867.188 484.375 273.438 734.375 289.062 367.188 343.750 476.562 515.625
414.062 -648.438 -171.875 1101.562 -93.750 156.250 828.125 484.375 281.250 742.188 335.938 382.812 359.375 500.000 507.812
1335.938 335.938 -906.250 882.812 -1312.500 828.125 875.000 -15.625 703.125 609.375 203.125 1125.000 -54.688 398.438 1218.750
93.750 -507.812 -335.938 164.062 15.625 859.375 375.000 570.312 914.062 554.688 773.438 1078.125 125.000 976.562 1148.438
398.438 -140.625 -390.625 179.688 -312.500 890.625 390.625 617.188 812.500 468.750 546.875 1039.062 85.938 875.000 1156.250
398.438 -140.625 -390.625 179.688 -312.500 890.625 390.625 617.188 812.500 468.750 546.875 1039.062 85.938 875.000 1156.250
460.938 -773.438 -429.688 406.250 -539.062 742.188 476.562 132.812 875.000 570.312 140.625 796.875 281.250 507.812 804.688
437.500 -656.250 -453.125 468.750 -445.312 703.125 531.250 117.188 828.125 609.375 156.250 742.188 289.062 484.375 789.062
437.500 -656.250 -453.125 468.750 -445.312 703.125 531.250 117.188 828.125 609.375 156.250 742.188 289.062 484.375 789.062
414.062 -718.750 -445.312 492.188 -515.625 687.500 531.250 132.812 796.875 609.375 93.750 734.375 296.875 445.312 773.438
468.750 -703.125 -492.188 500.000 -539.062 687.500 523.438 78.125 835.938 570.312 78.125 773.438 257.812 429.688 757.812
468.750 -656.250 -476.562 390.625 -343.750 750.000 429.688 273.438 835.938 500.000 289.062 851.562 171.875 648.438 835.938
468.750 -648.438 -453.125 390.625 -335.938 765.625 406.250 312.500 843.750 468.750 320.312 875.000 148.438 671.875 859.375
507.812 -750.000 -460.938 328.125 -367.188 851.562 367.188 351.562 906.250 460.938 328.125 906.250 156.250 718.750 851.562
523.438 -804.688 -429.688 273.438 -328.125 890.625 335.938 406.250 929.688 460.938 390.625 937.500 148.438 773.438 882.812
523.438 -804.688 -429.688 273.438 -328.125 890.625 335.938 406.250 929.688 460.938 390.625 937.500 148.438 773.438 882.812
492.188 -937.500 -320.312 289.062 -242.188 890.625 382.812 484.375 867.188 460.938 484.375 914.062 93.750 804.688 921.875
492.188 -937.500 -320.312 289.062 -242.188 890.625 382.812 484.375 867.188 460.938 484.375 914.062 93.750 804.688 921.875
500.000 -882.812 -343.750 289.062 -164.062 867.188 367.188 515.625 835.938 437.500 554.688 921.875 39.062 820.312 960.938
500.000 -882.812 -343.750 289.062 -164.062 867.188 367.188 515.625 835.938 437.500 554.688 921.875 39.062 820.312 960.938
562.500 -875.000 -429.688 250.000 -109.375 867.188 578.125 609.375 648.438 390.625 664.062 921.875 -132.812 859.375 1078.125
640.625 -750.000 -734.375 -242.188 -343.750 1296.875 585.938 687.500 226.562 296.875 1007.812 554.688 -515.625 804.688 1078.125
640.625 -750.000 -734.375 -242.188 -343.750 1296.875 585.938 687.500 226.562 296.875 1007.812 554.688 -515.625 804.688 1078.125
-789.062 -578.125 523.438 1429.688 -476.562 187.500 898.438 -39.062 218.750 359.375 226.562 156.250 -375.000 382.812 171.875
562.500 -250.000 117.188 945.312 -171.875 140.625 1312.500 234.375 226.562 656.250 -218.750 320.312 -54.688 414.062 148.438
562.500 -250.000 117.188 945.312 -171.875 140.625 1312.500 234.375 226.562 656.250 -218.750 320.312 -54.688 414.062 148.438
429.688 -1039.062 -273.438 1398.438 -890.625 140.625 921.875 70.312 1140.625 531.250 -531.250 1117.188 406.250 46.875 1078.125
429.688 -1039.062 -273.438 1398.438 -890.625 140.625 921.875 70.312 1140.625 531.250 -531.250 1117.188 406.250 46.875 1078.125
429.688 -1039.062 -273.438 1398.438 -890.625 140.625 921.875 70.312 1140.625 531.250 -531.250 1117.188 406.250 46.875 1078.125
445.312 -1281.250 -320.312 1234.375 -1062.500 289.062 796.875 -117.188 1101.562 585.938 -468.750 945.312 398.438 39.062 929.688
671.875 -1976.562 -617.188 593.750 -1250.000 859.375 453.125 -265.625 921.875 921.875 -406.250 343.750 1039.062 140.625 468.750
671.875 -1976.562 -617.188 593.750 -1250.000 859.375 453.125 -265.625 921.875 921.875 -406.250 343.750 1039.062 140.625 468.750
828.125 -1085.938 -1085.938 578.125 -546.875 1015.625 62.500 359.375 1085.938 117.188 -242.188 1054.688 226.562 257.812 914.062
1039.062 -445.312 -1039.062 554.688 -179.688 859.375 54.688 632.812 914.062 78.125 125.000 1148.438 -289.062 429.688 1046.875
726.562 -164.062 -875.000 703.125 218.750 539.062 210.938 851.562 710.938 39.062 218.750 1250.000 -593.750 453.125 1234.375
726.562 -164.062 -875.000 703.125 218.750 539.062 210.938 851.562 710.938 39.062 218.750 1250.000 -593.750 453.125 1234.375
632.812 132.812 -750.000 734.375 367.188 460.938 234.375 953.125 687.500 78.125 273.438 1250.000 -515.625 507.812 1234.375
578.125 304.688 -640.625 695.312 468.750 476.562 312.500 890.625 570.312 109.375 218.750 1101.562 -429.688 468.750 1070.312
648.438 -593.750 -437.500 804.688 -62.500 578.125 382.812 640.625 718.750 273.438 -7.812 984.375 -23.438 320.312 921.875
640.625 -765.625 -375.000 828.125 -171.875 609.375 335.938 593.750 773.438 281.250 -70.312 976.562 23.438 281.250 898.438
632.812 -1125.000 -335.938 773.438 -281.250 710.938 343.750 531.250 859.375 265.625 -109.375 1000.000 23.438 250.000 921.875
632.812 -1125.000 -335.938 773.438 -281.250 710.938 343.750 531.250 859.375 265.625 -109.375 1000.000 23.438 250.000 921.875
796.875 -445.312 -664.062 734.375 15.625 687.500 242.188 742.188 820.312 46.875 39.062 1187.500 -382.812 343.750 1039.062
796.875 -445.312 -664.062 734.375 15.625 687.500 242.188 742.188 820.312 46.875 39.062 1187.500 -382.812 343.750 1039.062
796.875 -445.312 -664.062 734.375 15.625 687.500 242.188 742.188 820.312 46.875 39.062 1187.500 -382.812 343.750 1039.062
898.438 132.812 -945.312 570.312 226.562 789.062 -93.750 968.750 843.750 -140.625 164.062 1335.938 -617.188 421.875 1140.625
1039.062 148.438 -1195.312 640.625 218.750 734.375 39.062 1007.812 820.312 -187.500 187.500 1351.562 -656.250 414.062 1109.375
1062.500 179.688 -1578.125 726.562 70.312 687.500 164.062 843.750 804.688 187.500 234.375 1148.438 -304.688 507.812 992.188
843.750 85.938 -1820.312 906.250 31.250 445.312 382.812 664.062 687.500 265.625 140.625 890.625 -54.688 554.688 859.375
414.062 -367.188 -1609.375 1015.625 -125.000 210.938 593.750 421.875 507.812 445.312 226.562 695.312 39.062 437.500 859.375
-78.125 -851.562 -1250.000 1203.125 -421.875 85.938 937.500 -7.812 312.500 890.625 445.312 382.812 304.688 328.125 820.312
-78.125 -851.562 -1250.000 1203.125 -421.875 85.938 937.500 -7.812 312.500 890.625 445.312 382.812 304.688 328.125 820.312
-54.688 -1984.375 -742.188 640.625 -734.375 632.812 625.000 -93.750 429.688 554.688 93.750 359.375 273.438 328.125 515.625
-54.688 -1984.375 -742.188 640.625 -734.375 632.812 625.000 -93.750 429.688 554.688 93.750 359.375 273.438 328.125 515.625
-31.250 -2351.562 -476.562 507.812 -515.625 812.500 406.250 296.875 656.250 382.812 -85.938 664.062 273.438 257.812 507.812
54.688 -1937.500 -70.312 546.875 -195.312 835.938 171.875 562.500 757.812 218.750 -54.688 757.812 203.125 375.000 562.500
-546.875 -70.312 617.188 1250.000 -78.125 54.688 1406.250 492.188 359.375 945.312 445.312 765.625 406.250 859.375 1218.750
-546.875 -70.312 617.188 1250.000 -78.125 54.688 1406.250 492.188 359.375 945.312 445.312 765.625 406.250 859.375 1218.750
687.500 -164.062 125.000 1031.250 -101.562 179.688 843.750 484.375 445.312 132.812 -46.875 914.062 -273.438 265.625 820.312
445.312 -539.062 93.750 968.750 -226.562 320.312 601.562 492.188 593.750 367.188 203.125 882.812 -23.438 484.375 820.312
445.312 -539.062 93.750 968.750 -226.562 320.312 601.562 492.188 593.750 367.188 203.125 882.812 -23.438 484.375 820.312
781.250 -968.750 -23.438 750.000 -335.938 625.000 539.062 554.688 656.250 328.125 351.562 921.875 -85.938 609.375 843.750
781.250 -968.750 -23.438 750.000 -335.938 625.000 539.062 554.688 656.250 328.125 351.562 921.875 -85.938 609.375 843.750
781.250 -750.000 -15.625 835.938 -148.438 437.500 625.000 578.125 523.438 453.125 390.625 859.375 -93.750 640.625 882.812
718.750 -421.875 0.000 921.875 -132.812 273.438 757.812 523.438 421.875 476.562 343.750 812.500 -62.500 570.312 859.375
718.750 -421.875 0.000 921.875 -132.812 273.438 757.812 523.438 421.875 476.562 343.750 812.500 -62.500 570.312 859.375
726.562 -609.375 -46.875 929.688 -281.250 328.125 742.188 445.312 500.000 476.562 296.875 796.875 0.000 515.625 804.688
734.375 -601.562 -70.312 898.438 -265.625 359.375 703.125 460.938 500.000 445.312 304.688 820.312 -23.438 539.062 828.125
742.188 -578.125 -93.750 828.125 -226.562 437.500 648.438 523.438 523.438 390.625 351.562 867.188 -70.312 578.125 875.000
750.000 -632.812 -132.812 851.562 -187.500 421.875 656.250 562.500 531.250 390.625 367.188 882.812 -117.188 585.938 890.625
765.625 -664.062 -148.438 867.188 -210.938 398.438 679.688 546.875 523.438 414.062 343.750 875.000 -101.562 570.312 875.000
765.625 -664.062 -148.438 867.188 -210.938 398.438 679.688 546.875 523.438 414.062 343.750 875.000 -101.562 570.312 875.000
742.188 -671.875 -148.438 843.750 -218.750 421.875 671.875 531.250 531.250 406.250 320.312 875.000 -70.312 546.875 875.000
773.438 -656.250 -226.562 851.562 -226.562 445.312 671.875 554.688 554.688 390.625 320.312 914.062 -132.812 546.875 906.250
742.188 -687.500 -226.562 851.562 -242.188 453.125 648.438 539.062 578.125 375.000 265.625 898.438 -125.000 492.188 867.188
695.312 -710.938 -195.312 843.750 -250.000 468.750 609.375 531.250 585.938 359.375 296.875 906.250 -148.438 507.812 882.812
695.312 -750.000 -203.125 859.375 -273.438 460.938 632.812 507.812 593.750 375.000 250.000 867.188 -117.188 492.188 851.562
695.312 -750.000 -203.125 859.375 -273.438 460.938 632.812 507.812 593.750 375.000 250.000 867.188 -117.188 492.188 851.562
695.312 -750.000 -203.125 859.375 -273.438 460.938 632.812 507.812 593.750 375.000 250.000 867.188 -117.188 492.188 851.562
578.125 -1054.688 23.438 890.625 -203.125 398.438 656.250 578.125 640.625 382.812 226.562 1000.000 -140.625 453.125 960.938
578.125 -1054.688 23.438 890.625 -203.125 398.438 656.250 578.125 640.625 382.812 226.562 1000.000 -140.625 453.125 960.938
406.250 -820.312 -93.750 898.438 -250.000 429.688 679.688 539.062 710.938 460.938 195.312 945.312 -140.625 375.000 937.500
601.562 -890.625 -265.625 875.000 -382.812 406.250 695.312 328.125 578.125 414.062 265.625 789.062 -15.625 421.875 812.500
601.562 -890.625 -265.625 875.000 -382.812 406.250 695.312 328.125 578.125 414.062 265.625 789.062 -15.625 421.875 812.500
671.875 -875.000 -375.000 851.562 -367.188 414.062 656.250 328.125 578.125 429.688 203.125 765.625 39.062 421.875 765.625
703.125 -679.688 -445.312 804.688 -304.688 437.500 570.312 367.188 609.375 398.438 234.375 781.250 0.000 414.062 765.625
718.750 -625.000 -468.750 781.250 -250.000 476.562 570.312 382.812 609.375 367.188 257.812 812.500 -46.875 421.875 812.500
703.125 -484.375 -437.500 726.562 -179.688 507.812 554.688 437.500 617.188 296.875 312.500 851.562 -132.812 468.750 843.750
703.125 -484.375 -437.500 726.562 -179.688 507.812 554.688 437.500 617.188 296.875 312.500 851.562 -132.812 468.750 843.750
703.125 -484.375 -437.500 726.562 -179.688 507.812 554.688 437.500 617.188 296.875 312.500 851.562 -132.812 468.750 843.750
632.812 -476.562 -351.562 570.312 -179.688 656.250 476.562 460.938 640.625 242.188 343.750 859.375 -210.938 492.188 835.938
632.812 -500.000 -351.562 523.438 -210.938 679.688 445.312 445.312 679.688 218.750 320.312 859.375 -195.312 476.562 820.312
632.812 -500.000 -351.562 523.438 -210.938 679.688 445.312 445.312 679.688 218.750 320.312 859.375 -195.312 476.562 820.312
632.812 -734.375 -335.938 546.875 -343.750 742.188 351.562 421.875 796.875 140.625 250.000 921.875 -234.375 453.125 804.688
601.562 -859.375 -343.750 546.875 -367.188 734.375 351.562 398.438 804.688 101.562 226.562 937.500 -265.625 414.062 812.500
593.750 -906.250 -320.312 554.688 -367.188 726.562 320.312 414.062 828.125 85.938 210.938 945.312 -265.625 414.062 828.125
500.000 -953.125 -257.812 523.438 -351.562 734.375 296.875 429.688 828.125 62.500 234.375 960.938 -304.688 421.875 820.312
414.062 -953.125 -226.562 507.812 -351.562 742.188 296.875 437.500 835.938 46.875 250.000 960.938 -359.375 421.875 835.938
414.062 -953.125 -226.562 507.812 -351.562 742.188 296.875 437.500 835.938 46.875 250.000 960.938 -359.375 421.875 835.938
468.750 -1007.812 -273.438 390.625 -320.312 796.875 210.938 460.938 851.562 -62.500 289.062 984.375 -460.938 453.125 828.125
484.375 -992.188 -289.062 375.000 -304.688 820.312 171.875 476.562 867.188 -93.750 312.500 1007.812 -500.000 468.750 843.750
484.375 -992.188 -289.062 375.000 -304.688 820.312 171.875 476.562 867.188 -93.750 312.500 1007.812 -500.000 468.750 843.750
515.625 -835.938 -343.750 218.750 -335.938 953.125 101.562 523.438 945.312 -148.438 328.125 1078.125 -507.812 507.812 859.375
515.625 -859.375 -335.938 187.500 -351.562 960.938 101.562 523.438 968.750 -132.812 320.312 1070.312 -500.000 500.000 859.375
398.438 -984.375 -257.812 148.438 -406.250 968.750 93.750 468.750 960.938 -125.000 304.688 1031.250 -468.750 492.188 843.750
398.438 -984.375 -257.812 148.438 -406.250 968.750 93.750 468.750 960.938 -125.000 304.688 1031.250 -468.750 492.188 843.750
265.625 -960.938 -171.875 125.000 -437.500 976.562 93.750 437.500 960.938 -93.750 296.875 1015.625 -460.938 476.562 835.938
265.625 -960.938 -171.875 125.000 -437.500 976.562 93.750 437.500 960.938 -93.750 296.875 1015.625 -460.938 476.562 835.938
234.375 -953.125 -148.438 132.812 -453.125 976.562 109.375 429.688 953.125 -78.125 289.062 1007.812 -453.125 460.938 835.938
250.000 -1023.438 -171.875 148.438 -460.938 960.938 132.812 406.250 937.500 -85.938 257.812 984.375 -429.688 421.875 804.688
281.250 -1093.750 -187.500 156.250 -453.125 937.500 70.312 390.625 937.500 -117.188 257.812 984.375 -453.125 437.500 781.250
296.875 -1054.688 -218.750 156.250 -445.312 937.500 85.938 406.250 945.312 -125.000 257.812 992.188 -468.750 445.312 796.875
296.875 -1054.688 -218.750 156.250 -445.312 937.500 85.938 406.250 945.312 -125.000 257.812 992.188 -468.750 445.312 796.875
