398.438 -1015.625 242.188 70.312 -617.188 859.375 468.750 -156.250 953.125 601.562 328.125 843.750 320.312 734.375 734.375
406.250 -1000.000 226.562 54.688 -617.188 859.375 468.750 -140.625 968.750 601.562 335.938 851.562 304.688 734.375 734.375
406.250 -1000.000 234.375 46.875 -617.188 851.562 460.938 -140.625 968.750 593.750 343.750 867.188 296.875 750.000 750.000
398.438 -1000.000 218.750 23.438 -625.000 867.188 445.312 -140.625 968.750 578.125 351.562 859.375 289.062 757.812 765.625
406.250 -1000.000 226.562 31.250 -625.000 851.562 437.500 -132.812 976.562 562.500 343.750 875.000 281.250 750.000 773.438
414.062 -984.375 218.750 62.500 -617.188 843.750 445.312 -132.812 953.125 562.500 328.125 875.000 289.062 726.562 765.625
429.688 -984.375 218.750 78.125 -609.375 835.938 460.938 -125.000 960.938 570.312 320.312 867.188 273.438 734.375 757.812
414.062 -984.375 210.938 78.125 -601.562 828.125 460.938 -125.000 953.125 578.125 328.125 859.375 296.875 734.375 757.812
414.062 -976.562 210.938 78.125 -601.562 835.938 460.938 -117.188 945.312 578.125 328.125 851.562 304.688 734.375 750.000
414.062 -976.562 210.938 70.312 -601.562 843.750 453.125 -117.188 937.500 578.125 335.938 835.938 312.500 734.375 734.375
429.688 -976.562 203.125 78.125 -593.750 835.938 468.750 -117.188 937.500 585.938 320.312 843.750 312.500 726.562 726.562
429.688 -960.938 203.125 93.750 -601.562 828.125 476.562 -125.000 921.875 593.750 320.312 820.312 335.938 710.938 710.938
429.688 -960.938 218.750 101.562 -593.750 828.125 468.750 -125.000 921.875 593.750 304.688 812.500 335.938 703.125 703.125
445.312 -945.312 218.750 125.000 -601.562 804.688 507.812 -117.188 890.625 593.750 328.125 796.875 335.938 710.938 695.312
437.500 -945.312 218.750 125.000 -593.750 828.125 500.000 -117.188 898.438 601.562 320.312 812.500 335.938 726.562 703.125
437.500 -929.688 210.938 117.188 -593.750 835.938 492.188 -117.188 906.250 593.750 328.125 812.500 328.125 726.562 703.125
453.125 -929.688 195.312 109.375 -601.562 835.938 476.562 -117.188 906.250 593.750 328.125 804.688 328.125 718.750 710.938
476.562 -929.688 187.500 148.438 -585.938 796.875 484.375 -93.750 890.625 585.938 320.312 804.688 335.938 726.562 687.500
476.562 -929.688 187.500 148.438 -578.125 796.875 507.812 -109.375 882.812 609.375 343.750 773.438 335.938 726.562 687.500
460.938 -914.062 195.312 148.438 -570.312 812.500 531.250 -156.250 835.938 617.188 351.562 742.188 351.562 726.562 679.688
453.125 -906.250 187.500 140.625 -585.938 796.875 531.250 -140.625 828.125 640.625 343.750 718.750 367.188 734.375 671.875
453.125 -859.375 171.875 179.688 -593.750 742.188 585.938 -125.000 789.062 625.000 320.312 718.750 390.625 718.750 648.438
460.938 -843.750 164.062 195.312 -609.375 734.375 546.875 -54.688 804.688 632.812 312.500 742.188 375.000 703.125 656.250
476.562 -828.125 164.062 242.188 -578.125 718.750 523.438 -46.875 812.500 609.375 250.000 765.625 351.562 632.812 687.500
484.375 -828.125 164.062 234.375 -554.688 726.562 507.812 -78.125 835.938 593.750 203.125 765.625 328.125 593.750 687.500
507.812 -679.688 46.875 171.875 -585.938 835.938 320.312 -195.312 1000.000 507.812 62.500 875.000 343.750 507.812 648.438
539.062 -609.375 31.250 171.875 -640.625 851.562 296.875 -234.375 1023.438 460.938 39.062 890.625 320.312 492.188 648.438
562.500 -562.500 -15.625 218.750 -679.688 820.312 406.250 -242.188 929.688 523.438 93.750 851.562 375.000 531.250 664.062
570.312 -546.875 -23.438 250.000 -687.500 789.062 460.938 -203.125 898.438 554.688 132.812 828.125 390.625 562.500 671.875
539.062 -687.500 -85.938 414.062 -578.125 570.312 562.500 -62.500 734.375 671.875 242.188 687.500 460.938 687.500 656.250
531.250 -734.375 -101.562 468.750 -453.125 531.250 539.062 -54.688 734.375 687.500 234.375 664.062 492.188 695.312 640.625
484.375 -726.562 -140.625 406.250 -296.875 625.000 546.875 -93.750 757.812 726.562 289.062 664.062 585.938 726.562 570.312
460.938 -750.000 -179.688 234.375 -382.812 726.562 562.500 -62.500 781.250 726.562 351.562 695.312 617.188 812.500 539.062
460.938 -562.500 -289.062 -23.438 -250.000 882.812 265.625 31.250 898.438 492.188 351.562 726.562 507.812 789.062 625.000
421.875 -515.625 -296.875 85.938 93.750 726.562 93.750 117.188 937.500 453.125 382.812 750.000 367.188 843.750 742.188
375.000 -328.125 -296.875 304.688 62.500 554.688 242.188 46.875 750.000 562.500 429.688 585.938 390.625 828.125 898.438
476.562 -359.375 -351.562 414.062 -109.375 460.938 375.000 39.062 562.500 648.438 460.938 484.375 375.000 882.812 929.688
546.875 -960.938 -390.625 562.500 -578.125 195.312 726.562 31.250 78.125 718.750 492.188 62.500 453.125 812.500 648.438
593.750 -1031.250 -382.812 750.000 -789.062 109.375 1046.875 -289.062 -218.750 867.188 609.375 -210.938 625.000 554.688 289.062
421.875 -1117.188 -257.812 851.562 -695.312 93.750 1046.875 -343.750 -132.812 906.250 -46.875 -304.688 773.438 210.938 0.000
390.625 -1140.625 -210.938 843.750 -710.938 62.500 937.500 -367.188 -109.375 914.062 -250.000 -296.875 796.875 -54.688 -117.188
492.188 -1132.812 -226.562 898.438 -898.438 70.312 1054.688 -531.250 -109.375 984.375 -375.000 -375.000 890.625 -210.938 -210.938
500.000 -1226.562 -195.312 796.875 -875.000 156.250 992.188 -601.562 -117.188 929.688 -390.625 -296.875 843.750 -218.750 -15.625
429.688 -1109.375 -171.875 773.438 -820.312 187.500 960.938 -546.875 -7.812 976.562 -320.312 -187.500 835.938 -101.562 187.500
484.375 -1078.125 -226.562 804.688 -796.875 187.500 1007.812 -492.188 -7.812 1015.625 -242.188 -210.938 828.125 23.438 218.750
671.875 -968.750 -398.438 773.438 -703.125 218.750 1070.312 -320.312 -46.875 1023.438 -78.125 -234.375 945.312 125.000 109.375
492.188 -656.250 -328.125 765.625 -476.562 218.750 1015.625 -156.250 -93.750 968.750 70.312 -312.500 1000.000 242.188 15.625
492.188 -585.938 -320.312 835.938 -343.750 156.250 1000.000 -70.312 -101.562 976.562 148.438 -281.250 960.938 335.938 101.562
515.625 -554.688 -335.938 812.500 -335.938 156.250 1000.000 -54.688 -117.188 976.562 179.688 -304.688 953.125 328.125 109.375
593.750 -523.438 -359.375 828.125 -351.562 164.062 1000.000 -93.750 -140.625 984.375 117.188 -351.562 984.375 250.000 31.250
601.562 -601.562 -312.500 789.062 -460.938 171.875 898.438 -164.062 0.000 914.062 0.000 -171.875 875.000 164.062 101.562
601.562 -734.375 -304.688 757.812 -554.688 210.938 945.312 -226.562 -15.625 937.500 62.500 -148.438 804.688 281.250 296.875
593.750 -750.000 -304.688 773.438 -578.125 203.125 968.750 -226.562 -39.062 953.125 39.062 -203.125 851.562 250.000 242.188
593.750 -679.688 -304.688 875.000 -515.625 125.000 992.188 -195.312 -109.375 968.750 23.438 -289.062 937.500 171.875 101.562
578.125 -585.938 -273.438 906.250 -468.750 78.125 1031.250 -148.438 -148.438 1007.812 101.562 -281.250 960.938 273.438 187.500
570.312 -648.438 -296.875 890.625 -484.375 117.188 1039.062 -171.875 -85.938 1062.500 31.250 -250.000 984.375 242.188 210.938
531.250 -726.562 -312.500 851.562 -539.062 156.250 1062.500 -226.562 -70.312 1085.938 15.625 -281.250 968.750 218.750 187.500
390.625 -929.688 -234.375 781.250 -625.000 250.000 1179.688 -335.938 -101.562 1226.562 -31.250 -406.250 1062.500 140.625 125.000
328.125 -1156.250 -234.375 859.375 -671.875 218.750 1398.438 -398.438 -250.000 1351.562 -117.188 -601.562 1125.000 7.812 70.312
421.875 -1312.500 -289.062 882.812 -781.250 195.312 1476.562 -421.875 -398.438 1382.812 -31.250 -734.375 1117.188 101.562 125.000
492.188 -1429.688 -460.938 851.562 -796.875 187.500 1453.125 -421.875 -445.312 1265.625 0.000 -750.000 1007.812 117.188 164.062
687.500 -1812.500 -593.750 578.125 -945.312 382.812 890.625 -265.625 -414.062 1023.438 226.562 -609.375 921.875 375.000 234.375
656.250 -1757.812 -562.500 718.750 -226.562 148.438 234.375 570.312 -7.812 304.688 117.188 -148.438 1000.000 273.438 -210.938
429.688 -1312.500 -468.750 468.750 625.000 132.812 -156.250 179.688 382.812 257.812 242.188 203.125 781.250 382.812 -359.375
289.062 -1156.250 -335.938 140.625 710.938 187.500 -85.938 281.250 375.000 -398.438 195.312 210.938 429.688 226.562 -179.688
210.938 -992.188 -312.500 -343.750 164.062 101.562 -546.875 453.125 335.938 -359.375 257.812 15.625 -460.938 125.000 -46.875
101.562 -296.875 -93.750 -585.938 -539.062 539.062 -851.562 7.812 726.562 -1085.938 -101.562 265.625 -882.812 -289.062 -421.875
257.812 -507.812 -250.000 -359.375 -1031.250 1523.438 -468.750 -281.250 1507.812 -562.500 1039.062 1468.750 -632.812 1968.750 1218.750
328.125 -242.188 -148.438 -867.188 -1015.625 1937.500 -320.312 -296.875 2054.688 93.750 1117.188 2031.250 -976.562 2429.688 2187.500
-117.188 -234.375 125.000 -1226.562 -976.562 1921.875 -117.188 507.812 2742.188 -1000.000 -203.125 3992.188 -2007.812 890.625 2773.438
1984.375 257.812 -890.625 742.188 -921.875 773.438 546.875 -476.562 625.000 554.688 -85.938 109.375 -156.250 500.000 257.812
1375.000 796.875 -507.812 328.125 -835.938 1015.625 609.375 -156.250 953.125 562.500 -54.688 968.750 625.000 539.062 820.312
953.125 429.688 -187.500 296.875 -421.875 1000.000 375.000 359.375 1726.562 1023.438 7.812 1796.875 -296.875 859.375 1296.875
796.875 -609.375 -54.688 218.750 -570.312 828.125 195.312 23.438 1109.375 -187.500 7.812 1234.375 -437.500 679.688 1000.000
976.562 -171.875 -23.438 -171.875 -585.938 906.250 -39.062 -54.688 1046.875 -101.562 -125.000 984.375 -234.375 414.062 695.312
835.938 -500.000 -7.812 0.000 -546.875 812.500 46.875 0.000 1046.875 -125.000 -62.500 1117.188 -453.125 609.375 937.500
851.562 -406.250 -23.438 -15.625 -531.250 828.125 54.688 -7.812 1039.062 -93.750 -62.500 1085.938 -382.812 585.938 867.188
875.000 -351.562 -85.938 46.875 -539.062 804.688 78.125 -31.250 1031.250 -85.938 -101.562 1085.938 -429.688 546.875 890.625
921.875 -312.500 -117.188 171.875 -585.938 765.625 203.125 -93.750 968.750 70.312 -140.625 992.188 -242.188 492.188 867.188
937.500 -281.250 -148.438 226.562 -609.375 757.812 281.250 -132.812 968.750 140.625 -195.312 992.188 -156.250 460.938 882.812
937.500 -250.000 -179.688 226.562 -632.812 750.000 257.812 -132.812 976.562 101.562 -195.312 1015.625 -226.562 453.125 906.250
945.312 -234.375 -210.938 203.125 -640.625 742.188 226.562 -156.250 976.562 78.125 -226.562 1015.625 -250.000 453.125 906.250
929.688 -218.750 -242.188 218.750 -632.812 742.188 250.000 -156.250 984.375 109.375 -210.938 1023.438 -171.875 484.375 929.688
843.750 -226.562 -234.375 31.250 -539.062 789.062 54.688 -46.875 1078.125 -85.938 -156.250 1164.062 -398.438 593.750 1007.812
812.500 -265.625 -203.125 -7.812 -539.062 781.250 78.125 -54.688 1031.250 -54.688 -140.625 1117.188 -289.062 578.125 960.938
828.125 -367.188 -187.500 -7.812 -539.062 804.688 85.938 -70.312 1039.062 15.625 -117.188 1078.125 -203.125 593.750 921.875
671.875 -343.750 -132.812 -70.312 -492.188 835.938 93.750 -15.625 1101.562 39.062 -125.000 1156.250 -132.812 648.438 960.938
632.812 -273.438 -140.625 -757.812 -937.500 984.375 -46.875 78.125 1117.188 -7.812 -171.875 1281.250 -78.125 664.062 1000.000
609.375 -351.562 -460.938 -500.000 -1234.375 1687.500 -125.000 -687.500 1578.125 -210.938 -312.500 1320.312 -148.438 531.250 1007.812
1289.062 156.250 -562.500 31.250 -375.000 1023.438 312.500 -148.438 1476.562 62.500 -507.812 1492.188 93.750 382.812 992.188
179.688 -617.188 125.000 960.938 -609.375 390.625 765.625 -570.312 664.062 445.312 -429.688 882.812 562.500 437.500 1000.000
656.250 -867.188 -46.875 992.188 -710.938 250.000 835.938 -289.062 523.438 632.812 -179.688 515.625 687.500 398.438 968.750
867.188 -1031.250 -250.000 812.500 -765.625 226.562 687.500 -578.125 250.000 585.938 179.688 242.188 273.438 656.250 984.375
1023.438 -1125.000 -296.875 703.125 -1054.688 85.938 945.312 -406.250 -62.500 273.438 -15.625 62.500 -101.562 -109.375 46.875
679.688 -1125.000 -156.250 750.000 -968.750 15.625 679.688 -7.812 -31.250 781.250 -562.500 -523.438 539.062 -882.812 -273.438
632.812 -625.000 -46.875 898.438 -62.500 78.125 656.250 -625.000 296.875 601.562 -289.062 -195.312 671.875 -109.375 -93.750
648.438 -757.812 -78.125 1000.000 7.812 367.188 742.188 -492.188 531.250 1015.625 -93.750 195.312 882.812 226.562 15.625
500.000 -1593.750 -187.500 132.812 -648.438 906.250 -156.250 46.875 726.562 1328.125 125.000 484.375 695.312 625.000 296.875
445.312 -1656.250 -234.375 171.875 -718.750 882.812 710.938 -101.562 601.562 992.188 460.938 445.312 664.062 960.938 492.188
437.500 -1195.312 -273.438 687.500 -625.000 546.875 1226.562 -7.812 242.188 1250.000 515.625 46.875 992.188 859.375 250.000
484.375 -1140.625 -375.000 812.500 -570.312 437.500 1187.500 70.312 210.938 1140.625 453.125 39.062 1062.500 757.812 117.188
679.688 -796.875 -437.500 937.500 -414.062 328.125 1156.250 164.062 156.250 1085.938 421.875 70.312 929.688 742.188 226.562
617.188 -726.562 -445.312 1000.000 -304.688 265.625 1171.875 148.438 46.875 1109.375 539.062 -39.062 914.062 835.938 257.812
500.000 -648.438 -468.750 953.125 -304.688 265.625 1195.312 140.625 -46.875 1117.188 515.625 -156.250 929.688 703.125 210.938
554.688 -625.000 -484.375 914.062 -328.125 281.250 1148.438 109.375 -23.438 1062.500 476.562 -140.625 906.250 671.875 179.688
523.438 -617.188 -445.312 828.125 -304.688 296.875 953.125 109.375 148.438 945.312 359.375 31.250 898.438 593.750 164.062
546.875 -578.125 -406.250 710.938 -343.750 375.000 812.500 132.812 351.562 835.938 328.125 289.062 773.438 656.250 296.875
484.375 -804.688 -406.250 601.562 -500.000 515.625 937.500 31.250 351.562 976.562 398.438 179.688 843.750 695.312 281.250
476.562 -851.562 -421.875 578.125 -546.875 515.625 914.062 7.812 320.312 929.688 351.562 132.812 867.188 625.000 218.750
546.875 -750.000 -460.938 593.750 -500.000 500.000 890.625 -46.875 343.750 968.750 265.625 125.000 890.625 539.062 203.125
585.938 -781.250 -453.125 710.938 -539.062 421.875 984.375 -46.875 289.062 1015.625 265.625 132.812 898.438 554.688 234.375
523.438 -835.938 -445.312 750.000 -578.125 375.000 1000.000 -39.062 218.750 1007.812 296.875 78.125 890.625 570.312 250.000
523.438 -820.312 -421.875 757.812 -554.688 359.375 1015.625 -70.312 187.500 1023.438 257.812 46.875 890.625 523.438 265.625
359.375 -890.625 -320.312 742.188 -585.938 328.125 1023.438 -117.188 117.188 1023.438 210.938 -46.875 914.062 421.875 203.125
421.875 -945.312 -312.500 804.688 -671.875 265.625 1070.312 -132.812 31.250 1054.688 179.688 -125.000 921.875 359.375 179.688
531.250 -1007.812 -335.938 882.812 -726.562 210.938 1117.188 -171.875 -23.438 1101.562 101.562 -171.875 945.312 265.625 171.875
523.438 -1164.062 -265.625 937.500 -789.062 171.875 1195.312 -289.062 -109.375 1156.250 0.000 -257.812 953.125 132.812 148.438
460.938 -1468.750 -156.250 1031.250 -968.750 85.938 1406.250 -468.750 -335.938 1351.562 -148.438 -554.688 1101.562 -109.375 46.875
546.875 -1781.250 -140.625 1179.688 -1210.938 -15.625 1507.812 -773.438 -507.812 1445.312 -406.250 -890.625 1203.125 -515.625 -210.938
640.625 -1945.312 -117.188 1281.250 -1218.750 -46.875 1460.938 -937.500 -570.312 1414.062 -562.500 -984.375 1226.562 -734.375 -289.062
531.250 -2140.625 -23.438 1414.062 -1250.000 -242.188 1265.625 -1195.312 -562.500 1070.312 -953.125 -937.500 898.438 -1078.125 -312.500
648.438 -2210.938 -140.625 1320.312 -1414.062 -289.062 1046.875 -1132.812 -507.812 914.062 -984.375 -867.188 859.375 -1148.438 -539.062
757.812 -2492.188 -460.938 1078.125 -1468.750 -257.812 796.875 -976.562 -570.312 531.250 -937.500 -984.375 554.688 -1218.750 -890.625
914.062 -2617.188 -632.812 929.688 -1460.938 -218.750 656.250 -851.562 -554.688 359.375 -796.875 -1031.250 281.250 -1039.062 -1054.688
867.188 -2484.375 -1109.375 468.750 -757.812 -203.125 46.875 -46.875 -250.000 -101.562 -265.625 -921.875 -85.938 -281.250 -1796.875
726.562 -2164.062 -1367.188 351.562 23.438 -351.562 0.000 507.812 -351.562 -78.125 632.812 -1132.812 -390.625 468.750 -2171.875
437.500 -1546.875 -1585.938 351.562 703.125 -468.750 250.000 1054.688 -875.000 -484.375 1882.812 -1687.500 -882.812 1640.625 -2187.500
289.062 -1054.688 -1617.188 382.812 1117.188 -554.688 195.312 1562.500 -1015.625 -703.125 2343.750 -1679.688 -1054.688 2078.125 -2078.125
101.562 679.688 -1656.250 500.000 2609.375 -484.375 -62.500 2750.000 -406.250 -921.875 3023.438 -882.812 -1593.750 2796.875 -1351.562
546.875 1875.000 -1492.188 54.688 2687.500 62.500 -468.750 2835.938 328.125 -1375.000 2914.062 -62.500 -2031.250 2890.625 -507.812
1046.875 2515.625 -1093.750 -242.188 2148.438 695.312 -585.938 2390.625 921.875 -1625.000 2710.938 742.188 -2164.062 2718.750 234.375
1242.188 1953.125 -359.375 -203.125 1164.062 1140.625 -492.188 1656.250 1281.250 -1492.188 2242.188 1343.750 -1867.188 2351.562 765.625
1132.812 1500.000 -117.188 -46.875 945.312 1093.750 -335.938 1421.875 1210.938 -1179.688 2031.250 1296.875 -1679.688 2132.812 828.125
960.938 539.062 210.938 226.562 656.250 921.875 -31.250 1046.875 960.938 -609.375 1500.000 953.125 -1195.312 1585.938 703.125
742.188 -7.812 523.438 343.750 421.875 789.062 226.562 742.188 718.750 -187.500 1085.938 554.688 -554.688 1140.625 234.375
515.625 -156.250 679.688 304.688 343.750 789.062 273.438 648.438 617.188 -46.875 937.500 351.562 -250.000 953.125 -7.812
70.312 -507.812 1039.062 187.500 351.562 804.688 312.500 585.938 515.625 265.625 789.062 23.438 226.562 773.438 -367.188
39.062 -648.438 1179.688 148.438 343.750 843.750 289.062 578.125 531.250 257.812 781.250 0.000 265.625 757.812 -421.875
46.875 -664.062 1250.000 93.750 359.375 898.438 242.188 617.188 585.938 203.125 804.688 54.688 187.500 773.438 -406.250
70.312 -640.625 1234.375 93.750 382.812 906.250 234.375 632.812 601.562 148.438 843.750 93.750 101.562 812.500 -359.375
218.750 -468.750 1078.125 132.812 492.188 906.250 140.625 734.375 695.312 -23.438 945.312 257.812 -203.125 945.312 -195.312
343.750 -328.125 929.688 101.562 539.062 914.062 70.312 773.438 765.625 -156.250 1000.000 359.375 -375.000 1007.812 -109.375
445.312 -226.562 796.875 70.312 523.438 937.500 39.062 796.875 781.250 -218.750 1023.438 429.688 -484.375 1031.250 -39.062
484.375 -187.500 757.812 93.750 554.688 914.062 31.250 828.125 773.438 -242.188 1031.250 445.312 -492.188 1031.250 -15.625
531.250 -171.875 687.500 117.188 500.000 875.000 54.688 804.688 726.562 -210.938 1015.625 406.250 -460.938 992.188 -46.875
523.438 -265.625 718.750 109.375 468.750 882.812 125.000 742.188 671.875 -125.000 960.938 335.938 -375.000 929.688 -93.750
453.125 -390.625 765.625 101.562 382.812 875.000 156.250 710.938 609.375 -101.562 921.875 257.812 -304.688 875.000 -148.438
421.875 -429.688 789.062 117.188 359.375 875.000 164.062 695.312 585.938 -54.688 898.438 218.750 -296.875 851.562 -179.688
367.188 -554.688 843.750 164.062 265.625 828.125 218.750 679.688 539.062 -23.438 828.125 187.500 -242.188 765.625 -218.750
312.500 -554.688 875.000 218.750 265.625 765.625 226.562 687.500 492.188 -46.875 796.875 179.688 -289.062 726.562 -234.375
273.438 -507.812 875.000 257.812 289.062 718.750 226.562 703.125 468.750 -78.125 812.500 203.125 -351.562 742.188 -179.688
257.812 -484.375 867.188 265.625 296.875 695.312 218.750 703.125 453.125 -78.125 828.125 195.312 -375.000 765.625 -156.250
234.375 -335.938 820.312 234.375 406.250 671.875 171.875 796.875 468.750 -109.375 945.312 210.938 -468.750 890.625 -93.750
195.312 -242.188 757.812 179.688 460.938 695.312 148.438 867.188 500.000 -132.812 1023.438 242.188 -492.188 984.375 -85.938
265.625 -226.562 710.938 109.375 500.000 773.438 101.562 914.062 562.500 -148.438 1085.938 281.250 -500.000 1039.062 -93.750
296.875 -250.000 703.125 78.125 492.188 820.312 93.750 906.250 601.562 -148.438 1093.750 296.875 -468.750 1054.688 -109.375
304.688 -375.000 734.375 -23.438 429.688 945.312 54.688 882.812 687.500 -148.438 1070.312 328.125 -375.000 1039.062 -203.125
257.812 -460.938 796.875 -62.500 398.438 1000.000 39.062 851.562 726.562 -148.438 1031.250 328.125 -351.562 1000.000 -218.750
210.938 -531.250 835.938 -70.312 375.000 1023.438 15.625 828.125 742.188 -156.250 1007.812 335.938 -367.188 984.375 -203.125
195.312 -578.125 859.375 -85.938 375.000 1031.250 7.812 804.688 742.188 -156.250 1000.000 351.562 -382.812 968.750 -187.500
156.250 -625.000 906.250 -85.938 367.188 1015.625 -7.812 789.062 765.625 -171.875 968.750 390.625 -429.688 953.125 -140.625
125.000 -617.188 906.250 -54.688 359.375 992.188 -39.062 789.062 781.250 -210.938 968.750 468.750 -515.625 960.938 -46.875
164.062 -601.562 859.375 -31.250 320.312 953.125 -23.438 773.438 781.250 -250.000 984.375 500.000 -578.125 976.562 7.812
164.062 -601.562 835.938 -31.250 296.875 945.312 0.000 773.438 757.812 -250.000 976.562 523.438 -585.938 968.750 23.438
140.625 -609.375 820.312 -23.438 257.812 929.688 39.062 742.188 734.375 -210.938 937.500 476.562 -507.812 937.500 0.000
54.688 -664.062 789.062 -85.938 257.812 953.125 46.875 679.688 695.312 -132.812 890.625 375.000 -359.375 867.188 -109.375
31.250 -710.938 796.875 -109.375 234.375 945.312 39.062 648.438 703.125 -109.375 859.375 343.750 -335.938 851.562 -132.812
39.062 -734.375 804.688 -101.562 218.750 953.125 31.250 632.812 703.125 -93.750 843.750 343.750 -320.312 835.938 -125.000
15.625 -742.188 820.312 -109.375 210.938 953.125 31.250 625.000 718.750 -101.562 820.312 367.188 -328.125 820.312 -101.562
0.000 -710.938 812.500 -109.375 226.562 945.312 0.000 640.625 757.812 -148.438 835.938 453.125 -421.875 859.375 -15.625
54.688 -664.062 781.250 -93.750 234.375 937.500 -31.250 656.250 796.875 -195.312 859.375 546.875 -523.438 906.250 85.938
85.938 -648.438 750.000 -85.938 210.938 921.875 -39.062 656.250 812.500 -218.750 875.000 593.750 -570.312 929.688 148.438
171.875 -617.188 648.438 -70.312 187.500 921.875 -46.875 648.438 835.938 -257.812 882.812 664.062 -648.438 960.938 226.562
171.875 -554.688 562.500 -39.062 171.875 882.812 -23.438 656.250 828.125 -281.250 859.375 703.125 -640.625 945.312 265.625
125.000 -570.312 546.875 -78.125 187.500 898.438 -31.250 640.625 828.125 -226.562 851.562 656.250 -562.500 937.500 195.312
93.750 -585.938 554.688 -93.750 171.875 914.062 -23.438 617.188 820.312 -203.125 843.750 609.375 -500.000 914.062 140.625
0.000 -671.875 601.562 -132.812 148.438 929.688 -7.812 585.938 796.875 -148.438 796.875 546.875 -406.250 867.188 78.125
-46.875 -804.688 656.250 -179.688 101.562 960.938 -15.625 539.062 812.500 -117.188 750.000 515.625 -382.812 843.750 62.500
-46.875 -851.562 687.500 -156.250 78.125 937.500 -23.438 523.438 820.312 -140.625 742.188 570.312 -437.500 828.125 132.812
-31.250 -875.000 679.688 -148.438 70.312 929.688 -39.062 523.438 820.312 -156.250 734.375 601.562 -460.938 820.312 156.250
-7.812 -867.188 664.062 -125.000 46.875 921.875 -39.062 500.000 843.750 -195.312 734.375 664.062 -531.250 843.750 234.375
-7.812 -851.562 640.625 -117.188 15.625 898.438 -31.250 500.000 835.938 -195.312 726.562 671.875 -539.062 843.750 250.000
-101.562 -843.750 625.000 -171.875 7.812 906.250 -7.812 468.750 812.500 -140.625 671.875 617.188 -367.188 789.062 156.250
-140.625 -859.375 640.625 -187.500 15.625 914.062 7.812 460.938 812.500 -109.375 671.875 578.125 -328.125 765.625 132.812
-179.688 -898.438 671.875 -210.938 23.438 914.062 0.000 437.500 789.062 -54.688 625.000 531.250 -257.812 726.562 85.938
-203.125 -921.875 679.688 -210.938 0.000 914.062 7.812 429.688 781.250 -62.500 625.000 523.438 -265.625 726.562 78.125
-242.188 -1031.250 726.562 -273.438 -7.812 945.312 -39.062 421.875 820.312 -93.750 640.625 593.750 -335.938 757.812 171.875
-242.188 -1023.438 718.750 -273.438 15.625 937.500 -70.312 445.312 843.750 -109.375 648.438 617.188 -382.812 773.438 195.312
