328.125 -1250.000 -273.438 15.625 -523.438 851.562 148.438 195.312 976.562 7.812 164.062 1015.625 -343.750 578.125 820.312
242.188 -1187.500 -148.438 54.688 -593.750 843.750 132.812 195.312 1015.625 -15.625 125.000 1054.688 -343.750 570.312 828.125
328.125 -1242.188 -156.250 93.750 -593.750 820.312 132.812 203.125 1023.438 -15.625 132.812 1070.312 -367.188 585.938 867.188
335.938 -1210.938 -140.625 85.938 -593.750 828.125 125.000 226.562 1023.438 -23.438 132.812 1078.125 -343.750 570.312 828.125
210.938 -1085.938 -78.125 101.562 -554.688 820.312 117.188 234.375 1023.438 -15.625 132.812 1046.875 -312.500 562.500 781.250
351.562 -1257.812 -125.000 164.062 -515.625 781.250 179.688 234.375 953.125 7.812 117.188 984.375 -296.875 507.812 750.000
390.625 -1257.812 -125.000 140.625 -523.438 796.875 179.688 234.375 945.312 39.062 101.562 953.125 -296.875 500.000 726.562
390.625 -1453.125 -156.250 148.438 -515.625 765.625 195.312 203.125 929.688 46.875 132.812 945.312 -304.688 523.438 718.750
226.562 -976.562 7.812 39.062 -742.188 937.500 132.812 125.000 1046.875 0.000 70.312 976.562 -304.688 453.125 648.438
226.562 -976.562 7.812 39.062 -742.188 937.500 132.812 125.000 1046.875 0.000 70.312 976.562 -304.688 453.125 648.438
343.750 -359.375 101.562 23.438 -710.938 1007.812 23.438 93.750 1109.375 -39.062 70.312 1000.000 -335.938 445.312 703.125
414.062 -781.250 93.750 101.562 -554.688 875.000 62.500 257.812 1007.812 -46.875 296.875 1078.125 -500.000 648.438 898.438
640.625 -710.938 39.062 187.500 -414.062 789.062 78.125 351.562 960.938 -46.875 390.625 1046.875 -460.938 726.562 882.812
750.000 -625.000 -31.250 234.375 -406.250 757.812 70.312 375.000 937.500 -93.750 312.500 1031.250 -437.500 664.062 789.062
679.688 -507.812 15.625 210.938 -437.500 734.375 46.875 367.188 929.688 -125.000 320.312 1039.062 -429.688 664.062 765.625
468.750 -390.625 132.812 289.062 -523.438 695.312 140.625 242.188 867.188 -195.312 320.312 984.375 -523.438 656.250 750.000
546.875 -609.375 257.812 296.875 -460.938 617.188 265.625 195.312 726.562 -62.500 304.688 890.625 -570.312 554.688 843.750
546.875 -609.375 257.812 296.875 -460.938 617.188 265.625 195.312 726.562 -62.500 304.688 890.625 -570.312 554.688 843.750
429.688 -453.125 242.188 218.750 -484.375 671.875 148.438 109.375 796.875 -109.375 367.188 820.312 -515.625 625.000 765.625
156.250 -734.375 304.688 375.000 -343.750 546.875 -85.938 273.438 1054.688 -78.125 -320.312 1046.875 -382.812 125.000 773.438
781.250 -359.375 31.250 226.562 -523.438 726.562 23.438 164.062 945.312 -250.000 -62.500 1023.438 -320.312 437.500 765.625
875.000 -585.938 148.438 250.000 -718.750 773.438 132.812 195.312 1015.625 -125.000 -242.188 1078.125 -445.312 273.438 929.688
757.812 -695.312 78.125 187.500 -750.000 617.188 351.562 15.625 843.750 15.625 -171.875 960.938 -421.875 250.000 945.312
898.438 -414.062 7.812 703.125 -789.062 570.312 445.312 54.688 1000.000 117.188 -304.688 953.125 -179.688 296.875 882.812
1039.062 -406.250 -54.688 585.938 -976.562 578.125 492.188 -171.875 960.938 328.125 -500.000 734.375 117.188 85.938 703.125
1015.625 -414.062 -70.312 625.000 -867.188 531.250 515.625 -101.562 929.688 335.938 -453.125 796.875 31.250 164.062 820.312
1000.000 -382.812 -70.312 562.500 -859.375 562.500 500.000 -62.500 960.938 273.438 -398.438 882.812 -7.812 242.188 875.000
1000.000 -382.812 -70.312 562.500 -859.375 562.500 500.000 -62.500 960.938 273.438 -398.438 882.812 -7.812 242.188 875.000
953.125 -343.750 -78.125 507.812 -687.500 578.125 351.562 78.125 953.125 132.812 -343.750 937.500 -187.500 281.250 898.438
890.625 -343.750 -31.250 351.562 -562.500 632.812 140.625 218.750 953.125 -78.125 -296.875 984.375 -406.250 296.875 906.250
890.625 -343.750 -31.250 351.562 -562.500 632.812 140.625 218.750 953.125 -78.125 -296.875 984.375 -406.250 296.875 906.250
906.250 -304.688 -46.875 335.938 -570.312 617.188 132.812 226.562 945.312 -78.125 -273.438 1000.000 -414.062 328.125 914.062
835.938 -351.562 -15.625 289.062 -539.062 664.062 54.688 273.438 968.750 -132.812 -281.250 1023.438 -421.875 351.562 929.688
835.938 -351.562 -15.625 289.062 -539.062 664.062 54.688 273.438 968.750 -132.812 -281.250 1023.438 -421.875 351.562 929.688
835.938 -351.562 -15.625 289.062 -539.062 664.062 54.688 273.438 968.750 -132.812 -281.250 1023.438 -421.875 351.562 929.688
851.562 -468.750 39.062 148.438 -609.375 765.625 46.875 234.375 1000.000 -93.750 -335.938 1007.812 -304.688 312.500 898.438
851.562 -468.750 39.062 148.438 -609.375 765.625 46.875 234.375 1000.000 -93.750 -335.938 1007.812 -304.688 312.500 898.438
882.812 -210.938 -7.812 515.625 -835.938 757.812 304.688 15.625 1000.000 179.688 -484.375 937.500 -93.750 187.500 875.000
1140.625 -148.438 -39.062 523.438 -750.000 625.000 414.062 -70.312 992.188 242.188 -437.500 921.875 -31.250 242.188 906.250
1109.375 -117.188 -31.250 843.750 -835.938 570.312 585.938 -109.375 1039.062 484.375 -585.938 898.438 101.562 156.250 953.125
960.938 -320.312 -132.812 968.750 -937.500 554.688 648.438 -117.188 1031.250 468.750 -632.812 890.625 164.062 39.062 742.188
968.750 -179.688 -23.438 914.062 -992.188 484.375 187.500 -23.438 1195.312 195.312 -367.188 1015.625 70.312 281.250 929.688
804.688 -335.938 31.250 1000.000 -617.188 671.875 117.188 -414.062 1359.375 -15.625 -695.312 1039.062 0.000 265.625 882.812
1218.750 -492.188 -117.188 390.625 -476.562 562.500 703.125 -195.312 468.750 210.938 218.750 726.562 -429.688 468.750 1015.625
1218.750 -492.188 -117.188 390.625 -476.562 562.500 703.125 -195.312 468.750 210.938 218.750 726.562 -429.688 468.750 1015.625
1218.750 -492.188 -117.188 390.625 -476.562 562.500 703.125 -195.312 468.750 210.938 218.750 726.562 -429.688 468.750 1015.625
773.438 -1210.938 -23.438 500.000 -54.688 578.125 304.688 117.188 804.688 343.750 39.062 804.688 -70.312 468.750 742.188
835.938 -718.750 15.625 648.438 -343.750 562.500 562.500 140.625 804.688 351.562 109.375 929.688 -70.312 585.938 781.250
875.000 -476.562 -39.062 515.625 -367.188 640.625 304.688 281.250 851.562 62.500 242.188 1031.250 -382.812 648.438 898.438
929.688 -406.250 -54.688 656.250 -148.438 601.562 421.875 171.875 921.875 -31.250 203.125 1101.562 -460.938 617.188 890.625
921.875 -398.438 -46.875 609.375 -210.938 617.188 390.625 281.250 929.688 0.000 210.938 1078.125 -382.812 601.562 867.188
875.000 -421.875 -23.438 515.625 -203.125 687.500 70.312 562.500 1164.062 -7.812 164.062 1164.062 -367.188 609.375 851.562
796.875 -578.125 54.688 445.312 -148.438 757.812 250.000 179.688 1015.625 39.062 343.750 1101.562 -421.875 718.750 859.375
617.188 -632.812 210.938 406.250 -398.438 921.875 289.062 -70.312 1007.812 39.062 375.000 937.500 -148.438 703.125 757.812
617.188 -632.812 210.938 406.250 -398.438 921.875 289.062 -70.312 1007.812 39.062 375.000 937.500 -148.438 703.125 757.812
609.375 -632.812 250.000 445.312 -476.562 914.062 359.375 -109.375 968.750 156.250 312.500 921.875 -117.188 664.062 742.188
789.062 -710.938 195.312 421.875 -734.375 882.812 570.312 -140.625 750.000 210.938 523.438 789.062 -140.625 718.750 765.625
789.062 -820.312 164.062 578.125 -484.375 687.500 609.375 -39.062 750.000 242.188 460.938 835.938 -164.062 695.312 750.000
789.062 -835.938 156.250 585.938 -445.312 687.500 585.938 -7.812 773.438 226.562 414.062 843.750 -187.500 671.875 765.625
781.250 -734.375 164.062 578.125 -453.125 671.875 578.125 -7.812 789.062 265.625 437.500 859.375 -226.562 656.250 781.250
828.125 -710.938 148.438 421.875 -578.125 781.250 562.500 -31.250 750.000 179.688 539.062 835.938 -289.062 718.750 804.688
828.125 -710.938 148.438 421.875 -578.125 781.250 562.500 -31.250 750.000 179.688 539.062 835.938 -289.062 718.750 804.688
765.625 -726.562 179.688 507.812 -382.812 750.000 523.438 70.312 851.562 171.875 515.625 890.625 -187.500 765.625 718.750
765.625 -726.562 179.688 507.812 -382.812 750.000 523.438 70.312 851.562 171.875 515.625 890.625 -187.500 765.625 718.750
718.750 -679.688 210.938 515.625 -289.062 757.812 523.438 132.812 875.000 203.125 570.312 890.625 -187.500 804.688 750.000
710.938 -601.562 203.125 507.812 -289.062 781.250 500.000 117.188 906.250 179.688 531.250 906.250 -187.500 750.000 726.562
726.562 -601.562 187.500 523.438 -304.688 773.438 507.812 125.000 882.812 179.688 531.250 914.062 -195.312 750.000 742.188
773.438 -562.500 171.875 718.750 -257.812 640.625 593.750 70.312 820.312 218.750 492.188 906.250 -218.750 703.125 757.812
796.875 -500.000 164.062 828.125 -335.938 570.312 656.250 -15.625 757.812 320.312 390.625 898.438 -171.875 625.000 796.875
898.438 -421.875 78.125 625.000 -382.812 539.062 781.250 -93.750 843.750 281.250 281.250 929.688 -93.750 570.312 773.438
960.938 -453.125 46.875 789.062 -195.312 617.188 718.750 -132.812 921.875 273.438 265.625 960.938 -62.500 570.312 773.438
960.938 -453.125 46.875 789.062 -195.312 617.188 718.750 -132.812 921.875 273.438 265.625 960.938 -62.500 570.312 773.438
992.188 -523.438 46.875 664.062 -320.312 500.000 609.375 -164.062 1031.250 242.188 234.375 1007.812 -15.625 578.125 750.000
921.875 -601.562 78.125 812.500 -351.562 593.750 664.062 15.625 898.438 289.062 171.875 1039.062 -7.812 625.000 765.625
1046.875 -812.500 78.125 2078.125 -796.875 -445.312 601.562 2078.125 898.438 85.938 132.812 1382.812 62.500 656.250 789.062
835.938 179.688 -70.312 -1085.938 -2242.188 1203.125 1109.375 46.875 117.188 1593.750 539.062 171.875 -429.688 937.500 1171.875
882.812 -218.750 -7.812 195.312 -414.062 960.938 609.375 -421.875 687.500 664.062 234.375 242.188 0.000 781.250 609.375
765.625 -671.875 7.812 132.812 -304.688 835.938 585.938 -414.062 734.375 242.188 304.688 539.062 132.812 726.562 281.250
875.000 -882.812 195.312 468.750 -648.438 562.500 804.688 -148.438 539.062 234.375 648.438 835.938 -85.938 687.500 734.375
804.688 -929.688 273.438 539.062 -703.125 554.688 929.688 -320.312 406.250 835.938 492.188 585.938 -242.188 750.000 953.125
710.938 -718.750 312.500 539.062 -703.125 570.312 929.688 -421.875 390.625 710.938 335.938 554.688 78.125 585.938 750.000
710.938 -718.750 312.500 539.062 -703.125 570.312 929.688 -421.875 390.625 710.938 335.938 554.688 78.125 585.938 750.000
789.062 -570.312 226.562 789.062 -648.438 398.438 1039.062 -351.562 234.375 796.875 273.438 515.625 367.188 531.250 570.312
773.438 -476.562 195.312 804.688 -648.438 382.812 1054.688 -382.812 210.938 921.875 273.438 445.312 398.438 531.250 593.750
851.562 -414.062 132.812 593.750 -750.000 500.000 820.312 -382.812 429.688 648.438 265.625 632.812 273.438 500.000 671.875
867.188 -625.000 125.000 1359.375 742.188 -15.625 578.125 -218.750 976.562 70.312 226.562 1125.000 179.688 523.438 757.812
937.500 -812.500 140.625 406.250 -1031.250 617.188 789.062 -226.562 429.688 -39.062 578.125 1000.000 -156.250 804.688 921.875
804.688 -367.188 148.438 726.562 -398.438 500.000 726.562 -234.375 664.062 578.125 468.750 781.250 -39.062 585.938 1031.250
914.062 -617.188 85.938 625.000 -531.250 539.062 812.500 -257.812 507.812 703.125 570.312 781.250 39.062 718.750 804.688
914.062 -453.125 78.125 656.250 -445.312 531.250 796.875 -242.188 554.688 523.438 500.000 781.250 148.438 679.688 796.875
914.062 -453.125 78.125 656.250 -445.312 531.250 796.875 -242.188 554.688 523.438 500.000 781.250 148.438 679.688 796.875
921.875 -468.750 85.938 687.500 -421.875 507.812 843.750 -265.625 484.375 593.750 484.375 703.125 117.188 695.312 820.312
859.375 -445.312 117.188 781.250 -476.562 429.688 898.438 -304.688 375.000 664.062 406.250 664.062 171.875 601.562 812.500
914.062 -437.500 109.375 734.375 -531.250 476.562 875.000 -343.750 398.438 703.125 382.812 648.438 203.125 601.562 781.250
882.812 -468.750 140.625 546.875 -585.938 617.188 679.688 -398.438 625.000 460.938 328.125 781.250 234.375 554.688 718.750
898.438 -570.312 164.062 515.625 -609.375 671.875 679.688 -375.000 648.438 445.312 406.250 820.312 109.375 601.562 789.062
890.625 -640.625 187.500 539.062 -562.500 656.250 710.938 -335.938 632.812 484.375 453.125 804.688 54.688 671.875 851.562
890.625 -562.500 132.812 539.062 -460.938 640.625 726.562 -257.812 617.188 468.750 500.000 765.625 46.875 640.625 804.688
890.625 -562.500 132.812 539.062 -460.938 640.625 726.562 -257.812 617.188 468.750 500.000 765.625 46.875 640.625 804.688
890.625 -562.500 132.812 539.062 -460.938 640.625 726.562 -257.812 617.188 468.750 500.000 765.625 46.875 640.625 804.688
1000.000 -429.688 46.875 523.438 -429.688 648.438 718.750 -242.188 617.188 468.750 492.188 726.562 101.562 695.312 757.812
1000.000 -468.750 125.000 546.875 -398.438 601.562 742.188 -226.562 570.312 500.000 515.625 726.562 85.938 710.938 781.250
867.188 -359.375 210.938 664.062 -468.750 531.250 789.062 -304.688 523.438 546.875 375.000 726.562 140.625 570.312 789.062
867.188 -359.375 210.938 664.062 -468.750 531.250 789.062 -304.688 523.438 546.875 375.000 726.562 140.625 570.312 789.062
882.812 -406.250 203.125 695.312 -585.938 515.625 765.625 -367.188 523.438 531.250 328.125 796.875 109.375 546.875 851.562
882.812 -406.250 203.125 695.312 -585.938 515.625 765.625 -367.188 523.438 531.250 328.125 796.875 109.375 546.875 851.562
906.250 -398.438 234.375 656.250 -617.188 531.250 742.188 -429.688 554.688 476.562 281.250 851.562 85.938 492.188 921.875
875.000 -437.500 250.000 664.062 -710.938 507.812 742.188 -437.500 523.438 500.000 273.438 851.562 93.750 515.625 906.250
875.000 -437.500 250.000 664.062 -710.938 507.812 742.188 -437.500 523.438 500.000 273.438 851.562 93.750 515.625 906.250
992.188 -359.375 171.875 601.562 -656.250 562.500 726.562 -468.750 539.062 593.750 195.312 742.188 210.938 460.938 851.562
960.938 -398.438 171.875 601.562 -648.438 531.250 742.188 -468.750 523.438 593.750 195.312 726.562 265.625 500.000 789.062
1023.438 -210.938 93.750 648.438 -531.250 453.125 765.625 -343.750 515.625 578.125 117.188 773.438 289.062 453.125 812.500
984.375 -148.438 132.812 648.438 -585.938 476.562 781.250 -429.688 484.375 523.438 218.750 828.125 156.250 484.375 875.000
960.938 0.000 85.938 703.125 -468.750 437.500 781.250 -359.375 531.250 601.562 156.250 820.312 195.312 414.062 921.875
960.938 0.000 85.938 703.125 -468.750 437.500 781.250 -359.375 531.250 601.562 156.250 820.312 195.312 414.062 921.875
960.938 0.000 85.938 703.125 -468.750 437.500 781.250 -359.375 531.250 601.562 156.250 820.312 195.312 414.062 921.875
968.750 140.625 117.188 781.250 -523.438 476.562 773.438 -375.000 554.688 593.750 93.750 851.562 195.312 375.000 906.250
992.188 70.312 125.000 765.625 -585.938 445.312 859.375 -414.062 500.000 750.000 195.312 828.125 257.812 335.938 937.500
1007.812 -7.812 148.438 679.688 -671.875 507.812 812.500 -632.812 476.562 679.688 70.312 765.625 296.875 257.812 929.688
929.688 -7.812 148.438 484.375 -710.938 609.375 640.625 -640.625 523.438 562.500 78.125 726.562 320.312 289.062 867.188
953.125 -203.125 109.375 273.438 -515.625 726.562 343.750 -398.438 781.250 195.312 23.438 914.062 210.938 289.062 875.000
953.125 -203.125 109.375 273.438 -515.625 726.562 343.750 -398.438 781.250 195.312 23.438 914.062 210.938 289.062 875.000
1007.812 -132.812 109.375 312.500 -531.250 734.375 468.750 -453.125 781.250 273.438 164.062 929.688 140.625 414.062 921.875
1062.500 -23.438 179.688 601.562 -601.562 679.688 726.562 -429.688 648.438 515.625 93.750 921.875 195.312 429.688 914.062
1015.625 85.938 171.875 757.812 -507.812 539.062 875.000 -406.250 554.688 609.375 -7.812 867.188 281.250 359.375 914.062
992.188 46.875 164.062 632.812 -515.625 578.125 757.812 -257.812 679.688 468.750 54.688 882.812 218.750 437.500 851.562
992.188 46.875 164.062 632.812 -515.625 578.125 757.812 -257.812 679.688 468.750 54.688 882.812 218.750 437.500 851.562
992.188 46.875 164.062 632.812 -515.625 578.125 757.812 -257.812 679.688 468.750 54.688 882.812 218.750 437.500 851.562
968.750 132.812 179.688 843.750 -429.688 632.812 820.312 -257.812 796.875 578.125 85.938 898.438 195.312 492.188 937.500
976.562 156.250 210.938 710.938 -554.688 546.875 742.188 -210.938 679.688 460.938 54.688 929.688 234.375 468.750 875.000
898.438 -78.125 257.812 445.312 -468.750 648.438 562.500 -156.250 734.375 343.750 85.938 906.250 195.312 484.375 835.938
898.438 -78.125 257.812 445.312 -468.750 648.438 562.500 -156.250 734.375 343.750 85.938 906.250 195.312 484.375 835.938
921.875 15.625 265.625 523.438 -421.875 632.812 593.750 -109.375 742.188 320.312 132.812 945.312 70.312 523.438 914.062
921.875 15.625 265.625 523.438 -421.875 632.812 593.750 -109.375 742.188 320.312 132.812 945.312 70.312 523.438 914.062
921.875 15.625 265.625 523.438 -421.875 632.812 593.750 -109.375 742.188 320.312 132.812 945.312 70.312 523.438 914.062
921.875 15.625 265.625 523.438 -421.875 632.812 593.750 -109.375 742.188 320.312 132.812 945.312 70.312 523.438 914.062
937.500 46.875 273.438 601.562 -445.312 617.188 656.250 -148.438 726.562 367.188 93.750 929.688 132.812 492.188 882.812
984.375 31.250 273.438 617.188 -531.250 617.188 687.500 -226.562 710.938 421.875 31.250 914.062 179.688 453.125 875.000
984.375 31.250 273.438 617.188 -531.250 617.188 687.500 -226.562 710.938 421.875 31.250 914.062 179.688 453.125 875.000
992.188 54.688 250.000 656.250 -546.875 609.375 726.562 -250.000 703.125 468.750 7.812 914.062 210.938 437.500 875.000
1000.000 93.750 242.188 710.938 -554.688 585.938 773.438 -257.812 671.875 484.375 -7.812 906.250 218.750 421.875 882.812
1000.000 132.812 210.938 750.000 -554.688 539.062 812.500 -265.625 640.625 531.250 -7.812 882.812 226.562 414.062 890.625
1000.000 132.812 210.938 750.000 -554.688 539.062 812.500 -265.625 640.625 531.250 -7.812 882.812 226.562 414.062 890.625
1000.000 132.812 210.938 750.000 -554.688 539.062 812.500 -265.625 640.625 531.250 -7.812 882.812 226.562 414.062 890.625
968.750 93.750 210.938 679.688 -570.312 554.688 734.375 -281.250 640.625 507.812 7.812 875.000 210.938 414.062 875.000
953.125 7.812 218.750 578.125 -539.062 585.938 632.812 -265.625 695.312 421.875 7.812 867.188 187.500 406.250 859.375
429.688 -78.125 234.375 421.875 -742.188 789.062 507.812 -328.125 734.375 343.750 101.562 843.750 156.250 429.688 851.562
546.875 -414.062 523.438 531.250 -718.750 687.500 382.812 -226.562 703.125 398.438 187.500 781.250 289.062 492.188 820.312
906.250 -187.500 289.062 609.375 -531.250 687.500 617.188 164.062 1000.000 226.562 -226.562 1125.000 117.188 390.625 906.250
796.875 62.500 320.312 562.500 -515.625 664.062 804.688 -289.062 757.812 406.250 109.375 976.562 7.812 421.875 921.875
671.875 -23.438 375.000 742.188 -500.000 664.062 601.562 -117.188 859.375 421.875 -125.000 1078.125 15.625 414.062 953.125
671.875 -23.438 375.000 742.188 -500.000 664.062 601.562 -117.188 859.375 421.875 -125.000 1078.125 15.625 414.062 953.125
898.438 -46.875 195.312 554.688 -429.688 578.125 632.812 -39.062 734.375 390.625 164.062 890.625 23.438 531.250 859.375
898.438 -46.875 195.312 554.688 -429.688 578.125 632.812 -39.062 734.375 390.625 164.062 890.625 23.438 531.250 859.375
960.938 -226.562 164.062 539.062 -484.375 585.938 570.312 23.438 750.000 328.125 218.750 921.875 -15.625 585.938 859.375
929.688 -359.375 171.875 492.188 -476.562 609.375 562.500 39.062 773.438 312.500 242.188 937.500 -15.625 593.750 851.562
710.938 -429.688 296.875 437.500 -476.562 664.062 531.250 46.875 828.125 312.500 242.188 953.125 31.250 609.375 851.562
726.562 -484.375 320.312 445.312 -476.562 671.875 562.500 31.250 828.125 328.125 234.375 945.312 15.625 593.750 859.375
789.062 -492.188 304.688 507.812 -492.188 640.625 593.750 -7.812 804.688 304.688 203.125 960.938 -39.062 539.062 851.562
812.500 -523.438 257.812 562.500 -531.250 625.000 640.625 -15.625 796.875 320.312 203.125 953.125 -23.438 531.250 851.562
875.000 -398.438 164.062 710.938 -625.000 562.500 789.062 -117.188 679.688 500.000 156.250 882.812 93.750 523.438 843.750
875.000 -398.438 164.062 710.938 -625.000 562.500 789.062 -117.188 679.688 500.000 156.250 882.812 93.750 523.438 843.750
945.312 -460.938 101.562 796.875 -617.188 453.125 812.500 -117.188 679.688 492.188 156.250 875.000 62.500 492.188 843.750
984.375 -484.375 62.500 804.688 -656.250 453.125 890.625 -156.250 640.625 453.125 148.438 882.812 62.500 515.625 835.938
906.250 -468.750 54.688 585.938 -625.000 562.500 640.625 -15.625 718.750 414.062 265.625 851.562 39.062 578.125 773.438
835.938 -625.000 39.062 539.062 -507.812 515.625 593.750 46.875 726.562 359.375 351.562 835.938 7.812 656.250 750.000
835.938 -625.000 39.062 539.062 -507.812 515.625 593.750 46.875 726.562 359.375 351.562 835.938 7.812 656.250 750.000
828.125 -726.562 31.250 554.688 -484.375 539.062 609.375 85.938 710.938 343.750 382.812 820.312 0.000 671.875 742.188
851.562 -734.375 15.625 593.750 -375.000 500.000 656.250 203.125 632.812 382.812 515.625 781.250 -78.125 757.812 750.000
843.750 -750.000 -15.625 585.938 -390.625 531.250 671.875 203.125 625.000 390.625 531.250 765.625 -78.125 781.250 750.000
843.750 -750.000 -15.625 585.938 -390.625 531.250 671.875 203.125 625.000 390.625 531.250 765.625 -78.125 781.250 750.000
835.938 -640.625 -15.625 617.188 -398.438 515.625 742.188 203.125 601.562 437.500 546.875 750.000 -78.125 773.438 757.812
835.938 -640.625 -15.625 617.188 -398.438 515.625 742.188 203.125 601.562 437.500 546.875 750.000 -78.125 773.438 757.812
914.062 -578.125 -15.625 656.250 -476.562 492.188 726.562 109.375 640.625 414.062 429.688 796.875 -132.812 648.438 773.438
789.062 -593.750 31.250 703.125 -546.875 468.750 734.375 54.688 671.875 429.688 375.000 812.500 -46.875 640.625 742.188
742.188 -718.750 39.062 695.312 -546.875 460.938 789.062 39.062 593.750 507.812 375.000 742.188 0.000 632.812 750.000
742.188 -718.750 39.062 695.312 -546.875 460.938 789.062 39.062 593.750 507.812 375.000 742.188 0.000 632.812 750.000
726.562 -726.562 46.875 703.125 -539.062 453.125 757.812 31.250 609.375 484.375 351.562 742.188 -39.062 601.562 757.812
703.125 -710.938 23.438 546.875 -585.938 554.688 632.812 31.250 734.375 367.188 351.562 812.500 -39.062 617.188 726.562
703.125 -710.938 23.438 546.875 -585.938 554.688 632.812 31.250 734.375 367.188 351.562 812.500 -39.062 617.188 726.562
703.125 -710.938 23.438 546.875 -585.938 554.688 632.812 31.250 734.375 367.188 351.562 812.500 -39.062 617.188 726.562
718.750 -734.375 -7.812 492.188 -578.125 609.375 617.188 46.875 718.750 367.188 390.625 804.688 -78.125 640.625 750.000
703.125 -734.375 -23.438 500.000 -554.688 601.562 625.000 62.500 710.938 367.188 406.250 796.875 -70.312 656.250 734.375
687.500 -734.375 -31.250 507.812 -531.250 601.562 625.000 70.312 718.750 367.188 398.438 789.062 -78.125 640.625 742.188
710.938 -710.938 -7.812 507.812 -531.250 593.750 570.312 70.312 742.188 312.500 367.188 820.312 -171.875 601.562 765.625
710.938 -710.938 -7.812 507.812 -531.250 593.750 570.312 70.312 742.188 312.500 367.188 820.312 -171.875 601.562 765.625
648.438 -734.375 -54.688 398.438 -539.062 671.875 484.375 132.812 851.562 203.125 398.438 929.688 -226.562 640.625 796.875
648.438 -734.375 -54.688 398.438 -539.062 671.875 484.375 132.812 851.562 203.125 398.438 929.688 -226.562 640.625 796.875
648.438 -734.375 -54.688 398.438 -539.062 671.875 484.375 132.812 851.562 203.125 398.438 929.688 -226.562 640.625 796.875
648.438 -734.375 -54.688 398.438 -539.062 671.875 484.375 132.812 851.562 203.125 398.438 929.688 -226.562 640.625 796.875
664.062 -734.375 -31.250 351.562 -570.312 703.125 460.938 78.125 851.562 164.062 398.438 921.875 -359.375 593.750 835.938
656.250 -804.688 -15.625 328.125 -625.000 726.562 390.625 85.938 921.875 93.750 367.188 984.375 -320.312 593.750 812.500
