-398.438 406.250 -898.438 -31.250 -585.938 820.312 -109.375 335.938 1046.875 -398.438 601.562 828.125 -562.500 46.875 937.500
-421.875 445.312 -914.062 -54.688 -546.875 843.750 -101.562 359.375 1078.125 -429.688 617.188 851.562 -585.938 54.688 953.125
-437.500 437.500 -914.062 -93.750 -531.250 882.812 -93.750 375.000 1101.562 -453.125 640.625 851.562 -617.188 62.500 984.375
-437.500 437.500 -921.875 -117.188 -593.750 875.000 -93.750 367.188 1070.312 -445.312 664.062 843.750 -625.000 62.500 1007.812
-429.688 453.125 -914.062 -117.188 -546.875 859.375 -93.750 406.250 1093.750 -437.500 679.688 828.125 -593.750 109.375 1007.812
-429.688 484.375 -914.062 -117.188 -507.812 859.375 -78.125 429.688 1132.812 -429.688 679.688 828.125 -570.312 109.375 976.562
-398.438 460.938 -875.000 -85.938 -546.875 812.500 -15.625 500.000 1054.688 -398.438 695.312 796.875 -546.875 125.000 976.562
-398.438 484.375 -859.375 -46.875 -687.500 750.000 70.312 375.000 1164.062 -367.188 710.938 796.875 -507.812 179.688 984.375
-398.438 484.375 -859.375 -46.875 -687.500 750.000 70.312 375.000 1164.062 -367.188 710.938 796.875 -507.812 179.688 984.375
-398.438 484.375 -859.375 -46.875 -687.500 750.000 70.312 375.000 1164.062 -367.188 710.938 796.875 -507.812 179.688 984.375
-437.500 460.938 -812.500 -273.438 -742.188 976.562 -78.125 195.312 1132.812 -390.625 851.562 703.125 -476.562 187.500 1000.000
-437.500 460.938 -812.500 -273.438 -742.188 976.562 -78.125 195.312 1132.812 -390.625 851.562 703.125 -476.562 187.500 1000.000
-523.438 453.125 -882.812 -265.625 -593.750 1078.125 -93.750 179.688 1171.875 -632.812 1117.188 640.625 -453.125 148.438 1062.500
-585.938 390.625 -898.438 -93.750 -617.188 937.500 -164.062 375.000 1054.688 -500.000 1335.938 734.375 -539.062 351.562 1039.062
-601.562 265.625 -843.750 132.812 -531.250 710.938 39.062 523.438 781.250 -179.688 1343.750 750.000 -742.188 898.438 921.875
-632.812 148.438 -820.312 140.625 -1023.438 414.062 179.688 7.812 281.250 296.875 148.438 -585.938 257.812 -429.688 1296.875
-609.375 -171.875 -765.625 335.938 -632.812 484.375 882.812 23.438 289.062 187.500 398.438 46.875 -390.625 70.312 1156.250
-625.000 0.000 -843.750 -78.125 -710.938 773.438 773.438 -250.000 351.562 531.250 367.188 148.438 -335.938 164.062 1000.000
-625.000 0.000 -843.750 -78.125 -710.938 773.438 773.438 -250.000 351.562 531.250 367.188 148.438 -335.938 164.062 1000.000
-570.312 54.688 -843.750 -39.062 -742.188 734.375 781.250 -210.938 398.438 500.000 468.750 195.312 -93.750 242.188 843.750
-507.812 429.688 -765.625 132.812 -703.125 578.125 804.688 -203.125 492.188 492.188 539.062 390.625 218.750 328.125 687.500
-460.938 812.500 -742.188 148.438 -718.750 593.750 695.312 -242.188 601.562 484.375 554.688 468.750 195.312 218.750 750.000
-554.688 968.750 -867.188 187.500 -687.500 578.125 773.438 -265.625 468.750 593.750 484.375 398.438 101.562 250.000 828.125
-656.250 718.750 -812.500 320.312 -656.250 531.250 828.125 -226.562 390.625 593.750 484.375 335.938 54.688 140.625 835.938
-476.562 320.312 -367.188 476.562 -656.250 453.125 859.375 -210.938 375.000 625.000 562.500 437.500 164.062 109.375 906.250
-585.938 -23.438 -296.875 546.875 -609.375 437.500 882.812 -257.812 335.938 656.250 531.250 445.312 54.688 78.125 984.375
-585.938 -23.438 -296.875 546.875 -609.375 437.500 882.812 -257.812 335.938 656.250 531.250 445.312 54.688 78.125 984.375
-609.375 -125.000 -281.250 578.125 -625.000 421.875 882.812 -265.625 335.938 656.250 507.812 437.500 31.250 78.125 1000.000
-726.562 -117.188 -351.562 601.562 -648.438 390.625 875.000 -281.250 335.938 632.812 515.625 500.000 15.625 39.062 1000.000
-851.562 7.812 -492.188 515.625 -710.938 445.312 789.062 -343.750 453.125 617.188 492.188 546.875 46.875 7.812 1000.000
-835.938 164.062 -578.125 531.250 -734.375 437.500 843.750 -328.125 382.812 656.250 476.562 523.438 117.188 31.250 968.750
-789.062 367.188 -531.250 601.562 -671.875 367.188 906.250 -351.562 281.250 742.188 421.875 414.062 242.188 0.000 890.625
-789.062 367.188 -531.250 601.562 -671.875 367.188 906.250 -351.562 281.250 742.188 421.875 414.062 242.188 0.000 890.625
-671.875 257.812 -382.812 601.562 -710.938 351.562 929.688 -375.000 203.125 781.250 382.812 359.375 226.562 23.438 898.438
-750.000 78.125 -367.188 632.812 -671.875 335.938 890.625 -351.562 234.375 718.750 398.438 414.062 203.125 7.812 921.875
-750.000 78.125 -367.188 632.812 -671.875 335.938 890.625 -351.562 234.375 718.750 398.438 414.062 203.125 7.812 921.875
-773.438 54.688 -335.938 453.125 -656.250 289.062 1085.938 -390.625 367.188 664.062 453.125 492.188 -23.438 125.000 1117.188
-765.625 85.938 -203.125 562.500 -742.188 390.625 812.500 -484.375 406.250 648.438 453.125 718.750 -242.188 -39.062 1546.875
-718.750 7.812 -257.812 515.625 -718.750 437.500 789.062 -539.062 460.938 710.938 390.625 625.000 -351.562 265.625 1875.000
-718.750 7.812 -257.812 515.625 -718.750 437.500 789.062 -539.062 460.938 710.938 390.625 625.000 -351.562 265.625 1875.000
-726.562 203.125 -312.500 453.125 -664.062 468.750 734.375 -492.188 554.688 609.375 585.938 781.250 -265.625 85.938 1359.375
-726.562 281.250 -523.438 500.000 -585.938 453.125 742.188 -656.250 406.250 429.688 0.000 531.250 -617.188 -1523.438 1242.188
-507.812 734.375 -460.938 546.875 -640.625 398.438 1328.125 -757.812 -78.125 1523.438 -140.625 562.500 210.938 -1140.625 46.875
-953.125 273.438 -1210.938 164.062 -1148.438 85.938 312.500 -484.375 507.812 734.375 -304.688 945.312 617.188 -375.000 -250.000
-953.125 273.438 -1210.938 164.062 -1148.438 85.938 312.500 -484.375 507.812 734.375 -304.688 945.312 617.188 -375.000 -250.000
-953.125 273.438 -1210.938 164.062 -1148.438 85.938 312.500 -484.375 507.812 734.375 -304.688 945.312 617.188 -375.000 -250.000
-859.375 742.188 -1187.500 335.938 -1296.875 359.375 632.812 257.812 851.562 1632.812 -429.688 195.312 -132.812 -1710.938 539.062
-804.688 820.312 -1164.062 648.438 -882.812 445.312 257.812 265.625 937.500 -1023.438 164.062 632.812 2179.688 1546.875 718.750
-757.812 554.688 -1171.875 390.625 -195.312 484.375 109.375 70.312 757.812 351.562 437.500 750.000 1242.188 -218.750 -687.500
-648.438 -679.688 -960.938 -171.875 -1210.938 1109.375 210.938 -375.000 929.688 742.188 289.062 437.500 1101.562 226.562 85.938
-648.438 -882.812 -546.875 -7.812 -1156.250 1523.438 -93.750 -648.438 1117.188 445.312 148.438 617.188 851.562 31.250 585.938
-632.812 -1015.625 -31.250 -195.312 -429.688 1093.750 171.875 117.188 1390.625 609.375 -109.375 1210.938 968.750 -468.750 375.000
-1125.000 -992.188 -382.812 773.438 -312.500 648.438 812.500 195.312 898.438 796.875 171.875 1000.000 1156.250 -398.438 476.562
-1125.000 -992.188 -382.812 773.438 -312.500 648.438 812.500 195.312 898.438 796.875 171.875 1000.000 1156.250 -398.438 476.562
-679.688 -492.188 -46.875 1000.000 -492.188 679.688 1054.688 -226.562 765.625 1078.125 -46.875 601.562 1226.562 -171.875 70.312
-679.688 -492.188 -46.875 1000.000 -492.188 679.688 1054.688 -226.562 765.625 1078.125 -46.875 601.562 1226.562 -171.875 70.312
-632.812 -617.188 101.562 523.438 -804.688 890.625 710.938 -375.000 914.062 1039.062 -265.625 562.500 1164.062 -257.812 -273.438
-789.062 -679.688 -15.625 445.312 -718.750 789.062 679.688 -304.688 875.000 1000.000 -296.875 554.688 1117.188 -289.062 -289.062
-1195.312 -414.062 -664.062 156.250 -687.500 742.188 390.625 -250.000 804.688 671.875 -226.562 578.125 835.938 -343.750 -70.312
-1109.375 -265.625 -640.625 85.938 -671.875 703.125 328.125 -218.750 820.312 601.562 -195.312 617.188 796.875 -375.000 0.000
-765.625 -7.812 -343.750 179.688 -750.000 867.188 -335.938 -164.062 687.500 343.750 -93.750 539.062 664.062 -265.625 7.812
-1093.750 -515.625 -320.312 828.125 -414.062 585.938 1054.688 31.250 539.062 1179.688 -226.562 296.875 1398.438 0.000 -562.500
-1093.750 -515.625 -320.312 828.125 -414.062 585.938 1054.688 31.250 539.062 1179.688 -226.562 296.875 1398.438 0.000 -562.500
-1093.750 -515.625 -320.312 828.125 -414.062 585.938 1054.688 31.250 539.062 1179.688 -226.562 296.875 1398.438 0.000 -562.500
-1109.375 -1226.562 -7.812 1273.438 -898.438 218.750 320.312 -1101.562 921.875 1109.375 -453.125 234.375 1304.688 -250.000 -765.625
-1171.875 -1570.312 85.938 1171.875 -78.125 7.812 1015.625 -742.188 812.500 945.312 -625.000 382.812 1289.062 -367.188 -882.812
-1031.250 -1789.062 -273.438 1734.375 -453.125 -296.875 546.875 109.375 656.250 -1210.938 -632.812 898.438 1171.875 414.062 -375.000
-859.375 -1570.312 -382.812 1773.438 -203.125 -335.938 1140.625 93.750 742.188 453.125 -31.250 945.312 1109.375 -562.500 -218.750
-109.375 2328.125 -1125.000 585.938 -617.188 257.812 1070.312 226.562 703.125 609.375 640.625 679.688 -1148.438 39.062 2070.312
-109.375 2328.125 -1125.000 585.938 -617.188 257.812 1070.312 226.562 703.125 609.375 640.625 679.688 -1148.438 39.062 2070.312
-109.375 2367.188 -593.750 289.062 -625.000 523.438 15.625 179.688 687.500 -85.938 734.375 828.125 -375.000 242.188 1953.125
-109.375 2367.188 -593.750 289.062 -625.000 523.438 15.625 179.688 687.500 -85.938 734.375 828.125 -375.000 242.188 1953.125
-273.438 1140.625 -234.375 351.562 -531.250 718.750 -289.062 226.562 890.625 421.875 484.375 976.562 78.125 -328.125 1039.062
-304.688 1195.312 -148.438 531.250 -250.000 632.812 687.500 710.938 765.625 390.625 203.125 929.688 375.000 -273.438 890.625
-757.812 296.875 -156.250 1132.812 -148.438 7.812 984.375 289.062 531.250 398.438 585.938 726.562 85.938 -85.938 1062.500
-750.000 265.625 -140.625 1093.750 -140.625 39.062 867.188 328.125 562.500 351.562 593.750 796.875 0.000 -195.312 1078.125
-789.062 210.938 -218.750 984.375 -250.000 257.812 781.250 343.750 593.750 359.375 570.312 773.438 156.250 -109.375 1070.312
-875.000 109.375 -296.875 945.312 -312.500 343.750 726.562 351.562 656.250 367.188 554.688 765.625 234.375 -93.750 976.562
-1007.812 328.125 -515.625 750.000 -445.312 585.938 500.000 414.062 781.250 125.000 593.750 804.688 -39.062 -15.625 1023.438
-1039.062 179.688 -453.125 812.500 -289.062 500.000 578.125 492.188 734.375 78.125 703.125 804.688 -179.688 125.000 1164.062
-984.375 148.438 -375.000 867.188 -210.938 429.688 640.625 507.812 656.250 164.062 750.000 757.812 -132.812 109.375 1125.000
-984.375 148.438 -375.000 867.188 -210.938 429.688 640.625 507.812 656.250 164.062 750.000 757.812 -132.812 109.375 1125.000
-906.250 140.625 -304.688 921.875 -203.125 382.812 695.312 468.750 601.562 226.562 726.562 703.125 -101.562 164.062 1132.812
-914.062 164.062 -320.312 929.688 -210.938 375.000 687.500 460.938 601.562 187.500 726.562 718.750 -203.125 187.500 1187.500
-945.312 70.312 -375.000 906.250 -250.000 414.062 593.750 429.688 656.250 39.062 710.938 750.000 -257.812 171.875 1195.312
-906.250 93.750 -359.375 906.250 -296.875 414.062 570.312 406.250 679.688 31.250 687.500 734.375 -234.375 210.938 1179.688
-703.125 1039.062 -460.938 851.562 -367.188 375.000 648.438 351.562 640.625 101.562 835.938 734.375 -101.562 164.062 1312.500
-679.688 1304.688 -476.562 960.938 -351.562 296.875 718.750 390.625 609.375 -7.812 843.750 789.062 -218.750 140.625 1406.250
-421.875 1382.812 -359.375 851.562 -398.438 335.938 46.875 710.938 570.312 -203.125 929.688 1171.875 -726.562 -117.188 1656.250
-578.125 882.812 -921.875 890.625 1062.500 101.562 375.000 796.875 781.250 226.562 289.062 984.375 187.500 -250.000 968.750
-578.125 882.812 -921.875 890.625 1062.500 101.562 375.000 796.875 781.250 226.562 289.062 984.375 187.500 -250.000 968.750
-640.625 375.000 -1125.000 835.938 1273.438 -7.812 468.750 750.000 585.938 523.438 304.688 882.812 117.188 -265.625 914.062
-718.750 -304.688 -1164.062 687.500 859.375 -554.688 703.125 625.000 289.062 671.875 468.750 718.750 -70.312 -125.000 1210.938
-703.125 -382.812 -1085.938 125.000 382.812 -429.688 750.000 750.000 312.500 687.500 523.438 609.375 -62.500 -203.125 835.938
-1046.875 -1343.750 -398.438 -2046.875 -2781.250 3125.000 -54.688 -679.688 1265.625 742.188 54.688 382.812 601.562 -70.312 -187.500
-1023.438 -1945.312 -31.250 -1750.000 -1945.312 2078.125 -312.500 78.125 1679.688 85.938 -460.938 1062.500 1242.188 -7.812 -414.062
-1859.375 -1343.750 -671.875 1218.750 109.375 62.500 1101.562 195.312 710.938 859.375 -7.812 703.125 921.875 -335.938 367.188
-617.188 78.125 132.812 679.688 -500.000 875.000 757.812 7.812 1015.625 804.688 -140.625 851.562 1007.812 -507.812 367.188
-617.188 78.125 132.812 679.688 -500.000 875.000 757.812 7.812 1015.625 804.688 -140.625 851.562 1007.812 -507.812 367.188
-554.688 281.250 117.188 640.625 -507.812 562.500 687.500 54.688 757.812 812.500 -15.625 703.125 1117.188 -265.625 234.375
-1023.438 -265.625 -328.125 398.438 -687.500 859.375 507.812 15.625 921.875 765.625 -195.312 632.812 906.250 -304.688 148.438
-1039.062 -437.500 -281.250 265.625 -679.688 789.062 492.188 31.250 890.625 664.062 -171.875 695.312 937.500 -328.125 187.500
-828.125 -125.000 -117.188 328.125 -625.000 703.125 437.500 62.500 882.812 625.000 -156.250 773.438 851.562 -421.875 296.875
-742.188 -85.938 -132.812 195.312 -585.938 796.875 437.500 93.750 890.625 632.812 -70.312 742.188 867.188 -335.938 328.125
-773.438 -70.312 -164.062 -62.500 -585.938 859.375 281.250 125.000 968.750 515.625 -62.500 820.312 765.625 -351.562 460.938
-1054.688 -156.250 -468.750 -335.938 -609.375 992.188 -132.812 218.750 1117.188 257.812 -46.875 1039.062 578.125 -539.062 625.000
-1078.125 39.062 -500.000 7.812 -500.000 929.688 226.562 164.062 1164.062 578.125 -250.000 945.312 812.500 -593.750 218.750
-1078.125 39.062 -500.000 7.812 -500.000 929.688 226.562 164.062 1164.062 578.125 -250.000 945.312 812.500 -593.750 218.750
-1078.125 70.312 -476.562 609.375 -382.812 851.562 1007.812 15.625 945.312 1000.000 -140.625 414.062 1164.062 -54.688 -156.250
-1203.125 0.000 -429.688 703.125 -460.938 789.062 890.625 -171.875 867.188 1265.625 -171.875 187.500 1335.938 289.062 -164.062
-1804.688 -1531.250 -343.750 1054.688 -492.188 328.125 1140.625 -273.438 234.375 1507.812 398.438 -109.375 1359.375 54.688 -265.625
-1804.688 -1531.250 -343.750 1054.688 -492.188 328.125 1140.625 -273.438 234.375 1507.812 398.438 -109.375 1359.375 54.688 -265.625
-960.938 -1250.000 -281.250 734.375 -390.625 125.000 703.125 -85.938 234.375 531.250 593.750 250.000 656.250 281.250 453.125
-960.938 -1250.000 -281.250 734.375 -390.625 125.000 703.125 -85.938 234.375 531.250 593.750 250.000 656.250 281.250 453.125
-960.938 -1250.000 -281.250 734.375 -390.625 125.000 703.125 -85.938 234.375 531.250 593.750 250.000 656.250 281.250 453.125
-937.500 281.250 -1289.062 109.375 -570.312 -218.750 46.875 570.312 468.750 -601.562 742.188 640.625 148.438 242.188 781.250
-375.000 2601.562 -1398.438 187.500 -15.625 117.188 546.875 -78.125 179.688 -218.750 648.438 617.188 -757.812 -273.438 468.750
-375.000 2601.562 -1398.438 187.500 -15.625 117.188 546.875 -78.125 179.688 -218.750 648.438 617.188 -757.812 -273.438 468.750
796.875 2367.188 273.438 328.125 -382.812 117.188 742.188 -695.312 343.750 984.375 921.875 898.438 -742.188 -1406.250 1265.625
570.312 554.688 1312.500 875.000 -617.188 203.125 968.750 -117.188 265.625 578.125 1054.688 718.750 -226.562 273.438 2187.500
-335.938 156.250 1085.938 609.375 -1539.062 945.312 937.500 -515.625 562.500 976.562 617.188 328.125 539.062 468.750 1421.875
-1437.500 210.938 679.688 812.500 -1257.812 539.062 1406.250 -257.812 343.750 960.938 437.500 476.562 742.188 101.562 976.562
-851.562 -734.375 531.250 1843.750 -210.938 125.000 1484.375 -203.125 476.562 1093.750 304.688 781.250 789.062 -632.812 726.562
-1093.750 85.938 156.250 656.250 -1125.000 414.062 601.562 -601.562 664.062 664.062 242.188 726.562 523.438 -437.500 757.812
-1171.875 148.438 78.125 570.312 -1046.875 421.875 648.438 -445.312 789.062 351.562 257.812 789.062 296.875 -265.625 828.125
-1171.875 148.438 78.125 570.312 -1046.875 421.875 648.438 -445.312 789.062 351.562 257.812 789.062 296.875 -265.625 828.125
-1078.125 179.688 85.938 554.688 -914.062 414.062 687.500 -406.250 687.500 546.875 320.312 789.062 328.125 -382.812 875.000
-804.688 242.188 210.938 585.938 -718.750 406.250 843.750 -281.250 539.062 718.750 414.062 632.812 476.562 -289.062 843.750
-773.438 234.375 250.000 632.812 -781.250 398.438 921.875 -343.750 507.812 882.812 312.500 601.562 601.562 -320.312 750.000
-664.062 328.125 296.875 632.812 -914.062 390.625 1007.812 -351.562 546.875 953.125 195.312 640.625 687.500 -390.625 695.312
-734.375 171.875 273.438 625.000 -1132.812 539.062 1085.938 -648.438 726.562 1007.812 -203.125 867.188 890.625 -695.312 531.250
-1023.438 367.188 171.875 867.188 -1664.062 335.938 929.688 -1078.125 726.562 1132.812 -429.688 710.938 1148.438 -671.875 148.438
-1023.438 367.188 171.875 867.188 -1664.062 335.938 929.688 -1078.125 726.562 1132.812 -429.688 710.938 1148.438 -671.875 148.438
-1398.438 851.562 -140.625 828.125 -2562.500 406.250 1250.000 -1929.688 593.750 1437.500 -523.438 406.250 1382.812 -343.750 -179.688
-1398.438 851.562 -140.625 828.125 -2562.500 406.250 1250.000 -1929.688 593.750 1437.500 -523.438 406.250 1382.812 -343.750 -179.688
-382.812 2031.250 -429.688 1656.250 -1609.375 -507.812 1757.812 -1210.938 -164.062 1484.375 -117.188 -226.562 1281.250 0.000 -367.188
-312.500 2296.875 -968.750 1382.812 -1007.812 -750.000 1304.688 -812.500 -671.875 1203.125 -85.938 -796.875 1187.500 804.688 -632.812
-390.625 2796.875 -992.188 1335.938 -804.688 -859.375 1125.000 -539.062 -875.000 1000.000 -31.250 -1039.062 1015.625 1125.000 -804.688
-921.875 1632.812 -2335.938 1062.500 54.688 -1023.438 1062.500 15.625 -1679.688 679.688 445.312 -1757.812 828.125 1867.188 -1007.812
-945.312 1882.812 -2726.562 921.875 1484.375 -1085.938 742.188 1382.812 -2343.750 -125.000 1539.062 -2320.312 -23.438 2625.000 -648.438
-937.500 781.250 -2054.688 648.438 1898.438 -664.062 429.688 2117.188 -1726.562 -500.000 1695.312 -1960.938 -273.438 2804.688 -421.875
-1085.938 -1148.438 -1039.062 445.312 2156.250 -421.875 -476.562 2507.812 -1156.250 -1156.250 1835.938 -1281.250 -945.312 2695.312 -54.688
-1312.500 -1679.688 -164.062 140.625 2281.250 140.625 -515.625 2367.188 -375.000 -1687.500 1765.625 -390.625 -1976.562 1835.938 742.188
-1312.500 -1679.688 -164.062 140.625 2281.250 140.625 -515.625 2367.188 -375.000 -1687.500 1765.625 -390.625 -1976.562 1835.938 742.188
-1312.500 -1679.688 -164.062 140.625 2281.250 140.625 -515.625 2367.188 -375.000 -1687.500 1765.625 -390.625 -1976.562 1835.938 742.188
-1179.688 -1265.625 734.375 -250.000 960.938 1148.438 -734.375 1750.000 718.750 -1648.438 1632.812 710.938 -2046.875 742.188 1687.500
-1179.688 -1265.625 734.375 -250.000 960.938 1148.438 -734.375 1750.000 718.750 -1648.438 1632.812 710.938 -2046.875 742.188 1687.500
-1078.125 -851.562 578.125 -148.438 648.438 1281.250 -601.562 1515.625 937.500 -1351.562 1484.375 789.062 -1585.938 773.438 1609.375
-968.750 7.812 -31.250 70.312 445.312 1171.875 -210.938 1250.000 820.312 -765.625 1242.188 539.062 -851.562 781.250 1109.375
-882.812 304.688 -203.125 125.000 453.125 1070.312 -117.188 1179.688 710.938 -562.500 1156.250 406.250 -585.938 812.500 914.062
-664.062 1242.188 -617.188 343.750 257.812 898.438 328.125 835.938 398.438 31.250 945.312 7.812 101.562 875.000 484.375
-390.625 1718.750 -445.312 343.750 164.062 882.812 335.938 718.750 375.000 148.438 843.750 -39.062 328.125 867.188 367.188
-390.625 1718.750 -445.312 343.750 164.062 882.812 335.938 718.750 375.000 148.438 843.750 -39.062 328.125 867.188 367.188
-312.500 1726.562 -351.562 335.938 156.250 890.625 343.750 703.125 382.812 164.062 835.938 -46.875 343.750 851.562 375.000
-218.750 1687.500 -187.500 289.062 156.250 914.062 382.812 695.312 351.562 187.500 859.375 -46.875 343.750 812.500 390.625
-148.438 1601.562 -78.125 257.812 226.562 906.250 375.000 750.000 312.500 187.500 890.625 -78.125 343.750 843.750 406.250
-93.750 1445.312 78.125 257.812 421.875 851.562 351.562 882.812 226.562 132.812 960.938 -125.000 289.062 929.688 421.875
-132.812 1367.188 85.938 265.625 453.125 820.312 351.562 921.875 195.312 78.125 1007.812 -125.000 226.562 945.312 445.312
-257.812 1148.438 78.125 343.750 484.375 750.000 351.562 1023.438 140.625 -31.250 1078.125 -132.812 62.500 968.750 500.000
-421.875 789.062 70.312 335.938 562.500 765.625 281.250 992.188 187.500 -218.750 1039.062 -85.938 -171.875 929.688 539.062
-460.938 640.625 93.750 328.125 585.938 789.062 218.750 1031.250 210.938 -289.062 1023.438 -39.062 -289.062 875.000 546.875
-460.938 507.812 132.812 289.062 609.375 812.500 148.438 1054.688 265.625 -343.750 1031.250 -7.812 -328.125 882.812 554.688
-460.938 507.812 132.812 289.062 609.375 812.500 148.438 1054.688 265.625 -343.750 1031.250 -7.812 -328.125 882.812 554.688
-460.938 484.375 109.375 257.812 585.938 828.125 125.000 1070.312 281.250 -359.375 1039.062 7.812 -335.938 906.250 554.688
-414.062 632.812 46.875 218.750 515.625 867.188 132.812 1031.250 320.312 -328.125 1023.438 23.438 -289.062 875.000 562.500
-406.250 710.938 7.812 203.125 507.812 875.000 117.188 1031.250 320.312 -320.312 1015.625 23.438 -265.625 875.000 554.688
-367.188 851.562 -46.875 179.688 468.750 898.438 125.000 1015.625 335.938 -296.875 1015.625 15.625 -234.375 890.625 554.688
-320.312 960.938 -54.688 148.438 414.062 906.250 125.000 992.188 351.562 -265.625 992.188 23.438 -203.125 882.812 554.688
-359.375 1101.562 -125.000 148.438 335.938 921.875 109.375 945.312 367.188 -281.250 953.125 39.062 -203.125 843.750 531.250
-398.438 1085.938 -171.875 132.812 281.250 945.312 85.938 921.875 406.250 -304.688 945.312 54.688 -242.188 820.312 546.875
-398.438 1085.938 -171.875 132.812 281.250 945.312 85.938 921.875 406.250 -304.688 945.312 54.688 -242.188 820.312 546.875
-406.250 1023.438 -156.250 132.812 273.438 960.938 78.125 921.875 421.875 -328.125 945.312 70.312 -273.438 812.500 570.312
-367.188 960.938 -109.375 125.000 289.062 953.125 85.938 937.500 421.875 -312.500 960.938 78.125 -273.438 796.875 570.312
-375.000 953.125 -109.375 132.812 296.875 945.312 85.938 929.688 421.875 -320.312 960.938 85.938 -273.438 804.688 562.500
-382.812 898.438 -117.188 148.438 281.250 945.312 85.938 914.062 414.062 -320.312 968.750 70.312 -281.250 804.688 570.312
-421.875 859.375 -117.188 148.438 296.875 937.500 62.500 937.500 437.500 -343.750 960.938 78.125 -312.500 812.500 578.125
-453.125 804.688 -132.812 140.625 320.312 937.500 54.688 945.312 460.938 -367.188 968.750 117.188 -359.375 796.875 625.000
-468.750 789.062 -148.438 140.625 320.312 945.312 46.875 953.125 460.938 -390.625 976.562 132.812 -375.000 789.062 640.625
-609.375 679.688 -187.500 117.188 367.188 968.750 -46.875 1046.875 515.625 -523.438 1046.875 218.750 -531.250 804.688 757.812
-609.375 679.688 -187.500 117.188 367.188 968.750 -46.875 1046.875 515.625 -523.438 1046.875 218.750 -531.250 804.688 757.812
-648.438 632.812 -195.312 101.562 375.000 960.938 -70.312 1078.125 531.250 -570.312 1070.312 242.188 -593.750 812.500 796.875
-742.188 476.562 -250.000 125.000 359.375 984.375 -117.188 1109.375 585.938 -695.312 1109.375 312.500 -781.250 789.062 898.438
-765.625 367.188 -265.625 125.000 375.000 968.750 -156.250 1148.438 593.750 -773.438 1132.812 335.938 -906.250 796.875 937.500
-796.875 265.625 -312.500 164.062 335.938 937.500 -132.812 1093.750 593.750 -859.375 1085.938 390.625 -1062.500 710.938 937.500
-804.688 250.000 -359.375 195.312 312.500 906.250 -125.000 1101.562 593.750 -851.562 1070.312 375.000 -1039.062 710.938 898.438
-742.188 234.375 -507.812 296.875 281.250 812.500 -85.938 1085.938 500.000 -765.625 1093.750 218.750 -906.250 890.625 757.812
-632.812 148.438 -585.938 343.750 289.062 773.438 -7.812 1093.750 398.438 -679.688 1125.000 93.750 -820.312 992.188 687.500
-343.750 218.750 -828.125 453.125 312.500 617.188 335.938 1054.688 203.125 -367.188 1203.125 -132.812 -468.750 1226.562 578.125
-343.750 218.750 -828.125 453.125 312.500 617.188 335.938 1054.688 203.125 -367.188 1203.125 -132.812 -468.750 1226.562 578.125
-343.750 218.750 -828.125 453.125 312.500 617.188 335.938 1054.688 203.125 -367.188 1203.125 -132.812 -468.750 1226.562 578.125
-257.812 335.938 -937.500 468.750 179.688 593.750 429.688 945.312 195.312 -210.938 1187.500 -164.062 -304.688 1234.375 562.500
-226.562 476.562 -1046.875 460.938 31.250 601.562 523.438 804.688 234.375 0.000 1109.375 -164.062 -46.875 1210.938 523.438
-218.750 554.688 -1101.562 429.688 -62.500 617.188 539.062 726.562 265.625 93.750 1070.312 -132.812 54.688 1164.062 500.000
