304.688 -765.625 -132.812 1171.875 -453.125 85.938 1257.812 -15.625 70.312 679.688 554.688 554.688 148.438 515.625 906.250
546.875 -1070.312 -31.250 914.062 -750.000 273.438 1093.750 -351.562 335.938 875.000 320.312 531.250 359.375 492.188 734.375
507.812 -1085.938 15.625 789.062 -882.812 382.812 992.188 -125.000 429.688 648.438 515.625 578.125 93.750 578.125 757.812
562.500 -1140.625 -15.625 773.438 -742.188 328.125 914.062 101.562 359.375 460.938 671.875 593.750 0.000 656.250 828.125
570.312 -859.375 -62.500 671.875 -562.500 414.062 906.250 62.500 382.812 625.000 710.938 492.188 23.438 703.125 796.875
695.312 -570.312 -46.875 734.375 -109.375 359.375 859.375 375.000 273.438 437.500 859.375 445.312 -54.688 804.688 820.312
500.000 -554.688 109.375 859.375 93.750 265.625 789.062 398.438 312.500 320.312 898.438 539.062 -132.812 804.688 890.625
460.938 -492.188 78.125 984.375 0.000 179.688 882.812 257.812 257.812 500.000 789.062 460.938 -7.812 710.938 812.500
687.500 -546.875 -15.625 984.375 -140.625 164.062 953.125 179.688 210.938 546.875 695.312 414.062 109.375 695.312 750.000
695.312 -507.812 -23.438 906.250 -375.000 250.000 882.812 -93.750 382.812 578.125 539.062 507.812 171.875 562.500 757.812
867.188 -625.000 -78.125 875.000 -484.375 335.938 929.688 -210.938 398.438 671.875 523.438 500.000 187.500 562.500 742.188
773.438 -671.875 -39.062 976.562 -484.375 218.750 968.750 -125.000 335.938 632.812 515.625 507.812 187.500 546.875 757.812
789.062 -617.188 -39.062 968.750 -445.312 203.125 984.375 -156.250 312.500 710.938 539.062 476.562 210.938 554.688 757.812
828.125 -515.625 -54.688 921.875 -335.938 210.938 921.875 -85.938 335.938 625.000 570.312 500.000 125.000 562.500 789.062
859.375 -539.062 -78.125 921.875 -343.750 210.938 921.875 -46.875 328.125 585.938 609.375 523.438 70.312 570.312 812.500
828.125 -562.500 -54.688 906.250 -335.938 226.562 906.250 -54.688 359.375 562.500 585.938 531.250 78.125 562.500 804.688
820.312 -570.312 -62.500 890.625 -343.750 234.375 906.250 -70.312 367.188 546.875 570.312 531.250 70.312 546.875 804.688
765.625 -718.750 -78.125 906.250 -375.000 218.750 960.938 -85.938 289.062 632.812 570.312 492.188 125.000 539.062 796.875
726.562 -726.562 -31.250 945.312 -312.500 187.500 976.562 -39.062 250.000 554.688 554.688 492.188 54.688 523.438 828.125
562.500 -945.312 -46.875 906.250 -281.250 257.812 976.562 -15.625 265.625 703.125 632.812 296.875 218.750 687.500 648.438
585.938 -882.812 -132.812 828.125 -203.125 335.938 960.938 15.625 304.688 625.000 632.812 320.312 132.812 656.250 664.062
976.562 -898.438 -359.375 804.688 -117.188 375.000 796.875 132.812 390.625 492.188 695.312 429.688 -15.625 617.188 820.312
1148.438 -757.812 -453.125 820.312 -148.438 281.250 726.562 179.688 468.750 250.000 671.875 648.438 -273.438 484.375 914.062
1609.375 -507.812 -562.500 695.312 -234.375 351.562 695.312 93.750 562.500 273.438 781.250 687.500 -281.250 734.375 898.438
1671.875 -468.750 -585.938 640.625 -304.688 382.812 687.500 78.125 625.000 359.375 859.375 750.000 -375.000 820.312 906.250
1296.875 -851.562 -445.312 640.625 -281.250 125.000 679.688 46.875 234.375 125.000 1031.250 632.812 -328.125 835.938 843.750
1039.062 -867.188 -148.438 257.812 -23.438 23.438 539.062 375.000 367.188 -46.875 468.750 1007.812 -179.688 515.625 992.188
132.812 -710.938 476.562 109.375 -226.562 117.188 109.375 460.938 320.312 -62.500 132.812 1117.188 -109.375 226.562 1054.688
-578.125 820.312 625.000 -187.500 234.375 390.625 -773.438 992.188 1343.750 -250.000 -562.500 1484.375 132.812 296.875 820.312
734.375 976.562 148.438 117.188 62.500 1179.688 -453.125 -1281.250 1132.812 929.688 -70.312 335.938 304.688 375.000 382.812
3992.188 -1906.250 734.375 -1156.250 -2882.812 3140.625 820.312 -984.375 1062.500 890.625 70.312 890.625 171.875 101.562 789.062
1007.812 445.312 304.688 1781.250 -62.500 218.750 1539.062 -1500.000 804.688 -23.438 -531.250 1242.188 210.938 -250.000 1046.875
804.688 -695.312 70.312 1437.500 -1234.375 851.562 1335.938 -820.312 617.188 1156.250 -476.562 1203.125 289.062 -148.438 1179.688
953.125 -39.062 304.688 703.125 -414.062 804.688 820.312 -367.188 789.062 578.125 578.125 726.562 -7.812 679.688 992.188
835.938 218.750 203.125 859.375 -125.000 640.625 796.875 -46.875 734.375 343.750 507.812 960.938 -437.500 429.688 1093.750
898.438 140.625 234.375 640.625 -125.000 742.188 687.500 -78.125 820.312 367.188 476.562 882.812 -250.000 484.375 953.125
898.438 7.812 281.250 570.312 -203.125 781.250 648.438 -156.250 812.500 437.500 414.062 851.562 -148.438 468.750 929.688
867.188 -242.188 312.500 453.125 -296.875 835.938 554.688 -234.375 812.500 390.625 367.188 859.375 -125.000 421.875 906.250
875.000 -335.938 296.875 210.938 -304.688 859.375 335.938 -234.375 867.188 195.312 406.250 898.438 -226.562 437.500 906.250
882.812 -273.438 281.250 242.188 -273.438 859.375 343.750 -218.750 882.812 218.750 421.875 914.062 -218.750 460.938 914.062
890.625 -273.438 304.688 273.438 -265.625 859.375 398.438 -210.938 875.000 265.625 406.250 914.062 -171.875 476.562 914.062
843.750 -242.188 343.750 351.562 -218.750 867.188 492.188 -187.500 859.375 351.562 445.312 882.812 -109.375 539.062 937.500
656.250 -242.188 429.688 328.125 -78.125 867.188 523.438 -54.688 859.375 523.438 625.000 796.875 -62.500 695.312 945.312
554.688 -250.000 476.562 187.500 -31.250 882.812 351.562 0.000 921.875 304.688 765.625 820.312 -273.438 781.250 953.125
367.188 -265.625 492.188 39.062 -15.625 914.062 242.188 -15.625 984.375 148.438 875.000 859.375 -460.938 828.125 1000.000
742.188 -117.188 531.250 -54.688 -250.000 1054.688 -54.688 -85.938 953.125 -187.500 851.562 953.125 -718.750 726.562 1109.375
-617.188 -31.250 1273.438 -187.500 -812.500 1070.312 -62.500 7.812 1375.000 -585.938 -640.625 2054.688 -453.125 -187.500 1320.312
-203.125 156.250 796.875 710.938 -351.562 1304.688 429.688 -1023.438 1171.875 398.438 93.750 976.562 -54.688 171.875 1070.312
-101.562 -562.500 421.875 859.375 -992.188 1226.562 468.750 -945.312 1015.625 554.688 -15.625 1109.375 132.812 148.438 1242.188
-156.250 -421.875 -296.875 882.812 -601.562 742.188 820.312 -343.750 1117.188 710.938 -367.188 1250.000 687.500 484.375 1210.938
2945.312 -242.188 -1023.438 1148.438 -515.625 250.000 1031.250 531.250 85.938 507.812 710.938 875.000 335.938 500.000 1242.188
695.312 -2101.562 -718.750 492.188 -515.625 140.625 875.000 -101.562 195.312 570.312 1007.812 507.812 -265.625 1125.000 1164.062
531.250 -1843.750 -679.688 625.000 -906.250 351.562 742.188 312.500 132.812 585.938 757.812 460.938 -39.062 812.500 968.750
1500.000 -1187.500 -804.688 843.750 -257.812 -70.312 765.625 242.188 132.812 367.188 1085.938 367.188 -296.875 1156.250 1273.438
1085.938 -1203.125 -632.812 851.562 23.438 -7.812 835.938 492.188 93.750 703.125 70.312 351.562 -937.500 1023.438 1609.375
765.625 -562.500 -632.812 609.375 648.438 179.688 789.062 367.188 398.438 1187.500 -750.000 179.688 -1101.562 39.062 -171.875
640.625 -179.688 -671.875 609.375 117.188 125.000 414.062 156.250 453.125 906.250 -335.938 156.250 875.000 -476.562 -1015.625
851.562 406.250 -710.938 507.812 31.250 93.750 234.375 -62.500 507.812 234.375 -54.688 554.688 1132.812 -70.312 -570.312
1164.062 359.375 -960.938 -429.688 -851.562 1289.062 -179.688 -617.188 1039.062 62.500 -640.625 585.938 1046.875 23.438 -218.750
1156.250 328.125 -921.875 -812.500 -1265.625 2523.438 -601.562 -1226.562 1734.375 437.500 -1437.500 554.688 984.375 -164.062 -164.062
1320.312 140.625 -906.250 -1101.562 -781.250 1976.562 -585.938 -570.312 1765.625 -343.750 -1664.062 1062.500 1140.625 23.438 -359.375
1492.188 -273.438 -726.562 289.062 -242.188 718.750 390.625 -78.125 914.062 281.250 -468.750 1039.062 1257.812 -23.438 15.625
1164.062 -507.812 -578.125 656.250 -421.875 625.000 765.625 -187.500 703.125 679.688 -343.750 726.562 1226.562 0.000 179.688
578.125 -257.812 -375.000 671.875 -453.125 851.562 523.438 -281.250 945.312 476.562 -601.562 812.500 1085.938 -117.188 335.938
843.750 85.938 -562.500 617.188 -367.188 796.875 507.812 -203.125 937.500 523.438 -593.750 773.438 1093.750 -281.250 421.875
1085.938 367.188 -687.500 367.188 -375.000 960.938 476.562 -281.250 914.062 671.875 -1406.250 242.188 1281.250 -1062.500 625.000
1070.312 257.812 -671.875 484.375 -382.812 898.438 406.250 -125.000 828.125 414.062 -4000.000 -1234.375 1617.188 -164.062 -328.125
742.188 15.625 -312.500 453.125 -609.375 890.625 351.562 -398.438 960.938 367.188 -492.188 828.125 937.500 218.750 382.812
890.625 -335.938 -476.562 375.000 -609.375 906.250 265.625 -335.938 937.500 195.312 -515.625 882.812 734.375 156.250 617.188
1023.438 -320.312 -500.000 179.688 -468.750 867.188 164.062 -250.000 1000.000 187.500 -640.625 882.812 890.625 -382.812 250.000
968.750 -195.312 -468.750 101.562 -531.250 921.875 148.438 -304.688 992.188 250.000 -601.562 851.562 976.562 -242.188 171.875
781.250 -273.438 -421.875 234.375 -421.875 875.000 226.562 -226.562 968.750 265.625 -531.250 898.438 945.312 -132.812 312.500
796.875 -125.000 -460.938 203.125 -382.812 882.812 210.938 -203.125 984.375 257.812 -484.375 906.250 968.750 -93.750 320.312
914.062 101.562 -531.250 54.688 -343.750 929.688 62.500 -140.625 1031.250 140.625 -437.500 1000.000 921.875 -23.438 414.062
914.062 125.000 -531.250 23.438 -320.312 945.312 70.312 -148.438 1023.438 148.438 -398.438 984.375 921.875 15.625 445.312
828.125 296.875 -609.375 -171.875 -257.812 1062.500 -101.562 -23.438 1164.062 -23.438 -328.125 1148.438 890.625 85.938 507.812
921.875 414.062 -679.688 -148.438 -218.750 1109.375 -101.562 -125.000 1250.000 70.312 -406.250 1148.438 921.875 125.000 468.750
1093.750 195.312 -750.000 -7.812 -226.562 1109.375 93.750 15.625 1179.688 148.438 -281.250 1210.938 1031.250 93.750 320.312
1007.812 -62.500 -757.812 179.688 -218.750 1046.875 242.188 -7.812 1187.500 242.188 -351.562 1179.688 1054.688 93.750 289.062
773.438 39.062 -734.375 328.125 -492.188 1031.250 250.000 -187.500 1062.500 429.688 -265.625 929.688 1062.500 85.938 0.000
890.625 93.750 -859.375 617.188 -210.938 757.812 546.875 -171.875 984.375 507.812 -304.688 937.500 1023.438 23.438 -93.750
1078.125 -39.062 -1062.500 437.500 -523.438 757.812 562.500 -328.125 523.438 343.750 -7.812 656.250 1242.188 7.812 -234.375
1000.000 -46.875 -1109.375 687.500 -796.875 500.000 515.625 -1328.125 1593.750 476.562 78.125 570.312 1226.562 -39.062 -242.188
601.562 -148.438 -609.375 453.125 -1007.812 804.688 906.250 -828.125 632.812 1015.625 -148.438 187.500 921.875 273.438 -304.688
414.062 -296.875 -562.500 539.062 -250.000 632.812 -265.625 -828.125 1187.500 1382.812 -554.688 812.500 890.625 343.750 -273.438
351.562 -1125.000 -609.375 398.438 -750.000 -320.312 609.375 -390.625 148.438 234.375 195.312 281.250 742.188 632.812 265.625
375.000 -1757.812 -546.875 1117.188 -515.625 -335.938 515.625 -62.500 148.438 507.812 125.000 523.438 585.938 609.375 539.062
523.438 -1648.438 -250.000 289.062 -757.812 617.188 742.188 -117.188 343.750 828.125 382.812 468.750 585.938 718.750 796.875
617.188 -1156.250 -265.625 359.375 -726.562 640.625 718.750 -296.875 468.750 835.938 312.500 453.125 585.938 867.188 757.812
656.250 -679.688 -328.125 492.188 -578.125 484.375 765.625 -179.688 453.125 804.688 351.562 546.875 617.188 789.062 648.438
671.875 -476.562 -156.250 734.375 -585.938 445.312 820.312 -85.938 476.562 843.750 296.875 640.625 640.625 664.062 671.875
1218.750 -140.625 -531.250 1156.250 -500.000 226.562 1515.625 -234.375 148.438 1453.125 54.688 218.750 953.125 437.500 421.875
1046.875 -226.562 -593.750 960.938 -421.875 304.688 1281.250 -265.625 195.312 1257.812 125.000 234.375 1062.500 476.562 320.312
648.438 -242.188 -289.062 1101.562 -328.125 312.500 1023.438 -226.562 414.062 1125.000 -39.062 359.375 1000.000 390.625 281.250
687.500 -234.375 -343.750 859.375 -382.812 414.062 960.938 -226.562 437.500 1023.438 -31.250 382.812 937.500 382.812 304.688
757.812 -484.375 -375.000 601.562 -421.875 531.250 687.500 -242.188 593.750 773.438 23.438 578.125 781.250 445.312 390.625
781.250 -500.000 -421.875 531.250 -507.812 570.312 601.562 -242.188 625.000 640.625 7.812 671.875 648.438 468.750 523.438
867.188 -484.375 -476.562 554.688 -531.250 578.125 593.750 -257.812 664.062 585.938 7.812 734.375 585.938 500.000 585.938
882.812 -453.125 -492.188 593.750 -539.062 562.500 601.562 -242.188 671.875 585.938 23.438 765.625 562.500 523.438 617.188
875.000 -406.250 -484.375 625.000 -492.188 546.875 648.438 -218.750 648.438 625.000 62.500 750.000 593.750 570.312 640.625
812.500 -320.312 -484.375 671.875 -468.750 539.062 718.750 -226.562 617.188 726.562 46.875 687.500 679.688 554.688 570.312
796.875 -320.312 -492.188 742.188 -445.312 515.625 812.500 -210.938 578.125 835.938 39.062 617.188 781.250 507.812 492.188
773.438 -335.938 -445.312 757.812 -437.500 500.000 835.938 -226.562 570.312 859.375 23.438 609.375 789.062 492.188 500.000
789.062 -312.500 -460.938 804.688 -429.688 492.188 882.812 -242.188 554.688 898.438 0.000 585.938 812.500 460.938 468.750
804.688 -335.938 -460.938 804.688 -445.312 500.000 835.938 -242.188 570.312 875.000 0.000 601.562 781.250 453.125 460.938
796.875 -367.188 -445.312 742.188 -453.125 500.000 804.688 -265.625 578.125 843.750 -7.812 601.562 781.250 437.500 468.750
773.438 -367.188 -453.125 726.562 -484.375 500.000 781.250 -273.438 585.938 843.750 -15.625 617.188 773.438 421.875 460.938
820.312 -406.250 -476.562 671.875 -484.375 515.625 640.625 -257.812 609.375 906.250 23.438 617.188 710.938 445.312 484.375
812.500 -460.938 -500.000 664.062 -523.438 539.062 539.062 -343.750 695.312 617.188 70.312 742.188 648.438 531.250 500.000
734.375 -507.812 -453.125 453.125 -484.375 617.188 546.875 -242.188 703.125 648.438 125.000 718.750 648.438 539.062 531.250
718.750 -554.688 -437.500 515.625 -476.562 601.562 585.938 -226.562 695.312 609.375 140.625 742.188 656.250 523.438 539.062
773.438 -539.062 -390.625 593.750 -554.688 570.312 625.000 -203.125 546.875 820.312 234.375 789.062 625.000 585.938 609.375
773.438 -460.938 -390.625 757.812 -648.438 484.375 812.500 -187.500 585.938 648.438 195.312 789.062 609.375 593.750 601.562
789.062 -507.812 -429.688 726.562 -531.250 445.312 992.188 -257.812 554.688 554.688 203.125 710.938 625.000 531.250 656.250
929.688 -414.062 -453.125 929.688 -562.500 523.438 796.875 -171.875 656.250 726.562 101.562 804.688 632.812 539.062 578.125
906.250 -351.562 -546.875 687.500 -601.562 500.000 890.625 -218.750 554.688 640.625 273.438 718.750 625.000 625.000 554.688
890.625 -414.062 -500.000 601.562 -523.438 539.062 710.938 -117.188 679.688 445.312 265.625 867.188 562.500 570.312 539.062
882.812 -585.938 -531.250 554.688 -328.125 546.875 679.688 -125.000 679.688 414.062 343.750 828.125 507.812 765.625 718.750
1023.438 -539.062 -531.250 718.750 -531.250 507.812 695.312 -93.750 625.000 507.812 304.688 804.688 507.812 679.688 710.938
796.875 -484.375 -375.000 664.062 -687.500 515.625 859.375 -195.312 539.062 765.625 257.812 695.312 578.125 648.438 640.625
976.562 -617.188 -500.000 796.875 -578.125 390.625 921.875 -109.375 429.688 773.438 257.812 593.750 664.062 562.500 539.062
1062.500 -773.438 -554.688 921.875 -414.062 304.688 984.375 -109.375 351.562 820.312 242.188 570.312 640.625 531.250 546.875
1054.688 -789.062 -531.250 968.750 -320.312 281.250 968.750 -187.500 351.562 835.938 265.625 539.062 632.812 585.938 523.438
898.438 -546.875 -500.000 546.875 -445.312 468.750 820.312 -187.500 453.125 796.875 257.812 570.312 664.062 539.062 484.375
1250.000 -601.562 -664.062 945.312 -296.875 234.375 921.875 -78.125 351.562 742.188 281.250 570.312 578.125 593.750 507.812
1429.688 -687.500 -773.438 804.688 -257.812 148.438 921.875 78.125 242.188 796.875 273.438 484.375 578.125 609.375 429.688
1437.500 -640.625 -687.500 867.188 -195.312 140.625 937.500 -15.625 234.375 734.375 242.188 515.625 492.188 656.250 476.562
1000.000 -460.938 -312.500 625.000 -312.500 125.000 609.375 -351.562 304.688 687.500 125.000 492.188 421.875 625.000 257.812
789.062 -570.312 -93.750 507.812 -960.938 320.312 664.062 -531.250 179.688 687.500 -140.625 351.562 460.938 695.312 -203.125
-1609.375 882.812 960.938 -515.625 -1078.125 1664.062 156.250 -1140.625 1132.812 -39.062 -828.125 1328.125 -7.812 -1117.188 281.250
-1671.875 1726.562 804.688 -1234.375 -2664.062 3070.312 218.750 -1296.875 1750.000 -1078.125 -2421.875 1218.750 289.062 -1398.438 1218.750
1476.562 -164.062 93.750 1687.500 859.375 -296.875 -125.000 -937.500 468.750 2335.938 1375.000 421.875 171.875 875.000 2000.000
1039.062 -54.688 343.750 578.125 -718.750 796.875 734.375 -523.438 617.188 890.625 554.688 679.688 851.562 515.625 1039.062
890.625 0.000 210.938 742.188 -453.125 671.875 937.500 -242.188 671.875 1085.938 -70.312 703.125 882.812 593.750 609.375
890.625 132.812 289.062 695.312 -406.250 718.750 789.062 -343.750 718.750 1031.250 195.312 625.000 718.750 625.000 710.938
906.250 62.500 281.250 648.438 -367.188 671.875 804.688 -257.812 609.375 718.750 429.688 765.625 242.188 570.312 1000.000
953.125 101.562 328.125 664.062 -281.250 687.500 773.438 -226.562 640.625 648.438 398.438 703.125 250.000 632.812 859.375
914.062 -46.875 343.750 593.750 -210.938 703.125 765.625 -171.875 687.500 718.750 414.062 703.125 304.688 648.438 882.812
835.938 -93.750 351.562 578.125 -226.562 703.125 671.875 -179.688 664.062 671.875 406.250 679.688 320.312 640.625 820.312
835.938 -7.812 296.875 476.562 -226.562 734.375 601.562 -156.250 734.375 625.000 281.250 734.375 351.562 617.188 742.188
914.062 -93.750 320.312 507.812 -304.688 750.000 617.188 -265.625 695.312 554.688 273.438 757.812 234.375 539.062 812.500
953.125 -85.938 328.125 570.312 -328.125 757.812 664.062 -273.438 710.938 617.188 226.562 765.625 312.500 539.062 812.500
937.500 -85.938 335.938 570.312 -328.125 765.625 703.125 -273.438 695.312 648.438 226.562 742.188 351.562 531.250 789.062
921.875 -78.125 359.375 632.812 -320.312 742.188 757.812 -257.812 679.688 710.938 210.938 734.375 375.000 539.062 789.062
937.500 23.438 335.938 640.625 -265.625 742.188 734.375 -210.938 703.125 617.188 273.438 781.250 265.625 585.938 835.938
937.500 46.875 343.750 656.250 -226.562 718.750 742.188 -195.312 695.312 609.375 289.062 765.625 218.750 570.312 851.562
914.062 46.875 335.938 656.250 -242.188 718.750 742.188 -210.938 679.688 617.188 296.875 765.625 218.750 562.500 851.562
921.875 0.000 328.125 664.062 -265.625 718.750 765.625 -226.562 664.062 671.875 250.000 757.812 257.812 539.062 843.750
882.812 -31.250 335.938 703.125 -320.312 710.938 828.125 -304.688 617.188 781.250 203.125 703.125 406.250 515.625 835.938
859.375 -93.750 359.375 664.062 -335.938 710.938 835.938 -312.500 609.375 843.750 148.438 664.062 492.188 492.188 765.625
851.562 -78.125 351.562 640.625 -343.750 710.938 812.500 -296.875 625.000 835.938 164.062 648.438 492.188 500.000 757.812
812.500 -132.812 359.375 484.375 -304.688 703.125 828.125 -281.250 609.375 828.125 187.500 640.625 507.812 507.812 750.000
757.812 -39.062 367.188 539.062 -351.562 710.938 726.562 -296.875 593.750 750.000 203.125 609.375 437.500 476.562 718.750
664.062 -78.125 437.500 687.500 -539.062 742.188 632.812 -390.625 671.875 617.188 156.250 718.750 304.688 421.875 773.438
781.250 39.062 421.875 601.562 -539.062 843.750 640.625 -421.875 695.312 593.750 101.562 726.562 289.062 390.625 804.688
562.500 -54.688 257.812 734.375 -460.938 890.625 585.938 -523.438 867.188 351.562 -70.312 750.000 257.812 359.375 812.500
679.688 7.812 414.062 679.688 -632.812 796.875 804.688 -531.250 703.125 820.312 -273.438 906.250 343.750 -7.812 828.125
1179.688 -742.188 23.438 882.812 -656.250 671.875 812.500 -250.000 656.250 445.312 46.875 867.188 257.812 335.938 859.375
1250.000 -703.125 7.812 742.188 -531.250 593.750 796.875 -250.000 625.000 648.438 132.812 781.250 312.500 359.375 828.125
976.562 -437.500 78.125 609.375 -335.938 492.188 695.312 -171.875 562.500 640.625 156.250 664.062 328.125 390.625 765.625
859.375 -632.812 101.562 593.750 -296.875 445.312 632.812 -125.000 515.625 554.688 242.188 585.938 234.375 476.562 679.688
898.438 -492.188 85.938 460.938 -320.312 468.750 468.750 0.000 554.688 351.562 390.625 625.000 31.250 539.062 664.062
921.875 -453.125 70.312 429.688 -328.125 468.750 453.125 31.250 554.688 296.875 390.625 640.625 -31.250 570.312 671.875
992.188 -429.688 62.500 453.125 -343.750 492.188 453.125 109.375 593.750 210.938 484.375 695.312 -132.812 585.938 679.688
906.250 -429.688 85.938 492.188 -304.688 492.188 484.375 164.062 601.562 242.188 523.438 718.750 -156.250 656.250 718.750
687.500 -414.062 171.875 445.312 -257.812 539.062 453.125 210.938 664.062 242.188 570.312 750.000 -195.312 710.938 781.250
609.375 -406.250 218.750 390.625 -234.375 585.938 406.250 218.750 726.562 210.938 593.750 773.438 -210.938 734.375 804.688
523.438 -453.125 250.000 265.625 -226.562 703.125 343.750 218.750 859.375 171.875 609.375 882.812 -210.938 765.625 835.938
554.688 -531.250 242.188 226.562 -281.250 804.688 281.250 117.188 968.750 125.000 546.875 945.312 -203.125 726.562 859.375
585.938 -687.500 195.312 85.938 -398.438 914.062 250.000 85.938 1039.062 93.750 539.062 976.562 -234.375 718.750 843.750
601.562 -742.188 171.875 31.250 -429.688 968.750 218.750 101.562 1093.750 93.750 554.688 1007.812 -250.000 734.375 843.750
632.812 -882.812 132.812 -62.500 -429.688 1125.000 148.438 46.875 1203.125 101.562 531.250 1039.062 -265.625 750.000 851.562
718.750 -1015.625 93.750 -109.375 -453.125 1203.125 179.688 -7.812 1210.938 70.312 539.062 1039.062 -257.812 742.188 835.938
726.562 -1117.188 85.938 -23.438 -507.812 1164.062 250.000 15.625 1156.250 93.750 570.312 1046.875 -281.250 773.438 859.375
671.875 -1117.188 117.188 7.812 -484.375 1117.188 257.812 46.875 1148.438 70.312 570.312 1054.688 -218.750 789.062 859.375
609.375 -1148.438 101.562 101.562 -453.125 1039.062 289.062 85.938 1109.375 101.562 562.500 1023.438 -210.938 765.625 835.938
632.812 -1179.688 70.312 171.875 -406.250 992.188 351.562 85.938 1046.875 179.688 570.312 953.125 -242.188 718.750 820.312
601.562 -1140.625 39.062 195.312 -398.438 937.500 382.812 54.688 984.375 218.750 539.062 914.062 -226.562 710.938 789.062
585.938 -1085.938 39.062 203.125 -406.250 929.688 375.000 54.688 992.188 210.938 531.250 937.500 -203.125 703.125 804.688
531.250 -851.562 39.062 226.562 -406.250 898.438 375.000 62.500 992.188 203.125 500.000 937.500 -132.812 695.312 789.062
546.875 -867.188 15.625 250.000 -406.250 890.625 406.250 31.250 953.125 257.812 500.000 906.250 -156.250 671.875 812.500
562.500 -898.438 -15.625 250.000 -398.438 875.000 414.062 15.625 937.500 304.688 500.000 875.000 -148.438 656.250 812.500
648.438 -859.375 -70.312 257.812 -414.062 843.750 437.500 -31.250 882.812 351.562 468.750 804.688 -93.750 648.438 773.438
656.250 -851.562 -85.938 273.438 -406.250 828.125 460.938 -46.875 859.375 382.812 445.312 781.250 -54.688 640.625 765.625
632.812 -820.312 -109.375 281.250 -382.812 812.500 445.312 -31.250 851.562 375.000 453.125 781.250 -46.875 656.250 750.000
640.625 -796.875 -109.375 281.250 -382.812 828.125 453.125 -31.250 859.375 390.625 468.750 789.062 -54.688 664.062 773.438
679.688 -757.812 -117.188 265.625 -406.250 851.562 437.500 -62.500 890.625 398.438 453.125 804.688 -39.062 648.438 773.438
695.312 -781.250 -140.625 273.438 -414.062 835.938 437.500 -70.312 882.812 382.812 421.875 804.688 -15.625 640.625 750.000
695.312 -789.062 -125.000 312.500 -429.688 820.312 468.750 -78.125 875.000 414.062 406.250 812.500 7.812 640.625 750.000
679.688 -796.875 -125.000 328.125 -429.688 804.688 476.562 -70.312 867.188 421.875 406.250 796.875 15.625 632.812 750.000
632.812 -828.125 -85.938 335.938 -421.875 789.062 507.812 -78.125 828.125 453.125 414.062 765.625 46.875 625.000 742.188
609.375 -835.938 -78.125 343.750 -421.875 781.250 500.000 -78.125 812.500 460.938 390.625 757.812 54.688 617.188 734.375
593.750 -820.312 -62.500 351.562 -406.250 781.250 492.188 -70.312 820.312 445.312 414.062 750.000 46.875 640.625 734.375
585.938 -804.688 -54.688 343.750 -398.438 789.062 507.812 -62.500 820.312 445.312 421.875 765.625 46.875 648.438 742.188
585.938 -781.250 -62.500 320.312 -398.438 804.688 492.188 -54.688 835.938 437.500 437.500 765.625 39.062 656.250 750.000
593.750 -789.062 -62.500 320.312 -390.625 812.500 492.188 -54.688 835.938 429.688 414.062 773.438 39.062 648.438 726.562
