726.562 -671.875 -226.562 492.188 -554.688 648.438 546.875 78.125 843.750 250.000 484.375 875.000 -156.250 70.312 1039.062
726.562 -671.875 -226.562 492.188 -554.688 648.438 546.875 78.125 843.750 250.000 484.375 875.000 -156.250 70.312 1039.062
718.750 -703.125 -218.750 492.188 -578.125 656.250 539.062 70.312 843.750 250.000 468.750 890.625 -148.438 70.312 1039.062
648.438 -695.312 -179.688 468.750 -562.500 656.250 554.688 70.312 835.938 273.438 468.750 875.000 -101.562 78.125 1023.438
632.812 -703.125 -171.875 460.938 -562.500 671.875 562.500 62.500 828.125 281.250 453.125 851.562 -93.750 78.125 1015.625
656.250 -734.375 -187.500 468.750 -593.750 664.062 554.688 39.062 835.938 281.250 445.312 843.750 -93.750 78.125 992.188
695.312 -671.875 -203.125 453.125 -609.375 687.500 539.062 31.250 859.375 273.438 437.500 859.375 -85.938 78.125 992.188
695.312 -625.000 -234.375 437.500 -601.562 710.938 523.438 46.875 867.188 273.438 437.500 859.375 -62.500 101.562 992.188
695.312 -625.000 -234.375 437.500 -601.562 710.938 523.438 46.875 867.188 273.438 437.500 859.375 -62.500 101.562 992.188
703.125 -570.312 -273.438 429.688 -609.375 726.562 531.250 46.875 875.000 257.812 453.125 859.375 -70.312 132.812 1000.000
757.812 -523.438 -367.188 359.375 -585.938 804.688 421.875 140.625 968.750 140.625 523.438 953.125 -101.562 187.500 1109.375
843.750 -453.125 -445.312 281.250 -585.938 875.000 382.812 171.875 1031.250 156.250 531.250 960.938 -70.312 257.812 1093.750
734.375 -851.562 -367.188 273.438 -617.188 898.438 406.250 125.000 1031.250 273.438 546.875 945.312 -54.688 242.188 1125.000
554.688 -1046.875 -265.625 453.125 -734.375 835.938 625.000 7.812 921.875 414.062 507.812 867.188 218.750 203.125 1171.875
492.188 -1250.000 -140.625 484.375 -773.438 804.688 703.125 -46.875 859.375 601.562 445.312 773.438 281.250 226.562 1117.188
156.250 -1484.375 -31.250 593.750 -734.375 750.000 812.500 -125.000 734.375 695.312 460.938 617.188 273.438 328.125 1070.312
101.562 -1445.312 15.625 578.125 -734.375 718.750 804.688 -187.500 656.250 734.375 476.562 523.438 93.750 507.812 1000.000
101.562 -1445.312 15.625 578.125 -734.375 718.750 804.688 -187.500 656.250 734.375 476.562 523.438 93.750 507.812 1000.000
46.875 -1398.438 101.562 632.812 -640.625 625.000 820.312 -85.938 500.000 429.688 585.938 343.750 359.375 250.000 359.375
250.000 -1242.188 -148.438 515.625 -429.688 710.938 523.438 320.312 671.875 335.938 570.312 562.500 554.688 156.250 218.750
750.000 -1289.062 -546.875 242.188 -351.562 914.062 554.688 640.625 734.375 453.125 812.500 601.562 140.625 828.125 960.938
335.938 -1234.375 -281.250 382.812 -375.000 835.938 632.812 500.000 648.438 546.875 906.250 523.438 156.250 742.188 1101.562
335.938 -1234.375 -281.250 382.812 -375.000 835.938 632.812 500.000 648.438 546.875 906.250 523.438 156.250 742.188 1101.562
296.875 -695.312 -242.188 843.750 -320.312 492.188 921.875 468.750 523.438 593.750 671.875 484.375 414.062 492.188 750.000
476.562 -632.812 -218.750 882.812 -312.500 437.500 945.312 304.688 421.875 710.938 632.812 421.875 421.875 476.562 726.562
375.000 -515.625 -210.938 867.188 -179.688 375.000 781.250 468.750 468.750 671.875 570.312 476.562 320.312 437.500 789.062
375.000 -515.625 -210.938 867.188 -179.688 375.000 781.250 468.750 468.750 671.875 570.312 476.562 320.312 437.500 789.062
468.750 -250.000 -281.250 835.938 -7.812 390.625 578.125 367.188 601.562 632.812 476.562 500.000 250.000 484.375 851.562
515.625 -679.688 -414.062 359.375 -437.500 726.562 453.125 210.938 812.500 476.562 507.812 726.562 179.688 382.812 1000.000
515.625 -679.688 -414.062 359.375 -437.500 726.562 453.125 210.938 812.500 476.562 507.812 726.562 179.688 382.812 1000.000
515.625 -679.688 -414.062 359.375 -437.500 726.562 453.125 210.938 812.500 476.562 507.812 726.562 179.688 382.812 1000.000
515.625 -679.688 -414.062 359.375 -437.500 726.562 453.125 210.938 812.500 476.562 507.812 726.562 179.688 382.812 1000.000
406.250 -882.812 -382.812 382.812 -664.062 726.562 531.250 109.375 820.312 546.875 406.250 718.750 242.188 265.625 929.688
406.250 -882.812 -382.812 382.812 -664.062 726.562 531.250 109.375 820.312 546.875 406.250 718.750 242.188 265.625 929.688
468.750 -773.438 -453.125 429.688 -390.625 765.625 507.812 210.938 843.750 500.000 531.250 765.625 156.250 375.000 1039.062
500.000 -695.312 -476.562 437.500 -406.250 757.812 515.625 335.938 835.938 484.375 632.812 796.875 125.000 437.500 1093.750
500.000 -695.312 -476.562 437.500 -406.250 757.812 515.625 335.938 835.938 484.375 632.812 796.875 125.000 437.500 1093.750
507.812 -742.188 -453.125 398.438 -265.625 804.688 476.562 375.000 851.562 484.375 632.812 742.188 148.438 492.188 1015.625
507.812 -742.188 -453.125 398.438 -265.625 804.688 476.562 375.000 851.562 484.375 632.812 742.188 148.438 492.188 1015.625
445.312 -812.500 -382.812 382.812 -351.562 851.562 500.000 304.688 843.750 523.438 585.938 695.312 210.938 484.375 937.500
453.125 -914.062 -343.750 390.625 -375.000 875.000 515.625 320.312 851.562 539.062 562.500 656.250 242.188 492.188 867.188
429.688 -921.875 -320.312 375.000 -335.938 890.625 507.812 312.500 851.562 531.250 578.125 648.438 257.812 515.625 859.375
453.125 -960.938 -312.500 320.312 -320.312 937.500 460.938 367.188 875.000 523.438 625.000 679.688 250.000 562.500 890.625
460.938 -992.188 -289.062 351.562 -335.938 921.875 476.562 390.625 882.812 515.625 648.438 718.750 210.938 554.688 945.312
476.562 -968.750 -296.875 367.188 -328.125 906.250 484.375 398.438 867.188 507.812 648.438 703.125 210.938 562.500 945.312
476.562 -968.750 -296.875 367.188 -328.125 906.250 484.375 398.438 867.188 507.812 648.438 703.125 210.938 562.500 945.312
515.625 -867.188 -367.188 375.000 -273.438 906.250 500.000 437.500 843.750 500.000 664.062 695.312 203.125 570.312 945.312
562.500 -695.312 -414.062 484.375 -156.250 835.938 570.312 492.188 765.625 523.438 726.562 664.062 195.312 601.562 960.938
648.438 -578.125 -429.688 515.625 -70.312 820.312 562.500 578.125 765.625 507.812 796.875 671.875 156.250 640.625 976.562
882.812 -414.062 -625.000 539.062 54.688 773.438 492.188 820.312 773.438 406.250 921.875 789.062 218.750 695.312 960.938
976.562 -226.562 -804.688 554.688 359.375 695.312 476.562 984.375 664.062 359.375 1296.875 773.438 -23.438 890.625 1117.188
1039.062 39.062 -992.188 578.125 554.688 632.812 414.062 1140.625 632.812 171.875 1296.875 718.750 -54.688 1031.250 1046.875
1054.688 78.125 -1023.438 726.562 671.875 484.375 375.000 1289.062 656.250 179.688 1148.438 718.750 85.938 1164.062 898.438
1867.188 -609.375 -1960.938 984.375 1046.875 15.625 437.500 1429.688 226.562 -179.688 289.062 179.688 1031.250 1367.188 421.875
1867.188 -609.375 -1960.938 984.375 1046.875 15.625 437.500 1429.688 226.562 -179.688 289.062 179.688 1031.250 1367.188 421.875
-765.625 328.125 101.562 734.375 -187.500 101.562 500.000 156.250 -140.625 890.625 531.250 -289.062 -382.812 875.000 1164.062
195.312 132.812 -648.438 1304.688 -875.000 -265.625 1062.500 -70.312 -414.062 898.438 -148.438 -265.625 890.625 882.812 492.188
734.375 -1070.312 -1109.375 1187.500 -546.875 -742.188 1117.188 -914.062 -515.625 1132.812 -578.125 15.625 734.375 -343.750 531.250
734.375 -1070.312 -1109.375 1187.500 -546.875 -742.188 1117.188 -914.062 -515.625 1132.812 -578.125 15.625 734.375 -343.750 531.250
382.812 -1937.500 -515.625 804.688 -2203.125 -273.438 1023.438 -1828.125 140.625 585.938 -281.250 250.000 515.625 -39.062 632.812
265.625 -1625.000 -398.438 625.000 -2125.000 -140.625 953.125 -1578.125 250.000 1414.062 -367.188 195.312 781.250 -109.375 578.125
515.625 -1343.750 -476.562 484.375 -1664.062 78.125 992.188 -1031.250 343.750 1218.750 -171.875 429.688 421.875 -250.000 656.250
515.625 -1343.750 -476.562 484.375 -1664.062 78.125 992.188 -1031.250 343.750 1218.750 -171.875 429.688 421.875 -250.000 656.250
734.375 -687.500 -546.875 570.312 -992.188 117.188 1062.500 -250.000 335.938 710.938 484.375 296.875 132.812 421.875 992.188
710.938 -414.062 -546.875 742.188 -414.062 7.812 296.875 375.000 351.562 992.188 992.188 62.500 78.125 578.125 1007.812
750.000 -289.062 -531.250 875.000 -257.812 54.688 507.812 -296.875 -78.125 828.125 500.000 414.062 226.562 757.812 1015.625
437.500 -718.750 -304.688 554.688 -710.938 179.688 984.375 -187.500 203.125 953.125 312.500 -93.750 601.562 492.188 679.688
445.312 -960.938 -281.250 742.188 -890.625 62.500 960.938 -390.625 109.375 1000.000 140.625 -15.625 601.562 328.125 609.375
484.375 -929.688 -273.438 812.500 -851.562 31.250 1046.875 -375.000 125.000 976.562 187.500 -23.438 625.000 390.625 632.812
546.875 -726.562 -281.250 851.562 -742.188 -15.625 1062.500 -312.500 31.250 960.938 210.938 -54.688 531.250 265.625 632.812
593.750 -640.625 -281.250 859.375 -664.062 -23.438 1062.500 -257.812 -23.438 1007.812 234.375 -85.938 585.938 335.938 640.625
593.750 -640.625 -281.250 859.375 -664.062 -23.438 1062.500 -257.812 -23.438 1007.812 234.375 -85.938 585.938 335.938 640.625
539.062 -585.938 -242.188 859.375 -476.562 7.812 1046.875 -93.750 -54.688 992.188 367.188 -156.250 625.000 453.125 656.250
671.875 -593.750 -328.125 710.938 -500.000 140.625 898.438 -23.438 171.875 835.938 507.812 46.875 445.312 570.312 781.250
710.938 -656.250 -343.750 679.688 -546.875 164.062 867.188 -23.438 273.438 820.312 546.875 93.750 390.625 593.750 828.125
695.312 -820.312 -335.938 734.375 -687.500 195.312 960.938 -117.188 265.625 898.438 507.812 101.562 406.250 585.938 812.500
671.875 -859.375 -328.125 750.000 -703.125 195.312 976.562 -132.812 250.000 914.062 500.000 93.750 421.875 578.125 804.688
671.875 -875.000 -312.500 742.188 -671.875 218.750 976.562 -93.750 250.000 921.875 554.688 117.188 390.625 578.125 843.750
679.688 -812.500 -328.125 742.188 -632.812 218.750 968.750 -54.688 273.438 882.812 601.562 156.250 281.250 562.500 890.625
945.312 -843.750 -601.562 835.938 -578.125 171.875 992.188 7.812 273.438 804.688 687.500 304.688 -39.062 484.375 984.375
945.312 -843.750 -601.562 835.938 -578.125 171.875 992.188 7.812 273.438 804.688 687.500 304.688 -39.062 484.375 984.375
968.750 -1000.000 -687.500 828.125 -617.188 171.875 1007.812 -7.812 226.562 812.500 648.438 289.062 -46.875 445.312 976.562
875.000 -1218.750 -609.375 757.812 -765.625 273.438 1132.812 -148.438 179.688 906.250 500.000 171.875 0.000 406.250 953.125
835.938 -1414.062 -1093.750 695.312 -906.250 375.000 1164.062 -242.188 125.000 921.875 140.625 -46.875 523.438 671.875 -289.062
414.062 -1742.188 -289.062 820.312 -1164.062 39.062 1023.438 -421.875 117.188 593.750 250.000 195.312 140.625 906.250 1046.875
546.875 -1164.062 -406.250 734.375 -796.875 -62.500 617.188 -203.125 335.938 -15.625 70.312 734.375 46.875 476.562 914.062
585.938 -843.750 -421.875 750.000 -796.875 -70.312 648.438 -93.750 226.562 390.625 367.188 515.625 54.688 570.312 960.938
882.812 125.000 -531.250 921.875 140.625 -140.625 812.500 -70.312 -273.438 1265.625 695.312 -476.562 109.375 820.312 1046.875
781.250 281.250 -414.062 804.688 281.250 -31.250 664.062 -31.250 -171.875 992.188 828.125 -328.125 351.562 1304.688 1164.062
546.875 500.000 140.625 500.000 304.688 132.812 132.812 343.750 187.500 1070.312 867.188 101.562 843.750 210.938 945.312
546.875 500.000 140.625 500.000 304.688 132.812 132.812 343.750 187.500 1070.312 867.188 101.562 843.750 210.938 945.312
812.500 2500.000 -39.062 1250.000 1070.312 664.062 500.000 2437.500 2960.938 -460.938 -382.812 1625.000 1125.000 -101.562 1039.062
-46.875 -85.938 195.312 -726.562 -765.625 1046.875 -757.812 -265.625 1390.625 -281.250 351.562 1601.562 -468.750 85.938 1320.312
1226.562 -1523.438 320.312 156.250 -828.125 804.688 148.438 -335.938 812.500 1109.375 250.000 429.688 132.812 125.000 859.375
796.875 -414.062 296.875 375.000 -468.750 531.250 421.875 -476.562 703.125 1031.250 -78.125 289.062 593.750 62.500 554.688
859.375 70.312 398.438 1031.250 -531.250 523.438 1062.500 -156.250 609.375 742.188 515.625 875.000 -7.812 -296.875 1218.750
1156.250 406.250 226.562 1265.625 -257.812 476.562 1187.500 109.375 687.500 578.125 484.375 851.562 54.688 164.062 1101.562
921.875 460.938 367.188 1148.438 -179.688 445.312 1078.125 78.125 546.875 593.750 570.312 742.188 -70.312 -46.875 1132.812
921.875 460.938 367.188 1148.438 -179.688 445.312 1078.125 78.125 546.875 593.750 570.312 742.188 -70.312 -46.875 1132.812
890.625 218.750 382.812 992.188 -195.312 500.000 1023.438 62.500 601.562 664.062 585.938 781.250 23.438 23.438 1156.250
984.375 -78.125 390.625 687.500 -484.375 609.375 687.500 -156.250 695.312 460.938 351.562 757.812 54.688 -15.625 937.500
921.875 -242.188 382.812 523.438 -421.875 664.062 601.562 -70.312 750.000 429.688 406.250 765.625 62.500 78.125 968.750
773.438 -226.562 453.125 421.875 -218.750 687.500 500.000 132.812 734.375 351.562 593.750 710.938 -62.500 171.875 1046.875
796.875 -140.625 437.500 484.375 -171.875 664.062 531.250 164.062 726.562 328.125 617.188 742.188 -93.750 179.688 1046.875
804.688 -109.375 453.125 664.062 -226.562 648.438 718.750 109.375 710.938 453.125 539.062 757.812 23.438 125.000 1046.875
812.500 -46.875 460.938 734.375 -250.000 664.062 789.062 78.125 710.938 546.875 515.625 773.438 101.562 101.562 1039.062
828.125 -70.312 468.750 718.750 -257.812 664.062 734.375 78.125 734.375 484.375 531.250 804.688 31.250 109.375 1054.688
828.125 -70.312 468.750 718.750 -257.812 664.062 734.375 78.125 734.375 484.375 531.250 804.688 31.250 109.375 1054.688
820.312 -78.125 445.312 648.438 -203.125 679.688 671.875 109.375 789.062 429.688 570.312 828.125 -46.875 101.562 1085.938
812.500 -226.562 414.062 304.688 -140.625 804.688 359.375 265.625 984.375 23.438 789.062 968.750 -429.688 312.500 1281.250
625.000 -515.625 523.438 31.250 -140.625 914.062 93.750 335.938 1109.375 -164.062 890.625 1031.250 -601.562 281.250 1328.125
140.625 -78.125 1117.188 -15.625 -664.062 1171.875 132.812 289.062 1304.688 -625.000 -93.750 1484.375 -515.625 -210.938 1281.250
687.500 367.188 328.125 1031.250 -500.000 976.562 648.438 -109.375 1210.938 539.062 132.812 1109.375 289.062 -351.562 1023.438
1312.500 578.125 39.062 1195.312 -476.562 539.062 914.062 -390.625 671.875 1179.688 117.188 546.875 539.062 -140.625 992.188
1421.875 757.812 132.812 1421.875 -250.000 156.250 750.000 -632.812 632.812 1804.688 218.750 523.438 703.125 -312.500 882.812
1304.688 835.938 15.625 1351.562 -351.562 -31.250 31.250 -1328.125 304.688 382.812 -460.938 585.938 531.250 234.375 835.938
1304.688 835.938 15.625 1351.562 -351.562 -31.250 31.250 -1328.125 304.688 382.812 -460.938 585.938 531.250 234.375 835.938
1632.812 39.062 -70.312 664.062 -2523.438 -406.250 1507.812 921.875 -632.812 578.125 1617.188 1062.500 -78.125 -109.375 1359.375
843.750 -2320.312 -15.625 625.000 -195.312 257.812 1273.438 398.438 -695.312 1421.875 -164.062 -695.312 984.375 390.625 -164.062
843.750 -2320.312 -15.625 625.000 -195.312 257.812 1273.438 398.438 -695.312 1421.875 -164.062 -695.312 984.375 390.625 -164.062
843.750 -2320.312 -15.625 625.000 -195.312 257.812 1273.438 398.438 -695.312 1421.875 -164.062 -695.312 984.375 390.625 -164.062
914.062 31.250 218.750 1101.562 148.438 101.562 937.500 0.000 -39.062 820.312 78.125 101.562 390.625 289.062 773.438
1078.125 7.812 203.125 1476.562 54.688 -117.188 1117.188 296.875 -250.000 820.312 554.688 39.062 367.188 117.188 773.438
1007.812 -242.188 164.062 1398.438 101.562 -156.250 1320.312 85.938 -414.062 1382.812 562.500 -164.062 632.812 93.750 695.312
820.312 -296.875 289.062 937.500 -109.375 132.812 1015.625 -7.812 -31.250 1062.500 304.688 -78.125 843.750 367.188 531.250
937.500 -476.562 242.188 820.312 -265.625 273.438 882.812 -85.938 148.438 843.750 343.750 117.188 476.562 328.125 679.688
937.500 -476.562 242.188 820.312 -265.625 273.438 882.812 -85.938 148.438 843.750 343.750 117.188 476.562 328.125 679.688
773.438 -539.062 289.062 984.375 -179.688 109.375 1039.062 140.625 -7.812 914.062 500.000 85.938 539.062 210.938 750.000
773.438 -539.062 289.062 984.375 -179.688 109.375 1039.062 140.625 -7.812 914.062 500.000 85.938 539.062 210.938 750.000
859.375 -85.938 195.312 976.562 7.812 85.938 1054.688 117.188 -85.938 1062.500 531.250 -54.688 687.500 375.000 750.000
1000.000 -148.438 85.938 968.750 -15.625 70.312 1085.938 39.062 -148.438 1007.812 546.875 -117.188 726.562 382.812 710.938
992.188 -328.125 78.125 820.312 -210.938 203.125 914.062 -289.062 -78.125 1093.750 351.562 -156.250 765.625 273.438 546.875
1039.062 -703.125 31.250 679.688 -421.875 335.938 875.000 -257.812 54.688 929.688 101.562 -39.062 781.250 62.500 382.812
1109.375 -656.250 7.812 1023.438 -289.062 468.750 335.938 -62.500 257.812 890.625 -187.500 195.312 796.875 39.062 289.062
1078.125 -687.500 39.062 609.375 -218.750 437.500 1023.438 335.938 437.500 789.062 -382.812 304.688 804.688 62.500 257.812
1078.125 -687.500 39.062 609.375 -218.750 437.500 1023.438 335.938 437.500 789.062 -382.812 304.688 804.688 62.500 257.812
914.062 -484.375 125.000 953.125 -242.188 -70.312 1125.000 234.375 218.750 890.625 -7.812 445.312 382.812 -31.250 570.312
914.062 -484.375 125.000 953.125 -242.188 -70.312 1125.000 234.375 218.750 890.625 -7.812 445.312 382.812 -31.250 570.312
1109.375 -164.062 -7.812 1117.188 -265.625 -187.500 898.438 15.625 85.938 679.688 179.688 390.625 421.875 312.500 820.312
1109.375 250.000 0.000 1226.562 -406.250 -312.500 781.250 328.125 164.062 773.438 335.938 562.500 414.062 273.438 1070.312
1093.750 210.938 -46.875 1265.625 -210.938 -351.562 718.750 -7.812 429.688 632.812 359.375 757.812 226.562 62.500 1031.250
1148.438 39.062 -179.688 1312.500 -382.812 -148.438 1046.875 85.938 453.125 382.812 507.812 898.438 93.750 109.375 1109.375
1117.188 -125.000 -93.750 1187.500 -468.750 -132.812 1164.062 179.688 656.250 320.312 546.875 937.500 -31.250 125.000 1125.000
734.375 -429.688 46.875 1171.875 -429.688 15.625 960.938 226.562 703.125 296.875 625.000 914.062 -15.625 203.125 1125.000
734.375 -429.688 46.875 1171.875 -429.688 15.625 960.938 226.562 703.125 296.875 625.000 914.062 -15.625 203.125 1125.000
609.375 -835.938 203.125 1437.500 -289.062 -179.688 1148.438 296.875 289.062 351.562 773.438 742.188 -125.000 289.062 1171.875
796.875 -843.750 132.812 921.875 -382.812 203.125 906.250 328.125 539.062 453.125 664.062 625.000 109.375 367.188 984.375
796.875 -718.750 171.875 484.375 -304.688 632.812 585.938 429.688 593.750 281.250 765.625 632.812 -23.438 343.750 945.312
695.312 -664.062 195.312 945.312 -85.938 218.750 828.125 539.062 375.000 304.688 945.312 570.312 -156.250 492.188 1078.125
695.312 -664.062 195.312 945.312 -85.938 218.750 828.125 539.062 375.000 304.688 945.312 570.312 -156.250 492.188 1078.125
718.750 -554.688 179.688 1000.000 -39.062 148.438 867.188 554.688 328.125 359.375 960.938 539.062 -148.438 546.875 1085.938
718.750 -554.688 179.688 1000.000 -39.062 148.438 867.188 554.688 328.125 359.375 960.938 539.062 -148.438 546.875 1085.938
750.000 -500.000 148.438 1000.000 -132.812 132.812 867.188 453.125 312.500 367.188 851.562 531.250 -117.188 445.312 984.375
750.000 -500.000 148.438 1000.000 -132.812 132.812 867.188 453.125 312.500 367.188 851.562 531.250 -117.188 445.312 984.375
757.812 -742.188 156.250 914.062 -296.875 320.312 804.688 398.438 437.500 398.438 750.000 523.438 -15.625 453.125 906.250
757.812 -820.312 164.062 890.625 -304.688 359.375 781.250 406.250 460.938 390.625 742.188 531.250 23.438 468.750 898.438
734.375 -765.625 179.688 914.062 -187.500 351.562 789.062 507.812 437.500 351.562 835.938 531.250 -46.875 515.625 953.125
765.625 -734.375 132.812 921.875 -78.125 328.125 781.250 601.562 414.062 281.250 914.062 562.500 -148.438 531.250 1015.625
750.000 -796.875 132.812 945.312 -54.688 335.938 757.812 640.625 445.312 226.562 992.188 593.750 -257.812 554.688 1085.938
750.000 -796.875 132.812 945.312 -54.688 335.938 757.812 640.625 445.312 226.562 992.188 593.750 -257.812 554.688 1085.938
710.938 -796.875 148.438 968.750 -15.625 257.812 812.500 640.625 382.812 265.625 953.125 578.125 -195.312 531.250 1031.250
710.938 -796.875 148.438 968.750 -15.625 257.812 812.500 640.625 382.812 265.625 953.125 578.125 -195.312 531.250 1031.250
632.812 -640.625 179.688 1062.500 -62.500 85.938 929.688 515.625 265.625 453.125 867.188 476.562 -46.875 500.000 960.938
664.062 -609.375 156.250 1062.500 -109.375 54.688 960.938 468.750 250.000 460.938 804.688 492.188 -39.062 460.938 937.500
695.312 -500.000 156.250 1039.062 -187.500 54.688 945.312 375.000 289.062 476.562 710.938 523.438 0.000 367.188 929.688
601.562 -773.438 257.812 851.562 -351.562 250.000 789.062 273.438 468.750 492.188 546.875 625.000 78.125 234.375 890.625
601.562 -773.438 257.812 851.562 -351.562 250.000 789.062 273.438 468.750 492.188 546.875 625.000 78.125 234.375 890.625
664.062 -648.438 187.500 773.438 -398.438 406.250 734.375 296.875 562.500 476.562 585.938 601.562 187.500 414.062 906.250
703.125 -757.812 101.562 828.125 -367.188 359.375 734.375 296.875 507.812 453.125 640.625 562.500 171.875 429.688 882.812
656.250 -640.625 70.312 914.062 -281.250 281.250 820.312 343.750 421.875 554.688 945.312 601.562 171.875 484.375 914.062
656.250 -640.625 70.312 914.062 -281.250 281.250 820.312 343.750 421.875 554.688 945.312 601.562 171.875 484.375 914.062
656.250 -640.625 70.312 914.062 -281.250 281.250 820.312 343.750 421.875 554.688 945.312 601.562 171.875 484.375 914.062
656.250 -617.188 7.812 953.125 -242.188 250.000 835.938 351.562 390.625 523.438 757.812 453.125 148.438 554.688 914.062
718.750 -632.812 -85.938 1023.438 -195.312 140.625 890.625 351.562 343.750 515.625 703.125 460.938 132.812 507.812 867.188
789.062 -554.688 -101.562 1007.812 -203.125 156.250 820.312 335.938 414.062 468.750 640.625 539.062 85.938 429.688 851.562
820.312 -562.500 -125.000 953.125 -296.875 210.938 812.500 289.062 414.062 460.938 625.000 546.875 70.312 382.812 851.562
859.375 -601.562 -140.625 835.938 -367.188 328.125 804.688 234.375 429.688 492.188 585.938 523.438 101.562 328.125 835.938
843.750 -617.188 -109.375 773.438 -367.188 429.688 765.625 203.125 500.000 531.250 531.250 539.062 117.188 320.312 828.125
726.562 -617.188 -46.875 679.688 -335.938 593.750 726.562 187.500 578.125 500.000 546.875 546.875 117.188 367.188 828.125
703.125 -640.625 -46.875 664.062 -351.562 562.500 781.250 257.812 578.125 453.125 593.750 554.688 54.688 382.812 851.562
703.125 -640.625 -46.875 664.062 -351.562 562.500 781.250 257.812 578.125 453.125 593.750 554.688 54.688 382.812 851.562
742.188 -773.438 -78.125 742.188 -273.438 546.875 703.125 289.062 617.188 359.375 640.625 648.438 -85.938 375.000 914.062
742.188 -773.438 -78.125 742.188 -273.438 546.875 703.125 289.062 617.188 359.375 640.625 648.438 -85.938 375.000 914.062
679.688 -765.625 -62.500 773.438 -312.500 523.438 695.312 312.500 664.062 335.938 671.875 687.500 -179.688 382.812 968.750
718.750 -757.812 -85.938 734.375 -351.562 578.125 632.812 296.875 734.375 257.812 671.875 750.000 -210.938 351.562 976.562
742.188 -765.625 -117.188 710.938 -375.000 593.750 609.375 296.875 757.812 250.000 679.688 765.625 -250.000 351.562 984.375
812.500 -734.375 -148.438 656.250 -367.188 671.875 562.500 273.438 851.562 179.688 671.875 859.375 -312.500 320.312 1046.875
835.938 -726.562 -179.688 671.875 -406.250 664.062 570.312 257.812 859.375 171.875 695.312 890.625 -351.562 328.125 1101.562
843.750 -781.250 -203.125 695.312 -445.312 640.625 585.938 242.188 859.375 179.688 703.125 906.250 -382.812 328.125 1140.625
843.750 -781.250 -203.125 695.312 -445.312 640.625 585.938 242.188 859.375 179.688 703.125 906.250 -382.812 328.125 1140.625
835.938 -796.875 -187.500 718.750 -453.125 625.000 601.562 234.375 851.562 179.688 695.312 914.062 -359.375 320.312 1140.625
742.188 -835.938 -156.250 750.000 -484.375 578.125 664.062 195.312 789.062 265.625 632.812 843.750 -195.312 281.250 1046.875
679.688 -835.938 -132.812 757.812 -500.000 531.250 703.125 140.625 742.188 375.000 539.062 757.812 -78.125 281.250 953.125
585.938 -851.562 -70.312 757.812 -492.188 507.812 734.375 93.750 679.688 468.750 507.812 687.500 15.625 273.438 906.250
585.938 -820.312 -78.125 742.188 -476.562 484.375 742.188 54.688 648.438 500.000 460.938 664.062 39.062 257.812 890.625
585.938 -820.312 -78.125 742.188 -476.562 484.375 742.188 54.688 648.438 500.000 460.938 664.062 39.062 257.812 890.625
601.562 -796.875 -109.375 718.750 -476.562 507.812 710.938 54.688 656.250 492.188 453.125 671.875 54.688 257.812 898.438
