39.062 -960.938 -281.250 -7.812 -546.875 812.500 125.000 -140.625 968.750 210.938 257.812 945.312 101.562 140.625 1000.000
39.062 -968.750 -281.250 0.000 -539.062 804.688 117.188 -125.000 968.750 210.938 265.625 937.500 93.750 148.438 1007.812
31.250 -960.938 -289.062 -7.812 -531.250 804.688 117.188 -117.188 960.938 210.938 281.250 937.500 101.562 140.625 1031.250
39.062 -953.125 -273.438 -7.812 -531.250 812.500 109.375 -109.375 968.750 195.312 273.438 960.938 101.562 125.000 1007.812
39.062 -953.125 -281.250 -15.625 -531.250 812.500 117.188 -109.375 968.750 203.125 273.438 953.125 101.562 132.812 1015.625
31.250 -960.938 -281.250 -15.625 -531.250 812.500 117.188 -101.562 984.375 187.500 273.438 953.125 101.562 140.625 1000.000
31.250 -960.938 -289.062 -7.812 -531.250 820.312 101.562 -101.562 984.375 187.500 273.438 960.938 117.188 132.812 1007.812
31.250 -960.938 -281.250 -23.438 -531.250 828.125 101.562 -93.750 984.375 179.688 273.438 960.938 101.562 132.812 1007.812
31.250 -968.750 -273.438 -23.438 -531.250 820.312 101.562 -93.750 984.375 179.688 281.250 960.938 101.562 132.812 1015.625
23.438 -976.562 -273.438 -23.438 -523.438 828.125 85.938 -101.562 992.188 171.875 265.625 960.938 109.375 132.812 1007.812
15.625 -976.562 -273.438 -23.438 -531.250 820.312 85.938 -93.750 992.188 171.875 265.625 968.750 101.562 125.000 1007.812
15.625 -976.562 -281.250 -39.062 -523.438 820.312 85.938 -101.562 984.375 164.062 257.812 968.750 101.562 125.000 1023.438
23.438 -984.375 -281.250 -23.438 -531.250 828.125 93.750 -93.750 1000.000 164.062 257.812 968.750 85.938 117.188 1007.812
7.812 -984.375 -289.062 -31.250 -523.438 828.125 93.750 -93.750 1000.000 156.250 250.000 984.375 93.750 125.000 1015.625
15.625 -984.375 -281.250 -31.250 -523.438 828.125 78.125 -93.750 1000.000 148.438 250.000 976.562 93.750 93.750 1007.812
15.625 -984.375 -289.062 -39.062 -531.250 828.125 85.938 -85.938 1000.000 156.250 242.188 976.562 93.750 109.375 1007.812
15.625 -984.375 -281.250 -39.062 -531.250 828.125 78.125 -93.750 1007.812 156.250 242.188 976.562 93.750 117.188 1000.000
7.812 -984.375 -273.438 -39.062 -523.438 843.750 70.312 -85.938 1000.000 156.250 242.188 976.562 78.125 117.188 1007.812
15.625 -984.375 -273.438 -39.062 -531.250 851.562 70.312 -78.125 1007.812 156.250 265.625 976.562 85.938 132.812 1023.438
7.812 -992.188 -281.250 -54.688 -515.625 843.750 54.688 -78.125 1015.625 140.625 265.625 976.562 78.125 125.000 1015.625
7.812 -992.188 -273.438 -54.688 -515.625 867.188 54.688 -78.125 1023.438 132.812 273.438 984.375 85.938 132.812 1015.625
15.625 -992.188 -281.250 -62.500 -523.438 867.188 54.688 -62.500 1023.438 140.625 289.062 984.375 70.312 164.062 1039.062
23.438 -1007.812 -273.438 -62.500 -507.812 875.000 46.875 -54.688 1046.875 140.625 265.625 984.375 70.312 156.250 1015.625
15.625 -1015.625 -273.438 -54.688 -515.625 867.188 62.500 -62.500 1015.625 140.625 281.250 960.938 70.312 156.250 1000.000
7.812 -1015.625 -273.438 -54.688 -515.625 859.375 62.500 -54.688 1007.812 125.000 289.062 960.938 62.500 164.062 1000.000
7.812 -1007.812 -265.625 -54.688 -500.000 867.188 78.125 -23.438 1007.812 109.375 328.125 960.938 46.875 148.438 1023.438
15.625 -992.188 -265.625 -54.688 -492.188 859.375 62.500 -15.625 1015.625 101.562 335.938 976.562 31.250 140.625 1023.438
0.000 -992.188 -242.188 -39.062 -476.562 867.188 39.062 7.812 1062.500 85.938 304.688 1000.000 23.438 132.812 1007.812
7.812 -992.188 -242.188 -46.875 -468.750 875.000 23.438 15.625 1078.125 78.125 312.500 1007.812 7.812 109.375 1000.000
23.438 -1015.625 -250.000 -31.250 -523.438 867.188 93.750 0.000 1039.062 54.688 382.812 992.188 7.812 203.125 1015.625
39.062 -1023.438 -242.188 -39.062 -500.000 882.812 62.500 15.625 1070.312 62.500 359.375 1000.000 0.000 164.062 976.562
54.688 -1015.625 -257.812 -23.438 -515.625 875.000 101.562 7.812 1039.062 109.375 398.438 953.125 -78.125 195.312 1109.375
46.875 -1015.625 -242.188 -23.438 -515.625 867.188 117.188 0.000 1023.438 93.750 414.062 929.688 54.688 234.375 976.562
39.062 -1000.000 -242.188 -15.625 -507.812 859.375 125.000 0.000 1007.812 70.312 421.875 929.688 -31.250 187.500 1007.812
23.438 -992.188 -218.750 -7.812 -515.625 843.750 132.812 31.250 984.375 54.688 492.188 914.062 -78.125 187.500 1046.875
23.438 -1000.000 -210.938 7.812 -484.375 851.562 156.250 62.500 1015.625 54.688 492.188 937.500 -117.188 187.500 1078.125
23.438 -1000.000 -210.938 7.812 -492.188 843.750 148.438 46.875 1007.812 54.688 507.812 937.500 -125.000 210.938 1078.125
31.250 -1000.000 -218.750 23.438 -507.812 843.750 140.625 46.875 1015.625 31.250 523.438 945.312 -125.000 195.312 1070.312
54.688 -1015.625 -210.938 39.062 -507.812 843.750 132.812 46.875 1039.062 31.250 500.000 968.750 -140.625 187.500 1054.688
70.312 -1000.000 -218.750 46.875 -531.250 835.938 109.375 70.312 1078.125 0.000 500.000 984.375 -132.812 195.312 1039.062
93.750 -1000.000 -218.750 46.875 -562.500 828.125 46.875 78.125 1140.625 0.000 476.562 992.188 -125.000 203.125 1046.875
140.625 -1078.125 -242.188 148.438 -539.062 796.875 -54.688 218.750 1265.625 -93.750 453.125 1078.125 -125.000 218.750 1015.625
351.562 -1375.000 -390.625 218.750 -546.875 765.625 -62.500 453.125 1109.375 718.750 359.375 2671.875 -195.312 265.625 1109.375
304.688 -1250.000 -390.625 -7.812 -804.688 1070.312 78.125 23.438 1101.562 -437.500 1242.188 921.875 -234.375 218.750 1210.938
312.500 -1101.562 -437.500 -23.438 -828.125 1179.688 78.125 -78.125 1062.500 -414.062 1421.875 718.750 -250.000 382.812 1289.062
460.938 -992.188 -570.312 -281.250 -820.312 1281.250 304.688 93.750 953.125 117.188 1085.938 757.812 -359.375 507.812 1375.000
656.250 -875.000 -734.375 -140.625 -351.562 1070.312 390.625 0.000 984.375 226.562 937.500 773.438 -398.438 640.625 1375.000
390.625 -984.375 -531.250 85.938 -398.438 851.562 468.750 54.688 953.125 179.688 914.062 835.938 -406.250 750.000 1382.812
304.688 -921.875 -492.188 179.688 -500.000 796.875 500.000 140.625 843.750 195.312 1046.875 835.938 -398.438 757.812 1437.500
250.000 -1015.625 -234.375 117.188 -289.062 656.250 578.125 109.375 687.500 132.812 1000.000 875.000 -445.312 710.938 1437.500
125.000 -882.812 -148.438 78.125 -484.375 703.125 664.062 -140.625 406.250 359.375 578.125 515.625 -429.688 468.750 1257.812
148.438 -960.938 -46.875 109.375 -578.125 656.250 640.625 -398.438 367.188 445.312 265.625 343.750 -195.312 328.125 789.062
195.312 -1015.625 -93.750 218.750 -562.500 570.312 726.562 -460.938 304.688 492.188 210.938 343.750 31.250 195.312 507.812
328.125 -1406.250 -93.750 664.062 -687.500 250.000 906.250 -585.938 23.438 671.875 -78.125 273.438 593.750 -23.438 62.500
179.688 -1164.062 0.000 828.125 -703.125 93.750 960.938 -593.750 -109.375 789.062 -164.062 179.688 679.688 -31.250 148.438
54.688 -875.000 117.188 796.875 -781.250 109.375 921.875 -632.812 -140.625 882.812 -132.812 218.750 562.500 -70.312 398.438
93.750 -820.312 117.188 742.188 -726.562 125.000 859.375 -601.562 -62.500 843.750 -54.688 265.625 523.438 -15.625 507.812
367.188 -750.000 -85.938 742.188 -531.250 171.875 859.375 -398.438 70.312 765.625 226.562 390.625 390.625 187.500 718.750
781.250 -406.250 -281.250 664.062 -328.125 203.125 820.312 -117.188 117.188 718.750 523.438 375.000 210.938 398.438 1007.812
585.938 -273.438 -195.312 710.938 -234.375 195.312 906.250 -109.375 78.125 781.250 554.688 367.188 164.062 500.000 1101.562
562.500 -312.500 -164.062 789.062 -257.812 117.188 914.062 -93.750 31.250 789.062 562.500 375.000 171.875 484.375 1117.188
593.750 -445.312 -148.438 812.500 -328.125 46.875 898.438 -218.750 -23.438 804.688 390.625 343.750 273.438 382.812 1000.000
640.625 -562.500 -156.250 890.625 -601.562 -15.625 968.750 -476.562 -179.688 945.312 93.750 242.188 562.500 171.875 664.062
632.812 -625.000 -140.625 984.375 -570.312 -85.938 960.938 -570.312 -195.312 945.312 -31.250 265.625 546.875 78.125 679.688
640.625 -679.688 -125.000 1000.000 -656.250 -132.812 976.562 -570.312 -242.188 960.938 -7.812 304.688 453.125 93.750 781.250
625.000 -640.625 -70.312 968.750 -679.688 -93.750 968.750 -601.562 -203.125 960.938 0.000 351.562 398.438 54.688 906.250
648.438 -656.250 -125.000 945.312 -562.500 -39.062 1015.625 -507.812 -109.375 921.875 117.188 367.188 507.812 39.062 812.500
593.750 -726.562 -62.500 890.625 -578.125 46.875 1046.875 -492.188 -70.312 937.500 218.750 421.875 531.250 0.000 945.312
554.688 -750.000 -54.688 859.375 -593.750 54.688 992.188 -531.250 -39.062 929.688 210.938 460.938 539.062 -7.812 953.125
554.688 -796.875 -39.062 718.750 -750.000 132.812 906.250 -718.750 54.688 875.000 109.375 585.938 398.438 -62.500 1000.000
664.062 -937.500 -140.625 179.688 -390.625 492.188 453.125 -1187.500 421.875 648.438 187.500 781.250 523.438 -460.938 929.688
601.562 -1070.312 -250.000 31.250 -937.500 554.688 445.312 -1007.812 265.625 500.000 351.562 570.312 -54.688 -640.625 1734.375
585.938 -1007.812 -312.500 109.375 -1054.688 484.375 343.750 -859.375 304.688 273.438 -648.438 351.562 125.000 -1296.875 1148.438
671.875 -859.375 -437.500 -85.938 -1203.125 609.375 437.500 -578.125 570.312 414.062 1054.688 1796.875 867.188 1835.938 -312.500
664.062 -812.500 -500.000 -164.062 -1382.812 468.750 195.312 -367.188 546.875 156.250 296.875 1078.125 1093.750 1867.188 46.875
507.812 -539.062 -750.000 265.625 -648.438 398.438 7.812 -343.750 187.500 578.125 -7.812 406.250 898.438 -359.375 101.562
554.688 -453.125 -734.375 -93.750 -70.312 484.375 710.938 328.125 632.812 750.000 -570.312 437.500 968.750 -226.562 179.688
523.438 -359.375 -742.188 328.125 -109.375 406.250 -62.500 109.375 859.375 453.125 -125.000 703.125 992.188 -343.750 -257.812
578.125 -375.000 -757.812 367.188 -164.062 515.625 0.000 -85.938 1085.938 539.062 -7.812 781.250 1070.312 -195.312 -398.438
546.875 406.250 -601.562 -375.000 -406.250 1703.125 -328.125 -1078.125 1492.188 304.688 -468.750 1093.750 835.938 -296.875 375.000
695.312 445.312 -562.500 -562.500 -382.812 1406.250 -398.438 -726.562 1414.062 296.875 -117.188 1132.812 765.625 -539.062 218.750
960.938 46.875 -554.688 335.938 -406.250 687.500 546.875 -335.938 992.188 523.438 -421.875 1257.812 1148.438 -296.875 226.562
1007.812 -187.500 -570.312 687.500 -609.375 375.000 1117.188 -78.125 468.750 -242.188 85.938 937.500 1117.188 -484.375 484.375
703.125 -328.125 -539.062 742.188 -617.188 859.375 656.250 -585.938 890.625 812.500 -171.875 929.688 1085.938 -218.750 140.625
773.438 -164.062 -523.438 578.125 -601.562 914.062 546.875 -632.812 984.375 765.625 -273.438 984.375 1125.000 -375.000 -23.438
960.938 -7.812 -562.500 515.625 -671.875 796.875 500.000 -609.375 828.125 671.875 -234.375 898.438 1031.250 -507.812 23.438
1054.688 0.000 -617.188 500.000 -671.875 742.188 460.938 -625.000 773.438 632.812 -234.375 851.562 992.188 -476.562 93.750
1000.000 -312.500 -609.375 156.250 -593.750 828.125 140.625 -492.188 898.438 359.375 -132.812 953.125 835.938 -414.062 289.062
914.062 -343.750 -562.500 -23.438 -593.750 882.812 -39.062 -468.750 968.750 250.000 -117.188 1015.625 757.812 -421.875 382.812
742.188 -343.750 -453.125 -382.812 -437.500 1015.625 -382.812 -406.250 1125.000 101.562 -54.688 1046.875 703.125 -460.938 429.688
726.562 -367.188 -437.500 -539.062 -375.000 1054.688 -523.438 -351.562 1171.875 156.250 -23.438 1039.062 750.000 -429.688 445.312
734.375 -578.125 -328.125 -78.125 -343.750 921.875 -109.375 -296.875 960.938 460.938 -7.812 914.062 953.125 -359.375 320.312
742.188 -554.688 -328.125 250.000 -414.062 812.500 343.750 -312.500 835.938 554.688 0.000 835.938 1039.062 -281.250 257.812
828.125 -320.312 -359.375 750.000 -554.688 554.688 875.000 -367.188 609.375 593.750 -203.125 992.188 1171.875 -421.875 39.062
851.562 -171.875 -406.250 828.125 -593.750 429.688 1078.125 -390.625 507.812 585.938 -242.188 1007.812 1187.500 -460.938 31.250
1445.312 398.438 -828.125 953.125 -820.312 195.312 1023.438 -539.062 289.062 773.438 62.500 757.812 1070.312 -250.000 195.312
1632.812 406.250 -1007.812 906.250 -601.562 179.688 1078.125 -500.000 289.062 781.250 164.062 687.500 1015.625 -203.125 210.938
1921.875 398.438 -1304.688 812.500 -476.562 31.250 992.188 -398.438 265.625 640.625 203.125 640.625 921.875 -203.125 250.000
2007.812 273.438 -1250.000 726.562 -664.062 39.062 921.875 -281.250 257.812 601.562 296.875 585.938 835.938 -70.312 328.125
1257.812 -117.188 -890.625 898.438 -437.500 273.438 1070.312 859.375 1570.312 -234.375 -226.562 1093.750 625.000 117.188 429.688
1070.312 -601.562 -851.562 625.000 -195.312 195.312 460.938 -31.250 500.000 312.500 320.312 640.625 367.188 234.375 484.375
773.438 -1351.562 -328.125 640.625 -242.188 0.000 562.500 -132.812 234.375 -109.375 421.875 695.312 -382.812 -46.875 812.500
289.062 -1492.188 -70.312 507.812 -375.000 85.938 585.938 -273.438 250.000 101.562 500.000 812.500 -492.188 -257.812 1109.375
-289.062 -1265.625 382.812 773.438 -671.875 7.812 796.875 -445.312 171.875 585.938 500.000 843.750 -328.125 218.750 1562.500
-7.812 -539.062 398.438 562.500 -578.125 23.438 687.500 -453.125 343.750 375.000 343.750 898.438 109.375 242.188 1460.938
343.750 296.875 304.688 765.625 -335.938 210.938 242.188 343.750 1210.938 -85.938 -210.938 1898.438 312.500 -476.562 1281.250
226.562 890.625 328.125 554.688 -343.750 148.438 953.125 -304.688 820.312 476.562 171.875 1617.188 375.000 -773.438 1281.250
296.875 906.250 148.438 1171.875 -500.000 617.188 421.875 -804.688 1171.875 992.188 70.312 703.125 312.500 101.562 968.750
984.375 -265.625 218.750 1125.000 -906.250 289.062 875.000 -796.875 414.062 632.812 93.750 890.625 1007.812 -789.062 617.188
1085.938 -250.000 101.562 539.062 -921.875 539.062 625.000 -789.062 710.938 609.375 -125.000 882.812 562.500 -179.688 820.312
1125.000 -226.562 46.875 429.688 -1031.250 601.562 359.375 -710.938 789.062 468.750 7.812 984.375 585.938 -242.188 843.750
1156.250 -78.125 85.938 546.875 -1031.250 562.500 507.812 -710.938 750.000 304.688 70.312 1023.438 265.625 -359.375 937.500
1125.000 109.375 62.500 742.188 -828.125 406.250 671.875 -601.562 664.062 453.125 109.375 968.750 406.250 -234.375 976.562
945.312 70.312 140.625 734.375 -718.750 390.625 742.188 -484.375 585.938 593.750 187.500 867.188 570.312 -179.688 929.688
843.750 -15.625 156.250 687.500 -656.250 398.438 742.188 -468.750 585.938 687.500 203.125 835.938 695.312 -140.625 890.625
835.938 -140.625 312.500 703.125 -820.312 484.375 804.688 -625.000 625.000 687.500 -78.125 921.875 843.750 -460.938 593.750
835.938 46.875 281.250 757.812 -1007.812 523.438 859.375 -757.812 671.875 718.750 -109.375 937.500 992.188 -601.562 531.250
695.312 -54.688 476.562 812.500 -1500.000 546.875 804.688 -914.062 742.188 906.250 -554.688 1148.438 1101.562 -757.812 437.500
648.438 -46.875 765.625 968.750 -1601.562 546.875 695.312 -1273.438 781.250 804.688 -609.375 1046.875 968.750 -710.938 468.750
281.250 -546.875 703.125 1218.750 -1500.000 453.125 1226.562 -1695.312 882.812 921.875 -804.688 1117.188 835.938 -679.688 562.500
1062.500 -1343.750 578.125 1023.438 -2476.562 703.125 1250.000 -1781.250 593.750 1343.750 -875.000 906.250 1296.875 -695.312 226.562
1789.062 -2632.812 203.125 1242.188 -2195.312 187.500 1312.500 -1609.375 93.750 1492.188 -750.000 250.000 1656.250 -148.438 -304.688
2046.875 -3140.625 -140.625 1148.438 -1992.188 -54.688 1203.125 -1500.000 -46.875 1664.062 -812.500 -70.312 1765.625 62.500 -601.562
2101.562 -3250.000 -445.312 1171.875 -1539.062 -523.438 1726.562 -1203.125 -898.438 1757.812 -437.500 -1062.500 1812.500 835.938 -1242.188
1367.188 -3992.188 -1148.438 1421.875 -640.625 -1445.312 1867.188 39.062 -2046.875 1507.812 460.938 -2117.188 968.750 1921.875 -1656.250
1632.812 -3070.312 -2039.062 1750.000 -39.062 -1796.875 1398.438 992.188 -2531.250 796.875 1156.250 -2679.688 468.750 2406.250 -1898.438
1953.125 -2632.812 -2476.562 1492.188 500.000 -2117.188 1289.062 1796.875 -2632.812 398.438 1406.250 -2882.812 257.812 2578.125 -2156.250
1914.062 -1312.500 -2789.062 1250.000 1914.062 -2273.438 664.062 2695.312 -2476.562 -85.938 1812.500 -3140.625 -164.062 2937.500 -2429.688
820.312 1195.312 -2265.625 312.500 3132.812 -1804.688 -382.812 3679.688 -1695.312 -1203.125 2398.438 -2859.375 -1617.188 3171.875 -2054.688
632.812 2406.250 -1632.812 -382.812 3312.500 -859.375 -914.062 3359.375 -859.375 -2054.688 2406.250 -1953.125 -2718.750 2781.250 -1242.188
757.812 2703.125 -1257.812 -523.438 3015.625 -429.688 -1164.062 3015.625 -484.375 -2429.688 2375.000 -1414.062 -3140.625 2382.812 -687.500
921.875 2609.375 -570.312 -695.312 2195.312 195.312 -1242.188 2476.562 226.562 -2515.625 2015.625 -171.875 -3304.688 1585.938 289.062
1031.250 1289.062 195.312 -585.938 1125.000 898.438 -1398.438 1367.188 960.938 -2062.500 1257.812 617.188 -2500.000 835.938 703.125
1039.062 203.125 429.688 -351.562 656.250 1109.375 -1039.062 882.812 1125.000 -1554.688 1039.062 734.375 -1882.812 570.312 671.875
929.688 -179.688 578.125 -273.438 515.625 1117.188 -960.938 804.688 1125.000 -1312.500 921.875 703.125 -1570.312 585.938 632.812
734.375 -648.438 718.750 -210.938 453.125 1140.625 -664.062 765.625 1023.438 -898.438 851.562 601.562 -1015.625 617.188 515.625
328.125 -796.875 875.000 -109.375 578.125 976.562 -351.562 835.938 789.062 -476.562 914.062 257.812 -476.562 804.688 312.500
226.562 -726.562 921.875 -62.500 695.312 859.375 -312.500 875.000 671.875 -445.312 945.312 148.438 -421.875 820.312 226.562
210.938 -664.062 929.688 -15.625 710.938 796.875 -265.625 914.062 632.812 -445.312 945.312 117.188 -437.500 835.938 218.750
171.875 -515.625 906.250 15.625 796.875 726.562 -234.375 976.562 585.938 -476.562 976.562 70.312 -523.438 906.250 187.500
320.312 -101.562 757.812 -7.812 835.938 726.562 -218.750 1039.062 539.062 -554.688 1062.500 15.625 -640.625 960.938 171.875
507.812 148.438 585.938 -39.062 906.250 835.938 -328.125 1101.562 710.938 -609.375 1085.938 46.875 -687.500 1023.438 148.438
632.812 234.375 507.812 -70.312 1000.000 968.750 -609.375 1187.500 929.688 -695.312 1101.562 101.562 -687.500 1070.312 187.500
820.312 304.688 257.812 -312.500 1000.000 1093.750 -726.562 1265.625 968.750 -789.062 1484.375 -203.125 -851.562 1218.750 164.062
1203.125 -148.438 -148.438 -382.812 828.125 1234.375 -429.688 1171.875 742.188 -1023.438 1445.312 31.250 -1359.375 1265.625 398.438
1203.125 -484.375 -359.375 -250.000 1125.000 1062.500 -679.688 1492.188 796.875 -1171.875 1562.500 54.688 -1640.625 1296.875 398.438
1171.875 -593.750 -453.125 -179.688 1179.688 984.375 -585.938 1539.062 750.000 -1296.875 1687.500 -39.062 -1734.375 1445.312 398.438
1210.938 -835.938 -671.875 -46.875 1101.562 726.562 -656.250 1679.688 515.625 -1375.000 1593.750 -93.750 -1984.375 1218.750 289.062
1156.250 -1296.875 -906.250 -156.250 1250.000 609.375 -695.312 1585.938 351.562 -1601.562 1554.688 -203.125 -2210.938 1164.062 132.812
976.562 -1468.750 -1492.188 39.062 1375.000 257.812 -617.188 1773.438 -85.938 -1687.500 1554.688 -671.875 -2476.562 1359.375 -437.500
843.750 -1335.938 -1625.000 39.062 1585.938 54.688 -484.375 1898.438 -273.438 -1703.125 1437.500 -1007.812 -2328.125 1710.938 -703.125
578.125 -1656.250 -2000.000 382.812 1656.250 -320.312 -164.062 1953.125 -632.812 -1476.562 1492.188 -1546.875 -2187.500 1968.750 -1335.938
484.375 -2117.188 -2343.750 492.188 1835.938 -656.250 171.875 1921.875 -1171.875 -781.250 1640.625 -2367.188 -1382.812 2554.688 -1835.938
-125.000 -3179.688 -1882.812 1039.062 1429.688 -1460.938 1023.438 1343.750 -1453.125 390.625 1273.438 -2562.500 273.438 2796.875 -2218.750
-398.438 -3765.625 -1609.375 1218.750 703.125 -1281.250 992.188 1132.812 -1398.438 468.750 1171.875 -2460.938 890.625 2531.250 -2007.812
-1421.875 -3726.562 15.625 2226.562 -546.875 -85.938 2242.188 218.750 46.875 2148.438 945.312 -640.625 2179.688 1164.062 -671.875
-3726.562 -2296.875 1750.000 -484.375 -2570.312 1625.000 460.938 -1015.625 828.125 1835.938 70.312 -156.250 1875.000 875.000 -531.250
968.750 -906.250 148.438 1156.250 -2125.000 875.000 1468.750 -1890.625 695.312 2453.125 -726.562 343.750 2898.438 -445.312 -78.125
750.000 -1015.625 0.000 726.562 -2984.375 1375.000 1109.375 -1968.750 1070.312 1914.062 -1015.625 742.188 2257.812 -726.562 -7.812
1585.938 -1484.375 -218.750 570.312 -2500.000 1234.375 421.875 -1898.438 1328.125 773.438 -882.812 1375.000 1109.375 -1304.688 460.938
1382.812 -1773.438 -296.875 7.812 -2023.438 1406.250 -46.875 -1312.500 1382.812 359.375 -421.875 1257.812 531.250 -718.750 656.250
1039.062 -1296.875 -203.125 -93.750 -835.938 1156.250 -54.688 -226.562 1210.938 7.812 492.188 1000.000 -101.562 164.062 1062.500
1015.625 -1140.625 -203.125 70.312 -578.125 1054.688 7.812 -39.062 1179.688 -93.750 687.500 984.375 -382.812 273.438 1148.438
1046.875 -562.500 -320.312 273.438 -187.500 929.688 23.438 289.062 1140.625 -359.375 929.688 968.750 -804.688 437.500 1234.375
992.188 46.875 -359.375 312.500 234.375 820.312 -46.875 632.812 1093.750 -648.438 1164.062 921.875 -1234.375 585.938 1328.125
812.500 281.250 -289.062 218.750 562.500 750.000 -125.000 867.188 1031.250 -742.188 1265.625 835.938 -1343.750 679.688 1328.125
757.812 210.938 -250.000 195.312 484.375 757.812 -117.188 812.500 1000.000 -679.688 1218.750 804.688 -1210.938 648.438 1273.438
750.000 -203.125 -164.062 140.625 203.125 773.438 -78.125 546.875 960.938 -453.125 968.750 757.812 -843.750 523.438 1093.750
750.000 -539.062 -78.125 132.812 -140.625 804.688 -15.625 226.562 921.875 -234.375 710.938 734.375 -476.562 343.750 929.688
718.750 -742.188 31.250 210.938 -460.938 828.125 148.438 -78.125 921.875 78.125 421.875 765.625 -31.250 85.938 781.250
476.562 -648.438 234.375 312.500 -484.375 843.750 -367.188 -492.188 867.188 7.812 257.812 796.875 101.562 54.688 773.438
757.812 -726.562 93.750 390.625 -609.375 796.875 296.875 -453.125 859.375 312.500 296.875 773.438 273.438 -31.250 796.875
601.562 -664.062 148.438 585.938 -828.125 773.438 437.500 -406.250 953.125 523.438 171.875 859.375 414.062 -132.812 796.875
500.000 -562.500 257.812 765.625 -1015.625 757.812 304.688 -445.312 1023.438 437.500 78.125 1046.875 343.750 -328.125 843.750
656.250 -515.625 179.688 710.938 -882.812 789.062 398.438 -312.500 1218.750 554.688 445.312 578.125 265.625 -296.875 867.188
734.375 -390.625 85.938 554.688 -859.375 859.375 664.062 -359.375 1070.312 296.875 429.688 1031.250 203.125 -109.375 898.438
875.000 -382.812 109.375 320.312 -398.438 820.312 250.000 -367.188 1062.500 250.000 421.875 1234.375 62.500 -93.750 937.500
843.750 -648.438 -93.750 554.688 -179.688 570.312 523.438 -257.812 718.750 554.688 546.875 554.688 -242.188 515.625 1046.875
929.688 -773.438 -148.438 671.875 -132.812 523.438 742.188 -187.500 625.000 492.188 367.188 484.375 -148.438 765.625 921.875
882.812 -656.250 -328.125 617.188 -367.188 421.875 593.750 93.750 570.312 257.812 859.375 531.250 117.188 523.438 750.000
945.312 -421.875 -406.250 492.188 -273.438 554.688 507.812 250.000 617.188 257.812 898.438 523.438 -109.375 656.250 750.000
945.312 -406.250 -437.500 460.938 -218.750 554.688 523.438 218.750 703.125 210.938 843.750 468.750 -187.500 773.438 796.875
882.812 -476.562 -421.875 453.125 -148.438 585.938 500.000 296.875 687.500 195.312 1007.812 562.500 -328.125 1070.312 781.250
781.250 -500.000 -335.938 460.938 -148.438 593.750 476.562 382.812 734.375 203.125 1476.562 843.750 -414.062 1460.938 718.750
718.750 -554.688 -289.062 523.438 -148.438 617.188 539.062 179.688 726.562 46.875 -414.062 -15.625 140.625 -828.125 1281.250
718.750 -585.938 -273.438 554.688 -234.375 648.438 437.500 -7.812 718.750 375.000 203.125 54.688 -632.812 -281.250 1179.688
718.750 -726.562 -250.000 515.625 -390.625 656.250 656.250 15.625 687.500 359.375 601.562 539.062 -203.125 476.562 945.312
687.500 -781.250 -242.188 570.312 -468.750 609.375 632.812 -46.875 710.938 429.688 578.125 632.812 -78.125 328.125 812.500
703.125 -835.938 -242.188 632.812 -570.312 593.750 679.688 -101.562 710.938 484.375 523.438 640.625 -54.688 312.500 859.375
687.500 -859.375 -250.000 671.875 -578.125 578.125 703.125 -132.812 695.312 523.438 492.188 625.000 -54.688 320.312 906.250
664.062 -828.125 -265.625 687.500 -601.562 562.500 789.062 -171.875 656.250 601.562 492.188 585.938 -39.062 343.750 929.688
648.438 -820.312 -281.250 671.875 -593.750 578.125 765.625 -171.875 656.250 601.562 468.750 601.562 0.000 328.125 898.438
617.188 -820.312 -257.812 640.625 -562.500 593.750 710.938 -179.688 703.125 585.938 445.312 609.375 39.062 312.500 867.188
601.562 -804.688 -257.812 609.375 -546.875 609.375 679.688 -179.688 710.938 578.125 445.312 609.375 31.250 312.500 867.188
601.562 -781.250 -265.625 554.688 -515.625 648.438 617.188 -132.812 757.812 500.000 500.000 664.062 -39.062 328.125 898.438
625.000 -789.062 -265.625 554.688 -515.625 640.625 601.562 -101.562 765.625 460.938 531.250 687.500 -85.938 312.500 914.062
570.312 -796.875 -242.188 531.250 -468.750 664.062 554.688 -70.312 820.312 429.688 554.688 710.938 -125.000 335.938 937.500
554.688 -773.438 -234.375 515.625 -453.125 671.875 539.062 -62.500 828.125 421.875 570.312 718.750 -132.812 359.375 945.312
562.500 -789.062 -257.812 507.812 -468.750 695.312 562.500 -46.875 828.125 398.438 617.188 726.562 -210.938 367.188 976.562
578.125 -812.500 -281.250 531.250 -476.562 687.500 578.125 -46.875 828.125 406.250 617.188 726.562 -226.562 320.312 968.750
578.125 -796.875 -296.875 531.250 -484.375 687.500 578.125 -62.500 820.312 421.875 601.562 726.562 -218.750 359.375 960.938
578.125 -789.062 -296.875 531.250 -492.188 695.312 578.125 -62.500 835.938 421.875 593.750 742.188 -210.938 359.375 960.938
570.312 -796.875 -296.875 531.250 -492.188 687.500 570.312 -78.125 835.938 414.062 593.750 742.188 -218.750 359.375 984.375
562.500 -828.125 -296.875 523.438 -515.625 687.500 585.938 -93.750 828.125 421.875 585.938 742.188 -203.125 351.562 976.562
546.875 -828.125 -281.250 531.250 -515.625 679.688 570.312 -101.562 835.938 421.875 554.688 742.188 -187.500 328.125 968.750
554.688 -835.938 -281.250 531.250 -515.625 687.500 546.875 -109.375 835.938 406.250 554.688 765.625 -210.938 320.312 968.750
554.688 -843.750 -281.250 507.812 -531.250 687.500 546.875 -125.000 851.562 390.625 554.688 781.250 -218.750 312.500 976.562
