15.625 -875.000 -328.125 -101.562 -375.000 867.188 -7.812 117.188 968.750 62.500 445.312 882.812 -31.250 -328.125 968.750
23.438 -898.438 -335.938 -117.188 -359.375 890.625 -31.250 132.812 984.375 31.250 468.750 906.250 -70.312 -328.125 1000.000
0.000 -906.250 -343.750 -132.812 -351.562 898.438 -46.875 148.438 1015.625 23.438 492.188 929.688 -85.938 -359.375 1023.438
-7.812 -843.750 -367.188 -132.812 -359.375 906.250 -46.875 148.438 1031.250 15.625 500.000 945.312 -93.750 -367.188 1023.438
15.625 -742.188 -351.562 -164.062 -335.938 937.500 -70.312 195.312 1046.875 0.000 531.250 953.125 -101.562 -351.562 1046.875
7.812 -968.750 -375.000 -187.500 -320.312 945.312 -85.938 218.750 1062.500 -23.438 578.125 984.375 -117.188 -304.688 1117.188
-31.250 -1031.250 -320.312 -179.688 -335.938 960.938 -85.938 218.750 1085.938 -15.625 585.938 1000.000 -132.812 -335.938 1140.625
-31.250 -1031.250 -320.312 -179.688 -335.938 960.938 -85.938 218.750 1085.938 -15.625 585.938 1000.000 -132.812 -335.938 1140.625
-23.438 -945.312 -359.375 -257.812 -351.562 1039.062 -109.375 242.188 1109.375 -7.812 625.000 984.375 -109.375 -289.062 1156.250
-23.438 -945.312 -359.375 -257.812 -351.562 1039.062 -109.375 242.188 1109.375 -7.812 625.000 984.375 -109.375 -289.062 1156.250
-31.250 -1140.625 -382.812 -250.000 -281.250 1031.250 -117.188 226.562 1156.250 7.812 640.625 992.188 -125.000 -250.000 1234.375
-23.438 -1140.625 -367.188 -242.188 -312.500 1031.250 -125.000 234.375 1164.062 7.812 664.062 1000.000 -140.625 -273.438 1281.250
-23.438 -1171.875 -375.000 -257.812 -304.688 1062.500 -117.188 242.188 1179.688 0.000 703.125 1039.062 -140.625 -265.625 1304.688
-15.625 -1187.500 -421.875 -351.562 -351.562 1140.625 -125.000 257.812 1250.000 7.812 726.562 1117.188 -140.625 -328.125 1328.125
85.938 -1093.750 -539.062 -437.500 -296.875 1210.938 -203.125 351.562 1343.750 7.812 781.250 1171.875 -31.250 -250.000 1375.000
85.938 -1093.750 -539.062 -437.500 -296.875 1210.938 -203.125 351.562 1343.750 7.812 781.250 1171.875 -31.250 -250.000 1375.000
179.688 -984.375 -625.000 -492.188 -312.500 1203.125 -187.500 281.250 1281.250 -15.625 843.750 1117.188 -31.250 -148.438 1390.625
296.875 -1187.500 -765.625 -210.938 -117.188 867.188 -93.750 296.875 1125.000 -7.812 632.812 1179.688 -31.250 -312.500 1414.062
296.875 -1187.500 -765.625 -210.938 -117.188 867.188 -93.750 296.875 1125.000 -7.812 632.812 1179.688 -31.250 -312.500 1414.062
296.875 -1187.500 -765.625 -210.938 -117.188 867.188 -93.750 296.875 1125.000 -7.812 632.812 1179.688 -31.250 -312.500 1414.062
351.562 -1156.250 -695.312 -320.312 -320.312 953.125 -218.750 273.438 1171.875 -31.250 687.500 1218.750 -23.438 -390.625 1234.375
117.188 -1015.625 -343.750 -429.688 -500.000 976.562 -257.812 78.125 1125.000 0.000 554.688 1187.500 164.062 -226.562 976.562
-289.062 -750.000 -226.562 -281.250 -335.938 828.125 -171.875 -39.062 914.062 7.812 335.938 992.188 289.062 -39.062 851.562
-218.750 -960.938 -296.875 -242.188 -187.500 710.938 0.000 -15.625 757.812 70.312 257.812 734.375 312.500 -31.250 718.750
-125.000 -1414.062 -257.812 7.812 -453.125 570.312 359.375 -62.500 359.375 398.438 210.938 70.312 500.000 46.875 375.000
-335.938 -1171.875 -265.625 -179.688 -429.688 734.375 515.625 -429.688 242.188 781.250 -140.625 -492.188 671.875 250.000 -85.938
414.062 -31.250 -492.188 507.812 -421.875 335.938 765.625 -210.938 226.562 804.688 15.625 31.250 812.500 -140.625 78.125
414.062 -31.250 -492.188 507.812 -421.875 335.938 765.625 -210.938 226.562 804.688 15.625 31.250 812.500 -140.625 78.125
414.062 -31.250 -492.188 507.812 -421.875 335.938 765.625 -210.938 226.562 804.688 15.625 31.250 812.500 -140.625 78.125
546.875 54.688 -476.562 898.438 -500.000 218.750 890.625 -335.938 156.250 843.750 -78.125 0.000 718.750 -117.188 335.938
679.688 -39.062 -539.062 820.312 -578.125 281.250 890.625 -429.688 171.875 875.000 -171.875 -15.625 781.250 -156.250 140.625
671.875 -257.812 -593.750 632.812 -796.875 390.625 796.875 -515.625 250.000 882.812 -296.875 23.438 890.625 -257.812 -132.812
671.875 -257.812 -593.750 632.812 -796.875 390.625 796.875 -515.625 250.000 882.812 -296.875 23.438 890.625 -257.812 -132.812
640.625 -328.125 -617.188 570.312 -812.500 382.812 773.438 -625.000 257.812 898.438 -437.500 -54.688 921.875 -234.375 -304.688
648.438 -218.750 -648.438 507.812 -796.875 398.438 757.812 -632.812 250.000 914.062 -437.500 -23.438 960.938 -281.250 -289.062
656.250 -171.875 -687.500 578.125 -867.188 359.375 796.875 -585.938 250.000 960.938 -367.188 23.438 976.562 -328.125 -179.688
656.250 -171.875 -687.500 578.125 -867.188 359.375 796.875 -585.938 250.000 960.938 -367.188 23.438 976.562 -328.125 -179.688
656.250 -171.875 -687.500 578.125 -867.188 359.375 796.875 -585.938 250.000 960.938 -367.188 23.438 976.562 -328.125 -179.688
671.875 -281.250 -796.875 429.688 -742.188 492.188 664.062 -632.812 429.688 1007.812 -375.000 85.938 968.750 -273.438 -54.688
679.688 -296.875 -843.750 390.625 -835.938 570.312 539.062 -656.250 414.062 1117.188 -304.688 85.938 960.938 -250.000 15.625
773.438 -335.938 -929.688 304.688 -710.938 585.938 539.062 -554.688 523.438 1078.125 -335.938 226.562 914.062 -359.375 93.750
914.062 -359.375 -1031.250 390.625 -781.250 617.188 664.062 -414.062 531.250 1046.875 -351.562 242.188 1000.000 -296.875 140.625
1062.500 -500.000 -1210.938 398.438 -585.938 625.000 781.250 -531.250 390.625 1046.875 -109.375 78.125 1023.438 -203.125 171.875
1195.312 -210.938 -1046.875 507.812 -734.375 609.375 843.750 -609.375 335.938 1054.688 62.500 46.875 1070.312 -85.938 210.938
2992.188 1695.312 -2437.500 3929.688 -1156.250 -1640.625 2062.500 1601.562 -1359.375 1648.438 687.500 -804.688 1000.000 -304.688 -281.250
2992.188 1695.312 -2437.500 3929.688 -1156.250 -1640.625 2062.500 1601.562 -1359.375 1648.438 687.500 -804.688 1000.000 -304.688 -281.250
-398.438 -820.312 -984.375 1539.062 -1765.625 -203.125 1828.125 429.688 -359.375 1210.938 914.062 1320.312 937.500 -921.875 921.875
-398.438 -820.312 -984.375 1539.062 -1765.625 -203.125 1828.125 429.688 -359.375 1210.938 914.062 1320.312 937.500 -921.875 921.875
1156.250 -3992.188 -375.000 257.812 -1140.625 218.750 1015.625 -750.000 -320.312 1218.750 -70.312 250.000 203.125 -31.250 1554.688
-140.625 -132.812 -250.000 -179.688 -953.125 1078.125 429.688 -937.500 757.812 757.812 -31.250 273.438 265.625 -125.000 750.000
812.500 -15.625 -335.938 851.562 -421.875 312.500 1054.688 -187.500 85.938 687.500 492.188 382.812 968.750 62.500 531.250
1039.062 -367.188 -367.188 1054.688 -296.875 46.875 1164.062 54.688 -125.000 968.750 648.438 250.000 1039.062 7.812 562.500
648.438 507.812 -187.500 835.938 -226.562 250.000 1046.875 -23.438 -117.188 1085.938 421.875 -93.750 757.812 -179.688 781.250
648.438 507.812 -187.500 835.938 -226.562 250.000 1046.875 -23.438 -117.188 1085.938 421.875 -93.750 757.812 -179.688 781.250
648.438 507.812 -187.500 835.938 -226.562 250.000 1046.875 -23.438 -117.188 1085.938 421.875 -93.750 757.812 -179.688 781.250
609.375 -703.125 -93.750 781.250 -585.938 390.625 960.938 -406.250 -15.625 976.562 171.875 132.812 718.750 -78.125 656.250
648.438 -929.688 -187.500 515.625 -726.562 601.562 796.875 -578.125 257.812 804.688 156.250 343.750 773.438 -250.000 406.250
992.188 -835.938 -273.438 648.438 -546.875 562.500 828.125 -515.625 281.250 835.938 289.062 421.875 757.812 -281.250 554.688
960.938 -398.438 -187.500 882.812 -406.250 359.375 953.125 -335.938 164.062 898.438 406.250 359.375 710.938 -218.750 812.500
851.562 -382.812 -148.438 898.438 -398.438 328.125 992.188 -304.688 117.188 921.875 421.875 351.562 695.312 -242.188 851.562
851.562 -406.250 -164.062 898.438 -429.688 328.125 1039.062 -281.250 70.312 945.312 406.250 304.688 679.688 -242.188 851.562
742.188 -429.688 -70.312 804.688 -445.312 351.562 898.438 -367.188 101.562 867.188 296.875 281.250 765.625 -218.750 585.938
742.188 -429.688 -70.312 804.688 -445.312 351.562 898.438 -367.188 101.562 867.188 296.875 281.250 765.625 -218.750 585.938
742.188 -429.688 -70.312 804.688 -445.312 351.562 898.438 -367.188 101.562 867.188 296.875 281.250 765.625 -218.750 585.938
835.938 -343.750 -85.938 609.375 -437.500 484.375 703.125 -382.812 335.938 718.750 382.812 484.375 726.562 -273.438 578.125
921.875 -445.312 -70.312 632.812 -476.562 593.750 835.938 -390.625 390.625 773.438 476.562 515.625 632.812 -242.188 882.812
921.875 -445.312 -70.312 632.812 -476.562 593.750 835.938 -390.625 390.625 773.438 476.562 515.625 632.812 -242.188 882.812
843.750 -476.562 -31.250 640.625 -445.312 617.188 828.125 -375.000 414.062 773.438 500.000 515.625 632.812 -250.000 890.625
820.312 -484.375 7.812 390.625 -265.625 726.562 460.938 -460.938 640.625 609.375 414.062 781.250 671.875 -257.812 921.875
585.938 -500.000 117.188 726.562 -546.875 578.125 765.625 -390.625 312.500 742.188 320.312 382.812 718.750 -187.500 812.500
585.938 -500.000 117.188 726.562 -546.875 578.125 765.625 -390.625 312.500 742.188 320.312 382.812 718.750 -187.500 812.500
585.938 -500.000 117.188 726.562 -546.875 578.125 765.625 -390.625 312.500 742.188 320.312 382.812 718.750 -187.500 812.500
617.188 -429.688 148.438 796.875 -390.625 570.312 679.688 -625.000 320.312 695.312 117.188 398.438 718.750 -179.688 742.188
890.625 -117.188 -93.750 609.375 -601.562 515.625 460.938 -968.750 -7.812 890.625 -398.438 15.625 773.438 -31.250 492.188
906.250 -796.875 -335.938 421.875 -1125.000 195.312 1585.938 -273.438 -750.000 1023.438 23.438 -515.625 960.938 31.250 78.125
906.250 -796.875 -335.938 421.875 -1125.000 195.312 1585.938 -273.438 -750.000 1023.438 23.438 -515.625 960.938 31.250 78.125
1140.625 -1312.500 -507.812 1054.688 -578.125 70.312 1109.375 101.562 -296.875 898.438 257.812 -203.125 843.750 -46.875 460.938
1140.625 -1312.500 -507.812 1054.688 -578.125 70.312 1109.375 101.562 -296.875 898.438 257.812 -203.125 843.750 -46.875 460.938
906.250 -85.938 -289.062 1062.500 -54.688 15.625 1250.000 164.062 -273.438 1125.000 656.250 -101.562 867.188 242.188 1062.500
835.938 85.938 -203.125 1023.438 23.438 23.438 1101.562 257.812 -304.688 992.188 515.625 -156.250 742.188 226.562 1085.938
710.938 -156.250 -70.312 1023.438 -62.500 0.000 960.938 101.562 -304.688 960.938 382.812 -164.062 804.688 -54.688 687.500
710.938 -156.250 -70.312 1023.438 -62.500 0.000 960.938 101.562 -304.688 960.938 382.812 -164.062 804.688 -54.688 687.500
750.000 -593.750 -93.750 875.000 -460.938 156.250 960.938 -218.750 -171.875 937.500 -23.438 -109.375 890.625 -101.562 328.125
835.938 -765.625 -117.188 882.812 -664.062 164.062 1015.625 -343.750 -148.438 960.938 -15.625 -7.812 867.188 -226.562 320.312
835.938 -765.625 -117.188 882.812 -664.062 164.062 1015.625 -343.750 -148.438 960.938 -15.625 -7.812 867.188 -226.562 320.312
890.625 -695.312 -132.812 929.688 -593.750 132.812 992.188 -242.188 -132.812 921.875 70.312 31.250 796.875 -218.750 468.750
906.250 -476.562 -132.812 921.875 -390.625 109.375 976.562 -117.188 -148.438 960.938 234.375 -31.250 804.688 -132.812 617.188
914.062 -421.875 -140.625 921.875 -351.562 140.625 1007.812 -70.312 -140.625 968.750 257.812 -46.875 789.062 -109.375 640.625
921.875 -375.000 -148.438 882.812 -296.875 156.250 976.562 -7.812 -148.438 945.312 335.938 -62.500 796.875 -93.750 664.062
859.375 -429.688 -132.812 921.875 -296.875 148.438 1023.438 -7.812 -164.062 984.375 367.188 -93.750 804.688 -70.312 679.688
859.375 -429.688 -132.812 921.875 -296.875 148.438 1023.438 -7.812 -164.062 984.375 367.188 -93.750 804.688 -70.312 679.688
757.812 -476.562 -62.500 898.438 -343.750 171.875 929.688 -46.875 -101.562 937.500 328.125 -70.312 812.500 -62.500 640.625
796.875 -546.875 -78.125 835.938 -375.000 234.375 960.938 -46.875 -70.312 929.688 367.188 -39.062 781.250 -62.500 671.875
804.688 -546.875 -85.938 890.625 -375.000 210.938 1015.625 -46.875 -101.562 945.312 359.375 -54.688 781.250 -62.500 679.688
781.250 -539.062 -54.688 929.688 -406.250 171.875 1078.125 -85.938 -148.438 976.562 351.562 -54.688 796.875 -93.750 656.250
781.250 -539.062 -54.688 929.688 -406.250 171.875 1078.125 -85.938 -148.438 976.562 351.562 -54.688 796.875 -93.750 656.250
757.812 -695.312 -78.125 812.500 -242.188 187.500 1148.438 -234.375 -31.250 945.312 421.875 -39.062 726.562 -164.062 718.750
718.750 -742.188 -93.750 929.688 -515.625 179.688 1210.938 -156.250 -218.750 992.188 304.688 -101.562 820.312 -148.438 585.938
718.750 -742.188 -93.750 929.688 -515.625 179.688 1210.938 -156.250 -218.750 992.188 304.688 -101.562 820.312 -148.438 585.938
718.750 -742.188 -93.750 929.688 -515.625 179.688 1210.938 -156.250 -218.750 992.188 304.688 -101.562 820.312 -148.438 585.938
773.438 -765.625 -148.438 875.000 -609.375 171.875 1187.500 -265.625 -265.625 1062.500 101.562 -179.688 875.000 -70.312 468.750
843.750 -695.312 -234.375 679.688 -687.500 359.375 992.188 -390.625 85.938 1140.625 -93.750 -132.812 921.875 -46.875 406.250
937.500 -710.938 -304.688 843.750 -335.938 289.062 703.125 -187.500 281.250 757.812 210.938 109.375 921.875 0.000 335.938
992.188 -601.562 -328.125 898.438 -351.562 265.625 734.375 -7.812 320.312 835.938 312.500 250.000 921.875 -23.438 382.812
1164.062 -23.438 -507.812 898.438 -273.438 343.750 937.500 -31.250 343.750 890.625 351.562 242.188 820.312 -78.125 562.500
1515.625 367.188 -656.250 867.188 -140.625 328.125 906.250 54.688 242.188 835.938 453.125 156.250 671.875 -85.938 828.125
1585.938 289.062 -742.188 656.250 -335.938 70.312 937.500 62.500 187.500 867.188 515.625 140.625 648.438 -85.938 906.250
1085.938 93.750 -414.062 1085.938 -109.375 7.812 1046.875 132.812 164.062 921.875 562.500 187.500 664.062 -109.375 960.938
1085.938 93.750 -414.062 1085.938 -109.375 7.812 1046.875 132.812 164.062 921.875 562.500 187.500 664.062 -109.375 960.938
507.812 -820.312 70.312 1000.000 -421.875 54.688 679.688 62.500 453.125 687.500 304.688 593.750 726.562 -218.750 609.375
843.750 -984.375 -15.625 898.438 -523.438 351.562 828.125 -140.625 523.438 843.750 132.812 421.875 750.000 -281.250 468.750
843.750 -984.375 -15.625 898.438 -523.438 351.562 828.125 -140.625 523.438 843.750 132.812 421.875 750.000 -281.250 468.750
1273.438 -429.688 -250.000 742.188 -132.812 468.750 671.875 289.062 742.188 820.312 218.750 546.875 773.438 -148.438 585.938
1273.438 -429.688 -250.000 742.188 -132.812 468.750 671.875 289.062 742.188 820.312 218.750 546.875 773.438 -148.438 585.938
1140.625 -382.812 -179.688 757.812 70.312 468.750 539.062 210.938 742.188 765.625 375.000 601.562 773.438 -93.750 718.750
914.062 -109.375 -54.688 937.500 -148.438 257.812 1132.812 39.062 132.812 984.375 679.688 164.062 679.688 -187.500 906.250
765.625 -468.750 101.562 929.688 -273.438 148.438 992.188 -265.625 -132.812 1000.000 664.062 15.625 617.188 -515.625 664.062
765.625 -468.750 101.562 929.688 -273.438 148.438 992.188 -265.625 -132.812 1000.000 664.062 15.625 617.188 -515.625 664.062
312.500 -312.500 226.562 1070.312 -304.688 7.812 1156.250 -78.125 -23.438 742.188 257.812 210.938 1078.125 -203.125 335.938
773.438 -601.562 0.000 968.750 -382.812 15.625 1265.625 -265.625 -148.438 656.250 382.812 257.812 968.750 -453.125 93.750
804.688 -632.812 -62.500 937.500 -453.125 101.562 1195.312 -15.625 109.375 851.562 398.438 132.812 546.875 -226.562 539.062
781.250 -640.625 31.250 828.125 -468.750 140.625 1148.438 39.062 148.438 593.750 726.562 484.375 250.000 -281.250 882.812
671.875 -656.250 7.812 804.688 -296.875 171.875 921.875 -23.438 156.250 601.562 718.750 570.312 117.188 -328.125 1054.688
929.688 -484.375 -140.625 460.938 -390.625 492.188 937.500 -210.938 406.250 750.000 757.812 585.938 -195.312 -156.250 1476.562
718.750 -898.438 0.000 929.688 -460.938 148.438 835.938 148.438 414.062 359.375 773.438 617.188 -101.562 31.250 1476.562
718.750 -898.438 0.000 929.688 -460.938 148.438 835.938 148.438 414.062 359.375 773.438 617.188 -101.562 31.250 1476.562
773.438 -679.688 -7.812 796.875 -593.750 312.500 953.125 -234.375 304.688 757.812 500.000 351.562 312.500 -156.250 953.125
835.938 -539.062 0.000 992.188 -523.438 125.000 1000.000 -273.438 250.000 781.250 523.438 398.438 367.188 -242.188 898.438
835.938 -539.062 0.000 992.188 -523.438 125.000 1000.000 -273.438 250.000 781.250 523.438 398.438 367.188 -242.188 898.438
882.812 -445.312 -23.438 960.938 -492.188 179.688 953.125 -242.188 320.312 648.438 507.812 453.125 312.500 -171.875 960.938
914.062 -515.625 -39.062 945.312 -507.812 210.938 953.125 -203.125 335.938 679.688 562.500 492.188 289.062 -203.125 984.375
890.625 -640.625 -54.688 867.188 -484.375 320.312 937.500 -148.438 390.625 625.000 664.062 515.625 265.625 -140.625 1015.625
882.812 -656.250 -70.312 835.938 -460.938 343.750 914.062 -109.375 414.062 593.750 679.688 492.188 234.375 -164.062 1039.062
867.188 -609.375 -46.875 812.500 -453.125 375.000 882.812 -132.812 453.125 578.125 664.062 500.000 187.500 -164.062 1062.500
859.375 -632.812 -54.688 820.312 -453.125 351.562 898.438 -101.562 437.500 562.500 671.875 515.625 171.875 -140.625 1062.500
859.375 -632.812 -54.688 820.312 -453.125 351.562 898.438 -101.562 437.500 562.500 671.875 515.625 171.875 -140.625 1062.500
828.125 -617.188 -46.875 859.375 -453.125 328.125 937.500 -125.000 382.812 609.375 640.625 460.938 226.562 -125.000 1039.062
796.875 -632.812 -46.875 945.312 -484.375 234.375 1031.250 -187.500 257.812 656.250 554.688 390.625 179.688 -140.625 960.938
796.875 -632.812 -46.875 945.312 -484.375 234.375 1031.250 -187.500 257.812 656.250 554.688 390.625 179.688 -140.625 960.938
718.750 -664.062 70.312 968.750 -617.188 203.125 1007.812 -265.625 265.625 671.875 539.062 531.250 218.750 -250.000 914.062
570.312 -718.750 242.188 812.500 -625.000 351.562 820.312 -265.625 554.688 515.625 578.125 750.000 234.375 -414.062 890.625
617.188 -695.312 164.062 726.562 -531.250 453.125 812.500 -359.375 656.250 484.375 507.812 726.562 85.938 -257.812 976.562
757.812 -1359.375 -187.500 757.812 -375.000 203.125 1695.312 187.500 398.438 437.500 382.812 546.875 304.688 -85.938 890.625
757.812 -1359.375 -187.500 757.812 -375.000 203.125 1695.312 187.500 398.438 437.500 382.812 546.875 304.688 -85.938 890.625
757.812 -1359.375 -187.500 757.812 -375.000 203.125 1695.312 187.500 398.438 437.500 382.812 546.875 304.688 -85.938 890.625
757.812 -1359.375 -187.500 757.812 -375.000 203.125 1695.312 187.500 398.438 437.500 382.812 546.875 304.688 -85.938 890.625
726.562 -335.938 -203.125 718.750 -328.125 390.625 1109.375 -62.500 210.938 718.750 593.750 390.625 226.562 -179.688 898.438
875.000 -218.750 -359.375 773.438 -484.375 304.688 1601.562 171.875 -367.188 375.000 898.438 117.188 203.125 -31.250 929.688
1718.750 -125.000 -671.875 1023.438 187.500 148.438 -703.125 804.688 820.312 617.188 375.000 507.812 359.375 398.438 1015.625
1718.750 -125.000 -671.875 1023.438 187.500 148.438 -703.125 804.688 820.312 617.188 375.000 507.812 359.375 398.438 1015.625
664.062 7.812 -15.625 773.438 -15.625 429.688 0.000 921.875 1531.250 15.625 125.000 1296.875 -109.375 -304.688 773.438
664.062 7.812 -15.625 773.438 -15.625 429.688 0.000 921.875 1531.250 15.625 125.000 1296.875 -109.375 -304.688 773.438
507.812 -1140.625 -117.188 906.250 -242.188 515.625 960.938 476.562 734.375 515.625 984.375 1109.375 7.812 -1085.938 1046.875
507.812 -1140.625 -117.188 906.250 -242.188 515.625 960.938 476.562 734.375 515.625 984.375 1109.375 7.812 -1085.938 1046.875
937.500 -93.750 -109.375 1078.125 -132.812 164.062 734.375 351.562 671.875 484.375 648.438 796.875 15.625 -375.000 1125.000
937.500 -93.750 -109.375 1078.125 -132.812 164.062 734.375 351.562 671.875 484.375 648.438 796.875 15.625 -375.000 1125.000
914.062 -257.812 -171.875 1015.625 -226.562 218.750 601.562 320.312 750.000 359.375 484.375 828.125 -93.750 -351.562 953.125
898.438 -406.250 -156.250 953.125 -351.562 257.812 671.875 257.812 734.375 359.375 507.812 789.062 -78.125 -312.500 984.375
890.625 -500.000 -156.250 914.062 -375.000 304.688 625.000 226.562 718.750 359.375 500.000 750.000 -23.438 -289.062 968.750
820.312 -539.062 -140.625 875.000 -351.562 320.312 625.000 242.188 687.500 460.938 460.938 687.500 93.750 -265.625 898.438
820.312 -453.125 -117.188 820.312 -226.562 320.312 593.750 312.500 625.000 445.312 515.625 656.250 93.750 -234.375 921.875
781.250 -382.812 -109.375 835.938 -203.125 289.062 625.000 320.312 617.188 406.250 546.875 664.062 7.812 -195.312 984.375
781.250 -382.812 -109.375 835.938 -203.125 289.062 625.000 320.312 617.188 406.250 546.875 664.062 7.812 -195.312 984.375
867.188 -359.375 -132.812 898.438 -218.750 250.000 679.688 304.688 617.188 421.875 531.250 687.500 23.438 -250.000 968.750
843.750 -414.062 -125.000 921.875 -265.625 265.625 695.312 281.250 632.812 460.938 515.625 687.500 78.125 -242.188 960.938
851.562 -453.125 -132.812 937.500 -257.812 289.062 671.875 289.062 648.438 460.938 531.250 687.500 93.750 -242.188 960.938
859.375 -445.312 -148.438 937.500 -265.625 304.688 664.062 296.875 664.062 445.312 523.438 695.312 70.312 -242.188 976.562
890.625 -398.438 -156.250 914.062 -257.812 335.938 648.438 312.500 679.688 414.062 539.062 710.938 39.062 -210.938 992.188
875.000 -414.062 -156.250 914.062 -257.812 343.750 648.438 328.125 679.688 414.062 546.875 718.750 39.062 -218.750 984.375
835.938 -492.188 -125.000 914.062 -242.188 375.000 632.812 359.375 679.688 382.812 578.125 718.750 7.812 -195.312 1000.000
828.125 -500.000 -125.000 890.625 -218.750 382.812 632.812 375.000 671.875 359.375 609.375 710.938 -7.812 -179.688 1007.812
828.125 -500.000 -125.000 890.625 -218.750 382.812 632.812 375.000 671.875 359.375 609.375 710.938 -7.812 -179.688 1007.812
812.500 -515.625 -125.000 898.438 -218.750 382.812 640.625 375.000 664.062 359.375 609.375 703.125 -7.812 -171.875 1007.812
765.625 -546.875 -101.562 921.875 -195.312 343.750 671.875 382.812 632.812 367.188 625.000 695.312 0.000 -164.062 1000.000
742.188 -562.500 -93.750 929.688 -187.500 328.125 664.062 390.625 625.000 375.000 617.188 679.688 7.812 -164.062 1007.812
695.312 -578.125 -70.312 953.125 -195.312 281.250 703.125 359.375 609.375 398.438 609.375 664.062 31.250 -164.062 992.188
695.312 -578.125 -70.312 953.125 -195.312 281.250 703.125 359.375 609.375 398.438 609.375 664.062 31.250 -164.062 992.188
648.438 -601.562 -23.438 812.500 -203.125 421.875 578.125 382.812 695.312 398.438 585.938 695.312 70.312 -218.750 976.562
601.562 -593.750 -15.625 750.000 -171.875 460.938 476.562 398.438 734.375 335.938 554.688 710.938 62.500 -179.688 984.375
671.875 -382.812 -54.688 750.000 -171.875 476.562 617.188 492.188 781.250 437.500 578.125 718.750 54.688 -179.688 992.188
671.875 -382.812 -54.688 750.000 -171.875 476.562 617.188 492.188 781.250 437.500 578.125 718.750 54.688 -179.688 992.188
632.812 -734.375 -187.500 718.750 -234.375 507.812 593.750 382.812 632.812 304.688 656.250 695.312 7.812 -164.062 1007.812
734.375 -703.125 -281.250 757.812 -226.562 507.812 585.938 421.875 664.062 273.438 679.688 703.125 -85.938 -125.000 1062.500
757.812 -617.188 -312.500 773.438 -218.750 492.188 562.500 390.625 679.688 289.062 640.625 679.688 -78.125 -117.188 1031.250
757.812 -585.938 -320.312 781.250 -226.562 500.000 570.312 375.000 671.875 304.688 632.812 671.875 -70.312 -109.375 1007.812
750.000 -531.250 -343.750 882.812 -257.812 414.062 625.000 320.312 656.250 328.125 578.125 664.062 -46.875 -148.438 945.312
750.000 -554.688 -343.750 843.750 -304.688 429.688 609.375 257.812 687.500 335.938 539.062 687.500 -62.500 -210.938 921.875
750.000 -554.688 -343.750 843.750 -304.688 429.688 609.375 257.812 687.500 335.938 539.062 687.500 -62.500 -210.938 921.875
750.000 -554.688 -343.750 843.750 -304.688 429.688 609.375 257.812 687.500 335.938 539.062 687.500 -62.500 -210.938 921.875
750.000 -554.688 -343.750 843.750 -304.688 429.688 609.375 257.812 687.500 335.938 539.062 687.500 -62.500 -210.938 921.875
726.562 -578.125 -351.562 726.562 -335.938 468.750 546.875 203.125 710.938 304.688 492.188 710.938 -101.562 -273.438 898.438
726.562 -593.750 -382.812 632.812 -382.812 531.250 492.188 156.250 757.812 289.062 445.312 742.188 -125.000 -296.875 859.375
726.562 -593.750 -382.812 632.812 -382.812 531.250 492.188 156.250 757.812 289.062 445.312 742.188 -125.000 -296.875 859.375
695.312 -585.938 -398.438 546.875 -453.125 578.125 453.125 109.375 804.688 250.000 437.500 773.438 -179.688 -312.500 859.375
687.500 -585.938 -406.250 515.625 -468.750 601.562 437.500 101.562 804.688 242.188 437.500 773.438 -195.312 -304.688 859.375
664.062 -585.938 -414.062 484.375 -507.812 640.625 421.875 78.125 812.500 226.562 445.312 765.625 -218.750 -312.500 859.375
601.562 -640.625 -437.500 414.062 -523.438 671.875 367.188 62.500 851.562 187.500 437.500 796.875 -257.812 -312.500 859.375
601.562 -640.625 -437.500 414.062 -523.438 671.875 367.188 62.500 851.562 187.500 437.500 796.875 -257.812 -312.500 859.375
593.750 -656.250 -429.688 421.875 -515.625 679.688 351.562 62.500 851.562 164.062 445.312 804.688 -273.438 -312.500 859.375
593.750 -656.250 -429.688 421.875 -515.625 679.688 351.562 62.500 851.562 164.062 445.312 804.688 -273.438 -312.500 859.375
554.688 -703.125 -437.500 375.000 -531.250 703.125 281.250 70.312 898.438 117.188 429.688 843.750 -320.312 -320.312 859.375
523.438 -781.250 -445.312 304.688 -539.062 742.188 203.125 101.562 953.125 54.688 429.688 890.625 -375.000 -335.938 875.000
523.438 -796.875 -445.312 289.062 -554.688 757.812 203.125 85.938 960.938 39.062 437.500 898.438 -390.625 -335.938 875.000
445.312 -859.375 -460.938 85.938 -500.000 921.875 62.500 195.312 1062.500 -78.125 539.062 953.125 -507.812 -257.812 968.750
445.312 -859.375 -460.938 85.938 -500.000 921.875 62.500 195.312 1062.500 -78.125 539.062 953.125 -507.812 -257.812 968.750
445.312 -859.375 -460.938 85.938 -500.000 921.875 62.500 195.312 1062.500 -78.125 539.062 953.125 -507.812 -257.812 968.750
437.500 -890.625 -453.125 78.125 -500.000 937.500 46.875 187.500 1085.938 -85.938 539.062 960.938 -515.625 -257.812 976.562
437.500 -890.625 -453.125 78.125 -500.000 937.500 46.875 187.500 1085.938 -85.938 539.062 960.938 -515.625 -257.812 976.562
414.062 -953.125 -460.938 46.875 -531.250 992.188 31.250 187.500 1101.562 -101.562 539.062 960.938 -523.438 -257.812 968.750
343.750 -1031.250 -453.125 85.938 -562.500 945.312 54.688 171.875 1085.938 -117.188 546.875 976.562 -578.125 -273.438 945.312
343.750 -1031.250 -453.125 85.938 -562.500 945.312 54.688 171.875 1085.938 -117.188 546.875 976.562 -578.125 -273.438 945.312
304.688 -1000.000 -437.500 101.562 -554.688 898.438 54.688 156.250 1046.875 -93.750 507.812 937.500 -531.250 -273.438 890.625
304.688 -1000.000 -437.500 101.562 -554.688 898.438 54.688 156.250 1046.875 -93.750 507.812 937.500 -531.250 -273.438 890.625
304.688 -1000.000 -437.500 101.562 -554.688 898.438 54.688 156.250 1046.875 -93.750 507.812 937.500 -531.250 -273.438 890.625
296.875 -968.750 -429.688 109.375 -546.875 890.625 70.312 148.438 1031.250 -85.938 500.000 914.062 -523.438 -265.625 890.625
